7
35
5
50
19
9
31
1
37
14
44
5
52
23
17
5
31
38
22
23
47
40
42
31
13
37
42
32
17
27
6
32
52
27
15
42
44
34
18
33
21
39
39
40
38
25
20
7
50
33
41
21
28
11
30
20
27
41
16
21
29
27
4
22
7
18
34
37
26
27
29
28
25
30
36
35
9
45
33
4
40
36
33
14
20
32
16
40
5
8
33
6
12
21
33
6
12
21
28
21
19
4
34
30
9
30
48
24
8
18
36
42
1
22
35
28
29
20
58
35
36
5
43
25
20
7
27
29
37
17
2
24
20
18
29
3
21
23
27
25
20
46
24
22
28
46
18
34
4
11
33
29
2
32
7
31
28
24
67
30
25
6
5
16
28
34
39
9
45
21
38
3
35
3
26
5
15
6
27
34
17
29
13
24
42
39
39
25
50
38
20
4
38
2
23
24
36
24
26
30
27
24
9
5
32
34
14
4
39
31
23
15
11
33
5
16
26
4
6
4
33
50
42
37
23
35
30
5
29
52
22
4
11
18
13
32
20
0
26
39
8
42
47
29
9
27
47
32
14
38
11
0
2
25
34
54
2
27
29
11
34
49
24
29
16
15
29
20
32
20
35
25
37
19
16
13
15
10
36
34
32
28
58
28
10
11
31
1
13
7
22
27
31
4
28
24
7
30
2
7
30
41
16
6
10
54
2
29
15
9
26
36
10
41
11
38
5
4
7
7
25
3
11
17
11
38
6
6
31
6
6
20
3
14
9
20
5
3
34
5
7
14
19
31
28
30
32
16
26
30
24
20
28
28
11
32
15
6
22
25
19
13
8
4
15
20
5
19
6
19
21
2
28
34
19
30
2
5
15
16
21
2
18
12
4
22
16
29
29
28
23
3
28
25
24
25
32
1
34
23
29
5
22
19
40
26
25
2
31
13
17
19
2
43
19
19
23
2
3
26
31
12
21
29
34
31
5
14
3
22
17
19
28
2
12
13
11
18
34
45
8
8
7
11
40
28
18
19
25
29
9
19
4
14
26
19
16
5
36
27
32
5
4
23
22
34
28
4
29
25
36
10
4
3
38
33
45
4
12
13
20
26
2
14
31
11
20
35
22
33
33
21
4
8
61
21
31
3
28
17
12
26
24
14
23
6
29
5
24
1
7
47
3
14
23
8
34
2
17
24
21
6
24
25
52
3
33
22
28
26
28
26
4
39
36
9
37
25
24
12
14
6
21
8
31
25
35
18
30
5
28
1
29
40
54
28
15
26
37
6
17
31
27
14
20
35
52
18
22
33
10
14
22
42
44
23
22
6
30
37
33
5
21
35
38
5
2
18
32
5
24
25
2
5
2
3
17
29
4
15
22
36
4
24
11
41
2
32
39
18
17
17
2
18
23
16
19
11
4
16
29
15
6
22
2
20
3
37
15
24
18
8
21
62
3
28
36
33
6
30
20
26
22
37
23
8
23
5
5
29
44
13
27
5
19
27
24
33
2
20
27
32
13
20
2
22
2
25
11
37
4
14
6
39
47
19
23
7
29
15
4
17
31
53
6
21
11
21
5
9
29
30
15
4
9
19
9
1
25
17
18
24
4
42
49
38
2
20
4
41
4
6
59
18
1
36
27
33
15
26
38
25
20
36
7
33
2
21
18
30
25
30
31
11
4
14
2
18
8
26
2
14
4
22
25
16
20
6
18
27
3
33
43
50
18
32
27
5
11
37
28
2
9
18
35
17
15
14
27
24
10
2
7
30
49
11
35
32
20
25
13
4
18
4
10
29
43
33
2
4
22
24
11
13
23
24
23
3
22
5
23
17
4
16
20
21
30
11
6
1
22
31
23
47
2
21
2
13
4
2
16
5
14
4
22
25
29
28
4
18
47
4
5
27
17
6
17
55
27
6
31
53
29
29
45
48
52
4
22
2
16
7
12
27
18
27
31
5
34
46
35
5
22
10
48
47
34
46
1
24
23
23
26
31
12
9
25
53
2
28
14
8
5
22
2
27
43
12
37
7
36
27
39
4
21
25
31
29
32
13
19
7
60
44
10
14
14
31
30
32
5
33
2
10
7
12
20
4
15
32
26
6
4
37
14
38
9
30
31
17
8
10
26
25
2
23
28
36
27
18
8
22
2
2
17
12
21
0
22
1
32
2
11
32
34
26
7
7
5
22
20
14
30
4
13
28
37
32
4
9
43
28
14
10
1
27
14
7
44
34
32
19
41
33
14
14
13
34
40
2
1
27
36
1
11
44
14
3
30
32
24
5
16
3
32
14
12
21
43
66
32
29
22
20
41
7
21
4
29
27
20
37
18
35
13
30
26
27
5
29
8
27
22
0
30
4
27
27
1
31
55
12
20
28
2
29
11
6
5
47
38
37
25
8
9
15
24
10
1
24
8
11
27
26
48
26
27
19
24
32
25
29
29
23
25
11
25
24
4
23
4
3
25
9
27
6
2
26
4
24
2
38
0
17
11
8
3
23
9
22
4
25
14
46
4
21
4
31
4
24
20
5
19
19
30
18
10
26
16
9
58
31
23
40
20
36
4
34
47
56
4
35
6
4
36
47
39
5
43
30
23
9
56
53
20
20
4
18
5
32
18
2
47
4
38
26
31
29
15
37
34
3
26
27
24
5
32
26
11
33
23
2
18
29
44
5
24
29
31
34
10
23
25
2
23
2
30
4
18
29
34
2
40
30
18
12
2
30
22
42
5
19
37
17
13
25
2
30
20
23
1
14
8
10
35
25
32
29
26
4
14
9
13
1
33
28
38
27
1
31
8
23
22
25
22
9
18
17
8
26
18
28
33
16
17
21
2
26
3
14
38
25
2
15
25
40
44
30
17
19
18
3
13
2
36
1
7
4
1
14
17
6
14
29
37
19
26
17
12
5
29
17
7
24
26
16
26
31
18
12
20
2
1
24
40
29
2
5
32
34
2
33
25
5
5
1
33
30
9
36
48
48
16
4
13
2
21
1
32
16
14
41
31
2
14
25
12
5
29
24
12
34
34
31
17
2
18
5
10
1
40
4
16
12
55
37
25
18
38
29
6
3
30
21
31
5
11
34
10
14
29
17
30
26
17
24
13
0
34
35
40
2
17
27
29
2
21
14
16
2
13
4
30
27
7
24
34
23
24
5
42
15
30
21
30
21
14
17
35
32
23
12
37
32
20
15
16
2
21
0
36
4
4
22
5
17
23
12
13
29
26
7
15
25
34
12
25
23
26
9
7
6
2
30
35
20
27
24
17
5
