23
0
12
12
0
0
19
31
24
0
23
16
0
13
16
21
13
0
20
23
28
0
17
22
24
0
11
2
27
0
0
12
11
21
0
25
27
0
27
20
16
28
0
17
18
2
18
16
23
15
2
23
14
0
10
1
23
17
2
27
0
7
25
13
18
0
20
26
0
0
20
20
0
43
15
23
1
9
17
12
31
0
33
32
0
14
28
22
0
31
7
21
0
18
23
21
15
27
21
16
0
10
17
40
0
5
28
2
31
23
14
18
1
18
20
21
12
25
0
2
28
28
3
1
20
0
29
0
13
18
0
0
31
19
0
19
26
14
0
25
18
15
0
14
18
0
17
23
16
0
1
3
31
0
24
13
16
0
14
12
1
10
0
14
34
0
25
18
20
51
0
0
2
11
0
22
34
15
1
3
14
13
0
17
0
0
20
0
14
33
0
26
17
26
2
0
20
0
0
33
24
0
29
12
3
22
23
0
0
23
32
25
25
43
3
0
25
31
0
18
23
0
0
18
25
15
0
0
24
0
36
11
31
0
20
1
18
1
0
0
10
0
0
20
6
0
0
15
24
17
12
28
24
0
0
0
0
0
0
0
17
0
0
30
17
0
0
0
0
0
0
5
0
19
0
3
0
21
0
0
20
4
16
2
19
0
16
27
21
0
0
18
28
0
35
12
0
1
22
0
0
0
0
0
21
35
30
21
0
27
12
22
21
19
0
0
22
24
22
0
0
10
43
0
9
16
24
0
0
0
0
0
0
0
0
0
0
0
0
0
17
18
0
22
30
0
20
1
0
0
42
13
22
20
33
24
0
18
30
0
26
26
23
0
0
21
20
0
18
22
29
18
0
16
16
23
0
0
0
0
0
0
0
0
0
0
0
0
25
20
21
16
2
24
23
0
36
31
25
0
17
24
0
18
32
19
0
23
0
5
30
16
36
0
0
0
0
0
0
0
0
0
0
10
17
26
0
0
0
32
32
0
1
0
0
20
0
0
0
0
0
0
0
0
2
0
0
3
0
47
46
8
17
21
28
0
0
31
19
0
26
30
0
19
49
38
22
15
28
39
0
0
27
26
17
14
17
19
24
18
27
0
30
0
27
30
20
17
0
3
2
19
0
0
24
33
0
0
0
17
0
0
0
0
0
0
0
16
20
0
17
21
23
43
17
26
32
0
0
11
19
18
28
0
5
32
33
35
19
0
0
0
0
0
0
0
0
0
0
0
0
0
0
3
0
0
0
0
0
0
0
0
0
0
0
0
40
22
38
0
45
27
0
21
0
0
0
26
31
0
28
29
35
41
0
0
0
0
0
12
22
32
37
8
27
30
13
34
19
0
0
56
17
0
14
29
51
21
21
23
0
0
0
5
25
30
35
26
27
21
0
34
0
0
0
47
0
20
27
31
14
27
32
0
79
0
0
0
24
35
23
27
23
26
47
34
61
22
0
3
14
37
30
26
14
0
0
22
25
30
0
2
18
0
0
50
25
25
52
0
0
0
9
0
35
26
7
46
35
29
19
0
19
21
0
12
3
35
37
52
14
40
0
0
0
0
0
33
15
26
42
78
26
33
25
19
0
0
0
0
20
29
26
19
40
32
13
0
0
0
0
35
35
41
29
0
48
35
0
0
0
0
0
17
1
22
68
34
29
0
0
0
0
0
0
40
22
22
62
0
51
24
22
0
32
0
0
28
27
36
17
38
28
26
22
23
0
0
0
34
0
37
19
25
0
24
24
3
0
27
0
23
3
50
36
29
20
24
19
0
51
0
0
3
20
21
0
23
29
17
16
30
41
0
0
46
19
23
49
30
22
2
15
25
29
0
0
1
28
22
40
53
82
5
30
8
0
0
0
25
1
20
32
3
26
22
22
22
0
0
5
0
30
3
10
29
46
0
43
31
0
0
0
43
48
24
55
26
32
29
0
0
0
0
0
19
20
76
43
58
0
0
0
0
0
0
23
24
31
51
23
36
0
78
5
0
0
0
0
25
33
33
39
31
37
34
0
0
0
0
0
28
34
7
21
2
66
35
0
0
0
0
0
0
0
0
0
0
0
0
0
0
0
0
0
38
39
23
22
23
32
35
54
0
0
0
0
37
56
16
35
46
33
0
0
0
0
0
0
44
34
76
13
28
34
29
0
0
0
0
0
34
31
43
0
62
29
21
0
0
0
0
0
27
14
0
12
33
6
32
23
44
0
0
0
37
27
41
34
38
33
17
22
0
0
0
0
29
43
24
23
28
41
13
22
20
0
0
0
7
0
8
48
24
0
30
7
27
18
33
25
0
0
0
0
0
0
0
0
0
0
0
0
31
3
49
38
22
27
55
17
15
0
0
0
26
0
17
26
16
0
0
45
18
32
37
0
23
20
21
1
20
41
29
3
23
50
0
0
15
21
24
14
11
17
29
0
26
31
0
0
21
40
34
29
36
36
37
0
0
0
0
0
35
24
20
0
28
39
18
0
15
0
0
0
30
19
0
18
20
0
21
38
48
0
0
0
15
20
25
31
30
31
24
30
26
0
0
0
22
27
14
24
50
64
28
35
27
0
0
0
27
37
1
58
0
37
35
0
0
0
0
0
21
27
28
37
39
0
0
25
0
0
0
0
27
20
0
1
28
19
0
0
16
0
35
0
29
28
0
19
17
0
19
0
15
0
28
47
0
0
0
0
0
0
0
0
0
2
0
2
25
22
0
0
25
0
0
24
42
32
0
0
29
26
0
22
36
13
13
0
19
32
0
40
0
0
0
0
0
0
0
0
0
0
0
25
0
2
0
18
14
0
4
14
22
0
24
0
25
0
23
21
0
0
20
22
0
38
0
1
19
0
16
22
26
0
15
15
20
0
26
0
20
0
1
15
25
25
0
0
24
0
44
8
33
30
0
22
24
0
0
3
19
0
55
0
13
29
0
49
29
21
0
0
9
21
0
0
34
21
18
0
21
29
20
0
0
51
0
0
0
22
26
19
25
33
26
13
22
0
0
2
21
26
27
25
26
28
29
18
49
45
0
0
40
34
19
30
58
17
20
16
3
22
26
0
27
26
0
2
36
0
31
32
20
23
0
22
22
0
17
24
35
49
21
21
36
9
41
1
24
0
6
34
6
22
23
3
18
69
0
0
19
38
8
27
41
33
21
68
36
0
0
0
18
25
33
23
21
7
26
20
38
0
0
0
36
29
28
3
20
33
23
39
36
0
0
0
38
42
50
31
15
37
18
0
0
0
0
0
22
19
25
18
7
4
0
20
3
