0
2
2
15
6
0
0
2
0
0
0
0
2
0
2
2
0
11
0
2
0
0
0
2
0
2
2
4
2
2
0
2
2
2
2
0
0
4
0
0
0
0
0
0
0
0
2
4
2
4
0
0
0
4
2
0
0
0
0
0
6
0
2
4
0
0
2
11
0
4
8
4
2
0
2
0
0
0
2
2
0
4
2
0
0
2
0
0
0
2
2
0
0
0
0
0
0
0
2
0
2
0
2
0
0
0
0
2
0
0
0
0
0
0
0
0
2
2
2
0
0
0
0
0
0
2
4
0
0
0
0
2
2
0
0
0
0
13
2
13
2
2
0
2
2
2
0
0
0
0
2
2
0
4
2
4
0
4
4
4
6
7
8
5
2
2
5
3
6
4
0
0
0
2
2
2
2
7
2
8
15
2
4
0
6
2
0
0
3
2
6
16
0
6
2
2
4
4
4
2
0
0
4
2
0
4
2
2
1
4
0
2
13
0
4
0
7
2
4
0
2
2
4
2
0
4
2
2
2
0
4
0
11
2
0
0
2
2
0
7
0
2
2
2
2
2
4
2
2
6
4
16
2
6
0
4
2
5
0
2
0
0
0
0
0
2
15
0
10
0
0
4
2
0
2
2
6
4
2
2
4
2
4
4
0
4
0
4
2
4
0
0
2
0
0
4
0
2
4
4
4
2
2
0
13
4
0
2
0
0
2
6
2
2
0
0
4
2
0
0
4
2
0
0
4
0
2
0
0
4
3
4
0
0
0
0
0
4
2
2
8
0
0
2
4
0
0
2
0
0
4
2
2
0
2
0
0
2
0
4
2
2
0
2
0
8
0
2
0
2
0
0
4
4
0
0
0
0
0
0
0
2
2
2
2
4
14
2
8
2
2
3
0
2
4
0
0
0
0
0
0
0
2
2
0
0
4
4
6
4
2
2
2
4
0
2
2
2
11
0
88
2
2
0
0
2
0
4
0
2
4
9
3
4
0
0
3
4
2
2
2
5
7
3
2
4
13
4
17
0
0
3
2
2
0
4
0
2
4
2
22
2
5
2
2
0
0
2
0
2
0
0
2
2
0
2
2
2
13
2
2
2
5
5
0
2
15
4
0
2
4
4
4
4
2
4
6
2
5
4
8
2
7
6
0
4
2
4
6
2
2
7
9
11
2
6
2
0
2
0
8
4
2
2
14
5
2
2
6
0
9
2
6
2
0
2
2
0
2
2
2
0
0
2
6
6
0
4
10
2
0
0
2
0
0
0
0
0
4
4
4
0
2
0
0
0
2
0
0
0
2
15
2
0
2
2
4
0
0
0
0
0
0
4
0
4
6
0
0
2
0
0
2
0
2
0
0
2
2
0
2
2
2
2
0
0
9
2
2
0
8
2
0
0
4
4
0
2
2
0
2
4
0
2
4
2
0
0
0
4
4
2
4
13
2
2
2
0
2
10
4
8
2
0
2
0
2
0
0
2
2
0
0
2
2
2
4
2
0
0
0
2
0
4
2
0
0
2
2
8
2
0
0
2
4
0
11
2
2
4
2
4
4
4
4
6
2
2
0
4
4
2
11
60
4
0
4
0
4
4
0
11
2
0
2
0
2
2
0
2
0
0
0
0
0
4
0
0
2
2
0
0
2
4
2
0
8
0
2
0
2
15
11
2
2
2
5
5
7
5
2
5
2
5
3
4
4
2
0
8
4
6
0
2
8
6
6
2
4
5
3
7
2
6
7
2
0
7
4
4
11
2
4
4
0
7
2
2
4
2
4
4
8
2
6
4
4
2
4
2
4
4
4
2
2
3
0
2
2
4
3
4
4
4
16
12
4
2
3
7
6
6
3
12
6
7
3
7
0
2
2
0
2
4
0
4
0
4
6
2
4
8
13
2
2
5
2
2
4
2
2
6
2
2
5
2
1
2
6
2
2
2
2
4
2
2
3
2
4
2
0
5
2
7
6
2
4
0
2
2
2
0
2
0
4
2
2
14
2
2
6
4
4
6
4
2
0
0
2
4
2
4
0
5
12
0
4
2
2
15
2
2
4
4
4
4
7
2
4
2
4
2
6
4
2
4
4
2
4
2
2
2
3
2
2
2
4
4
2
4
2
6
2
4
4
4
3
4
2
2
4
4
4
2
4
10
2
6
3
2
4
4
2
4
2
2
3
4
0
2
13
5
4
5
4
2
2
2
5
0
2
8
2
11
4
4
2
4
8
4
7
8
33
10
2
8
3
5
4
4
4
8
2
2
0
2
4
4
5
2
4
2
2
4
5
2
3
2
5
4
2
2
5
4
4
7
2
2
3
4
4
3
4
4
2
2
7
4
4
2
2
4
5
4
7
8
4
2
4
2
4
2
2
6
4
2
5
2
2
2
4
4
5
2
2
2
23
9
2
3
3
2
6
4
7
2
2
2
4
2
4
2
6
2
2
2
4
5
4
8
4
6
3
7
2
6
4
5
9
6
21
2
6
2
0
3
2
4
2
13
4
2
2
16
2
4
0
10
4
0
2
2
2
4
2
4
7
9
10
3
4
2
3
2
5
7
2
4
2
3
2
0
2
2
0
0
2
2
4
0
2
2
2
4
2
4
4
0
4
2
2
10
4
2
2
13
2
0
2
2
7
8
2
8
2
6
4
2
2
2
2
0
4
2
15
2
4
4
2
0
3
2
22
2
2
4
5
4
2
4
4
4
2
13
2
2
2
4
2
30
2
2
0
4
6
2
2
0
2
7
16
4
2
2
2
15
10
3
4
4
9
2
2
4
5
4
3
4
22
4
3
4
6
0
13
0
2
2
4
5
2
4
2
6
0
0
0
0
0
2
0
0
0
12
0
0
2
7
0
0
2
0
2
2
0
0
2
4
44
64
4
0
0
8
0
47
11
0
6
5
0
0
4
4
0
2
64
4
8
2
4
8
0
2
2
6
0
0
4
0
0
4
7
0
2
4
0
4
0
2
0
0
0
2
4
0
3
0
6
4
2
0
0
0
5
0
2
4
2
2
8
2
6
0
0
2
2
3
9
4
6
8
9
2
0
2
13
0
0
0
2
0
6
6
2
4
4
2
5
6
4
8
11
0
4
4
0
2
4
2
4
3
6
0
2
10
0
0
7
5
2
6
2
4
2
0
4
6
5
0
2
0
0
2
2
2
0
2
0
0
6
2
0
0
10
0
7
34
6
0
7
6
12
2
2
4
6
2
4
4
3
20
7
2
0
6
0
2
20
2
6
2
2
2
15
4
2
4
2
11
