9
21
34
22
13
13
19
31
9
13
9
11
8
11
30
15
26
9
34
19
11
15
34
13
24
19
19
34
17
22
21
34
17
28
28
26
30
26
24
22
32
19
19
19
26
32
15
30
17
62
13
24
35
22
30
20
19
43
19
35
30
32
15
28
28
33
34
15
32
21
21
30
15
23
36
21
26
19
36
24
23
21
24
23
21
38
23
30
41
19
22
36
34
21
32
21
30
34
32
30
26
22
21
47
38
37
17
24
30
54
36
30
39
34
36
45
17
26
39
47
23
26
13
15
13
54
17
35
34
47
26
41
40
38
48
30
13
17
45
38
30
34
60
54
45
30
32
15
34
32
39
42
35
0
15
11
41
30
26
15
32
36
15
20
36
15
11
28
30
52
32
24
56
17
9
40
32
17
17
19
13
30
46
36
39
26
13
53
15
38
28
13
17
22
23
40
58
23
32
36
32
21
25
32
40
37
11
13
17
19
22
30
9
26
41
19
34
17
15
21
24
28
9
40
13
26
19
36
13
13
6
34
23
19
28
38
28
19
11
9
7
15
21
21
17
13
26
30
23
21
28
13
28
17
26
30
19
13
13
2
13
26
19
24
15
26
13
11
38
17
17
7
15
23
7
11
13
32
28
19
22
28
39
13
21
19
51
9
15
11
9
9
13
13
9
7
9
7
39
17
11
9
15
8
6
19
4
6
17
13
4
13
7
21
17
15
9
15
20
11
13
19
23
8
21
13
8
6
15
9
19
9
13
13
17
30
21
19
23
23
21
13
21
21
36
21
9
26
11
25
21
26
15
15
9
17
11
11
17
11
11
15
25
11
11
9
21
11
43
13
22
15
11
13
21
8
13
21
15
11
17
7
17
13
19
11
19
9
11
11
21
36
8
13
13
15
17
21
11
19
15
15
21
23
34
13
28
20
11
15
17
40
15
17
17
6
8
8
9
13
13
34
11
9
15
15
15
23
17
42
25
26
53
17
23
21
7
28
34
41
21
45
26
26
25
36
42
11
19
39
13
13
36
35
26
13
28
34
36
22
20
48
26
15
11
24
30
17
32
11
23
9
24
30
27
28
34
90
17
40
42
28
32
37
22
9
7
35
15
37
34
21
26
17
13
41
23
11
13
13
25
30
26
11
9
11
21
11
13
6
7
9
9
11
54
20
8
6
7
19
9
30
13
17
7
7
4
6
17
13
15
11
19
9
4
19
20
11
30
9
7
6
13
13
24
6
8
13
6
6
7
8
11
26
18
19
6
6
11
34
8
24
11
17
4
6
32
19
24
8
6
17
19
21
36
21
8
11
8
13
9
9
13
17
4
17
15
19
15
19
8
9
13
4
23
10
8
8
15
10
11
8
13
13
21
8
6
15
8
17
9
17
8
15
23
11
8
17
23
11
15
15
23
17
17
9
6
17
11
13
11
2
8
7
9
6
9
13
19
11
4
15
13
9
17
11
8
15
19
11
19
13
13
8
44
8
15
8
8
15
8
13
10
10
13
13
11
10
19
6
15
17
2
17
17
13
8
11
15
8
23
6
11
10
13
13
15
11
8
8
19
11
19
15
21
19
23
15
11
11
13
9
34
9
15
10
11
10
10
31
11
9
11
6
10
10
25
8
15
9
15
21
17
17
8
15
30
17
49
13
9
11
19
25
6
19
21
27
17
17
8
6
6
19
9
21
27
19
11
10
17
25
13
15
15
29
11
37
9
17
11
8
27
32
8
13
8
11
21
21
17
6
11
36
21
8
13
13
4
8
9
11
11
10
6
8
13
17
10
15
15
11
9
15
9
15
8
6
9
11
4
9
6
6
6
9
13
8
6
11
4
11
15
9
8
17
8
8
6
8
6
10
17
9
15
11
6
2
8
4
6
2
2
6
4
6
0
4
4
6
0
4
9
9
4
6
6
4
4
4
2
2
6
13
0
7
6
2
0
6
0
4
9
2
15
4
6
0
2
4
8
6
2
10
8
6
2
11
2
8
13
10
0
8
4
4
11
2
6
6
0
4
8
2
6
8
8
4
17
0
4
4
4
2
19
6
4
34
10
9
5
6
13
15
6
6
6
11
8
2
8
7
4
8
10
11
6
6
6
6
8
6
6
10
10
10
6
10
11
8
8
15
11
8
10
6
17
8
8
13
9
11
10
10
11
11
10
10
9
11
13
13
11
9
8
21
11
15
17
6
10
6
10
8
11
19
17
9
4
10
9
17
6
15
10
15
9
6
6
8
13
19
13
15
19
10
11
4
21
6
6
19
10
23
19
8
15
15
10
8
17
9
15
6
11
8
8
10
11
17
27
17
8
15
19
11
15
17
19
15
13
27
15
6
6
15
15
17
6
6
6
46
8
6
11
15
17
15
10
6
11
27
15
11
13
8
6
11
10
6
13
4
17
10
15
6
6
6
10
7
11
11
23
4
25
17
8
9
6
8
4
20
15
2
8
10
6
4
6
8
8
19
11
17
8
8
8
13
6
8
6
4
8
8
4
6
2
17
6
4
8
13
7
8
6
9
8
4
6
13
2
4
8
6
2
10
4
4
6
2
6
13
4
4
13
4
9
8
4
13
8
9
9
8
2
11
7
51
6
4
13
4
15
13
8
13
11
8
2
8
9
23
15
10
11
11
23
21
21
10
11
13
29
15
25
10
11
17
30
17
10
17
15
10
6
8
23
10
13
8
8
13
9
4
21
8
8
19
11
10
15
13
10
17
23
10
10
4
11
13
19
19
17
11
11
10
8
10
10
11
11
8
13
21
8
19
11
10
11
15
6
9
4
11
27
10
13
8
13
10
8
11
6
21
10
15
17
6
19
8
19
8
8
8
6
8
8
17
13
6
8
15
19
6
10
9
9
8
15
8
17
19
21
9
13
17
9
11
11
10
8
19
27
19
8
19
19
15
17
11
8
11
17
13
8
6
21
15
19
19
13
8
9
9
9
23
8
9
13
19
19
11
13
30
8
6
25
11
6
48
4
11
4
9
8
19
4
6
6
4
11
11
6
6
6
6
4
44
2
7
11
8
6
17
8
8
9
4
6
11
8
6
8
6
25
17
6
4
15
4
19
13
4
6
10
9
8
2
4
10
19
8
6
8
6
8
6
8
11
4
4
10
4
2
4
4
6
10
10
8
15
4
9
6
11
6
11
9
19
6
4
8
4
10
6
2
15
8
4
2
10
13
27
4
4
10
11
6
9
13
23
8
17
4
2
32
8
2
0
2
6
15
2
13
4
11
2
6
4
10
