9
3
7
13
7
7
9
7
9
11
11
5
13
7
7
7
9
5
7
13
7
7
5
9
9
9
9
9
7
11
7
5
1
9
13
5
5
11
7
9
11
11
7
5
15
11
13
9
7
13
9
15
11
3
1
7
9
7
3
5
3
5
3
7
9
9
1
5
17
11
9
9
7
7
11
5
29
21
11
5
7
1
5
5
11
15
9
7
7
25
9
5
11
7
8
5
21
9
13
11
9
7
9
9
13
9
7
13
9
15
9
11
7
9
13
19
7
5
11
9
7
23
7
9
21
7
11
15
7
9
19
9
5
7
17
5
9
9
5
11
23
11
9
15
19
15
9
13
21
15
14
9
7
7
13
9
15
1
7
7
11
21
7
7
17
9
16
9
7
19
7
13
5
19
11
21
15
19
10
7
9
17
14
21
11
31
13
7
16
17
7
7
17
19
7
25
21
5
7
12
11
11
5
13
9
11
9
7
5
7
0
17
9
7
15
23
15
5
9
7
17
5
9
9
3
9
3
3
9
3
11
5
15
13
7
13
17
15
5
9
1
9
13
11
5
5
7
7
9
17
11
5
15
17
7
17
11
15
11
9
11
13
17
7
9
9
5
7
13
7
11
9
9
11
5
24
11
11
9
19
7
11
7
1
3
13
7
5
13
7
5
7
7
13
5
19
3
11
9
9
11
7
3
5
7
5
7
9
9
3
5
11
7
7
7
5
9
13
5
7
5
1
11
5
7
7
5
3
9
1
7
11
21
5
11
5
9
5
9
11
5
5
15
5
21
13
13
3
3
11
7
15
17
3
11
18
9
13
7
9
15
9
9
5
9
5
11
15
15
13
7
7
7
7
15
13
3
7
15
9
7
13
1
11
15
9
3
9
0
9
19
3
9
7
9
9
9
34
7
17
26
9
17
7
19
7
23
11
3
11
13
9
11
9
13
11
7
7
11
15
9
9
11
9
7
9
9
11
13
9
13
9
5
17
6
15
9
11
11
11
9
13
11
17
5
27
15
11
15
15
13
11
3
11
5
15
5
15
7
7
13
5
17
7
7
17
16
19
11
21
13
9
9
13
13
17
7
7
19
11
21
13
5
19
3
17
9
7
5
11
11
11
15
7
17
9
7
11
7
7
11
13
17
3
21
11
13
7
9
13
15
21
11
9
7
5
5
7
9
5
5
9
13
9
5
13
11
9
11
15
11
9
19
5
7
5
9
11
7
7
13
13
3
21
5
7
5
5
5
7
7
3
3
11
5
7
11
11
9
5
17
7
11
7
17
7
9
13
7
7
9
38
7
12
13
5
9
5
9
9
9
9
9
9
9
13
7
7
7
17
9
5
7
15
5
13
5
9
5
13
9
9
13
5
7
3
7
3
11
25
7
3
13
13
5
9
7
45
5
2
11
9
11
7
9
9
3
7
2
7
7
5
3
7
7
7
9
9
7
7
7
9
13
9
5
5
9
7
9
11
11
9
2
7
7
3
13
3
11
15
5
5
5
7
11
5
3
11
11
15
7
7
13
5
9
13
5
13
9
7
9
9
7
13
11
11
11
7
5
11
11
9
13
11
5
5
9
3
5
15
9
12
9
5
5
7
3
3
5
13
7
9
19
17
17
9
7
11
7
9
5
3
11
11
11
11
5
9
7
7
11
5
7
17
5
7
5
17
9
5
9
11
7
11
9
19
11
7
7
11
13
13
11
11
7
11
17
13
5
15
9
11
13
7
7
11
19
17
9
19
9
27
17
3
7
11
13
9
15
11
7
9
7
17
13
11
7
7
19
5
3
13
9
5
9
11
9
7
9
5
7
5
5
3
5
3
3
7
2
5
1
13
7
7
9
9
7
5
9
7
3
3
50
7
2
1
7
3
7
5
7
2
1
3
5
3
0
5
3
7
2
11
3
2
0
3
7
2
3
2
0
3
3
0
5
9
0
0
5
3
0
2
0
2
7
7
11
0
7
7
2
2
7
1
0
9
3
0
7
5
3
13
5
3
2
0
3
3
7
11
7
7
5
3
5
0
5
0
3
3
3
5
9
2
2
11
5
5
7
7
11
9
7
5
1
5
7
5
5
2
3
7
9
2
3
7
9
9
7
2
5
9
9
5
9
5
5
9
7
13
2
9
9
5
11
5
7
3
11
5
3
11
7
5
3
11
15
13
5
3
5
15
13
7
11
7
13
11
7
9
5
5
11
3
3
9
7
17
11
9
9
9
7
5
9
5
3
5
9
5
9
15
19
9
3
7
11
7
19
7
7
9
19
11
5
11
11
19
7
2
9
7
7
19
13
39
13
9
7
23
9
9
2
13
15
15
11
11
9
9
11
7
5
5
11
13
11
5
3
9
5
15
13
9
7
17
5
11
11
11
2
7
11
5
7
13
11
5
58
5
5
5
3
17
15
3
3
9
7
9
3
11
9
9
5
9
3
11
7
5
7
3
5
3
5
9
9
9
7
5
2
11
11
5
7
5
11
11
3
9
5
5
5
11
9
9
5
3
9
15
15
5
13
5
9
5
3
9
15
7
3
7
7
11
3
3
2
3
2
5
7
5
0
5
2
3
5
2
2
7
9
3
7
5
19
7
9
5
3
9
7
3
11
7
7
13
2
7
9
7
3
5
11
5
5
7
7
9
7
5
5
2
3
7
13
3
5
9
9
7
7
3
9
9
3
11
11
3
9
15
7
5
5
5
2
5
5
5
11
7
7
7
7
7
7
3
7
13
17
5
5
9
9
9
9
2
11
11
7
11
41
9
9
9
11
13
21
7
11
11
9
13
7
5
9
9
14
9
3
13
7
15
13
7
9
13
7
13
11
9
11
9
9
13
7
5
11
5
5
9
11
11
19
17
7
5
15
13
17
17
9
13
7
13
9
9
7
15
11
13
13
17
3
7
9
11
9
7
13
7
11
13
46
7
11
9
11
9
9
9
7
13
9
5
9
15
7
9
13
11
3
21
11
7
7
9
17
15
9
9
15
11
5
11
9
7
17
15
21
0
13
13
13
11
9
13
13
11
11
9
11
11
19
9
15
13
7
5
13
5
7
9
11
9
23
21
11
5
11
5
5
13
17
13
9
15
7
13
13
7
7
3
11
11
11
7
9
13
13
2
11
9
5
9
11
5
9
9
19
3
9
7
9
9
5
2
7
7
3
11
5
7
13
5
5
3
9
5
5
7
13
5
7
3
3
11
7
3
3
2
5
9
0
11
7
9
3
2
7
5
5
9
11
11
7
9
7
3
5
17
