8
8
8
8
6
13
0
2
10
8
10
2
4
6
0
4
8
6
8
0
12
12
12
10
6
2
8
10
10
2
8
6
14
4
4
8
12
6
6
4
21
4
10
6
6
6
6
4
2
0
2
2
16
10
12
8
8
4
4
8
10
8
4
8
14
12
4
12
6
10
10
6
10
8
10
10
4
4
10
2
10
12
6
2
2
8
4
6
2
10
4
4
0
4
8
4
4
6
8
4
4
4
2
2
8
6
8
4
6
9
10
4
6
0
4
8
4
2
6
10
10
12
4
6
2
4
0
8
6
12
8
6
4
6
0
8
16
8
8
8
6
8
2
2
6
6
6
4
14
14
10
2
6
6
10
10
6
12
10
15
10
2
4
4
2
4
2
4
4
6
2
2
10
8
4
6
4
8
0
6
8
4
8
8
8
8
6
4
4
4
6
2
6
0
2
8
6
4
4
4
4
6
10
8
2
10
6
2
14
12
6
4
6
33
2
6
6
4
8
4
6
12
6
2
2
4
4
6
2
6
2
4
4
16
8
12
0
10
12
4
8
4
4
10
2
14
6
10
10
2
8
10
2
4
6
4
6
12
4
4
8
16
6
8
6
6
8
10
0
10
12
6
6
4
2
4
6
11
4
4
4
8
4
6
4
2
10
6
12
6
12
15
8
0
10
4
4
4
2
12
10
2
6
10
6
4
12
2
6
4
2
10
4
14
2
6
2
4
18
6
2
4
4
8
0
8
4
4
2
4
2
2
8
8
8
2
4
0
4
2
8
6
2
10
2
6
10
2
6
8
6
9
2
0
4
0
2
16
12
0
4
2
8
4
6
6
0
6
2
2
2
4
0
0
37
2
6
6
0
2
6
2
6
2
5
2
0
6
2
6
10
2
2
0
8
2
6
2
4
2
4
4
6
6
2
2
0
4
4
6
2
8
2
10
4
4
4
4
4
29
4
6
10
6
12
8
4
4
16
4
0
6
8
4
4
0
2
12
2
4
4
2
4
2
6
4
4
4
12
4
2
0
4
2
6
4
4
6
4
6
4
2
10
2
12
6
4
2
6
2
10
6
18
6
10
8
6
6
6
6
2
14
18
6
4
4
12
6
6
6
6
4
0
2
2
4
4
0
6
4
0
2
8
6
0
2
8
2
6
0
8
2
6
6
10
4
4
10
4
2
6
6
4
2
12
6
2
21
4
35
0
6
10
6
16
12
9
16
6
10
29
6
14
8
6
12
4
6
6
4
16
38
8
10
8
6
6
8
12
8
6
8
8
6
10
10
4
4
16
4
6
4
8
4
10
2
8
4
12
4
4
18
2
10
12
8
4
10
22
12
4
10
21
8
4
2
8
8
14
4
4
8
6
4
8
0
4
16
8
2
2
4
8
6
4
6
2
44
16
2
6
6
6
0
10
4
6
4
4
6
14
0
2
6
4
2
4
8
2
6
6
20
7
4
4
6
2
4
14
0
12
4
4
6
14
4
4
4
12
6
8
6
2
2
4
4
2
14
10
4
2
10
2
8
8
6
10
8
4
4
8
4
4
10
12
6
2
0
2
6
16
6
8
6
2
9
2
6
6
6
6
6
4
6
8
6
15
38
4
4
6
6
4
2
0
10
10
4
6
4
2
2
10
6
10
2
6
8
4
2
6
6
6
4
8
6
6
4
6
8
2
6
8
6
2
2
2
0
2
4
14
8
4
6
4
2
2
0
4
0
4
0
6
4
0
6
0
8
6
8
6
0
2
2
6
12
10
4
2
12
2
4
4
6
8
10
6
10
6
10
4
8
0
10
6
11
4
8
7
8
2
2
2
10
2
2
10
2
13
10
2
13
2
2
12
6
8
13
9
4
9
10
0
4
13
2
4
13
0
0
4
4
11
0
0
2
2
6
0
4
2
2
0
4
4
6
4
0
6
4
0
2
2
4
2
2
6
6
0
2
4
2
2
2
6
8
4
4
8
2
10
6
6
6
0
8
8
2
2
2
6
6
8
2
2
4
2
8
0
2
0
2
14
2
4
8
8
0
14
4
2
8
2
4
2
2
8
10
0
6
4
10
4
2
4
4
4
10
0
2
4
6
6
6
4
8
6
6
6
12
2
6
8
8
0
4
4
8
12
6
10
4
4
13
16
6
10
6
6
10
8
8
2
15
6
2
10
4
2
6
8
2
12
2
8
10
6
6
2
11
4
4
16
16
8
6
6
0
10
4
6
8
4
6
6
2
2
4
2
10
6
4
2
8
8
6
41
19
4
10
2
8
4
10
6
14
8
2
2
7
2
6
8
4
23
9
8
4
10
11
4
2
11
4
6
4
14
15
11
6
10
20
6
4
8
12
4
2
2
6
16
12
2
0
2
8
2
2
12
12
15
4
4
2
6
4
4
20
8
8
14
12
6
17
16
8
6
8
2
8
2
2
4
6
4
8
6
4
2
10
16
4
8
8
8
20
6
4
8
10
6
10
10
2
14
14
8
2
6
6
4
2
10
14
4
4
6
2
47
8
2
2
6
2
4
12
8
6
2
4
6
10
8
2
6
2
6
6
4
2
6
4
4
6
4
8
2
0
2
6
6
6
4
4
15
6
2
6
9
4
2
6
10
16
10
8
11
6
6
11
12
6
8
2
8
6
8
4
12
10
0
11
6
4
6
0
2
23
8
18
10
4
12
8
2
2
6
6
0
6
12
6
8
2
6
8
4
6
6
0
8
6
8
8
2
2
6
10
0
12
2
2
4
12
6
12
2
2
8
6
4
6
8
6
14
45
2
6
2
6
4
11
6
6
4
0
12
2
4
4
2
14
8
12
2
4
8
6
6
4
2
6
8
2
2
6
6
4
2
10
5
10
6
8
2
6
10
4
0
10
2
10
4
2
0
8
8
2
8
6
4
8
4
2
2
4
8
2
12
10
6
0
9
4
0
10
2
0
4
6
6
4
2
10
8
4
4
2
6
4
4
4
6
16
8
6
4
2
6
8
10
8
2
2
2
4
6
8
6
2
10
4
2
2
10
0
6
2
4
8
4
0
8
2
4
4
6
2
2
2
2
0
6
16
2
8
8
4
12
6
6
10
10
7
8
6
4
0
4
4
8
8
6
10
8
0
6
6
2
8
2
6
6
9
4
2
4
12
6
6
10
6
4
8
12
4
10
2
14
0
10
10
4
4
2
4
6
8
8
0
0
2
12
8
2
6
2
6
6
11
10
6
2
4
10
8
0
6
4
6
2
12
6
4
4
6
11
8
8
4
