13
17
7
5
7
6
7
14
13
6
18
23
9
4
8
20
4
16
6
16
14
6
6
28
16
12
9
14
16
6
17
30
8
21
22
8
26
12
11
21
4
4
8
12
8
17
17
12
9
16
12
20
5
6
16
8
20
9
17
21
12
20
12
2
10
12
3
12
6
9
16
26
13
12
10
6
8
14
8
6
12
13
20
16
24
18
10
14
8
22
10
12
6
24
24
8
5
6
2
6
6
5
6
19
15
18
12
23
11
18
8
9
8
20
14
15
24
22
10
27
14
6
8
13
14
6
16
8
22
25
18
8
26
6
22
14
14
8
24
14
6
16
2
24
14
25
1
0
10
6
6
18
20
6
9
22
16
8
14
20
14
6
17
14
8
10
14
14
18
12
8
16
5
8
12
14
18
5
8
14
6
12
7
10
16
18
16
8
14
24
8
18
15
7
17
14
16
4
2
18
18
25
6
8
4
12
8
12
8
10
16
12
11
18
16
6
14
10
18
22
18
14
12
15
10
8
24
0
22
10
18
11
3
19
14
23
14
4
5
8
18
6
10
16
14
8
6
6
8
18
8
12
10
16
8
6
6
4
18
16
8
8
8
20
5
14
14
12
12
8
14
16
22
11
26
24
20
12
17
12
10
16
6
10
12
16
10
28
40
4
6
3
21
11
28
15
23
7
16
48
21
6
6
2
14
24
18
16
12
19
6
12
18
10
0
6
6
16
2
7
13
0
19
6
6
5
12
17
4
8
11
12
12
17
8
14
17
6
10
6
13
4
6
4
10
15
0
3
0
18
10
17
11
6
12
10
16
2
20
18
0
4
13
7
10
6
6
2
4
14
11
13
7
14
12
8
4
4
5
8
12
18
15
9
16
0
7
10
11
2
13
16
7
0
8
10
6
16
7
12
10
10
14
4
14
14
14
16
8
9
3
10
8
14
12
3
8
6
16
12
16
6
15
12
11
6
12
16
14
14
16
4
23
5
9
18
8
10
12
14
19
13
15
14
17
2
11
3
16
8
10
8
12
17
6
19
8
5
12
18
3
4
8
2
21
20
6
15
17
1
14
10
8
18
12
12
8
11
18
6
22
2
13
11
4
19
9
10
11
14
8
15
22
3
6
7
14
10
12
13
9
12
8
9
6
10
14
4
3
14
6
11
24
10
21
10
16
8
2
9
13
12
5
22
11
3
6
12
19
6
16
14
16
12
7
4
5
14
22
6
10
16
8
6
3
4
7
4
10
2
10
9
12
18
6
10
2
7
12
9
15
14
4
7
16
4
8
21
12
13
4
22
18
15
12
6
0
6
4
33
13
6
24
2
39
0
12
8
10
2
6
8
4
23
20
22
0
2
8
4
20
33
0
2
17
2
2
2
4
23
14
0
23
24
16
32
9
20
28
14
14
41
6
9
10
17
8
8
2
7
22
2
22
12
0
36
0
42
28
22
0
32
22
25
0
22
6
6
0
24
4
26
17
2
6
16
0
7
10
6
8
6
28
6
23
31
10
17
0
4
4
29
5
4
30
4
28
0
0
6
2
7
23
0
13
35
2
30
0
0
0
0
14
7
14
6
16
36
8
15
10
15
4
23
0
14
2
4
20
3
8
37
17
13
0
6
8
4
16
20
7
10
9
23
4
10
2
23
0
0
19
25
25
2
32
29
2
19
4
9
15
23
4
34
8
9
6
20
3
44
19
9
7
8
2
30
8
18
2
31
36
8
11
11
27
2
17
13
2
7
4
37
24
10
23
0
2
25
7
6
17
18
0
0
0
13
2
30
21
24
7
32
0
24
18
0
2
8
20
0
2
28
4
2
8
20
2
8
22
7
0
0
0
2
16
2
16
17
29
2
26
0
8
9
2
27
2
6
13
23
16
14
6
0
16
20
6
25
0
18
6
0
14
28
8
11
34
22
22
4
3
30
15
5
11
11
2
17
24
4
11
0
1
2
3
32
0
12
4
2
0
2
0
0
30
13
22
0
38
0
12
0
0
16
0
2
4
13
2
0
12
20
6
32
8
12
1
10
0
12
30
10
21
0
6
0
6
33
16
0
0
0
2
0
4
2
2
0
18
4
8
8
14
6
0
9
2
4
20
23
13
16
6
2
13
6
0
11
29
15
21
6
0
23
27
31
23
13
29
2
30
28
13
10
0
16
0
40
32
2
8
22
18
27
23
0
29
4
4
6
4
12
32
14
8
9
20
8
2
10
10
2
20
4
28
4
28
23
2
12
2
2
18
10
2
10
2
19
26
27
27
9
0
23
7
14
35
6
9
7
0
0
35
2
0
15
32
18
17
16
32
13
6
28
35
21
19
27
11
2
44
2
7
14
4
2
2
36
6
6
36
2
14
9
0
8
14
19
40
16
4
16
4
11
6
16
12
25
0
11
24
21
28
23
13
20
33
3
5
4
22
29
0
21
28
30
4
18
23
24
44
4
4
20
0
32
7
30
4
4
14
13
7
21
34
23
25
6
32
25
0
21
14
21
29
21
0
32
0
2
0
20
42
33
10
2
4
16
15
13
6
25
4
34
4
22
42
25
47
2
38
16
46
11
32
30
0
33
2
10
0
28
33
23
2
36
25
6
20
0
38
49
7
4
2
3
4
16
15
40
10
4
12
7
29
22
28
10
0
12
24
0
0
22
8
6
6
0
2
4
28
2
0
0
2
30
0
4
22
8
30
2
5
15
2
0
28
0
2
6
21
6
29
2
8
13
18
22
8
8
14
8
32
11
16
22
6
29
2
2
4
0
0
0
6
24
27
9
10
14
8
28
2
2
0
16
8
6
6
28
10
4
4
16
18
12
18
0
37
40
0
9
2
37
28
0
0
16
14
19
18
0
12
22
18
13
2
33
40
0
4
0
4
10
25
24
7
19
14
36
26
8
0
11
15
0
9
4
23
12
0
2
2
22
15
5
0
0
0
13
25
18
12
16
33
13
13
43
24
2
17
4
5
7
6
8
35
8
6
10
0
21
12
5
41
25
16
32
10
4
2
2
7
7
10
20
26
0
7
14
30
0
11
0
29
30
9
6
6
14
2
2
6
38
33
0
18
6
31
6
33
0
10
31
0
7
8
19
20
14
0
18
4
24
24
44
24
12
0
7
24
17
39
6
2
2
42
8
29
30
5
27
30
21
39
22
23
43
10
4
22
10
0
0
4
6
32
6
43
25
0
9
5
43
40
2
2
4
2
2
8
6
4
7
29
0
0
4
15
4
34
40
6
21
24
21
43
4
14
2
