11
11
12
16
11
12
2
5
7
3
9
10
9
13
5
9
9
17
8
11
7
9
20
8
19
22
6
7
7
22
7
13
6
4
15
13
15
8
19
28
17
15
16
9
11
17
11
15
46
23
48
33
16
0
37
20
25
20
18
50
24
47
27
43
72
35
53
26
31
38
32
19
28
43
23
62
25
33
30
68
32
61
55
76
63
28
45
28
31
44
32
20
21
39
34
23
13
46
13
60
50
36
36
49
26
18
25
78
74
28
34
51
73
49
20
27
61
42
21
29
47
36
42
48
94
85
45
62
80
37
42
34
39
30
17
31
25
33
8
32
11
40
11
85
13
72
31
40
44
50
20
50
25
53
56
13
57
11
22
13
25
32
32
46
72
32
19
7
15
20
16
13
15
9
7
18
9
5
13
11
17
3
6
13
9
9
7
11
9
5
9
15
6
13
5
13
18
11
7
9
6
9
7
13
15
11
4
15
8
11
4
6
13
5
7
4
5
9
20
13
13
11
7
3
6
7
2
7
9
9
6
7
7
11
13
6
9
6
7
7
13
9
11
7
15
19
13
7
6
4
7
13
14
9
3
8
11
7
7
15
7
2
8
7
9
8
11
9
7
17
26
4
13
6
4
9
9
13
4
11
7
11
11
17
11
13
7
15
56
14
24
32
17
29
13
4
30
9
17
12
26
28
10
21
23
15
27
22
19
17
9
15
6
11
15
26
13
15
24
6
48
7
10
23
17
19
15
16
11
28
6
6
18
13
19
13
24
19
9
8
17
8
11
19
21
6
17
15
26
28
17
26
11
13
19
19
11
8
21
0
11
30
36
9
34
39
9
34
10
30
23
43
41
19
26
47
17
24
24
9
6
7
21
9
43
19
15
13
11
6
14
34
29
9
13
22
11
15
26
39
17
28
11
13
21
17
17
15
32
17
29
41
26
39
23
22
8
11
19
29
25
13
30
22
17
8
15
51
11
9
15
22
25
15
50
50
34
30
30
30
2
14
28
58
32
56
36
30
30
61
24
28
21
15
27
60
15
13
35
20
13
54
4
21
20
27
26
21
52
22
47
23
21
67
31
22
15
30
53
19
13
19
47
50
57
32
36
27
11
0
19
43
15
17
21
17
15
39
26
32
8
11
13
27
17
31
45
9
17
6
28
26
11
11
20
19
38
10
30
9
7
31
11
4
4
21
19
10
4
22
24
36
21
8
15
19
88
15
13
21
8
4
6
13
6
13
2
4
13
15
26
7
15
11
13
11
18
9
15
8
6
9
17
17
15
17
9
13
15
21
5
6
13
11
11
11
18
9
7
9
17
15
11
0
49
9
7
9
7
6
7
9
2
13
9
15
7
16
13
10
10
5
9
20
9
12
10
18
9
10
20
11
16
7
12
17
9
17
20
13
2
23
19
19
24
18
35
20
16
14
25
17
27
14
22
14
17
21
21
28
30
16
14
9
11
34
10
7
7
12
5
11
7
5
16
9
16
7
14
11
13
18
12
6
11
18
14
9
10
9
12
7
14
11
13
15
4
9
15
15
22
18
16
11
7
14
18
12
16
20
18
16
27
19
26
18
18
13
14
26
20
24
26
26
26
28
23
31
18
24
29
35
13
28
38
16
18
46
16
4
23
31
23
33
14
29
19
21
26
24
33
34
31
14
12
0
7
22
21
19
29
22
26
26
20
23
7
32
17
34
13
25
26
33
23
20
16
25
23
7
30
14
21
16
24
20
19
50
18
18
28
50
26
10
21
12
25
19
22
28
14
19
14
30
27
19
24
11
20
31
23
16
24
22
24
19
30
38
28
14
17
18
27
31
20
32
27
27
16
10
17
11
16
17
27
33
27
28
20
16
12
24
11
8
10
19
19
11
13
15
14
21
30
7
26
13
26
0
13
10
13
9
15
12
7
9
30
18
18
23
47
12
15
26
18
12
19
13
28
20
9
19
15
18
11
21
26
11
21
13
13
39
15
19
23
11
17
10
21
21
6
11
17
19
9
9
17
8
13
11
13
19
23
4
11
9
9
9
21
17
19
15
17
17
13
17
19
26
4
10
11
19
9
13
26
7
9
2
21
6
7
14
4
11
15
17
10
6
4
9
37
15
6
9
30
13
23
11
8
34
21
16
32
17
13
11
41
36
21
17
34
15
22
16
28
13
18
17
13
5
47
23
19
11
22
15
11
32
15
10
19
20
19
22
19
23
10
15
41
9
9
20
24
24
30
17
58
22
13
19
21
4
18
13
11
28
23
26
21
11
17
13
28
22
8
14
11
10
37
30
13
15
33
10
22
8
9
9
9
11
11
13
14
21
23
4
17
11
9
13
11
23
19
18
18
34
26
17
34
11
7
15
47
11
18
17
26
15
24
11
17
9
26
10
20
11
22
13
36
26
20
11
28
23
25
7
15
8
34
11
19
17
17
13
17
13
17
9
13
26
21
9
39
8
7
15
11
5
27
37
2
15
6
4
4
4
9
5
6
15
9
7
9
19
17
30
11
8
9
4
8
7
8
5
6
0
17
3
8
3
5
5
2
7
2
3
8
4
0
4
2
0
0
4
2
3
3
7
3
2
4
2
2
8
5
2
2
2
11
4
2
3
5
10
12
5
3
3
2
11
7
4
7
11
4
7
9
9
4
5
4
5
11
9
4
4
7
4
9
11
9
7
7
4
18
4
13
2
5
25
13
15
11
9
7
7
9
7
6
7
5
83
7
9
6
5
5
14
30
9
12
10
11
10
13
7
7
21
4
9
20
9
12
15
16
14
13
20
13
23
24
14
12
27
9
18
13
10
12
14
9
13
7
15
9
21
30
16
16
10
9
20
9
17
19
10
15
12
17
16
5
16
11
11
13
17
7
11
6
28
19
12
9
24
24
19
9
11
21
14
16
9
25
22
11
13
41
18
18
14
21
14
12
28
12
9
16
20
9
25
27
16
9
22
20
23
23
9
40
5
20
13
11
13
26
16
21
11
13
18
10
27
19
12
14
9
19
21
7
25
22
5
20
17
4
7
14
10
16
30
13
11
7
14
19
12
18
16
18
13
18
15
5
19
7
9
14
11
8
28
14
11
10
5
7
16
18
16
15
18
7
11
5
4
9
9
9
18
11
9
12
7
5
5
9
5
9
11
4
16
8
7
5
7
9
5
7
7
7
4
3
9
4
5
5
13
2
7
7
7
4
5
7
5
4
25
39
5
8
5
0
5
5
7
12
9
7
12
11
5
6
9
9
14
9
3
5
3
2
10
