9
5
2
25
24
9
29
25
27
26
10
5
16
20
23
38
20
5
7
7
32
30
34
25
12
20
6
10
5
7
14
33
34
24
26
7
5
7
7
10
17
29
30
29
23
9
7
7
29
5
35
27
26
27
5
7
11
23
32
19
27
10
7
5
5
28
31
33
13
7
25
5
4
7
5
8
29
29
5
18
34
30
25
28
6
5
6
31
11
28
21
29
6
7
29
24
23
37
27
14
32
35
7
5
3
19
26
28
27
30
27
7
4
5
25
31
25
31
44
29
5
7
27
33
3
34
40
29
4
5
22
24
29
32
32
5
23
31
24
4
5
22
30
5
7
7
25
23
7
7
31
28
28
29
8
30
7
4
9
5
15
40
8
20
30
6
6
9
27
14
28
23
7
5
7
19
33
23
29
27
34
31
9
7
9
7
33
28
27
35
33
7
20
5
8
5
8
5
35
40
26
35
25
34
5
5
5
7
5
22
25
29
22
34
6
27
13
7
5
5
32
8
16
24
23
29
34
36
7
5
8
7
29
33
32
5
29
4
33
31
9
10
4
29
16
39
31
22
29
5
8
6
27
25
21
32
28
20
9
5
5
7
7
5
34
25
29
37
7
34
7
8
8
7
8
9
25
26
28
22
29
9
5
5
10
30
30
18
22
23
2
33
28
30
24
4
0
0
6
6
2
0
31
32
29
28
17
28
26
26
29
7
28
2
4
9
4
2
7
22
36
6
25
29
22
33
28
4
2
0
2
4
2
17
26
5
23
20
27
10
8
8
20
32
9
22
8
8
7
6
6
17
3
23
28
33
6
13
18
28
35
33
9
22
22
26
7
5
21
8
29
28
8
32
22
26
6
6
17
28
12
4
5
8
19
31
26
10
6
5
14
28
6
27
35
4
10
32
24
32
5
8
25
31
12
30
28
8
7
32
31
20
25
20
22
9
7
24
28
29
5
6
7
5
38
20
28
10
4
6
16
28
2
7
5
28
24
6
5
9
12
25
15
8
9
28
31
31
14
4
10
27
27
30
27
33
7
5
34
22
25
9
16
24
13
8
7
24
9
20
5
4
4
30
11
41
28
5
4
6
30
23
22
26
23
4
7
30
28
27
6
4
13
26
33
20
7
7
28
20
30
29
6
9
6
19
28
5
5
8
5
5
27
25
4
14
24
9
26
8
7
28
15
8
7
5
24
24
21
23
4
4
23
24
25
5
2
28
26
27
30
5
2
22
20
33
5
5
24
27
23
6
5
7
23
7
18
3
4
28
35
26
5
7
21
31
23
18
9
6
21
21
30
13
32
34
21
15
13
18
16
14
15
13
15
14
18
15
14
16
15
14
13
16
15
17
18
24
14
15
16
18
15
17
16
16
14
17
16
20
10
19
15
18
15
16
18
23
20
10
25
15
10
15
11
12
11
18
16
15
16
15
17
16
14
19
14
17
14
14
18
16
16
18
20
14
7
22
16
22
17
14
15
14
20
13
16
14
10
16
16
14
20
15
14
14
18
16
15
16
12
14
14
17
13
19
17
21
16
15
13
17
20
17
22
23
33
33
6
4
2
23
18
23
14
1
21
34
2
2
2
23
27
17
24
23
12
4
1
4
20
24
29
2
6
2
9
19
13
19
21
4
2
0
23
23
30
23
2
36
3
0
0
21
23
27
23
21
7
33
2
1
0
25
32
4
27
24
21
4
0
2
28
31
3
31
31
24
4
2
2
2
0
0
5
4
13
25
17
20
25
9
5
4
4
2
7
20
15
22
24
23
10
23
5
25
16
1
6
2
25
9
4
33
20
19
2
4
2
27
12
20
18
0
2
2
19
29
24
13
26
2
2
0
13
16
3
17
2
2
0
32
24
27
25
23
10
21
0
6
2
25
24
21
16
6
0
19
16
21
26
0
0
2
0
3
33
31
20
31
41
38
21
27
19
10
11
10
8
21
25
27
11
28
14
17
15
17
17
16
15
19
16
19
11
16
19
18
16
15
15
15
16
15
16
20
14
20
16
16
16
18
15
13
15
19
14
15
20
18
15
14
15
17
15
13
18
14
15
18
12
23
17
11
14
17
13
18
13
15
14
13
12
16
17
17
16
14
17
18
16
14
16
17
11
12
15
12
20
15
14
14
15
17
16
16
16
19
16
18
21
16
22
20
20
17
17
18
14
11
18
14
14
16
18
13
15
17
17
14
9
14
13
18
12
15
15
16
13
15
16
12
11
17
17
18
14
14
19
19
16
16
16
19
10
17
17
13
15
15
12
13
17
15
13
14
10
13
11
17
17
11
16
16
14
12
21
14
17
15
15
16
18
14
16
17
17
12
19
20
14
18
14
15
19
16
20
18
18
16
17
14
19
17
16
11
18
12
16
14
17
11
12
18
9
13
14
20
14
18
15
22
15
13
15
17
10
19
15
15
16
16
11
15
16
16
17
13
13
15
16
16
16
20
17
18
18
15
13
14
15
15
15
14
17
15
21
19
17
16
17
16
18
18
13
18
15
18
15
15
17
15
14
17
15
20
18
16
19
17
15
14
16
13
14
15
14
14
15
13
15
17
21
16
18
18
14
20
8
13
13
15
18
16
16
15
16
14
17
16
13
21
17
20
19
15
17
16
14
16
14
16
11
19
17
14
16
14
16
15
15
14
14
18
12
15
19
13
15
17
18
19
16
16
14
12
13
17
19
15
11
17
16
18
18
14
18
18
16
21
16
19
24
17
17
13
14
14
19
18
12
18
16
17
17
20
15
15
15
15
19
14
13
18
11
19
15
15
17
17
15
14
17
17
14
19
14
16
17
12
14
14
15
14
14
18
11
16
15
15
15
16
18
16
14
14
14
15
10
14
20
21
15
16
16
16
17
19
16
19
11
16
19
17
15
15
19
16
15
24
17
16
14
17
20
20
21
16
16
18
15
16
18
21
8
17
19
14
20
16
17
16
14
18
14
13
13
16
14
14
15
14
18
17
18
16
15
11
12
17
16
16
17
14
18
14
27
14
14
14
15
13
14
14
16
19
15
14
19
12
17
15
16
16
13
17
17
16
16
17
17
15
14
13
14
14
16
19
20
18
18
17
13
19
20
16
12
17
13
17
14
13
17
17
14
14
14
16
13
17
16
15
15
17
16
15
17
19
14
17
13
15
17
16
15
17
18
16
16
18
17
13
14
14
17
14
17
19
15
20
16
15
17
15
11
18
17
15
16
18
12
15
12
14
16
16
14
15
18
15
18
17
16
20
11
14
14
17
15
13
