31
21
13
25
9
29
11
9
15
13
34
21
29
18
9
15
9
22
29
18
9
17
33
13
19
17
23
19
23
15
19
35
0
15
26
13
20
33
17
9
25
21
17
15
9
25
35
17
33
15
35
24
23
9
17
7
48
22
21
24
7
15
13
13
17
27
7
26
21
13
23
19
15
19
17
9
21
17
13
19
25
22
22
74
15
10
36
24
21
11
28
11
41
12
15
27
16
13
33
33
29
27
24
19
9
13
13
39
36
30
9
28
17
22
11
42
24
26
9
7
26
24
21
11
15
7
15
32
29
21
31
11
42
13
24
31
15
36
29
21
20
32
24
27
43
27
22
25
34
26
17
50
24
23
36
27
11
23
28
15
23
31
19
17
33
19
11
33
11
36
24
28
33
30
38
9
21
16
30
22
19
25
16
11
20
28
35
21
9
40
28
60
25
35
35
36
15
29
40
13
30
31
25
25
25
44
43
46
15
29
15
13
42
48
34
38
24
18
28
24
15
13
19
19
17
33
26
42
28
13
32
20
20
30
26
32
32
34
21
29
24
20
17
34
41
11
28
28
22
50
15
34
39
9
19
50
28
7
15
31
15
28
39
28
20
37
25
22
11
21
35
25
34
7
32
19
27
22
20
11
7
31
13
40
15
15
30
39
27
11
17
15
9
15
7
9
7
22
11
13
15
13
15
7
11
15
19
25
17
7
13
52
15
13
15
21
25
13
17
44
13
23
23
11
9
15
19
17
25
25
22
40
25
19
25
38
13
26
13
15
23
20
55
19
17
23
14
29
45
15
19
13
27
19
56
25
15
31
19
11
26
17
24
18
21
13
31
19
24
26
19
15
23
25
19
7
9
24
23
21
9
15
9
17
17
19
23
7
9
19
19
17
17
11
23
16
33
13
23
29
22
17
25
48
26
34
61
15
33
52
7
11
13
27
9
28
13
29
32
28
41
28
15
24
13
21
15
36
30
25
27
7
11
21
23
32
89
34
21
42
13
29
32
20
26
25
15
15
17
36
13
19
42
40
30
21
46
19
32
23
7
28
28
22
19
29
17
23
28
31
5
27
15
48
24
19
32
35
30
11
23
20
55
21
40
22
11
12
15
55
16
36
15
28
48
32
25
20
37
15
25
26
26
13
32
26
38
20
26
31
12
19
11
17
36
20
21
13
21
17
15
17
9
13
23
13
11
19
13
11
36
23
19
26
9
23
21
17
22
15
18
9
21
22
11
21
13
15
16
26
24
26
17
18
16
22
16
25
11
17
28
21
13
21
23
22
19
17
21
19
29
13
21
35
15
23
13
19
25
13
25
15
9
21
19
23
27
16
13
11
9
7
5
17
21
13
9
2
25
13
11
25
17
23
15
17
15
5
20
33
21
9
23
9
11
15
21
15
9
9
29
13
17
15
9
7
50
9
7
9
5
15
16
13
11
21
13
9
15
9
15
17
9
23
13
19
9
11
9
17
11
17
25
56
19
31
13
9
21
19
23
15
19
15
15
21
17
11
19
15
27
23
23
27
11
15
9
9
36
13
17
17
19
23
25
35
21
23
5
13
13
7
17
15
19
11
13
18
20
5
27
13
17
17
23
9
13
9
21
15
23
25
5
13
21
11
19
21
21
17
19
21
19
22
21
25
21
15
27
11
25
58
15
31
21
13
23
21
33
19
11
9
9
17
25
15
13
15
21
15
23
15
21
23
19
31
17
23
21
31
31
19
29
27
17
15
26
11
22
11
21
35
30
23
21
21
13
11
13
13
15
17
15
15
1
7
9
9
15
13
17
9
13
9
13
9
9
25
7
9
7
13
25
7
11
13
13
21
15
13
3
17
11
15
13
21
13
11
13
11
13
11
25
7
17
9
3
2
5
13
5
19
9
3
7
3
3
9
3
5
5
1
5
3
1
3
0
5
3
3
2
2
1
3
9
11
0
5
1
7
7
7
7
0
3
13
7
3
9
11
3
3
7
5
5
11
7
5
5
5
5
7
0
0
7
3
5
3
7
7
1
13
5
5
5
9
7
2
11
7
9
3
7
11
9
0
2
7
7
7
23
3
5
5
1
21
11
1
7
5
3
7
23
5
3
5
13
5
17
19
11
9
11
17
9
7
9
15
19
17
14
5
9
15
15
13
7
9
25
5
60
15
9
13
11
9
15
9
15
19
19
13
44
9
5
7
19
19
15
13
9
15
13
17
11
9
15
17
5
11
15
21
7
15
9
11
15
13
13
11
11
9
13
13
13
15
13
17
21
15
17
9
9
13
19
15
21
9
13
9
19
11
21
15
29
9
25
19
31
21
25
7
11
19
19
15
13
27
11
17
7
9
19
15
17
19
11
13
17
7
9
15
13
17
13
27
29
21
23
17
27
17
19
15
17
7
24
15
11
15
19
17
18
23
21
19
9
21
9
19
21
9
30
9
21
13
13
5
15
11
15
13
13
19
11
15
21
21
15
13
15
11
17
11
13
11
11
13
9
9
3
13
15
25
13
5
9
9
21
3
21
5
5
9
5
9
7
1
7
11
2
5
13
3
7
7
5
19
7
5
9
5
7
3
13
5
15
9
1
1
7
5
5
3
5
1
5
7
11
15
3
7
11
13
13
56
31
11
5
17
23
7
21
27
13
13
7
29
7
7
11
17
9
33
7
7
21
13
13
13
11
13
21
17
7
5
5
17
9
9
11
7
5
3
13
21
7
23
11
7
15
9
9
7
15
9
9
17
15
21
13
11
9
17
23
23
7
39
11
25
13
7
9
9
13
29
5
15
11
15
11
11
17
7
11
11
19
11
17
13
9
9
11
7
7
19
7
31
15
9
11
13
15
15
13
13
15
11
11
13
9
17
17
13
17
19
25
9
5
9
21
15
9
17
21
15
9
15
21
11
23
13
9
13
19
25
29
9
11
17
3
11
15
22
11
13
21
11
19
13
7
7
13
19
31
30
27
21
33
21
13
11
15
9
3
13
23
13
19
33
13
9
13
23
25
7
13
11
13
19
15
11
7
23
15
19
13
11
15
13
27
17
21
11
15
17
15
34
13
23
21
13
35
11
17
23
27
8
13
11
13
15
9
19
17
11
17
15
13
17
17
21
35
11
11
23
9
19
71
11
7
11
7
9
9
11
19
17
11
23
7
17
21
7
17
11
7
21
11
19
11
9
11
11
17
5
11
15
13
5
23
7
2
3
15
21
9
7
17
11
9
11
11
9
9
17
5
7
7
7
9
3
9
1
13
5
7
7
7
9
