0
0
1
1
1
25
22
0
3
1
0
1
0
0
0
28
5
1
0
3
3
1
5
1
35
19
28
3
1
1
7
3
5
1
1
28
13
21
1
5
1
0
0
15
59
21
1
1
3
0
0
3
22
9
19
5
0
1
3
7
5
1
1
23
24
24
0
0
5
0
1
22
17
21
0
1
1
3
3
1
5
5
34
29
3
3
0
1
1
0
1
26
22
26
1
1
3
3
1
3
3
0
20
25
27
1
0
1
1
3
1
0
22
33
22
25
3
0
1
1
3
3
3
25
20
30
36
3
1
0
3
0
3
3
1
23
1
3
1
3
1
3
1
1
25
27
23
1
1
3
3
1
0
1
0
25
28
3
5
3
11
7
3
7
0
1
20
22
1
3
1
0
1
1
3
22
26
11
23
3
5
1
7
0
0
9
24
28
1
0
3
1
3
1
1
0
1
1
0
1
3
0
0
3
5
3
1
15
31
5
1
1
3
7
5
5
3
17
24
28
5
7
0
0
1
1
9
3
0
3
32
3
0
5
3
1
1
5
0
3
5
3
1
3
5
1
0
7
1
1
1
5
5
31
25
23
1
7
5
3
5
0
1
3
21
1
0
0
3
1
5
5
5
0
0
3
22
23
25
23
1
1
1
1
0
5
1
23
1
1
1
1
1
31
26
20
27
27
0
3
8
5
3
5
0
0
0
3
7
3
1
1
1
0
1
21
23
9
12
15
25
0
0
0
0
3
1
0
3
3
1
0
5
26
26
5
20
33
29
1
5
1
13
7
5
9
3
5
5
9
29
26
26
21
3
1
3
0
3
1
3
7
9
3
22
37
8
5
1
5
0
3
5
26
32
26
33
5
1
1
5
5
3
5
5
3
26
34
7
0
10
7
5
36
26
3
7
3
0
0
1
31
28
1
0
1
3
3
1
3
1
1
29
28
22
3
9
3
1
3
5
5
1
24
7
7
5
6
11
13
9
3
18
31
30
7
32
5
13
9
13
11
34
30
16
5
10
9
11
41
30
11
9
5
7
31
9
5
32
22
9
7
7
8
0
5
5
0
3
22
24
1
3
3
5
1
1
3
0
0
34
3
1
3
1
3
3
18
30
19
28
23
3
1
3
1
31
3
1
0
5
3
1
26
32
28
1
9
5
28
29
1
5
6
3
31
23
1
7
1
7
9
31
0
7
5
6
3
3
3
7
30
25
5
7
5
5
3
1
1
1
28
18
1
3
5
5
1
1
23
31
38
3
1
7
1
0
3
3
1
26
24
3
1
7
9
1
7
5
27
28
23
7
3
9
3
9
18
9
13
14
7
14
13
20
13
10
13
13
15
13
10
10
15
15
11
15
15
11
13
11
12
12
13
16
17
15
12
11
17
10
9
21
12
18
10
11
15
10
11
11
13
11
8
13
10
16
15
11
17
13
15
9
16
7
14
16
14
10
11
8
16
9
7
13
11
7
13
9
11
11
9
11
9
11
9
9
9
7
11
11
13
13
9
9
11
13
7
9
9
11
13
9
10
9
11
11
13
11
9
9
11
10
11
5
3
0
1
0
1
0
3
3
1
3
1
0
1
1
3
27
3
1
3
1
22
24
17
26
20
26
1
21
22
24
20
21
3
1
3
1
5
3
3
1
1
0
1
1
3
5
1
1
5
3
0
22
14
24
3
26
26
23
27
18
28
32
26
0
0
1
5
1
3
0
1
1
0
0
3
1
3
1
22
1
1
1
1
0
20
30
24
34
28
18
3
26
3
19
29
3
1
0
0
1
3
5
1
1
3
5
0
1
0
0
1
0
1
5
3
3
3
5
1
3
0
18
30
19
0
0
27
3
22
20
31
24
3
27
1
0
3
9
1
1
0
0
1
1
1
3
0
3
1
1
1
5
1
3
0
1
3
0
0
0
9
5
7
3
5
5
7
7
3
3
3
3
3
3
0
1
5
3
3
14
9
13
17
13
22
15
9
9
9
13
13
9
14
13
11
9
9
9
13
11
17
11
11
9
9
9
12
15
10
9
11
11
9
9
9
13
9
12
11
11
11
11
5
11
12
7
16
7
16
12
7
9
15
9
12
9
9
11
5
9
11
11
11
14
15
11
14
9
11
13
11
9
12
11
11
13
13
11
10
14
14
9
11
10
11
9
9
11
9
11
11
7
13
13
11
11
18
16
11
11
13
18
15
11
15
19
12
15
15
13
9
11
16
11
13
9
10
11
12
16
9
9
14
11
17
11
11
11
11
13
14
11
11
9
11
13
13
11
11
19
10
20
9
11
15
11
14
9
14
9
15
11
11
7
11
13
10
11
9
15
11
9
14
11
13
15
16
13
9
12
13
17
7
11
17
17
12
11
13
7
13
9
11
11
9
9
9
11
12
12
13
9
12
11
13
14
13
11
9
12
15
9
17
13
9
14
13
9
15
12
11
17
9
7
13
11
9
16
12
13
17
12
15
16
9
11
17
13
11
7
17
9
11
15
13
15
21
11
11
11
13
9
11
9
11
13
12
9
11
9
11
14
15
9
7
9
7
9
11
11
15
14
9
13
9
11
9
11
13
21
18
9
11
11
13
14
9
9
16
8
15
18
16
13
15
14
14
7
15
9
11
7
11
13
11
11
16
17
15
15
10
7
11
11
11
10
11
7
7
9
9
13
11
14
13
9
11
14
11
13
7
13
17
9
14
7
9
11
13
14
11
13
13
13
9
11
9
9
14
9
9
9
7
13
15
7
10
9
16
13
9
11
15
11
10
15
11
9
13
7
11
17
9
11
11
15
13
9
9
11
7
11
13
11
9
13
11
13
9
13
7
11
10
11
8
9
9
7
9
17
9
9
13
9
11
11
13
11
13
9
9
11
7
9
9
15
11
13
9
14
9
9
7
9
16
13
12
11
9
11
7
9
9
13
7
11
9
11
5
9
11
13
13
9
9
10
11
12
13
9
9
13
11
7
11
11
9
11
11
13
11
16
9
11
13
10
11
9
14
13
11
9
11
11
13
13
9
7
13
11
11
9
9
9
9
9
9
13
13
9
5
19
12
11
13
7
9
14
11
9
13
7
13
20
13
13
13
13
13
13
16
12
13
11
11
14
11
13
11
11
18
13
11
9
7
9
16
11
11
15
11
13
16
15
9
9
7
9
13
11
9
11
13
9
7
9
9
11
7
9
7
15
11
19
9
12
11
11
11
9
11
10
9
13
15
13
13
16
9
13
13
13
13
13
11
11
9
11
5
11
13
9
9
12
13
