19
5
1
0
3
3
0
1
0
3
0
40
0
1
5
3
1
3
1
7
15
3
1
1
3
1
5
1
0
0
0
1
3
1
0
4
3
3
1
3
3
1
3
5
3
5
3
3
1
3
3
5
1
1
1
3
3
3
0
3
1
1
3
1
1
3
1
0
3
1
1
1
16
7
1
1
3
1
3
5
0
3
5
3
5
3
0
8
5
3
1
3
0
1
1
1
1
10
1
3
1
5
1
1
3
1
0
84
3
6
5
1
1
3
0
3
3
75
1
3
50
3
1
3
1
15
70
1
3
7
1
1
3
5
26
3
1
1
20
3
0
0
1
3
3
9
16
5
39
11
1
7
1
1
1
0
3
1
3
5
7
3
1
51
47
13
3
4
5
3
1
39
18
1
1
1
3
7
3
3
1
6
3
1
3
1
5
5
3
1
5
9
1
3
1
3
3
7
3
3
1
1
3
1
3
1
11
1
5
1
3
3
1
1
1
45
3
3
5
1
3
5
3
1
3
1
5
3
0
1
6
1
0
83
1
1
91
3
1
46
1
5
65
1
1
72
5
3
7
1
0
45
1
3
24
1
36
1
1
3
59
5
0
1
9
0
1
1
3
3
0
3
0
1
7
3
5
5
3
1
0
1
3
3
7
45
3
3
7
19
6
1
1
5
1
13
1
3
5
4
3
3
3
0
3
1
1
1
1
1
68
1
7
1
3
3
4
22
0
71
1
3
3
0
1
1
3
1
1
3
3
1
3
5
14
1
12
5
5
0
5
3
1
1
0
3
1
1
3
1
31
5
1
3
1
1
3
0
3
25
0
8
39
3
3
5
1
1
35
3
3
3
59
0
1
0
0
1
78
0
0
7
3
3
0
3
5
5
3
7
6
1
18
1
7
3
3
0
4
6
77
1
3
5
5
1
4
1
1
1
40
5
1
65
3
3
2
3
3
3
3
1
3
5
1
4
7
3
3
42
30
3
1
3
1
1
3
34
1
5
1
3
3
3
1
3
41
1
3
5
1
3
42
5
7
0
74
1
3
4
17
6
5
44
3
3
4
77
3
11
3
5
3
7
5
3
1
1
5
5
39
3
3
7
1
1
1
0
5
8
3
3
3
3
0
7
3
1
1
5
3
3
1
39
1
3
3
42
1
3
46
15
3
3
1
3
3
1
1
3
3
5
7
3
1
5
5
44
1
1
5
3
0
5
0
1
7
0
3
8
5
3
3
1
1
6
6
10
3
3
5
1
3
3
1
3
3
1
5
10
1
3
4
3
3
3
9
7
5
1
5
3
9
1
1
41
3
3
0
82
5
1
3
1
3
3
3
5
3
1
1
3
1
6
3
1
3
1
3
1
3
1
4
7
13
3
3
1
10
1
3
7
1
7
8
5
1
1
3
1
1
0
10
4
1
5
3
10
1
7
1
3
6
3
1
3
8
7
7
1
2
3
5
3
4
7
13
1
3
1
1
5
1
1
1
1
3
3
3
3
32
0
3
3
5
0
3
1
1
3
0
3
1
7
3
3
5
3
5
3
3
48
12
1
12
3
8
37
3
5
6
10
9
5
3
1
5
11
0
1
5
1
3
1
3
1
1
9
1
22
1
1
5
1
0
4
1
1
5
3
1
3
0
3
3
5
3
3
3
3
1
8
5
43
1
80
16
3
60
1
5
60
1
1
7
3
1
4
1
1
1
5
3
5
5
0
3
1
11
3
82
3
5
7
1
0
3
3
3
5
3
7
1
7
5
5
9
0
1
75
1
3
3
3
3
7
34
1
6
5
5
25
10
3
1
6
5
1
1
4
3
3
3
43
3
4
13
1
1
0
1
5
1
3
1
3
5
4
4
3
1
0
3
5
1
1
3
17
4
1
5
80
1
3
5
36
1
1
7
1
3
3
1
10
1
5
9
0
7
0
3
1
5
1
3
3
5
0
1
5
5
0
3
5
1
5
75
6
7
0
11
5
5
0
3
3
10
5
3
0
3
5
1
3
1
3
3
12
7
1
11
3
0
1
3
9
0
1
1
1
5
1
7
0
7
5
1
1
6
3
0
3
5
0
12
1
9
9
1
7
3
3
1
9
5
0
0
1
3
5
1
3
3
1
9
34
3
0
3
0
1
0
0
0
1
1
0
0
3
0
1
5
5
1
7
1
1
0
5
97
1
1
0
0
5
5
0
63
0
1
5
1
85
0
9
3
0
5
9
1
8
3
1
3
3
5
1
1
3
0
3
3
1
7
7
1
5
3
1
1
0
0
1
1
1
1
9
3
1
5
3
3
1
1
1
3
19
1
3
7
1
9
3
11
1
3
94
3
1
1
1
3
13
1
3
3
1
7
69
0
1
54
1
5
3
1
0
3
1
7
3
3
1
5
11
5
3
0
7
5
1
5
3
9
0
10
0
7
0
1
7
1
3
0
0
3
5
0
4
3
0
28
1
1
8
1
0
1
0
9
1
7
5
1
0
1
3
1
7
7
3
3
1
7
13
5
5
1
1
3
1
1
3
3
7
3
0
5
3
9
1
0
3
3
3
11
5
0
11
7
0
3
5
0
3
7
1
0
1
5
3
0
1
1
7
5
7
3
9
5
5
5
0
0
0
0
0
3
1
1
0
0
0
3
5
0
1
7
1
5
3
0
0
0
3
0
0
0
7
9
5
3
0
5
0
0
1
0
0
0
1
0
0
0
1
0
0
0
83
0
1
1
1
0
0
1
5
0
3
3
1
0
0
5
1
7
1
68
7
0
1
5
0
1
1
0
0
10
1
0
0
7
0
3
0
0
7
3
3
0
0
5
1
1
58
3
0
0
0
1
0
1
3
0
5
1
5
7
0
7
0
1
3
1
1
3
1
1
1
3
1
0
1
7
1
1
0
3
1
9
5
0
1
5
0
1
1
88
7
0
5
13
1
0
3
5
0
0
0
1
1
0
7
0
0
1
1
0
3
1
0
0
0
0
7
3
0
1
1
0
3
3
1
0
1
5
1
0
1
0
12
3
0
1
5
0
0
5
3
5
0
47
1
5
43
0
1
1
0
3
5
3
3
0
0
1
0
3
0
7
6
7
1
0
1
7
5
3
9
0
0
5
7
1
1
3
1
1
1
1
0
1
1
1
0
1
1
1
7
5
1
1
0
3
3
7
3
0
1
1
1
3
5
0
1
3
5
5
1
42
0
1
3
0
1
3
0
5
3
8
0
3
1
3
7
64
1
0
0
1
7
0
3
1
0
5
1
7
0
3
