4
17
10
3
16
4
13
15
19
22
25
14
15
21
16
16
18
24
13
21
13
21
20
14
22
18
12
12
16
18
16
18
15
8
10
18
25
20
22
19
14
20
22
26
21
10
20
21
9
27
47
18
19
25
20
25
9
21
15
31
25
13
11
13
11
13
2
13
13
20
6
6
6
10
30
18
25
28
17
7
10
11
5
7
7
8
30
26
11
15
15
14
9
10
22
25
11
18
15
7
11
9
17
2
10
21
18
16
8
21
21
11
8
17
12
16
7
5
15
10
16
13
13
15
16
15
15
29
20
15
19
20
14
5
11
7
12
13
16
20
15
11
20
10
15
17
10
17
8
11
12
22
16
23
26
15
18
25
16
49
13
21
29
19
11
19
22
22
17
19
40
9
28
11
10
16
23
20
11
25
19
18
30
17
30
8
7
18
6
15
22
19
20
22
48
27
18
14
24
23
15
17
17
15
18
20
21
11
17
15
17
3
17
6
20
12
14
21
23
16
25
11
24
18
15
22
15
11
35
24
11
5
9
19
27
13
20
29
7
13
18
11
15
23
17
15
9
14
19
16
17
6
13
24
30
11
17
18
8
14
17
11
28
17
20
18
20
13
19
15
13
13
11
9
13
14
14
11
21
21
9
10
8
12
10
17
20
29
20
18
5
31
18
19
13
7
14
16
16
16
8
17
4
10
17
30
20
19
33
12
14
9
24
18
11
7
3
5
6
9
30
2
4
12
13
2
6
4
12
4
6
4
14
10
12
25
33
28
7
9
12
24
24
71
24
18
3
0
1
13
8
9
8
10
16
21
14
10
16
12
18
16
11
12
16
7
13
27
6
14
15
10
4
12
7
16
15
3
2
8
10
18
10
7
10
3
8
19
23
7
9
7
5
4
8
3
7
13
4
5
5
6
2
7
5
2
7
0
11
4
5
9
9
17
2
11
3
7
3
11
1
4
5
1
31
4
4
2
6
2
7
2
4
5
6
5
8
4
7
2
5
4
6
7
17
2
5
3
14
6
5
3
9
15
8
4
6
9
6
7
4
4
5
12
4
9
9
53
73
17
7
11
4
6
8
5
5
5
4
2
1
7
0
4
8
12
2
4
26
2
6
3
2
10
8
8
4
12
11
10
7
7
7
5
6
3
8
10
10
9
6
10
15
6
9
11
2
4
9
4
4
2
2
10
6
2
6
7
11
13
14
8
25
18
19
2
4
8
15
14
14
5
5
3
8
4
4
11
16
17
14
21
17
24
11
13
7
20
11
10
9
7
11
16
15
6
15
14
15
6
10
10
5
11
17
7
2
3
2
2
4
2
4
2
4
3
2
2
4
2
2
5
2
4
2
4
2
1
2
4
2
2
4
4
0
2
2
0
1
2
2
7
14
2
4
1
7
1
5
4
5
1
6
4
2
0
36
26
36
33
1
6
0
0
1
0
1
2
0
6
4
5
2
1
0
2
2
7
4
0
2
2
0
1
0
0
4
4
2
4
5
8
4
4
2
1
3
0
2
1
1
4
2
1
0
0
0
2
2
2
3
2
2
2
2
3
0
1
3
1
0
4
4
5
2
2
2
1
0
2
0
1
1
2
2
0
2
4
2
4
0
2
5
0
2
0
2
0
2
0
0
0
6
2
0
0
4
1
4
4
1
0
2
0
2
2
2
2
2
2
2
4
4
0
4
2
2
0
1
1
2
1
2
1
1
3
5
2
2
2
2
1
1
1
2
1
1
5
6
2
2
5
4
0
2
2
0
2
1
2
1
2
2
4
0
0
1
2
0
0
6
4
0
0
3
1
1
2
0
1
1
0
2
3
4
13
1
1
1
2
2
0
4
5
5
2
1
0
2
1
5
1
2
1
2
1
0
2
0
0
0
0
0
0
2
1
1
0
2
0
1
1
6
3
3
2
2
0
2
1
2
8
2
2
0
4
0
0
0
1
0
1
2
1
3
5
0
3
5
4
2
4
4
4
3
3
3
2
2
2
3
3
2
2
11
2
4
2
7
4
1
5
5
4
6
3
10
4
3
3
2
5
7
2
2
4
2
2
6
2
7
3
2
2
7
20
2
4
6
5
2
2
3
2
2
2
7
2
3
2
7
3
2
5
5
6
14
2
3
4
5
4
5
5
3
4
2
5
4
0
2
7
4
4
3
3
3
7
2
3
3
5
2
5
3
9
2
9
3
2
4
3
7
2
6
9
2
0
2
2
2
9
4
11
3
11
3
5
4
4
3
5
5
2
9
2
7
4
2
2
7
2
5
2
7
4
3
2
5
4
7
5
4
2
11
2
4
3
4
2
7
40
51
56
11
2
9
2
2
3
2
2
3
3
2
4
7
3
4
4
3
6
5
3
4
3
3
3
3
5
3
7
6
7
3
2
2
3
2
3
2
4
2
2
5
2
10
2
2
9
3
7
9
6
5
9
2
3
2
9
5
4
19
6
7
4
2
10
4
8
5
5
5
2
7
2
7
2
5
2
4
3
4
2
2
2
2
6
2
0
9
3
2
5
2
2
2
9
6
0
2
0
5
3
2
5
2
2
6
5
4
2
3
2
7
4
2
3
2
3
3
3
3
10
10
2
5
7
1
2
3
3
7
0
2
2
2
2
5
2
2
2
9
5
4
2
2
4
2
2
0
0
0
2
0
4
7
2
2
2
3
0
2
0
0
4
2
0
2
4
4
2
2
0
7
2
2
2
0
2
4
6
2
2
2
4
4
0
4
2
0
2
6
0
2
2
2
2
2
2
2
0
2
2
0
4
2
2
5
4
2
2
2
9
6
4
4
0
2
2
7
3
4
11
6
4
0
4
0
3
2
8
2
2
4
2
3
2
2
5
5
2
2
2
4
2
2
6
4
4
2
2
0
4
4
0
2
2
11
4
2
2
2
8
2
6
2
4
2
2
4
0
4
4
2
6
2
4
2
0
2
2
0
2
4
7
2
4
4
2
0
0
6
5
12
6
2
0
2
6
4
2
4
6
2
4
4
2
2
11
2
0
2
2
0
2
2
2
6
2
6
2
2
0
0
8
4
2
6
2
4
4
6
2
0
0
0
4
0
2
2
2
4
7
2
6
2
2
6
2
0
2
0
6
2
2
6
4
2
2
20
6
2
2
6
0
4
0
2
6
0
2
9
4
6
10
4
2
4
4
2
2
2
0
0
2
2
2
2
4
2
0
4
4
2
4
3
6
2
4
4
2
5
4
2
0
4
0
2
2
4
2
2
0
0
2
5
2
6
4
