57
28
17
47
33
26
18
47
19
45
32
24
30
15
24
43
9
26
13
34
22
22
19
16
18
22
17
9
24
38
15
30
20
11
41
47
13
39
7
27
20
15
30
35
42
15
26
13
46
43
30
34
18
18
27
28
11
23
30
18
35
45
49
55
19
11
13
17
12
25
19
42
32
15
21
15
41
27
45
18
48
47
24
45
28
28
13
35
27
34
25
32
45
33
32
26
54
19
42
23
36
28
41
17
29
36
20
20
50
32
25
24
39
49
45
54
27
47
26
58
57
30
31
35
25
34
53
32
11
60
66
23
42
53
41
47
39
30
39
33
32
16
40
27
55
54
49
35
35
34
49
53
20
39
51
38
69
47
21
45
49
31
97
45
28
49
49
70
57
41
36
75
48
39
32
54
76
33
30
40
24
60
59
22
59
23
41
55
60
66
54
30
48
71
32
49
22
61
69
25
63
21
40
59
34
25
60
48
49
15
23
66
58
65
21
40
59
40
70
56
59
28
36
31
74
22
35
19
40
24
35
15
34
28
50
33
59
17
46
34
50
41
34
27
43
42
26
32
21
16
21
7
22
31
26
23
17
32
20
11
59
33
13
45
23
16
17
48
20
41
13
15
38
26
29
26
22
13
25
42
27
13
9
55
74
49
23
36
21
45
20
9
23
19
21
19
30
38
7
52
32
11
28
20
26
37
30
32
81
11
14
15
18
11
11
53
45
18
25
26
32
5
43
15
16
17
30
65
33
37
18
9
27
14
18
28
28
50
22
15
60
15
15
18
16
27
16
31
19
58
13
55
22
43
50
59
20
24
20
17
28
24
33
11
29
62
21
13
34
11
38
28
26
39
51
13
10
35
13
19
35
11
11
65
23
19
14
20
19
26
25
19
52
33
31
22
24
31
28
22
52
36
30
28
37
63
31
26
32
44
15
57
56
49
35
32
39
28
37
20
59
39
43
50
53
52
17
78
61
41
31
40
57
71
62
71
55
46
63
54
41
70
60
46
24
37
52
39
77
68
30
74
57
37
74
77
66
50
81
13
41
44
49
49
18
52
72
57
52
77
67
63
36
44
57
56
15
87
39
63
58
57
79
90
52
60
41
83
63
68
71
38
72
27
42
65
69
66
66
76
28
58
35
64
71
23
47
30
20
66
53
59
48
25
49
59
74
81
49
39
38
41
63
45
69
44
32
39
50
82
37
38
35
13
24
68
15
17
22
18
32
39
39
17
13
21
29
24
28
49
28
25
15
15
57
17
28
13
36
36
49
27
15
20
47
42
32
18
30
12
28
60
11
40
69
32
38
35
49
27
16
19
43
31
35
26
41
46
41
34
31
28
20
47
36
24
13
17
13
36
61
34
34
15
28
34
19
11
7
22
10
13
34
32
16
37
32
10
27
17
33
46
50
36
17
12
21
13
34
15
37
14
1
52
19
59
42
25
16
26
20
26
16
23
60
51
23
55
13
26
32
43
28
35
40
38
29
46
52
20
26
31
28
26
30
11
24
28
13
40
25
53
23
14
15
37
20
36
30
22
11
9
60
16
22
36
21
9
37
30
34
20
24
44
31
22
39
36
34
41
34
29
9
35
34
41
30
47
18
26
59
61
38
22
35
29
64
47
19
34
32
49
52
45
59
22
36
22
32
36
35
31
25
54
84
28
44
56
51
26
39
50
40
37
28
26
45
61
36
61
63
29
26
28
56
35
59
18
26
34
30
38
37
51
26
28
33
16
36
13
49
37
45
39
56
64
49
21
45
51
42
28
20
43
25
31
26
15
14
15
15
22
24
23
31
15
30
12
21
49
9
23
19
20
26
15
22
20
11
51
30
35
24
12
20
38
24
23
27
9
61
11
18
5
15
13
36
16
24
24
11
19
11
1
21
9
3
7
26
3
0
9
1
1
11
3
7
7
1
3
7
14
7
5
3
3
7
7
1
3
1
1
80
9
40
26
11
20
15
5
26
5
11
9
1
7
1
15
5
9
11
11
3
11
1
5
3
1
9
3
5
14
11
1
5
5
13
11
15
7
7
1
10
7
14
5
5
7
11
38
9
11
7
36
22
42
9
28
7
7
13
7
11
1
9
11
11
15
20
18
3
14
18
28
15
11
11
33
30
21
22
7
24
37
28
10
22
11
34
20
29
20
29
21
20
18
22
9
9
11
33
16
28
21
22
26
24
22
32
33
26
17
24
37
24
32
11
29
20
32
20
18
30
18
32
20
19
21
17
17
22
24
20
17
42
32
32
41
19
26
23
48
17
17
24
18
28
23
17
15
26
17
28
27
28
43
29
22
14
22
23
15
37
38
38
26
30
27
27
30
32
48
22
26
35
28
21
17
20
26
36
39
17
36
39
30
26
26
45
19
22
61
31
24
35
45
22
39
20
24
45
22
41
45
47
34
13
24
38
24
35
72
34
20
36
15
32
22
30
11
32
36
33
20
19
28
25
24
24
17
44
24
24
24
19
28
11
21
19
30
23
23
22
20
20
19
19
5
17
26
52
21
28
26
15
25
14
9
14
15
7
11
24
7
15
5
20
19
13
13
3
16
9
3
18
38
1
16
17
11
29
26
5
11
17
13
10
12
24
13
12
28
30
34
23
17
11
28
25
26
30
48
54
26
34
20
38
81
26
36
39
3
16
17
17
28
46
22
33
21
23
24
50
19
26
19
23
37
34
12
41
7
27
32
24
38
15
25
26
38
14
25
18
19
19
18
30
42
20
45
32
32
44
29
31
30
23
60
30
30
19
48
28
21
13
30
65
17
32
43
34
17
15
15
13
45
21
11
25
24
25
35
49
32
40
13
36
30
51
38
11
23
26
23
43
27
13
28
13
40
28
51
39
33
9
43
24
42
32
32
38
51
15
57
33
26
26
9
19
34
21
23
30
20
19
40
22
28
28
11
23
22
17
38
7
17
32
21
11
17
64
22
35
35
15
30
37
26
20
62
22
26
16
34
25
22
31
38
39
13
17
19
13
26
28
42
24
20
32
26
37
13
18
28
11
32
18
32
36
36
9
13
24
26
36
16
30
36
49
25
23
7
27
33
42
29
13
47
30
17
34
36
36
24
37
28
32
36
17
44
20
25
13
30
13
15
15
34
32
23
28
25
26
32
13
13
32
20
17
24
17
11
15
22
17
21
17
9
13
21
15
22
21
19
9
11
11
5
15
13
21
44
7
9
7
11
12
15
11
15
13
9
31
9
21
35
24
13
18
18
23
13
9
7
11
9
17
15
16
26
