13
40
30
33
20
42
51
55
46
54
28
40
48
22
41
43
56
41
54
44
36
28
46
60
36
49
39
36
49
52
54
51
43
35
26
42
40
39
48
70
35
37
50
46
43
33
36
48
44
53
46
30
42
45
25
33
58
20
33
37
39
39
34
51
39
34
50
43
44
52
29
40
37
39
38
44
23
30
38
33
39
40
25
27
46
33
35
41
44
43
33
34
42
37
52
47
44
42
45
43
33
45
25
30
26
42
36
39
36
51
33
43
39
41
44
68
55
25
33
35
42
25
26
51
61
42
24
46
24
26
49
38
48
47
51
43
35
42
44
40
52
46
44
41
47
50
49
28
49
49
41
41
12
4
38
48
29
26
35
45
37
40
43
14
42
30
28
37
44
48
57
42
37
33
23
57
39
38
38
39
46
36
38
30
29
41
38
46
36
37
34
37
46
31
45
46
35
22
29
45
42
55
36
48
29
29
25
45
48
57
36
41
49
45
38
51
42
39
25
44
40
30
50
43
40
11
44
27
47
36
27
46
58
46
53
36
49
49
48
58
51
40
41
45
40
47
28
54
41
39
43
36
52
24
28
63
30
36
36
45
46
49
29
40
37
25
34
52
21
37
49
43
27
51
47
33
59
43
35
60
39
42
36
37
51
48
45
33
36
54
34
46
43
64
48
44
49
47
46
44
46
29
25
43
35
47
46
42
62
54
51
58
46
51
52
57
63
38
52
53
47
54
40
54
44
60
41
62
46
40
41
51
40
51
37
30
54
63
45
58
44
34
48
45
45
49
46
43
59
46
44
51
51
53
37
31
57
31
41
60
42
30
46
36
51
59
50
42
38
39
58
48
51
49
47
49
47
61
46
59
44
32
35
48
52
43
59
59
61
49
38
61
49
39
54
45
53
24
47
44
50
61
58
50
60
63
39
45
38
50
60
51
30
45
58
38
48
35
33
51
26
54
57
48
54
26
52
42
42
52
52
30
39
52
45
40
43
56
53
48
56
34
41
51
58
42
48
51
48
26
45
50
46
47
55
46
51
49
47
36
46
41
45
43
53
45
41
45
55
58
53
38
51
56
49
52
27
63
40
29
42
28
56
62
50
57
56
45
47
55
30
36
53
64
45
56
39
44
49
39
46
54
60
57
54
53
46
51
33
23
47
31
33
48
47
50
25
33
26
36
42
41
42
35
35
37
42
34
34
42
44
33
42
43
39
44
31
23
34
25
30
35
49
27
30
33
29
40
32
29
26
38
32
22
29
43
36
33
38
33
31
35
42
37
24
29
11
35
31
31
20
19
30
37
36
40
36
39
42
42
38
37
45
27
23
43
37
50
45
42
45
30
47
45
50
44
27
33
41
30
56
56
52
56
42
59
39
25
53
54
56
54
53
59
40
66
37
41
40
39
27
45
40
36
49
54
58
23
51
23
51
52
43
63
60
55
56
55
60
43
46
49
48
42
51
32
35
37
55
43
45
50
46
57
52
41
64
58
47
45
53
60
50
50
41
43
53
58
27
40
40
41
54
30
47
49
47
38
47
58
48
52
58
35
54
46
65
27
31
56
54
34
29
42
36
38
42
53
55
47
53
35
47
40
28
36
28
52
45
41
37
47
32
54
28
41
56
58
67
51
52
61
36
33
61
30
54
52
51
55
56
63
58
45
51
48
35
41
50
47
64
55
50
48
57
43
35
27
48
44
40
50
43
35
59
58
31
61
59
56
36
44
62
47
45
32
52
58
43
35
43
27
49
65
34
56
39
50
56
45
31
53
43
35
46
56
42
55
52
54
62
62
43
56
62
37
59
58
27
48
41
42
45
51
57
56
34
37
52
56
44
45
57
43
60
38
29
29
27
46
53
40
31
49
56
31
40
48
32
51
58
36
52
67
54
60
40
35
28
54
46
48
53
42
38
60
48
35
35
59
58
63
61
27
37
42
47
65
63
51
41
23
34
30
25
46
38
42
32
55
52
47
37
50
37
26
31
44
27
48
61
38
38
46
38
35
51
32
41
30
50
39
35
34
32
52
41
39
34
38
37
43
49
47
30
57
41
27
33
44
43
43
45
48
44
48
54
32
46
45
38
50
41
31
36
40
45
57
57
51
56
59
34
30
55
43
51
36
42
47
73
46
43
37
34
48
23
58
57
30
40
50
42
42
57
34
41
38
35
25
47
34
40
39
41
37
33
41
49
28
46
27
35
35
49
43
30
48
48
50
51
36
38
46
41
50
47
35
46
41
25
43
52
21
33
38
44
48
36
46
55
46
47
51
42
50
61
51
23
29
55
46
43
29
52
39
41
29
44
46
48
23
30
51
46
42
46
54
54
57
48
38
44
40
48
38
45
64
45
26
49
32
21
33
46
29
34
50
46
52
46
44
55
41
51
38
34
38
51
30
35
46
57
25
43
52
31
46
40
40
43
23
32
45
39
24
43
48
53
48
63
41
43
44
51
55
34
46
40
42
44
56
37
41
40
48
26
20
32
41
52
46
39
58
42
43
50
52
48
53
34
42
56
57
39
46
33
43
53
46
52
42
41
33
50
37
39
30
62
44
36
40
45
42
47
31
44
30
41
51
54
51
47
43
54
62
50
33
37
43
50
38
29
41
36
48
60
41
30
54
45
51
7
9
13
52
54
41
22
41
55
48
50
39
44
37
43
39
51
45
54
37
60
30
34
36
34
41
45
37
67
40
61
40
33
28
51
42
53
32
40
57
45
48
37
42
36
39
52
39
42
32
41
44
54
45
43
55
43
36
51
37
50
50
31
41
59
46
53
27
46
51
55
47
28
48
33
29
32
25
32
44
61
43
45
41
58
45
45
47
39
39
29
41
48
58
55
32
43
44
31
50
37
38
44
31
33
39
52
35
69
32
48
52
43
36
56
39
66
48
28
45
43
29
54
55
52
43
54
48
32
56
46
46
29
39
30
32
55
29
49
49
45
60
34
42
26
46
44
58
44
62
47
37
44
29
39
29
55
52
31
42
48
50
48
41
31
51
33
44
49
55
49
30
39
32
41
50
47
36
49
56
58
48
32
42
54
25
52
49
37
52
43
47
28
49
46
54
39
51
54
54
37
47
40
16
48
49
60
44
25
35
52
49
48
49
63
39
34
42
38
17
32
29
53
34
47
52
26
41
54
36
42
43
44
46
63
52
47
51
51
47
42
53
47
52
47
42
43
46
48
41
35
35
41
46
48
40
44
35
43
47
28
46
36
52
36
48
35
36
31
27
50
44
52
38
45
38
59
49
