19
4
12
12
6
6
10
8
4
8
4
4
8
4
4
10
8
12
6
6
10
2
4
15
12
6
8
8
15
10
10
2
2
6
10
6
8
0
17
15
6
8
10
40
8
10
10
8
10
4
6
10
6
13
8
10
12
13
25
8
4
8
4
10
6
4
8
4
2
4
2
6
17
10
8
19
42
29
13
21
29
17
17
4
8
6
4
8
8
6
6
12
10
8
12
10
15
6
27
12
23
12
35
12
35
10
27
33
32
10
23
25
15
8
8
40
15
21
13
29
44
25
17
33
33
37
15
23
12
34
35
37
10
12
37
50
12
31
12
46
31
40
19
10
33
13
8
38
12
2
2
4
6
4
4
2
6
4
6
6
4
4
6
6
4
6
4
4
2
4
2
4
4
6
6
4
2
4
6
4
4
2
4
0
6
8
4
2
6
6
2
0
4
8
6
8
2
4
4
4
6
4
2
4
4
4
4
8
4
4
6
4
4
6
2
4
6
6
6
6
4
12
6
8
4
6
6
6
4
6
8
6
4
6
6
6
4
6
6
4
4
0
0
6
10
4
8
0
6
4
6
2
4
2
4
6
4
4
6
2
8
6
8
0
2
4
0
6
2
0
6
4
2
4
33
6
6
2
6
4
2
4
6
4
2
6
2
4
10
4
10
8
8
8
8
8
6
8
8
8
13
4
2
0
6
8
6
21
12
8
4
13
0
8
10
4
4
8
10
10
8
10
8
8
6
4
4
8
6
12
13
6
6
6
8
6
10
2
10
6
12
6
10
6
15
8
6
6
65
6
4
4
12
10
12
2
2
12
15
15
10
10
4
13
35
8
8
50
10
8
8
19
2
7
8
8
6
19
19
2
10
8
6
6
15
6
6
8
13
4
13
8
13
21
13
40
4
6
8
8
10
13
10
15
10
12
2
6
6
8
6
6
10
10
10
12
8
8
10
6
13
10
6
12
8
8
10
4
12
12
6
42
10
6
13
10
11
4
10
19
8
10
13
11
12
13
6
12
11
13
6
31
8
8
15
12
15
8
11
10
13
10
8
6
8
8
6
10
8
10
19
10
11
4
17
19
12
10
4
6
13
15
13
8
10
8
10
12
10
6
8
13
44
10
6
10
12
13
8
15
11
13
13
13
12
6
17
10
44
10
8
15
13
4
15
12
12
11
12
11
10
12
12
15
8
12
17
13
13
10
17
15
6
13
15
8
10
6
15
15
12
8
15
10
8
13
6
12
8
10
10
8
13
13
11
12
12
10
19
6
13
11
10
12
11
15
8
15
8
8
8
15
8
8
10
10
4
25
10
41
8
16
21
14
29
14
21
41
10
2
0
4
2
2
0
2
0
0
2
0
0
0
0
2
4
0
2
0
0
4
0
0
0
0
0
2
2
0
0
0
0
0
0
4
13
10
4
8
8
4
15
6
10
8
10
12
17
14
6
6
15
12
6
12
8
27
13
23
14
15
8
17
14
8
27
17
16
47
10
8
12
17
12
8
15
31
6
10
12
12
14
14
25
23
14
12
10
10
18
12
6
10
21
10
8
19
15
37
21
21
25
12
14
19
15
33
12
31
10
12
10
10
12
14
12
47
14
33
19
48
16
17
19
12
14
10
19
21
10
14
12
17
23
23
31
10
13
4
19
12
15
14
31
27
17
12
21
17
29
21
15
27
41
27
27
25
4
10
12
17
17
27
27
25
23
27
23
43
31
17
29
25
14
21
10
16
44
21
15
15
19
25
6
8
29
12
35
23
13
17
12
29
25
12
21
16
31
16
35
12
14
21
6
12
23
10
17
8
12
37
2
8
8
2
3
8
6
10
4
6
19
12
8
14
63
4
14
23
12
8
8
10
10
8
8
2
6
12
6
4
0
4
8
8
4
8
4
4
10
0
2
4
2
4
4
0
2
2
4
2
2
6
5
2
2
2
6
6
0
4
6
4
2
2
10
6
6
8
10
17
12
10
8
4
6
4
4
10
8
10
6
6
4
10
6
6
19
8
8
8
10
0
4
18
4
8
8
4
6
4
6
6
4
8
4
4
10
27
8
6
0
16
21
6
8
4
39
12
14
6
6
15
10
6
17
10
10
15
8
17
6
31
14
17
10
10
6
12
16
17
10
12
16
17
14
14
6
8
10
17
10
14
27
14
10
23
14
19
12
19
10
10
23
12
15
25
19
10
10
11
17
16
8
8
25
8
8
25
19
8
29
14
31
25
54
16
25
14
17
10
8
12
31
12
17
37
21
10
27
8
23
21
16
17
8
17
10
14
10
19
23
33
23
12
21
37
12
14
14
25
46
8
6
21
8
23
17
35
14
54
10
4
29
31
25
25
18
0
6
19
15
19
12
10
10
4
6
10
6
12
0
10
2
6
10
0
2
6
2
4
8
6
4
8
4
2
4
10
6
6
2
0
12
4
6
6
6
4
2
4
8
12
8
8
6
2
6
8
2
8
12
2
4
2
2
6
4
6
6
0
4
10
6
6
6
8
6
4
6
4
4
10
4
12
8
8
2
2
10
6
0
6
2
12
8
8
6
0
8
10
0
4
4
6
4
2
4
2
8
6
6
6
4
8
12
6
8
12
6
4
8
6
4
8
8
6
6
6
10
12
8
16
8
10
6
2
0
6
6
6
4
14
2
0
6
0
8
16
8
6
4
6
8
6
4
6
14
29
6
10
12
10
6
4
4
12
10
12
19
14
19
33
8
12
35
19
12
21
72
17
19
12
21
41
23
33
16
17
25
19
18
23
27
19
17
21
21
19
23
19
39
19
16
14
27
29
37
17
17
21
10
8
39
12
6
17
15
23
35
13
21
8
13
23
39
12
6
10
33
17
19
15
31
25
17
29
23
27
15
29
19
41
31
12
15
33
6
19
15
8
17
8
19
23
10
10
25
23
23
21
16
12
19
17
23
17
10
14
13
16
14
12
10
25
33
25
12
54
39
16
16
12
27
25
2
17
23
10
16
6
8
6
4
14
2
6
8
4
8
2
2
8
10
8
8
2
6
4
6
4
6
2
10
8
8
6
12
8
4
6
6
4
4
4
6
4
13
0
12
12
8
8
2
10
2
6
10
12
6
12
12
8
8
12
10
6
10
0
8
4
6
6
6
2
10
2
0
4
10
12
4
12
6
23
8
17
6
4
6
8
4
2
29
6
16
8
2
2
14
2
10
10
4
2
4
14
4
4
17
14
8
6
2
2
10
8
14
8
12
10
19
2
10
6
4
6
0
2
4
4
