13
15
15
26
96
23
19
11
19
23
36
11
23
11
17
10
19
8
8
15
13
15
13
15
21
11
10
13
11
13
17
15
15
21
29
8
21
15
8
19
11
19
11
21
15
19
10
25
17
13
23
8
9
4
15
11
21
11
11
11
19
11
19
8
34
23
6
11
2
13
6
11
11
25
17
17
23
9
25
19
6
19
13
23
8
21
6
17
23
21
11
6
19
17
19
10
10
89
10
21
25
19
6
11
25
19
13
6
8
13
9
17
11
15
10
11
11
17
15
19
19
25
15
13
17
13
21
27
25
11
25
19
4
4
28
8
23
11
11
23
10
28
13
15
4
90
17
25
13
17
27
27
8
17
32
11
17
25
11
11
15
10
15
19
21
21
25
32
10
13
10
15
21
23
13
36
17
23
31
23
11
25
15
15
17
21
34
21
15
31
15
32
11
28
25
27
32
17
29
19
21
23
19
17
4
9
19
10
6
25
23
13
13
11
13
19
2
17
11
15
32
15
8
8
9
19
8
17
10
15
8
13
11
25
10
15
19
8
8
11
19
6
11
17
11
15
19
9
25
13
15
6
11
15
11
25
13
6
11
8
33
17
11
8
8
17
15
8
17
19
23
12
17
8
8
23
8
6
10
6
17
12
23
19
17
13
15
6
2
4
11
6
6
4
9
6
4
13
2
4
9
57
9
6
86
15
9
9
11
15
17
23
19
19
11
15
15
13
9
9
8
11
11
9
19
13
11
24
19
21
15
9
13
15
4
19
13
21
10
8
9
19
9
9
25
13
19
17
23
13
13
13
17
13
6
15
10
25
17
9
17
19
15
19
23
18
19
28
19
19
13
19
21
6
17
11
47
15
23
28
11
21
13
21
36
15
26
21
21
21
23
19
15
15
17
25
32
15
17
11
10
21
6
9
30
30
15
27
15
45
28
38
32
25
21
17
20
51
13
30
17
27
30
21
30
27
30
25
17
42
25
17
15
15
17
13
40
21
25
28
36
19
13
27
9
21
34
42
9
11
34
36
32
21
13
9
38
11
6
13
42
25
19
38
11
17
25
15
11
25
17
13
24
21
17
10
23
25
21
25
11
28
40
51
28
30
27
21
42
15
19
31
8
21
11
13
70
36
30
29
21
21
30
21
9
22
19
15
11
17
10
17
17
15
19
13
19
21
11
17
27
17
25
23
19
13
29
8
13
21
23
21
6
17
32
23
21
21
23
6
15
19
21
11
13
15
8
24
11
15
19
26
19
25
27
21
23
15
11
23
15
13
10
11
10
11
11
17
13
24
17
21
15
17
8
11
23
15
9
8
13
8
8
9
10
8
8
4
8
4
9
4
8
8
6
10
9
7
6
6
6
11
8
6
8
8
8
4
4
6
11
8
6
13
2
8
4
6
4
6
8
8
6
2
8
8
6
2
9
6
6
7
6
6
8
6
6
15
10
6
8
8
6
8
6
4
9
9
0
8
9
6
4
6
4
8
4
9
8
8
2
9
6
9
40
4
9
11
7
11
8
11
15
8
13
11
6
11
6
9
8
4
11
13
6
13
15
6
65
6
6
10
4
11
6
11
8
6
10
7
11
4
9
15
6
6
8
8
6
6
11
10
9
8
7
15
8
9
91
6
11
21
10
11
8
8
13
6
10
13
9
8
9
13
13
15
15
9
11
4
11
13
15
7
24
11
7
8
4
8
13
7
8
10
11
13
25
8
15
15
15
4
19
10
7
9
9
6
9
15
9
8
6
4
13
17
13
19
10
13
21
9
9
15
11
10
15
11
9
17
10
6
17
9
17
15
17
4
13
11
13
15
8
8
17
8
15
7
11
17
8
6
11
23
4
9
15
21
10
6
8
8
13
8
8
34
11
8
0
13
4
11
9
9
4
6
10
8
13
10
11
11
10
4
13
6
11
75
9
10
6
6
9
9
15
34
11
8
6
15
4
11
8
4
0
6
6
6
8
8
8
6
6
6
6
4
4
4
6
7
11
6
6
6
2
6
4
4
6
6
4
6
6
8
2
8
6
4
11
11
8
4
6
9
4
11
6
6
8
10
4
10
0
8
10
9
9
10
8
8
9
6
10
4
6
9
10
11
6
6
8
8
6
8
10
7
46
11
13
8
9
11
4
8
4
8
8
6
8
6
6
8
11
8
9
6
6
2
9
6
9
9
9
6
6
8
4
6
6
8
11
6
6
11
6
8
6
6
8
6
6
6
8
9
8
8
9
8
8
8
6
6
8
6
11
9
6
13
13
11
8
10
4
10
6
8
8
6
6
13
10
8
4
6
8
11
9
6
9
9
6
6
9
9
13
8
11
6
9
9
8
6
17
11
8
13
8
11
11
8
8
9
4
11
8
19
15
9
11
11
11
6
11
11
10
10
13
11
13
9
9
13
9
7
8
9
8
8
15
4
6
11
8
4
8
8
8
9
9
7
8
9
13
8
13
8
11
17
11
9
6
7
9
9
9
8
9
6
11
8
4
8
8
7
6
8
8
13
40
4
8
11
8
8
8
15
10
9
8
10
17
4
9
6
15
10
9
4
9
8
8
9
11
11
7
6
8
9
9
8
9
17
9
6
9
13
4
13
6
13
10
11
0
6
4
6
6
2
2
8
4
0
4
2
0
4
2
6
4
4
2
4
6
6
6
4
4
10
4
4
6
4
2
2
4
6
21
6
2
4
4
4
8
4
4
8
2
0
6
2
4
4
8
4
4
4
4
11
0
4
6
4
2
6
8
2
4
2
2
8
6
2
6
6
0
4
8
4
6
4
2
4
0
2
4
2
2
4
4
8
12
4
2
4
2
10
4
4
6
0
4
6
2
0
8
4
6
4
4
8
4
4
4
4
4
4
4
6
4
8
4
2
8
2
2
10
4
4
8
2
4
6
4
4
6
2
4
4
4
4
10
4
6
8
4
2
8
2
2
4
2
2
50
4
4
6
2
0
8
2
2
8
0
0
8
6
0
12
4
0
0
4
6
0
0
4
6
0
6
4
4
4
2
6
2
4
0
6
4
6
0
4
6
6
6
6
4
6
8
4
4
2
2
8
4
0
6
2
4
6
6
4
2
4
8
6
0
2
2
2
4
2
4
4
2
4
4
4
4
4
2
0
0
0
0
2
4
2
0
4
4
0
2
0
2
4
4
4
4
4
2
2
2
2
4
4
2
2
4
2
0
0
0
4
40
0
2
2
2
0
0
4
2
2
2
2
0
0
0
0
0
2
2
2
0
2
4
4
4
0
