61
70
15
96
44
70
37
83
24
58
42
48
16
38
43
42
33
64
23
22
33
53
56
49
13
46
22
64
45
31
44
53
48
42
29
65
49
22
40
56
67
56
18
39
66
21
38
33
16
23
46
48
50
40
67
48
63
36
42
50
46
44
52
83
28
42
33
75
15
40
48
26
35
46
26
18
26
43
19
21
55
49
32
28
33
74
20
23
56
71
53
38
39
15
35
58
34
34
16
65
48
86
55
48
45
45
55
47
50
46
43
41
44
64
38
27
27
18
21
67
34
60
34
35
56
50
38
56
45
68
19
48
44
22
15
48
24
44
32
71
45
86
23
23
17
96
17
37
51
25
44
58
44
19
17
41
85
19
42
40
37
54
33
34
52
15
33
52
32
52
45
46
23
30
20
65
23
61
56
37
38
26
17
55
35
20
18
36
53
31
33
37
41
49
55
49
73
24
17
22
23
19
47
30
62
29
24
31
33
40
65
50
31
15
18
40
28
45
43
19
53
48
42
18
23
53
14
67
14
44
56
53
39
38
34
53
63
19
19
48
15
31
52
41
59
32
31
32
43
38
29
17
23
22
32
38
45
36
44
17
49
37
38
16
36
18
32
54
30
15
30
33
27
51
21
35
34
43
15
26
24
42
45
32
37
15
36
24
4
8
2
2
6
0
2
2
9
4
5
36
4
2
32
4
4
64
2
9
45
4
5
42
29
0
9
38
6
2
4
4
2
6
4
49
33
27
6
35
6
6
33
4
6
26
2
7
6
23
37
20
0
8
2
0
4
2
7
29
21
2
52
22
4
39
62
6
4
8
6
21
39
2
29
49
30
8
54
0
8
4
4
2
14
30
6
13
12
6
4
5
6
4
54
2
33
29
25
4
7
0
2
69
2
12
2
56
6
0
8
28
24
4
3
2
4
80
2
2
9
45
31
23
56
4
4
6
9
2
0
30
8
47
26
33
34
37
0
5
4
4
15
2
24
28
13
24
30
8
41
4
12
4
10
4
6
2
2
2
35
6
0
43
2
4
71
12
4
9
4
6
8
2
4
35
4
2
78
6
26
42
2
24
37
4
2
4
2
8
6
27
25
4
17
41
4
2
4
13
10
6
2
61
2
4
3
19
2
9
0
8
55
4
2
53
2
4
4
40
0
2
2
4
6
50
6
4
6
28
32
2
7
6
3
4
0
4
62
4
22
27
46
4
4
20
29
23
27
4
2
2
2
6
2
6
4
7
4
2
8
4
4
38
29
34
0
8
4
4
85
3
6
4
4
6
4
0
2
75
2
2
4
4
4
7
2
2
0
2
4
0
0
2
0
4
4
0
2
2
0
16
6
2
6
0
60
0
2
56
4
2
2
4
4
2
2
2
4
6
4
2
31
47
33
39
55
31
4
2
8
4
6
6
2
33
19
14
36
4
6
3
70
0
4
2
34
31
21
2
28
35
23
56
2
23
56
53
37
30
26
26
21
17
33
16
36
30
48
11
38
19
53
3
2
5
18
2
4
4
4
10
6
3
19
2
26
3
35
6
0
7
2
4
4
2
4
2
3
25
0
2
30
32
2
4
8
2
31
2
2
29
33
30
6
47
27
2
4
19
6
44
36
2
23
2
4
7
23
6
2
5
35
74
4
4
8
34
4
36
50
2
4
25
0
4
2
41
0
35
4
12
24
7
2
25
22
6
4
2
0
11
0
24
28
2
2
31
23
19
4
3
4
0
5
3
32
27
4
18
17
22
0
5
0
2
7
4
0
45
19
28
23
19
32
2
4
40
0
3
6
2
2
60
2
2
21
2
9
4
4
0
33
16
27
22
24
33
2
16
6
2
36
4
10
6
29
15
19
4
4
2
23
2
2
31
4
2
33
13
17
39
2
0
8
2
0
0
25
4
2
31
2
4
4
4
6
7
6
5
20
4
2
28
39
6
33
2
2
2
2
2
2
8
2
2
17
4
21
6
33
13
34
32
6
4
4
6
6
7
11
9
6
33
6
4
39
24
10
54
11
17
9
8
6
7
31
27
45
37
2
13
42
5
4
12
10
6
24
23
41
55
5
8
6
4
30
21
3
5
30
4
6
75
4
4
2
2
8
2
10
7
2
10
11
10
5
4
10
4
77
6
8
3
36
9
7
15
7
5
60
6
6
6
2
6
20
9
2
28
2
4
4
4
10
5
66
6
7
46
25
9
4
42
16
6
5
6
36
35
34
34
25
27
24
10
39
9
9
21
35
29
37
44
16
46
4
40
6
48
2
4
48
21
62
4
37
25
33
4
2
28
6
36
20
6
27
24
39
9
25
21
37
43
31
52
51
24
32
36
25
12
42
4
14
31
13
4
32
42
20
21
23
22
29
4
8
16
31
2
25
27
46
11
30
24
2
42
26
33
8
27
31
46
20
61
2
27
31
31
32
36
31
30
39
39
4
18
28
31
26
29
19
30
22
14
4
21
19
13
40
8
21
20
16
7
37
51
7
24
25
17
4
21
27
23
27
19
6
26
24
19
38
4
28
40
21
17
20
8
25
28
27
23
30
34
42
31
4
27
24
30
39
7
41
24
17
32
28
42
3
23
26
24
22
22
44
4
20
18
40
5
37
23
6
4
62
4
11
27
6
10
9
9
23
28
6
40
9
6
6
6
8
2
4
0
2
9
4
13
4
2
6
9
63
4
2
0
9
46
6
16
6
0
15
10
6
8
42
4
2
40
2
2
4
4
2
4
3
4
0
28
5
4
4
7
56
2
2
8
4
2
5
50
25
24
33
4
2
34
8
2
6
5
6
6
8
2
33
7
6
4
2
66
6
8
22
8
7
9
32
4
42
4
9
53
4
5
44
10
5
43
36
5
7
6
5
2
25
0
4
2
6
6
11
8
10
8
6
13
10
5
9
24
9
5
4
7
8
95
6
7
10
45
19
7
4
4
11
29
30
9
2
8
28
2
17
30
5
7
4
60
6
73
8
4
59
4
4
6
7
4
5
6
4
6
7
10
4
4
7
4
4
2
55
4
9
2
2
10
2
6
2
4
36
2
8
8
8
2
2
6
8
2
6
2
55
10
4
12
6
6
72
53
6
14
14
5
6
42
24
43
11
8
4
2
16
6
5
45
4
5
49
32
4
5
3
7
44
2
4
4
5
0
34
13
5
8
11
6
12
7
2
5
27
14
5
46
6
4
72
11
15
77
45
8
2
4
2
4
4
6
2
15
8
7
2
9
8
68
35
6
5
8
4
5
4
8
7
26
2
4
