0
15
10
14
17
6
10
4
10
10
15
12
8
15
2
12
17
12
10
41
6
8
17
8
14
10
8
21
19
10
8
0
10
17
8
17
12
0
0
16
15
27
12
6
23
23
23
21
10
6
4
8
4
15
31
52
37
14
10
0
21
25
19
17
8
19
12
16
4
54
23
35
12
4
0
0
23
27
10
16
4
14
2
12
17
33
14
19
14
6
2
16
19
14
27
8
21
17
2
23
21
19
25
2
17
14
8
16
25
29
19
2
23
25
4
35
8
27
8
10
4
29
8
17
17
12
17
10
27
8
13
12
23
6
6
10
33
2
17
6
12
25
6
0
0
4
8
10
8
6
37
2
23
29
8
6
2
37
17
41
8
23
17
8
14
4
16
4
0
8
33
19
37
19
8
4
8
27
12
12
12
10
0
4
35
14
25
10
17
6
4
2
8
14
10
39
29
25
0
4
10
16
29
29
6
8
14
23
25
10
19
29
17
0
27
23
21
15
8
10
8
2
6
6
10
4
25
27
2
0
29
4
10
8
21
6
0
8
6
17
21
8
19
2
8
10
23
15
21
12
14
0
23
21
6
15
29
8
2
25
8
12
19
10
21
8
6
16
21
16
6
10
12
27
2
6
12
14
37
15
51
4
2
14
10
21
17
4
8
6
27
8
6
23
10
8
2
23
10
17
10
10
12
10
17
21
10
10
8
19
10
15
8
2
6
8
14
8
8
15
4
12
12
15
11
8
12
8
6
15
4
4
14
25
2
8
8
8
23
4
14
6
4
17
12
13
12
13
2
15
6
13
8
6
15
10
2
6
6
17
4
17
21
4
12
15
8
8
8
15
8
10
8
8
12
21
10
19
41
19
15
12
10
15
29
13
15
13
12
8
10
6
17
21
21
8
15
10
8
12
19
23
15
8
10
4
23
13
10
15
4
19
21
10
8
14
8
17
10
19
13
14
6
23
15
14
10
17
14
8
23
14
23
17
21
15
14
14
8
23
10
11
8
10
33
6
8
8
15
17
21
6
8
17
6
6
6
6
17
15
23
6
4
10
14
2
0
19
10
8
19
17
4
6
12
27
29
14
8
15
10
10
6
12
8
12
19
10
6
37
15
35
23
17
25
6
13
23
15
21
35
15
10
6
2
19
9
13
12
6
14
10
10
21
15
10
10
12
17
8
15
21
14
11
10
12
15
27
6
14
12
40
15
19
12
25
14
23
15
6
29
15
13
10
25
23
21
25
27
8
10
10
17
6
4
17
25
12
13
6
19
10
6
27
10
8
10
95
15
25
10
19
8
10
8
10
19
23
10
12
27
10
8
29
10
8
8
6
17
14
8
10
4
17
10
12
8
12
6
10
8
11
10
15
8
15
8
14
13
17
15
19
10
17
12
12
12
15
19
6
10
21
10
12
15
6
10
16
15
13
14
8
10
15
10
10
12
12
10
6
8
12
14
13
23
28
13
8
14
15
8
14
19
10
12
10
14
4
6
27
21
6
15
15
36
8
4
6
6
10
6
4
12
19
6
10
8
6
6
12
23
10
12
10
12
10
12
15
8
6
8
10
19
8
11
12
4
19
10
8
14
17
12
12
11
8
17
12
10
6
19
17
8
13
10
14
19
14
13
15
6
12
15
15
23
6
15
14
12
8
10
14
4
25
19
49
19
6
21
12
4
8
21
10
43
12
23
8
12
8
6
23
10
8
8
23
10
10
21
10
4
10
6
4
16
10
16
8
6
6
12
12
12
23
14
10
8
10
0
23
14
12
8
17
10
14
23
8
6
15
8
6
13
10
25
14
10
13
8
21
8
15
16
12
27
23
45
16
8
14
19
19
15
17
12
10
10
19
12
8
12
6
12
12
19
17
8
16
10
17
10
10
6
4
10
10
10
17
17
8
13
14
15
14
8
17
6
15
12
15
16
14
10
14
16
6
12
23
8
14
17
23
12
10
8
4
2
2
4
8
13
2
10
4
12
8
2
8
8
6
7
4
4
0
2
2
2
8
12
6
0
0
4
2
6
6
12
6
15
6
2
4
12
6
2
15
6
4
8
10
2
6
6
0
0
6
2
8
8
2
4
4
6
6
4
6
6
6
8
6
6
4
6
6
15
2
8
8
15
16
6
8
17
12
13
8
15
27
13
23
10
6
6
8
14
12
8
7
15
6
10
2
8
9
10
4
21
6
19
10
6
14
19
4
8
8
6
2
8
17
15
8
23
13
10
2
10
10
30
9
17
6
15
15
13
8
14
6
19
10
13
8
6
12
6
11
15
8
6
15
8
4
10
10
8
10
4
19
21
15
10
8
10
19
10
4
12
12
17
19
6
11
2
15
14
4
4
14
19
12
10
19
12
6
12
11
4
12
10
13
17
12
19
8
10
10
2
12
19
4
6
4
10
6
15
10
23
8
4
14
6
8
8
4
10
19
19
15
12
10
14
2
10
6
6
6
13
25
6
10
12
6
10
2
14
12
8
8
15
12
10
6
2
4
4
4
4
4
6
10
10
15
4
6
8
8
8
6
0
2
0
5
10
4
6
2
8
15
8
12
6
25
2
8
6
8
0
6
6
7
8
0
8
4
8
0
6
12
14
10
4
4
4
10
8
14
8
17
15
6
8
15
10
8
8
4
10
8
8
4
4
8
8
6
6
15
6
8
8
7
6
8
4
12
4
12
16
13
6
22
11
15
12
6
8
4
2
4
4
13
4
8
14
2
4
6
6
10
15
6
6
12
2
17
6
6
9
14
12
13
2
4
12
6
8
2
6
6
6
4
4
8
12
8
10
4
15
15
6
21
10
10
12
8
12
19
13
14
14
21
4
2
19
8
10
19
11
10
8
14
19
6
15
19
6
4
7
4
8
8
14
12
2
9
2
6
6
6
10
6
4
9
8
6
6
6
6
6
39
6
9
4
2
2
4
0
11
6
4
9
11
6
4
14
12
13
8
25
4
12
12
4
15
10
4
8
6
8
10
2
6
2
2
6
10
9
6
8
13
10
13
10
21
17
6
4
21
10
12
13
7
6
4
6
6
16
2
4
6
10
14
12
10
17
15
12
8
19
12
12
10
8
13
6
6
15
6
4
6
10
8
8
13
14
10
8
12
12
8
19
2
10
7
4
10
6
6
12
4
29
6
12
6
10
6
6
8
6
6
8
12
14
10
17
12
13
4
6
4
0
7
4
4
8
10
12
8
2
6
10
6
13
6
2
4
7
4
10
6
4
4
8
8
4
8
2
4
6
12
2
