9
3
17
23
11
11
9
3
21
7
7
15
13
7
7
7
11
7
19
17
9
15
17
21
17
7
9
21
7
2
7
13
9
11
7
25
9
9
19
15
5
13
11
27
11
9
19
19
23
3
15
9
19
19
11
9
7
15
9
9
21
11
27
11
7
11
15
13
23
13
13
9
13
17
9
7
11
31
11
17
47
19
33
23
17
19
15
23
15
15
15
17
17
17
19
17
11
15
15
21
19
15
29
7
11
7
11
41
33
25
21
35
15
25
21
25
19
23
23
21
31
13
21
5
19
21
9
17
13
23
9
7
7
7
7
7
7
11
17
11
9
9
17
5
15
13
11
9
9
7
17
7
15
9
17
11
9
7
11
21
21
13
23
7
17
15
9
7
29
13
19
19
9
5
13
27
15
21
13
9
13
7
21
13
17
19
13
11
11
17
7
21
19
45
31
11
35
11
19
25
13
27
46
45
29
43
33
7
33
21
51
25
15
17
39
9
11
27
13
31
37
21
11
23
45
15
25
52
43
27
31
5
19
23
7
15
25
33
25
19
19
23
7
17
13
11
35
17
3
7
11
9
21
11
7
11
5
5
7
5
9
13
11
13
7
7
5
3
5
5
5
11
5
11
5
11
5
11
11
5
13
3
5
5
7
39
13
31
21
9
7
21
7
7
9
17
9
21
21
25
17
15
13
7
5
11
17
21
5
9
3
15
11
19
7
13
13
13
17
33
27
21
7
15
15
13
31
11
13
19
7
9
21
15
17
21
11
53
15
11
21
15
11
17
19
7
25
15
9
15
15
23
17
27
27
17
19
17
17
17
11
9
9
11
5
9
21
13
17
15
11
21
15
15
13
15
27
23
7
27
21
19
13
11
15
13
9
11
21
29
13
15
13
19
11
13
9
11
7
17
9
17
19
27
17
17
17
9
19
13
9
25
17
13
5
11
15
7
11
3
27
15
7
3
13
5
9
17
25
11
21
13
21
5
5
9
15
13
17
7
9
23
5
13
5
19
21
17
9
11
25
19
17
11
21
11
9
19
15
17
9
5
15
5
19
7
9
15
7
15
23
9
7
41
7
17
15
17
17
27
21
29
21
17
27
17
29
9
9
13
23
15
33
27
29
37
13
25
25
9
23
13
25
31
39
29
23
15
27
21
9
35
21
23
23
19
25
13
17
11
13
11
23
29
7
13
29
19
13
5
11
9
31
9
39
23
29
19
9
13
19
19
33
11
17
11
17
15
13
21
7
15
9
21
13
17
13
11
9
13
15
17
13
9
29
11
11
9
9
9
5
13
5
11
17
17
23
11
11
15
9
15
13
13
29
17
13
23
11
15
11
19
21
13
9
15
21
3
17
23
15
11
7
15
29
7
19
25
11
31
17
9
11
11
13
9
11
7
27
15
13
9
11
27
35
31
5
25
13
13
17
7
21
15
5
25
47
29
17
19
33
7
19
21
15
25
21
11
35
13
31
29
27
17
31
29
11
21
19
9
15
13
21
29
7
9
17
33
29
11
35
11
39
9
9
33
11
9
21
7
31
5
13
3
19
9
11
3
9
5
15
7
11
19
5
9
5
11
5
19
13
17
5
13
15
9
9
9
7
5
13
11
11
9
11
11
5
7
11
7
11
11
3
19
5
7
17
7
5
2
3
17
13
2
2
13
11
3
11
11
5
3
25
5
5
9
9
5
15
17
2
7
5
11
9
3
13
3
9
5
15
11
25
7
9
17
11
15
31
19
21
25
25
17
31
15
43
13
29
11
25
7
53
7
21
25
27
17
15
11
27
23
11
39
7
21
29
17
19
27
15
29
15
11
15
41
23
9
9
35
15
5
5
9
31
13
13
7
23
3
3
27
11
31
29
33
13
19
31
19
19
7
29
7
23
31
7
17
41
21
21
7
7
7
19
5
21
21
21
13
11
21
19
11
9
58
9
15
7
7
7
15
9
13
9
5
3
11
9
5
13
5
9
5
5
7
9
9
9
11
5
11
21
3
13
11
19
11
17
11
11
11
7
15
17
11
11
9
9
19
11
11
60
11
13
5
17
3
11
21
27
7
27
17
17
11
11
13
31
23
25
27
13
27
17
31
17
25
31
17
15
21
19
17
13
17
25
11
25
15
19
9
21
19
15
27
21
21
13
21
19
15
23
27
15
15
25
15
7
13
17
29
17
15
13
5
39
25
7
21
21
15
19
31
27
25
19
19
27
37
37
21
43
17
19
13
23
45
21
31
25
19
27
41
11
19
7
7
15
9
23
30
21
9
17
27
17
9
25
25
15
41
7
29
13
31
35
21
17
13
23
45
13
33
13
23
13
25
21
19
13
13
13
17
37
29
33
35
35
45
9
31
15
13
7
13
45
17
7
19
23
29
31
19
15
9
35
15
29
37
43
74
11
39
45
27
23
13
39
15
19
41
9
51
25
37
25
21
13
29
17
50
37
13
19
21
11
17
11
21
13
15
17
19
27
9
23
21
25
21
19
15
9
7
19
17
19
9
17
7
11
15
25
17
13
21
15
9
7
13
9
17
15
19
11
7
27
5
11
21
15
7
31
21
15
27
17
19
29
9
21
9
21
9
9
5
7
13
25
21
15
15
13
3
5
13
9
21
11
11
5
9
17
3
5
15
3
5
17
9
2
13
9
13
5
7
9
5
15
7
9
9
5
31
2
9
9
9
25
2
7
9
7
7
7
3
7
11
5
2
9
9
5
3
7
5
5
13
15
7
11
5
9
9
9
7
3
5
9
7
5
7
9
9
7
11
5
7
2
7
5
7
15
11
3
13
9
9
5
7
13
3
15
3
3
17
11
7
9
5
19
9
11
9
13
13
3
15
15
11
9
31
11
15
9
15
11
7
9
11
17
13
7
9
9
23
13
7
2
7
5
13
11
25
7
9
19
15
13
11
5
3
13
9
5
7
15
9
19
7
15
9
15
13
13
33
13
21
9
15
15
19
9
17
5
15
13
13
17
9
17
13
13
23
5
17
5
13
17
11
9
5
5
17
17
15
7
15
25
7
7
5
17
11
9
47
23
17
13
13
25
23
5
19
9
7
13
15
25
9
5
13
13
11
17
19
19
17
19
13
23
17
11
5
27
11
23
7
11
13
15
13
15
13
13
19
17
19
15
9
19
21
9
13
11
17
3
3
13
11
5
33
5
7
9
11
13
13
15
13
7
11
21
27
37
9
9
17
11
9
15
21
17
15
9
7
3
19
11
7
13
9
11
19
7
9
7
9
13
5
