2
2
0
0
0
4
0
2
2
2
6
2
2
0
0
2
2
2
16
0
2
11
2
0
4
6
4
0
4
0
8
4
2
0
7
0
0
0
0
2
2
2
6
43
0
2
6
25
0
6
2
2
0
0
0
0
5
0
6
0
4
2
4
5
2
0
0
2
2
2
0
4
0
78
2
0
2
8
4
0
0
0
4
0
0
2
0
4
0
2
2
0
0
2
0
2
4
2
2
0
0
0
4
4
6
2
2
0
2
2
25
0
4
8
6
0
2
0
4
11
2
4
0
6
0
2
0
2
2
0
2
0
2
4
0
4
2
2
2
3
2
0
4
4
4
2
2
2
0
8
2
2
0
0
0
0
2
2
2
2
6
2
4
0
0
2
2
0
35
2
78
2
2
0
2
0
0
4
2
2
4
0
6
0
32
5
0
0
0
4
2
2
4
2
0
2
2
2
0
2
4
2
2
0
7
6
2
0
0
4
2
4
2
0
0
0
2
4
2
2
0
3
2
0
0
4
0
4
2
4
2
6
2
2
2
0
2
2
0
2
0
0
4
2
0
0
2
2
2
0
2
6
6
0
0
0
0
2
0
0
4
0
2
0
6
58
4
0
2
0
0
0
2
2
4
6
2
6
2
2
2
2
4
0
2
2
0
2
2
0
2
2
0
2
9
2
11
0
0
0
2
0
0
2
7
4
6
0
0
4
6
0
2
2
2
4
2
4
0
0
4
2
0
2
4
4
8
0
2
2
2
4
0
0
0
2
4
2
4
0
2
2
2
0
11
4
2
0
2
2
2
0
0
2
6
0
2
0
0
2
0
0
6
2
2
4
0
0
0
0
9
0
2
0
6
2
4
0
2
4
0
2
4
0
0
2
0
2
2
7
2
6
4
4
0
2
9
4
0
6
2
2
4
0
2
2
0
2
2
0
4
2
0
2
4
4
2
4
0
0
2
0
0
0
0
4
2
2
4
0
2
2
3
0
2
0
26
7
2
4
2
6
13
2
2
7
2
2
6
2
0
4
2
4
6
4
0
2
0
13
2
2
4
0
2
0
2
0
43
2
2
4
8
4
4
4
2
4
0
2
21
6
8
3
2
0
0
4
0
0
0
4
2
2
0
0
0
2
4
0
5
2
0
4
0
2
4
43
0
4
2
2
2
4
0
2
0
16
2
0
0
2
4
6
0
2
2
3
6
2
0
2
2
2
2
0
0
2
0
4
0
2
2
0
0
0
0
2
0
0
0
0
0
4
0
2
16
6
6
0
4
2
2
0
2
0
0
4
0
6
0
2
4
0
0
0
7
2
9
2
2
2
2
2
4
6
0
2
0
0
0
6
2
4
4
0
2
2
0
2
6
2
0
4
0
0
6
6
6
0
0
0
2
2
2
2
0
2
0
0
2
0
4
0
0
2
0
0
0
0
0
0
0
2
4
0
2
4
2
0
2
4
0
0
2
0
0
2
0
2
2
2
4
2
0
0
0
0
7
2
0
4
2
2
6
4
0
0
4
2
2
2
0
4
2
0
4
2
2
0
0
0
0
0
4
4
0
2
0
2
6
2
4
0
2
0
0
4
4
2
2
2
0
0
2
4
2
2
0
0
5
4
4
2
0
7
4
4
0
2
2
0
2
4
6
2
4
0
2
2
5
0
2
0
0
0
0
4
0
2
0
4
5
2
0
6
4
4
0
5
2
4
0
2
0
2
0
0
0
7
2
5
0
0
2
4
2
0
2
0
2
2
3
2
0
0
0
2
4
2
4
2
0
0
6
84
6
4
0
2
0
2
2
2
7
2
6
70
2
0
0
0
4
2
4
0
11
6
0
0
5
4
2
4
2
0
5
8
4
2
2
2
2
2
2
2
2
0
4
2
2
2
4
4
2
2
0
0
4
2
0
0
2
4
0
0
0
4
4
2
2
0
0
0
0
0
4
2
0
0
2
0
0
4
0
0
0
0
2
0
4
0
2
0
2
2
0
2
4
2
2
2
2
2
6
0
0
0
4
0
0
0
0
0
0
0
0
0
2
0
0
0
0
0
0
0
2
11
0
2
0
2
0
4
2
4
2
0
4
2
4
0
2
2
2
4
8
2
0
0
4
0
0
60
0
2
0
4
2
4
2
2
0
0
0
4
2
4
4
6
7
0
4
2
2
6
0
4
0
4
2
2
0
0
0
0
6
0
4
11
0
0
2
4
4
2
2
0
2
0
2
2
4
0
2
6
4
4
2
0
2
0
7
2
2
0
0
0
4
2
2
0
4
2
0
2
0
0
0
0
0
0
4
4
0
2
4
2
15
4
0
2
4
6
0
0
2
2
2
0
0
0
2
0
4
0
4
4
0
0
0
0
0
2
0
6
0
6
2
6
2
10
0
4
2
2
4
4
4
0
0
4
0
7
2
2
4
0
0
0
4
6
0
4
2
2
0
4
0
2
0
0
0
9
4
6
2
0
4
6
0
0
0
0
0
2
2
0
2
4
2
0
0
2
2
4
0
0
4
7
18
0
0
2
2
0
0
2
2
2
2
2
2
0
4
4
0
0
2
6
4
2
2
21
4
9
4
4
2
2
0
2
2
2
0
0
0
0
0
2
0
15
0
6
0
7
2
5
0
4
2
0
0
2
2
2
0
0
4
0
2
4
2
4
0
0
2
2
2
4
6
4
0
0
2
0
4
0
4
0
6
6
4
2
0
4
0
6
2
2
6
2
2
4
0
0
0
0
4
2
2
4
2
0
4
0
2
6
2
0
6
2
2
0
6
0
0
0
6
0
9
4
4
2
2
4
2
2
4
0
0
4
0
2
20
2
0
2
4
0
6
6
2
0
2
0
2
4
0
0
4
0
0
2
0
0
0
4
4
0
2
0
0
4
0
2
0
0
0
2
4
6
2
4
4
2
2
0
4
0
6
4
2
0
0
2
0
4
2
4
0
2
2
0
2
4
0
2
6
0
2
0
2
0
0
0
2
2
0
8
4
4
0
4
6
2
2
4
2
2
6
0
5
4
0
0
49
7
11
0
0
0
8
2
4
6
6
4
0
0
0
2
2
2
0
0
2
4
0
0
2
2
2
2
0
2
0
2
4
2
11
0
17
6
11
2
4
19
0
2
0
2
0
2
6
2
2
5
2
2
0
2
2
4
2
2
0
2
2
0
2
0
0
0
4
2
6
2
0
4
0
4
6
2
0
0
2
4
2
2
9
2
2
0
0
4
2
0
6
6
4
4
4
0
0
2
0
0
2
4
