6
4
6
26
2
4
48
2
15
4
27
2
0
31
6
2
2
6
9
10
7
4
18
5
6
6
4
2
2
41
2
4
8
14
2
0
4
4
4
29
6
2
2
4
4
0
4
6
4
4
28
8
2
34
2
4
22
4
2
6
5
8
9
6
4
60
2
6
8
22
4
2
0
8
4
30
6
4
4
4
2
4
6
2
4
4
2
10
6
2
39
2
7
31
6
3
4
6
4
4
2
10
6
2
6
4
21
2
2
30
2
6
7
2
4
32
2
36
19
4
6
23
2
8
28
5
4
35
2
5
4
4
43
8
4
4
48
5
14
12
6
5
12
5
7
5
5
3
6
4
6
6
6
2
8
23
2
6
22
5
4
35
4
4
29
3
2
6
2
4
40
28
4
29
2
10
7
10
18
6
2
4
8
6
6
4
6
2
4
28
6
18
18
4
2
58
4
4
22
2
2
2
2
6
13
4
9
32
2
8
35
4
8
31
4
8
2
4
2
7
2
4
10
2
15
2
8
7
25
9
7
30
3
4
7
14
4
47
5
2
2
2
4
32
7
4
4
7
6
10
24
4
2
50
2
0
7
6
4
6
2
4
33
9
4
6
5
4
2
10
4
6
2
4
17
18
21
33
27
2
4
35
2
6
2
2
20
22
0
3
25
2
2
16
2
7
2
4
2
4
2
7
2
4
3
17
0
2
2
7
2
33
4
2
6
2
2
4
8
4
7
7
4
4
6
29
8
7
17
47
10
4
21
7
6
4
2
4
37
7
8
13
26
11
6
25
2
2
11
37
2
2
4
31
7
2
2
4
21
23
4
4
8
4
2
4
0
9
21
4
2
26
4
2
10
2
4
22
4
4
28
4
4
4
23
5
2
29
8
2
2
9
4
6
8
2
21
4
0
36
0
2
32
0
4
2
21
4
4
4
8
2
2
24
4
2
2
2
2
22
4
5
5
4
2
6
4
5
7
16
18
4
5
4
6
4
8
6
25
2
3
5
23
3
7
43
2
9
6
4
6
5
22
4
2
4
11
2
51
6
2
7
4
4
45
5
2
22
6
6
4
5
8
4
4
30
4
6
19
4
4
25
9
4
5
4
2
26
2
4
15
27
3
29
7
7
38
7
4
7
6
5
4
2
4
48
2
4
4
4
2
4
4
2
8
4
6
10
48
2
4
4
4
2
2
7
2
4
2
2
6
21
10
6
4
4
7
5
32
6
2
8
2
4
4
13
8
29
2
4
5
2
2
4
2
6
6
4
6
4
6
6
7
4
2
2
2
2
8
6
2
39
2
7
36
2
4
5
36
10
2
3
40
6
6
6
17
21
10
6
20
8
6
62
5
10
8
18
6
3
4
4
6
29
4
7
6
5
8
23
7
7
30
4
23
7
7
3
16
6
7
20
7
11
32
5
3
45
5
3
7
26
3
8
5
3
12
20
4
5
38
6
7
22
3
4
3
3
9
4
5
6
2
7
9
20
5
19
26
23
6
24
20
3
7
7
5
9
23
15
20
16
5
23
22
2
10
6
19
5
5
10
25
13
5
22
9
4
15
5
4
8
44
5
7
3
14
2
7
8
18
22
10
26
5
24
27
9
10
3
7
7
27
22
7
8
22
6
3
5
3
7
7
19
6
31
3
6
22
6
3
25
6
7
7
5
7
5
32
7
7
27
7
5
9
10
3
33
9
7
4
14
9
20
13
33
33
31
3
7
7
48
9
3
5
25
5
37
4
10
26
24
7
47
7
7
7
5
7
8
5
5
5
6
5
7
49
4
12
3
8
5
5
5
4
5
6
7
3
44
8
12
3
5
7
32
3
6
9
31
4
6
7
7
10
27
8
3
7
6
32
40
20
7
3
25
5
7
21
4
5
5
3
3
9
4
3
5
18
7
9
56
2
8
5
20
12
7
16
6
9
2
5
4
18
4
4
35
4
6
2
4
6
8
71
0
6
26
4
2
24
8
4
16
2
4
4
4
2
4
2
33
6
2
2
2
2
7
2
2
6
2
4
0
2
6
22
3
2
30
8
38
6
2
0
2
9
4
0
4
4
5
2
2
4
8
37
4
2
4
3
4
4
8
4
39
0
0
4
4
6
47
4
4
0
4
6
2
2
0
4
22
4
5
4
23
4
28
2
3
2
4
4
4
6
0
13
2
17
2
4
2
0
4
2
4
41
4
4
4
19
2
45
6
2
15
4
4
6
3
0
5
2
6
23
9
13
29
10
4
30
2
2
6
7
4
38
4
2
17
6
4
39
2
7
4
7
4
4
2
4
76
4
5
2
4
4
0
2
2
0
4
6
6
0
34
6
2
8
2
2
4
4
4
30
5
2
20
2
0
4
12
2
2
8
2
7
11
29
4
6
37
7
2
28
4
0
22
4
4
4
4
2
22
14
24
21
26
21
4
8
7
0
6
4
15
4
2
20
35
4
4
44
4
2
21
2
2
18
18
0
27
0
6
5
4
11
6
4
3
2
15
20
2
9
17
6
5
0
4
20
6
6
2
4
4
23
0
2
4
8
2
4
2
4
9
2
2
6
2
4
8
0
4
4
23
5
2
25
8
4
8
0
6
40
4
0
32
32
0
4
6
4
0
4
4
0
2
11
2
2
51
0
5
2
0
2
2
2
8
7
2
2
2
4
0
2
0
6
8
2
0
26
0
2
49
2
2
0
0
4
2
4
6
2
2
62
2
0
2
0
2
4
36
0
2
34
6
0
4
0
4
6
5
0
2
2
2
40
2
2
6
2
0
64
2
0
53
2
0
37
6
2
2
0
4
4
7
0
29
0
6
21
2
4
0
0
53
2
2
2
2
0
23
4
0
23
0
6
2
4
2
0
0
2
19
2
2
2
0
0
4
0
2
6
6
0
0
4
0
6
2
0
0
4
2
0
0
4
2
2
4
2
0
40
2
4
2
0
0
55
2
0
0
2
6
46
4
0
4
2
6
2
2
4
0
4
0
2
4
8
4
8
0
2
2
2
0
2
2
0
2
2
4
0
0
10
2
55
0
0
0
6
0
2
0
0
33
4
10
23
2
0
28
2
7
6
0
2
0
4
2
2
2
6
0
2
2
0
0
2
0
0
0
4
0
7
45
4
2
31
0
2
2
4
0
21
0
7
6
4
4
4
2
2
6
6
0
49
5
0
4
8
2
41
2
0
3
2
38
12
0
4
4
6
6
0
41
0
0
0
0
2
2
6
2
4
0
0
0
4
83
2
2
23
6
2
69
2
4
