6
7
7
4
6
16
22
6
19
13
6
13
7
4
5
6
6
6
4
15
13
4
15
6
6
8
6
15
4
13
9
6
11
8
10
9
8
10
6
9
11
11
8
8
8
13
6
13
6
21
19
11
20
6
15
13
15
4
6
8
9
21
6
8
4
11
8
8
6
8
9
11
4
4
8
8
6
26
11
11
8
11
8
17
5
2
6
9
10
9
4
9
8
13
13
8
10
10
10
8
6
8
9
5
8
15
13
15
17
11
24
13
6
13
9
6
15
21
21
11
8
10
19
10
10
17
13
12
13
8
15
11
8
13
13
19
15
17
13
13
8
11
19
4
11
11
13
21
9
15
23
13
13
13
12
25
10
11
14
8
10
11
8
6
9
8
10
15
8
13
11
15
11
6
8
8
15
22
17
8
15
13
17
7
11
13
18
13
15
19
11
15
11
8
15
13
12
11
9
6
11
8
15
7
11
8
11
11
8
10
4
11
6
8
13
11
15
9
15
4
7
13
13
17
21
17
10
10
15
9
11
11
9
10
7
15
11
13
21
11
8
6
11
6
11
19
9
11
4
8
15
9
6
5
9
11
9
11
4
2
8
9
6
17
10
8
5
9
11
9
8
9
13
9
6
13
11
6
12
11
10
8
13
4
8
21
8
8
8
4
10
0
7
11
4
5
2
7
8
9
6
4
4
2
9
6
7
4
4
7
9
4
7
7
11
4
4
2
5
9
6
6
5
6
6
6
9
9
7
6
9
5
5
8
6
4
4
4
4
5
5
2
6
10
7
4
9
8
9
9
11
7
3
9
5
2
5
2
8
6
7
4
7
4
4
7
4
9
6
6
7
6
5
6
11
13
7
9
24
16
5
7
4
4
4
13
7
7
8
2
4
6
8
6
4
6
4
8
7
6
5
6
9
6
6
5
4
4
7
11
2
11
11
4
5
6
9
4
6
7
2
9
7
17
6
6
7
6
6
7
8
11
13
9
9
6
8
6
4
7
7
13
9
7
7
4
23
11
7
6
6
4
9
9
4
10
6
8
7
9
5
11
4
6
9
6
8
6
6
7
4
6
6
4
9
6
9
5
8
7
6
4
7
7
7
7
4
7
8
6
4
6
6
4
7
5
6
6
7
11
7
11
9
5
4
4
4
6
4
14
6
9
5
8
6
6
13
4
6
5
6
11
9
5
6
6
4
2
9
7
9
2
8
8
6
5
4
5
4
4
6
7
9
6
6
4
2
5
6
9
4
4
2
6
2
6
6
6
11
4
13
8
8
4
2
6
21
6
7
4
4
7
6
4
2
6
6
4
6
6
2
4
6
4
2
4
0
2
2
2
2
6
0
4
4
2
4
6
0
6
0
2
2
2
2
0
2
2
6
8
2
0
2
4
4
6
4
2
2
2
6
2
10
0
2
2
2
8
4
2
4
4
4
0
5
7
2
2
2
4
6
0
2
0
4
6
4
4
5
4
2
4
2
2
2
2
4
2
4
9
2
0
2
2
67
6
0
2
2
2
4
4
2
2
2
2
0
2
2
4
2
2
2
2
8
2
4
0
4
5
2
2
4
2
4
4
2
2
6
4
2
2
4
2
4
4
2
2
4
2
2
4
2
2
2
2
4
2
2
2
6
0
9
4
2
7
2
0
2
5
2
2
6
4
2
0
4
4
0
6
11
4
2
4
4
6
4
0
2
2
7
0
2
3
5
2
7
11
6
7
2
2
4
6
4
6
2
2
2
2
2
2
4
2
2
4
2
2
3
0
2
2
0
4
2
2
4
5
6
2
5
2
2
4
2
6
2
4
4
4
0
2
0
2
2
2
2
2
2
4
2
4
0
3
0
2
7
50
0
4
2
4
2
4
4
4
6
0
7
2
0
2
4
4
3
3
2
3
2
4
2
4
2
4
0
2
6
2
2
8
2
0
0
2
2
2
4
4
2
6
2
2
2
4
2
2
0
0
0
0
4
0
0
0
1
0
0
2
4
2
0
0
2
2
8
2
2
2
0
2
0
0
2
2
0
0
2
2
0
0
2
0
2
0
0
0
2
2
0
2
0
0
1
2
2
0
1
2
0
0
2
0
0
2
0
0
1
2
0
0
0
4
0
2
2
0
1
4
0
0
0
0
0
1
2
2
2
0
1
0
2
6
1
2
2
2
4
2
0
2
2
1
1
0
3
0
0
2
6
0
0
2
2
2
0
0
0
1
0
0
2
0
0
0
2
0
0
0
0
2
2
2
2
0
2
0
0
4
0
0
0
0
7
2
0
0
4
2
0
2
0
2
1
0
0
1
3
4
2
0
0
0
2
4
2
0
0
4
0
1
2
1
2
2
0
0
1
0
0
2
0
2
2
3
77
5
0
1
3
0
0
0
0
0
1
6
2
2
0
0
2
0
21
0
0
2
0
0
2
0
2
1
2
2
4
0
0
0
2
0
2
0
0
0
2
1
0
9
2
0
2
0
21
0
2
0
2
0
0
2
2
2
0
2
2
2
0
2
2
2
0
2
0
0
0
0
0
2
0
0
2
2
18
0
2
0
0
4
2
5
0
2
0
2
0
2
0
2
0
0
2
0
2
0
2
2
4
4
14
4
0
2
1
3
3
5
3
3
5
4
4
1
2
2
7
2
1
3
2
0
3
3
4
1
1
4
4
5
4
3
1
5
4
3
2
1
3
2
3
2
4
6
1
3
7
4
5
9
1
1
6
1
2
1
1
3
1
1
3
4
3
7
2
4
3
3
3
1
3
1
2
1
1
2
3
5
4
2
8
1
3
2
6
5
1
1
1
2
1
3
2
40
3
3
3
4
3
3
4
3
3
3
4
4
2
1
1
15
28
2
1
3
1
7
4
1
5
4
5
3
1
3
1
5
1
15
14
2
4
3
4
1
1
15
3
1
3
7
1
5
1
1
1
5
13
2
4
3
2
1
1
1
3
1
4
3
3
3
1
3
6
2
1
3
1
3
3
45
3
4
8
5
4
1
4
3
5
2
5
1
10
1
5
3
1
4
3
3
4
6
5
3
1
1
3
1
1
1
1
1
1
4
3
3
3
3
4
1
5
3
3
4
3
2
2
1
1
4
3
2
2
4
2
3
3
1
4
3
3
3
2
0
6
2
4
3
4
7
3
2
3
3
3
1
2
3
4
1
2
2
2
5
1
2
6
1
3
3
3
2
2
2
4
0
1
1
3
1
1
1
11
3
1
1
3
3
5
3
3
4
1
3
1
1
0
4
5
3
3
3
