0
4
17
15
4
2
4
4
6
4
6
4
15
18
2
2
4
15
4
2
4
16
21
14
4
17
17
10
2
17
10
6
0
6
14
25
4
20
4
4
4
4
19
13
0
4
2
17
4
14
2
16
2
0
15
4
10
29
2
4
15
2
6
4
21
17
4
0
4
4
2
0
21
4
12
4
4
13
23
0
13
11
14
18
4
6
12
6
4
21
19
4
6
6
4
13
2
2
2
21
4
4
4
2
4
8
16
4
4
14
4
2
2
14
13
2
7
8
4
2
16
17
4
14
4
13
8
15
10
8
6
17
4
6
17
8
6
2
4
4
11
14
4
23
17
6
0
25
2
4
23
4
31
2
4
15
2
4
15
19
2
2
0
2
8
6
8
4
10
23
2
4
6
15
14
2
6
2
10
14
4
0
14
19
6
6
16
4
2
0
4
4
4
0
8
4
6
19
6
6
4
2
19
2
4
13
19
14
21
16
6
2
2
2
8
4
10
2
4
19
21
21
16
4
4
2
4
19
14
2
4
2
15
21
2
6
4
6
19
4
4
10
8
6
2
11
4
4
4
15
4
4
2
19
10
4
10
21
15
2
4
23
23
0
6
21
17
2
2
15
13
0
4
8
4
19
4
4
2
6
10
4
4
4
4
21
6
4
6
4
6
4
2
13
8
13
0
4
23
4
2
23
16
4
0
8
14
4
4
4
21
21
2
6
8
0
4
12
2
0
10
10
10
12
2
18
15
6
25
2
4
4
4
6
18
2
4
4
22
4
2
18
29
2
2
2
14
19
4
25
4
2
2
20
23
2
32
2
4
10
35
21
4
2
16
19
8
15
2
4
4
13
4
2
15
16
4
4
17
21
4
2
21
2
2
0
17
14
8
18
2
4
2
16
2
4
6
18
15
2
16
8
4
4
6
2
15
14
4
4
14
15
6
2
13
15
2
2
21
4
4
23
12
2
2
12
25
2
2
8
14
4
2
4
2
2
12
2
0
15
15
2
2
29
19
2
2
21
6
2
4
2
21
6
6
11
2
4
15
4
2
4
6
6
19
6
18
4
4
11
2
4
4
4
21
8
8
2
2
6
27
19
4
4
2
13
2
17
4
4
19
20
2
6
16
4
6
22
23
0
2
2
8
25
17
2
21
8
4
4
4
21
23
2
2
14
4
0
18
16
4
4
12
16
2
4
21
14
2
22
14
2
10
14
4
2
17
10
21
4
2
17
14
2
4
8
21
6
2
14
18
6
2
31
20
2
17
15
2
2
2
4
14
4
2
2
2
16
13
13
2
4
14
6
23
4
6
4
13
19
25
4
4
8
4
2
19
4
2
15
12
14
2
4
19
2
4
2
2
2
2
2
4
6
29
2
2
16
2
13
4
2
2
17
20
6
2
21
2
4
2
4
2
2
23
24
2
15
2
2
16
4
4
4
2
0
6
2
2
4
25
4
2
4
4
13
2
15
9
4
2
6
2
2
2
6
8
15
25
2
6
13
4
29
2
6
2
21
2
4
2
6
11
16
2
6
0
23
2
2
4
8
12
4
2
19
15
4
4
16
19
8
8
2
17
4
15
11
14
0
2
4
10
17
2
0
21
6
6
4
15
11
4
4
16
6
4
0
19
12
4
2
13
12
17
4
6
4
19
0
10
14
19
6
2
2
16
0
13
2
2
6
21
2
2
2
0
8
28
17
19
4
6
6
6
22
4
17
19
23
6
2
4
4
17
19
4
29
23
2
2
2
15
8
2
2
4
17
6
4
4
6
16
2
18
4
4
4
15
16
20
4
2
17
4
2
15
21
4
6
2
23
4
2
14
21
0
2
12
0
2
0
2
4
16
13
2
4
17
18
19
2
4
6
4
30
15
2
6
17
4
25
4
14
8
2
17
4
4
15
4
0
2
17
11
2
4
4
13
2
11
4
8
17
13
6
2
4
17
4
12
2
4
4
10
0
17
0
2
2
7
2
2
15
2
13
0
12
2
10
16
2
17
2
16
2
0
19
0
14
2
14
4
0
21
4
11
0
11
0
15
12
0
15
2
8
21
4
16
0
12
2
0
15
0
8
0
17
16
4
6
4
13
0
24
37
6
15
4
4
11
4
2
16
4
17
2
10
0
0
11
4
4
6
17
6
18
2
13
6
18
4
2
15
13
2
17
4
4
4
4
6
4
4
6
17
4
2
17
2
15
4
19
6
2
15
4
4
17
21
0
19
0
14
2
4
15
2
4
15
8
2
16
2
2
13
2
10
12
14
6
21
4
2
6
2
16
2
18
4
9
17
6
0
15
0
10
2
19
8
12
2
23
4
9
6
6
4
10
6
27
4
19
8
4
15
15
6
4
12
6
13
17
4
12
4
4
0
4
2
2
0
2
0
2
17
2
11
4
2
15
0
0
2
8
12
0
2
12
4
17
10
0
2
4
4
0
2
4
11
2
0
4
2
0
4
2
2
14
2
2
15
6
20
2
2
15
2
0
6
4
2
17
2
21
6
2
19
6
0
6
6
0
27
0
10
2
2
20
2
17
8
4
4
4
6
16
0
17
8
4
14
4
4
2
2
14
2
13
8
4
17
4
8
19
14
8
6
35
2
19
4
2
4
2
2
2
2
0
0
0
0
2
0
0
2
0
2
0
0
0
2
2
4
0
2
0
0
0
0
2
0
2
0
2
2
0
2
2
21
10
8
0
0
4
2
6
4
25
6
8
4
6
2
6
4
6
4
4
4
4
0
4
6
2
2
2
4
4
2
0
4
4
0
2
2
2
6
4
0
0
0
0
4
4
2
2
4
2
2
2
2
2
0
0
4
0
2
23
2
2
2
4
2
0
0
0
0
4
2
4
2
6
2
0
0
0
0
8
17
0
0
9
0
12
8
15
0
0
4
6
18
9
2
21
2
0
8
0
16
0
0
0
13
0
0
12
13
2
8
0
0
13
4
0
4
2
2
8
0
9
16
0
0
2
15
18
2
0
11
2
12
12
0
12
0
0
13
10
12
0
4
13
9
2
11
0
11
0
2
2
4
16
2
0
15
0
0
9
2
4
4
2
0
0
0
0
0
13
4
2
14
16
0
4
2
17
0
0
15
0
13
0
18
7
0
10
19
0
0
12
0
8
5
2
0
0
0
6
2
13
0
15
0
2
17
0
9
2
4
2
0
0
2
2
4
0
2
0
0
2
0
7
16
2
0
0
2
0
17
2
19
4
4
4
2
4
4
6
4
4
4
4
4
13
0
0
25
0
2
