2
9
6
4
11
6
7
4
2
5
6
4
4
6
4
4
4
2
2
2
4
8
7
6
11
6
8
7
6
2
8
4
4
6
9
7
8
7
6
11
6
6
6
6
9
8
4
6
2
7
6
9
8
6
15
2
2
4
4
2
11
7
6
4
7
4
6
10
8
4
4
6
9
2
6
6
4
4
4
2
4
6
6
4
6
6
6
4
6
4
5
8
2
6
4
2
4
2
2
4
4
2
0
4
2
2
2
2
4
6
0
4
2
2
4
6
8
6
4
4
2
2
2
4
6
0
2
6
6
4
2
4
4
2
2
7
2
4
4
11
11
6
4
4
8
11
6
13
7
13
9
6
8
19
11
28
13
11
15
8
6
4
19
17
18
7
17
9
13
15
7
6
11
6
6
6
11
17
8
10
24
18
4
17
18
13
13
13
11
9
15
8
4
15
7
13
11
19
13
15
15
11
13
7
6
6
15
8
8
6
6
6
6
9
11
18
8
13
4
15
8
21
8
4
6
9
8
4
15
6
2
7
6
4
4
17
8
2
11
15
11
6
6
15
13
8
4
7
8
6
9
8
4
7
4
4
13
4
6
4
10
6
4
6
8
7
6
9
6
2
2
11
2
7
4
9
4
6
4
4
10
7
8
6
11
6
8
4
9
4
2
6
5
7
6
6
5
9
2
6
7
7
2
5
9
2
6
4
7
7
7
4
2
4
7
7
5
5
9
2
7
4
8
6
4
6
11
7
4
6
4
2
2
4
9
6
7
9
6
4
7
6
4
4
6
4
4
6
6
6
2
11
9
6
6
7
7
6
8
13
7
5
4
4
4
4
4
6
4
11
8
2
4
4
6
5
7
4
6
4
2
6
25
4
6
2
11
4
4
17
9
9
9
6
11
11
9
9
6
6
8
6
6
13
4
4
6
9
9
9
6
13
13
17
8
8
5
8
11
14
9
7
9
4
9
7
12
11
4
6
5
9
17
7
6
7
15
6
11
11
13
11
4
13
9
7
17
4
9
13
13
11
13
6
11
15
7
7
13
9
5
6
8
11
4
9
4
9
17
16
15
9
13
17
9
9
11
15
6
16
4
8
13
11
15
4
13
5
7
8
2
15
7
15
13
5
11
4
4
13
11
9
8
13
11
11
9
7
9
6
8
9
7
2
15
11
6
6
6
6
7
11
4
9
9
14
6
9
2
4
11
9
6
8
8
4
6
7
8
9
6
8
5
7
5
7
2
13
4
6
4
9
6
2
6
4
7
6
6
2
7
8
2
7
4
7
7
9
4
11
4
9
4
4
9
2
6
2
2
4
7
6
4
0
2
6
2
6
4
4
2
2
2
28
4
2
4
6
6
4
4
0
4
7
4
2
2
6
6
8
4
9
9
6
4
8
6
2
6
7
4
6
7
9
4
6
8
9
11
8
6
9
13
4
5
6
4
8
11
7
9
4
8
9
7
7
6
8
9
8
9
7
4
6
6
4
5
2
6
4
9
2
9
4
6
4
4
6
2
2
6
6
4
6
4
4
4
6
2
2
4
2
8
2
6
2
6
7
6
8
4
2
9
6
7
7
4
2
9
9
6
9
9
6
11
9
6
11
8
9
6
9
6
17
9
7
13
11
2
8
8
9
8
8
11
9
10
4
9
6
7
9
9
4
7
14
11
4
13
13
9
5
9
7
6
9
11
9
9
6
13
11
18
13
4
13
7
6
10
14
9
9
11
7
11
26
9
6
9
11
13
7
9
11
9
11
9
5
16
8
13
4
6
17
6
13
6
11
9
13
4
11
4
7
9
13
9
6
9
9
11
6
9
11
13
11
9
4
6
6
7
6
6
6
6
6
9
8
9
7
4
8
4
9
4
8
8
8
9
8
7
6
6
6
4
6
5
6
5
9
8
9
4
4
21
4
6
7
13
9
4
4
6
43
9
4
7
9
6
7
4
4
6
4
2
2
4
2
4
6
2
4
6
2
2
0
0
2
2
4
2
8
4
2
0
8
0
2
0
4
4
4
2
10
0
4
2
4
10
6
2
0
4
0
2
4
4
4
8
4
6
2
6
0
10
0
4
2
2
4
6
2
4
6
8
6
4
0
2
9
4
2
4
4
4
4
0
9
27
6
4
8
10
9
10
2
12
8
8
8
2
4
6
4
6
14
6
14
4
10
8
10
2
8
10
6
12
8
10
8
8
10
15
8
4
12
8
12
10
10
6
4
4
8
12
12
10
6
4
12
4
10
6
14
8
12
6
8
6
7
6
10
6
14
12
8
2
6
4
6
10
6
10
8
8
6
4
8
6
6
8
8
6
6
10
6
14
4
6
12
8
16
10
12
6
8
6
18
6
6
4
4
8
17
12
6
14
8
16
20
4
6
14
6
6
10
5
14
6
8
4
8
8
8
5
8
12
6
4
6
6
13
8
4
8
4
6
6
4
8
6
12
16
10
12
6
8
4
8
4
10
10
12
10
10
4
4
6
4
4
2
11
10
4
4
8
9
6
4
2
4
4
4
33
4
20
6
0
2
4
2
4
6
8
2
2
4
0
4
4
8
2
0
0
6
2
4
0
2
2
0
4
2
2
4
6
2
4
4
2
2
6
6
16
6
8
2
2
8
8
4
6
2
14
8
10
8
8
8
0
10
8
12
11
4
8
8
10
2
12
6
12
12
14
10
6
8
4
10
6
4
2
8
8
6
2
2
6
10
4
8
8
4
10
10
2
6
12
8
2
12
4
6
12
4
2
10
8
6
7
2
6
14
8
16
6
6
4
6
4
6
12
8
6
10
14
6
6
6
12
6
16
14
14
6
8
8
19
2
10
8
6
6
12
8
8
10
10
8
6
10
12
8
10
6
12
4
14
4
18
10
8
4
6
4
6
2
4
12
6
4
14
8
10
18
4
2
2
4
14
13
6
2
11
6
4
8
4
10
12
6
10
16
10
10
14
4
10
8
6
12
10
2
14
6
4
8
15
8
4
8
8
12
8
16
10
18
10
2
2
12
10
14
13
12
6
6
6
12
17
8
6
12
6
6
12
4
8
10
14
6
8
10
8
6
10
4
12
8
10
6
10
10
4
8
10
8
4
4
14
8
2
12
6
2
4
0
8
6
6
2
6
6
10
4
4
8
4
6
6
6
6
8
4
10
10
6
4
8
8
2
6
6
12
6
4
4
6
8
6
6
6
4
8
2
10
8
2
4
8
6
10
4
2
6
31
6
2
6
10
13
6
14
0
6
0
8
4
6
6
