35
30
45
36
44
45
44
41
44
46
33
62
32
32
46
34
39
45
43
43
49
30
31
33
31
26
33
25
38
50
36
45
46
31
28
31
34
31
46
33
39
48
45
46
47
33
20
43
30
27
32
29
30
44
32
46
46
44
20
44
43
28
47
43
24
32
45
33
45
33
47
41
32
42
50
30
42
57
48
45
42
36
33
45
44
38
43
30
30
37
47
43
45
30
32
35
34
39
46
25
30
81
31
46
36
37
33
32
46
33
38
25
26
45
43
45
35
46
33
33
35
31
46
31
41
33
57
87
45
47
35
34
32
43
48
45
33
47
33
46
55
47
20
38
34
33
34
23
33
45
22
46
48
56
24
45
54
31
45
31
26
46
32
31
51
33
24
31
37
31
31
31
39
32
46
47
25
37
40
40
26
31
30
47
30
32
40
41
29
34
33
29
45
31
28
31
42
48
41
31
37
75
31
69
34
42
39
33
41
45
33
44
43
47
31
39
41
34
44
40
31
42
75
36
46
32
31
38
46
33
46
32
32
35
43
45
49
43
33
33
28
34
28
33
34
42
44
43
31
43
37
45
31
27
46
25
60
45
43
44
41
45
45
48
45
27
45
31
42
31
47
34
49
46
45
56
45
32
32
29
24
48
47
34
34
39
25
34
34
21
46
44
33
45
45
39
45
23
40
48
34
39
34
29
34
34
48
33
45
24
36
45
46
33
44
30
40
47
45
48
64
31
90
47
44
31
43
33
47
43
48
32
45
46
32
57
46
31
32
48
42
69
43
34
44
31
29
85
36
33
34
29
37
71
42
75
46
39
35
54
44
31
46
40
33
33
40
47
38
35
24
48
46
63
44
33
55
44
44
46
32
33
44
43
45
84
43
46
33
34
50
43
41
33
32
44
42
31
46
29
31
48
32
47
45
33
48
46
50
43
47
44
35
32
44
37
48
31
48
46
34
25
46
39
44
45
35
50
46
30
46
40
46
29
33
23
43
31
44
43
41
31
47
46
45
33
46
29
33
61
39
54
37
25
39
33
44
29
35
24
31
44
40
47
37
30
36
44
43
34
33
30
31
37
41
49
39
33
32
47
39
41
42
30
40
31
50
34
88
26
47
43
46
45
48
40
39
31
45
48
43
38
43
45
34
31
44
27
39
44
35
32
33
30
31
44
44
22
38
39
31
42
48
31
28
27
46
44
34
29
27
33
33
42
32
42
32
24
81
43
41
41
45
42
31
46
33
50
31
38
48
33
46
45
47
31
33
32
47
46
32
32
45
40
45
33
46
33
42
24
48
32
44
36
26
47
47
43
49
46
79
50
43
48
50
60
48
53
49
48
86
46
91
92
48
47
55
77
41
75
49
44
47
44
60
46
44
50
47
88
47
47
87
84
85
44
51
49
32
54
45
49
44
56
64
48
90
46
55
66
44
49
49
59
86
95
45
44
49
45
46
92
42
88
48
49
85
48
48
45
50
46
88
55
43
54
49
49
49
44
54
45
46
48
49
47
35
49
90
49
47
92
53
34
53
52
68
88
37
50
47
76
93
51
45
46
70
47
91
50
53
35
41
87
46
54
49
44
49
35
51
51
55
45
49
49
70
51
72
45
49
45
49
47
46
49
47
46
47
49
45
48
48
43
51
46
34
46
51
47
46
47
47
44
47
45
65
61
53
45
46
50
44
65
46
45
46
44
81
49
87
46
48
43
49
48
32
33
50
41
46
45
47
80
83
35
57
63
70
40
75
45
47
45
49
55
81
41
47
47
53
46
49
39
59
37
77
46
49
45
45
33
71
40
65
59
45
60
49
89
34
33
46
59
47
46
47
42
49
82
49
46
48
46
49
49
62
46
71
35
47
76
49
46
49
37
47
47
61
47
65
31
45
68
54
48
67
39
52
49
89
33
93
46
91
49
64
44
69
39
49
47
91
45
94
47
65
80
86
97
48
45
47
51
53
94
39
33
58
63
94
61
40
35
36
31
44
39
47
26
29
68
45
46
42
40
31
49
47
48
39
34
36
36
43
31
31
46
77
45
50
49
55
44
34
43
65
43
47
96
63
47
48
47
47
44
46
39
54
33
49
47
47
46
53
49
67
46
40
47
57
44
24
54
60
42
46
42
49
45
48
49
47
39
39
46
44
48
49
51
69
52
46
90
51
46
34
51
49
45
49
74
79
48
49
45
46
45
48
49
33
42
49
49
90
46
45
49
44
42
36
48
49
44
45
46
49
41
42
39
33
36
46
62
56
24
33
35
49
46
46
47
36
46
48
63
35
36
48
44
47
29
52
33
46
30
36
62
53
48
55
47
43
39
41
65
46
42
29
64
81
61
75
48
82
36
29
50
59
42
33
43
69
80
48
54
66
42
44
47
87
46
43
49
47
38
32
84
44
43
25
45
37
38
42
49
47
39
58
56
47
45
32
34
47
40
25
85
49
37
71
49
49
62
46
45
47
44
40
55
47
44
42
47
50
45
42
31
47
41
32
50
90
46
68
65
83
50
43
61
64
47
48
63
62
42
45
47
36
44
38
44
58
33
42
42
49
37
35
77
49
44
45
56
47
44
47
47
64
44
36
46
58
67
30
77
64
54
38
62
70
33
47
54
54
48
40
46
64
50
37
64
52
46
67
77
68
46
47
63
75
54
58
49
54
47
75
51
58
44
39
58
57
47
47
61
48
76
55
43
49
47
38
54
49
43
44
56
35
53
60
67
61
39
24
60
51
41
70
61
40
61
45
42
50
39
29
52
58
47
48
65
42
60
54
54
63
39
34
59
73
43
67
62
47
51
56
53
54
48
55
54
58
43
59
53
61
58
53
55
58
41
38
64
63
54
64
42
47
56
52
65
79
52
54
47
65
46
43
63
41
56
66
57
61
36
43
57
56
38
46
41
66
49
68
45
62
52
50
69
66
45
56
72
63
65
64
49
45
36
44
46
65
42
46
48
58
53
62
58
60
29
25
42
45
32
43
30
74
52
66
47
44
35
39
83
77
38
38
50
71
73
77
47
69
25
44
36
30
41
43
25
78
46
64
34
49
44
54
48
88
24
32
40
35
49
45
47
46
40
47
38
58
37
26
60
49
76
49
48
77
44
50
89
49
31
31
70
47
80
36
66
69
32
42
49
33
33
24
89
60
47
81
49
71
43
48
72
35
33
33
36
76
51
47
51
88
45
44
49
89
42
32
78
41
72
87
46
48
50
43
94
57
35
31
57
53
45
48
48
47
44
52
49
92
32
31
51
47
68
