6
6
4
6
11
15
6
9
11
6
6
6
9
9
9
4
15
11
4
13
8
8
12
10
8
13
12
12
6
10
10
10
15
6
15
8
10
15
13
12
11
12
6
19
11
8
10
8
8
17
12
6
10
10
15
10
8
15
15
12
23
31
13
10
31
31
17
10
13
34
15
25
17
15
13
31
34
31
6
17
11
21
42
42
36
8
19
15
19
27
15
15
51
29
15
37
27
17
38
15
12
69
42
42
34
36
42
42
8
25
40
13
13
10
10
10
8
19
31
10
23
8
8
10
10
4
17
12
8
8
8
25
27
35
6
42
6
13
37
8
21
10
6
6
6
8
12
8
8
8
6
10
8
6
4
29
10
19
10
17
12
56
19
11
8
8
8
10
6
31
15
8
8
25
8
6
8
10
31
8
15
12
29
36
10
4
8
13
25
8
8
31
25
12
15
8
35
13
37
35
33
29
33
23
19
8
10
17
12
12
33
15
17
15
10
19
27
35
13
12
15
15
17
8
8
12
25
15
19
10
13
21
17
21
17
19
8
25
33
15
8
15
15
33
23
31
13
11
27
8
19
13
19
21
15
11
12
23
23
13
27
21
8
19
12
12
13
25
10
25
8
13
21
15
12
15
25
12
23
17
21
56
13
31
13
25
21
8
13
17
17
11
9
13
9
13
8
17
4
11
13
7
0
11
13
11
13
11
6
11
7
8
6
4
6
6
11
13
13
4
9
9
11
8
9
11
4
13
8
15
4
8
11
11
8
10
10
6
4
6
8
15
13
21
8
6
13
13
11
13
21
8
9
4
19
6
8
6
10
13
4
8
11
11
8
6
4
8
8
6
2
13
9
8
6
8
9
11
11
6
10
8
6
4
11
4
15
6
10
10
6
8
4
4
19
8
19
8
11
8
8
8
13
6
2
6
4
31
8
11
11
4
11
6
10
23
6
10
9
7
13
4
10
8
15
8
6
10
10
6
2
8
11
11
13
10
6
8
17
11
19
6
6
6
8
21
10
11
10
25
21
11
6
8
15
8
11
11
4
8
8
21
13
15
11
13
6
13
13
17
27
13
11
19
17
17
13
17
13
19
15
11
15
19
19
11
13
11
8
21
8
10
13
17
15
8
9
11
11
19
8
13
10
11
9
13
15
11
11
10
11
11
25
19
13
11
19
10
10
15
15
11
13
13
23
19
15
15
21
6
29
30
13
15
11
9
9
13
21
11
14
7
6
10
6
13
11
9
8
6
19
6
8
6
8
8
13
19
15
8
10
19
10
15
10
11
11
17
13
19
9
8
10
8
9
13
8
11
7
6
7
7
9
9
13
8
7
11
9
6
6
4
8
6
6
9
11
4
6
10
13
8
11
8
11
7
4
8
6
9
10
8
4
6
6
11
6
11
8
6
9
9
10
7
11
8
11
4
9
9
11
11
13
15
15
8
6
13
13
9
9
4
8
4
9
10
17
10
11
13
11
8
15
13
4
15
13
8
8
8
6
9
8
6
8
8
8
9
4
11
4
11
4
4
8
6
4
11
6
10
13
9
4
11
9
6
13
11
8
11
13
11
6
8
6
9
8
7
10
13
11
8
8
8
17
6
8
8
9
10
11
13
13
6
19
8
17
17
13
17
15
6
6
6
8
4
15
6
17
9
7
6
17
6
28
15
19
6
27
15
27
19
2
10
11
8
13
21
6
15
13
6
17
19
17
15
25
22
11
15
15
10
17
11
19
13
17
8
23
6
19
19
19
13
13
10
17
15
17
15
15
27
19
9
23
13
21
11
17
31
11
9
13
8
15
11
19
17
8
10
8
17
13
11
15
21
23
9
17
11
6
6
6
10
6
15
7
11
10
6
8
11
15
13
8
13
10
10
11
13
8
8
10
11
10
11
11
10
8
4
11
13
9
11
10
13
8
8
13
13
19
11
11
6
15
6
11
8
11
11
10
19
9
13
9
6
6
9
4
7
6
17
2
8
2
7
2
0
0
6
8
6
0
4
6
2
6
13
2
4
6
25
6
0
8
6
0
17
6
8
2
4
12
6
2
12
8
6
4
4
11
15
10
6
6
12
17
12
6
17
6
4
8
8
6
17
2
0
2
8
13
12
6
21
11
9
6
10
10
6
15
6
12
8
8
8
11
4
17
11
6
15
8
11
26
36
8
11
9
12
21
17
10
22
9
11
15
33
11
9
10
32
15
11
6
10
12
13
13
9
13
17
17
11
10
19
17
13
13
33
14
8
12
21
15
12
10
15
15
13
15
9
13
13
13
6
15
40
26
8
12
13
17
15
11
21
17
27
13
35
6
5
6
6
19
4
4
21
15
36
13
8
33
21
29
6
13
10
11
15
15
23
17
23
19
31
19
11
19
25
6
17
11
17
6
19
2
29
25
15
8
6
29
19
11
29
14
17
17
23
23
19
27
8
4
19
10
6
21
10
10
8
6
17
12
10
11
4
10
15
8
17
17
4
4
2
8
10
15
15
8
11
8
6
15
12
4
8
9
6
9
13
12
2
8
15
10
4
5
15
12
0
6
15
6
19
6
10
2
6
4
6
2
6
7
13
8
8
6
4
8
9
0
2
2
10
8
11
4
10
6
6
4
6
6
13
6
4
17
19
9
19
10
4
6
4
12
13
15
12
6
13
8
12
4
6
10
10
11
17
13
10
15
25
2
8
6
6
10
13
13
2
15
2
10
12
21
6
13
6
6
9
4
11
8
17
8
17
4
12
19
10
17
28
29
17
25
25
29
13
11
21
11
17
19
4
17
23
20
12
21
10
17
9
13
21
10
13
6
21
23
13
19
22
10
13
31
13
17
23
17
11
8
23
19
11
17
8
13
9
27
13
8
15
21
9
8
10
21
23
17
11
11
13
21
17
4
10
11
23
23
39
19
21
15
9
15
12
19
10
13
9
15
9
19
18
14
19
12
25
37
6
11
24
13
15
30
25
25
31
31
17
12
19
21
10
11
17
17
21
21
19
17
10
15
6
6
8
19
13
4
13
17
12
10
8
4
4
13
6
8
12
13
8
8
10
8
8
8
6
6
8
10
6
8
10
11
13
27
13
8
8
19
4
8
6
6
11
17
13
8
2
13
8
9
10
10
15
6
10
4
25
4
4
6
9
8
4
8
2
11
6
10
13
10
15
10
6
8
13
10
15
8
15
0
10
2
15
19
6
4
8
13
8
15
10
8
8
6
22
6
8
4
6
6
19
9
6
6
8
23
8
15
4
6
4
8
9
11
7
