4
13
0
2
4
2
0
6
0
0
0
8
0
0
4
2
4
0
0
0
0
0
2
2
6
4
2
6
0
4
4
4
0
0
2
6
0
2
10
0
0
8
0
0
0
6
0
0
6
2
6
6
0
2
6
8
0
6
8
4
0
2
0
4
6
4
0
0
0
4
0
4
2
0
6
8
2
0
4
4
6
0
4
4
10
0
0
0
0
4
0
6
2
2
2
4
4
4
6
8
2
2
8
0
0
0
2
6
0
0
0
0
2
8
7
6
2
12
4
2
0
0
2
0
0
0
4
2
4
2
6
2
6
6
6
2
4
0
8
6
0
2
2
6
0
4
2
0
2
4
92
4
2
6
8
2
4
14
0
0
4
0
86
0
4
4
0
8
8
5
0
4
0
60
4
0
0
6
0
2
0
4
8
4
2
7
8
4
2
0
4
0
0
0
4
4
0
6
2
6
4
0
0
2
2
6
90
6
8
6
2
6
0
4
5
6
6
2
2
6
6
8
8
0
2
6
0
2
2
0
4
0
8
6
10
0
0
4
0
0
0
4
6
0
2
0
0
0
4
6
2
6
4
6
6
2
2
0
8
6
0
8
0
4
0
2
0
78
0
0
73
8
0
0
6
4
0
0
6
12
6
0
0
8
2
6
4
0
4
0
7
0
6
2
0
0
6
0
2
0
4
4
4
0
0
6
0
0
2
0
0
0
0
0
8
2
0
0
0
0
2
0
2
0
4
2
0
2
0
0
0
4
0
0
0
0
0
2
4
0
2
4
4
0
0
2
2
2
2
2
2
2
0
0
2
4
6
2
0
0
4
2
2
0
0
4
6
0
4
0
2
2
4
0
4
4
4
0
4
2
2
4
0
0
8
0
0
2
4
0
4
10
2
0
2
4
0
4
6
0
2
0
6
0
0
6
4
4
0
2
2
0
0
0
2
0
2
4
0
4
0
4
2
0
4
2
0
0
0
0
2
4
0
2
0
0
0
0
4
2
2
2
0
0
2
0
0
0
2
0
4
2
0
2
4
0
8
4
4
0
2
6
0
0
4
0
10
0
0
71
0
0
6
5
4
0
4
8
2
4
0
2
0
4
4
2
2
2
2
0
4
0
0
0
4
0
2
2
2
6
2
0
4
0
0
6
2
0
0
0
0
8
6
6
2
0
0
2
2
0
0
0
2
0
2
0
2
0
2
6
2
0
8
4
4
4
0
0
0
4
0
4
8
4
0
4
4
2
4
12
0
0
4
4
0
0
2
0
0
12
0
8
2
0
0
6
0
6
4
2
0
4
0
0
0
0
2
4
4
6
4
6
4
2
4
10
2
4
2
6
2
4
2
6
4
8
6
4
8
2
4
6
8
8
6
8
2
8
6
4
8
8
6
6
4
6
6
11
2
6
8
6
8
6
9
6
6
4
10
4
12
4
4
8
8
4
5
6
12
2
10
8
8
6
8
8
15
4
14
4
6
8
8
4
8
10
4
6
2
4
4
8
4
4
8
6
8
6
10
6
4
8
4
8
4
6
6
4
4
4
6
4
4
8
10
8
6
10
4
12
4
2
6
12
4
2
4
6
4
4
10
4
4
4
6
53
10
4
6
9
6
6
4
6
6
2
4
10
4
4
12
4
4
6
6
2
6
4
8
10
6
10
6
6
6
8
12
6
4
6
4
6
74
6
6
4
4
2
2
2
8
4
10
6
2
4
6
2
10
9
4
10
4
2
8
6
6
8
6
6
4
10
4
16
4
4
4
8
2
8
6
6
8
14
4
8
6
4
6
4
17
6
4
8
4
4
4
8
6
6
8
4
8
2
2
4
8
10
4
4
6
8
2
4
4
8
12
7
7
8
6
57
57
10
6
4
6
6
4
10
4
6
8
8
6
4
8
10
4
4
2
4
10
4
4
4
2
6
6
6
4
8
4
2
68
7
9
4
6
5
6
2
8
6
6
4
2
6
6
8
4
12
2
2
2
4
6
4
8
2
4
6
4
2
8
4
74
2
4
6
4
6
8
8
4
4
8
6
10
6
2
2
2
4
6
6
4
4
4
10
4
6
2
4
4
8
8
6
4
4
8
6
4
2
4
8
6
2
12
4
8
4
6
8
6
2
4
2
6
2
2
4
6
4
9
4
8
2
4
6
6
8
4
4
6
6
9
6
6
4
4
12
4
8
4
6
6
4
6
4
2
4
2
9
4
4
6
2
2
2
6
6
83
2
6
8
6
10
2
6
4
10
10
6
4
8
4
4
2
10
4
8
4
4
6
4
6
6
4
4
4
6
4
4
50
8
4
4
6
6
2
4
8
4
4
2
6
4
2
4
4
4
4
10
8
4
56
4
10
8
6
2
6
6
6
8
4
6
6
4
8
4
10
6
4
6
38
4
4
6
8
6
10
6
6
4
2
6
6
6
4
4
6
6
2
6
4
6
8
4
4
4
4
4
2
6
4
4
4
2
6
8
6
2
6
2
4
4
8
4
4
4
4
4
2
6
2
4
6
8
4
4
2
6
8
6
2
6
2
4
6
2
4
4
72
0
6
8
4
10
6
2
10
6
4
70
4
4
6
6
4
2
4
8
6
16
6
2
2
5
6
2
4
4
8
8
6
8
8
2
6
4
6
2
6
2
6
10
4
4
4
4
4
6
2
2
4
8
2
8
6
0
4
10
4
6
8
2
2
2
4
4
6
2
4
6
2
6
6
4
2
6
6
4
8
4
2
76
8
4
4
6
6
4
6
4
88
2
4
6
8
2
6
2
8
6
4
9
2
4
2
6
6
4
10
10
4
4
4
4
8
4
4
9
6
6
6
4
6
4
4
6
2
6
2
8
4
6
6
2
4
6
6
2
6
4
6
6
6
2
4
2
4
8
4
6
6
6
4
8
4
4
6
4
4
4
6
6
13
8
4
4
7
12
4
4
4
4
6
2
2
2
6
8
8
6
4
2
6
4
6
4
4
2
8
4
7
2
6
4
4
6
6
4
4
4
8
6
2
2
4
2
4
2
4
4
4
4
2
8
6
4
7
6
8
2
7
2
6
4
10
9
4
2
4
4
6
2
6
6
2
6
6
4
2
6
4
4
6
64
4
4
86
8
4
8
2
4
6
8
4
4
4
4
4
6
4
6
2
8
4
0
6
4
0
2
2
4
0
2
0
6
4
2
6
4
6
2
2
8
4
4
6
2
4
9
2
4
2
0
8
10
0
4
10
4
8
4
6
6
4
6
6
4
4
2
4
4
4
4
