51
25
45
55
17
24
17
32
22
26
39
9
22
8
30
21
32
46
33
47
8
62
22
24
39
15
24
17
17
15
17
6
54
59
22
0
21
24
54
25
53
50
19
24
44
8
26
10
45
23
25
6
34
18
15
29
24
6
16
41
65
56
33
47
16
15
8
32
62
49
29
33
49
19
38
28
23
63
45
47
26
42
23
24
33
8
6
16
24
8
17
19
53
54
25
7
31
44
15
23
28
19
23
55
22
59
62
22
49
24
49
25
10
15
52
5
31
51
53
16
17
15
16
43
23
32
29
25
31
23
16
23
16
14
34
22
17
8
49
21
31
13
17
17
17
8
37
15
34
13
31
49
54
18
16
25
26
15
57
57
24
15
47
49
40
24
56
14
23
23
15
9
14
16
32
25
16
39
49
25
46
17
52
45
47
8
23
15
57
53
25
17
35
29
40
8
68
14
44
37
42
56
40
25
45
15
26
16
22
23
24
18
17
25
23
14
22
24
47
16
57
26
32
55
23
16
32
8
25
59
15
27
49
44
48
29
55
21
22
18
17
20
15
27
46
19
30
33
14
19
16
14
33
32
55
19
26
24
17
40
17
62
24
22
0
31
46
17
44
64
42
27
15
56
17
22
22
23
38
13
34
8
52
49
27
25
40
15
31
21
16
52
32
8
8
39
32
16
27
25
33
62
7
56
14
16
28
21
26
17
34
66
24
14
43
24
20
13
13
8
15
24
43
45
0
23
28
66
15
17
45
39
29
24
47
24
26
64
47
57
19
40
31
46
56
50
32
8
21
54
17
21
8
21
28
55
56
22
24
43
27
18
13
50
47
8
20
24
46
16
56
26
53
15
46
6
60
32
40
59
24
50
22
14
40
8
17
30
43
35
16
39
50
17
19
17
15
34
17
34
7
16
21
16
15
17
39
13
24
28
47
63
17
26
25
57
15
30
23
41
27
41
56
25
42
16
15
23
20
43
40
40
50
40
39
45
38
10
20
47
9
17
50
43
53
36
44
14
47
24
48
9
6
53
22
16
15
53
16
16
15
9
24
13
30
6
16
30
47
15
24
48
38
49
22
58
33
62
38
0
53
33
58
16
18
9
8
39
23
10
34
24
40
27
8
15
17
8
22
23
13
46
6
10
17
54
50
17
22
5
9
14
14
10
25
14
10
7
14
29
58
27
13
19
42
17
10
28
42
37
15
10
10
46
7
10
16
51
8
7
24
38
16
20
33
35
17
25
7
32
16
23
14
51
27
23
17
23
38
22
44
16
6
24
21
10
7
28
63
38
15
17
41
54
17
15
26
24
54
54
17
60
8
25
47
47
61
39
55
14
15
16
30
15
48
17
45
12
51
14
17
35
21
31
23
47
59
32
35
24
63
39
55
18
62
70
25
23
8
34
48
60
8
25
17
17
20
25
15
27
19
19
27
39
26
50
58
54
7
15
58
31
43
25
34
25
61
17
44
28
52
55
26
35
18
36
25
56
60
15
24
34
19
44
17
17
6
22
26
17
50
42
58
51
7
25
41
58
39
11
40
59
45
26
40
56
37
51
72
32
63
57
32
55
52
52
49
17
55
26
25
57
38
33
34
30
65
66
63
65
15
67
64
19
31
51
56
55
68
68
72
71
70
55
62
47
67
24
6
36
8
8
33
23
25
33
24
23
62
35
69
17
73
27
67
66
31
66
25
51
56
32
41
32
63
64
40
66
55
42
15
56
16
27
43
63
49
65
45
72
34
65
25
10
10
28
69
64
48
62
64
41
33
43
65
22
75
26
58
25
51
9
50
37
68
35
42
36
42
14
30
34
33
29
45
7
24
16
59
52
65
63
48
50
50
56
55
41
67
29
39
56
66
8
62
41
23
34
23
41
23
58
17
15
8
31
3
29
8
8
7
3
8
40
12
1
3
8
1
13
11
14
10
17
6
11
20
25
4
6
14
7
3
1
33
34
25
11
35
27
29
34
43
35
15
18
11
11
15
41
24
45
15
25
9
15
8
28
26
10
45
43
67
17
23
17
16
26
36
14
35
12
22
35
55
44
43
15
25
69
17
28
27
34
49
21
7
17
24
16
34
40
25
32
51
57
24
32
27
35
27
32
17
17
17
68
40
16
66
25
69
51
48
63
6
49
54
61
51
41
50
34
64
16
41
60
48
55
30
63
33
23
58
43
37
64
17
59
63
27
56
63
58
35
59
34
43
19
16
61
51
18
50
30
58
25
24
39
51
12
16
53
46
21
32
56
61
25
23
34
34
13
58
53
49
28
51
7
43
61
44
67
28
61
63
28
57
0
18
24
17
20
16
33
58
55
25
25
70
0
64
57
36
17
32
41
16
23
6
57
15
31
32
49
25
17
54
42
11
56
23
34
25
23
40
32
33
34
35
24
35
36
34
35
33
0
23
19
18
9
52
64
62
58
33
18
63
63
26
56
57
24
17
35
26
17
15
14
35
7
23
17
51
23
27
61
53
57
45
59
31
14
59
32
41
25
59
31
40
6
24
24
25
17
17
36
35
25
32
17
25
32
40
33
38
36
51
58
32
56
33
33
55
16
14
18
62
9
25
25
41
10
24
40
57
17
32
17
29
8
55
20
37
40
14
47
0
27
16
31
26
31
37
40
30
25
17
16
17
33
6
35
8
15
49
44
8
8
34
26
24
32
16
10
26
60
14
24
16
31
65
32
24
54
61
24
54
33
15
37
32
7
10
25
29
24
14
18
17
16
31
23
23
27
33
34
67
61
64
21
26
19
25
59
16
14
32
25
60
35
44
20
56
50
61
40
63
10
60
32
58
50
35
66
17
62
17
58
44
24
42
32
47
63
63
36
16
54
65
25
16
58
7
16
63
52
24
28
62
26
35
63
37
31
50
68
50
55
17
16
49
45
15
22
53
19
32
12
15
28
10
24
16
26
32
17
50
6
11
8
15
8
37
53
22
31
57
16
25
59
37
42
45
35
10
16
67
46
49
8
21
8
9
24
63
39
54
44
54
50
27
25
20
53
41
24
26
45
60
17
48
56
24
8
15
30
26
65
39
33
8
19
56
32
44
34
16
57
25
16
24
16
32
47
39
25
61
62
52
64
57
26
33
22
29
26
44
25
52
26
63
57
34
25
26
18
8
21
24
17
63
32
34
24
31
30
59
67
71
58
31
47
17
25
54
35
28
23
58
44
33
26
47
24
30
33
50
40
54
25
57
64
25
36
8
14
23
16
43
7
34
36
24
15
59
33
24
52
26
49
