6
7
2
9
4
3
2
7
7
9
7
9
6
5
6
6
11
0
4
4
8
6
4
4
8
0
8
8
2
2
6
6
2
4
6
7
2
8
5
6
23
4
35
8
2
4
9
6
8
9
9
11
4
27
11
6
4
9
19
7
7
2
5
0
7
18
19
31
29
29
34
36
37
43
36
13
39
42
53
17
35
55
26
20
24
41
45
18
46
15
29
46
28
22
33
31
56
39
40
38
21
37
39
24
25
34
40
46
49
13
30
9
18
28
36
30
42
2
44
17
32
20
27
44
18
11
39
29
38
38
11
21
11
43
28
0
17
21
40
19
38
35
37
33
22
10
15
48
44
33
6
8
32
8
4
11
8
5
6
11
20
4
6
9
9
9
11
4
8
4
9
4
11
8
6
4
9
4
8
6
6
16
7
6
25
25
13
4
8
5
6
2
9
10
7
7
15
6
16
13
8
4
7
5
4
13
4
6
4
10
7
7
6
11
13
8
10
6
16
9
19
9
18
8
6
4
7
6
5
4
7
7
7
6
10
22
9
6
21
18
4
4
11
40
9
8
9
17
21
34
25
4
4
6
7
42
9
5
6
11
10
2
6
8
19
6
15
7
4
2
6
6
13
9
15
6
6
13
10
2
9
4
6
6
10
11
4
4
8
9
7
4
5
12
7
5
6
4
4
6
8
9
4
2
2
4
2
8
4
11
6
4
4
5
9
4
6
9
8
4
4
4
10
8
8
9
8
6
4
8
4
10
8
8
11
7
8
11
6
9
42
15
9
8
4
7
11
8
21
8
10
11
7
6
4
4
8
26
0
7
13
11
6
11
6
11
6
4
7
7
9
6
8
6
6
6
6
15
8
10
11
21
11
37
11
6
4
7
9
12
9
31
8
8
9
37
13
25
10
35
9
0
22
9
9
7
13
11
6
9
6
8
11
16
9
6
9
4
13
11
9
22
28
0
25
7
13
26
9
15
13
19
11
15
19
23
13
23
20
10
6
13
13
13
13
0
15
12
22
23
25
2
13
10
14
11
22
17
6
8
16
7
30
17
7
13
15
6
21
16
15
13
23
24
8
13
4
4
11
21
21
11
10
19
11
10
21
13
11
6
35
21
24
4
15
15
27
28
11
6
19
11
0
15
10
6
19
10
11
32
10
7
11
15
50
13
17
6
9
12
0
13
12
11
13
15
8
4
17
4
9
8
10
10
11
4
11
10
4
16
5
11
9
4
11
8
8
6
11
8
6
6
12
6
9
13
6
10
8
10
11
7
8
4
6
11
13
8
15
6
13
15
15
8
15
9
6
6
11
5
4
13
20
13
7
17
6
24
9
9
9
13
2
8
11
0
0
2
24
6
9
17
16
7
8
11
8
44
23
10
9
15
21
7
13
18
26
12
11
7
14
18
17
17
7
8
9
7
10
9
18
6
13
19
7
28
19
9
17
19
13
7
4
17
13
19
34
9
19
6
4
17
11
11
21
21
30
6
15
13
17
31
11
11
6
13
12
9
16
7
11
7
16
28
15
13
9
11
24
5
9
20
11
5
21
16
9
13
22
7
11
9
19
6
15
15
15
26
17
16
9
25
6
9
9
25
14
15
15
5
6
11
13
13
30
13
13
9
22
7
15
24
18
16
9
20
15
19
15
14
9
18
16
16
9
22
17
15
6
25
13
18
13
17
20
13
13
13
22
20
2
23
17
22
50
17
24
6
11
7
17
13
11
13
7
19
23
39
13
15
11
23
26
25
25
26
28
17
13
20
16
17
20
11
20
16
26
9
15
11
18
38
13
9
7
21
7
13
9
12
11
29
20
11
11
11
13
9
11
21
9
21
6
11
18
14
13
9
12
11
14
5
5
5
7
13
5
3
4
4
5
9
9
4
4
0
2
2
4
0
6
0
0
0
0
2
0
0
0
0
2
4
2
2
3
0
3
3
0
0
2
4
0
5
16
4
6
4
4
5
2
2
0
2
4
5
0
4
2
4
6
0
0
0
0
0
0
4
5
0
0
11
0
2
6
7
2
9
7
11
11
6
6
6
4
4
6
4
7
2
9
4
4
4
2
4
9
13
7
9
5
2
4
4
4
7
2
48
9
11
5
7
9
20
11
13
6
15
11
6
5
7
13
4
16
9
9
9
7
11
10
11
17
19
7
7
19
9
9
6
10
7
22
7
14
16
15
9
19
9
11
7
9
9
9
7
11
11
9
15
11
13
9
15
9
13
7
9
6
13
15
16
6
19
17
17
7
6
15
20
8
9
9
17
15
15
21
11
13
15
9
21
15
13
9
11
4
17
7
16
26
17
9
16
13
19
5
16
24
9
6
22
9
18
16
15
17
13
15
14
24
15
25
9
24
18
13
20
24
11
6
18
5
18
20
24
10
16
6
5
11
11
9
18
22
4
7
17
7
11
8
4
22
17
14
14
15
23
9
7
29
7
6
6
15
6
4
15
4
4
11
13
4
5
5
7
13
13
5
7
7
17
24
6
6
29
7
7
11
7
11
11
13
4
9
6
6
7
9
6
4
2
6
0
6
4
5
7
7
2
14
2
14
0
7
0
9
4
2
7
4
3
5
5
5
2
0
13
4
3
11
4
9
13
15
11
17
18
13
5
19
7
11
13
9
6
44
11
9
22
26
19
16
7
6
11
13
11
16
13
17
11
2
31
5
11
11
9
4
9
7
14
13
13
9
11
17
9
17
9
26
25
13
19
16
17
19
18
11
21
24
17
19
22
11
15
13
19
7
18
15
20
11
22
13
13
7
20
22
17
11
9
14
20
12
18
11
6
17
22
27
22
16
9
8
22
27
13
14
11
11
29
30
9
18
21
16
16
5
9
9
18
18
11
24
26
21
4
14
22
15
19
19
25
13
9
13
17
4
10
17
9
12
15
15
18
24
10
22
9
7
23
28
7
6
19
26
7
9
11
32
7
13
9
22
18
6
17
15
24
30
15
15
7
16
15
17
8
5
6
5
4
16
6
7
6
5
4
7
17
5
4
4
4
25
6
25
7
13
0
6
7
8
5
2
8
3
6
18
12
5
13
8
26
7
4
4
5
15
18
6
10
7
9
4
4
13
3
5
4
6
4
4
6
6
6
6
22
2
18
20
2
4
28
11
4
7
8
2
7
2
28
11
11
4
4
6
11
2
2
7
6
7
19
4
6
26
2
2
4
7
4
5
7
4
5
6
13
9
7
11
4
13
9
2
7
6
11
11
18
5
7
0
9
5
0
13
9
7
11
