8
4
9
4
4
2
6
4
10
0
4
4
4
6
2
6
2
4
2
8
4
2
6
6
8
4
4
4
4
6
6
6
4
2
6
4
2
8
8
10
2
6
4
4
6
2
2
6
8
6
4
4
4
13
4
6
6
4
6
4
6
8
13
2
4
6
6
4
4
6
2
2
5
8
8
4
6
4
0
2
4
4
7
6
4
6
6
2
2
6
4
2
2
6
6
2
11
6
2
11
6
2
6
4
6
2
4
4
4
4
6
2
4
5
4
4
6
2
5
15
6
2
6
6
2
2
13
4
11
4
6
6
4
5
7
9
13
2
6
2
4
9
7
4
4
8
2
4
4
5
4
4
8
4
4
6
6
6
6
4
6
21
6
6
0
8
7
4
4
4
6
11
9
6
4
6
6
6
2
4
2
6
8
6
4
4
2
4
2
4
6
9
8
4
8
2
2
4
6
6
13
9
2
7
4
8
6
7
2
2
8
2
11
8
7
2
4
4
4
4
6
2
4
3
4
4
8
2
2
2
4
11
6
6
2
4
2
2
4
6
2
2
33
7
2
6
2
4
4
11
8
6
4
2
2
2
6
4
6
6
4
7
4
0
4
6
8
4
4
2
2
6
6
4
6
4
4
7
4
12
4
0
4
6
6
2
4
6
2
4
4
8
6
4
6
6
5
6
2
2
4
6
6
7
6
6
5
9
4
4
6
6
7
8
5
4
9
6
6
7
2
5
6
7
4
9
4
4
9
0
7
6
2
2
2
4
10
2
8
2
4
9
5
4
6
6
6
4
4
6
2
2
4
6
7
9
6
9
8
8
6
3
4
8
9
7
6
8
4
6
7
4
4
4
4
7
7
9
6
8
4
2
8
8
4
2
4
2
4
5
17
4
7
2
9
11
7
6
6
6
4
6
4
4
6
7
4
4
11
5
2
11
5
4
6
6
7
8
7
7
7
6
4
6
5
2
6
4
6
6
9
4
9
7
7
6
4
5
6
4
5
2
4
0
7
7
5
0
9
4
4
4
9
4
9
11
17
15
13
7
7
7
4
8
7
7
43
7
4
4
7
4
4
7
0
2
6
6
6
7
7
0
9
7
8
9
8
5
7
11
4
9
7
6
2
4
9
11
7
5
7
6
5
11
4
6
6
5
6
7
4
5
8
9
4
9
7
7
6
3
7
6
6
11
5
4
6
4
5
85
5
6
11
11
10
11
9
6
5
9
7
4
5
4
11
11
4
6
2
2
13
11
7
11
9
6
8
2
2
4
6
7
2
2
5
6
4
7
9
5
2
6
2
4
4
6
4
4
2
2
4
2
4
5
6
6
4
4
2
4
4
2
2
2
7
4
4
4
2
2
13
2
2
4
4
7
2
4
4
9
4
4
6
6
10
4
8
6
4
8
4
8
9
6
8
4
8
6
6
4
6
8
11
8
6
4
7
6
8
6
7
6
7
8
13
6
4
2
8
5
9
2
11
6
7
6
6
2
6
8
2
4
4
6
6
4
10
4
7
8
8
6
4
2
9
8
4
4
8
4
2
6
8
2
4
6
9
4
0
6
7
8
6
4
13
2
6
4
6
6
7
2
6
6
6
6
4
4
2
4
6
4
9
2
8
4
8
4
11
6
6
4
2
9
4
7
8
7
4
11
7
9
4
9
4
5
18
12
72
9
8
7
11
6
5
9
15
10
9
7
14
19
4
4
7
4
13
7
6
5
7
2
5
7
6
2
7
4
4
11
7
11
17
11
7
2
7
8
7
9
13
6
4
2
2
2
4
7
4
6
4
6
2
6
7
7
4
9
5
4
11
2
7
13
4
6
4
7
5
2
6
9
8
7
2
26
2
6
6
11
2
4
5
4
4
5
0
6
5
2
2
4
2
6
2
4
3
4
6
7
6
4
6
4
2
2
4
4
6
2
0
6
2
11
4
6
4
2
2
3
4
4
4
4
34
4
4
3
4
2
8
15
4
19
4
6
2
4
8
9
4
6
2
4
4
3
4
2
4
14
13
0
6
6
4
29
4
4
2
4
11
4
2
6
19
6
11
4
4
13
12
21
4
5
6
8
6
4
6
2
6
7
8
3
15
6
6
4
4
6
4
2
21
7
2
2
13
0
4
4
4
6
20
4
8
0
30
9
5
5
0
4
9
4
4
6
2
4
4
2
6
0
18
2
6
2
4
2
9
11
3
6
6
4
6
2
6
5
5
2
6
5
11
2
4
4
3
19
4
7
24
8
4
7
6
30
4
8
11
2
10
8
6
3
0
17
0
4
6
3
4
0
2
0
47
8
2
5
4
2
16
17
11
6
0
10
21
8
4
4
4
28
3
8
2
0
4
7
6
0
4
6
4
25
13
4
9
4
6
7
8
8
19
0
4
4
4
6
28
9
11
4
0
19
48
8
0
4
6
8
5
7
13
6
17
8
4
30
4
6
4
19
4
11
6
6
7
5
0
8
9
5
15
11
4
2
13
9
6
9
11
6
6
6
2
6
8
5
2
6
8
4
4
2
6
4
6
0
17
13
6
2
6
6
7
8
6
6
6
13
6
17
19
6
5
6
2
4
6
4
5
15
8
7
8
11
5
11
3
13
11
6
2
4
0
4
2
2
2
0
4
6
4
5
4
47
6
4
4
2
2
0
4
16
4
0
4
5
4
2
3
19
6
6
4
4
0
4
2
4
0
5
2
6
2
4
4
2
28
2
6
7
4
4
6
2
17
28
25
0
6
4
2
2
6
6
4
2
2
17
11
3
13
3
13
6
4
29
2
8
2
13
4
19
5
2
15
8
35
4
2
4
2
4
4
4
4
20
4
4
4
18
6
21
0
17
19
4
7
9
5
25
4
14
0
11
2
4
4
8
4
4
2
2
3
4
6
9
6
5
2
21
2
16
4
6
2
2
4
28
4
2
4
4
2
13
30
13
4
19
4
16
8
2
5
10
7
7
6
2
0
2
0
2
0
11
6
11
20
7
2
15
20
19
6
2
0
2
2
6
4
13
4
13
22
20
4
2
4
11
2
11
2
2
8
6
4
2
23
4
3
4
4
25
5
6
4
4
3
4
2
6
10
6
9
2
27
2
4
2
9
0
4
5
7
21
2
46
0
6
5
40
4
6
2
4
19
6
4
4
0
2
0
0
2
2
2
2
4
19
19
4
19
2
4
4
4
6
2
2
4
4
2
2
6
6
4
0
2
0
2
4
0
2
6
2
2
8
2
4
8
2
2
4
2
2
2
2
2
4
