4
6
11
4
11
8
6
9
13
9
6
17
8
8
13
11
8
8
10
6
12
10
12
10
11
4
6
10
11
8
9
6
11
17
6
11
7
4
8
13
6
10
10
8
13
4
6
8
10
8
12
6
11
11
10
13
15
17
15
8
23
17
15
19
19
34
25
19
13
13
21
27
17
38
17
19
13
34
25
19
10
17
17
15
17
8
17
11
38
31
29
10
35
13
12
36
34
38
8
33
23
8
19
32
27
17
13
10
11
27
42
38
34
17
10
32
34
13
42
23
35
11
38
34
6
29
13
27
13
11
10
40
15
25
13
10
19
25
15
27
12
8
11
19
21
8
15
19
21
23
10
25
21
12
13
15
17
10
21
10
23
25
13
19
8
19
29
6
8
34
23
8
12
10
10
10
27
10
13
12
8
29
12
19
12
46
8
8
4
4
17
27
33
31
10
27
31
29
8
23
12
29
25
17
10
25
19
27
4
25
25
11
6
15
10
29
12
13
25
11
13
10
17
27
15
21
10
17
17
17
13
27
12
21
33
19
17
13
17
25
21
8
17
17
13
13
23
15
21
17
17
21
17
11
4
99
8
10
12
12
8
13
8
8
4
15
19
19
10
13
12
13
15
15
10
17
23
6
15
15
10
10
23
23
11
10
17
19
8
6
4
9
9
21
7
13
8
21
10
15
8
6
11
15
13
11
6
10
10
8
8
10
11
11
13
6
13
9
15
4
10
2
6
10
8
10
4
15
4
11
4
6
8
13
8
19
4
6
10
8
6
19
6
8
6
6
10
8
15
13
11
8
11
13
6
10
9
6
10
13
11
15
6
10
19
9
11
8
6
10
10
8
19
6
8
11
8
13
13
10
13
6
8
11
13
13
13
11
11
8
8
10
11
8
10
9
8
15
6
10
13
11
11
10
8
17
8
13
9
9
4
11
13
9
17
10
8
8
11
15
18
9
10
13
11
13
9
15
10
4
8
13
11
15
10
10
11
11
11
8
11
11
8
15
15
13
13
13
11
15
23
13
8
6
19
10
13
26
13
17
22
15
8
4
13
15
13
25
23
9
19
17
19
6
8
13
8
15
21
19
11
10
13
11
20
25
15
21
9
17
15
27
8
6
17
11
15
11
15
9
8
10
8
10
13
13
13
13
6
8
11
10
13
19
15
11
11
9
11
11
17
19
11
4
23
19
13
15
13
21
17
17
9
8
21
8
11
42
9
8
15
11
11
13
9
9
9
11
8
17
8
8
6
8
11
13
15
4
10
13
11
9
10
21
6
21
15
25
13
11
13
13
6
17
8
11
4
9
4
2
4
11
9
9
4
8
4
6
9
4
4
6
7
8
11
8
4
6
6
9
8
8
6
11
6
6
6
4
4
9
8
13
4
6
4
13
8
10
4
6
4
7
8
8
8
6
11
11
8
8
17
8
21
8
9
11
11
11
13
6
9
10
6
8
11
9
4
13
9
13
11
2
11
13
6
6
11
4
13
4
7
4
2
8
13
6
2
6
11
6
2
15
4
4
6
4
4
8
8
6
6
7
9
8
6
11
6
11
6
13
9
4
8
6
10
9
9
10
11
22
13
6
9
15
13
11
9
8
6
11
10
6
4
28
6
8
9
11
6
9
15
34
10
15
15
9
15
11
48
11
11
11
15
30
11
17
28
13
23
21
29
27
6
17
13
38
13
8
8
17
15
11
36
19
13
26
11
15
11
8
11
11
23
21
8
8
23
32
25
6
10
23
11
15
8
27
19
23
32
11
11
8
11
9
11
27
13
27
11
13
23
13
9
15
13
32
13
13
13
25
9
19
8
11
15
17
11
10
25
13
15
10
6
11
15
13
24
25
11
4
8
8
2
15
17
6
17
23
4
6
17
6
11
11
8
8
4
13
4
9
21
10
6
15
10
13
8
6
10
11
6
17
8
11
11
15
9
6
13
10
19
13
10
10
0
8
10
8
4
8
12
11
10
4
4
2
0
0
4
6
8
17
4
8
7
8
2
7
0
4
6
2
6
12
4
6
6
10
4
0
8
4
10
4
6
8
17
12
6
14
15
23
5
6
23
4
12
13
13
6
8
8
13
6
4
7
6
4
0
15
13
12
17
19
25
6
4
17
10
6
8
6
13
17
6
12
19
4
10
21
8
6
16
17
6
11
11
4
4
12
10
10
6
17
8
10
10
17
12
17
13
21
15
17
13
12
19
9
4
21
23
4
11
10
21
13
15
11
15
15
10
15
12
17
10
19
12
19
25
10
11
21
25
17
17
9
10
19
6
29
23
10
10
23
12
10
23
15
6
8
11
4
13
17
38
15
19
6
14
15
23
21
19
11
15
19
36
13
13
6
4
31
8
14
23
13
6
9
8
8
8
12
10
6
8
13
6
9
12
29
8
19
10
8
10
9
4
23
10
25
8
15
17
36
10
17
12
8
15
10
29
19
26
25
15
15
17
12
9
11
23
13
9
19
15
10
6
28
15
12
9
13
7
8
29
13
8
11
10
13
17
17
11
22
8
12
7
25
4
17
6
21
10
4
4
4
12
15
8
6
12
2
6
2
6
4
11
4
2
2
10
4
8
2
6
6
4
12
8
10
12
8
13
15
10
8
12
18
13
12
8
15
4
13
12
12
21
17
4
4
8
8
25
13
8
6
13
19
4
15
10
11
12
19
11
11
11
8
15
10
8
15
6
8
13
10
15
6
13
15
10
13
10
8
15
14
10
4
17
13
19
17
13
2
15
6
21
19
19
9
10
15
15
33
6
8
17
19
10
27
19
19
12
23
8
6
12
11
15
21
23
21
30
17
27
10
23
6
25
15
19
15
21
28
4
8
8
8
10
10
19
15
8
21
15
8
10
12
6
15
21
17
21
27
19
20
6
15
31
12
15
13
15
8
21
17
19
12
11
21
21
11
23
6
17
23
6
8
13
21
13
23
25
4
13
4
13
12
8
4
13
19
2
6
6
15
19
13
11
6
15
6
10
19
13
26
12
6
27
23
15
27
12
17
6
21
25
27
15
17
35
12
2
13
25
43
21
29
12
19
9
13
23
21
9
12
25
31
13
19
19
15
15
15
20
15
9
23
12
21
23
15
12
13
12
13
9
19
17
34
21
13
8
10
18
13
17
19
10
22
19
2
15
11
12
23
17
13
7
32
6
13
50
9
10
10
10
6
13
2
15
4
10
8
6
10
24
17
13
10
8
14
10
8
11
35
6
15
10
15
17
8
4
44
12
6
11
2
12
19
