9
11
1
0
1
7
1
5
7
1
5
1
1
5
9
3
1
34
1
7
48
7
11
11
0
0
0
11
5
7
1
25
7
0
3
0
1
0
1
5
15
3
1
3
1
0
11
0
1
1
1
5
9
1
44
3
1
1
9
1
7
1
3
3
15
0
1
1
3
7
1
1
1
0
1
0
1
0
0
1
1
0
1
0
1
0
11
1
1
0
3
1
5
1
1
1
1
3
9
9
1
1
46
13
7
5
7
0
1
7
1
0
1
9
0
7
84
12
0
3
3
1
1
0
11
1
3
42
3
7
0
0
13
0
1
7
1
1
9
9
0
3
5
1
11
7
44
7
3
3
1
9
5
5
0
9
9
1
1
13
1
9
0
7
5
13
0
7
0
3
7
7
1
9
1
1
0
11
0
5
3
9
1
11
1
1
0
3
3
7
7
1
40
7
0
11
7
1
1
0
0
5
7
3
1
1
1
1
1
43
1
3
1
0
1
0
0
9
1
73
0
3
5
1
5
9
9
5
7
11
39
7
1
5
0
1
11
7
3
1
0
7
38
1
1
0
7
1
1
5
7
1
1
5
7
1
34
1
9
1
7
7
3
9
1
1
0
1
1
7
1
1
9
5
0
0
3
7
0
0
3
1
3
9
1
5
1
0
3
1
1
0
3
7
11
11
3
1
3
9
49
9
11
46
1
9
3
3
3
3
1
7
1
5
0
1
0
9
1
11
1
3
17
1
89
3
7
1
9
1
11
1
11
1
11
1
1
1
1
3
11
1
3
35
3
5
3
3
1
1
5
11
3
1
1
5
5
7
3
3
3
1
1
7
1
3
3
1
3
5
3
3
3
3
7
5
3
3
1
1
7
1
1
3
3
1
9
1
1
42
1
0
3
9
1
1
5
0
11
3
93
1
1
3
3
5
1
1
1
15
3
7
1
5
11
9
9
1
3
7
11
1
5
1
1
1
0
38
1
7
9
1
5
3
3
1
3
3
5
1
1
3
1
3
7
9
5
0
1
3
9
1
9
1
1
1
7
43
9
3
3
9
92
9
7
1
7
74
1
5
1
1
0
9
3
1
0
1
9
11
1
3
45
1
0
1
0
9
1
1
11
9
1
3
43
1
9
7
1
9
1
1
7
3
1
11
1
11
9
11
1
1
3
5
5
46
1
11
9
9
1
3
1
15
1
5
3
3
11
3
1
9
3
1
1
9
1
11
3
7
3
9
9
11
11
7
11
5
11
9
1
5
1
9
7
1
3
0
9
7
11
13
1
1
3
0
0
1
1
7
0
47
1
1
1
1
1
1
1
5
1
3
1
1
0
1
3
1
7
58
7
5
1
1
1
1
7
3
1
5
1
1
1
11
5
7
5
7
7
1
1
0
5
11
44
3
1
1
1
1
1
0
1
0
1
0
3
0
0
1
9
9
9
1
46
5
7
1
5
9
1
3
9
5
3
0
3
1
1
3
3
9
7
1
5
3
1
1
1
13
1
3
43
1
1
7
5
85
0
1
13
9
0
13
1
3
1
9
3
9
1
0
5
13
5
1
3
0
20
1
3
3
1
0
1
5
1
1
1
5
1
1
3
1
42
15
5
1
0
11
3
11
3
0
5
1
3
7
5
1
1
7
87
3
1
13
1
1
9
1
1
7
1
3
9
1
11
1
1
3
11
7
1
11
47
1
1
57
0
3
0
1
3
9
3
1
3
15
1
0
7
13
5
9
1
1
3
3
1
3
1
1
0
3
1
13
5
1
0
13
0
0
3
9
1
1
9
9
3
0
0
1
3
5
1
46
0
3
9
3
13
0
1
0
3
3
5
1
3
5
9
9
1
12
1
11
11
5
1
1
0
9
1
3
3
9
49
9
7
9
1
42
0
11
7
11
3
7
1
81
1
1
1
9
5
1
1
11
1
1
9
0
1
1
3
9
45
1
7
11
9
9
13
13
3
1
40
0
1
11
5
0
5
1
51
9
1
3
1
1
7
17
1
3
1
3
3
3
1
3
3
5
13
3
3
3
5
3
3
5
3
1
1
1
9
48
3
3
3
1
3
3
9
1
3
9
9
1
0
3
1
9
1
7
1
1
3
7
1
3
1
1
1
11
13
1
1
45
3
3
3
3
44
1
1
3
3
1
3
9
7
1
3
3
1
11
9
49
1
7
3
3
9
1
7
3
3
1
1
1
3
1
1
9
3
5
1
3
9
7
3
3
3
1
1
9
1
0
20
1
3
1
1
3
5
3
38
3
3
9
1
3
7
3
7
1
1
1
7
1
5
3
3
11
11
5
1
54
1
1
9
0
0
0
1
3
7
1
3
0
1
15
1
9
5
0
1
9
1
0
5
9
3
11
9
1
43
1
1
41
3
42
1
1
0
1
0
5
1
3
11
3
1
3
3
0
3
1
44
1
3
59
7
3
3
1
3
3
7
9
1
1
3
5
3
1
9
5
7
15
45
1
3
1
1
13
1
48
1
1
3
3
3
1
3
1
1
1
1
1
1
5
5
1
3
3
46
3
15
91
3
3
1
3
5
1
1
3
5
0
7
5
50
0
7
3
9
3
5
1
3
1
11
94
0
3
3
13
1
3
3
1
0
9
9
7
0
2
2
5
0
0
0
0
0
0
4
0
2
2
0
2
0
0
2
2
2
0
2
0
0
0
0
2
0
0
2
0
5
2
0
0
0
0
7
0
0
0
9
0
9
0
0
2
0
2
11
0
2
0
9
0
7
11
0
2
62
2
7
2
0
2
0
0
7
0
2
4
2
0
7
2
0
2
0
0
9
0
2
0
2
0
9
0
0
2
2
0
13
0
0
2
0
0
7
2
0
4
60
2
9
2
0
0
2
0
9
2
0
2
0
0
9
11
0
0
2
2
9
2
3
0
0
3
2
0
2
0
2
0
0
11
2
1
0
0
2
7
2
2
2
0
7
2
0
0
0
7
2
2
0
2
0
2
4
3
0
0
0
3
4
0
2
0
2
15
3
72
0
2
9
11
0
2
0
7
2
11
2
15
0
0
2
7
11
0
0
0
0
9
7
2
2
0
4
9
0
0
2
9
7
9
2
0
7
2
0
5
11
0
0
7
0
9
0
4
2
7
2
11
2
2
0
9
0
9
9
0
9
9
2
9
58
2
7
0
0
7
0
4
3
0
2
0
0
2
7
0
0
0
58
0
2
0
0
95
2
0
2
7
13
9
11
2
2
0
0
9
0
0
0
2
2
0
0
4
60
2
2
76
