9
35
17
5
17
15
9
23
7
19
9
5
7
19
5
9
9
9
9
7
7
19
9
9
3
11
5
13
23
7
7
7
11
7
13
5
7
7
13
9
7
19
3
7
11
13
7
21
7
9
7
9
7
17
5
11
13
17
7
5
15
9
5
15
9
15
15
11
9
11
9
9
19
29
31
9
9
11
9
9
15
23
9
13
7
13
17
9
7
29
9
9
13
11
11
11
9
17
7
17
31
3
23
15
9
7
17
15
13
9
11
11
11
11
9
5
7
15
13
17
29
5
15
15
23
11
5
7
9
3
13
21
19
3
7
3
25
13
11
11
13
9
11
3
17
11
21
19
5
11
21
7
9
11
21
11
21
11
21
25
17
52
15
5
5
7
43
9
5
3
11
17
25
23
15
55
7
13
29
19
9
9
27
13
19
21
9
33
9
5
21
11
17
68
9
13
27
15
11
5
9
9
17
7
11
19
9
21
15
15
11
19
19
15
13
29
53
9
11
33
9
5
15
13
13
33
27
21
13
25
7
21
7
27
17
7
15
5
39
15
7
15
11
29
15
23
9
23
11
13
17
19
17
9
21
7
7
7
11
13
15
9
19
23
25
25
9
11
9
17
27
33
13
13
9
15
7
13
17
21
15
25
13
5
5
23
21
13
13
13
19
7
11
15
17
5
9
5
7
13
5
3
5
13
13
13
5
9
11
7
7
17
13
15
7
9
5
9
9
9
7
7
7
9
3
19
5
9
5
9
5
5
3
13
9
5
11
19
11
11
13
9
13
15
9
13
7
9
5
13
11
11
17
9
7
5
13
9
7
7
21
17
15
5
9
9
13
5
17
5
13
9
7
15
17
3
7
17
11
5
19
3
5
7
11
11
15
15
7
11
11
19
13
9
13
15
11
13
11
17
15
9
27
9
21
11
13
7
17
31
17
13
17
19
17
23
19
13
17
23
13
21
11
15
19
17
9
13
19
25
13
23
33
11
23
29
17
27
11
15
13
13
9
11
17
19
11
27
27
13
17
7
13
11
23
25
17
29
11
9
19
25
13
21
15
17
23
36
35
9
13
31
9
56
13
17
13
9
9
21
9
25
7
13
15
15
9
5
5
17
7
52
23
15
13
21
19
23
13
31
3
31
11
13
5
5
11
5
13
3
11
9
11
23
5
3
5
7
13
15
15
9
9
19
5
13
7
9
17
19
5
13
11
25
13
7
11
9
13
11
9
3
11
3
17
15
17
5
13
9
25
9
19
9
17
11
15
3
19
13
29
11
13
11
5
15
11
11
11
23
7
23
11
7
7
21
9
11
17
9
29
15
5
13
9
9
15
13
19
9
15
5
9
7
13
7
19
7
11
5
11
17
5
7
9
5
7
33
11
41
11
9
19
7
9
7
5
9
19
2
7
11
3
15
19
15
2
13
15
5
21
7
3
15
3
3
7
7
5
5
3
5
13
7
17
5
15
11
9
11
2
15
11
5
11
19
11
3
11
4
3
5
7
9
17
15
9
9
13
9
11
19
9
9
9
15
19
5
17
13
11
5
5
5
3
23
13
15
15
11
7
17
13
7
13
9
17
13
29
9
9
11
11
9
17
15
11
13
7
9
19
11
29
13
3
29
11
21
11
7
33
15
19
5
11
5
7
7
5
3
5
43
13
9
7
9
11
7
7
9
19
7
9
7
21
19
27
7
11
11
11
19
2
25
9
5
13
23
17
7
7
11
7
33
11
7
11
23
5
23
29
17
9
31
11
9
17
23
11
5
13
13
11
15
9
7
19
19
9
9
9
7
23
11
13
15
7
17
15
17
11
21
15
11
21
13
11
17
11
9
19
3
9
15
3
11
9
9
5
2
15
9
25
9
21
2
7
3
5
7
9
21
11
2
0
5
5
5
3
0
2
5
7
2
3
2
0
5
3
2
11
9
3
9
7
3
3
3
3
0
7
0
2
5
5
5
3
2
5
5
2
2
5
0
2
9
3
9
5
7
3
9
9
5
0
7
3
3
2
9
0
7
3
4
3
9
7
7
5
7
9
9
7
13
5
11
5
2
3
7
2
15
7
0
13
3
5
3
5
7
3
13
5
9
2
9
5
9
7
7
3
7
15
11
5
5
3
11
11
9
21
5
9
15
11
13
11
13
9
21
25
15
7
9
11
7
5
13
11
9
19
3
11
11
7
7
15
11
9
11
9
5
17
23
3
5
11
21
9
9
3
9
15
11
11
7
7
7
15
5
11
13
13
37
25
15
13
17
27
37
25
5
7
9
15
3
11
11
27
41
29
7
27
17
9
7
11
27
17
23
15
5
7
17
13
11
9
19
19
5
15
5
9
13
15
13
11
9
21
7
7
3
17
15
17
5
3
13
7
15
7
11
5
15
5
7
5
35
21
15
55
23
17
7
17
5
13
15
63
3
9
21
7
9
21
9
23
3
7
11
21
19
7
23
9
9
15
17
25
15
21
53
13
11
5
7
13
5
7
9
5
13
9
11
5
9
15
11
11
17
11
7
15
3
9
11
7
2
3
3
3
3
15
9
9
3
5
3
2
9
7
13
7
11
2
11
7
3
7
7
9
13
3
2
2
7
9
3
15
2
5
9
7
17
23
9
21
13
17
19
21
13
11
13
9
21
11
29
11
7
11
5
19
9
3
13
9
7
17
17
11
9
17
11
9
5
5
9
5
4
21
11
7
13
15
3
23
3
7
13
15
11
9
3
9
3
13
9
11
7
19
17
13
7
7
11
7
3
9
17
11
25
11
11
11
5
15
15
15
19
25
17
17
13
9
5
7
5
7
5
9
3
5
31
15
5
13
9
13
7
3
21
13
7
11
9
21
3
27
7
11
19
19
9
17
13
11
9
5
7
9
17
7
7
17
15
11
5
7
9
17
13
9
13
17
19
11
7
13
17
21
7
3
3
11
15
11
9
7
9
13
5
13
19
25
13
7
27
9
15
19
9
21
25
7
13
5
7
13
13
9
11
13
7
5
13
9
13
9
23
3
9
13
15
7
3
5
9
7
19
5
23
15
19
9
31
17
11
3
27
9
19
17
9
29
27
13
15
21
15
11
23
7
23
15
21
25
15
11
7
21
7
7
11
7
5
3
21
11
5
7
21
7
3
7
5
11
11
5
5
17
13
15
7
9
5
9
9
7
9
17
17
7
7
23
15
13
15
3
3
11
11
9
7
23
5
15
13
11
13
7
7
13
9
11
21
7
19
9
17
5
9
15
7
5
5
2
11
11
19
