13
17
7
3
5
17
9
26
7
11
25
13
21
7
9
15
7
15
9
13
3
7
15
29
13
7
9
15
11
7
7
19
2
11
31
11
7
7
13
5
3
11
7
5
11
17
17
11
13
9
9
13
5
9
9
17
3
7
17
13
9
21
9
19
19
9
15
3
11
52
13
23
13
5
9
11
5
7
17
13
17
13
7
9
7
15
9
3
9
3
11
5
13
15
19
7
9
11
11
9
13
7
7
19
15
11
23
9
9
7
5
9
7
7
5
11
11
23
17
23
19
15
13
15
7
13
7
11
9
13
27
13
11
19
9
9
7
13
27
35
9
15
13
25
13
23
5
9
11
33
13
21
33
29
13
9
9
29
9
11
13
27
9
33
21
9
29
23
7
19
11
9
17
13
11
15
19
15
24
15
19
9
11
15
13
21
9
3
19
47
15
21
9
11
7
11
13
9
15
9
7
13
9
15
9
17
19
11
17
3
23
13
19
13
15
33
11
17
11
3
9
5
23
17
17
17
9
17
25
27
3
9
9
13
5
9
7
15
11
29
11
21
13
11
21
27
11
23
11
15
7
9
11
13
19
7
13
17
3
11
7
21
19
9
7
13
9
7
11
15
15
17
9
11
7
15
19
41
53
5
19
5
9
11
19
23
19
19
13
11
9
15
7
13
21
15
7
13
7
11
9
17
15
7
2
7
7
11
9
7
5
11
3
7
5
7
9
11
5
17
9
7
11
54
19
2
13
2
5
5
11
13
7
17
5
7
7
9
9
9
17
11
15
5
31
9
13
3
11
17
13
13
11
15
11
11
9
9
15
11
15
21
13
11
17
17
9
7
15
15
9
7
7
9
15
13
11
19
9
2
5
7
13
17
5
15
11
5
11
7
11
11
17
5
7
11
11
7
13
17
15
13
7
3
23
2
7
7
13
9
13
11
9
5
19
5
11
7
19
13
13
13
9
11
7
21
5
11
9
33
7
5
27
11
17
17
15
15
19
13
11
13
9
11
7
15
23
15
13
13
15
29
27
33
25
17
33
19
11
13
25
11
11
9
21
15
13
19
39
21
7
11
25
11
21
15
13
23
13
7
23
9
13
19
21
9
13
11
9
11
17
45
5
11
9
5
35
5
7
35
7
15
19
5
21
21
15
7
15
15
15
21
7
7
21
9
7
9
23
3
7
7
13
11
19
11
7
7
13
23
9
11
15
9
19
21
11
11
21
7
9
7
15
9
5
7
11
21
13
13
13
2
17
11
13
7
11
11
15
3
21
21
9
9
9
11
19
17
13
5
11
13
11
13
15
11
13
13
15
9
33
15
9
19
9
15
13
9
9
7
17
19
11
9
9
7
13
29
5
5
25
15
13
11
11
7
7
5
11
5
5
7
21
11
9
9
13
15
11
9
17
15
9
5
11
3
7
5
19
13
17
9
3
7
0
3
11
9
2
9
13
7
15
7
11
9
5
9
17
9
5
7
5
17
21
9
5
15
19
27
5
11
7
19
11
9
7
5
13
5
7
7
35
11
5
7
7
7
7
7
15
23
9
7
11
3
5
9
5
7
17
7
21
13
15
9
11
11
15
15
21
25
23
11
17
7
11
5
17
3
19
9
23
9
11
63
11
11
9
17
17
5
23
7
11
39
7
13
13
7
15
5
9
33
7
7
21
29
37
13
15
13
15
27
11
23
5
17
11
5
5
9
5
21
5
27
5
37
21
15
27
15
15
15
11
5
35
19
17
7
9
11
19
5
13
29
5
15
17
9
9
31
11
33
11
11
13
11
21
13
11
13
9
11
3
9
5
9
5
13
13
84
3
5
17
13
3
13
13
11
7
17
11
5
11
3
9
15
11
9
7
7
7
11
5
13
13
13
15
3
3
13
9
13
3
0
5
5
3
2
3
7
3
5
3
3
2
3
3
7
2
7
3
2
5
3
0
3
7
0
3
0
3
4
9
2
17
13
5
5
13
7
9
5
11
2
3
5
5
7
11
9
5
7
2
5
3
3
3
3
3
5
0
2
11
3
7
11
3
9
7
0
3
2
3
9
0
2
0
3
3
5
5
3
3
9
2
3
5
3
3
13
15
9
5
11
2
2
3
7
3
2
9
7
5
5
5
17
9
9
13
3
21
5
13
5
7
7
7
7
17
11
7
3
13
15
15
7
13
9
9
13
3
11
9
19
7
37
13
11
7
17
5
11
13
7
7
15
11
9
7
13
7
21
9
17
5
15
9
7
5
13
11
9
7
13
9
15
11
11
21
15
5
17
13
19
17
5
7
11
19
7
7
11
11
15
7
7
11
9
13
9
7
15
13
7
5
5
17
5
9
13
3
19
9
9
15
9
15
7
11
11
3
7
17
17
11
9
9
11
5
19
17
5
3
7
17
11
9
9
13
5
23
17
13
5
7
5
11
3
13
5
13
17
15
9
17
21
19
9
15
11
7
15
15
9
9
23
11
11
27
3
11
3
3
11
5
5
9
7
11
9
13
15
3
9
11
13
13
2
21
17
9
5
9
7
5
2
5
3
7
2
5
11
5
3
13
5
9
15
2
9
2
0
5
2
2
11
11
3
5
5
5
5
7
3
7
5
11
25
9
7
11
13
9
13
19
17
13
17
9
17
5
5
2
15
9
5
7
7
17
15
7
11
5
9
3
9
11
13
7
5
15
5
23
11
13
11
9
15
9
5
5
7
41
9
2
7
7
5
5
5
7
5
7
7
11
7
13
7
3
5
11
5
15
13
9
2
19
13
5
11
3
9
9
9
17
15
9
21
13
3
17
17
11
7
21
9
13
13
15
13
7
3
9
11
27
11
23
5
9
9
11
11
5
5
7
11
9
3
17
13
7
15
19
9
11
9
5
7
7
7
15
2
13
25
13
7
9
9
3
9
17
11
3
9
5
11
5
11
11
19
7
17
7
7
7
3
25
2
15
21
5
9
7
9
9
5
49
15
11
13
17
9
15
9
21
3
5
23
11
17
11
15
27
9
25
13
15
11
7
9
7
37
15
11
31
11
9
9
19
5
7
19
11
9
23
3
11
13
7
5
7
21
17
13
11
3
11
11
13
11
15
5
7
19
15
25
7
13
9
13
9
9
13
5
15
17
17
27
19
13
5
19
19
9
11
19
9
11
9
19
11
11
5
13
17
13
27
3
21
7
7
9
15
2
13
5
9
5
3
11
7
7
5
5
13
9
5
3
9
13
21
15
7
13
7
9
15
3
3
2
11
3
11
9
19
3
7
7
