7
15
15
1
5
13
20
18
7
11
7
7
9
5
3
7
3
5
9
3
7
1
5
7
9
5
7
7
9
13
11
11
9
9
11
9
7
5
7
5
13
7
3
5
14
13
9
11
3
7
9
10
9
5
5
5
7
13
11
15
11
24
7
9
11
17
16
5
5
7
15
7
11
9
13
7
3
13
5
5
7
17
5
13
13
9
20
9
7
9
17
9
15
9
11
13
11
22
5
11
23
9
11
12
15
7
19
11
9
15
9
9
5
19
13
26
13
11
7
13
13
15
11
7
12
1
13
13
11
18
13
15
28
11
9
20
15
11
16
3
19
11
22
19
15
9
7
13
7
11
20
12
7
19
20
19
11
11
16
13
13
15
15
15
16
9
28
3
13
11
15
7
11
1
15
11
7
16
7
16
15
11
9
18
17
5
17
5
20
13
8
24
16
17
15
9
13
11
7
23
9
15
7
17
9
26
11
11
15
18
18
5
9
5
7
13
19
11
9
7
5
18
7
9
11
7
13
5
67
9
15
14
15
18
7
21
7
19
13
17
9
13
15
19
5
19
13
22
7
23
13
25
22
23
15
5
7
22
21
5
21
11
15
9
9
5
7
11
3
3
11
5
13
19
17
13
19
12
3
24
18
5
9
19
8
11
25
11
13
9
9
9
9
11
5
9
11
5
9
11
11
9
25
13
5
11
6
5
13
9
5
15
7
19
5
13
3
11
9
5
7
13
5
7
7
11
7
13
9
5
11
5
7
11
11
7
7
5
17
7
7
18
13
9
5
9
7
5
13
7
9
11
7
13
5
3
11
1
9
1
3
15
3
5
7
13
7
7
11
1
7
7
7
5
5
9
7
3
3
3
1
7
11
5
11
9
9
5
5
15
9
5
7
9
13
11
11
13
7
9
7
5
5
9
7
5
13
7
7
9
9
18
15
15
9
14
9
33
20
9
13
17
9
13
13
17
7
7
13
9
17
17
13
13
9
11
11
5
17
9
9
5
16
15
11
5
25
17
9
13
7
7
11
19
11
42
24
23
17
3
11
13
15
21
21
7
9
6
27
3
9
16
13
7
11
17
7
9
21
9
13
17
7
22
17
1
15
15
16
11
18
9
9
18
13
12
7
3
17
5
13
3
9
17
20
11
11
5
9
15
14
15
9
7
15
5
5
11
13
7
9
13
3
5
7
19
7
13
11
13
7
11
11
18
7
9
7
11
11
13
11
11
7
11
1
7
7
5
9
5
11
7
15
5
7
11
5
17
9
5
16
9
11
3
11
13
9
13
11
11
5
7
5
19
11
7
9
19
7
11
5
7
15
13
15
7
7
11
5
21
5
13
7
7
9
7
11
9
3
5
11
3
5
9
5
5
3
3
17
1
9
9
15
3
3
7
11
13
7
3
3
3
9
7
27
5
5
15
1
3
3
5
7
2
7
5
9
7
11
5
9
17
9
7
5
7
15
3
9
13
9
11
11
3
9
5
5
5
11
11
7
9
5
13
7
3
2
11
11
7
5
9
23
7
9
5
11
3
7
9
5
9
11
13
7
7
3
7
11
11
7
13
7
5
11
5
13
11
9
9
5
13
15
15
5
37
9
9
9
11
7
7
11
5
7
13
9
11
7
7
7
9
9
7
9
5
5
13
15
9
13
9
15
3
9
9
15
7
11
5
5
13
5
15
15
13
11
23
13
11
9
15
13
13
7
7
9
13
9
7
11
9
7
9
13
9
3
9
17
13
7
15
9
9
13
11
19
11
13
2
17
44
7
15
7
11
19
7
13
11
9
13
7
11
9
7
1
3
7
2
7
7
5
5
5
5
13
7
5
11
5
11
7
7
15
11
7
3
5
11
11
11
9
7
11
5
5
7
11
9
9
3
13
1
3
3
5
1
1
1
1
3
7
5
1
7
0
5
3
5
2
3
3
11
3
1
1
9
2
15
3
1
1
5
9
5
11
5
7
7
7
5
13
5
0
2
3
3
3
2
5
9
7
2
5
3
7
3
1
2
3
5
3
3
7
0
5
5
2
3
11
7
5
5
3
5
3
7
13
3
5
17
5
7
9
5
11
3
11
5
5
0
11
11
5
3
7
1
3
3
5
5
5
17
3
1
7
7
7
1
13
7
7
9
9
3
13
7
9
7
7
7
7
5
7
13
7
9
9
11
5
9
21
3
5
7
11
9
9
9
11
15
9
21
11
5
9
13
3
11
7
19
11
9
5
11
11
5
5
7
9
9
7
7
9
11
17
9
1
5
13
11
13
7
11
9
11
9
11
15
9
9
7
11
13
71
7
15
7
9
5
11
7
9
9
9
15
7
5
11
5
7
11
11
5
11
11
7
3
19
21
9
9
11
7
23
11
27
23
17
25
11
17
7
13
5
11
15
9
15
11
7
9
11
5
7
11
11
13
15
11
11
15
13
9
9
7
3
7
19
9
5
11
3
17
11
9
13
7
11
7
3
9
7
11
11
5
13
17
7
11
15
7
7
5
11
13
11
15
5
13
7
11
3
3
7
5
9
5
9
0
5
9
5
5
3
7
3
9
5
3
11
5
7
7
1
3
3
5
9
2
9
9
5
11
1
5
11
17
1
13
5
9
5
3
7
5
3
5
3
5
3
13
7
5
11
3
3
5
7
7
5
11
5
9
7
13
11
7
7
5
21
7
9
50
9
7
5
3
5
15
9
13
11
11
11
11
5
15
7
5
9
3
15
9
7
13
3
7
7
19
9
15
7
7
11
15
3
11
3
3
5
13
2
7
2
9
5
13
5
1
11
19
1
13
9
11
7
9
5
11
11
9
9
3
11
7
9
5
19
13
15
5
13
13
13
23
15
11
5
11
13
11
13
11
9
5
9
5
7
7
7
17
28
13
11
17
5
5
15
3
11
13
7
7
15
11
5
9
13
5
9
9
3
19
17
9
11
15
3
7
15
19
7
3
15
2
17
13
13
16
19
15
11
13
1
3
5
7
11
7
9
17
7
17
21
13
5
15
11
7
13
13
7
15
11
5
7
5
31
13
19
19
5
7
5
3
3
7
9
9
7
27
13
5
9
11
2
11
7
19
3
25
7
17
9
11
9
5
5
9
7
5
5
9
9
11
13
2
17
2
5
7
5
23
5
5
17
7
5
13
5
3
3
17
5
5
7
5
9
9
13
9
9
5
13
5
5
5
5
17
5
11
2
5
1
5
11
3
11
5
5
7
13
5
9
15
7
11
1
5
1
7
2
7
13
13
7
13
13
