4
2
2
0
6
8
15
7
6
2
4
4
6
4
0
4
8
4
6
4
8
2
89
4
2
6
4
2
2
2
13
6
6
6
2
2
23
10
8
4
2
4
29
2
4
2
8
0
0
0
21
0
6
5
0
0
2
2
2
8
0
0
0
4
0
0
0
20
2
0
0
0
19
0
2
10
0
0
0
0
2
0
2
21
7
0
0
6
0
0
2
8
2
10
23
0
4
2
2
0
0
8
2
0
0
0
0
0
9
2
6
0
6
0
6
0
6
4
2
2
2
2
2
0
6
0
0
4
4
0
0
21
10
0
4
0
0
0
0
0
0
4
23
0
85
0
20
0
2
0
2
0
2
10
2
2
2
23
27
8
2
2
0
4
6
0
0
2
2
0
6
0
0
2
0
10
8
0
8
4
0
96
0
4
2
6
4
4
2
9
4
4
0
2
2
0
0
0
2
8
0
0
0
2
2
4
2
2
2
0
2
6
0
2
0
4
0
6
8
10
8
8
0
27
24
4
0
0
9
4
5
5
2
2
6
4
2
2
2
2
6
21
0
2
2
0
8
6
0
6
2
6
6
2
4
8
0
6
2
4
8
8
0
2
2
8
0
0
2
10
6
4
4
8
6
6
0
2
0
2
2
4
78
2
0
0
0
7
22
0
0
0
0
2
15
2
0
0
0
0
2
0
0
6
2
0
2
42
5
4
2
0
2
0
17
7
0
20
4
52
2
6
2
0
0
2
2
0
0
0
0
6
4
0
2
59
2
4
2
0
2
2
0
4
0
4
2
0
0
0
2
0
0
4
0
0
2
0
2
0
4
4
2
4
0
0
0
6
6
2
0
2
2
0
93
2
0
0
4
4
0
2
2
0
4
2
0
2
8
0
4
0
4
0
2
0
2
2
7
25
0
4
2
22
0
0
0
0
4
0
2
5
3
0
0
2
9
14
2
4
0
0
0
0
0
0
10
26
0
2
0
2
0
0
5
0
22
0
2
0
0
2
2
2
13
0
2
6
0
36
0
0
2
2
4
0
0
4
0
8
23
0
6
0
0
2
19
8
6
2
2
2
23
8
2
0
2
8
8
0
0
2
0
0
2
4
0
0
0
2
10
4
0
0
8
6
0
0
23
0
0
25
4
2
2
6
0
23
0
7
0
0
38
0
4
0
0
14
4
2
4
6
0
0
4
0
0
0
0
10
2
6
4
0
2
0
0
0
4
0
2
2
0
0
0
62
0
2
2
23
0
50
0
4
0
0
7
4
0
4
12
4
0
0
0
4
0
0
0
4
0
6
21
12
0
2
2
2
2
0
0
2
4
2
4
2
4
4
4
4
2
2
4
2
10
0
8
0
0
2
4
0
4
0
4
2
9
0
2
0
8
4
4
2
6
2
0
0
6
2
0
4
2
2
4
0
2
2
2
0
10
0
0
8
0
0
2
0
0
2
2
2
2
4
2
2
0
0
4
4
2
2
2
2
0
2
4
0
2
4
2
2
0
2
2
4
8
2
0
8
0
8
0
4
0
4
2
9
2
0
8
2
8
2
6
4
0
6
0
4
0
0
4
6
2
4
2
6
0
2
7
6
0
4
2
4
2
2
4
2
0
0
2
4
2
4
6
8
4
2
6
6
4
2
9
0
4
0
4
2
4
2
4
0
6
2
2
54
2
6
2
6
8
4
10
6
4
0
6
0
0
2
0
2
77
4
0
2
4
0
6
6
2
0
2
2
0
4
4
2
0
11
0
2
2
0
2
2
0
0
0
0
0
2
0
0
2
3
2
4
8
2
6
2
0
2
2
0
0
2
4
0
2
0
2
4
2
4
0
2
2
2
2
6
8
4
2
8
4
2
4
6
4
2
4
2
2
2
0
0
4
4
4
0
0
2
4
0
2
2
0
6
4
2
2
0
2
0
6
0
0
0
2
2
2
4
6
4
6
2
2
0
4
0
2
4
4
4
2
6
2
4
4
2
2
2
0
0
6
2
0
2
2
10
0
2
0
0
4
6
2
0
2
2
2
2
2
2
4
0
2
6
4
4
0
2
4
4
2
2
0
2
2
2
4
2
2
4
2
6
2
0
0
0
8
4
0
0
2
4
2
4
4
0
4
2
4
2
2
2
4
0
6
4
4
2
4
0
6
0
0
2
0
0
56
0
2
4
6
0
4
4
0
0
0
0
0
4
2
4
6
4
4
0
0
0
0
0
2
0
2
0
0
0
6
0
2
0
0
0
3
0
0
6
0
4
0
2
2
2
30
6
2
0
2
76
0
6
10
2
6
2
6
8
0
8
0
2
0
4
0
2
2
6
0
4
4
2
2
2
4
0
0
2
2
2
0
2
4
0
0
0
0
2
0
0
6
8
0
6
6
0
4
0
2
0
5
0
0
2
2
4
4
0
4
0
4
4
2
0
0
4
4
4
0
0
2
4
7
2
0
0
2
2
0
4
0
0
2
0
2
4
0
0
0
4
2
4
2
2
2
2
2
0
2
4
4
0
4
4
0
2
64
0
6
4
2
0
2
2
6
2
0
6
4
0
10
0
4
4
4
0
2
4
6
7
0
0
0
4
2
0
0
0
0
4
0
2
2
5
2
4
0
2
2
0
0
4
0
2
0
2
2
2
0
0
0
2
2
2
2
2
0
0
6
0
2
2
2
2
2
0
0
2
0
2
0
2
2
2
2
75
2
0
0
2
0
4
6
0
2
5
0
0
2
2
4
2
2
2
2
2
2
8
0
6
2
0
2
0
2
0
2
6
6
0
0
0
2
9
4
0
2
0
2
0
2
4
2
2
2
9
0
2
44
4
4
0
2
0
2
0
4
43
2
2
0
2
0
4
0
2
10
5
2
4
0
8
2
2
0
0
10
0
0
0
2
0
0
0
4
2
0
76
4
2
0
4
0
0
0
75
2
8
8
4
2
2
2
2
7
0
4
2
0
2
4
6
0
4
2
2
4
2
4
6
66
0
2
2
2
2
2
0
2
0
8
67
0
0
2
2
2
2
4
0
0
2
6
2
6
0
2
0
2
0
2
4
2
0
4
0
2
2
0
0
0
0
4
4
2
2
0
0
0
0
2
4
0
2
0
4
0
0
2
2
0
12
0
4
0
2
0
4
2
0
0
0
2
2
2
0
0
0
4
2
4
6
4
0
0
4
0
2
4
2
78
4
2
0
0
0
6
0
2
2
2
4
4
6
2
2
0
0
4
4
0
0
0
7
2
0
2
0
0
4
11
4
4
0
