15
16
13
15
15
14
11
15
19
9
19
2
17
15
10
15
8
17
10
13
11
13
22
8
28
15
25
13
23
13
16
17
12
19
13
8
17
19
15
12
29
19
12
35
13
23
21
13
17
30
13
21
18
19
17
2
21
11
29
17
27
13
6
15
19
8
14
13
23
0
19
28
19
17
17
10
19
17
10
12
19
13
0
4
0
15
8
2
17
10
12
9
14
26
23
10
11
13
13
12
15
23
8
6
4
13
10
17
9
23
10
13
19
8
13
19
13
9
11
15
23
10
13
11
15
12
8
21
19
11
17
10
33
8
9
19
8
15
15
12
21
23
11
4
81
97
50
93
99
93
92
34
25
2
6
6
6
8
8
4
4
4
4
2
6
4
2
2
4
6
4
0
0
4
6
0
4
4
4
4
2
4
10
6
6
6
10
2
10
4
6
4
4
4
6
4
10
6
6
8
2
2
6
2
0
8
6
2
8
0
4
4
8
2
2
6
4
4
4
6
0
8
2
0
15
8
2
8
10
4
4
0
2
6
4
4
6
6
4
6
10
8
4
4
6
4
4
4
4
2
12
2
4
4
4
6
2
2
6
0
4
6
4
6
4
8
4
2
4
6
8
4
4
4
2
4
2
4
4
6
8
6
2
4
8
8
8
2
4
4
0
4
4
2
4
4
2
7
2
4
6
2
4
4
4
4
10
8
9
0
2
2
2
4
4
4
9
4
0
4
4
17
4
8
6
7
8
4
2
6
9
6
6
4
4
4
4
4
7
2
4
2
4
7
6
4
6
6
6
4
8
4
2
2
6
4
2
4
4
5
2
2
6
4
7
2
10
4
4
4
2
6
4
68
6
6
4
2
4
8
6
2
4
6
4
9
4
7
10
6
4
10
6
4
5
6
2
6
4
8
7
9
6
4
6
2
4
4
7
2
10
3
5
6
6
7
8
6
8
6
11
11
6
6
3
9
5
13
11
17
4
11
8
6
10
4
5
6
7
4
11
4
11
17
9
8
6
6
13
14
6
6
10
11
10
6
8
8
4
8
10
7
6
4
85
4
2
6
4
2
6
9
5
2
2
6
6
6
9
4
4
8
10
4
6
6
8
4
11
4
9
8
8
13
3
4
9
8
7
10
8
9
8
4
4
4
4
8
8
4
6
0
9
6
10
4
6
0
10
12
8
6
6
10
13
6
2
2
10
10
6
10
13
9
4
10
14
8
4
4
10
6
8
4
11
8
8
4
4
15
2
8
17
10
10
4
16
14
4
6
7
12
12
6
6
9
2
6
4
10
8
9
82
6
2
6
7
9
11
7
8
9
8
9
9
6
6
5
4
8
4
6
8
8
9
4
8
6
4
50
8
9
8
9
6
7
5
8
10
15
13
8
10
12
5
6
13
8
18
3
17
4
5
9
11
9
10
0
0
2
4
6
4
2
2
2
2
2
2
4
2
6
8
4
2
4
2
4
2
0
8
2
2
5
0
6
4
4
2
4
2
4
6
8
4
8
0
4
2
2
2
11
6
0
4
2
6
2
2
2
4
8
0
2
2
4
2
4
2
0
2
4
4
6
2
7
4
6
2
2
4
2
2
6
0
4
6
2
8
4
2
4
8
9
2
6
2
9
6
6
4
2
6
4
4
6
13
4
2
7
4
12
6
4
6
4
4
6
4
0
2
2
4
4
0
6
0
4
6
2
2
4
2
4
6
82
4
6
6
4
2
4
8
4
0
8
8
6
0
8
2
6
2
4
10
6
6
2
9
10
2
2
4
3
6
6
6
7
6
2
6
6
4
4
4
4
6
4
4
2
2
2
4
8
4
2
4
2
4
0
2
6
2
2
4
4
2
2
0
2
4
0
6
4
4
2
2
2
4
2
4
8
4
2
6
7
4
4
0
2
2
2
4
0
2
4
2
2
2
4
8
2
6
6
10
2
2
2
2
2
6
0
0
2
4
4
4
2
6
7
4
2
4
10
2
6
2
6
4
2
4
4
4
6
6
4
4
2
10
8
8
8
8
13
4
8
4
4
4
11
11
8
8
6
4
4
6
4
2
4
9
8
4
13
55
10
4
4
6
6
15
4
4
8
6
10
6
6
4
8
5
9
6
4
8
11
15
8
13
8
10
6
9
4
7
9
7
6
7
8
6
10
4
8
15
4
13
7
11
10
8
6
10
10
7
6
8
6
8
11
9
7
4
6
4
4
6
7
6
4
8
8
6
4
4
4
6
4
6
10
5
4
12
9
10
2
11
8
15
2
6
11
6
4
2
6
10
15
6
4
4
7
4
6
0
4
0
6
6
6
6
2
6
4
3
4
2
11
8
4
6
10
17
4
4
4
6
4
4
10
6
8
4
4
4
6
13
6
2
8
4
8
8
4
4
12
7
7
4
8
6
4
4
8
6
6
6
6
2
2
4
6
6
5
4
4
10
4
7
2
4
4
2
5
2
9
6
8
8
8
12
4
10
10
2
8
10
11
4
6
4
6
2
4
6
5
11
4
7
4
4
6
4
4
2
2
4
10
4
2
6
9
2
8
2
6
6
2
7
8
4
10
4
6
4
6
4
6
4
6
6
4
4
6
9
6
4
4
7
19
7
8
0
2
2
0
0
6
2
4
2
4
0
4
2
2
2
2
2
0
6
2
0
2
4
4
6
0
6
2
4
6
2
6
0
2
2
6
2
4
4
5
10
80
6
2
6
2
2
2
0
2
6
2
4
2
6
4
2
8
4
2
4
4
0
6
6
2
2
4
6
4
4
4
2
4
0
2
8
6
2
2
2
4
6
4
2
4
2
4
2
2
4
4
4
2
4
4
4
2
4
2
2
2
4
2
8
2
6
6
4
6
8
2
4
4
4
4
2
2
9
4
7
7
6
2
6
2
6
8
5
4
0
4
2
4
2
6
2
6
6
2
8
7
4
2
6
2
6
6
9
2
11
9
4
4
4
6
2
7
0
8
12
6
12
6
4
19
4
6
2
6
6
0
2
4
4
4
6
8
6
6
6
6
8
8
6
6
8
11
4
2
6
2
4
2
4
4
2
6
4
6
2
2
0
6
2
6
6
6
2
2
4
2
2
0
6
4
2
2
4
6
6
2
2
6
2
0
2
2
4
4
6
4
4
6
2
2
2
2
2
0
6
2
6
8
2
2
10
6
2
4
2
6
2
4
2
4
4
2
2
4
2
0
4
6
2
4
6
4
6
4
2
4
4
2
4
2
8
11
5
4
2
2
6
2
2
4
4
2
