37
15
8
8
8
11
6
6
13
11
13
8
4
11
2
10
10
12
8
10
12
6
6
8
8
12
10
19
10
6
6
10
8
8
8
8
4
8
13
12
10
15
11
12
13
17
11
10
6
10
6
11
13
31
13
35
23
6
15
21
8
10
25
12
10
15
33
10
19
19
19
10
12
8
8
31
12
21
17
37
10
21
17
8
29
25
29
12
17
15
27
10
10
15
15
40
31
21
31
21
21
12
17
29
38
23
6
50
23
10
10
19
12
27
27
54
8
23
6
35
17
8
15
38
12
12
8
8
8
27
29
15
12
19
12
27
13
29
6
13
17
23
17
17
10
6
8
13
39
13
8
12
27
13
25
12
69
10
12
11
12
8
10
6
13
21
27
31
8
27
8
8
25
8
27
27
17
17
35
23
11
10
33
6
21
13
15
19
23
8
6
25
27
27
19
8
17
12
11
6
23
17
6
10
8
8
10
15
8
8
27
6
12
6
12
10
15
8
25
15
12
15
19
12
8
10
8
12
15
21
6
8
13
12
15
8
10
12
6
13
23
15
8
17
29
8
8
10
12
8
6
10
13
6
8
13
10
15
15
15
19
21
15
13
15
10
12
13
13
17
12
8
4
17
12
8
17
12
12
6
15
6
13
8
12
15
15
27
10
6
2
2
9
6
11
6
4
0
6
6
2
4
6
4
4
8
6
4
6
4
4
6
4
6
6
6
2
4
10
4
8
6
10
8
2
4
4
6
2
6
2
6
8
10
6
4
8
13
9
8
4
6
6
2
8
8
6
2
6
6
2
8
4
8
6
6
8
6
6
6
6
4
2
2
6
4
4
6
4
4
6
6
4
6
8
2
2
6
8
10
6
6
2
4
0
4
4
2
2
2
6
4
4
4
6
6
6
8
6
4
10
6
6
2
4
4
8
6
6
4
6
8
8
8
10
6
8
10
10
13
10
8
4
4
6
4
4
8
15
8
10
8
8
8
4
11
8
12
6
4
10
11
6
8
11
9
6
17
11
10
6
13
6
19
8
6
17
13
12
15
27
15
8
12
10
8
6
10
12
10
12
15
11
6
15
17
2
0
0
2
12
10
10
9
10
10
12
8
13
8
13
11
10
8
10
8
4
4
10
10
11
6
10
8
12
10
6
8
10
6
13
10
4
13
6
12
6
6
8
8
10
2
8
6
4
4
8
10
8
8
10
8
9
44
4
10
8
11
6
6
6
44
6
10
10
6
6
8
4
8
8
4
8
8
8
12
8
8
8
8
13
2
14
4
10
8
6
8
6
6
6
8
8
15
6
10
13
6
11
10
11
13
8
10
4
4
6
6
8
9
10
15
11
9
4
11
9
4
6
6
8
6
8
4
11
6
6
4
6
4
4
4
6
8
4
6
8
6
6
6
6
7
6
4
8
2
6
6
4
4
7
2
4
4
8
2
8
6
6
4
13
11
6
8
6
6
4
6
9
2
4
6
13
8
9
8
4
6
10
19
4
4
6
8
8
6
6
4
6
19
4
10
2
7
4
21
4
8
8
2
11
13
8
2
11
6
8
9
11
6
2
13
15
11
6
6
6
6
9
6
2
11
11
4
8
6
8
4
10
6
6
15
13
11
6
8
19
11
8
11
11
4
13
4
6
17
4
8
13
8
6
4
13
8
15
13
6
8
6
9
6
6
8
8
19
6
7
6
6
6
9
6
9
8
4
6
4
13
6
7
7
10
9
6
8
8
4
4
15
11
15
24
15
13
19
11
9
11
8
6
10
8
11
15
6
11
15
4
13
6
7
9
13
7
6
13
11
4
13
9
2
6
7
4
2
9
4
4
6
8
8
6
8
4
6
4
6
4
6
6
4
6
15
0
4
7
4
4
9
0
4
4
4
4
2
4
13
0
0
10
2
6
2
2
4
2
0
4
4
4
0
2
4
2
2
0
0
0
4
2
4
2
0
2
4
2
4
6
6
6
7
0
8
4
2
2
4
2
6
4
2
9
6
0
0
6
0
2
4
2
2
4
2
2
4
2
2
6
2
4
2
2
4
6
4
4
8
6
4
2
2
2
7
9
2
2
8
4
2
2
2
4
6
2
4
4
4
6
2
7
0
4
2
6
4
2
4
6
6
8
8
6
8
8
4
7
4
6
4
6
8
6
8
5
6
13
6
8
6
6
6
11
6
10
2
8
8
8
10
9
4
6
2
9
6
6
6
11
8
9
6
6
7
6
9
15
4
6
13
4
11
9
13
6
15
9
8
6
6
2
8
10
8
6
4
11
4
8
4
11
11
11
25
11
8
11
8
13
8
8
4
34
13
15
8
8
15
13
13
8
6
8
21
11
6
9
11
6
11
11
15
7
8
4
8
4
13
6
8
13
8
16
11
6
8
8
6
2
2
11
9
8
7
8
7
15
9
11
9
21
9
8
13
8
8
8
4
6
6
6
8
6
2
6
4
11
8
8
9
8
13
4
6
2
11
4
8
6
6
8
9
4
9
6
4
10
11
6
9
4
9
2
2
6
8
6
7
6
6
6
4
2
8
6
2
2
4
8
4
6
6
4
4
4
2
4
4
2
4
2
8
4
2
4
6
2
2
2
2
6
4
6
7
15
6
6
7
15
15
8
4
9
6
4
4
9
9
6
7
9
4
6
8
9
6
6
6
4
8
4
10
6
4
2
9
2
8
13
6
6
6
6
10
11
9
9
9
6
4
8
7
4
6
6
8
6
4
6
9
6
6
4
6
6
8
8
7
13
4
11
6
9
8
11
11
9
9
10
9
9
9
6
7
7
9
9
11
6
7
15
4
10
11
13
6
8
19
9
6
9
6
7
8
15
13
4
6
11
4
4
6
8
15
17
13
9
9
13
6
7
9
6
6
9
8
4
8
17
7
9
13
9
7
6
13
4
11
9
6
16
8
13
7
6
15
9
7
11
11
17
15
8
6
9
13
13
8
9
9
7
9
11
17
6
9
7
8
11
11
10
13
9
11
6
11
15
11
8
4
7
9
9
9
6
6
11
9
15
6
15
17
11
8
15
9
13
11
8
9
6
13
15
9
20
4
8
8
9
13
7
6
17
15
6
6
10
7
9
9
7
8
9
9
6
6
4
6
8
6
7
13
7
11
6
4
9
6
7
6
6
2
13
9
9
4
4
4
11
6
9
8
4
6
11
8
6
8
4
9
4
4
4
6
4
4
4
8
2
2
9
6
7
2
6
6
11
6
2
4
7
6
9
7
9
7
4
9
4
6
6
