7
24
27
23
26
11
26
8
5
5
10
21
24
24
31
25
8
30
10
5
7
8
24
28
7
26
32
19
11
10
5
5
7
7
31
13
31
12
10
8
7
7
6
22
12
31
17
30
24
21
5
10
6
11
24
7
29
28
9
24
8
8
7
8
23
13
11
25
13
6
10
8
24
28
30
7
10
29
27
23
21
8
23
22
25
16
9
8
8
7
11
8
20
35
36
26
23
6
10
5
10
8
7
16
10
12
15
32
21
13
22
5
5
6
7
5
26
18
24
29
12
28
8
7
8
29
5
16
23
4
7
24
15
5
10
7
20
20
15
8
20
14
19
7
9
10
9
18
7
30
27
5
15
6
10
25
22
13
15
8
8
10
11
19
12
18
8
7
23
26
21
7
7
11
5
7
32
14
24
19
6
5
22
23
31
8
30
14
16
10
7
8
6
26
16
27
23
6
6
7
6
7
32
23
10
7
10
7
21
29
6
8
6
12
18
17
25
20
25
21
5
7
6
10
5
26
30
25
6
29
9
13
7
19
19
16
10
5
4
22
10
17
22
8
8
6
18
9
21
8
4
24
20
25
8
7
10
7
21
16
32
9
31
26
7
6
7
5
5
9
22
18
8
15
20
15
11
8
7
4
11
7
12
7
29
7
25
16
7
14
17
21
17
21
1
2
4
26
22
20
24
12
7
24
21
21
14
2
2
8
18
4
20
24
23
16
7
5
15
19
22
27
26
22
19
5
7
23
23
19
21
18
24
1
10
0
20
21
12
25
16
3
4
13
7
26
27
10
7
12
22
10
9
10
13
15
25
6
7
21
25
29
22
9
5
31
15
19
7
8
26
20
10
11
7
23
15
19
9
21
28
23
6
5
22
18
7
5
5
19
17
12
7
22
23
17
22
9
23
24
27
22
7
6
16
8
4
5
4
4
25
24
22
25
12
11
17
20
14
11
8
6
13
13
22
23
25
26
3
10
8
5
20
24
7
26
19
7
7
20
22
25
6
7
8
7
30
17
8
5
17
20
16
8
22
23
5
5
8
9
7
28
17
15
8
26
17
15
15
8
18
12
18
12
21
24
9
8
20
7
14
6
3
23
6
5
19
25
17
19
8
19
16
9
22
19
24
4
4
16
19
21
7
9
11
21
22
12
16
7
25
20
8
7
10
14
18
8
10
26
25
5
14
10
21
14
10
27
19
7
10
21
17
6
13
15
18
5
7
20
10
11
8
19
22
9
9
9
21
26
27
7
20
21
16
22
4
10
8
9
5
18
14
19
7
7
23
8
22
7
5
18
23
25
23
9
14
15
16
17
20
14
13
16
15
12
17
15
15
19
20
19
19
13
17
10
15
15
14
11
15
15
17
16
12
12
15
15
15
13
13
17
16
10
12
14
13
15
17
16
20
16
15
16
13
14
15
16
13
13
12
16
13
18
15
14
13
14
15
13
17
17
12
13
15
15
11
13
14
15
16
14
15
15
17
18
15
13
13
15
16
16
17
15
14
15
14
15
12
15
15
15
15
16
16
17
13
16
17
13
14
9
13
13
14
14
2
18
28
21
30
23
31
27
7
24
2
28
27
35
29
42
7
2
2
2
0
8
4
2
31
26
22
5
11
18
20
4
2
13
20
28
22
28
22
20
29
2
2
2
4
2
7
14
7
2
0
0
4
19
1
25
36
4
3
2
2
12
0
10
8
7
15
19
30
4
2
2
25
2
10
9
0
0
3
2
2
2
4
4
28
4
2
14
5
10
17
11
2
11
25
12
7
6
2
4
17
20
22
21
2
6
2
4
2
24
23
3
1
4
6
13
3
15
14
4
3
4
2
22
5
11
2
7
30
2
4
4
15
2
2
21
2
5
7
16
11
1
18
12
22
0
4
9
2
2
9
1
21
16
8
2
4
13
8
25
12
17
23
29
10
17
12
22
9
25
8
20
8
16
16
5
1
5
13
14
12
15
19
15
13
15
17
17
19
12
11
14
17
16
15
18
11
17
12
15
16
15
15
14
14
15
15
17
14
15
13
13
11
13
18
16
20
15
14
12
17
21
12
15
12
15
13
14
13
13
13
16
18
19
15
12
20
15
18
14
11
16
15
17
17
14
16
15
17
11
15
13
20
13
21
15
19
15
15
15
15
15
14
12
18
20
15
18
17
19
16
15
19
15
19
11
15
12
13
15
15
13
16
15
20
13
13
11
20
13
13
15
17
17
19
13
17
15
14
14
13
15
17
15
13
14
9
13
14
15
15
13
15
17
13
16
19
16
13
15
21
18
17
16
17
20
15
16
17
16
16
13
13
18
15
15
15
13
11
17
19
13
13
15
14
10
16
13
13
15
14
16
20
15
12
12
17
20
17
19
23
15
19
14
13
13
14
13
15
19
14
13
14
12
15
17
17
15
13
17
18
14
15
12
17
17
17
13
13
16
12
13
16
16
16
17
14
16
13
11
16
14
18
12
13
13
14
15
16
20
13
17
17
22
13
16
17
17
14
18
12
13
13
16
18
17
19
13
19
15
13
15
17
16
13
14
15
14
12
13
15
14
13
12
15
13
12
13
14
17
15
15
15
13
15
13
19
16
13
17
13
13
16
20
15
13
17
16
22
13
17
15
15
20
13
18
22
15
15
15
13
13
19
14
12
13
13
11
17
13
19
13
15
15
15
13
13
20
18
12
14
13
14
18
16
17
14
13
15
13
15
13
14
17
17
15
14
16
12
11
13
13
13
18
15
13
17
13
13
15
13
15
12
12
16
15
14
13
19
15
19
14
15
17
13
20
17
13
13
18
11
12
15
15
18
13
20
15
13
17
15
21
13
19
18
15
13
17
17
12
14
21
13
19
15
20
13
18
17
15
13
12
16
19
18
16
15
15
17
13
15
21
15
18
17
14
13
14
13
17
15
14
15
15
15
14
13
14
12
17
13
19
13
21
16
7
14
14
22
12
14
13
13
16
12
15
13
12
15
13
16
13
17
13
16
13
14
15
15
40
17
15
13
13
15
15
15
14
14
15
13
12
15
16
13
14
15
17
14
13
19
13
16
15
11
14
19
17
18
17
16
19
18
13
14
14
15
15
15
12
15
22
14
13
13
15
13
16
15
17
17
16
15
16
19
18
15
18
14
20
14
15
13
17
18
16
15
15
16
17
15
13
19
17
17
14
20
12
15
11
17
9
15
19
16
15
13
15
16
15
13
13
13
16
16
18
13
16
15
13
16
15
19
15
15
11
13
13
16
17
13
14
14
17
