2
20
1
1
1
31
2
7
2
3
25
21
3
2
0
36
3
2
5
2
22
3
4
2
1
5
2
2
2
5
1
2
4
1
3
5
4
4
2
2
0
2
1
3
5
2
7
4
0
8
4
2
4
6
5
4
2
1
6
0
1
4
2
4
4
4
5
2
5
2
2
8
0
2
2
26
2
0
1
1
3
2
9
21
1
3
4
3
2
2
2
3
7
0
0
3
2
1
2
2
4
2
5
4
3
2
2
2
1
7
1
5
0
16
2
1
2
4
5
4
3
2
1
0
0
1
3
3
1
1
2
1
5
39
7
1
1
30
4
21
2
34
3
10
3
1
5
6
4
1
3
2
39
1
8
0
19
4
0
2
22
2
5
4
4
3
1
2
23
3
2
6
8
39
2
5
3
3
1
2
31
2
2
1
2
2
1
39
3
2
2
0
1
1
4
31
2
2
3
4
1
38
2
2
0
0
32
6
3
2
23
1
6
30
14
23
1
18
4
2
0
3
3
3
26
4
1
3
17
2
4
0
0
2
2
2
29
23
2
28
3
0
1
0
1
0
20
35
1
0
2
3
2
3
1
0
2
28
2
13
4
27
2
28
4
2
8
1
0
2
2
2
22
5
3
4
25
12
1
4
5
23
0
26
2
15
3
18
4
34
2
5
1
2
17
1
4
1
26
2
20
5
2
46
1
1
3
11
42
3
1
6
38
2
4
38
0
2
1
32
25
2
6
1
2
4
0
28
5
2
2
4
1
1
0
1
13
4
3
0
20
1
0
11
7
3
10
0
12
3
4
47
2
15
27
28
1
1
35
27
1
3
23
4
31
26
5
1
28
6
2
1
4
2
4
2
35
26
14
4
10
19
9
29
21
12
3
31
0
22
0
3
37
1
4
3
22
2
2
2
29
1
3
5
32
2
36
1
2
2
30
24
2
12
0
2
1
2
27
2
2
4
34
28
1
2
25
1
2
5
2
5
1
26
2
0
5
8
41
43
2
0
2
23
1
49
2
4
1
5
2
5
2
21
1
22
3
3
18
21
2
2
34
31
1
2
11
4
2
1
19
2
6
24
34
25
1
34
31
2
1
1
23
21
3
2
2
18
10
1
1
23
19
7
2
18
25
1
2
25
15
2
1
2
3
0
1
2
2
1
1
1
2
16
11
4
19
2
2
24
1
1
27
2
8
2
26
24
1
0
0
17
36
2
2
6
0
34
1
1
2
29
22
2
21
26
20
4
0
0
2
5
2
21
2
2
26
0
5
11
10
21
21
1
2
20
12
18
6
4
2
0
17
2
1
2
1
36
2
2
4
1
4
19
0
0
2
0
4
29
9
2
4
5
2
4
10
5
3
4
4
0
6
6
3
3
6
4
4
10
3
2
2
17
6
59
2
2
4
2
59
16
2
4
4
2
2
6
2
4
9
10
0
4
3
4
2
42
4
0
2
2
18
17
3
3
5
3
3
6
2
1
6
2
0
2
2
3
4
0
3
5
5
2
5
6
7
0
5
4
2
43
2
6
2
3
5
2
43
3
9
2
4
12
3
25
21
2
2
1
6
14
7
59
3
4
2
3
2
1
6
1
4
2
2
13
9
14
2
4
0
0
14
4
7
20
2
4
2
3
5
7
4
2
2
2
4
2
2
3
4
2
7
4
0
5
4
4
7
26
49
5
2
66
5
6
8
7
2
4
2
7
8
4
5
7
2
6
5
4
2
2
6
2
5
4
2
2
10
4
5
7
2
0
7
9
2
6
5
32
0
2
83
32
2
4
8
6
3
8
6
2
43
18
5
2
2
2
0
14
4
4
2
19
1
1
2
6
6
2
0
3
28
1
4
2
36
7
2
2
4
4
2
1
3
8
7
32
4
2
2
2
19
3
2
40
2
24
2
24
6
0
2
3
2
16
0
12
1
2
14
4
4
4
8
2
1
1
4
3
2
49
4
26
6
3
3
3
10
2
8
2
4
0
4
2
4
2
4
6
3
4
2
2
2
6
9
0
2
4
8
2
52
5
5
4
2
0
2
44
2
2
6
4
5
2
6
4
7
2
1
3
0
7
2
4
4
7
2
6
3
4
5
9
2
4
4
2
2
4
2
4
5
16
4
2
2
5
2
4
4
2
7
5
4
2
2
6
4
12
2
2
2
2
2
5
3
4
4
47
2
3
3
39
2
2
52
5
38
9
6
6
9
7
9
3
6
5
5
4
7
44
2
2
4
5
0
5
3
4
2
4
2
4
49
3
5
2
4
2
5
2
0
4
42
7
10
2
2
22
5
10
4
5
5
3
2
2
2
20
5
45
3
2
9
0
4
15
2
5
2
9
7
10
10
14
21
5
0
7
10
19
7
11
6
9
4
4
2
9
2
25
4
10
0
0
6
5
5
7
9
9
18
9
5
5
7
9
5
5
2
5
9
9
9
23
4
5
14
6
4
6
2
4
5
3
44
2
4
7
6
2
7
4
41
4
4
3
4
12
6
71
4
7
45
37
12
4
40
0
8
4
0
4
4
2
3
4
2
3
7
4
21
2
3
4
50
8
4
18
11
69
2
0
4
12
4
2
2
4
4
4
2
4
37
5
2
4
45
4
2
2
4
3
23
6
8
6
37
4
5
2
6
4
4
3
6
6
7
6
6
4
4
5
2
4
57
4
8
4
2
6
7
8
11
11
35
58
6
4
6
6
1
6
12
9
19
11
8
5
45
9
4
4
7
6
4
2
6
2
6
6
6
4
6
6
39
46
10
10
37
7
3
5
8
3
10
9
6
4
8
2
7
39
5
6
4
2
10
8
2
3
6
2
4
3
6
4
4
6
3
8
32
4
4
9
6
7
37
47
5
2
1
4
9
6
6
9
6
44
8
6
6
6
4
10
4
4
4
2
2
0
4
1
2
2
10
4
0
11
38
6
0
8
6
6
4
48
2
8
6
2
3
8
2
3
41
4
5
2
2
6
4
2
4
2
15
6
2
0
2
2
45
6
0
5
4
14
2
55
7
0
4
2
2
0
2
6
2
2
2
7
5
4
8
3
9
3
6
2
8
5
4
6
2
4
2
40
2
2
47
6
2
6
2
4
11
2
11
10
2
2
34
2
6
6
46
2
4
3
2
4
4
4
1
0
2
2
0
0
0
39
26
0
0
3
4
6
6
2
0
5
4
2
2
4
4
5
13
5
4
6
3
3
2
4
7
2
4
2
2
2
6
3
3
41
3
3
2
0
2
3
5
7
4
4
2
4
85
13
