7
10
11
11
13
15
11
7
3
15
18
13
15
9
9
3
5
7
7
9
11
11
11
7
9
18
5
13
11
11
11
18
17
7
9
9
17
1
15
5
5
17
13
13
23
9
11
5
7
7
19
9
9
7
13
32
9
7
13
17
9
7
13
5
21
9
13
5
7
17
3
13
13
11
9
21
13
3
13
11
9
7
3
21
7
11
1
7
1
13
5
13
5
7
13
13
3
17
1
11
11
11
7
17
15
7
13
11
25
21
13
27
23
17
11
17
21
13
9
21
11
9
15
18
15
21
9
17
15
15
7
21
7
15
11
7
11
5
17
19
17
15
9
17
13
7
15
15
15
13
11
11
9
9
5
7
21
19
28
17
15
25
19
7
25
9
7
11
9
9
9
9
9
11
5
15
9
13
11
15
7
13
11
7
5
13
7
7
9
15
5
13
3
9
13
12
13
13
13
3
11
3
3
5
15
7
9
5
15
13
7
13
19
9
7
19
5
5
15
9
5
9
17
15
11
15
15
9
11
15
7
13
11
9
11
19
11
9
13
7
11
13
15
7
21
11
11
15
7
7
11
29
17
9
11
7
13
9
7
25
14
13
7
19
13
13
13
9
9
7
9
7
29
5
11
7
13
23
11
7
3
11
9
11
11
3
7
13
7
7
1
9
5
16
11
7
9
23
16
11
5
3
7
11
11
11
19
9
3
13
7
15
5
11
13
14
9
5
15
13
13
9
13
7
5
11
23
9
30
15
13
13
7
11
5
5
23
9
9
7
15
7
3
11
18
17
15
9
13
13
17
11
5
13
5
13
15
5
9
5
11
7
7
7
11
21
7
15
17
25
13
17
19
23
15
19
9
9
25
14
17
19
15
21
17
11
27
7
13
12
13
13
7
7
5
7
13
15
15
23
11
9
19
15
11
15
15
11
5
1
7
11
7
1
1
9
5
7
9
2
5
5
9
5
1
9
9
7
7
7
7
7
9
11
5
1
7
5
3
8
13
5
11
9
3
11
7
13
11
15
7
7
9
5
5
13
7
5
5
9
5
5
5
3
7
7
7
15
5
5
11
5
9
9
7
7
9
9
5
7
11
7
3
13
19
7
7
11
9
7
11
5
9
5
3
3
2
7
5
1
3
7
7
2
5
5
5
11
13
11
9
1
9
7
5
38
5
5
11
5
9
7
15
24
7
23
9
5
11
5
11
9
11
13
9
11
15
15
21
21
24
15
5
5
17
15
18
9
19
7
17
7
13
5
7
5
13
7
17
5
5
13
1
9
5
3
15
7
11
17
17
11
5
9
21
13
11
3
7
5
7
15
19
7
11
13
15
1
9
13
7
3
17
15
7
7
13
9
11
11
11
7
3
13
15
15
11
17
9
9
17
13
13
9
26
13
29
11
20
11
5
17
19
23
7
21
15
14
9
15
9
19
11
17
13
11
16
40
7
20
15
8
17
21
18
17
28
23
30
16
9
29
5
12
21
19
15
25
13
15
38
15
17
30
11
29
9
9
30
11
22
17
7
9
18
7
15
20
32
29
28
15
24
15
13
19
14
11
11
7
24
15
32
31
21
19
9
7
27
7
23
29
26
17
19
25
11
13
23
7
15
43
3
25
9
7
7
7
11
9
15
9
15
7
5
7
9
7
15
9
9
5
9
5
11
7
5
7
5
9
7
9
7
5
5
5
15
3
13
11
3
5
9
21
5
7
7
9
3
5
7
3
9
11
11
7
11
5
7
9
11
5
11
7
1
5
1
11
5
3
5
7
17
7
7
2
9
1
13
11
3
5
3
5
7
3
3
3
7
11
7
7
15
30
5
7
5
22
15
15
15
7
13
7
13
13
19
9
13
7
11
7
13
11
13
7
11
9
7
15
5
11
13
21
7
7
13
5
9
12
7
11
13
15
21
9
13
13
5
9
11
13
7
7
11
15
7
13
11
21
13
7
9
19
13
11
5
9
17
15
11
13
15
17
9
7
25
7
11
5
5
9
11
13
7
9
9
3
9
3
11
9
9
7
17
3
7
13
7
9
7
5
7
5
5
9
7
7
2
7
5
9
5
9
7
3
5
9
19
13
13
9
3
9
9
17
5
13
7
9
9
7
7
9
5
5
15
11
19
7
3
17
2
11
9
7
5
5
2
5
9
9
9
9
9
3
13
5
11
7
11
11
7
11
13
5
35
9
19
7
17
15
9
13
7
11
9
23
3
7
9
11
5
11
17
5
11
9
17
17
47
11
7
13
17
11
9
9
9
11
17
15
11
13
11
15
9
15
11
7
23
11
13
17
13
19
11
17
9
17
15
15
23
15
13
13
5
13
13
7
11
15
13
11
7
3
11
9
11
5
9
11
9
15
9
7
13
9
9
7
9
11
15
7
7
5
7
7
3
5
7
9
11
11
11
17
15
23
3
17
9
11
7
9
7
9
11
13
15
13
17
13
15
11
15
15
2
9
9
9
15
9
15
17
5
11
27
21
7
13
19
7
9
11
17
15
13
11
15
11
11
9
11
9
17
9
11
13
17
19
51
9
9
11
15
13
3
19
11
25
23
3
9
9
11
21
11
7
20
13
21
9
15
13
15
5
11
11
5
3
9
13
11
7
5
5
5
13
11
25
7
5
13
2
17
7
17
3
3
5
3
7
9
11
3
13
5
9
11
5
9
11
11
3
7
13
9
9
7
9
15
5
2
3
9
5
7
9
11
3
7
2
5
9
13
5
9
9
9
3
11
5
11
2
13
9
11
11
11
7
11
21
7
15
25
2
2
9
3
5
3
11
5
7
11
7
7
7
13
3
3
7
2
11
9
7
5
15
13
9
9
7
17
7
25
19
5
7
17
11
17
23
2
3
13
21
19
21
11
5
21
17
19
17
17
11
11
7
7
21
11
11
3
9
37
15
23
11
17
7
7
31
25
15
7
11
17
15
5
9
15
9
21
11
17
7
19
17
9
13
9
11
9
13
19
3
19
3
15
21
29
7
11
9
9
11
9
27
29
11
3
5
13
19
2
3
5
15
15
7
21
17
7
5
11
9
17
15
17
11
13
19
7
21
9
13
13
17
9
19
17
11
11
7
23
23
19
9
5
9
9
13
13
13
9
13
7
15
13
13
17
19
5
2
13
3
7
7
7
11
15
9
15
5
7
9
11
5
7
7
11
11
9
9
2
11
7
3
3
2
7
9
7
9
9
3
5
3
9
7
5
9
7
15
19
13
9
9
9
7
15
2
9
11
15
7
15
11
13
7
