7
18
15
6
11
9
2
22
4
21
52
35
73
30
10
4
2
9
4
6
6
13
24
6
11
26
9
9
11
2
17
11
21
2
6
13
0
9
8
29
9
11
9
9
30
13
4
0
6
7
4
6
4
22
6
35
15
6
4
27
18
6
6
2
2
9
12
6
0
7
7
8
4
17
4
10
11
17
6
6
15
11
11
9
68
6
15
11
6
17
4
2
4
17
11
26
41
9
4
0
6
2
65
6
29
4
58
4
9
7
11
6
2
13
15
6
8
0
17
2
11
13
0
8
7
4
5
6
6
38
21
6
2
4
4
21
13
28
6
10
18
4
7
7
6
0
2
8
6
13
4
4
6
2
4
4
4
6
6
7
4
4
2
4
4
6
93
6
6
4
84
2
9
9
6
6
4
10
9
8
2
6
4
4
39
6
7
9
7
2
21
15
4
0
2
4
7
4
9
6
4
4
4
4
2
0
9
4
2
2
5
15
2
7
4
15
28
5
0
33
4
6
4
6
4
15
8
23
6
4
4
4
4
2
2
6
7
11
13
4
7
4
6
9
15
7
4
7
7
4
6
7
0
2
4
4
44
0
0
2
17
6
18
17
7
2
9
6
7
5
2
8
13
6
17
6
7
17
4
2
4
6
2
6
8
84
2
11
28
13
8
23
19
25
21
13
25
21
7
11
32
9
0
0
0
0
0
0
0
0
0
0
0
0
0
0
0
0
0
0
0
0
0
0
6
6
41
21
6
15
13
17
15
29
19
9
26
9
6
11
22
15
9
13
11
19
20
19
15
6
4
21
15
17
10
6
9
10
30
36
7
14
4
19
24
21
24
13
11
13
39
13
33
6
17
6
22
9
9
19
7
12
2
9
9
6
6
11
8
6
6
4
8
19
7
9
32
9
7
15
4
15
8
10
6
8
11
21
16
6
13
15
6
47
0
9
5
17
7
6
19
4
2
7
9
4
17
4
7
7
13
2
13
8
6
11
2
22
5
24
5
17
11
2
4
19
45
48
8
11
2
2
11
9
10
8
8
10
9
26
6
29
13
4
48
13
38
13
9
7
13
30
20
11
15
2
21
11
7
10
4
13
5
10
13
9
2
16
8
6
37
13
11
5
35
34
37
9
13
4
26
28
8
11
39
6
4
15
6
8
7
15
9
13
13
17
6
13
4
15
6
6
6
6
13
5
13
22
24
5
6
15
8
19
4
6
28
6
15
22
8
13
11
8
17
22
6
6
6
28
13
6
11
10
0
10
11
15
4
21
19
7
26
6
20
6
10
8
4
15
13
4
11
15
22
18
15
13
15
2
8
7
4
12
7
13
4
4
8
20
2
7
11
18
6
11
6
7
10
6
17
7
2
9
11
18
7
4
7
24
12
20
21
2
11
20
24
18
21
15
8
11
19
8
6
2
0
6
9
10
11
29
31
22
26
29
42
10
27
2
10
19
17
9
11
82
13
10
12
19
13
4
5
35
12
17
17
24
11
19
15
43
5
20
6
11
7
19
30
22
17
21
39
4
10
13
11
13
10
21
26
9
22
19
22
69
8
4
8
15
28
8
21
35
4
13
54
24
13
16
0
10
6
9
20
15
11
4
8
4
10
9
32
8
26
11
7
10
9
19
24
9
12
9
12
7
6
6
7
4
21
4
24
7
10
7
33
15
6
13
8
6
19
9
13
11
8
7
25
9
9
4
6
12
4
18
11
10
8
11
4
13
9
8
11
6
4
15
17
31
7
6
4
13
8
20
15
6
11
0
15
15
5
6
6
9
7
11
6
15
8
9
9
10
4
13
6
10
11
16
13
7
9
9
8
11
0
4
4
6
9
41
10
8
18
13
9
10
9
4
8
9
8
17
6
6
8
6
8
4
4
13
6
6
8
7
15
10
11
17
7
0
13
9
6
6
4
6
6
15
4
10
29
8
9
4
11
10
22
31
7
6
16
11
8
9
7
9
20
9
11
13
6
6
2
8
6
4
13
4
16
15
4
11
4
9
8
8
8
2
15
5
7
7
9
7
9
13
13
8
23
2
11
9
7
4
9
6
7
13
9
9
8
9
0
2
7
7
8
11
11
8
21
7
8
9
13
9
11
17
9
17
6
2
9
4
6
11
55
8
7
4
4
8
9
17
9
4
7
9
22
4
4
6
11
8
6
2
0
11
6
7
5
7
6
5
7
2
4
6
6
7
6
6
74
6
8
4
8
6
11
8
7
7
4
9
8
7
5
7
2
6
8
8
6
8
8
5
7
11
5
4
4
11
9
6
7
6
9
4
2
5
28
4
8
11
9
9
8
4
7
9
6
5
18
6
12
9
24
13
9
18
4
4
2
17
9
5
7
6
4
7
9
2
7
11
6
8
7
9
2
6
16
5
9
7
4
6
9
14
12
0
2
7
4
7
17
2
11
28
23
5
7
23
6
10
12
9
9
6
7
13
6
5
4
13
0
23
9
7
5
8
8
6
4
5
7
7
6
15
4
13
8
8
6
6
3
7
8
4
15
5
7
8
10
2
13
7
4
4
11
4
6
8
7
19
6
11
6
9
11
2
9
8
9
13
13
11
12
6
15
7
11
7
15
2
6
17
4
15
17
9
4
2
10
10
13
10
12
7
7
5
21
6
7
5
13
6
26
8
12
12
8
13
8
12
4
2
8
6
8
2
17
8
10
6
8
2
15
6
0
2
6
4
4
9
0
13
7
4
13
7
7
10
6
0
0
8
4
2
8
4
8
8
4
8
4
4
4
19
6
7
6
4
17
11
8
7
11
6
13
13
4
4
13
2
15
8
8
6
10
9
10
6
8
6
13
10
10
6
8
9
17
8
4
6
13
4
6
10
4
9
0
19
10
11
10
4
11
16
4
11
15
15
9
10
10
4
6
15
0
13
6
10
14
42
4
11
7
6
10
8
10
13
11
5
7
11
5
4
6
2
6
4
5
8
9
2
8
2
7
8
4
12
11
12
6
8
7
6
7
2
13
4
11
9
10
10
6
15
2
4
3
11
2
15
6
6
8
10
8
18
8
8
7
8
6
4
9
8
4
2
11
8
10
7
10
2
7
6
0
6
7
11
10
14
15
0
6
6
4
7
18
8
4
9
7
24
7
3
4
6
0
0
2
15
9
6
7
7
10
2
2
7
7
6
11
9
5
2
7
2
10
5
9
0
4
0
2
5
2
4
5
2
2
4
0
6
2
2
2
0
4
2
4
0
2
5
2
2
2
2
0
4
3
0
2
0
2
4
