4
0
0
4
4
2
0
8
8
12
2
4
10
2
0
0
6
8
4
6
6
8
10
4
8
4
22
8
6
10
4
16
10
2
6
43
8
6
10
10
14
10
4
6
6
8
8
14
10
14
8
10
8
6
10
8
12
14
12
8
6
14
24
8
8
8
10
6
8
10
8
8
12
10
4
10
18
38
24
12
16
12
4
10
12
20
20
20
14
18
22
18
18
8
8
26
20
10
8
10
16
18
20
26
14
14
14
28
12
16
20
10
10
32
8
20
8
10
22
14
8
24
8
8
8
8
10
8
12
6
30
16
22
26
22
51
8
12
6
18
8
8
20
10
37
20
18
24
6
18
18
4
6
26
18
22
10
27
26
10
10
10
36
20
26
18
12
16
12
24
12
22
8
16
20
12
22
24
6
8
30
12
28
26
22
20
12
24
22
10
14
32
12
10
6
12
28
8
22
8
20
6
20
10
30
30
22
18
24
10
16
24
20
20
8
28
10
12
22
12
12
8
14
32
14
28
20
10
10
12
16
26
6
20
18
16
12
26
33
28
16
8
14
20
26
34
8
26
26
18
10
18
10
8
26
16
22
30
28
18
30
18
28
18
32
10
24
20
8
24
16
10
18
8
6
14
12
8
45
14
20
12
22
6
30
16
14
20
4
4
10
4
2
10
4
4
4
6
0
10
4
2
12
2
2
2
4
4
4
2
4
2
6
4
2
4
6
4
10
14
6
4
6
10
8
10
8
8
4
12
2
6
2
6
2
6
4
2
14
2
4
4
4
6
8
6
4
4
2
2
4
8
8
12
8
6
6
6
6
14
2
22
6
2
10
4
4
6
6
8
4
6
4
6
10
2
10
6
4
24
8
6
8
6
4
12
8
8
8
8
12
22
10
6
8
10
12
12
8
8
12
14
6
10
6
6
6
18
14
8
4
10
10
8
6
10
8
6
12
8
12
8
12
6
6
10
10
10
8
10
6
8
6
8
20
8
8
10
8
8
20
12
4
18
6
10
6
8
4
12
8
14
8
8
10
12
2
8
8
8
4
10
6
6
4
6
8
8
8
10
16
14
14
14
10
8
8
6
6
14
10
10
10
10
16
8
8
16
2
8
8
10
6
4
12
8
6
8
2
10
10
10
14
4
8
10
10
6
10
10
6
6
16
10
8
16
8
6
8
4
8
4
2
14
10
8
8
12
8
8
14
8
6
8
10
10
10
10
4
12
10
4
4
6
6
12
36
12
10
40
4
8
12
14
10
4
14
2
8
6
8
8
4
6
16
6
6
8
6
36
6
18
4
8
10
8
6
8
2
4
8
4
8
4
10
8
2
4
4
8
6
8
8
4
2
6
4
8
8
4
0
4
2
2
4
6
8
6
4
26
6
4
8
4
4
6
4
6
2
14
8
2
6
18
8
8
4
6
2
8
6
12
2
2
4
6
6
8
4
8
8
6
4
8
6
6
2
12
6
6
6
2
6
14
8
6
8
2
4
6
8
6
4
4
10
12
6
8
2
6
2
2
6
6
6
6
4
4
12
8
8
6
4
6
10
6
6
4
12
2
10
6
6
6
6
4
2
6
14
8
16
6
6
12
6
6
16
6
10
10
20
22
6
6
10
6
10
10
4
10
8
6
10
6
6
6
2
6
10
10
4
4
12
8
10
6
6
16
4
8
6
16
10
26
6
12
14
8
10
10
8
12
16
10
14
4
6
12
6
8
4
6
10
10
10
18
8
8
22
8
16
8
12
6
8
6
8
4
26
6
8
12
8
6
2
6
6
10
10
10
12
6
8
8
12
12
10
8
10
2
14
14
8
4
34
6
8
26
10
8
6
4
8
10
12
6
4
6
6
6
6
16
6
10
6
4
4
12
6
4
4
12
8
4
6
2
6
8
2
12
6
4
8
4
6
8
4
6
8
10
10
4
10
10
6
6
4
4
14
12
4
4
2
4
4
14
6
0
8
4
8
8
6
8
0
6
4
4
10
6
4
4
4
4
4
4
6
4
8
4
2
6
2
2
2
0
10
0
0
6
6
2
6
6
2
10
14
6
6
4
4
8
8
2
4
8
8
6
4
0
12
2
2
6
8
6
4
4
10
10
8
6
6
10
6
6
4
16
10
4
0
8
6
8
9
8
12
6
14
12
4
14
14
10
16
6
8
6
10
8
8
10
14
12
12
14
8
2
14
10
10
10
8
6
6
12
4
6
4
9
8
10
8
6
22
6
6
8
14
27
8
6
8
6
4
4
10
16
22
12
20
4
8
14
10
6
4
18
10
2
18
8
12
23
4
14
10
6
4
16
14
10
10
16
10
2
18
8
10
6
27
8
2
16
21
6
14
17
6
24
20
14
27
22
22
22
10
12
8
8
14
26
6
6
25
9
8
10
18
12
6
12
8
16
10
6
6
12
4
6
20
22
8
8
14
15
18
12
10
14
6
10
16
20
8
18
12
16
6
6
20
10
8
10
8
10
12
14
2
45
8
8
16
18
10
12
6
8
10
2
8
6
4
4
14
4
14
2
8
6
8
6
4
4
2
8
8
6
2
4
2
2
10
6
4
4
8
4
2
10
4
4
6
8
7
8
6
6
6
4
0
4
6
14
16
10
12
8
12
20
12
6
8
20
14
20
25
6
20
14
14
6
20
16
23
12
10
6
10
12
18
4
10
16
8
6
4
20
6
15
20
6
6
8
8
10
18
6
18
4
12
10
6
2
10
6
2
14
4
20
6
31
6
6
20
14
8
8
14
8
12
14
16
10
10
6
14
8
10
16
12
25
21
6
6
16
14
6
13
14
14
10
10
18
18
6
16
6
16
16
18
20
8
16
8
18
10
14
6
8
20
10
14
10
8
10
20
12
10
16
10
8
10
2
10
10
12
14
8
12
8
4
10
4
20
6
17
17
14
12
6
6
37
14
6
6
10
8
14
18
6
6
10
18
18
24
12
22
12
16
12
18
12
14
8
4
12
8
20
16
21
13
16
22
10
25
6
6
6
4
10
18
10
6
8
14
17
19
8
15
16
6
18
16
6
10
22
17
6
16
10
15
10
12
17
18
17
10
12
21
12
10
14
6
8
6
11
12
6
10
15
2
55
12
8
14
4
11
10
16
12
6
12
8
16
10
9
6
10
4
12
8
12
17
11
14
22
8
8
10
8
4
4
5
10
10
8
4
12
6
6
6
10
6
2
20
16
7
12
6
2
12
10
6
18
4
6
8
8
6
10
16
2
6
12
8
8
8
3
6
