12
15
8
11
8
11
10
19
6
15
19
11
10
12
8
15
12
17
10
8
23
2
13
13
6
23
13
12
25
15
27
15
6
4
8
15
13
12
6
10
15
6
12
15
12
17
8
25
29
25
11
8
8
17
19
6
10
12
15
14
4
34
19
8
23
8
21
36
8
19
23
10
37
39
8
29
10
13
29
13
6
35
10
19
15
14
29
29
10
17
31
15
10
12
19
35
10
19
15
14
12
49
15
29
19
31
46
12
50
27
38
33
25
23
12
35
23
15
37
29
31
17
27
40
52
10
17
21
37
17
54
21
42
27
29
44
48
23
8
31
35
50
12
56
48
17
14
17
75
15
60
37
25
37
29
18
54
60
39
25
10
14
12
21
6
6
14
10
13
12
33
16
14
10
16
8
8
37
8
21
15
14
46
19
15
27
15
15
21
14
17
10
21
23
10
10
16
17
8
19
15
14
6
10
10
17
12
12
14
16
17
15
8
6
15
6
10
12
15
8
4
14
29
27
10
14
14
19
10
15
10
23
14
14
12
15
17
8
25
10
21
31
14
27
15
34
45
8
15
21
27
15
12
15
19
23
39
10
6
23
21
31
19
21
10
8
14
27
16
8
23
19
17
21
19
10
8
14
16
12
0
8
8
14
25
17
15
21
15
15
17
19
15
15
15
78
19
23
6
19
15
13
6
4
19
19
10
15
21
6
10
17
8
10
8
17
6
17
17
17
8
25
15
23
15
35
14
15
11
12
21
15
15
21
13
6
15
21
17
8
8
24
17
21
23
4
8
25
79
10
12
19
16
15
10
12
12
17
39
19
12
12
12
6
14
29
10
10
15
25
17
21
4
13
13
14
14
15
12
10
12
4
17
10
10
6
27
17
29
13
15
15
12
12
15
10
10
48
17
21
23
21
33
8
23
15
11
6
58
23
10
10
10
17
9
12
17
27
27
15
14
17
10
21
14
10
23
12
21
17
12
13
31
27
23
6
14
10
29
39
12
19
27
10
14
17
14
27
23
44
6
38
21
42
17
13
19
10
14
15
29
10
8
37
13
15
15
10
27
35
8
38
25
6
19
8
17
19
21
17
37
12
21
15
12
15
19
15
29
29
21
32
17
14
21
12
15
25
23
23
17
27
18
37
10
17
8
29
19
15
23
40
19
4
35
23
19
35
8
8
23
27
13
15
17
21
37
6
31
12
25
33
6
46
21
10
25
27
25
6
27
12
10
15
29
31
23
19
37
11
23
10
8
15
17
33
17
11
25
11
27
10
6
12
8
12
23
27
23
6
12
25
4
15
23
12
14
8
11
8
4
8
8
17
6
8
10
14
8
10
8
8
14
10
12
8
16
8
4
12
16
2
8
2
12
4
6
8
8
6
16
4
8
8
8
10
10
22
23
6
8
33
12
6
10
15
12
12
14
15
10
10
6
10
16
8
42
10
8
10
8
12
2
4
12
12
12
12
19
47
8
6
12
6
8
8
4
4
14
4
8
10
12
8
12
10
2
0
16
12
6
8
12
8
4
2
8
6
12
8
12
18
8
14
12
12
8
10
12
13
12
10
18
12
10
12
10
12
18
14
8
12
23
21
6
15
12
13
9
9
10
18
16
14
10
10
10
10
12
14
6
6
8
4
17
8
31
8
15
8
14
23
6
23
31
48
14
26
35
13
41
10
44
50
48
31
48
20
19
39
4
19
6
13
6
8
21
25
15
10
39
12
17
27
40
41
53
31
15
44
4
13
10
12
8
6
46
23
17
10
35
50
15
21
12
27
4
13
44
19
11
37
8
25
52
8
17
33
19
8
15
6
15
31
8
8
14
10
14
21
13
21
19
12
23
16
18
9
19
15
23
8
15
25
6
19
15
19
10
17
21
13
10
8
8
13
8
29
14
15
8
6
12
46
8
17
4
14
43
21
14
12
15
14
29
25
10
10
14
12
6
16
17
27
12
18
7
8
8
18
10
10
8
10
16
10
19
12
12
15
12
23
16
12
19
17
14
8
19
29
10
18
12
10
12
35
8
2
4
2
6
8
4
16
10
10
12
12
10
12
6
16
8
6
12
14
4
6
23
6
10
8
4
12
10
8
2
16
4
10
4
4
14
21
8
16
10
16
8
8
10
12
6
18
10
18
16
4
14
10
8
8
14
4
6
6
21
2
14
8
6
19
16
10
10
6
16
8
23
12
10
14
8
8
4
26
11
16
10
4
8
11
9
10
12
14
21
10
6
8
27
12
16
12
7
10
23
16
14
10
10
2
14
10
19
8
8
16
6
10
25
21
10
10
14
14
6
8
12
16
6
10
18
18
12
15
29
19
10
10
18
12
10
18
6
14
27
23
17
25
4
6
14
18
10
16
23
8
18
12
21
10
14
17
10
16
29
10
21
21
29
17
10
6
8
10
18
20
19
12
18
10
6
4
10
10
16
12
4
6
12
14
12
4
12
6
14
6
6
6
10
10
10
10
8
10
6
10
12
12
6
10
8
14
6
6
10
6
10
8
0
4
6
10
12
0
10
4
8
4
4
10
2
4
6
2
2
4
2
0
6
4
0
4
0
2
4
4
2
0
2
2
6
6
6
2
6
8
4
6
4
4
6
10
12
2
2
12
8
0
8
8
12
10
6
8
2
4
6
2
6
6
6
16
2
2
2
6
4
0
2
0
6
4
0
8
4
4
8
6
6
16
14
14
14
4
4
9
4
4
16
2
4
6
14
8
2
8
14
6
10
4
6
6
4
8
4
14
4
8
6
6
6
10
10
10
12
6
12
6
8
10
7
7
6
4
14
8
6
12
21
10
14
14
13
17
9
4
12
12
14
10
8
10
4
16
4
8
4
6
18
12
20
10
10
10
10
6
4
8
4
8
8
8
12
12
8
11
12
14
14
2
6
6
9
10
8
4
10
12
6
21
4
31
6
20
21
25
20
6
6
10
20
8
8
4
12
41
25
10
8
18
8
29
21
10
6
43
16
16
6
6
27
27
8
10
14
29
6
14
23
6
17
6
8
6
6
8
14
21
8
14
7
14
4
6
16
10
18
14
14
6
12
12
4
16
5
4
18
14
8
8
24
19
12
25
4
10
10
38
21
4
14
4
23
19
8
18
21
18
14
10
18
14
6
4
6
10
14
10
4
10
13
14
8
10
12
4
14
25
6
8
2
10
6
2
4
10
4
14
8
8
8
4
6
2
2
4
0
6
4
14
6
4
4
6
2
10
31
8
10
2
8
4
2
10
16
4
8
4
