8
21
9
6
6
15
13
4
11
10
6
10
10
8
12
8
12
4
12
2
8
8
6
15
15
8
11
8
10
15
13
12
6
11
8
7
8
8
6
11
8
8
12
13
8
10
15
10
12
6
29
17
12
17
8
8
21
13
17
13
17
8
10
13
6
8
10
8
15
10
10
8
6
8
17
8
13
6
8
6
2
21
6
10
12
9
12
6
13
12
13
15
13
2
8
15
15
8
21
6
10
8
8
10
6
8
15
48
8
8
8
11
13
19
17
17
17
13
15
6
11
11
23
15
8
13
10
6
15
12
11
54
11
8
19
14
6
27
10
9
17
13
17
19
17
24
13
23
13
13
8
8
12
15
12
10
8
13
21
26
13
23
12
11
9
15
21
17
29
14
6
23
11
15
25
15
11
6
8
13
8
17
13
6
19
10
13
13
23
32
24
12
6
28
17
11
23
31
17
12
6
19
8
29
32
25
6
21
21
33
27
4
11
6
6
8
6
9
19
15
4
42
8
12
6
10
29
4
13
22
10
14
10
6
25
21
15
6
6
10
21
9
11
10
10
11
13
10
9
13
10
4
15
10
8
11
8
8
8
17
19
10
8
10
21
8
8
6
8
11
19
15
19
15
8
15
29
21
23
9
13
4
6
11
6
10
4
9
2
2
2
0
0
2
6
6
2
2
0
2
2
6
2
4
2
4
2
0
4
6
2
4
4
4
19
0
2
0
2
4
4
4
6
0
4
4
4
2
0
2
0
2
0
6
2
0
2
4
4
4
2
6
2
6
6
2
4
10
6
6
4
2
4
4
2
6
2
6
2
4
2
4
2
4
4
2
4
2
2
2
4
8
4
6
10
0
4
2
4
2
4
6
4
2
0
4
2
4
0
2
8
11
9
8
10
4
6
15
10
4
6
6
4
9
14
8
4
17
9
9
15
10
15
8
8
11
6
10
6
8
4
6
11
13
9
9
13
9
19
6
8
13
11
8
11
6
15
8
13
8
8
4
9
11
17
11
7
21
40
11
19
14
21
11
13
7
6
8
8
11
9
17
8
11
13
8
11
7
8
6
17
9
6
11
19
17
34
11
23
15
19
15
10
15
9
17
6
8
6
7
17
21
23
6
15
9
7
8
10
4
6
4
15
17
13
19
4
8
11
15
13
11
7
11
6
8
8
9
13
19
24
17
9
13
11
8
17
10
13
6
8
13
9
13
13
11
11
8
21
8
19
9
8
7
8
6
10
11
15
11
13
11
13
8
11
8
4
6
8
8
19
11
6
6
4
8
9
6
13
6
6
8
4
9
15
6
13
9
4
4
4
9
4
6
4
10
4
4
6
10
8
6
11
12
8
4
4
4
10
8
12
6
13
9
11
10
6
11
10
8
8
11
8
8
10
6
8
10
4
6
10
10
10
8
6
4
10
4
12
4
4
6
10
8
8
6
8
4
8
8
8
6
4
10
11
8
6
4
4
11
4
4
6
9
6
11
8
6
8
6
6
11
11
4
6
15
6
15
8
4
4
11
8
6
9
6
6
2
8
15
10
8
6
8
8
8
11
11
6
10
6
13
6
46
8
11
11
6
6
17
11
6
11
9
6
15
9
4
10
8
19
8
17
9
19
10
6
8
11
6
15
11
7
36
10
17
8
15
13
4
4
10
6
8
8
11
4
21
9
17
8
6
4
8
19
13
6
13
21
11
17
11
15
11
6
9
9
13
8
9
15
12
6
15
6
15
6
6
19
8
8
15
15
12
11
9
9
6
10
8
6
17
17
7
9
8
22
13
11
19
11
11
9
15
15
8
9
6
13
11
7
9
8
6
7
6
9
13
8
13
4
4
8
17
9
9
10
10
15
11
13
8
9
10
11
10
10
7
8
11
6
12
10
8
9
11
9
4
11
10
10
4
8
40
11
4
8
6
6
13
11
8
6
8
8
6
11
11
8
19
4
6
11
6
8
6
6
6
5
2
4
0
2
2
0
12
0
2
0
6
2
6
0
4
2
4
0
2
22
8
2
2
2
6
2
0
8
6
2
6
2
4
6
4
4
4
4
4
2
8
2
6
2
4
4
10
10
6
6
4
10
2
6
2
4
4
0
8
6
6
6
2
4
12
8
6
6
2
8
12
5
6
13
6
4
4
4
4
10
8
12
14
16
8
8
8
19
8
4
12
2
20
12
10
8
6
10
10
12
8
16
10
4
8
6
6
4
2
8
12
8
2
8
10
8
8
16
8
6
6
14
10
6
8
12
4
4
8
27
17
12
4
8
11
6
8
4
12
6
8
6
8
10
8
14
17
10
8
10
13
12
6
6
8
10
8
12
6
20
16
12
4
4
4
4
8
4
6
6
14
6
12
12
6
4
12
10
4
8
8
10
14
31
8
8
4
8
16
10
12
6
6
8
10
9
6
16
10
12
8
10
4
11
16
8
5
13
6
14
8
4
6
4
6
8
6
6
12
6
10
8
14
8
8
8
8
6
16
12
16
12
8
6
8
6
4
4
4
4
4
15
10
18
2
6
6
4
6
8
6
6
4
4
12
10
10
10
4
2
4
6
2
4
4
4
6
18
4
2
6
6
4
8
2
51
4
4
4
8
4
4
0
0
10
14
10
14
10
4
16
10
4
10
10
12
8
8
9
10
8
4
6
6
6
2
10
4
10
4
2
2
7
6
6
2
4
0
2
8
10
6
0
2
0
8
8
6
0
2
14
8
4
6
8
14
6
4
8
6
4
4
6
2
8
6
6
8
4
10
0
6
8
6
2
8
2
8
10
4
4
2
6
6
6
8
4
2
8
2
8
2
2
8
10
4
2
8
4
4
0
4
6
6
14
10
6
12
6
6
8
2
8
8
4
6
8
2
2
6
8
10
10
6
4
4
4
10
2
8
8
12
2
0
4
2
0
6
6
4
0
4
2
2
13
4
6
0
8
10
8
4
6
6
6
6
6
0
4
6
4
2
12
18
24
21
14
23
23
2
12
10
14
20
14
6
15
8
15
20
15
10
27
23
43
19
6
12
17
16
25
21
16
6
10
20
31
18
21
31
10
25
10
16
17
16
14
8
16
16
12
19
6
20
16
15
10
14
14
18
8
6
27
13
19
10
18
4
25
10
10
10
29
10
12
8
29
15
13
4
6
16
10
7
15
16
4
10
16
10
10
8
19
10
8
8
14
8
6
10
6
8
17
17
8
4
29
6
7
6
8
6
27
6
8
14
14
8
2
23
12
14
8
12
4
12
23
18
4
18
21
