2
0
2
2
0
0
2
2
2
13
2
13
11
0
2
4
15
6
2
2
0
4
2
6
6
0
2
4
0
4
4
0
2
11
2
4
0
0
0
0
6
4
2
4
8
4
2
0
0
2
9
4
6
8
2
4
4
2
9
15
0
2
11
4
2
2
12
4
0
2
4
2
0
4
2
2
4
5
2
2
6
0
0
4
2
0
2
8
6
0
4
4
4
2
2
8
4
7
2
2
0
0
4
0
2
19
0
4
4
0
0
0
4
0
4
4
2
2
2
11
0
0
4
4
2
8
2
2
2
0
13
4
2
2
4
4
2
7
2
2
2
0
0
7
2
5
2
2
2
0
9
9
4
6
0
7
4
0
4
6
13
4
2
11
2
4
4
4
4
4
2
0
4
0
10
0
7
2
0
2
4
2
0
4
11
2
0
6
4
2
6
2
4
0
7
14
4
4
2
0
2
13
4
4
13
3
17
2
2
2
7
4
6
0
2
2
0
4
2
17
11
5
13
4
4
2
2
0
7
0
2
2
0
2
2
6
7
4
9
6
4
0
2
2
0
41
4
4
2
2
4
7
6
2
2
13
9
11
4
4
2
4
4
4
13
2
2
8
7
0
6
2
0
11
2
6
0
0
2
4
6
4
0
9
4
6
6
2
0
0
0
0
0
4
0
4
13
2
2
0
2
4
0
0
0
2
4
2
4
2
2
4
6
0
0
4
0
0
2
3
2
4
2
6
0
8
0
24
0
0
2
2
2
0
0
9
0
6
0
2
2
0
15
0
2
2
2
2
8
0
0
4
2
0
0
2
2
2
2
4
0
2
4
7
7
0
5
0
0
4
0
6
0
0
2
0
0
4
2
0
2
2
2
0
0
2
0
4
4
0
0
11
0
2
2
9
0
0
4
0
7
0
2
2
0
2
0
2
4
2
0
2
0
0
4
2
0
4
2
0
4
4
4
4
2
4
7
2
4
4
2
4
0
8
2
2
2
4
0
4
4
0
0
4
0
4
0
0
6
4
7
2
0
0
4
4
2
0
4
0
2
0
0
2
2
0
15
0
0
2
2
2
0
4
4
15
8
15
2
2
4
8
4
9
2
2
4
8
2
4
4
0
9
4
2
9
0
2
20
4
9
2
11
0
2
0
0
0
4
0
9
0
0
4
4
4
7
4
2
4
8
4
2
9
8
2
2
4
6
0
8
4
0
0
2
2
7
0
2
0
2
4
4
0
0
6
0
4
4
2
2
15
2
0
0
0
0
4
2
0
0
0
2
0
17
0
0
4
0
6
11
2
0
2
8
4
2
11
3
0
0
0
0
4
0
7
2
4
7
0
0
3
0
7
3
0
2
7
2
2
3
5
2
0
7
2
0
2
4
4
0
2
5
0
0
2
13
7
2
4
2
2
5
7
0
2
2
0
0
0
2
0
0
0
6
7
0
2
4
0
2
0
4
2
0
2
2
0
2
0
0
7
0
0
2
0
4
0
6
2
2
2
2
4
0
0
0
4
2
2
0
2
0
0
2
2
2
0
3
2
4
4
0
2
4
5
2
0
4
4
2
0
0
2
0
0
0
0
2
13
3
0
0
2
2
4
0
0
3
0
5
2
0
2
11
2
2
0
4
2
0
0
2
0
4
10
2
4
2
5
2
0
0
5
4
0
7
0
0
0
0
2
2
0
0
4
0
0
0
0
2
5
5
2
4
0
2
2
2
0
0
2
2
7
2
2
4
2
0
2
5
5
2
0
5
0
0
2
14
7
2
0
0
0
13
4
2
2
0
4
2
2
2
2
0
0
0
2
2
0
0
0
2
0
0
0
0
2
0
0
0
2
0
10
0
0
0
0
0
0
0
0
0
12
0
2
0
0
0
0
0
0
2
0
2
0
0
0
0
2
0
0
2
0
0
0
9
0
0
0
0
0
4
0
0
8
2
0
2
0
2
0
2
0
2
7
2
4
0
4
3
0
7
0
11
4
2
2
5
9
2
4
0
0
4
4
2
2
9
4
4
4
5
0
0
0
4
3
2
2
2
5
4
2
4
2
3
2
2
2
0
14
9
6
27
2
0
2
0
2
0
2
0
2
48
6
0
2
2
4
92
0
2
2
4
7
4
2
4
6
4
0
0
4
0
0
6
0
6
2
2
0
9
9
0
0
6
2
7
2
2
0
4
2
4
4
2
2
7
4
2
4
0
2
8
0
0
2
2
9
4
4
3
11
5
6
4
6
5
6
6
4
2
2
2
2
6
2
0
0
0
2
2
2
0
4
4
2
4
5
2
9
3
0
4
0
2
0
0
5
3
0
0
4
2
0
8
5
0
7
2
2
2
2
0
2
0
7
1
0
2
2
2
3
0
5
5
9
4
3
2
4
4
4
0
0
4
0
9
6
2
6
0
2
2
2
4
3
2
2
0
2
0
10
2
0
0
2
0
0
5
0
4
6
7
4
5
2
4
2
0
0
2
0
4
2
2
2
2
4
4
0
2
6
2
2
10
2
2
0
0
4
0
0
4
6
2
5
2
4
2
8
0
2
2
2
2
0
4
0
0
0
9
0
2
9
2
2
0
0
0
0
2
3
3
3
4
2
0
0
0
2
2
4
2
2
8
4
7
9
4
0
0
2
2
2
0
2
0
2
5
0
2
4
0
7
2
2
3
2
2
0
2
2
0
0
0
0
0
0
0
2
0
5
3
2
0
5
64
0
2
2
0
2
2
0
0
4
0
0
0
2
0
5
4
0
2
0
1
0
4
4
2
0
0
5
0
5
0
2
0
2
0
0
50
0
0
0
2
2
4
0
4
2
0
0
0
0
4
2
2
0
2
2
2
0
4
4
2
0
2
16
4
5
2
0
2
2
0
0
0
3
0
0
0
0
0
0
1
5
2
2
2
4
7
0
0
5
3
2
2
0
0
2
2
3
11
0
0
0
2
9
2
0
0
5
2
2
0
5
2
5
0
0
13
2
4
25
2
0
2
5
7
5
2
2
4
2
5
2
0
0
13
2
0
0
0
2
2
0
0
2
0
0
0
7
4
2
0
0
0
4
9
0
9
12
13
3
3
2
2
2
0
0
2
0
0
2
0
5
2
0
0
3
2
2
4
0
2
4
11
4
7
4
3
0
2
2
5
3
2
2
9
0
12
0
2
4
2
2
4
2
3
0
7
2
0
2
3
7
4
3
0
0
3
4
2
0
0
5
2
4
4
0
24
11
2
4
0
2
2
2
3
4
11
4
0
0
2
0
