15
4
22
24
19
9
56
45
4
5
30
6
20
11
13
9
9
25
22
0
9
9
18
18
9
0
9
15
18
11
15
20
17
13
18
17
13
27
11
24
22
16
25
17
11
13
29
7
9
21
20
20
24
11
17
0
15
20
0
9
9
24
18
29
16
20
43
20
17
21
5
0
14
19
9
9
39
26
24
17
26
27
25
16
15
16
42
29
46
35
24
29
5
28
20
6
37
36
35
13
15
6
31
47
0
18
42
35
0
2
11
26
6
4
19
8
27
11
0
35
26
30
15
2
34
27
38
0
7
24
6
23
39
21
31
22
0
41
44
37
0
21
13
5
19
33
13
33
53
26
11
18
0
6
30
23
11
14
4
13
37
40
38
34
39
38
11
48
46
42
27
31
11
0
0
20
16
30
4
27
33
20
9
0
36
50
15
6
9
9
11
46
6
31
26
18
40
35
40
16
0
37
2
35
6
7
31
6
0
15
35
19
53
39
20
30
0
13
28
22
25
25
21
20
0
19
25
9
32
5
24
29
39
64
48
15
33
30
14
0
15
41
0
9
9
5
22
5
5
28
26
12
0
4
15
16
29
31
19
10
3
16
20
18
7
33
31
5
13
26
16
32
28
48
7
40
5
24
20
7
10
11
18
51
13
45
4
20
4
9
6
7
9
9
14
4
2
13
9
20
10
6
7
11
4
13
0
19
4
31
17
13
6
11
4
2
6
17
6
11
17
11
9
15
11
16
4
7
10
6
7
9
41
13
5
7
15
8
17
9
5
11
20
22
9
6
17
22
6
13
20
19
11
6
15
9
13
9
11
18
6
7
7
13
7
15
18
7
0
24
16
19
15
59
7
30
7
7
24
6
15
9
6
25
11
9
12
7
8
9
17
13
17
19
21
9
11
6
17
7
2
9
15
19
17
17
17
6
13
6
26
22
17
19
9
21
19
19
15
36
22
14
17
13
9
15
30
20
5
19
16
18
24
14
39
19
16
6
32
25
38
15
13
22
20
28
21
24
26
29
0
9
22
39
13
37
11
46
28
38
7
9
19
11
32
13
17
27
7
25
9
14
14
22
7
31
31
12
21
20
27
17
39
32
18
26
8
47
9
14
0
14
22
21
28
23
17
5
24
9
27
6
10
34
13
2
19
35
19
25
5
25
15
15
11
13
38
2
26
44
8
4
9
22
7
7
0
18
20
24
18
19
11
22
7
7
14
11
22
4
23
11
4
13
19
6
13
15
0
11
15
9
8
15
24
2
9
19
18
15
22
13
9
3
21
15
4
9
7
6
9
11
4
9
11
15
17
9
9
13
20
24
13
11
13
13
9
8
11
18
9
13
11
13
13
16
9
19
8
4
11
18
13
6
8
13
4
19
13
15
9
21
17
7
17
5
13
17
17
7
25
7
13
15
6
8
11
9
9
0
11
6
11
6
8
6
17
8
4
8
10
6
8
17
6
8
8
15
13
7
6
11
13
9
13
11
13
34
15
10
11
8
11
2
11
13
9
19
15
10
6
15
11
17
8
11
17
13
13
7
13
13
6
9
9
13
11
21
20
17
17
11
13
11
13
9
11
21
19
14
13
7
8
13
13
17
19
11
10
10
13
22
7
15
8
13
10
6
7
9
20
9
7
9
17
9
9
17
23
15
13
13
18
6
13
11
27
10
13
11
9
13
20
20
13
17
23
10
4
22
17
17
15
18
24
8
10
15
10
9
11
9
11
21
28
15
11
15
16
11
23
13
19
9
29
21
23
6
16
28
11
15
21
17
11
11
11
13
15
10
9
11
11
11
15
17
17
7
6
21
11
14
16
15
9
13
11
12
7
21
9
17
10
13
9
10
2
6
9
4
9
11
6
9
17
5
11
7
9
9
7
5
9
13
0
2
0
2
2
5
0
7
2
11
5
2
0
2
2
2
3
4
2
2
5
3
2
4
4
4
2
0
2
4
4
13
7
8
2
12
4
8
7
7
4
2
4
6
6
7
4
0
13
4
6
2
5
2
2
8
6
10
4
6
4
36
13
4
2
4
4
4
7
4
8
7
11
2
4
4
4
11
6
6
13
5
11
6
2
4
5
4
9
6
6
13
2
6
15
6
12
8
6
8
9
6
8
11
17
7
13
11
8
9
25
7
15
13
6
15
12
15
10
10
25
13
15
11
11
6
23
13
18
9
17
9
34
38
4
23
17
25
15
15
13
17
11
9
11
11
8
24
10
26
13
7
11
15
14
15
28
13
28
20
19
13
17
9
14
11
32
18
13
13
10
11
8
16
15
15
15
15
37
16
8
20
23
18
21
32
10
9
9
26
15
24
22
23
15
11
13
29
19
11
13
7
20
26
9
8
24
30
11
11
19
11
28
24
9
12
19
16
9
6
15
8
16
15
18
13
26
11
9
17
21
12
15
13
14
13
9
11
24
7
24
9
15
13
13
21
20
17
11
11
8
9
22
17
19
7
4
7
18
5
8
15
13
8
6
4
4
9
6
17
4
2
4
6
13
9
16
4
4
4
2
9
2
2
6
9
6
5
7
11
8
10
10
9
6
8
2
6
11
11
4
15
17
8
9
14
6
8
6
6
6
6
6
9
2
7
8
2
21
11
7
19
6
17
8
7
8
14
9
21
8
13
13
11
15
6
6
17
11
13
5
8
21
8
6
6
4
13
7
21
4
6
21
13
32
9
13
17
8
9
3
6
6
4
8
28
6
13
17
9
9
37
11
8
11
15
15
6
9
13
6
4
4
15
15
13
9
30
21
9
17
8
8
9
13
13
15
9
10
6
23
13
17
28
8
21
15
13
21
13
6
14
13
13
13
4
11
15
11
20
19
10
10
13
11
6
16
8
14
5
24
11
15
13
11
7
21
19
17
6
9
9
19
9
18
13
9
17
9
7
13
17
17
27
29
6
23
13
17
19
22
21
7
35
11
25
11
17
19
24
17
6
17
24
30
13
17
8
20
6
13
17
34
8
11
17
8
18
9
19
11
12
22
9
20
13
14
24
6
20
9
28
21
11
13
9
26
15
15
19
20
7
6
26
18
23
25
9
25
23
7
9
21
26
15
17
16
21
16
17
18
21
26
7
8
17
11
15
18
16
9
13
8
11
8
8
5
11
13
15
10
4
19
4
6
11
7
4
5
9
4
7
7
9
6
9
2
8
7
15
11
6
2
4
8
4
6
11
9
5
8
6
4
5
15
2
2
11
6
2
11
4
4
2
9
15
10
9
8
4
4
4
8
2
7
7
