6
4
4
2
2
4
2
0
2
2
2
0
0
0
2
0
0
0
6
0
4
6
4
2
2
2
6
6
0
6
0
4
0
0
0
0
4
0
0
0
0
0
2
2
0
2
0
0
0
0
0
0
0
6
2
0
51
2
0
0
4
2
2
0
64
0
2
0
6
4
0
0
0
2
0
2
57
0
2
2
2
2
0
0
2
6
4
0
0
0
2
2
0
0
0
4
4
4
0
0
0
2
0
2
4
2
2
4
2
4
0
0
0
4
0
4
0
2
0
2
0
2
0
0
0
2
0
0
0
0
0
0
0
4
0
0
0
0
0
2
0
0
0
0
0
4
2
2
2
0
4
4
2
4
2
0
2
4
0
0
0
2
2
0
0
0
0
42
4
0
4
2
0
2
8
2
2
2
0
0
6
2
2
2
4
2
4
0
0
0
0
0
4
2
2
2
0
0
0
0
4
0
2
0
2
6
0
2
6
2
2
0
2
0
0
2
2
2
0
0
4
0
0
0
6
0
0
2
0
0
0
4
2
4
0
47
0
2
0
2
2
2
2
0
0
4
0
4
0
2
0
2
0
0
6
4
0
7
2
4
52
0
4
4
2
2
2
6
0
6
2
4
4
2
2
2
2
4
0
4
4
0
2
2
4
2
6
0
2
2
6
4
2
2
0
0
7
2
6
4
2
0
0
4
8
0
2
4
0
4
8
0
8
4
6
4
6
0
2
0
4
4
0
2
0
0
0
0
0
0
0
4
0
4
0
4
0
2
2
4
2
4
0
2
0
2
2
0
2
4
0
0
0
4
0
46
0
4
0
2
2
2
0
2
0
2
2
0
4
2
0
4
0
0
0
0
0
6
4
0
6
2
0
2
2
2
2
0
4
0
0
0
2
3
0
2
0
6
4
6
0
2
2
2
6
0
0
2
0
5
2
2
2
0
2
0
0
0
2
0
0
0
0
0
0
0
0
0
6
4
0
0
0
0
0
2
2
0
6
0
4
2
2
0
0
2
2
0
0
0
0
2
0
0
0
0
0
0
0
0
0
6
2
6
2
6
0
2
4
4
2
2
2
4
0
2
0
4
4
2
2
2
0
0
0
2
0
6
2
0
0
2
0
13
0
4
2
0
0
2
0
4
2
2
2
4
2
0
0
0
4
0
0
2
0
0
4
0
0
0
2
4
0
2
2
0
4
6
4
0
2
0
58
2
6
2
2
0
0
0
2
4
2
2
0
2
0
0
43
0
2
8
0
0
0
6
0
0
0
0
2
2
4
0
4
4
0
4
0
4
0
2
0
0
0
4
2
4
6
0
0
0
4
0
4
0
0
0
2
0
2
0
0
2
0
4
0
8
0
0
2
0
0
4
2
2
2
0
4
0
50
0
2
2
0
0
0
0
2
0
5
0
2
0
0
4
0
2
0
0
2
4
0
0
0
0
4
4
2
62
2
0
39
2
0
44
2
0
0
4
2
2
0
0
0
0
0
0
0
0
0
14
0
2
0
0
0
0
0
6
0
0
4
2
0
0
2
0
4
2
4
6
4
2
2
4
0
4
0
0
4
2
0
0
0
2
0
0
2
2
4
0
2
0
6
0
0
4
8
6
0
0
2
0
2
2
0
2
0
0
2
4
6
2
2
0
2
0
0
4
0
2
0
0
0
6
0
2
2
4
2
4
2
4
6
2
0
0
0
4
2
4
2
2
4
4
0
2
2
6
0
5
0
0
0
4
6
2
2
0
2
2
0
0
4
0
0
4
0
2
0
2
0
0
6
8
0
0
2
0
2
2
2
41
0
0
2
4
0
40
2
0
4
0
42
6
6
0
0
51
2
0
2
0
8
0
2
6
0
4
4
0
2
32
0
0
2
0
0
0
0
2
2
0
2
5
0
4
0
4
0
0
2
0
2
4
0
0
4
0
2
60
0
2
6
2
2
0
0
2
4
30
0
2
4
2
2
6
2
2
2
3
2
2
0
61
6
0
2
2
4
4
6
0
0
2
0
2
4
2
0
2
4
0
0
4
48
2
4
4
2
4
0
0
2
2
0
2
0
0
2
0
0
0
0
0
0
2
5
4
0
0
2
0
0
0
2
0
0
6
4
0
0
0
2
2
2
2
0
0
2
4
2
2
2
0
6
2
0
0
0
0
0
4
0
0
0
2
0
2
0
0
2
2
7
4
0
0
0
0
0
2
0
0
4
2
0
0
65
0
0
0
2
6
0
0
0
6
6
2
2
2
0
6
6
2
4
2
2
0
2
7
0
0
0
0
4
4
2
0
0
2
2
0
2
0
0
0
2
0
4
2
0
0
2
0
0
0
4
6
0
0
4
0
68
0
6
2
0
4
2
2
0
2
2
0
2
0
4
2
0
2
2
4
4
2
0
2
0
4
4
0
2
0
2
4
0
0
0
0
2
4
2
6
6
2
2
4
0
4
0
4
0
4
4
2
0
2
2
2
0
0
0
2
0
2
2
4
2
0
0
2
2
2
0
0
0
0
0
2
0
2
2
0
2
2
0
0
2
4
2
0
2
0
2
2
0
0
0
4
4
2
2
0
0
2
2
4
0
0
6
0
2
4
2
0
0
3
2
2
2
2
2
4
2
0
0
0
2
0
4
2
2
2
0
2
0
2
2
4
2
0
4
0
2
2
6
0
6
2
4
2
2
0
0
2
0
0
2
2
2
0
2
0
2
0
0
2
0
2
2
0
2
0
6
4
8
0
2
0
0
6
0
0
0
0
2
0
0
0
0
0
0
0
0
4
2
2
4
0
0
0
2
0
0
0
2
2
2
2
0
4
0
4
2
0
0
4
2
0
0
2
2
2
2
2
2
2
2
2
2
0
0
0
0
2
2
0
2
0
0
0
2
0
2
0
0
2
0
0
0
0
0
0
0
0
0
2
0
4
4
2
0
2
0
6
2
0
2
0
0
0
0
0
2
2
6
0
0
0
2
0
0
0
2
0
0
0
6
2
0
4
6
4
0
2
0
2
0
2
6
0
2
2
0
0
0
0
2
2
0
6
0
2
2
0
0
0
0
0
2
0
0
2
0
2
0
0
2
2
0
2
2
0
0
0
2
6
2
2
2
0
0
4
0
0
2
0
0
0
0
4
4
2
6
13
0
27
26
27
24
29
33
27
4
4
4
0
2
4
6
6
8
2
4
6
6
2
0
8
6
0
8
4
8
4
0
0
4
0
0
4
0
0
4
2
0
4
0
2
2
6
6
6
6
6
8
4
0
0
