21
51
36
46
21
33
50
54
45
25
42
17
22
2
11
44
17
31
41
28
24
22
18
36
11
41
33
22
22
27
15
40
33
49
29
85
28
40
22
49
39
39
29
39
37
77
40
58
61
24
31
18
9
51
72
43
56
53
72
74
76
42
33
50
43
34
65
90
26
71
74
90
35
73
58
49
48
69
56
75
38
53
78
62
80
78
36
34
64
19
22
73
45
91
60
69
74
67
14
30
16
66
60
65
92
24
69
71
78
35
25
29
36
23
51
18
64
11
25
75
57
65
51
45
32
35
31
54
65
64
39
82
30
67
35
45
38
63
68
46
53
58
24
88
77
16
23
47
69
54
39
63
79
61
81
58
66
27
20
48
49
49
58
57
39
42
58
39
68
33
65
49
45
58
17
61
39
64
54
61
49
48
51
29
52
67
56
49
56
24
28
52
40
61
54
66
33
53
27
49
51
45
62
58
68
53
41
56
64
44
47
50
62
57
46
60
70
58
48
44
43
59
30
60
51
28
53
2
55
35
13
42
64
33
56
33
11
9
34
39
62
23
64
34
18
45
37
55
39
21
64
52
56
17
25
42
30
19
26
56
48
60
60
32
46
30
29
16
36
12
35
49
42
44
30
38
77
56
51
37
54
49
61
67
54
0
59
82
31
40
37
46
54
42
47
17
30
53
35
31
42
30
26
67
57
25
22
41
42
35
15
38
39
36
13
34
25
31
25
12
13
21
63
34
0
31
27
25
43
47
20
12
41
26
21
35
34
30
12
11
27
34
32
41
17
15
20
45
28
39
28
36
35
28
27
33
50
24
29
33
16
39
35
20
33
34
63
33
23
73
52
34
15
37
29
54
28
58
20
13
38
16
2
31
33
29
29
15
45
54
27
31
54
32
52
39
15
48
39
49
87
25
32
38
52
13
45
46
47
40
57
70
49
30
37
49
9
46
25
39
36
42
34
24
55
30
44
22
11
19
24
23
29
61
40
45
37
29
48
32
54
13
55
41
35
56
22
63
54
47
9
28
10
58
41
23
40
48
47
61
27
13
26
9
24
35
28
18
49
33
3
24
68
30
19
31
46
29
23
14
35
37
45
14
24
18
22
23
34
27
22
22
33
19
17
17
45
35
15
22
17
20
17
41
32
2
23
41
72
22
26
20
45
5
19
22
39
13
31
18
39
2
30
42
35
46
22
61
35
26
35
65
15
53
15
32
65
37
34
40
14
17
54
40
28
27
65
50
43
41
50
52
11
35
37
11
36
43
32
36
11
34
26
41
36
32
13
44
23
38
28
17
14
14
29
52
56
33
35
26
34
40
23
26
37
33
9
32
33
34
56
39
53
34
19
35
71
7
54
33
26
32
27
38
22
16
20
7
20
22
17
41
33
31
23
35
42
30
34
20
22
35
40
29
21
7
39
11
40
15
34
16
49
30
24
22
12
30
4
13
16
35
19
25
19
36
28
34
27
58
36
34
53
26
54
25
29
26
41
27
33
39
26
31
28
14
21
19
24
23
31
11
25
24
54
22
15
49
31
17
24
35
25
13
38
16
27
40
25
51
30
56
31
35
38
46
24
31
25
29
41
47
35
30
47
43
22
33
23
31
44
27
60
31
32
29
33
60
39
53
34
14
43
33
40
19
32
25
45
54
35
19
24
23
50
29
22
33
31
40
48
49
14
25
51
33
45
31
39
50
24
19
45
27
24
14
40
57
33
30
52
29
44
58
30
24
13
36
42
39
29
47
54
27
30
43
35
32
40
30
19
16
14
26
8
24
28
17
41
15
21
27
29
36
42
31
21
12
14
29
34
24
33
27
16
20
14
19
12
23
29
32
20
14
10
12
18
42
26
31
21
24
18
17
37
11
21
10
12
13
6
27
14
14
2
3
9
5
4
9
9
0
7
3
5
5
4
7
3
3
2
7
5
9
5
10
7
14
2
0
11
4
12
4
19
13
9
15
11
10
15
4
7
10
5
19
13
19
9
10
41
16
3
7
0
31
3
5
5
3
14
2
18
4
18
9
12
12
9
11
11
0
8
11
18
11
11
20
8
11
14
10
21
24
12
7
24
10
21
7
11
7
47
7
13
13
4
6
7
32
22
27
8
33
9
11
19
18
26
14
43
29
23
10
20
24
24
47
21
25
16
26
29
45
21
22
41
67
38
29
25
14
15
35
31
31
43
30
24
21
48
23
24
27
28
20
29
37
37
41
25
11
41
35
39
37
28
30
28
19
31
39
37
46
34
42
49
14
44
35
34
18
38
19
24
29
39
22
53
36
62
48
27
52
32
25
49
35
28
11
48
40
46
40
57
13
43
46
31
43
25
37
28
14
62
32
40
36
47
45
17
40
46
35
34
56
23
39
48
58
49
30
46
44
53
34
17
39
48
43
41
46
32
32
30
32
36
29
40
47
46
29
31
42
36
33
35
27
13
42
14
35
12
27
17
12
25
31
25
18
27
25
12
19
13
20
14
29
48
21
21
28
16
26
13
39
23
14
16
18
42
18
27
7
16
25
17
11
13
22
14
7
21
28
19
9
26
16
37
7
19
11
16
11
5
14
15
12
9
20
18
9
15
7
28
8
9
27
12
7
30
8
17
9
18
17
19
21
13
21
8
17
13
13
8
17
13
28
7
24
13
16
13
26
24
17
17
19
32
41
39
15
25
21
22
19
17
26
8
18
25
16
20
14
29
6
9
27
17
28
43
59
32
55
44
45
65
32
49
82
38
69
20
21
67
51
43
39
49
60
45
53
18
34
42
21
17
27
32
40
62
28
52
44
62
45
49
46
50
72
53
33
32
46
39
53
57
36
27
26
49
24
35
56
36
39
32
32
81
15
64
49
82
45
59
50
50
49
35
47
53
67
15
45
30
59
39
59
73
37
41
22
58
48
54
35
40
28
53
40
38
74
39
17
9
50
45
41
41
51
48
30
26
66
21
53
75
53
72
62
38
78
27
34
43
48
71
65
15
50
34
77
25
48
47
31
61
43
39
37
31
45
46
53
37
49
41
51
34
26
20
55
47
48
19
53
50
19
20
41
27
24
35
19
19
50
25
77
22
17
35
39
26
28
47
45
54
14
40
65
35
24
27
37
55
55
28
41
23
57
21
22
35
15
43
22
20
41
22
22
36
13
9
81
23
7
31
44
25
7
6
15
54
17
15
18
11
9
13
7
30
9
9
15
9
21
11
15
34
17
28
4
15
17
20
31
7
9
17
9
39
20
16
7
25
14
15
8
9
17
