6
5
22
21
5
5
5
22
26
16
6
16
20
4
4
16
22
7
7
23
26
9
7
27
30
8
23
15
24
5
6
30
26
7
27
21
8
5
15
6
25
12
7
25
7
5
5
34
4
4
17
11
9
23
8
4
18
24
4
5
5
24
24
11
11
24
5
7
15
22
7
7
25
23
5
2
19
26
19
30
6
5
7
23
4
8
25
20
4
6
7
38
25
10
7
25
10
6
3
25
16
10
20
4
10
21
26
5
10
26
20
6
21
5
3
22
33
4
2
22
28
4
4
4
5
26
9
6
8
6
21
5
7
13
22
4
4
4
5
5
5
4
17
5
4
10
11
9
4
8
28
7
6
28
33
9
7
22
20
4
6
6
22
16
4
7
11
30
6
26
2
5
8
27
13
5
19
27
8
13
21
4
7
4
25
28
6
3
4
17
21
8
23
22
6
7
7
7
14
8
4
20
18
15
12
8
8
9
24
24
16
4
7
4
26
27
5
5
21
5
8
33
16
27
5
7
31
41
5
26
7
19
22
6
8
5
10
8
5
6
29
21
9
5
3
26
11
7
5
12
28
10
7
19
18
3
6
11
8
6
5
27
28
9
26
27
4
7
7
8
8
5
29
21
9
5
29
17
7
7
27
21
22
6
4
3
27
7
19
21
3
5
7
23
6
7
4
4
5
22
7
9
8
20
21
6
3
3
22
26
1
5
25
29
16
5
8
15
15
9
3
5
2
21
3
5
5
27
13
5
4
17
21
3
5
7
9
8
28
9
17
9
4
7
5
7
14
25
22
5
4
17
25
5
4
5
28
20
8
4
14
8
4
6
4
8
26
24
6
5
6
23
12
5
4
22
6
5
4
7
27
13
4
4
3
19
5
4
24
6
2
7
10
21
5
6
5
6
7
21
7
5
7
25
21
3
9
23
24
5
12
29
3
7
4
8
4
29
4
5
3
6
10
18
24
14
19
18
13
18
8
22
23
7
5
13
25
5
4
13
26
2
4
5
4
5
5
4
7
8
5
13
11
24
4
6
19
22
8
20
14
2
15
3
4
4
19
6
4
16
5
4
6
4
8
7
6
19
21
11
7
5
27
15
22
11
18
5
4
12
15
20
25
9
10
14
21
23
15
8
3
9
5
20
8
20
9
5
4
3
15
18
2
9
18
15
3
10
20
15
24
7
20
5
9
11
5
10
7
5
9
5
6
4
3
6
5
12
2
10
4
2
11
23
25
20
5
4
7
24
27
4
4
5
30
10
19
7
4
5
11
21
22
5
4
4
9
19
18
5
6
5
5
17
27
6
2
4
0
1
4
2
4
4
2
2
0
4
0
4
4
0
0
6
4
0
2
0
2
6
2
0
2
14
2
0
10
4
5
2
4
0
4
2
7
12
0
11
14
13
19
17
6
12
2
2
5
3
16
9
12
2
7
4
7
8
2
4
6
2
4
0
7
7
10
9
1
10
0
4
6
4
2
4
0
4
0
4
4
4
2
2
2
4
3
6
7
0
2
4
0
2
2
2
4
1
4
2
0
4
2
2
4
4
4
9
22
2
20
23
0
2
19
2
2
30
7
4
2
20
0
2
23
4
0
19
0
22
4
0
25
27
4
2
20
2
4
22
2
24
18
2
19
22
4
2
0
5
0
5
2
0
10
4
20
20
2
2
24
0
0
23
4
2
22
2
21
2
4
22
1
4
25
2
16
17
0
0
21
0
0
11
0
5
11
13
0
7
22
4
0
27
32
0
2
19
3
2
4
10
2
2
16
2
0
0
17
0
0
20
4
15
21
2
19
24
2
5
4
10
0
1
0
2
22
21
2
4
8
2
4
15
0
2
25
4
3
26
2
22
2
4
8
9
10
6
16
20
2
0
0
15
24
0
0
25
2
21
0
24
3
28
2
26
6
7
7
31
12
12
29
4
2
25
0
29
3
5
4
4
4
2
21
2
2
9
4
2
12
0
4
2
2
3
4
2
2
0
2
2
4
0
2
2
4
2
2
0
4
0
2
2
2
2
0
2
2
2
0
4
2
2
2
2
2
2
2
0
2
5
4
2
1
1
6
2
0
4
2
0
0
2
2
11
0
2
4
0
2
0
0
2
3
2
6
2
2
4
2
4
2
0
6
2
0
2
2
2
1
0
5
2
0
0
8
2
2
4
2
4
4
3
2
0
2
2
2
0
6
2
2
6
4
6
4
2
2
2
7
4
6
4
0
4
0
2
4
2
0
2
2
4
2
2
0
0
4
2
0
2
4
1
2
2
5
2
0
4
2
0
0
0
4
2
2
2
2
4
2
2
6
4
0
2
2
4
4
0
0
2
0
0
0
7
6
2
0
4
1
0
2
0
2
0
0
4
0
7
5
4
2
4
0
4
0
0
4
2
2
0
0
4
2
4
0
0
2
0
0
2
4
4
0
2
6
0
4
2
2
0
2
2
4
4
4
2
0
2
2
2
4
0
0
4
6
2
0
4
4
4
4
0
4
10
2
0
2
0
0
0
6
2
6
2
0
4
4
0
2
2
2
12
0
0
2
2
2
4
2
6
6
2
0
2
2
2
4
2
2
0
2
0
4
4
2
2
2
3
2
15
0
2
0
0
2
6
0
0
4
6
6
0
2
0
0
4
2
2
2
2
0
0
8
2
2
0
2
4
2
4
2
0
0
0
0
4
0
2
8
2
0
2
0
2
2
0
6
0
6
4
6
4
0
2
4
7
2
0
6
4
2
8
4
2
4
4
0
9
0
2
4
0
0
2
0
2
2
0
0
4
2
4
0
4
0
0
0
0
4
0
0
0
6
2
0
0
2
4
0
0
0
2
2
2
5
0
2
2
2
2
4
4
4
2
14
7
6
2
0
2
2
0
0
2
2
4
4
2
4
2
2
0
0
0
2
4
0
6
4
4
4
2
4
2
0
2
0
5
6
0
0
2
0
2
0
4
2
4
0
6
4
0
0
6
6
0
2
2
2
2
0
4
2
2
7
4
6
4
2
0
0
4
4
19
2
0
2
0
2
0
6
4
4
6
2
6
4
0
0
2
6
2
0
6
2
0
11
2
8
4
2
2
2
4
2
0
0
0
4
0
0
6
2
0
0
4
4
2
2
4
0
2
4
2
0
2
0
2
0
2
10
2
2
6
0
4
0
2
4
2
2
2
10
0
4
2
2
6
2
2
0
0
6
4
2
0
0
2
0
2
0
2
4
2
0
4
4
2
0
6
2
4
4
0
2
2
0
4
2
2
