36
50
25
20
38
33
58
38
41
28
10
16
50
27
16
23
36
28
30
27
35
36
9
20
15
52
20
23
20
69
16
49
45
56
77
36
12
40
46
27
22
21
19
12
55
24
61
20
23
19
36
22
32
18
26
25
33
20
19
33
32
47
23
30
44
27
25
19
17
43
17
48
20
21
17
18
13
26
35
28
10
26
21
20
31
34
20
37
26
31
36
15
31
19
27
50
49
30
38
32
24
32
30
26
24
22
54
36
43
40
25
26
29
50
47
32
33
31
38
43
35
30
27
33
53
45
20
57
25
43
39
41
21
39
37
48
30
23
36
26
44
36
36
32
23
45
46
29
35
33
36
44
30
25
51
21
43
52
35
48
24
38
40
35
31
22
57
32
48
43
51
31
32
32
58
24
55
31
35
46
46
48
51
57
35
24
33
15
12
50
31
29
74
50
63
72
64
45
46
40
41
47
61
53
58
44
26
40
20
63
57
34
45
46
51
45
53
38
44
44
49
50
33
38
70
73
61
56
44
40
46
40
58
31
27
50
61
47
54
59
14
52
50
45
35
40
56
31
37
33
71
47
48
22
35
26
55
44
50
28
51
34
49
36
65
63
37
49
54
35
33
36
61
40
22
51
40
35
77
24
35
37
28
38
20
31
66
86
43
28
24
25
35
13
15
71
34
22
65
23
20
17
18
22
26
41
27
21
13
40
20
16
21
26
25
45
15
15
21
25
24
23
40
40
27
15
14
43
24
29
44
22
21
13
19
21
19
30
39
36
26
33
36
28
56
42
45
17
38
31
31
31
39
35
16
26
20
20
27
33
23
22
40
42
70
27
25
35
29
23
40
25
18
36
18
25
23
43
29
12
24
30
10
32
27
30
20
37
31
23
27
26
38
28
35
72
27
41
29
27
20
23
24
35
38
35
27
44
13
21
50
48
22
55
61
55
10
57
45
56
69
51
40
53
46
80
53
58
49
68
58
39
66
64
56
61
56
66
61
28
75
64
58
22
61
44
20
67
17
59
66
48
64
64
42
72
20
20
35
23
76
37
45
33
72
33
15
66
59
72
52
68
55
60
64
24
59
29
55
61
67
46
49
67
35
63
55
40
32
70
60
60
25
56
53
60
70
39
51
26
32
30
50
44
17
35
44
47
49
30
21
54
56
31
20
21
27
60
18
23
22
24
31
13
37
27
43
32
44
38
20
21
34
26
33
77
70
39
25
22
31
47
24
35
23
31
37
8
26
18
36
32
17
25
43
20
24
56
27
20
38
30
36
34
38
40
26
19
66
30
28
34
13
71
75
64
35
36
27
14
22
50
27
41
28
27
43
61
39
25
45
38
31
28
20
69
48
24
35
64
22
13
27
32
32
29
31
47
8
65
32
24
20
66
9
16
8
20
33
48
33
31
29
22
12
22
38
16
12
33
47
20
13
22
20
14
10
17
12
11
19
31
13
17
72
35
64
19
15
18
7
17
25
24
19
26
20
33
30
28
27
23
15
43
22
19
25
19
29
58
21
33
24
25
44
27
22
45
37
20
56
33
29
37
63
41
26
27
29
29
35
35
23
8
35
34
56
29
17
19
27
36
27
37
48
43
20
43
79
49
57
12
21
35
57
7
55
34
17
51
22
63
56
50
41
32
25
43
34
38
23
29
36
31
53
79
37
24
42
48
46
17
26
41
36
34
29
22
43
52
24
26
20
37
47
44
31
40
39
27
39
30
48
21
44
34
19
35
39
29
36
35
27
42
49
22
42
19
31
35
36
15
23
25
24
16
23
30
34
24
35
34
23
26
60
21
25
22
7
15
27
27
33
15
25
27
15
26
30
20
23
18
19
22
19
27
20
26
31
13
24
22
23
24
13
40
9
22
19
10
10
35
15
14
5
5
5
17
2
8
3
5
9
10
10
5
5
5
12
0
5
45
3
5
5
7
10
9
9
2
2
8
7
7
24
17
28
10
12
17
12
7
9
5
12
12
15
9
26
10
10
10
19
12
6
5
33
12
3
10
12
12
10
24
12
15
9
18
7
10
7
12
14
16
9
17
12
17
11
7
13
34
10
15
26
35
26
42
17
31
16
11
16
17
9
19
19
50
27
31
13
11
28
32
23
38
27
49
26
26
27
27
40
14
36
7
22
29
61
24
35
40
10
41
22
28
23
22
54
10
28
31
37
47
51
5
40
30
14
41
25
29
20
34
37
24
14
17
24
56
16
25
39
26
24
45
15
19
20
51
17
33
14
46
21
26
51
28
36
45
25
17
22
32
16
25
64
27
53
26
44
37
23
11
41
34
45
24
48
47
44
50
32
41
41
33
39
60
34
26
52
42
37
28
51
8
35
28
20
45
23
30
19
17
24
36
36
31
36
45
51
62
37
37
36
42
39
39
31
31
52
20
15
62
26
25
42
36
30
50
66
15
30
44
35
34
40
15
14
18
35
27
35
32
31
40
35
14
28
29
45
21
37
20
27
36
33
32
15
19
21
21
32
29
24
25
16
26
14
17
46
17
27
13
12
21
11
47
19
18
11
10
14
16
12
41
10
12
8
14
8
12
14
12
21
10
26
12
8
15
21
17
19
12
17
8
9
17
14
15
14
17
27
46
33
34
52
64
66
49
26
41
40
72
24
25
55
17
31
32
43
53
46
34
30
60
27
47
43
42
41
35
32
37
42
49
27
19
17
42
58
22
21
32
26
39
31
12
37
43
15
20
21
50
21
30
59
43
45
52
36
30
63
27
20
43
72
95
31
31
19
45
32
25
32
33
14
52
34
28
79
48
32
34
41
28
22
55
30
39
22
67
37
33
43
52
42
55
26
33
59
46
35
57
40
36
67
16
36
33
42
50
49
37
38
64
22
30
55
41
41
56
45
39
51
36
52
31
39
57
38
66
28
80
18
38
40
36
56
54
27
83
60
20
39
49
38
54
30
36
50
30
35
66
36
39
29
26
63
52
36
38
44
10
53
57
33
55
40
58
58
33
35
25
19
24
53
24
45
70
44
84
34
82
38
40
26
56
49
41
51
30
56
75
16
23
48
53
62
40
37
32
31
58
59
59
49
26
47
61
65
43
49
56
70
41
40
26
14
68
38
37
38
43
29
22
16
38
24
47
38
19
17
22
19
20
23
39
15
43
31
48
64
23
44
36
15
41
28
18
28
26
21
21
27
19
39
12
15
22
43
31
19
10
19
26
14
29
36
31
43
35
10
24
14
12
22
23
30
22
35
17
14
30
17
15
31
14
30
35
