2
4
4
3
36
2
28
24
2
10
29
7
8
7
28
18
19
29
4
6
4
6
2
10
20
4
4
34
14
30
32
4
4
6
2
8
4
5
6
16
6
50
22
9
5
34
8
8
28
28
3
52
27
4
2
26
4
4
15
2
4
33
6
28
49
21
4
4
2
5
6
2
6
24
30
25
25
36
6
2
4
4
30
10
6
40
5
9
39
25
2
13
11
5
30
11
7
20
19
15
29
24
10
5
11
31
4
26
7
39
24
26
4
29
11
9
8
45
7
5
18
36
11
47
11
7
4
22
6
6
2
3
12
38
7
51
24
4
9
29
6
5
6
10
45
7
15
40
4
9
9
4
6
12
36
3
2
6
11
8
12
33
7
6
41
6
6
32
4
35
40
10
11
7
7
11
26
4
7
42
4
9
40
26
7
22
2
4
9
4
6
20
5
6
27
4
2
10
3
6
43
2
2
6
2
5
40
6
8
34
2
8
33
4
2
6
7
4
6
4
2
10
40
8
4
30
0
6
24
2
4
8
6
8
0
36
2
4
33
6
4
42
0
6
8
11
2
54
2
8
43
7
21
10
28
2
6
29
6
2
51
12
4
8
0
2
2
11
2
18
4
0
6
25
4
2
4
4
2
4
6
6
20
4
3
20
4
4
14
22
21
3
13
46
2
31
32
39
6
6
5
7
5
17
2
31
16
35
29
33
15
21
25
30
3
3
24
23
2
4
10
45
0
33
29
16
13
17
2
19
2
0
27
31
31
5
22
8
6
8
26
6
16
26
22
5
19
13
9
23
15
17
8
30
28
31
21
19
26
4
3
17
11
28
4
14
9
2
24
46
2
6
29
29
9
4
29
25
5
9
14
5
20
33
20
31
4
14
25
21
17
42
12
43
2
22
22
28
23
5
16
0
16
19
28
3
9
32
28
3
14
26
4
5
35
27
26
31
22
23
31
22
5
9
14
19
17
14
15
51
2
12
22
27
2
24
4
4
27
9
14
12
24
3
19
7
9
29
22
32
28
25
3
27
45
27
36
27
10
6
35
26
4
9
17
4
3
54
42
23
18
28
2
19
33
5
2
5
25
4
6
23
16
23
8
9
4
25
61
5
4
4
29
9
15
36
3
19
2
8
6
13
4
6
6
5
4
4
14
17
26
38
35
28
20
2
33
2
22
28
43
6
23
21
5
7
26
0
4
31
14
25
25
19
2
4
21
0
2
6
4
2
29
36
0
7
2
25
4
3
36
8
2
40
25
8
7
32
5
4
6
4
6
23
3
4
21
31
38
2
9
20
24
6
7
2
7
40
4
4
8
6
49
4
8
4
2
4
2
2
8
2
4
4
4
8
4
41
2
0
6
8
4
4
4
4
4
6
4
45
2
4
37
2
2
4
13
2
58
2
4
4
2
8
13
8
4
8
2
2
4
7
6
2
2
2
5
34
2
6
49
2
2
62
0
2
41
2
2
51
6
4
50
6
2
4
4
6
42
2
4
54
11
39
6
4
8
44
4
4
2
8
8
4
8
8
6
5
24
2
2
53
6
4
4
6
4
45
12
6
8
8
4
2
4
4
45
5
4
6
8
4
10
4
2
2
10
4
5
2
6
39
6
4
43
8
6
6
23
2
43
4
26
9
4
8
4
2
4
2
2
80
4
6
2
4
4
3
43
4
6
33
6
4
8
6
4
51
5
6
39
6
0
53
2
9
35
2
0
2
2
6
2
2
4
2
6
8
2
0
4
56
6
2
2
8
4
5
2
2
4
4
4
6
2
4
0
51
8
2
2
4
8
8
6
23
43
2
4
4
25
0
4
29
2
17
21
28
24
17
24
4
6
37
4
0
21
36
25
25
27
21
12
21
6
2
4
5
16
6
6
17
9
2
17
8
21
5
2
6
6
28
23
14
26
19
25
23
24
23
2
22
19
28
29
36
15
14
10
61
4
34
3
13
10
2
8
8
4
26
0
4
24
2
2
13
4
5
70
2
2
60
4
8
4
8
21
14
2
7
5
4
4
6
2
4
6
2
2
38
4
10
9
10
11
8
6
6
6
34
12
9
6
2
6
26
4
6
9
4
51
2
2
0
4
10
17
0
2
8
4
55
5
8
11
4
4
4
2
10
10
2
4
42
8
6
6
10
4
2
6
4
8
4
4
2
13
6
0
2
2
39
4
6
83
15
4
6
2
4
42
2
2
4
4
4
2
4
2
4
6
7
48
7
6
4
4
2
12
0
4
8
4
4
8
2
8
4
4
17
9
2
4
2
4
10
4
6
4
47
25
19
8
3
6
4
4
2
6
3
4
6
46
4
4
6
8
15
6
2
10
8
13
6
2
5
2
7
94
6
10
4
7
7
10
8
6
4
4
9
51
6
6
28
2
4
3
2
13
4
2
13
8
4
6
6
49
2
4
43
0
2
42
6
6
4
6
7
31
11
4
6
5
8
24
6
4
4
6
2
29
4
2
13
6
15
6
6
2
4
6
4
2
4
2
6
4
2
32
6
6
4
6
0
6
2
2
6
4
4
4
38
6
8
4
4
2
2
2
4
8
6
5
45
4
8
27
7
4
41
3
2
4
8
0
38
15
2
4
4
6
6
10
32
2
5
4
4
6
7
26
5
8
59
10
12
44
11
9
35
5
6
6
35
6
7
30
5
6
7
5
6
27
6
10
4
4
8
8
5
9
37
7
7
69
4
7
22
11
4
27
7
9
19
12
7
30
5
6
15
7
6
6
27
5
5
12
5
8
48
6
4
33
27
9
9
64
4
9
8
6
8
18
3
5
8
28
7
5
45
7
6
68
2
44
5
4
43
60
2
9
32
4
7
31
9
11
10
31
3
7
5
7
11
32
5
6
23
31
8
30
5
6
41
7
66
9
10
11
27
9
7
33
7
10
59
8
4
19
11
4
36
12
5
34
11
12
7
9
5
6
7
7
2
7
7
9
64
5
7
5
2
5
5
11
17
6
7
7
7
47
7
7
6
9
5
5
38
7
6
36
4
4
22
5
9
6
9
13
34
11
7
47
8
10
35
8
12
13
11
13
9
11
4
11
41
13
16
8
10
11
11
10
7
11
31
5
11
31
7
4
9
27
6
74
4
10
23
9
8
49
6
7
53
14
9
39
9
7
48
5
2
25
6
14
13
10
9
12
8
10
9
4
44
6
9
8
8
5
4
25
2
10
2
8
11
6
8
9
5
5
9
8
5
2
9
10
8
26
7
7
35
16
13
6
26
7
6
33
11
