10
8
10
6
4
12
4
10
8
12
8
8
6
8
6
6
6
6
4
6
8
12
12
8
6
16
12
10
2
8
14
8
6
10
8
12
10
10
12
12
8
6
10
6
10
12
4
10
6
6
14
8
4
8
8
8
6
10
33
8
14
12
10
12
14
6
16
10
4
6
16
14
10
20
16
12
4
16
8
8
10
8
12
6
4
21
12
10
12
10
14
10
12
8
20
8
6
4
6
4
10
14
12
16
20
18
12
17
14
12
8
14
10
14
23
12
14
23
8
14
8
20
19
14
6
16
16
23
16
13
22
12
14
8
4
10
4
8
4
18
16
21
6
18
10
10
10
10
20
8
8
18
10
10
4
12
10
18
10
6
16
8
10
21
10
10
14
18
17
14
13
12
14
12
6
14
21
6
12
12
16
10
27
14
12
10
16
14
20
16
8
16
10
16
10
10
18
12
16
14
6
8
14
8
6
18
12
8
4
12
22
16
14
14
18
12
25
21
29
8
6
10
16
6
16
6
8
6
10
10
8
6
8
10
10
12
14
8
8
10
10
8
10
8
6
8
6
14
14
12
4
4
16
8
8
12
10
20
14
6
6
10
10
6
4
6
10
20
14
25
6
8
20
16
14
12
10
16
14
10
12
12
16
24
10
16
16
12
14
6
8
8
4
10
14
10
4
10
2
8
18
4
8
4
16
6
4
10
39
8
2
8
8
2
4
20
6
10
10
2
6
8
16
6
6
14
10
14
10
8
0
4
6
4
4
12
10
14
10
10
8
18
10
16
4
10
8
12
8
10
8
6
12
10
6
10
8
4
10
4
6
8
10
10
10
8
6
8
6
12
8
12
6
14
10
8
20
8
8
14
12
10
10
10
12
16
14
12
10
20
10
8
8
6
22
14
18
14
6
14
12
33
8
12
24
6
12
12
4
16
6
22
18
6
10
16
4
10
6
18
4
6
12
10
4
8
6
20
10
16
8
14
16
10
4
12
10
12
14
14
18
8
22
14
10
10
10
6
10
18
8
25
12
12
24
18
10
27
18
18
23
20
12
25
8
6
10
22
28
6
20
12
18
10
8
18
16
20
8
18
12
18
6
10
4
18
12
14
10
12
6
14
6
8
18
10
18
8
14
12
8
16
6
12
18
14
12
14
16
16
22
6
16
12
12
10
10
8
6
10
8
8
8
8
8
14
12
10
12
8
8
8
8
16
8
16
12
12
10
10
12
6
10
8
6
10
8
10
26
8
10
18
8
12
10
10
12
14
14
8
8
8
4
22
6
6
12
4
10
6
6
8
16
18
10
4
8
12
6
10
14
14
6
14
4
16
8
8
8
10
16
2
8
16
10
6
4
10
2
16
22
4
8
10
8
12
6
2
6
2
10
8
8
10
8
6
18
8
6
8
8
6
10
6
0
6
8
6
0
2
12
14
8
6
4
14
16
6
8
4
4
6
8
14
6
12
10
14
6
2
12
10
6
8
12
8
6
14
14
12
8
8
8
14
6
4
8
6
6
2
4
10
8
12
8
6
10
12
14
2
6
16
8
4
12
10
10
8
8
6
12
10
6
12
10
16
8
14
12
10
8
4
8
14
12
10
14
6
12
6
16
12
8
6
12
6
16
20
6
20
22
18
6
12
10
12
4
8
4
8
6
10
8
8
10
41
6
12
10
8
8
8
10
10
4
8
18
29
8
8
6
6
12
6
18
18
14
2
12
12
12
22
6
4
10
14
16
20
12
8
12
16
10
12
6
10
20
4
12
22
22
8
8
8
6
8
10
10
10
4
10
14
12
4
12
8
10
4
4
8
6
8
8
6
6
12
12
12
14
6
4
16
8
12
4
12
2
6
6
6
12
6
2
0
8
2
4
4
4
6
4
4
6
2
0
10
0
4
8
4
0
2
4
0
0
4
4
0
2
0
0
0
2
0
0
2
0
4
0
2
2
2
0
2
0
6
4
2
8
4
4
2
4
0
4
8
2
2
0
4
2
4
6
2
8
2
4
4
6
6
2
2
0
8
35
2
10
0
0
4
6
0
4
8
6
4
4
4
6
4
4
4
6
10
8
2
8
8
2
0
12
4
6
2
10
2
4
18
6
0
14
12
8
10
12
4
6
35
6
14
4
10
4
4
12
12
20
12
16
4
12
16
12
10
12
6
10
8
16
4
8
12
26
16
8
10
12
12
20
16
14
12
6
6
6
8
6
12
12
16
6
12
20
12
12
4
12
16
16
8
10
16
4
14
16
10
8
30
14
12
6
6
4
27
12
12
6
26
8
18
12
14
10
8
12
20
12
22
8
14
6
18
20
12
4
10
16
16
12
6
10
6
14
12
16
12
12
28
10
8
10
2
4
4
4
6
14
6
12
8
4
4
26
20
10
12
12
14
6
18
6
4
22
2
12
2
18
8
16
8
18
6
14
14
24
16
4
2
2
6
12
2
4
2
6
16
16
6
4
2
10
14
26
4
6
14
6
4
4
8
6
2
8
10
2
2
45
6
8
6
4
0
6
8
6
10
12
6
8
8
4
4
6
2
4
0
6
4
4
2
2
4
6
2
4
2
8
2
4
4
4
8
0
4
4
0
0
8
14
0
2
2
4
4
14
6
4
14
2
14
14
8
8
0
10
8
0
8
8
10
10
14
2
2
6
12
8
8
8
22
10
16
12
18
10
16
6
16
8
31
12
12
8
18
10
6
8
12
14
20
6
23
12
28
16
10
10
10
12
12
12
18
24
20
10
12
14
22
2
20
12
18
18
10
16
16
25
30
25
6
16
12
26
12
18
14
14
18
10
18
28
18
4
14
14
10
18
49
14
20
12
12
14
10
20
14
4
16
6
8
10
16
26
14
12
8
20
28
8
20
2
8
6
26
2
14
12
22
18
8
8
10
4
10
22
10
8
6
16
20
8
14
14
10
6
22
22
6
14
18
6
20
6
10
16
18
12
4
4
12
16
12
6
6
4
20
8
18
8
14
12
16
12
12
8
14
14
20
18
4
6
8
2
6
4
6
8
14
8
6
2
4
4
2
2
6
2
4
6
4
10
2
4
8
4
4
2
6
8
6
2
2
8
2
8
4
4
12
2
4
4
8
6
4
8
4
6
12
0
10
6
2
2
2
8
2
2
10
6
4
8
10
6
4
2
2
4
4
2
2
2
4
6
8
8
8
2
8
8
2
14
6
2
2
4
0
6
2
4
8
0
6
0
4
0
8
2
6
6
2
43
4
4
6
2
4
6
0
6
8
