3
1
1
1
0
2
2
2
9
7
1
1
1
1
1
1
1
1
1
3
1
0
1
3
3
4
1
1
10
1
3
1
6
0
0
0
1
3
7
1
1
4
1
1
0
8
1
8
5
8
15
7
12
8
4
9
1
1
2
13
1
0
3
4
1
3
0
2
3
11
1
2
1
1
1
1
1
1
4
3
13
0
0
4
1
1
0
1
1
3
1
6
1
1
0
7
4
9
1
3
2
3
5
2
1
3
1
3
0
3
1
1
12
6
2
2
1
5
0
0
4
13
1
1
4
1
3
4
3
1
12
3
1
2
1
5
1
5
5
1
1
0
3
1
3
1
11
3
1
3
3
1
1
1
1
1
1
2
3
1
1
6
0
0
1
0
1
2
1
7
2
4
0
1
3
2
2
4
9
1
1
1
1
3
4
1
1
1
1
0
1
1
0
1
1
1
1
4
2
1
1
4
5
10
0
1
0
0
0
2
1
3
0
1
1
0
1
1
0
3
0
1
0
2
1
0
1
0
5
5
1
3
2
0
1
7
1
1
0
10
8
0
0
3
2
1
1
1
3
0
0
1
1
1
4
7
11
8
1
4
1
1
9
3
3
3
3
3
0
1
0
6
0
4
4
7
1
1
1
0
3
0
3
1
2
0
0
0
8
0
1
0
9
4
3
0
3
7
1
4
4
2
3
2
6
10
6
2
3
4
2
4
1
6
2
0
1
1
0
0
1
1
1
11
1
4
5
1
1
1
7
1
3
1
10
1
1
3
2
3
5
0
1
0
0
1
3
11
1
0
3
10
3
3
0
1
4
3
0
1
0
3
1
0
4
1
1
7
1
1
1
1
3
1
0
1
2
2
5
1
1
3
1
2
0
7
0
1
0
7
3
0
0
1
1
1
2
0
1
2
6
4
3
0
1
8
1
7
4
3
1
2
3
0
6
2
0
0
7
4
5
1
3
0
2
0
3
0
2
3
3
0
12
8
1
1
1
1
1
1
7
3
2
9
4
2
3
1
3
3
1
6
1
7
1
2
2
2
1
0
1
2
3
1
1
1
0
1
3
0
1
5
0
2
6
2
1
2
1
1
1
0
2
2
2
3
3
0
1
1
0
18
0
7
4
3
1
0
1
3
2
2
0
0
0
0
4
4
4
2
2
1
1
1
0
1
4
4
1
1
1
6
1
6
1
3
1
3
3
1
0
0
3
1
3
1
3
5
0
0
1
1
0
1
0
1
1
1
3
1
2
1
1
1
1
9
0
0
0
3
7
3
1
3
3
5
0
4
3
3
6
1
6
3
0
4
15
14
1
9
13
14
8
10
9
5
22
12
14
14
2
3
1
1
7
2
6
11
7
16
13
19
1
1
6
1
3
2
9
6
1
20
5
15
10
17
13
1
5
12
11
17
1
18
9
12
18
11
10
1
12
13
5
0
12
3
13
13
7
12
6
13
8
9
3
1
27
6
5
8
1
9
3
3
9
2
1
3
3
14
3
3
13
5
12
3
12
1
3
1
4
2
3
3
11
16
3
6
6
14
13
4
5
4
1
1
9
1
3
1
0
1
11
10
3
2
3
2
12
16
14
6
8
5
2
4
10
10
15
12
0
12
13
15
4
2
3
1
12
3
1
0
12
6
4
4
15
9
3
7
2
16
6
22
0
10
4
14
13
1
11
8
2
10
9
11
13
3
8
11
10
3
4
0
4
13
3
16
11
10
14
7
10
8
18
1
0
15
8
8
11
2
2
19
12
3
1
3
10
7
2
3
1
1
3
10
3
3
11
0
9
11
9
10
3
10
9
7
9
4
5
6
12
13
1
2
18
9
2
10
13
2
0
2
9
14
10
4
5
5
3
10
10
3
9
5
8
9
9
6
4
4
9
9
7
4
5
12
3
2
4
7
22
1
11
9
12
3
10
8
10
4
16
1
2
11
36
8
9
0
1
15
17
12
3
6
16
3
2
2
16
17
25
3
1
26
3
2
2
0
1
2
10
3
30
3
5
1
1
5
1
1
1
5
11
4
1
0
2
4
6
11
7
19
4
4
2
1
2
8
22
4
3
0
1
3
13
19
2
13
10
24
3
3
13
5
0
1
3
4
6
10
1
3
5
0
1
4
12
2
2
4
1
0
3
5
8
7
2
15
4
1
3
15
14
7
5
2
9
6
0
3
5
11
1
24
5
1
7
2
21
8
14
5
1
1
12
4
0
6
11
3
3
5
0
0
8
7
1
3
22
6
2
2
3
2
1
18
1
30
5
14
8
4
2
1
11
6
4
15
1
12
14
12
13
10
9
3
31
3
2
2
5
19
16
1
7
17
2
21
7
7
6
3
14
5
17
12
11
6
1
1
5
9
6
9
15
15
26
11
4
9
9
11
16
21
2
1
1
9
3
13
15
0
11
7
14
1
3
10
13
17
2
1
1
4
1
14
1
0
10
2
15
15
0
6
15
1
3
5
1
14
12
13
0
17
21
2
11
14
2
2
19
5
4
1
18
9
1
11
1
9
3
2
21
1
3
11
10
11
1
11
6
1
0
3
0
1
3
10
16
2
0
12
8
12
18
17
5
3
17
22
0
16
10
8
2
5
3
4
2
9
14
12
20
21
23
12
14
22
17
18
5
12
23
26
22
29
21
19
7
20
13
20
22
23
21
26
14
14
18
8
13
10
31
18
6
22
23
26
20
17
20
12
33
17
17
19
6
28
23
8
29
9
29
8
32
10
26
34
9
28
10
27
21
14
21
6
15
7
12
28
17
19
24
12
26
23
23
23
4
11
41
33
2
6
23
5
12
10
4
13
23
5
8
22
23
14
21
15
26
5
31
23
16
2
19
15
17
9
1
12
29
13
21
2
28
11
29
5
8
2
22
6
25
5
30
23
24
26
18
18
21
19
27
1
27
5
4
19
25
7
1
8
34
22
28
29
17
23
31
14
20
24
11
18
20
19
17
15
13
13
7
1
0
22
21
32
13
8
26
27
16
6
16
5
6
23
14
17
16
7
17
7
11
10
22
31
27
34
14
25
24
22
16
4
14
9
21
22
8
14
12
13
9
15
9
21
25
10
20
13
24
19
12
23
2
20
7
14
29
18
19
27
30
7
21
17
17
15
4
2
14
19
22
4
15
7
9
15
24
17
12
27
25
17
30
27
12
2
36
27
13
13
11
7
18
5
18
3
14
2
7
24
16
16
6
14
19
10
26
11
8
3
7
8
22
28
8
34
17
8
21
13
27
20
5
25
1
34
