13
27
19
26
27
44
18
50
17
17
15
24
15
43
19
21
24
11
19
68
26
21
13
13
9
24
9
30
7
24
26
26
13
7
36
23
26
26
9
19
11
15
6
4
22
17
33
6
23
17
15
35
11
30
11
18
9
31
13
41
27
29
7
26
22
21
18
5
13
15
13
30
26
17
77
9
50
19
15
19
15
24
8
36
7
60
9
24
41
29
24
7
22
7
11
47
24
11
63
24
22
22
17
24
37
19
22
22
34
22
15
18
11
17
15
22
26
36
4
17
11
7
17
11
26
51
13
52
24
19
24
43
26
35
44
27
19
24
15
35
13
13
35
35
15
31
15
37
26
30
35
33
15
43
26
36
28
28
45
27
26
22
59
45
18
56
47
31
33
21
21
39
15
51
36
26
21
16
36
35
36
24
72
52
47
24
16
9
7
13
28
28
15
41
18
44
52
13
43
20
46
37
22
15
38
17
28
22
22
36
74
47
21
40
75
41
9
28
49
14
41
17
45
30
32
45
31
54
20
20
11
20
39
28
18
16
43
28
35
43
45
22
30
36
16
30
13
18
7
37
35
15
26
41
7
41
27
39
26
39
26
34
17
35
45
41
30
35
39
33
24
13
13
41
13
71
27
37
35
58
24
19
20
11
26
30
24
7
29
47
13
15
23
17
18
18
23
41
18
22
23
16
11
22
14
25
28
26
14
40
32
26
20
24
23
18
22
3
9
16
23
37
28
13
24
13
61
50
29
36
13
32
22
22
61
28
11
26
24
20
20
28
38
36
67
32
33
33
27
26
42
37
25
32
26
34
56
33
47
43
18
20
52
11
22
11
37
17
31
16
23
18
15
9
16
13
4
21
20
13
37
9
22
34
11
24
36
23
11
7
35
25
20
26
72
13
22
22
41
24
47
13
30
18
44
18
27
27
13
43
27
13
35
37
22
39
28
16
50
20
26
33
41
49
59
25
18
44
61
13
21
22
38
28
79
16
32
27
21
41
35
18
28
21
22
30
20
22
39
30
30
21
54
17
17
73
43
32
43
15
32
28
42
47
47
32
32
39
26
35
11
13
15
20
64
39
26
31
36
18
79
32
24
24
28
56
26
30
29
23
18
11
21
30
17
38
60
28
13
13
9
14
13
24
15
15
37
12
37
42
9
33
23
34
20
26
7
11
15
15
13
45
13
11
9
24
7
21
16
13
28
28
15
73
23
29
39
20
56
21
20
23
26
38
26
28
25
22
27
22
15
26
30
46
6
24
67
50
38
35
42
20
28
15
42
9
17
11
22
19
29
28
23
11
17
50
84
24
55
13
36
43
13
41
22
35
23
18
36
2
15
17
15
28
16
17
15
22
22
40
26
16
20
20
22
16
23
64
20
49
38
21
15
33
33
4
19
68
24
29
18
21
22
13
44
11
9
17
20
16
24
5
15
15
13
9
20
15
11
3
22
16
18
20
19
26
18
29
35
42
25
26
33
26
6
35
15
16
33
34
13
13
5
9
18
28
22
35
28
29
15
24
30
28
75
10
29
6
18
11
8
19
14
24
23
51
19
15
59
33
26
47
18
26
49
26
24
16
28
30
29
27
15
27
38
11
11
14
34
17
18
6
18
13
19
29
18
13
37
22
23
29
35
22
22
24
16
20
34
21
27
27
18
25
41
7
19
26
22
32
9
25
20
55
34
11
22
19
27
17
14
47
24
30
19
23
22
29
11
25
13
14
19
38
16
18
30
39
13
27
9
8
48
37
46
44
28
19
21
64
18
26
26
17
24
20
40
42
19
15
22
29
25
30
50
18
9
21
9
17
23
23
14
9
17
23
16
17
18
27
34
11
23
9
14
26
4
13
9
21
7
11
33
6
9
14
17
4
21
28
9
2
13
4
6
11
15
4
7
7
2
4
4
7
0
2
0
2
7
11
0
13
0
6
5
0
7
5
4
4
2
0
2
2
34
8
17
9
13
7
9
13
17
13
2
11
5
7
4
5
9
6
7
2
7
4
25
7
7
5
6
2
2
15
13
4
9
7
6
13
9
9
7
22
4
4
11
7
4
3
4
34
9
16
5
9
9
13
9
13
40
11
16
13
14
4
9
5
6
7
7
13
9
15
14
7
14
9
16
20
22
23
20
13
13
9
44
4
39
22
13
14
17
9
17
35
13
20
13
24
37
30
29
6
5
14
11
22
45
17
9
31
21
13
12
31
25
15
23
17
12
7
51
43
27
31
13
35
4
16
42
27
24
33
34
26
31
32
50
23
15
24
9
19
18
9
30
13
28
14
39
26
12
37
26
22
34
15
9
29
43
56
20
20
22
22
26
33
10
62
31
18
26
30
9
15
32
29
42
13
12
19
15
15
29
26
14
7
13
27
9
39
16
28
25
13
28
15
9
9
11
44
11
13
43
16
24
34
34
20
46
24
20
22
11
28
13
20
15
13
29
18
14
11
36
14
13
12
30
12
15
22
26
26
22
9
18
18
9
19
17
18
32
26
15
13
13
17
17
6
24
9
21
4
18
22
18
9
12
13
4
5
53
15
13
9
19
9
7
4
11
13
4
2
7
7
6
7
4
9
4
9
12
5
18
10
13
18
13
13
0
9
11
14
13
34
13
11
28
9
11
9
31
15
15
16
16
22
22
11
7
24
26
25
46
16
16
23
25
26
9
13
18
23
10
7
26
19
7
22
13
20
7
13
15
19
11
21
13
41
24
20
16
9
9
7
18
18
20
16
13
16
21
6
17
5
16
22
10
18
6
7
42
31
7
5
11
11
22
15
24
13
29
21
15
11
17
5
4
5
11
7
7
4
19
48
40
31
19
7
19
7
13
24
7
16
11
27
32
18
26
9
9
18
20
4
20
11
46
9
7
28
24
27
9
10
20
11
17
17
2
16
19
15
24
40
5
13
9
17
66
19
28
4
9
11
23
32
7
11
7
17
25
18
5
20
50
27
17
15
31
17
14
12
9
16
22
11
15
7
7
13
26
13
14
14
11
38
36
5
27
18
16
30
11
21
25
38
28
36
22
22
18
50
35
12
24
35
13
7
17
7
28
35
39
7
17
17
27
18
17
17
24
29
15
20
62
20
20
18
29
22
23
20
24
15
13
19
17
11
9
7
15
18
26
7
15
9
11
5
15
37
21
0
16
6
27
13
15
11
6
47
9
9
24
9
9
32
28
19
40
9
11
16
19
7
11
16
2
19
16
9
7
11
20
24
5
15
12
10
38
27
17
7
15
5
12
4
11
15
