37
70
25
56
53
32
22
9
13
50
22
24
41
52
26
10
9
35
84
43
30
26
34
25
30
82
37
26
25
20
35
47
17
79
24
39
13
33
20
17
44
20
23
81
22
29
58
7
93
26
48
23
42
69
16
18
58
15
22
24
25
20
39
48
37
74
9
29
20
72
11
17
29
25
35
24
37
27
76
7
80
28
35
13
38
4
26
24
30
27
19
32
34
21
29
25
31
16
64
33
20
33
35
34
77
26
29
19
54
21
39
18
53
82
26
56
69
22
59
34
26
12
36
71
29
65
77
34
22
17
32
45
12
28
16
64
18
13
17
79
99
56
24
55
13
89
74
34
90
43
46
15
11
17
19
18
19
26
21
22
40
24
23
11
5
31
38
17
0
0
0
0
0
0
0
0
0
0
0
0
0
0
0
0
0
0
0
0
0
0
0
0
0
0
0
0
0
0
0
0
0
0
0
0
0
0
0
0
0
0
0
0
0
0
0
0
0
0
0
0
0
0
0
0
0
0
0
0
0
0
0
0
0
0
0
0
0
0
0
0
0
0
0
0
0
0
0
0
0
0
0
0
0
0
0
0
0
0
0
0
0
0
0
0
0
0
0
0
0
0
0
0
0
0
0
0
0
0
0
0
0
0
0
0
0
0
0
0
43
48
25
43
13
18
32
24
36
25
49
34
33
0
0
0
0
0
0
0
0
0
0
0
0
0
0
0
0
0
0
0
0
0
0
0
0
34
42
75
62
65
35
60
16
37
51
25
40
25
62
15
30
27
21
33
23
42
34
26
63
11
51
48
52
26
25
25
46
74
85
26
30
15
36
35
25
70
29
27
26
40
46
24
24
85
25
38
36
37
45
23
17
42
55
29
28
62
32
38
58
34
52
14
68
34
42
78
85
17
9
35
17
39
53
21
36
23
36
80
60
41
59
22
21
21
33
23
26
26
87
37
26
73
75
0
75
47
33
21
43
19
27
69
73
58
30
57
71
21
42
77
78
32
83
16
19
33
28
61
27
20
69
64
36
84
83
26
15
72
45
41
34
0
43
80
39
36
26
30
57
48
37
48
61
28
21
47
80
33
53
86
35
13
62
85
0
76
58
22
47
91
70
77
64
47
38
40
31
46
24
21
74
82
38
26
21
38
62
38
48
16
80
42
42
25
54
70
46
27
41
42
47
71
42
41
26
41
22
39
43
25
18
65
35
10
21
45
15
35
36
78
62
74
45
13
9
37
36
20
41
18
25
29
49
26
33
28
48
26
25
24
36
33
37
37
16
4
37
44
29
48
16
21
0
14
24
25
25
30
11
20
61
13
39
0
0
0
0
0
0
0
0
0
0
0
0
0
0
0
0
0
0
0
0
0
0
0
0
0
0
0
0
0
0
0
0
0
0
0
0
0
0
0
0
0
0
0
0
0
0
0
0
0
0
0
0
0
0
0
0
0
0
0
0
0
0
0
0
0
0
0
0
0
0
0
0
0
0
0
0
0
0
90
23
14
24
30
24
25
21
22
45
17
33
24
31
28
23
31
40
24
31
24
33
28
22
33
57
58
39
79
33
37
28
23
20
29
22
52
42
42
46
0
17
28
37
39
22
29
27
0
23
33
42
4
47
28
29
36
28
21
54
25
31
24
36
34
43
45
20
42
31
77
32
39
18
42
67
28
46
19
41
6
30
34
34
26
59
18
34
18
36
22
31
24
18
39
54
24
21
30
22
49
26
26
40
56
21
29
50
7
43
44
7
12
24
40
21
32
15
23
24
22
29
34
12
32
60
31
34
33
20
31
30
44
38
25
28
46
38
67
24
45
15
33
22
18
26
45
27
27
16
84
19
29
26
18
29
7
30
37
20
33
32
56
46
49
46
67
35
64
72
73
40
56
50
27
42
34
57
20
39
36
50
27
4
39
18
29
30
32
86
35
47
29
31
45
36
35
37
73
43
20
65
37
33
0
0
0
0
0
0
0
0
0
0
0
0
37
21
23
99
28
42
42
36
19
25
20
17
37
10
84
27
33
17
44
26
23
38
29
14
32
38
28
50
30
32
18
27
35
43
70
34
12
37
16
13
91
15
11
30
21
34
82
15
35
16
23
33
38
40
9
31
18
26
0
10
51
23
18
31
36
42
45
39
26
62
41
24
40
23
34
47
19
22
24
57
70
22
23
21
14
21
32
26
15
22
18
31
58
20
22
20
78
27
44
27
33
58
55
31
28
25
13
23
42
21
24
20
47
44
26
42
36
37
33
28
52
26
23
11
30
41
21
35
63
47
28
23
49
30
36
37
25
24
19
39
36
41
59
40
51
21
4
33
24
30
58
25
16
22
30
40
43
35
36
9
30
50
76
26
41
65
29
12
24
25
52
77
44
30
60
52
57
35
24
14
31
32
37
5
23
56
13
32
27
23
35
18
34
16
79
20
31
0
21
24
22
36
16
15
27
52
15
24
28
31
27
23
17
34
17
18
22
26
14
17
21
22
9
33
18
16
11
53
29
18
18
19
23
51
29
22
40
14
20
17
14
26
11
8
6
15
26
16
13
29
17
7
14
7
3
12
16
16
3
26
26
7
1
17
11
10
15
16
32
12
10
26
1
13
17
86
28
45
25
74
65
49
63
35
59
31
33
78
41
41
52
47
46
52
45
57
42
40
25
25
32
31
33
84
66
34
40
44
44
60
30
57
75
68
36
46
63
17
83
43
43
39
43
39
54
33
66
29
26
75
44
42
37
19
57
72
47
47
70
66
61
23
84
43
79
61
32
38
40
72
80
59
38
45
58
64
39
76
39
38
44
42
78
30
63
66
62
73
49
70
62
59
51
28
28
33
54
57
70
72
55
67
50
71
62
49
72
73
39
54
85
61
66
89
70
54
39
58
72
53
65
27
78
40
72
66
55
59
35
37
55
67
33
73
69
41
49
51
41
60
43
34
47
43
65
53
73
49
58
31
51
78
29
46
30
67
53
34
59
61
43
73
38
69
48
35
49
70
67
60
78
33
85
79
45
59
70
79
78
87
47
35
44
30
43
45
75
45
55
89
56
88
42
47
87
60
70
72
67
59
41
46
55
54
61
73
82
40
43
57
59
43
86
56
50
86
68
60
38
31
68
59
37
51
58
75
66
76
29
40
54
62
30
70
57
51
76
44
67
70
57
54
49
73
41
28
25
71
58
59
57
54
42
43
15
27
18
32
34
41
45
69
33
34
36
24
40
44
50
35
27
39
23
61
48
39
15
20
21
38
18
57
40
