39
36
21
51
23
20
5
62
19
19
8
26
20
10
13
23
33
23
54
15
15
9
24
24
17
28
15
52
26
36
24
21
64
56
28
30
43
38
46
27
21
47
4
19
21
33
25
34
52
21
38
56
45
46
35
45
22
37
41
38
39
37
43
40
32
73
18
10
29
11
23
31
52
45
34
45
40
30
20
21
32
27
42
26
38
37
36
19
18
20
18
27
22
32
32
38
44
29
29
30
26
43
38
40
66
71
57
58
54
46
36
31
21
34
44
73
43
62
21
44
31
36
74
42
33
38
24
24
51
32
10
34
27
41
31
39
30
47
18
40
67
28
33
25
31
30
34
26
36
40
25
49
51
15
44
17
47
61
32
34
30
30
31
8
38
35
19
27
15
33
17
40
23
30
15
11
15
44
21
11
27
21
22
34
26
34
25
48
13
68
24
24
25
32
39
39
37
25
44
39
26
52
33
23
45
37
30
37
37
40
13
31
26
34
12
19
31
30
35
38
37
59
47
46
47
30
51
35
17
42
27
41
22
32
28
41
39
22
82
45
21
16
26
26
19
17
31
31
22
36
35
47
88
51
37
70
35
50
34
19
17
25
40
51
31
11
11
33
37
23
15
9
52
17
28
49
55
17
28
13
28
41
19
25
34
30
37
31
60
25
25
30
24
25
32
51
30
40
55
40
47
54
19
29
33
30
26
40
30
25
31
14
31
20
26
14
29
11
40
32
29
50
45
35
13
33
40
37
26
16
16
11
55
39
47
7
17
19
7
15
26
25
26
48
49
42
46
18
47
42
30
39
17
26
16
24
37
14
19
19
23
26
20
17
19
44
40
25
31
14
54
14
14
34
21
44
30
37
27
42
33
43
50
51
27
37
30
53
25
29
25
38
55
40
15
35
46
45
38
11
42
43
36
46
29
43
34
59
29
61
31
47
28
40
46
48
35
45
9
30
58
34
30
39
30
28
25
31
23
34
19
31
28
47
25
30
27
32
50
36
16
38
30
37
46
32
25
50
28
30
38
26
59
35
16
44
30
22
19
45
25
41
38
33
46
36
20
24
53
14
24
34
22
46
42
52
43
36
45
36
18
19
45
24
32
41
33
37
26
36
39
37
39
31
31
24
18
27
31
32
42
15
15
23
34
28
18
28
25
27
29
15
26
39
20
50
49
43
46
50
29
52
31
16
35
61
56
73
31
35
41
37
26
33
33
26
34
32
28
26
23
33
44
33
25
24
21
36
40
41
40
32
48
11
28
38
28
14
33
23
47
42
40
28
37
46
33
31
17
17
21
32
14
44
19
26
17
17
22
9
13
26
21
15
29
29
18
11
19
14
15
25
12
25
27
18
28
23
36
31
20
15
21
22
27
25
27
18
33
23
16
14
13
28
30
33
24
17
10
8
9
12
16
13
15
18
9
16
14
25
16
4
13
14
4
29
11
26
14
32
13
23
20
35
12
17
22
23
40
30
17
16
16
28
17
32
26
15
18
26
11
17
23
30
22
37
20
15
24
30
31
19
20
13
11
40
17
9
16
31
19
25
23
21
13
18
20
16
25
22
37
24
34
35
4
20
9
39
25
13
31
24
32
11
16
24
15
22
13
10
19
33
30
8
24
14
22
31
4
14
20
38
37
33
27
20
9
36
23
19
10
26
15
2
14
43
15
20
16
37
27
11
15
9
16
27
16
36
19
30
19
30
28
36
13
23
20
15
39
11
19
24
28
20
20
7
26
27
17
10
5
18
21
23
9
25
27
12
8
23
12
9
9
13
29
16
14
17
13
6
16
11
29
19
66
25
19
22
38
27
17
19
15
16
28
21
18
14
21
18
7
26
14
41
13
7
13
19
22
25
19
24
24
24
13
18
9
27
6
11
8
17
27
9
18
21
21
28
6
25
11
25
21
20
24
11
18
41
4
32
18
7
13
25
31
30
28
17
17
21
13
22
8
11
32
20
27
15
10
23
36
37
15
27
14
28
15
28
24
20
28
33
30
26
26
28
23
30
30
28
25
54
43
28
32
38
27
28
17
27
72
35
15
20
26
14
8
7
9
33
24
32
13
41
11
10
19
20
28
17
19
25
13
21
24
11
13
36
21
31
19
31
32
25
31
26
46
48
38
35
25
23
20
50
19
11
19
39
38
30
44
21
24
40
29
18
41
39
14
41
24
28
38
32
18
28
27
23
22
0
13
27
40
12
11
29
16
23
6
45
21
27
30
43
58
51
45
38
41
16
31
35
23
38
21
22
46
25
24
24
15
34
54
25
25
39
31
41
6
26
18
18
30
23
23
25
21
38
16
15
12
25
16
22
25
19
14
26
22
20
21
27
8
22
34
43
18
21
27
19
31
37
21
31
25
27
35
18
32
30
28
33
28
46
31
19
27
32
27
47
55
48
31
11
26
23
26
36
20
27
59
27
25
13
6
20
26
18
14
14
24
12
28
16
21
31
30
16
63
20
17
21
32
18
32
32
29
29
28
17
17
22
15
27
23
26
31
18
23
27
17
20
16
18
24
31
16
7
55
19
15
9
20
15
20
16
11
11
28
10
10
22
3
3
9
13
13
8
6
14
12
11
12
8
20
14
30
5
5
9
3
10
15
37
10
24
24
28
33
7
19
36
16
21
13
16
31
54
37
7
20
61
39
56
22
39
20
30
59
63
30
20
16
18
28
8
11
17
6
11
28
11
18
21
29
41
38
13
26
13
74
11
4
6
9
9
22
23
9
21
15
23
7
20
20
17
11
16
25
9
13
15
11
13
8
19
13
28
23
22
15
15
15
17
25
41
26
21
28
39
18
9
17
22
18
21
11
19
20
9
20
35
24
16
36
24
38
6
35
11
25
62
13
26
21
37
19
23
29
20
29
11
22
28
71
18
70
52
52
41
32
66
34
48
53
48
48
43
17
67
31
40
55
44
53
19
32
21
20
44
45
57
16
27
30
45
49
53
49
31
27
65
67
86
61
52
35
28
24
43
63
39
30
34
37
52
37
19
57
39
36
60
41
19
42
63
25
16
21
12
47
37
15
18
18
11
18
15
52
24
21
20
22
40
46
15
57
64
15
57
29
41
60
24
24
45
34
66
27
19
19
17
37
31
26
11
32
21
32
11
27
7
17
44
20
34
28
58
30
43
4
22
23
37
36
30
50
47
32
16
8
12
43
32
30
19
15
26
62
19
19
5
27
43
34
11
15
26
32
48
69
52
28
26
11
31
23
13
32
37
18
23
33
19
11
22
18
23
10
30
