6
7
85
4
4
2
43
2
0
7
0
88
4
2
8
2
0
0
33
5
2
0
5
2
11
0
0
53
2
0
44
0
2
2
6
0
32
4
0
51
27
2
47
2
4
59
8
0
60
0
2
0
21
2
7
4
2
2
12
4
2
8
4
34
34
4
80
2
2
4
0
28
2
0
2
57
24
2
22
2
0
6
10
4
11
2
88
17
25
33
0
4
70
0
0
0
8
6
8
4
0
51
0
0
4
2
4
0
2
2
0
6
2
0
10
5
2
0
0
0
4
5
4
0
13
2
6
0
2
8
2
2
2
2
87
6
0
4
2
0
2
0
8
47
45
28
2
39
27
56
52
26
9
39
27
27
34
25
20
24
18
7
11
2
44
24
29
24
47
8
0
0
38
36
41
46
2
29
0
4
2
87
0
0
34
28
0
30
26
41
62
4
4
5
25
29
5
37
19
0
20
22
0
15
51
2
8
55
23
41
0
2
6
2
6
0
9
32
33
22
0
34
4
2
9
5
2
12
4
2
23
8
4
4
32
46
29
9
0
20
30
6
0
10
25
15
28
18
5
4
29
7
17
20
62
6
3
62
37
10
4
9
4
23
17
4
21
33
6
38
36
9
30
42
26
24
35
5
4
21
13
4
23
29
25
24
2
28
0
5
32
7
33
4
0
22
46
25
39
17
2
2
28
2
17
19
10
30
28
47
2
2
0
2
6
12
37
48
40
43
51
33
5
56
2
13
64
0
20
4
2
0
31
38
0
0
45
0
7
4
6
40
32
30
32
29
2
0
5
30
5
0
34
26
0
29
54
11
8
0
4
0
0
18
21
29
48
2
47
20
0
2
47
2
7
0
19
18
43
26
25
34
22
47
0
8
13
0
40
33
0
15
13
6
0
4
4
3
5
4
0
22
78
26
20
45
27
2
0
26
2
0
20
4
35
38
12
30
33
32
0
4
79
2
27
2
4
18
8
32
4
2
4
45
4
42
12
25
2
25
8
29
56
2
0
30
0
4
17
17
0
7
2
39
6
0
0
2
8
34
3
28
18
35
35
15
2
2
2
6
4
14
14
48
29
8
23
34
30
6
0
0
0
2
13
30
2
6
33
2
8
4
0
5
5
2
18
38
0
0
21
2
2
5
2
2
2
7
22
30
11
0
4
4
6
2
4
26
6
0
8
2
13
9
49
26
0
0
44
7
1
23
30
43
28
26
11
8
46
28
7
25
17
12
0
41
47
2
21
38
29
3
33
47
40
29
39
14
19
2
0
0
8
2
33
34
4
2
5
60
2
10
2
4
2
2
0
2
0
27
24
15
49
0
24
43
4
4
2
4
8
6
21
2
35
18
9
14
45
31
9
5
42
0
17
40
34
22
41
23
15
54
2
2
8
11
36
4
4
40
64
2
2
1
28
6
2
4
5
34
2
2
23
25
0
0
4
6
2
31
25
12
0
4
15
27
77
2
4
2
2
2
26
35
49
34
35
40
35
32
6
4
8
0
20
23
13
2
4
11
0
5
4
36
2
4
20
8
2
16
20
2
2
5
6
2
8
4
19
9
4
61
38
3
2
2
4
0
12
4
28
29
58
8
2
12
2
2
4
0
4
4
17
87
0
0
2
6
2
4
37
6
0
47
26
29
0
53
2
4
0
2
2
2
0
32
0
24
6
2
17
0
2
4
20
0
4
0
32
28
3
4
9
0
9
57
0
6
45
0
5
39
27
2
24
56
4
2
72
4
4
28
13
2
0
51
27
0
0
57
5
8
3
13
31
30
29
6
25
8
5
2
27
5
0
8
13
54
2
20
26
24
42
6
0
0
51
2
32
30
2
2
3
2
2
66
2
0
2
30
21
29
44
23
30
27
4
4
2
46
6
4
10
39
48
2
25
4
0
53
0
4
62
2
17
50
35
2
4
2
7
2
7
0
4
2
35
31
6
2
2
0
0
2
35
15
37
24
21
17
16
2
35
15
8
0
23
21
23
22
37
33
10
56
19
15
25
0
7
33
12
2
2
36
39
47
2
24
26
2
2
4
0
68
2
31
30
19
7
34
31
2
8
83
2
0
6
30
1
0
27
29
17
2
6
2
2
33
16
31
50
4
2
34
13
52
6
2
2
23
30
16
36
31
12
14
16
2
0
27
11
0
28
2
24
22
26
4
14
26
2
21
68
2
12
30
22
4
27
39
23
4
25
16
4
38
10
26
28
4
6
12
3
2
0
6
7
0
21
43
0
37
26
26
21
59
4
0
2
6
51
33
6
22
37
2
24
53
4
0
24
0
30
31
16
46
45
27
19
13
38
4
17
20
34
45
6
12
15
25
20
12
17
26
15
60
28
22
16
4
2
12
21
26
2
0
4
5
17
30
18
0
27
37
17
38
5
29
2
2
32
27
36
22
0
19
24
6
0
0
2
20
22
22
22
42
11
20
41
9
8
0
20
17
4
24
2
10
4
33
17
30
37
22
28
2
18
31
6
3
2
28
6
34
35
0
31
25
2
31
26
19
11
25
9
18
5
16
43
35
16
7
1
33
29
6
0
4
42
20
25
30
21
13
2
18
33
20
2
5
36
32
9
4
29
27
2
13
19
2
2
33
0
2
5
17
2
10
31
4
4
59
7
2
2
2
5
53
2
0
6
2
2
4
4
0
0
2
6
7
0
4
4
15
0
10
15
2
2
2
0
2
4
2
0
3
55
9
0
0
47
0
0
2
0
4
69
2
2
10
0
0
6
14
5
0
0
62
9
9
2
2
6
6
20
4
0
10
6
3
0
58
2
2
10
9
0
7
2
4
53
0
0
23
2
5
2
0
15
2
4
2
4
2
8
4
14
4
41
4
7
47
0
4
43
6
0
52
10
4
57
2
22
7
2
7
4
10
39
6
4
60
7
2
54
4
5
10
8
2
58
2
6
46
2
2
6
2
6
6
0
87
2
0
2
39
8
0
51
0
2
88
0
2
48
6
2
89
0
4
6
24
2
2
2
5
74
4
8
44
2
22
48
0
3
2
4
5
6
5
5
90
4
4
9
63
3
0
0
5
3
36
2
2
31
2
6
4
4
2
47
11
0
56
0
3
33
2
5
6
4
2
6
48
2
0
7
0
0
84
2
8
0
6
2
0
3
4
6
4
4
0
4
6
2
2
50
2
4
5
2
0
49
2
2
0
7
2
16
5
0
4
2
2
82
0
2
78
2
2
6
2
2
4
0
0
56
0
6
12
2
7
5
53
0
0
58
7
2
4
