4
4
12
10
4
19
8
12
10
21
8
6
6
6
6
6
14
39
8
8
6
10
14
21
12
6
6
10
8
8
6
6
4
8
12
12
6
10
14
10
8
53
12
14
6
10
25
8
8
8
23
14
16
18
6
16
18
27
10
10
6
10
8
10
21
16
8
8
16
8
8
23
14
12
6
14
6
21
17
14
6
12
6
25
12
16
19
14
14
12
6
17
12
19
12
25
6
8
14
10
10
10
16
8
12
16
16
23
12
8
12
8
19
8
8
21
25
6
6
12
18
12
14
25
25
10
12
12
8
33
16
16
25
21
21
12
21
12
33
25
12
16
12
6
16
10
8
14
14
19
10
10
23
25
17
21
25
17
14
10
27
19
35
14
21
18
39
10
16
23
14
14
19
31
21
19
6
41
12
14
31
19
76
33
12
14
18
16
29
19
16
8
12
14
27
17
47
25
31
16
17
17
49
31
29
18
19
14
8
23
16
41
23
10
35
12
8
33
12
10
10
16
19
21
21
21
25
31
31
14
23
31
29
16
16
17
12
16
18
25
8
16
10
8
12
27
6
21
12
19
14
14
27
29
16
8
16
18
10
10
6
4
14
10
6
6
4
8
74
8
35
39
21
4
12
16
6
8
14
6
10
8
39
14
2
31
14
4
4
6
17
10
6
4
10
6
4
10
6
4
17
66
10
4
8
8
10
8
6
14
4
12
10
10
8
17
4
6
12
10
8
12
2
8
6
10
14
10
14
10
4
12
6
16
12
6
10
12
11
12
12
8
8
14
19
10
12
19
8
8
8
12
12
8
10
17
14
8
12
10
4
8
8
16
14
8
16
8
12
12
14
14
8
10
10
12
51
8
8
16
12
12
10
10
8
12
8
14
14
19
14
17
8
12
16
10
23
15
10
17
12
8
10
16
4
10
27
8
16
14
12
6
12
12
19
17
16
6
12
14
16
10
12
19
4
17
18
16
12
6
14
6
19
18
14
6
16
8
10
12
10
10
25
19
31
19
10
6
18
12
16
19
23
25
19
12
6
10
14
21
17
14
14
21
8
6
8
13
16
10
16
6
14
16
23
17
8
10
16
4
8
4
12
6
16
21
19
16
16
10
10
17
19
10
14
10
12
8
12
12
8
10
10
8
14
6
8
8
14
14
16
17
6
10
10
33
10
6
10
6
12
10
14
8
14
10
10
10
8
12
10
12
10
12
14
12
10
18
8
17
14
18
14
8
6
35
14
2
8
12
6
4
16
14
10
4
6
4
12
16
19
10
8
14
19
6
2
6
8
4
16
8
10
8
14
10
6
4
14
16
10
14
14
10
8
14
10
12
16
2
8
6
6
10
16
8
10
4
10
8
16
8
8
10
10
4
10
12
10
12
10
8
10
10
6
16
10
15
23
12
18
16
21
10
25
10
14
12
21
19
14
18
16
6
12
12
21
8
8
16
12
18
12
10
14
18
19
23
17
8
8
16
14
14
10
18
19
21
8
16
16
16
12
21
8
12
6
10
23
8
21
23
19
12
10
8
19
25
23
8
8
21
27
51
17
12
10
23
14
10
10
8
6
8
19
14
19
17
25
17
10
8
14
6
27
14
16
10
25
19
8
8
14
8
21
25
27
12
21
14
23
19
21
12
14
16
19
6
31
27
12
8
23
14
19
17
35
19
17
27
14
12
21
10
8
17
8
12
8
8
6
6
19
10
25
8
10
14
25
12
17
21
19
12
27
25
19
17
17
21
31
17
21
23
8
19
21
16
19
10
2
4
10
12
8
19
8
10
4
8
8
6
6
2
8
6
50
6
10
8
15
8
8
6
6
6
8
6
12
10
6
25
14
10
6
8
8
8
6
6
35
10
19
10
6
10
19
6
37
12
4
4
4
4
4
10
12
19
14
4
12
10
4
8
4
6
27
6
16
10
14
6
8
4
6
4
10
14
6
6
8
10
10
4
16
10
4
10
6
12
10
6
4
4
6
10
10
15
10
17
8
4
6
10
10
8
8
10
4
4
10
10
4
8
8
10
8
10
6
8
6
12
6
10
10
6
12
16
6
8
41
8
4
8
10
4
10
8
12
8
8
8
12
17
6
12
10
14
8
8
12
10
4
12
8
10
8
6
16
10
21
6
10
10
4
14
12
12
8
14
6
15
10
10
12
8
16
17
14
8
10
12
6
14
8
10
10
21
18
14
6
21
10
10
6
31
16
6
16
10
12
14
12
8
6
18
10
10
6
17
6
6
8
6
10
8
12
8
10
8
10
12
17
4
6
21
14
17
12
8
14
10
6
14
14
12
17
10
25
12
6
8
18
21
17
8
14
16
17
12
12
25
23
8
12
14
8
12
12
10
21
12
10
17
27
8
12
19
51
17
10
21
21
8
16
29
25
15
6
23
10
17
39
10
6
10
14
10
8
6
10
8
16
19
8
6
25
14
8
43
16
19
17
12
10
6
14
19
19
14
8
6
16
14
10
6
19
10
15
17
14
8
17
17
17
12
6
6
10
6
6
12
10
12
6
6
6
19
14
6
14
6
12
17
18
10
21
19
6
8
6
10
16
8
19
17
12
8
6
12
21
8
6
14
6
14
6
12
6
8
8
8
8
8
12
6
4
10
4
8
14
4
18
10
10
10
8
8
10
6
8
10
8
6
4
4
14
6
6
10
10
6
8
0
12
6
2
10
10
6
4
6
8
14
10
8
6
12
12
12
6
10
10
6
8
6
6
4
12
6
6
8
10
6
2
12
8
8
6
6
2
14
8
8
12
4
6
12
12
4
10
10
10
8
8
10
6
8
12
4
8
6
8
10
12
8
6
6
10
14
10
2
12
8
10
4
2
8
12
6
14
8
10
16
2
14
18
4
8
6
4
10
12
10
8
16
10
14
12
8
12
10
8
12
6
6
10
12
20
6
8
14
14
10
10
10
10
12
12
18
8
4
2
10
6
10
4
12
4
12
22
14
12
16
6
6
12
16
14
12
6
8
8
20
12
4
6
8
14
2
12
10
8
16
8
4
6
14
10
14
10
6
8
10
6
14
8
10
6
18
22
6
8
14
8
10
10
8
4
6
10
6
8
6
10
10
8
8
10
6
14
6
12
6
6
8
8
4
8
4
2
8
12
37
8
8
12
8
12
10
4
6
8
6
6
6
8
6
8
6
6
12
2
4
4
6
10
4
0
2
2
4
4
8
4
4
2
0
4
2
2
2
6
4
2
6
0
2
6
0
4
2
4
6
4
2
0
2
0
2
