27
8
12
10
31
23
15
10
15
19
14
5
17
11
4
14
12
11
15
12
8
8
8
6
12
15
6
37
25
15
25
9
19
4
12
14
15
16
14
15
20
23
22
8
23
19
23
8
16
12
19
16
17
14
25
17
12
8
34
8
12
21
15
8
20
8
23
68
19
21
13
25
9
10
23
21
16
21
19
27
16
14
17
12
10
25
17
27
10
25
27
19
17
10
19
15
36
16
27
17
25
21
13
19
14
27
23
12
12
19
11
25
16
29
29
27
23
27
21
15
12
17
31
13
21
58
17
37
21
17
35
9
15
15
43
10
29
22
29
15
17
4
34
29
19
21
50
17
25
6
10
15
27
29
23
17
15
21
27
6
10
10
17
16
60
37
18
19
19
46
35
41
15
41
23
39
21
37
7
10
42
15
33
60
12
29
25
12
8
27
16
16
44
25
37
5
4
30
21
23
15
19
21
19
31
17
14
10
19
8
10
15
15
13
10
23
12
19
6
8
19
8
17
15
10
8
10
10
11
8
6
15
31
8
8
19
8
14
2
4
8
13
8
4
4
14
10
10
15
15
23
14
11
10
11
8
8
14
8
11
8
12
6
0
16
10
12
16
15
10
62
12
12
8
12
10
14
17
8
15
8
12
8
21
16
14
10
8
13
13
21
3
17
9
35
15
17
11
14
11
31
13
29
12
10
15
8
6
11
23
12
16
14
17
17
17
29
14
12
31
19
15
31
31
17
25
15
21
12
15
8
15
15
20
25
34
54
23
7
7
0
37
7
45
32
35
10
41
15
12
12
11
33
21
15
21
16
13
12
19
15
31
15
29
21
8
21
27
37
12
17
32
12
17
24
19
34
17
31
29
7
21
12
23
19
15
19
37
8
28
17
14
4
4
33
13
10
17
19
15
25
16
44
21
21
21
41
23
15
8
16
25
29
10
13
6
12
21
25
23
6
28
21
29
19
7
31
15
31
23
23
17
21
8
17
18
17
10
27
29
21
13
27
37
14
25
21
25
29
12
8
19
35
15
33
17
23
37
25
10
6
10
8
29
31
11
6
31
37
6
13
29
23
35
15
12
35
30
15
29
14
23
10
21
14
27
25
27
23
29
15
15
10
12
25
29
33
13
35
72
14
15
12
25
17
17
15
8
14
23
12
19
8
12
17
10
20
13
8
17
17
14
12
19
12
12
16
14
13
13
10
17
12
13
15
9
25
21
10
7
14
10
16
14
10
6
12
8
6
21
12
12
12
15
12
13
6
8
8
15
39
12
10
15
43
19
29
6
10
21
17
8
17
25
8
10
10
12
13
7
17
24
15
21
8
15
12
13
21
10
23
10
16
21
9
13
28
17
17
11
21
12
12
9
6
23
10
10
13
12
29
19
6
17
11
12
9
13
14
12
22
19
14
25
7
9
11
13
12
17
13
13
17
23
21
19
15
6
7
8
10
14
14
12
10
12
6
13
4
17
15
10
13
16
10
12
11
14
17
14
12
25
12
10
19
11
12
6
9
10
8
12
6
33
25
11
12
8
15
23
9
18
15
21
10
13
10
25
15
25
13
4
10
15
13
19
10
17
10
14
10
18
15
19
6
8
10
34
4
19
17
14
29
17
26
26
4
19
15
19
15
22
15
17
23
23
24
15
8
21
17
14
15
9
8
23
15
29
13
17
21
14
10
12
19
11
19
17
17
17
28
13
10
11
9
25
21
21
15
23
11
23
9
13
15
9
17
23
27
48
15
32
19
15
11
27
29
17
13
17
13
32
12
15
41
23
15
18
25
20
22
29
15
24
8
6
15
8
13
12
6
8
14
8
10
19
8
13
8
13
12
8
9
8
12
8
12
8
17
10
17
7
26
21
15
17
10
6
17
8
6
11
13
9
6
15
12
5
13
11
17
11
9
6
12
33
10
15
10
10
10
8
10
4
6
8
17
8
6
12
13
11
12
6
15
15
8
8
13
15
10
6
19
14
6
11
10
6
8
10
10
17
17
14
6
6
19
17
6
4
19
8
8
14
2
12
17
6
23
2
14
11
11
14
4
8
8
6
17
17
13
6
9
10
14
14
23
17
8
12
10
21
17
12
31
4
15
21
12
17
6
8
19
12
12
17
23
13
13
12
17
12
19
10
8
8
6
14
17
10
6
8
10
15
13
15
6
8
21
9
11
15
6
10
10
8
17
6
16
12
10
2
15
10
7
11
4
6
25
10
8
17
12
21
25
17
19
32
12
19
8
29
10
25
15
21
15
12
21
14
10
19
14
15
17
11
17
21
21
11
13
15
19
4
21
25
25
14
13
21
13
17
10
21
13
19
12
17
53
8
8
17
33
33
25
8
21
27
21
19
15
27
13
23
17
14
27
17
17
15
13
20
35
13
11
36
36
13
28
15
17
37
8
15
8
21
27
13
15
10
14
29
11
18
6
20
10
13
15
19
10
21
15
15
21
13
10
10
13
15
12
9
8
13
6
19
19
17
15
15
12
14
14
15
19
22
19
28
14
8
12
10
17
17
15
24
13
10
6
8
15
12
2
15
10
29
11
12
6
10
7
12
21
9
7
15
10
13
17
9
6
23
6
10
13
15
5
11
8
13
15
7
14
11
23
12
18
18
12
23
10
16
18
10
10
12
8
43
16
12
11
14
13
18
11
18
21
11
18
18
14
26
12
10
18
10
14
16
8
12
37
19
12
14
8
27
8
18
14
12
8
14
16
12
16
20
25
14
11
27
13
21
10
23
27
21
13
23
10
15
14
17
14
13
13
23
13
17
11
16
17
13
19
21
14
14
23
10
6
9
18
18
12
47
15
21
17
14
12
14
17
11
14
13
20
23
13
10
15
20
14
12
15
21
14
17
8
4
14
20
17
16
12
13
18
13
14
17
14
18
12
15
11
15
16
19
16
15
8
14
12
16
18
13
14
10
14
10
16
15
12
23
16
11
15
14
17
16
23
13
21
13
6
15
12
14
17
23
23
23
18
13
21
17
19
18
23
17
20
19
14
14
15
19
19
20
19
18
23
15
29
25
15
14
21
15
21
16
14
18
19
17
21
14
12
17
20
17
12
31
19
16
16
10
12
16
17
27
20
16
13
18
10
14
14
21
12
19
12
10
16
13
14
4
12
8
15
12
7
15
14
6
12
10
8
11
12
13
10
19
12
12
8
8
16
14
8
16
17
8
12
4
13
12
8
11
6
25
10
4
6
6
4
2
17
12
29
11
12
12
6
8
6
6
10
13
18
12
8
15
