12
12
10
6
8
16
16
10
8
8
8
20
4
10
12
8
6
18
12
6
6
10
14
12
8
12
2
10
8
4
6
10
16
12
8
10
10
16
14
10
4
6
6
14
12
8
10
18
14
14
6
8
6
12
16
6
12
14
6
10
6
8
2
10
6
6
8
8
8
16
8
6
10
8
12
14
8
8
8
12
10
12
14
19
63
12
10
10
14
16
10
10
2
6
8
8
4
43
14
12
6
12
6
14
2
10
8
8
12
14
12
10
8
14
6
12
10
8
14
8
19
14
16
8
14
20
12
16
14
18
12
6
14
10
18
12
14
21
12
8
12
12
8
10
20
23
12
10
8
16
14
4
16
14
10
18
12
4
18
12
12
8
12
14
10
8
12
12
12
10
14
17
10
14
12
8
12
10
8
16
14
16
16
14
12
10
16
10
8
18
18
14
12
16
14
20
16
18
12
20
8
6
16
10
14
39
20
12
10
10
8
12
16
10
12
8
12
14
10
12
12
10
8
10
4
6
6
12
10
18
12
21
6
16
8
12
16
6
14
12
17
10
10
14
16
6
4
14
6
8
6
18
10
8
14
8
4
14
6
12
10
8
12
8
12
10
8
10
10
41
4
6
6
8
8
10
10
6
8
10
8
10
6
8
6
10
12
4
0
43
12
10
10
8
14
8
12
8
6
8
8
10
14
10
10
6
6
10
6
10
8
14
8
16
8
10
12
12
12
12
6
10
12
16
10
10
6
8
6
10
8
8
8
4
12
18
14
10
8
8
6
6
8
8
12
10
12
6
6
10
12
14
29
10
8
10
14
20
6
14
39
6
6
16
16
14
6
6
2
12
6
10
12
8
8
6
10
10
12
12
10
8
14
12
16
14
8
8
12
14
10
16
10
10
16
10
10
8
22
16
14
8
6
12
20
4
16
10
8
14
16
10
14
12
18
25
14
14
14
12
18
10
10
10
8
10
12
14
18
18
14
14
10
12
10
8
10
14
10
10
18
16
16
6
18
8
4
20
14
16
10
10
20
8
12
12
45
14
6
21
8
10
10
14
8
12
14
8
16
10
14
12
6
8
8
12
12
8
8
4
10
6
6
10
8
18
8
12
14
16
10
14
16
10
10
16
12
10
16
8
14
6
16
14
8
10
12
10
12
6
4
8
12
10
12
16
4
16
16
10
14
6
10
10
18
6
8
12
12
6
8
19
8
6
12
8
10
12
10
10
12
8
10
12
16
8
12
10
16
14
10
10
10
10
12
10
6
16
6
10
10
8
14
8
10
8
4
12
10
8
8
8
10
12
14
10
6
4
10
10
4
6
6
10
10
4
4
8
6
4
6
8
10
12
8
6
12
8
12
8
6
10
10
4
10
16
12
14
10
10
10
6
8
12
8
10
2
10
8
6
8
8
8
8
18
8
12
10
6
14
12
10
12
8
12
10
16
14
10
20
51
12
10
12
8
18
6
8
16
8
10
18
10
16
12
20
12
12
8
12
10
10
14
16
12
14
10
8
14
8
8
16
12
10
16
14
21
20
12
10
8
12
16
16
21
8
8
16
10
10
14
6
8
16
8
21
8
16
12
8
18
43
19
14
4
8
12
14
18
8
8
10
12
25
8
18
6
16
12
6
20
12
8
20
18
20
22
16
12
16
14
10
12
16
10
6
14
14
16
18
6
8
8
8
12
16
14
6
21
18
16
10
6
16
18
8
16
8
14
8
18
8
8
14
10
10
18
18
8
20
6
14
8
8
6
10
12
12
6
16
10
4
12
6
4
14
12
20
10
10
12
18
12
8
8
10
18
14
8
16
14
10
18
8
16
8
12
6
18
10
10
8
14
10
14
14
10
14
14
6
8
12
8
20
8
10
14
12
10
12
14
6
16
12
12
10
14
18
12
10
10
16
10
14
6
6
18
4
8
14
14
8
4
12
14
6
14
12
10
10
12
12
10
12
4
8
4
4
6
12
49
6
4
10
14
10
0
12
6
6
10
4
4
8
4
10
8
2
12
4
4
2
8
4
6
6
10
8
6
8
8
6
6
8
8
8
10
6
4
6
10
8
6
10
8
8
6
2
10
8
8
6
4
6
8
4
8
14
8
10
6
10
10
8
8
6
6
10
6
2
6
8
6
6
10
4
6
6
8
8
4
8
6
10
6
16
12
6
10
6
6
4
6
8
4
12
8
8
6
6
8
8
10
14
10
10
6
8
6
6
6
10
6
8
10
12
8
6
12
4
23
6
10
14
8
6
12
16
10
9
8
8
8
2
64
6
14
18
16
10
8
8
12
10
10
18
10
6
8
10
12
6
10
8
10
10
12
8
12
10
6
14
16
8
8
12
18
16
6
6
6
10
4
14
12
10
10
10
8
12
6
10
14
8
4
8
8
18
10
12
4
10
6
10
10
10
10
14
14
6
10
8
8
10
4
12
12
6
4
10
6
10
10
14
10
10
10
8
4
10
8
10
8
14
12
8
18
10
8
10
4
8
8
10
12
12
12
8
6
4
8
8
12
6
6
8
8
6
6
8
8
20
8
10
8
6
6
6
4
6
12
8
6
10
4
4
8
8
10
10
6
16
10
6
6
8
8
6
4
8
10
10
14
8
12
18
12
8
16
6
16
10
12
14
10
14
6
14
6
10
12
12
12
10
16
8
12
10
10
18
14
12
18
16
2
10
16
10
12
21
12
18
14
19
8
14
20
12
8
14
12
16
16
16
20
16
6
14
16
8
10
20
10
10
6
12
12
10
11
18
16
19
10
16
16
12
8
6
14
10
12
8
12
12
14
14
8
16
10
10
12
12
6
12
10
12
10
15
21
12
16
7
14
14
16
14
20
19
16
16
18
12
16
13
17
12
10
14
14
16
8
10
10
8
10
19
18
4
14
8
21
41
4
14
10
18
8
14
21
16
10
12
17
16
10
18
12
14
21
16
10
24
18
10
14
6
16
4
16
14
6
16
16
16
8
14
19
14
18
4
18
12
10
4
18
18
12
4
10
27
2
21
10
16
12
20
14
16
6
10
21
22
12
16
14
16
12
12
14
14
10
25
4
10
16
10
16
21
18
33
27
10
14
18
8
12
8
15
8
14
14
10
8
16
10
8
10
6
16
16
10
14
12
4
10
8
12
2
10
4
14
10
10
6
10
6
6
16
18
8
16
19
8
14
8
12
8
4
10
6
14
14
8
6
18
2
18
12
12
4
16
2
6
0
6
12
2
6
8
2
8
16
2
8
4
10
8
4
8
12
