2
1
19
1
2
3
0
2
3
3
1
3
3
1
2
8
9
1
3
1
3
5
12
1
1
2
3
0
17
1
2
0
3
2
8
2
12
2
0
1
2
0
1
5
3
1
5
5
3
15
6
2
6
1
2
1
4
15
11
2
5
0
1
2
2
1
7
4
13
7
20
12
2
24
16
13
3
8
12
14
1
8
19
10
11
9
12
13
13
8
17
7
0
16
25
15
5
15
16
15
6
10
6
17
16
15
7
4
23
16
15
4
8
15
9
10
13
9
15
3
11
10
15
12
3
20
13
3
7
13
11
8
15
15
16
6
7
4
12
14
10
16
17
11
17
24
0
26
17
11
13
13
19
20
9
10
13
11
23
13
10
2
3
11
14
14
11
13
8
18
11
13
7
4
4
12
3
12
17
11
7
22
12
16
15
17
20
4
12
6
17
17
8
1
18
11
18
12
10
8
11
7
20
15
20
8
15
12
18
13
6
12
4
4
16
23
12
21
13
2
20
23
9
12
17
15
15
20
19
13
15
7
19
20
11
4
16
4
12
17
14
4
4
14
11
15
13
12
3
25
15
17
12
7
9
11
6
15
13
11
14
3
6
11
13
21
10
9
13
21
10
12
10
16
18
15
12
22
4
9
8
15
11
11
7
21
11
13
11
4
12
16
20
20
5
15
18
19
20
4
26
17
3
17
14
6
12
23
11
19
15
12
5
12
19
17
9
14
7
20
9
11
15
19
12
18
12
3
14
18
23
18
5
19
16
24
29
16
6
19
17
16
14
4
15
3
31
22
19
9
21
12
17
16
3
4
15
24
8
16
19
6
24
20
17
5
14
16
15
19
3
5
14
20
14
17
4
11
9
17
14
15
4
16
13
11
10
16
17
13
15
13
12
5
18
6
13
3
19
22
20
13
14
13
15
16
14
29
15
16
12
22
19
15
3
14
16
21
12
15
21
15
13
18
26
5
15
17
21
32
13
15
24
9
16
20
2
11
7
18
19
2
2
19
19
15
11
5
4
13
20
17
11
4
11
4
16
24
16
24
9
14
21
14
11
10
11
12
16
14
8
8
17
12
16
13
16
10
9
11
17
12
18
20
12
3
19
5
18
10
11
14
4
21
16
17
6
12
12
15
11
23
12
11
12
11
24
4
16
7
5
9
10
15
6
14
8
23
11
15
8
15
11
10
8
19
15
12
16
5
8
8
20
13
10
9
12
10
17
10
8
14
16
21
16
18
15
7
20
11
16
18
19
16
15
17
7
17
9
7
14
17
16
24
9
7
4
14
14
24
12
2
3
4
18
11
15
15
23
3
11
21
20
9
4
24
16
29
26
4
12
23
21
12
19
16
23
19
4
11
12
18
15
18
3
16
12
19
17
4
4
13
23
18
3
21
26
17
18
9
15
34
19
9
13
7
13
25
13
14
22
5
20
10
11
5
15
13
8
14
16
14
18
9
16
32
13
22
18
29
33
25
23
16
4
15
7
35
20
22
12
3
22
15
26
18
8
12
16
33
3
23
19
5
8
5
17
17
25
2
17
16
22
18
16
26
17
25
18
6
6
21
14
30
14
14
10
19
14
11
9
21
11
18
13
30
28
3
16
22
29
15
8
1
4
6
22
14
24
20
24
20
24
18
12
17
18
20
26
19
7
16
21
15
4
18
4
24
12
6
11
13
15
9
1
9
22
22
9
6
10
20
20
11
8
16
15
24
13
11
13
23
15
13
11
8
26
20
2
3
23
29
3
16
12
12
12
35
15
19
4
2
15
12
24
21
17
18
19
9
22
23
23
31
20
4
3
16
14
18
7
8
30
13
13
14
14
6
19
9
14
16
14
11
16
17
11
15
3
16
26
17
9
18
10
20
15
5
19
24
20
13
3
17
12
26
13
36
18
20
16
23
12
15
14
27
14
2
28
53
17
1
22
24
24
16
13
20
8
21
6
4
28
4
21
19
30
18
29
5
21
17
24
16
20
17
26
8
12
14
11
20
24
30
14
28
22
17
16
21
9
33
1
24
10
17
18
35
15
23
47
3
19
20
22
18
21
25
29
34
18
18
17
27
12
12
33
26
24
9
30
7
13
21
21
10
5
9
23
22
31
18
24
31
15
4
20
23
27
18
5
24
22
25
15
28
31
19
19
21
28
4
9
28
22
12
25
16
18
18
4
25
31
18
26
20
19
34
23
31
9
28
18
19
2
26
19
19
18
28
17
12
20
18
9
6
16
22
23
24
3
13
12
41
5
15
19
29
25
13
16
33
28
26
20
33
19
13
18
29
19
12
21
14
25
16
10
8
24
25
25
19
16
24
21
25
28
19
18
25
3
11
27
5
9
9
18
23
16
14
16
25
4
10
22
23
24
20
27
27
23
4
14
23
27
19
13
12
20
15
1
15
20
18
2
9
14
22
3
0
19
27
27
15
20
23
27
30
11
9
19
22
23
10
32
33
23
40
16
7
4
1
9
21
20
24
29
5
26
14
4
28
14
13
5
9
21
22
18
38
5
22
2
4
24
7
6
20
26
25
45
22
27
17
14
34
15
17
26
19
30
19
24
19
25
11
20
29
24
17
14
26
23
27
29
18
21
35
25
4
7
5
34
25
12
6
17
24
25
30
21
22
22
28
8
19
28
38
5
4
7
28
17
29
12
30
22
42
26
28
24
23
28
11
29
60
6
3
26
19
12
6
19
31
17
28
19
2
28
12
33
20
30
41
9
23
31
28
22
19
29
29
24
24
26
8
20
42
5
18
23
38
20
13
30
18
29
25
41
24
27
23
24
36
17
20
19
20
13
19
28
23
20
17
10
16
22
24
23
19
12
23
18
23
17
30
16
8
19
16
15
27
30
17
21
6
10
22
27
19
21
15
30
17
6
6
33
23
4
16
16
25
2
16
2
16
25
35
9
10
8
35
5
30
14
6
16
13
22
18
25
19
21
29
20
21
26
13
23
27
13
14
35
22
22
2
12
29
20
1
2
13
28
20
17
33
27
24
34
35
23
14
40
16
22
20
4
30
32
18
18
38
19
16
13
2
22
23
38
21
21
27
29
27
21
12
20
14
22
22
24
12
5
25
26
42
13
12
14
12
22
24
14
36
25
13
27
22
19
17
26
24
31
32
6
16
30
9
23
34
22
13
15
7
34
29
27
19
31
21
22
40
22
25
34
11
46
37
31
39
20
17
21
25
12
4
15
23
22
20
21
21
20
18
4
40
23
28
1
18
47
12
15
14
18
24
20
32
15
6
