18
20
14
15
29
18
25
15
11
16
13
21
18
24
8
14
26
19
23
34
10
39
17
30
31
23
21
23
18
23
22
26
18
19
35
30
27
27
28
22
22
21
20
9
13
18
25
17
29
30
21
26
32
24
29
39
24
15
19
35
46
26
27
21
34
24
22
32
38
19
39
31
41
25
36
55
20
36
26
45
24
32
25
18
36
3
7
9
49
57
16
27
25
27
27
24
18
34
31
35
34
27
31
19
23
19
26
26
18
26
42
32
48
23
25
19
24
37
37
30
25
24
31
31
40
26
28
36
25
26
27
29
31
8
26
7
27
42
30
34
38
30
18
31
20
31
33
26
28
26
32
32
23
21
20
25
24
31
29
35
41
22
15
23
27
37
18
34
47
7
11
16
23
31
20
16
34
25
18
12
34
14
12
17
12
14
25
17
14
23
25
16
21
31
17
7
18
14
19
20
9
10
24
8
16
46
6
46
20
21
14
19
9
17
9
8
24
19
11
13
30
9
11
16
19
14
10
21
20
13
13
20
10
7
31
17
21
17
24
26
29
17
31
14
13
18
31
24
28
12
17
30
11
21
31
13
24
23
35
16
18
21
31
32
34
22
20
29
34
10
26
11
20
18
19
19
19
21
31
21
41
24
18
21
24
27
16
13
15
8
28
14
14
18
20
14
6
9
14
12
12
25
15
15
18
21
13
23
13
11
24
27
24
24
10
17
21
17
10
25
13
20
17
19
20
46
25
17
14
24
14
21
38
12
11
17
27
32
14
22
15
26
28
27
16
4
29
29
23
26
17
25
33
16
17
20
17
18
21
13
33
19
30
33
62
37
21
23
20
26
37
16
17
30
15
26
37
33
16
21
33
39
18
40
33
19
32
32
33
30
35
39
24
26
25
14
25
25
19
33
41
26
45
32
22
23
33
18
22
29
21
24
22
17
24
24
33
39
30
27
40
30
23
14
24
24
22
20
36
21
31
14
17
35
32
21
18
25
29
18
14
22
24
11
9
11
14
13
11
16
7
15
12
18
25
25
15
7
16
13
20
12
6
17
19
21
9
7
17
13
20
11
38
8
4
11
11
24
23
21
11
13
15
14
7
9
10
17
16
17
9
10
15
5
17
22
11
22
16
13
30
18
10
25
26
15
17
34
14
14
16
7
5
16
15
15
14
11
13
26
13
11
5
13
15
5
7
7
18
20
26
16
28
19
18
12
17
14
27
20
5
17
19
28
34
20
18
22
18
19
18
9
19
24
11
36
19
13
19
22
21
37
26
17
16
32
5
23
26
39
44
10
9
16
26
15
13
14
16
17
33
10
15
15
15
22
9
14
12
21
13
9
21
15
11
22
19
13
19
12
11
8
13
11
13
10
13
20
29
20
14
30
20
16
5
23
18
27
13
40
30
14
19
12
11
30
16
19
15
16
8
8
19
17
12
19
13
28
14
12
19
23
19
15
15
21
34
27
7
20
29
13
28
14
11
16
14
16
28
19
23
8
3
11
26
28
29
13
18
18
25
17
26
19
33
30
20
17
27
28
23
14
30
15
17
21
18
17
32
17
15
19
19
38
18
25
21
41
25
34
20
23
17
23
21
21
31
17
11
15
22
20
14
20
29
39
14
29
40
21
28
37
37
24
30
15
34
32
36
26
38
30
26
27
32
14
18
11
24
40
53
20
30
26
38
20
21
30
19
31
24
39
26
25
24
22
27
36
24
43
21
16
45
34
32
19
24
26
31
35
23
29
17
38
12
40
17
15
25
15
12
19
25
17
28
17
33
44
18
8
20
12
17
7
19
29
17
15
19
27
9
12
33
16
32
9
23
29
13
22
27
23
11
15
10
38
29
21
23
16
33
19
18
18
15
25
31
16
16
25
32
24
24
23
17
27
28
16
24
12
0
7
8
9
31
22
26
20
12
17
12
26
14
11
22
14
19
13
15
22
20
32
15
13
10
21
14
16
19
8
21
9
6
10
13
15
10
20
13
17
18
13
14
15
14
10
26
14
22
10
30
16
10
10
14
8
11
22
18
6
14
16
6
12
33
21
16
13
37
7
16
18
12
9
11
25
21
25
13
13
21
19
18
16
13
25
20
11
23
11
15
5
15
28
24
27
15
20
9
16
17
22
12
16
14
11
21
13
5
29
11
13
9
15
21
33
15
21
10
16
10
14
6
13
8
17
17
13
17
17
21
18
18
13
25
23
11
13
37
21
17
20
17
22
18
14
26
22
29
13
24
18
23
19
28
34
22
39
35
5
9
16
13
19
12
7
28
36
16
34
27
43
32
29
31
24
28
16
29
35
31
27
24
22
35
17
26
19
9
20
37
22
26
27
20
17
15
19
19
12
33
34
41
29
22
31
22
39
35
5
12
26
20
15
33
22
11
36
28
28
23
41
22
42
20
23
33
19
27
38
32
13
35
32
14
23
13
27
24
25
8
25
9
20
17
29
25
38
23
19
10
20
22
23
23
14
11
17
20
13
9
16
15
19
14
17
12
19
28
15
7
32
18
10
16
13
16
14
25
14
24
9
4
3
15
12
11
10
17
12
9
15
16
7
11
20
13
21
18
15
0
17
8
27
24
18
14
18
12
10
15
21
13
15
24
21
13
14
26
12
31
30
21
18
34
11
11
13
11
20
13
25
15
7
9
14
7
13
10
5
9
10
18
9
22
5
16
13
25
4
19
48
20
11
13
9
17
0
13
7
16
19
7
14
11
9
19
11
13
9
11
7
17
19
13
11
10
19
7
16
13
11
18
21
14
11
8
13
11
24
14
31
21
17
28
27
14
17
11
21
20
15
4
11
7
8
11
27
14
17
16
11
14
13
19
13
24
16
35
16
18
22
22
14
17
17
8
13
11
28
14
26
16
15
21
16
23
11
15
10
21
16
30
17
20
18
20
31
20
14
18
19
34
20
22
29
18
19
19
32
27
29
36
12
29
17
20
19
13
20
24
16
25
19
20
28
23
16
22
23
19
14
18
20
19
11
28
34
23
13
19
35
21
44
20
15
17
18
15
17
13
17
9
9
13
15
23
19
23
14
13
21
15
22
13
22
22
20
23
13
18
16
17
20
28
13
26
20
14
24
17
14
32
11
11
14
21
8
9
7
14
15
12
12
15
13
9
17
20
12
9
20
11
18
9
26
17
18
14
14
5
13
22
13
24
8
5
10
9
4
5
4
7
7
9
8
12
8
4
2
6
7
3
5
2
5
4
9
0
5
13
7
8
2
7
10
5
4
17
2
