21
12
10
20
10
14
8
16
25
12
14
17
8
12
4
6
21
16
12
8
8
16
12
8
8
10
4
4
4
10
17
10
4
9
8
12
6
14
4
8
6
6
6
16
12
16
4
18
14
17
12
2
8
4
8
10
6
6
8
14
8
12
6
6
10
17
8
10
8
10
15
18
4
10
15
6
14
4
16
6
12
14
12
10
12
8
4
6
6
14
9
4
10
16
12
8
8
10
18
41
12
6
14
16
8
8
11
15
12
19
6
10
6
8
6
21
8
10
10
17
10
4
10
29
6
10
19
15
16
6
21
17
12
12
8
8
12
6
8
8
19
10
13
29
12
12
8
22
14
6
17
17
10
6
27
17
13
17
6
12
14
21
10
14
29
13
8
25
19
4
14
15
21
8
14
14
10
8
12
15
8
18
11
31
8
10
27
19
9
17
17
11
8
8
13
14
4
14
6
12
10
10
10
21
11
9
17
15
8
10
8
17
11
16
12
19
15
10
6
14
13
17
12
8
10
8
14
14
15
10
16
17
8
18
14
10
21
16
6
15
8
10
12
25
10
10
16
19
12
6
10
12
13
12
10
8
8
14
14
17
8
16
17
17
14
8
21
10
8
10
15
4
8
11
8
14
21
16
8
16
10
6
8
10
8
10
10
8
11
13
4
13
6
6
8
14
17
6
17
8
0
8
8
12
8
10
13
11
4
6
10
12
8
2
6
15
6
6
12
12
4
10
12
10
8
14
4
18
6
12
8
10
6
12
15
8
10
60
15
17
14
13
20
6
29
8
10
8
14
12
17
8
10
6
4
9
11
13
16
8
6
8
14
12
12
15
29
8
7
12
6
10
8
11
14
12
10
10
16
6
17
12
12
13
8
15
10
9
6
6
4
11
6
9
10
17
10
14
12
8
12
12
8
10
12
16
13
10
15
14
10
21
8
25
10
17
10
10
29
4
15
23
8
10
17
6
8
4
27
11
15
17
10
25
13
17
14
17
17
8
18
19
14
23
8
23
21
33
21
21
25
29
19
19
15
27
8
19
18
8
16
17
6
10
17
31
8
12
15
18
8
17
12
12
12
14
27
16
15
27
15
10
21
25
14
12
14
21
8
16
16
25
26
18
20
10
13
8
6
6
25
15
4
21
15
16
14
8
4
8
19
14
8
6
16
8
16
17
12
14
10
23
8
10
6
12
19
8
16
8
21
10
21
16
16
8
8
8
10
6
6
12
12
10
16
6
4
6
8
9
17
10
93
6
8
12
12
12
8
12
10
14
10
8
4
8
8
14
14
6
10
10
6
8
14
14
8
21
23
10
8
12
16
12
6
12
10
17
16
17
8
15
8
6
16
10
12
8
14
11
8
8
6
6
8
6
10
33
10
6
10
19
14
8
10
14
8
18
4
2
17
12
6
6
0
10
6
14
6
13
8
4
8
8
6
12
6
2
6
8
6
6
17
21
19
14
25
6
8
10
4
11
15
8
25
10
8
10
11
14
6
12
17
10
10
4
10
12
8
4
10
20
4
13
10
14
10
6
16
19
14
18
12
4
6
27
12
12
20
6
15
14
17
12
8
14
8
9
10
6
6
10
16
20
10
10
6
13
14
4
10
14
6
8
10
16
9
6
10
11
8
9
4
8
8
21
10
8
8
8
19
17
11
6
21
8
4
8
10
8
19
12
10
6
6
4
12
15
8
8
7
8
12
8
4
12
12
14
10
4
13
21
15
10
10
10
23
19
14
16
14
6
10
13
10
17
4
15
8
23
10
4
14
8
8
8
8
6
10
4
4
8
16
8
21
8
6
8
6
8
4
14
9
4
10
4
2
8
2
16
10
10
18
12
6
4
2
12
15
4
12
8
4
8
20
4
8
8
8
12
8
12
2
2
0
6
2
6
4
2
2
4
4
2
0
0
4
4
0
4
2
2
4
0
0
10
2
6
0
2
0
4
4
0
8
4
4
10
6
6
14
2
6
4
2
2
2
0
4
2
2
8
2
6
2
12
2
0
15
6
6
4
4
6
2
0
4
12
2
8
2
6
6
10
10
2
2
6
10
4
6
6
6
0
7
8
4
4
4
6
10
6
6
6
0
12
4
5
8
4
8
8
13
4
14
4
12
8
14
4
11
20
10
6
10
6
6
14
12
27
13
8
10
10
14
10
12
48
14
12
12
19
10
12
4
6
25
19
12
14
21
14
10
20
7
12
7
8
13
8
8
12
15
6
13
14
17
8
10
12
12
18
15
15
16
17
22
15
10
12
10
12
23
14
8
16
13
33
14
10
12
16
19
14
17
21
14
14
11
16
12
23
17
13
17
6
10
25
33
35
13
4
23
23
8
16
17
15
13
8
17
12
8
17
4
19
29
11
6
29
12
19
14
10
9
6
25
17
11
12
12
4
14
10
15
10
23
18
4
21
14
16
19
25
10
10
21
18
14
6
4
14
12
10
14
8
10
16
6
12
19
8
15
12
8
21
6
11
10
8
4
6
12
17
13
10
6
14
10
14
24
6
6
8
2
21
12
6
8
8
4
4
13
4
2
4
6
8
8
2
8
10
8
8
4
12
10
2
10
8
18
4
6
2
16
8
2
14
12
4
10
6
6
8
10
10
6
13
12
8
12
11
12
12
12
17
18
4
10
15
6
14
8
6
8
8
4
8
4
15
8
12
16
8
12
8
16
8
12
14
12
4
13
14
6
8
4
6
10
8
10
8
10
21
19
14
23
10
14
10
15
9
8
19
16
4
4
23
12
11
16
15
19
14
14
19
14
14
20
8
23
10
17
8
10
14
15
10
16
6
17
12
17
23
6
10
21
23
6
10
13
12
12
11
19
10
23
21
6
25
15
17
19
6
21
25
9
8
8
8
23
23
10
6
14
15
4
25
15
17
21
8
10
4
12
8
18
8
14
9
23
27
9
6
21
18
19
19
19
10
8
8
12
19
17
16
18
23
10
27
12
15
14
8
8
19
12
10
8
13
6
13
8
27
4
18
10
9
15
17
6
16
10
21
12
19
18
27
8
15
14
23
8
10
19
10
19
6
23
15
12
19
23
8
21
10
19
16
2
23
23
6
27
17
21
21
8
17
17
8
12
11
8
23
4
19
14
21
12
12
8
6
6
19
15
12
6
10
15
15
8
4
6
12
23
2
15
8
15
6
14
8
4
13
12
13
4
8
11
4
20
12
4
4
10
10
2
10
15
13
4
2
10
4
13
17
8
4
6
8
14
14
14
6
2
11
4
14
4
6
