5
5
7
6
2
2
5
5
4
4
4
7
39
2
4
4
5
3
49
2
3
4
0
5
0
11
7
9
8
4
7
4
2
2
4
0
3
0
8
54
4
0
2
0
0
2
39
4
5
5
0
6
5
0
7
0
2
5
63
0
2
2
0
5
0
9
31
2
4
3
4
0
2
0
4
2
2
7
2
2
4
0
56
4
0
92
4
7
5
3
0
31
0
2
0
4
47
8
6
0
2
0
3
4
2
28
0
0
2
4
4
45
0
2
4
0
0
4
5
5
26
5
0
32
5
0
57
3
4
4
4
5
5
2
2
0
29
2
2
27
2
2
26
6
6
8
0
6
56
0
5
0
48
2
5
4
0
0
4
0
0
32
0
2
22
9
3
5
0
4
11
7
4
48
2
1
45
19
0
5
7
0
7
4
2
4
0
8
26
3
6
4
6
7
16
4
6
5
6
0
5
0
0
4
0
0
64
4
5
0
17
13
2
5
0
57
5
4
13
5
5
2
2
2
4
34
5
6
0
10
4
2
0
3
2
0
37
7
2
49
0
34
2
18
2
4
5
61
6
4
2
5
4
5
6
0
2
5
5
2
4
4
7
5
4
2
9
6
6
4
6
2
7
2
6
5
6
5
0
4
3
4
4
0
0
4
5
4
94
7
4
6
4
4
3
2
7
0
5
15
0
4
4
0
0
9
5
2
49
5
6
2
0
4
93
2
0
0
2
0
2
47
7
2
7
0
4
81
2
2
4
22
0
0
2
0
6
53
5
0
2
5
3
2
0
5
0
4
7
0
7
2
0
5
2
0
2
0
0
4
4
2
2
23
2
5
2
5
3
0
4
4
0
0
29
4
3
5
3
0
3
0
0
28
2
0
6
0
6
4
3
0
42
6
8
59
2
0
2
3
2
71
2
0
34
4
3
2
2
4
0
6
53
7
4
4
7
5
27
7
4
24
4
0
16
0
2
2
41
0
3
2
0
40
4
0
5
0
2
2
14
5
2
68
2
5
5
2
3
40
4
5
7
5
2
31
7
0
62
2
2
2
3
0
41
2
6
43
0
4
4
0
0
3
5
23
52
2
4
2
2
4
4
4
2
0
0
2
4
2
2
6
0
0
7
2
2
49
0
7
49
0
4
12
2
2
80
2
4
2
3
3
44
8
7
0
5
6
4
88
5
3
81
0
0
7
49
2
0
80
0
5
0
2
5
52
4
0
67
0
4
2
0
6
7
0
4
2
8
4
0
63
6
0
5
0
72
0
9
3
25
0
4
0
2
0
7
6
3
0
5
2
26
2
2
5
0
9
4
2
4
0
0
0
0
0
2
6
8
6
4
2
2
0
0
6
0
4
0
0
0
6
8
0
2
0
0
0
6
0
0
0
0
2
8
0
0
0
0
9
5
0
6
2
0
4
10
0
0
3
2
4
4
2
0
6
0
7
0
2
0
5
0
3
3
2
2
0
0
4
0
0
0
0
0
4
5
0
2
0
6
0
2
0
0
2
7
6
0
0
2
0
4
2
0
0
0
7
0
0
2
0
2
0
5
0
7
0
0
11
2
0
2
6
5
8
0
0
0
4
0
4
8
0
0
0
2
2
0
4
4
2
0
2
13
4
2
5
6
6
2
7
0
0
0
7
4
2
2
6
4
4
2
6
0
2
5
0
0
3
0
6
4
4
2
6
4
5
2
2
7
8
2
3
2
0
7
0
2
4
2
0
5
5
5
5
0
5
0
0
3
4
3
6
5
0
4
0
4
5
0
2
4
3
4
2
2
6
2
0
0
0
4
4
0
0
8
2
0
2
2
0
0
5
6
4
4
3
2
2
0
2
0
0
4
0
0
7
4
6
2
0
3
2
0
4
5
2
2
2
4
6
0
0
3
2
9
29
2
4
9
6
2
12
3
2
27
3
2
6
4
5
61
0
6
5
2
6
23
4
16
0
8
2
5
4
0
0
6
4
2
4
7
0
2
6
0
8
0
6
5
0
8
0
4
8
6
6
8
0
2
0
4
2
0
5
2
6
6
0
0
4
2
4
4
4
6
2
2
4
6
2
2
0
6
11
0
0
0
2
2
5
5
0
4
0
4
2
6
0
0
0
4
0
6
0
0
2
6
4
4
2
2
0
6
0
0
2
6
0
4
0
4
0
0
2
6
2
2
2
4
2
8
0
0
6
0
4
0
4
4
3
0
4
0
2
0
6
6
2
2
0
2
2
6
6
6
4
6
2
4
8
6
8
2
2
2
4
0
21
4
6
6
0
0
0
4
4
0
4
0
0
2
36
0
0
0
2
6
7
6
5
4
20
2
5
0
0
95
18
4
2
4
4
6
20
3
7
6
7
6
46
8
8
49
6
4
0
3
4
4
4
8
48
4
6
64
6
0
21
0
2
0
2
12
7
0
0
2
0
0
29
4
2
2
2
4
78
4
6
57
0
6
4
2
7
8
10
4
0
7
0
6
2
5
0
0
8
6
2
0
2
6
0
5
4
4
0
18
0
0
52
2
8
4
4
6
5
6
0
6
5
0
56
8
0
4
6
6
2
6
4
0
0
7
28
4
0
6
7
6
2
6
0
32
0
6
39
78
6
71
4
0
2
4
2
2
2
2
0
0
0
4
0
0
2
2
0
0
0
4
0
2
0
4
0
0
4
0
4
2
2
2
2
2
0
0
4
0
0
4
2
4
0
0
0
0
0
2
6
0
0
6
2
4
8
2
0
0
0
0
2
0
2
2
0
2
0
0
0
0
2
0
2
6
2
4
2
2
0
4
2
8
0
8
2
0
2
2
0
4
2
6
6
0
4
0
2
0
2
2
0
2
0
4
0
2
3
11
0
0
0
13
0
4
0
2
2
4
0
4
2
2
2
7
0
2
2
0
2
8
0
0
2
2
0
0
10
0
0
6
8
2
2
0
2
2
0
2
0
0
2
2
2
4
2
2
0
0
4
2
2
2
7
0
0
2
0
0
0
2
6
2
2
2
6
2
0
0
0
2
0
4
0
2
2
2
2
4
2
4
0
0
0
2
0
0
4
0
0
0
2
0
0
2
2
4
0
0
2
0
2
4
3
0
2
2
2
2
2
0
0
2
2
0
0
0
2
0
0
2
0
0
2
0
4
0
0
0
0
0
0
2
0
0
0
0
6
0
2
2
9
2
6
0
0
2
2
0
0
2
2
0
0
6
5
0
0
0
2
2
6
8
2
2
2
2
0
0
2
0
2
6
4
0
2
0
2
6
0
