21
36
15
23
11
23
32
29
39
23
15
8
16
12
17
17
18
11
33
29
2
15
27
10
14
14
13
12
25
27
25
20
19
16
35
12
31
20
33
11
47
33
30
46
94
23
49
62
48
12
27
14
41
12
23
14
8
20
32
23
37
21
52
37
31
69
31
25
21
67
15
27
14
33
10
33
41
36
49
21
43
94
10
8
15
21
45
0
70
27
12
34
30
10
13
49
13
39
4
39
14
12
2
17
15
37
10
18
23
25
12
13
40
14
35
44
12
41
47
42
15
19
10
84
27
6
8
41
21
8
0
4
12
19
12
37
18
15
33
33
8
55
10
15
14
10
17
21
17
16
52
39
48
23
31
18
27
18
29
12
47
16
23
6
0
8
12
37
8
31
41
46
12
12
33
21
23
21
56
12
51
23
63
80
55
12
11
99
27
57
29
30
33
14
70
23
14
0
59
58
59
8
40
52
14
21
52
32
66
44
37
38
45
47
35
31
38
23
13
19
47
12
18
12
10
13
21
25
72
27
29
64
29
27
39
38
43
10
33
39
35
23
0
27
33
43
19
33
53
60
29
10
42
12
17
0
25
29
39
21
33
21
37
8
8
21
37
14
14
12
8
35
16
25
29
23
16
25
34
12
29
27
52
16
31
23
16
31
69
4
14
12
10
15
14
4
10
17
15
12
14
6
12
6
25
18
14
47
37
46
10
6
10
12
25
16
14
29
23
6
16
36
2
16
29
8
27
8
29
54
17
10
12
27
15
29
14
39
25
51
25
48
62
33
42
20
8
42
14
20
35
23
39
32
33
37
6
16
37
39
57
6
12
27
9
55
45
0
33
60
26
27
36
17
37
14
47
68
68
35
41
27
38
70
35
10
16
44
25
20
21
21
18
33
25
12
36
74
31
45
23
23
23
40
10
25
0
59
16
29
16
44
27
14
17
28
90
61
17
25
23
47
19
41
35
23
35
19
42
15
10
8
56
42
19
45
49
58
72
33
57
59
38
41
51
19
18
17
31
25
10
49
48
31
79
39
68
34
55
21
47
14
46
14
62
79
27
60
23
35
17
45
25
74
44
12
25
43
23
34
58
29
76
66
59
17
36
33
46
37
75
13
23
52
21
57
49
58
70
41
70
52
21
41
41
58
10
33
47
31
15
40
45
33
53
14
19
52
50
18
12
25
33
19
25
43
37
30
15
41
40
23
39
19
40
59
29
10
23
15
47
42
17
12
39
45
37
33
14
19
26
64
95
31
20
19
16
17
12
37
31
35
39
17
17
35
12
17
6
31
12
17
42
15
25
39
2
37
12
17
21
12
27
37
36
19
16
19
0
12
12
13
8
23
21
47
10
53
8
0
6
10
4
4
41
6
16
29
25
19
16
27
2
31
23
6
23
2
9
12
10
11
19
18
17
16
12
4
21
6
10
6
12
6
10
35
2
10
10
13
46
19
13
16
19
17
18
16
8
21
10
8
8
4
17
8
29
17
25
25
8
8
8
12
29
8
37
10
19
86
8
6
8
19
37
10
4
17
21
6
10
10
29
34
33
19
6
10
12
37
15
23
8
6
29
14
21
10
10
10
19
0
10
29
15
44
29
19
16
10
16
31
10
13
12
14
12
19
86
13
14
10
43
10
27
13
37
10
31
19
27
19
59
35
54
56
17
50
21
13
36
31
25
8
15
19
0
82
34
2
11
50
18
48
94
33
50
8
35
50
23
41
41
38
14
39
31
8
14
21
39
43
15
45
35
6
19
23
15
31
13
44
2
27
29
46
29
40
49
27
26
46
10
25
12
7
41
8
10
8
15
11
48
27
39
10
31
57
10
19
41
46
8
40
53
12
8
19
10
12
67
25
11
17
9
31
27
10
41
10
19
33
16
11
42
16
12
25
10
19
14
12
31
8
12
27
19
29
58
12
10
6
17
25
21
17
27
17
51
25
15
29
28
17
21
21
29
12
29
14
8
16
18
23
14
14
23
14
8
10
33
14
8
31
16
14
20
23
14
12
14
19
16
23
16
45
12
4
16
12
37
10
8
29
16
39
12
12
16
12
14
14
4
20
18
14
6
20
19
21
10
12
6
18
10
16
4
19
12
12
14
25
6
8
16
18
14
6
4
10
6
8
23
21
23
16
10
35
33
23
12
21
16
18
18
12
8
19
25
33
12
15
14
12
13
12
18
16
18
21
16
23
12
21
12
16
21
23
35
16
14
21
23
10
10
31
10
14
19
18
19
21
18
27
27
43
14
12
6
27
23
29
14
37
31
27
8
14
6
10
18
6
21
23
21
14
41
27
19
16
19
12
16
10
19
18
15
29
15
15
24
10
25
21
23
29
43
16
25
29
16
14
41
17
25
37
11
18
31
53
25
10
21
27
27
25
12
41
12
13
23
8
25
31
31
14
10
12
35
12
10
12
12
29
29
33
15
12
16
8
16
19
12
12
6
29
14
10
4
12
19
16
16
15
16
6
25
19
20
10
19
18
16
23
10
16
10
12
10
14
16
18
10
16
8
33
10
8
8
18
16
2
2
2
4
10
6
2
4
6
4
0
2
2
2
2
2
4
2
2
4
8
0
2
4
2
4
0
4
2
6
4
27
6
10
23
27
14
6
8
6
29
16
6
8
12
18
6
16
14
10
14
2
16
10
33
8
4
4
8
21
8
14
12
14
14
8
10
10
10
6
18
8
8
8
10
6
2
20
4
8
10
4
18
12
8
10
25
21
18
10
6
23
8
8
8
8
10
6
8
14
6
18
14
8
6
14
8
8
8
23
14
14
18
12
4
6
8
4
10
8
23
10
25
4
22
23
6
6
17
8
6
25
6
16
6
23
17
14
12
12
10
6
14
8
8
6
4
8
10
21
8
19
6
14
18
4
10
6
21
12
10
8
20
27
6
23
18
33
17
16
8
21
37
10
19
31
23
33
16
12
19
18
37
21
23
18
27
25
45
39
39
20
16
12
45
12
35
14
14
17
33
16
25
45
21
10
64
8
8
29
23
20
33
27
18
10
8
14
45
14
53
20
14
23
14
10
23
27
16
12
18
21
31
21
41
31
23
39
15
23
23
16
66
27
14
8
38
19
12
18
39
43
16
10
13
16
25
8
23
12
22
10
8
6
20
14
23
18
13
12
12
12
12
8
14
8
8
10
14
10
12
10
16
18
27
6
17
16
18
20
29
14
8
14
6
14
10
14
12
10
14
6
29
10
8
23
12
14
10
12
18
15
10
10
8
14
8
14
8
