46
9
27
13
41
47
27
45
22
39
63
64
59
37
28
30
62
70
82
95
83
76
72
93
78
18
7
32
54
44
68
79
12
39
54
92
69
17
22
29
57
46
86
93
41
48
78
88
50
24
15
35
61
62
58
84
91
58
82
68
0
84
38
41
61
44
28
82
42
35
43
93
77
67
93
58
15
56
98
54
89
79
37
73
90
51
7
19
89
21
80
90
56
74
35
89
71
20
33
18
19
63
3
89
57
47
89
86
56
7
52
19
39
68
88
15
89
34
11
17
18
40
97
17
48
39
78
76
66
74
77
54
47
24
19
32
78
34
65
30
63
40
7
80
86
19
26
55
18
72
79
82
11
78
69
82
70
30
9
11
43
76
59
96
24
41
11
69
82
0
9
0
15
19
93
69
86
71
56
82
69
22
31
45
52
37
82
89
49
43
74
78
45
31
0
35
91
88
76
92
80
44
26
31
18
41
87
16
11
69
80
88
73
64
33
67
93
40
25
9
50
23
88
93
66
58
17
69
66
27
11
20
71
60
77
61
72
86
40
17
17
26
73
48
20
24
28
0
37
10
9
46
26
19
39
58
7
26
29
26
17
9
30
51
19
73
19
46
20
18
22
28
27
0
28
63
79
37
47
44
7
27
50
15
47
65
93
57
13
91
75
33
82
18
85
35
85
55
44
68
92
83
74
33
55
73
73
42
30
60
19
84
71
71
67
75
29
58
55
36
69
54
73
42
69
69
79
0
75
93
58
32
63
42
24
88
92
35
66
42
79
81
81
63
82
24
92
81
88
68
56
41
83
84
58
63
65
28
30
83
80
79
92
41
56
49
71
69
83
37
64
71
67
80
89
37
46
24
67
54
88
43
62
76
90
67
47
44
0
34
60
90
89
88
36
63
73
70
90
41
71
38
38
92
82
67
30
74
79
74
88
28
58
33
71
64
50
61
83
73
89
88
64
31
77
41
89
46
73
70
73
80
63
84
78
71
90
74
71
17
77
88
75
77
54
62
88
78
63
41
88
81
71
61
82
75
68
85
84
51
24
64
88
71
85
82
45
71
80
93
73
72
50
57
81
62
70
79
56
67
67
50
70
32
71
84
56
42
79
71
48
60
88
90
65
34
54
45
95
37
37
32
92
60
71
62
67
19
63
75
37
81
70
47
40
39
77
54
65
30
58
49
85
75
59
42
93
9
9
17
9
32
55
36
88
68
73
63
81
72
89
89
56
77
75
81
81
34
81
88
61
77
80
33
88
28
56
30
67
47
71
66
44
83
53
59
80
37
21
55
67
83
79
85
30
84
77
74
83
42
45
64
65
72
83
47
54
69
83
89
81
32
51
11
81
51
83
38
51
74
43
84
72
5
56
56
87
50
67
58
34
81
92
81
67
26
41
42
58
19
78
59
65
64
72
76
78
19
39
40
83
65
69
78
45
72
62
88
77
48
82
79
74
94
86
90
50
51
84
39
75
54
80
37
18
78
90
73
63
86
70
89
90
28
54
52
69
73
69
91
76
78
71
87
82
45
20
13
76
61
86
71
53
76
88
86
66
26
48
46
55
91
92
92
71
76
93
73
73
47
47
90
61
78
74
34
86
88
74
74
75
56
82
52
89
47
87
88
63
67
80
75
69
32
0
86
76
50
77
27
73
74
88
92
64
34
60
71
86
64
56
82
88
82
92
89
57
38
79
63
83
63
69
66
84
73
78
89
76
45
62
78
83
82
86
84
56
75
71
79
41
38
53
17
92
30
70
33
43
60
82
20
57
40
73
76
94
67
71
68
73
60
60
64
90
34
80
60
48
59
52
91
33
68
46
69
58
15
48
32
89
90
51
97
24
65
65
57
63
24
39
65
73
56
60
32
73
19
63
75
78
39
66
54
50
47
84
29
33
79
80
74
57
35
78
80
75
72
85
84
56
85
72
60
81
35
60
68
54
32
71
54
47
87
81
86
85
46
84
45
97
81
76
85
88
96
76
77
95
73
82
52
79
90
80
87
92
88
86
87
83
90
60
34
84
81
92
90
86
85
75
98
96
38
45
34
41
84
90
71
88
92
90
83
86
13
86
43
67
87
90
85
87
89
55
93
91
64
58
33
83
75
90
88
82
86
69
68
91
73
28
19
69
90
85
79
88
87
88
64
95
58
42
42
51
85
92
88
56
89
85
84
81
69
35
32
91
80
88
77
81
83
90
58
96
53
45
21
36
82
88
70
90
81
53
67
66
45
71
18
58
87
87
82
87
91
81
90
89
75
38
34
53
84
91
92
72
70
96
90
85
30
36
28
92
86
64
82
87
81
85
60
95
28
32
30
86
83
79
92
84
88
83
81
91
75
47
28
39
69
79
85
81
69
81
76
95
25
76
28
70
97
92
89
78
92
86
92
87
85
74
36
94
57
87
96
94
88
80
84
96
62
94
28
68
73
81
60
85
56
69
86
54
94
30
37
46
84
69
88
92
94
82
77
94
81
38
32
66
91
92
94
97
94
53
30
76
62
39
28
81
85
89
86
84
88
79
92
92
91
38
81
69
80
90
94
85
87
92
81
76
79
71
62
23
90
90
95
91
86
92
87
90
41
88
92
75
81
80
83
79
91
83
90
88
94
92
94
87
92
92
84
89
80
87
95
91
94
94
89
85
87
90
91
89
90
93
93
92
92
90
92
89
75
80
85
87
87
87
92
93
85
96
87
96
66
87
88
81
46
87
82
93
85
87
81
88
73
84
92
95
93
85
94
93
93
88
91
99
92
83
81
91
93
87
87
79
98
74
94
83
84
90
85
79
87
81
83
36
46
87
97
92
95
89
87
88
36
45
75
36
89
92
86
89
81
92
91
74
93
66
76
81
38
85
81
99
81
94
93
86
88
89
85
85
89
88
96
87
93
94
88
84
93
91
87
95
87
91
83
88
93
85
56
47
93
90
77
87
85
77
85
94
86
88
96
38
92
87
19
30
28
28
62
49
53
81
90
95
65
79
85
81
89
70
45
81
81
78
94
0
92
90
85
88
76
59
67
89
79
90
83
77
92
79
85
97
89
28
25
19
70
89
85
87
87
92
89
95
44
28
76
28
96
76
92
0
91
38
27
85
87
81
40
91
57
65
82
49
87
45
45
58
86
92
38
64
74
82
51
34
34
36
46
49
89
30
45
88
91
83
89
94
42
57
83
91
87
27
47
79
93
89
98
88
42
18
77
49
88
33
32
77
25
43
81
56
91
81
65
93
78
28
2
32
39
89
92
70
95
