31
9
11
7
17
17
11
11
11
11
17
9
21
7
7
5
19
5
11
15
11
21
3
9
17
9
5
11
13
9
11
15
7
9
7
9
21
13
13
13
1
7
13
11
17
13
29
21
7
5
17
17
9
21
11
13
15
13
13
3
13
5
5
17
9
7
9
17
19
7
15
9
3
5
17
3
25
11
5
5
5
15
11
9
17
11
19
9
21
15
15
13
19
25
15
17
11
9
9
17
11
23
13
15
11
19
13
19
7
17
17
15
19
11
15
15
7
13
13
7
13
9
27
11
11
25
15
9
13
13
13
25
9
17
9
17
15
23
11
7
7
19
15
13
11
7
23
23
15
15
11
15
5
13
19
9
9
11
21
27
37
15
15
9
15
5
29
9
5
13
25
25
17
25
11
27
21
11
15
21
17
15
13
13
11
19
23
17
11
9
13
17
25
13
25
11
13
19
25
17
19
11
42
29
15
33
21
15
15
19
7
23
19
15
27
17
19
29
33
25
36
27
19
24
11
29
13
11
15
23
13
35
41
21
11
13
19
13
19
23
13
29
19
9
19
31
19
17
15
11
21
15
21
11
17
13
11
15
19
9
9
11
25
9
13
13
11
25
5
15
21
17
17
11
17
9
11
23
11
17
11
7
5
15
13
17
11
11
9
11
15
3
9
9
19
7
15
9
11
7
19
35
15
15
11
9
11
11
13
7
11
15
19
11
11
15
11
11
11
21
13
9
7
9
7
7
9
13
7
7
13
13
15
17
7
9
25
21
5
13
9
13
23
7
17
7
3
15
5
21
15
25
17
15
21
11
13
17
9
9
13
5
17
13
5
19
33
11
11
3
23
19
13
11
9
9
19
29
21
25
7
21
5
7
31
25
27
15
17
29
27
19
15
11
7
17
11
11
11
11
7
23
7
9
13
9
7
27
11
9
15
25
15
9
23
15
11
19
11
11
9
11
15
19
15
15
11
23
5
21
9
7
9
9
25
7
9
26
9
7
13
9
29
23
17
17
7
25
17
7
7
15
9
13
21
17
7
9
15
1
17
17
15
3
19
15
19
13
19
5
25
15
17
13
17
13
21
15
3
31
9
7
11
23
13
19
11
17
9
19
5
5
9
15
3
15
11
21
19
17
13
13
15
13
17
7
19
15
7
15
11
19
15
13
7
15
15
5
9
7
11
17
3
29
11
11
27
29
21
17
5
19
7
13
17
17
11
17
13
7
19
7
11
5
17
7
21
13
13
17
21
13
29
9
5
11
5
19
31
7
17
11
3
9
7
17
15
11
21
17
15
19
1
27
15
21
7
7
9
5
5
7
3
11
3
15
5
17
5
5
7
7
17
11
9
15
7
5
15
9
9
5
13
7
9
3
15
3
3
7
9
11
9
5
7
21
5
13
13
11
9
13
5
7
3
13
11
9
9
17
13
21
7
13
21
5
13
21
13
13
13
13
15
5
11
7
17
11
27
25
11
9
19
13
9
5
21
9
23
13
15
21
15
15
11
15
13
3
23
21
15
19
21
5
19
13
7
7
13
5
7
9
25
34
11
7
3
27
27
19
11
15
7
23
33
19
7
13
17
23
17
7
17
11
9
11
19
15
11
9
9
5
11
13
7
9
13
7
13
3
3
5
15
3
21
3
17
1
13
11
21
15
3
9
19
11
19
27
3
15
11
17
5
13
15
11
3
13
3
11
11
15
9
5
13
9
15
5
1
11
17
17
7
11
21
25
9
15
3
5
9
11
3
0
25
17
3
21
13
3
13
19
5
27
11
21
7
21
7
21
21
19
15
23
21
21
13
23
23
17
11
11
21
19
9
11
15
19
19
9
5
17
23
15
17
7
13
13
13
7
23
11
9
17
13
9
11
7
13
13
9
5
13
19
19
7
9
15
17
3
19
15
9
21
9
15
13
21
7
11
15
3
15
17
9
13
5
9
17
7
9
9
7
11
5
15
5
17
11
11
9
13
11
9
7
7
5
7
7
13
7
19
9
7
31
13
5
5
3
11
9
7
11
3
9
27
9
11
33
9
7
9
19
19
3
25
5
13
7
5
9
7
19
7
11
5
9
7
3
11
13
11
1
19
11
9
9
23
5
7
17
13
9
17
9
11
11
9
13
7
15
13
11
7
11
11
13
13
5
11
13
9
13
5
11
5
3
21
11
9
15
9
13
13
23
5
13
15
21
5
17
17
23
17
11
15
13
19
15
9
15
15
1
11
17
11
13
7
9
17
15
9
15
7
13
13
30
21
7
13
0
9
25
15
36
11
5
19
9
7
13
13
15
11
13
15
19
15
11
15
13
17
15
7
13
11
3
23
9
13
21
13
5
7
25
11
9
9
15
15
15
17
15
21
13
7
17
21
7
9
17
15
19
23
21
26
19
15
15
5
13
13
27
11
15
13
19
13
11
17
11
9
7
21
17
13
17
13
13
17
13
19
25
21
13
11
7
17
13
13
13
7
15
15
7
19
9
23
11
17
7
15
27
17
25
25
9
13
15
9
13
23
17
13
15
25
9
25
15
13
5
17
13
21
19
23
13
13
15
25
21
5
23
19
15
15
19
24
11
9
24
35
17
11
21
23
7
9
5
9
19
11
5
11
7
11
15
15
9
9
11
17
11
11
17
11
25
29
5
9
7
9
11
9
11
9
11
7
11
7
17
25
5
23
7
11
5
7
9
9
9
5
5
9
9
11
9
19
15
9
7
13
11
9
11
7
21
11
21
13
7
9
11
11
19
7
11
9
5
5
13
5
5
9
7
7
9
7
7
9
7
34
11
1
7
11
5
11
17
19
7
11
7
5
13
9
5
15
9
11
15
5
5
15
7
5
11
11
7
9
15
17
13
9
9
5
13
11
17
9
17
11
9
9
13
19
11
19
17
11
21
27
17
7
11
21
13
7
13
3
13
9
21
19
7
11
15
7
9
13
9
13
7
17
11
5
17
5
0
13
12
7
15
13
11
31
7
7
7
3
19
25
15
15
9
11
9
21
9
21
23
5
5
9
13
21
11
19
19
5
7
11
21
13
19
17
15
3
13
9
13
11
7
13
13
15
7
9
21
7
19
44
5
15
13
19
17
3
7
11
15
21
21
9
11
17
17
5
3
3
11
11
3
17
13
5
7
13
5
5
7
23
9
11
15
21
9
7
7
3
7
1
7
7
5
9
13
13
5
11
7
3
7
15
3
3
7
5
3
3
15
5
3
9
5
7
3
5
13
13
11
17
11
5
27
7
7
11
5
13
