4
4
0
2
0
2
6
0
2
4
6
6
4
4
4
4
2
4
0
0
2
0
4
2
6
4
6
8
23
0
6
2
4
2
4
0
4
2
0
4
4
2
0
2
0
0
4
2
0
6
6
2
2
0
4
0
0
0
0
0
6
2
8
2
0
4
0
6
2
0
2
4
0
4
0
0
0
0
0
0
2
0
0
6
4
8
0
2
0
4
6
2
0
2
0
2
2
0
4
0
0
0
2
2
0
0
4
4
4
4
2
4
4
0
0
0
0
0
2
2
0
4
0
6
6
0
0
4
0
2
4
0
4
8
2
4
0
0
4
2
2
2
4
4
2
4
0
4
2
0
6
0
2
2
0
2
2
2
0
6
0
2
4
2
0
0
6
4
6
0
2
0
2
4
4
4
0
0
4
0
4
0
41
0
4
6
4
0
0
0
0
4
6
4
6
4
4
0
0
4
0
0
0
4
6
6
4
4
4
2
4
4
0
0
0
4
4
6
0
2
6
0
4
0
0
2
0
4
97
0
2
0
4
4
6
0
4
2
4
2
4
2
0
8
6
2
0
2
2
0
6
4
2
2
6
4
0
2
98
0
2
2
6
2
2
6
2
0
0
8
8
0
2
0
0
6
4
4
0
2
0
2
97
0
2
0
8
4
0
4
4
4
2
0
0
2
4
2
4
0
4
0
4
4
6
2
4
4
0
6
6
4
0
4
2
4
6
4
2
2
0
4
8
4
4
2
8
6
0
2
2
2
2
2
0
0
0
4
2
0
0
0
0
2
0
2
0
0
8
0
8
0
2
2
0
0
0
6
0
6
12
2
4
8
0
0
0
2
0
2
0
0
2
2
4
6
0
0
0
0
0
4
0
4
2
0
0
0
0
2
6
0
2
0
2
6
0
6
4
0
2
8
0
2
0
4
0
0
0
4
6
0
4
6
0
2
2
0
2
0
4
2
0
6
2
0
10
4
2
0
6
6
2
6
4
2
4
4
0
2
4
97
4
2
2
2
2
97
4
4
0
0
0
0
0
0
2
2
0
0
8
0
6
0
2
6
0
4
0
81
4
0
0
4
2
0
2
4
2
0
2
4
6
4
6
0
2
0
2
97
0
4
35
2
4
77
4
6
2
0
2
0
4
4
4
0
2
4
93
4
4
4
2
0
0
6
4
0
8
0
2
0
4
0
2
6
2
2
2
0
4
2
0
2
6
2
0
0
4
0
4
2
4
4
0
0
0
6
2
6
6
2
0
0
0
0
0
6
2
4
2
2
4
2
0
4
0
4
8
6
0
2
2
6
4
4
0
0
2
4
4
2
0
0
4
0
0
2
4
0
0
6
4
2
2
8
0
4
0
0
0
2
0
0
0
0
2
0
2
0
0
0
0
0
4
2
2
2
2
6
4
0
2
0
0
2
2
0
2
0
0
0
0
2
0
2
2
0
0
0
2
2
0
0
0
2
2
0
0
0
2
2
0
2
0
0
0
2
2
2
0
2
2
0
0
4
2
30
2
0
2
2
2
2
0
2
0
2
2
4
2
2
0
2
2
0
2
2
0
2
2
2
2
6
2
2
0
2
0
0
2
2
2
4
2
0
0
0
2
2
0
0
0
0
0
2
0
0
0
0
0
2
0
0
2
4
0
0
0
2
0
0
0
0
2
2
0
0
0
32
2
2
0
2
0
2
2
0
0
0
0
0
4
2
2
2
2
0
0
2
4
0
4
2
2
4
0
0
0
0
4
2
0
2
2
0
2
0
0
0
2
0
0
0
0
2
2
0
0
0
2
0
2
2
0
2
6
2
67
2
0
0
0
0
0
2
2
0
2
2
0
2
2
0
0
4
0
2
0
0
4
0
2
2
2
2
4
2
0
2
2
0
2
0
0
0
0
0
2
4
2
2
0
2
2
0
2
2
2
2
0
0
2
0
0
2
0
2
4
2
2
4
2
0
2
6
6
0
0
4
4
6
2
0
4
10
4
8
0
4
4
4
8
6
0
6
2
4
4
10
4
4
0
6
0
2
4
2
2
0
2
4
4
2
4
4
8
0
0
6
0
4
0
2
4
0
0
0
4
2
0
0
0
6
8
6
0
0
0
2
0
2
0
0
2
4
0
8
4
2
0
0
0
2
2
0
2
2
0
0
4
0
0
0
0
4
2
0
0
8
2
6
2
2
0
2
0
0
0
0
2
0
0
2
0
0
0
0
0
4
0
0
2
2
4
8
6
0
4
0
2
4
2
0
0
6
6
2
4
0
6
4
2
0
2
0
4
4
4
6
6
4
4
6
4
10
2
2
8
4
6
2
73
2
6
2
2
0
2
2
2
4
4
0
0
0
6
0
4
4
0
2
4
0
4
6
4
0
0
4
0
0
2
2
6
6
6
0
0
2
4
4
2
0
0
2
4
0
0
4
4
0
4
6
4
0
0
2
4
2
0
0
0
4
2
4
0
0
4
2
0
4
4
6
0
4
6
4
68
2
6
2
2
2
82
4
6
0
8
6
10
51
2
0
0
4
0
4
4
6
0
6
4
2
0
0
4
6
94
8
4
4
2
0
4
4
2
4
4
6
91
0
6
4
6
6
2
0
68
2
2
4
4
0
8
2
0
4
2
0
2
0
83
2
2
0
2
0
0
8
12
2
0
4
2
2
0
2
72
2
0
2
0
23
4
2
2
0
0
0
0
0
2
2
2
0
0
6
2
6
0
0
0
4
2
4
0
2
0
0
0
0
0
4
6
2
2
0
0
0
2
6
0
4
4
0
0
4
0
6
0
4
0
2
2
0
0
2
0
0
4
2
0
0
0
2
2
0
0
0
0
4
0
2
0
4
0
0
2
4
2
0
2
0
0
27
0
2
0
2
4
0
76
0
0
2
2
2
0
2
46
0
2
0
4
0
0
2
0
0
4
2
0
2
0
4
0
0
0
2
4
0
0
4
0
0
6
2
0
2
0
0
4
0
2
2
2
2
0
6
0
2
0
0
2
2
4
0
0
4
4
0
2
2
4
2
0
2
0
0
2
2
2
0
0
0
0
8
6
2
0
2
0
54
2
2
4
6
0
4
0
2
4
0
8
4
4
2
2
2
0
2
2
0
0
8
0
0
0
2
0
0
2
0
0
0
2
2
0
4
0
2
0
6
58
0
2
2
4
65
2
0
2
2
2
2
76
0
6
0
4
2
2
0
4
6
0
2
4
2
2
93
4
4
0
6
0
2
2
0
2
4
39
4
0
0
0
2
2
0
