36
42
21
47
38
34
30
32
25
26
25
58
52
49
67
51
43
27
23
28
34
37
26
32
50
47
82
32
51
25
23
23
28
27
49
82
59
54
26
42
37
23
31
29
28
27
22
21
24
36
27
19
86
24
21
23
28
26
45
65
36
54
27
63
19
35
23
30
24
31
21
29
56
48
30
65
57
30
30
26
24
28
33
30
47
44
25
37
80
26
28
23
25
36
21
27
37
59
59
77
37
29
23
22
30
34
42
25
34
40
28
30
44
31
36
24
30
44
23
26
36
27
41
38
32
31
24
32
20
23
28
34
36
57
21
36
42
25
27
21
25
30
24
35
21
28
41
37
35
26
29
32
29
25
32
51
44
32
51
45
29
28
27
29
34
46
23
43
52
38
26
36
45
25
31
26
34
45
30
37
40
67
25
28
26
25
31
32
25
29
24
19
22
24
44
44
51
26
20
20
29
36
31
49
38
35
25
32
33
28
25
27
29
19
37
28
41
35
32
40
39
25
20
15
26
17
27
38
37
22
25
24
31
29
29
29
41
31
23
35
41
24
30
42
29
46
32
26
25
39
35
36
44
36
30
43
46
16
34
34
30
35
25
39
38
39
37
30
53
32
23
35
41
40
25
34
36
38
30
45
33
30
28
33
40
39
28
34
32
37
45
26
26
17
15
31
32
21
22
21
23
39
24
45
21
14
29
16
29
22
16
28
40
35
34
48
24
25
24
24
19
21
29
24
25
34
23
30
41
26
27
21
20
22
18
27
26
38
70
27
30
26
13
18
26
21
34
23
23
12
17
32
19
25
22
28
27
26
34
29
43
42
30
37
36
24
18
28
25
29
27
21
53
59
16
30
30
29
28
19
33
24
14
27
24
45
40
31
32
19
20
23
26
22
27
25
12
38
41
30
17
27
18
24
26
23
13
25
24
49
34
32
31
18
17
23
27
27
24
34
26
29
25
37
24
27
18
22
22
15
22
31
23
39
37
34
28
28
16
32
30
25
28
22
41
35
24
30
37
26
28
18
24
18
21
29
30
36
40
37
27
23
31
20
17
24
18
16
25
42
20
24
27
25
20
44
22
36
23
23
29
22
19
34
21
29
20
23
32
26
28
22
23
43
27
31
31
26
25
28
32
27
19
18
33
42
41
56
33
21
19
18
26
27
37
24
29
20
22
45
25
23
27
23
24
25
23
24
29
31
34
32
13
29
20
26
29
32
33
23
25
26
25
34
24
26
31
28
32
27
21
21
30
41
33
36
60
25
34
27
33
29
30
26
25
72
37
50
35
28
23
24
20
21
22
27
40
56
28
26
41
34
14
22
25
20
24
22
25
29
23
32
26
23
25
18
29
18
18
17
28
31
31
38
47
22
17
28
20
34
21
12
23
24
28
24
25
18
19
21
41
24
14
21
12
29
48
10
31
17
25
23
22
22
11
25
20
23
22
17
18
23
12
28
16
24
14
33
18
27
23
25
34
25
21
26
21
35
28
15
23
26
19
26
23
23
21
18
26
27
24
29
25
29
25
28
28
20
21
21
20
26
28
23
26
24
22
15
23
18
28
22
16
30
19
23
11
29
16
28
32
27
22
19
19
27
18
25
20
21
24
29
24
27
12
22
7
21
20
20
20
27
23
29
20
25
17
23
19
31
19
19
25
24
20
28
19
20
17
21
32
21
18
18
20
27
36
33
29
19
20
34
15
21
18
19
16
25
22
27
25
21
8
25
21
16
19
14
18
24
36
38
24
21
17
23
24
24
13
26
32
24
18
21
23
21
12
22
23
17
17
27
14
28
34
23
34
23
31
28
18
23
39
31
24
54
21
28
30
21
29
24
29
22
17
25
16
20
36
22
25
26
16
22
12
27
24
28
20
32
38
28
22
26
21
18
18
15
29
20
22
23
31
32
25
26
26
24
31
29
26
23
31
28
36
32
21
30
24
17
22
30
22
18
20
18
21
16
10
9
17
20
20
13
26
20
14
19
14
18
21
10
16
9
19
18
22
19
13
23
9
13
11
10
16
20
20
14
17
19
16
12
13
11
15
15
33
18
12
17
19
19
18
15
11
16
16
17
19
24
7
21
26
18
17
16
16
11
20
15
14
21
17
22
22
17
15
18
17
21
17
11
18
18
20
19
19
22
16
12
14
14
17
13
19
11
17
16
22
22
13
16
12
13
13
15
12
21
19
17
15
21
19
14
11
15
17
13
12
15
16
22
22
21
7
14
16
12
13
12
21
21
23
26
13
12
16
18
14
16
11
15
12
16
10
18
11
10
13
19
13
19
12
20
14
13
16
11
7
16
23
16
26
14
12
17
18
12
10
17
20
14
21
22
17
21
15
11
22
13
9
20
20
19
15
21
24
21
22
13
21
21
17
11
23
20
8
14
13
22
10
15
15
14
15
22
18
29
20
13
18
15
12
14
16
18
16
24
27
21
18
21
15
8
11
24
19
15
17
20
21
11
16
22
22
11
14
17
22
21
24
36
22
12
14
29
13
14
10
20
24
13
12
25
17
15
16
25
13
10
22
16
22
10
21
25
22
20
21
23
16
14
18
16
13
12
21
11
17
23
14
14
17
20
10
18
19
24
20
23
19
23
15
16
12
13
15
14
19
20
34
26
22
16
18
16
17
13
12
13
22
22
21
19
28
18
22
14
19
16
16
16
22
19
23
22
20
25
18
15
14
13
8
20
16
22
23
26
33
25
18
13
15
11
23
16
22
21
20
21
27
12
19
20
18
12
15
13
21
22
29
27
25
19
24
19
15
17
12
8
15
15
20
31
24
23
23
13
18
13
21
17
17
17
26
24
19
23
23
16
12
11
16
15
26
53
34
16
28
17
14
14
11
20
15
15
13
22
26
20
23
24
22
21
14
13
14
16
16
27
17
24
21
27
23
16
17
13
15
16
24
30
21
29
21
20
33
12
14
15
16
17
13
21
16
29
16
25
24
24
20
16
12
9
16
18
12
17
12
11
23
18
18
9
21
10
15
11
27
21
19
23
16
21
22
11
15
14
19
15
17
16
17
12
17
21
26
19
9
13
19
12
16
20
24
19
13
11
13
15
14
13
30
19
12
16
28
16
13
20
25
16
16
10
15
11
10
23
18
15
22
23
13
12
27
19
16
11
24
16
29
16
21
20
11
12
25
22
16
12
20
18
18
10
16
12
14
23
17
18
27
17
16
16
19
11
15
21
13
13
19
19
23
11
17
15
20
26
15
19
18
15
16
16
12
15
25
20
20
25
