86
43
10
55
73
55
65
54
84
25
61
57
80
2
6
55
4
77
59
44
4
32
59
10
65
63
8
63
6
41
86
56
28
6
61
54
44
48
55
6
59
89
59
30
4
93
26
48
59
8
86
60
19
47
4
55
54
26
2
4
51
63
8
59
8
61
58
56
6
80
50
85
93
50
56
8
52
8
51
72
6
78
72
8
51
61
4
55
6
48
84
6
58
4
71
88
47
42
55
6
83
10
56
4
8
65
51
52
52
4
8
53
27
43
53
88
45
8
54
54
59
51
48
37
8
53
51
10
28
6
69
51
84
59
12
85
80
55
8
46
40
56
59
60
57
64
4
32
59
4
59
48
28
26
59
2
58
49
4
4
4
47
4
34
48
8
49
59
38
4
77
54
16
47
4
4
8
4
6
61
2
25
58
6
6
6
10
10
4
10
42
79
41
4
18
53
31
57
57
85
8
43
59
36
86
79
6
38
48
4
54
84
30
28
53
51
54
4
65
6
55
67
32
2
6
61
21
4
20
2
8
6
4
2
6
6
4
0
2
6
2
0
67
2
4
0
35
2
8
4
4
6
57
4
4
69
8
41
2
6
6
35
6
4
36
2
8
6
8
2
2
2
8
6
4
0
4
2
4
4
4
0
2
2
6
4
2
8
63
58
66
58
6
8
28
4
56
4
71
58
51
55
52
59
71
34
95
33
50
6
49
0
53
83
55
6
57
2
83
32
28
36
55
56
59
56
60
59
30
2
56
51
71
6
38
32
51
0
59
63
8
94
62
49
4
6
75
6
52
52
63
86
56
54
84
57
6
51
8
2
91
89
56
6
76
60
6
55
80
71
54
82
62
57
89
60
8
36
49
42
77
83
59
63
80
57
10
8
8
49
55
0
4
4
59
55
58
51
58
83
57
89
40
67
10
52
51
67
83
81
88
0
60
12
53
59
6
6
47
6
44
83
50
55
43
8
60
4
57
66
69
54
60
83
79
10
30
6
2
6
63
74
60
54
53
87
6
87
50
55
59
48
0
4
51
53
6
64
90
10
48
50
46
6
52
41
56
2
62
8
44
80
48
48
6
2
53
64
56
53
6
54
83
4
49
65
6
4
77
51
8
6
41
60
4
61
8
31
6
33
69
6
8
48
88
53
51
57
4
58
19
75
86
4
78
57
58
39
55
56
6
53
6
6
28
74
58
28
42
6
69
58
57
4
2
57
53
10
40
53
79
14
55
6
8
6
4
59
77
4
57
70
64
45
57
57
32
17
77
76
25
73
6
51
85
56
55
49
61
59
28
54
66
4
54
58
0
4
8
89
5
4
29
53
8
8
8
6
75
6
8
92
69
90
8
75
58
8
6
92
8
4
57
10
10
81
10
12
6
2
52
93
89
8
77
87
12
91
6
92
82
6
8
4
8
6
84
8
77
6
6
75
51
4
92
4
2
87
10
87
57
12
84
89
40
8
89
10
75
6
8
6
32
0
6
6
6
8
91
4
10
6
92
6
4
84
6
4
28
4
8
38
4
6
10
8
4
10
10
6
6
2
10
8
65
4
81
94
2
6
8
4
4
6
89
10
83
10
8
4
14
21
17
59
2
8
12
8
6
92
32
81
6
10
10
83
14
6
6
8
6
6
67
92
54
4
10
8
8
2
6
85
10
12
6
78
8
4
55
67
37
4
77
10
4
65
90
10
10
83
59
60
8
2
41
78
51
14
6
2
60
77
4
4
2
4
45
87
6
6
85
77
69
8
6
10
6
8
8
78
2
12
90
6
6
8
6
56
26
6
8
8
25
67
12
11
10
44
87
71
4
10
6
85
56
59
92
61
6
6
2
52
90
8
63
57
10
8
6
55
92
0
10
44
8
53
89
55
60
57
63
70
6
95
2
71
61
2
4
16
54
62
85
55
85
95
81
81
6
33
2
93
52
86
55
42
2
8
91
47
4
2
89
88
4
6
43
8
9
4
6
2
2
6
4
4
6
6
0
8
6
6
6
0
6
6
4
6
2
2
6
87
4
4
6
6
4
6
4
6
4
0
8
10
6
2
4
2
4
0
4
2
6
0
2
2
6
6
4
0
6
2
6
6
4
4
2
6
2
2
2
0
0
4
4
4
0
2
2
6
8
0
0
2
6
5
0
10
0
4
6
4
9
0
8
4
4
6
6
4
2
0
6
2
0
2
4
6
2
6
10
2
4
2
4
4
6
0
4
4
4
11
0
2
0
4
6
6
0
2
4
4
4
10
4
4
8
6
6
2
6
6
2
2
4
0
4
39
0
6
4
2
4
0
7
2
4
6
8
6
2
4
8
20
8
5
0
8
6
4
4
2
2
8
8
66
15
6
6
6
2
8
76
10
8
4
2
6
2
8
2
2
4
89
4
85
2
8
6
4
4
12
2
40
4
4
2
2
6
8
8
2
0
2
2
8
53
6
6
6
83
82
6
8
2
2
6
0
4
2
4
4
6
6
2
8
0
4
4
6
2
6
45
4
8
4
4
2
2
2
6
8
2
65
2
10
6
0
8
0
8
4
4
2
26
6
4
4
4
4
0
2
40
4
9
13
86
8
6
0
51
6
4
6
4
2
8
2
8
77
6
4
4
6
4
2
0
6
7
0
2
4
0
2
2
4
6
2
0
2
4
4
2
2
0
2
2
2
2
2
4
2
2
2
4
4
6
10
2
2
2
69
6
2
2
4
2
2
4
12
57
6
4
4
2
4
2
2
64
0
2
6
6
6
0
0
2
40
2
8
54
0
4
66
4
2
4
4
2
6
2
4
0
2
8
6
2
4
0
4
32
6
4
4
2
0
39
2
6
4
0
2
2
4
2
4
2
2
6
4
2
2
4
2
6
31
4
2
2
2
0
2
2
2
0
5
2
2
2
0
0
2
4
4
8
6
0
4
4
6
2
6
4
2
36
2
4
4
2
6
4
4
0
4
0
6
4
6
4
6
6
2
8
4
4
2
38
4
4
6
2
0
4
9
4
4
0
2
7
2
2
8
4
2
6
6
4
4
2
0
10
33
4
4
4
4
6
4
6
2
2
4
33
4
8
34
12
4
4
2
2
2
2
12
2
4
4
6
0
56
4
4
7
2
4
30
8
2
2
2
2
2
4
0
6
4
31
2
2
2
2
24
0
4
2
2
2
0
2
0
4
7
4
2
9
6
4
2
6
6
4
6
2
36
4
2
4
0
2
32
10
0
2
2
58
0
6
6
4
2
5
36
2
2
21
6
3
2
11
2
