4
1
0
1
0
1
2
3
21
24
40
47
41
32
32
25
46
28
25
32
25
36
33
48
66
28
22
26
19
39
40
38
17
21
25
22
26
39
27
25
24
28
20
30
45
31
26
21
4
22
24
41
51
20
24
37
26
17
44
28
30
18
25
21
1
21
23
38
32
38
23
18
18
28
20
29
32
1
16
18
18
18
48
41
17
17
0
0
0
0
0
0
0
0
0
0
0
0
0
0
0
0
0
0
0
0
0
0
0
0
0
0
0
0
0
0
0
0
0
0
0
0
0
0
0
0
0
0
0
0
0
0
0
0
0
0
0
0
0
0
0
0
0
0
0
0
0
0
0
0
0
0
0
0
0
0
0
0
0
0
0
0
0
0
0
0
0
0
0
0
0
0
0
0
0
0
0
0
0
0
0
0
0
0
0
0
0
0
0
0
0
0
0
0
0
0
0
0
0
0
0
0
0
0
0
0
0
0
0
0
52
33
32
35
28
42
38
38
20
15
27
38
9
16
20
33
1
22
0
4
1
3
31
16
23
17
20
27
17
30
53
21
32
24
31
27
39
20
29
22
18
29
15
21
25
20
26
0
25
31
31
40
36
35
28
1
1
0
41
16
19
7
11
33
39
19
33
21
32
19
24
27
37
49
32
22
28
20
27
14
6
24
27
17
17
30
18
34
20
0
17
18
19
27
25
1
14
15
10
33
39
18
23
32
23
30
20
24
14
24
32
27
29
13
15
19
37
18
20
16
27
32
17
15
42
7
27
12
13
18
18
13
15
18
26
22
34
27
23
20
19
21
21
12
13
19
38
21
22
34
9
17
47
32
21
24
24
32
37
23
21
22
22
17
19
24
44
28
18
38
37
22
35
18
21
19
16
32
24
35
19
21
36
31
29
39
36
39
22
25
55
51
37
20
16
37
5
46
24
21
30
34
33
42
16
29
19
32
36
36
26
44
21
41
27
25
45
16
38
39
30
25
50
40
23
39
23
21
34
36
28
23
34
31
23
24
41
36
60
19
17
24
34
45
35
47
24
22
45
25
20
48
21
29
26
42
29
24
28
21
50
18
36
26
25
20
29
34
40
20
47
12
39
32
40
37
40
32
36
20
57
36
57
33
23
21
24
25
16
21
22
28
17
37
22
42
45
25
19
52
29
24
24
29
30
19
29
33
23
26
25
21
26
55
20
23
27
25
32
10
36
21
44
20
33
20
43
44
32
25
39
26
41
43
33
21
2
41
41
21
0
33
41
24
24
42
42
20
27
25
20
30
32
29
14
0
15
20
42
25
23
43
13
20
41
23
28
0
0
0
0
0
0
0
0
0
0
0
0
0
0
0
0
0
0
0
0
0
0
0
0
0
0
0
0
0
0
0
0
0
0
0
0
0
0
0
0
0
0
0
0
0
0
0
0
42
17
32
31
40
25
25
37
26
28
49
38
39
35
37
28
22
29
34
55
41
42
21
30
68
26
52
47
53
40
58
37
49
58
60
27
24
26
23
21
25
33
38
15
24
54
41
20
36
33
53
60
53
19
55
15
21
33
36
22
17
24
27
50
20
20
40
60
18
42
48
37
31
29
47
39
40
22
27
31
15
45
32
27
0
30
31
35
45
22
25
15
9
43
47
3
62
24
43
28
26
23
18
35
23
32
18
3
45
63
40
31
19
36
56
24
60
44
62
29
18
35
27
37
27
67
38
57
34
35
35
30
49
67
37
20
19
15
42
57
43
34
63
90
42
0
65
47
33
24
28
46
35
14
31
22
26
24
41
42
62
40
31
30
41
16
35
48
22
31
43
43
65
36
39
25
38
32
48
71
29
42
52
25
58
37
46
41
48
30
33
40
20
13
20
49
34
21
37
42
42
35
38
52
38
36
24
18
17
37
28
40
29
16
31
40
34
25
22
47
47
44
37
35
38
30
59
62
29
47
23
18
45
15
41
35
36
36
47
23
49
60
41
40
66
47
57
81
67
45
63
60
39
38
69
67
34
37
27
32
37
61
33
26
14
36
35
46
56
15
69
51
52
18
38
36
25
41
33
10
51
46
49
66
22
18
19
19
10
25
22
35
27
81
33
23
9
51
20
25
18
27
24
81
32
83
24
35
37
45
40
44
28
16
49
30
28
43
35
34
72
76
41
38
20
37
36
42
28
41
44
51
26
45
59
30
37
34
30
45
46
21
47
57
52
25
65
31
43
30
65
59
59
59
73
50
43
42
38
35
53
61
33
43
31
59
41
37
58
47
41
36
38
17
26
45
38
39
17
34
37
57
38
37
65
51
36
44
41
43
35
36
10
29
48
42
37
43
52
57
37
38
44
47
28
43
49
48
62
21
37
44
43
46
33
59
35
39
34
53
54
41
37
52
38
45
46
39
50
46
62
45
52
54
59
49
57
50
42
64
58
43
59
42
49
45
57
44
54
51
49
41
38
40
41
29
32
45
42
44
18
16
31
41
43
35
15
26
38
36
20
21
33
13
33
50
21
26
47
23
39
26
20
23
25
33
21
41
34
25
40
34
21
29
53
19
5
13
3
5
11
12
5
13
12
4
13
5
18
5
5
3
5
3
7
7
7
10
6
10
6
8
10
2
13
5
8
53
50
33
29
40
56
34
27
52
46
63
32
54
44
51
52
67
30
42
49
43
47
37
40
58
59
68
60
58
34
39
40
48
57
51
46
13
26
40
74
67
30
42
86
35
36
83
39
43
55
42
67
43
48
30
46
48
50
43
35
59
46
41
34
21
48
43
57
41
47
55
31
61
25
39
41
64
44
44
52
52
46
43
51
57
56
35
56
31
41
39
60
43
58
56
41
37
29
37
32
27
43
30
24
37
40
54
31
41
23
32
36
47
62
38
39
44
31
42
50
56
23
39
36
50
53
37
51
42
54
30
35
41
53
29
36
21
68
29
46
48
70
68
32
31
60
40
45
49
39
29
48
17
63
66
51
51
32
51
44
44
30
29
56
35
31
47
49
63
18
25
31
53
46
49
75
45
70
34
54
37
29
30
25
45
23
65
47
66
35
30
50
50
69
58
60
26
66
54
37
39
28
19
50
50
32
46
42
40
30
41
32
32
48
57
45
38
27
39
52
31
44
61
28
35
41
20
58
49
34
31
46
15
17
44
54
22
22
43
35
21
42
35
47
18
54
45
41
7
43
17
35
43
41
37
22
40
22
54
18
39
19
18
31
34
29
26
48
12
20
18
16
19
44
28
24
14
37
13
21
29
16
12
27
36
58
17
36
