25
17
29
0
18
36
20
1
14
0
28
25
25
15
3
19
16
1
31
0
17
27
22
31
22
35
32
0
37
1
1
20
48
1
1
67
5
0
61
25
0
28
43
33
1
0
36
43
1
0
27
5
0
28
33
52
0
1
43
22
48
43
3
20
3
25
0
1
52
0
0
1
3
3
32
52
3
19
58
0
20
23
0
64
3
57
54
1
32
19
9
1
0
12
45
61
3
0
0
1
31
17
21
3
58
0
0
46
49
1
19
0
46
5
1
0
32
0
60
43
7
55
42
36
1
30
13
3
0
0
0
26
63
79
70
64
21
28
20
65
3
3
38
3
42
43
1
23
0
23
28
54
1
5
49
0
54
73
17
56
54
35
21
33
10
34
0
1
43
41
29
73
15
19
41
0
0
30
55
1
1
0
5
9
21
3
1
5
1
12
0
22
37
1
5
0
33
6
18
0
49
0
0
38
55
5
56
10
5
25
45
37
0
0
12
30
60
65
83
5
40
30
55
38
5
1
62
61
3
54
0
24
0
5
13
3
1
43
0
36
30
0
23
29
0
28
22
5
0
1
49
3
30
1
1
0
1
36
34
0
3
39
6
5
0
0
23
37
1
1
1
33
1
0
14
33
1
46
0
0
0
0
21
21
0
0
5
3
18
17
21
33
17
3
12
54
0
32
1
21
2
5
25
1
24
40
17
23
1
0
3
32
27
32
0
55
12
4
14
18
30
1
3
31
19
9
13
3
14
1
3
9
3
1
39
2
19
3
29
9
23
1
0
31
3
25
1
19
21
3
21
28
4
15
3
0
3
15
25
26
31
0
26
28
12
20
21
23
29
1
21
39
1
0
3
1
12
10
18
3
27
22
1
4
36
45
1
15
17
3
3
23
19
19
5
3
0
22
4
0
3
34
20
20
22
22
22
38
13
26
23
1
15
25
16
13
7
1
20
33
1
4
0
0
17
27
7
17
21
13
31
48
0
25
3
26
26
30
16
15
1
28
19
0
29
0
46
3
0
20
10
13
42
15
15
24
25
1
0
1
25
28
25
13
20
15
21
2
0
0
20
20
3
16
24
22
23
29
11
14
44
30
51
3
26
17
31
33
21
25
31
3
4
3
40
16
19
3
22
1
51
44
32
32
19
29
4
1
8
9
24
28
14
1
14
6
3
1
1
21
16
3
24
1
32
1
26
1
21
4
13
18
0
22
24
0
32
43
0
21
17
0
0
27
52
42
15
20
15
31
2
13
2
15
34
8
27
3
18
3
22
38
0
1
27
33
5
26
13
3
37
20
32
39
3
1
20
3
23
1
1
26
23
25
16
17
8
18
36
33
0
16
1
31
3
38
14
4
1
10
1
0
1
9
2
13
21
1
19
19
3
3
1
12
22
12
23
28
2
19
1
35
18
24
1
12
12
26
23
1
13
0
21
1
18
3
10
30
11
25
5
27
21
1
27
31
9
22
24
2
6
8
23
2
36
25
31
2
30
1
6
8
3
18
23
19
26
21
1
19
9
24
0
17
15
17
5
14
25
23
3
4
8
26
3
0
0
15
11
14
4
6
15
22
19
17
9
26
1
3
18
17
20
19
3
28
1
21
3
0
16
22
1
19
0
28
11
18
14
3
3
20
4
2
3
21
21
24
4
16
20
31
0
3
18
26
1
22
20
9
9
15
21
19
18
22
1
11
20
16
0
7
7
12
1
21
3
3
2
17
3
3
1
9
0
14
21
2
17
3
9
4
0
12
7
20
13
19
19
16
0
0
1
21
14
6
22
5
16
18
22
1
8
0
0
2
2
14
13
4
15
18
26
23
7
1
1
18
3
9
27
7
14
17
13
1
9
1
4
4
0
0
3
16
0
14
20
15
27
21
24
0
3
14
19
4
0
1
38
19
15
2
1
13
14
22
1
23
16
8
3
4
23
23
4
24
3
3
1
13
14
18
16
26
17
21
28
0
7
0
12
1
27
1
1
28
0
27
16
3
19
1
13
16
13
13
20
9
5
22
10
8
5
16
28
17
14
30
12
8
3
11
26
16
2
15
8
25
10
24
21
27
0
0
19
20
14
14
0
19
1
28
17
22
11
23
8
7
7
25
16
7
10
24
17
19
4
24
11
28
11
12
17
11
15
22
10
15
12
4
19
17
1
23
8
17
16
16
26
17
16
24
14
13
22
18
25
20
9
15
1
19
18
25
15
23
14
16
22
10
24
0
14
21
16
15
1
26
13
9
29
16
0
6
15
11
19
2
25
0
13
8
24
20
11
16
30
20
9
29
0
30
18
8
7
23
1
18
2
24
17
27
17
3
18
18
27
14
1
21
15
29
15
24
13
10
6
14
13
6
9
15
7
9
4
14
13
8
19
1
26
2
6
15
26
3
16
2
18
14
18
13
13
15
21
10
11
19
21
26
13
19
14
14
23
10
15
28
31
19
20
31
1
4
14
4
7
4
5
1
17
14
5
9
10
25
20
17
16
14
16
4
15
1
10
19
16
20
22
17
15
11
18
1
21
1
17
23
18
4
14
15
10
8
10
17
3
14
0
19
31
24
23
1
31
3
20
17
15
24
15
1
28
3
17
7
15
25
19
4
13
0
30
0
20
34
8
1
23
13
20
1
18
13
20
5
1
24
0
1
29
12
0
1
20
20
0
27
17
18
3
20
23
0
26
11
10
0
43
27
0
1
1
41
0
0
18
1
1
0
23
1
1
1
25
30
23
10
0
5
37
0
33
34
24
0
0
31
8
0
1
28
3
44
18
1
1
42
15
7
1
14
5
1
25
17
0
0
1
33
1
36
24
3
0
1
13
3
1
1
16
1
1
27
0
10
24
5
1
35
25
0
0
9
29
5
13
6
19
23
35
0
0
32
1
10
22
37
0
23
4
12
1
19
20
3
1
16
23
0
46
16
1
16
33
20
0
6
27
22
19
26
11
1
21
1
24
1
9
11
1
20
32
1
0
14
21
0
22
19
3
18
31
36
0
0
25
20
0
20
18
1
3
17
26
0
0
42
0
0
27
15
25
27
20
3
15
1
18
32
0
24
1
4
1
1
34
4
14
23
0
14
11
1
22
26
0
15
14
34
16
17
0
12
13
34
15
20
1
0
29
1
30
18
1
1
23
21
4
1
1
31
21
5
1
29
18
0
13
14
23
0
11
9
8
3
10
23
21
5
4
1
14
1
12
20
1
27
23
15
25
0
7
9
22
17
21
18
1
19
22
10
0
18
3
0
19
17
17
1
