5
4
8
4
3
7
13
4
4
6
9
5
5
7
3
3
3
5
6
5
3
3
3
3
3
3
5
5
6
3
2
2
4
3
4
3
6
11
2
4
2
3
5
8
3
4
5
3
2
3
4
5
3
7
7
4
6
4
4
3
3
3
4
4
3
3
7
7
4
15
7
3
4
6
6
8
2
5
4
6
5
10
4
5
4
5
8
7
4
4
7
4
7
4
5
3
6
6
7
5
5
4
2
3
4
9
6
6
2
5
9
7
3
3
5
12
4
3
4
4
2
8
10
7
2
6
6
3
4
3
8
2
3
3
3
4
4
3
3
6
2
5
5
3
6
5
4
3
3
4
4
4
2
3
3
4
3
4
4
3
5
0
4
6
4
7
3
4
4
8
9
5
4
4
4
7
9
15
7
10
8
13
12
31
22
12
18
30
24
12
14
20
21
29
23
17
14
18
10
3
15
15
28
13
29
21
31
27
32
6
41
29
12
34
16
23
23
14
17
47
43
18
32
8
9
56
36
35
22
20
24
24
43
12
25
22
44
30
22
44
25
16
22
17
15
11
24
48
38
46
22
55
36
48
14
37
58
26
56
20
17
29
33
61
45
39
26
51
29
34
36
41
36
51
53
55
36
63
27
60
25
13
46
18
62
47
53
30
0
0
0
0
0
0
0
0
0
0
0
0
0
0
0
0
0
0
0
0
0
0
0
0
0
0
0
0
0
0
0
0
0
0
0
0
0
0
0
0
0
0
0
0
0
0
0
0
0
0
0
0
0
0
0
0
6
0
0
0
0
0
0
0
0
0
0
0
9
5
8
7
7
5
8
7
11
7
9
9
4
11
7
7
11
7
8
9
4
6
8
10
5
8
7
6
7
11
7
8
7
8
12
4
9
7
7
11
13
3
6
4
10
14
8
5
10
7
9
7
19
8
4
6
11
7
11
9
8
8
6
10
5
9
4
19
8
11
4
5
8
8
13
8
3
4
5
9
4
16
7
4
5
4
4
9
10
4
5
6
8
8
8
5
9
11
18
5
8
7
9
11
6
7
9
6
7
23
5
5
4
15
10
8
7
4
12
9
6
4
6
9
14
16
7
12
9
15
31
8
5
4
13
12
10
5
9
11
10
4
5
4
9
5
5
6
5
9
8
6
6
5
10
22
13
6
6
12
9
6
4
6
15
47
10
10
10
11
9
4
7
7
8
9
10
6
6
10
9
7
10
6
6
6
12
9
9
11
8
10
7
7
7
10
19
5
7
6
9
10
9
9
12
6
6
7
12
13
16
6
8
9
8
10
18
5
7
5
24
37
14
33
15
24
6
12
14
36
7
40
18
7
13
20
7
19
10
18
8
24
17
18
6
33
33
13
8
41
21
19
29
45
22
19
12
21
17
34
13
45
26
10
13
19
21
14
35
10
41
9
18
14
35
12
41
20
8
20
17
18
23
16
20
18
11
4
7
4
8
12
12
6
6
9
9
5
7
8
13
13
6
6
8
8
12
4
8
9
10
7
10
8
7
12
11
12
8
4
3
8
4
6
6
6
3
6
8
5
8
19
6
5
10
5
5
7
7
10
7
3
6
6
4
9
3
5
7
8
7
5
6
8
5
6
5
7
5
5
4
5
5
4
7
5
8
6
4
6
7
10
9
5
9
7
9
22
3
5
2
15
14
3
4
5
6
11
5
5
8
6
2
5
7
3
9
5
6
5
3
11
3
6
11
6
8
6
4
6
4
7
9
7
5
10
8
8
6
5
4
10
4
5
6
18
12
4
4
3
5
8
10
8
7
6
3
7
11
7
8
6
9
5
3
5
7
9
5
11
4
5
4
5
6
4
6
9
2
1
6
6
6
5
4
6
5
4
6
2
6
10
4
7
4
5
11
4
7
5
6
7
3
4
2
11
8
3
4
4
5
8
7
6
3
5
9
10
10
4
7
6
6
3
5
3
4
4
7
9
9
3
7
6
13
6
9
5
9
10
8
6
13
7
3
5
7
8
5
4
6
7
3
8
7
5
9
5
3
4
3
5
6
3
8
6
7
10
1
17
4
8
8
5
10
7
6
11
10
6
4
7
3
8
3
6
13
3
5
4
5
5
8
4
5
9
5
7
7
9
5
13
6
5
7
9
3
6
7
4
13
13
7
6
9
8
8
3
7
2
3
9
11
9
4
3
6
7
1
4
3
10
5
4
8
8
5
8
6
5
5
4
6
6
5
5
3
10
6
5
8
4
1
4
7
2
3
4
11
8
4
5
8
8
7
7
5
3
7
1
8
10
3
9
6
6
17
3
5
5
3
7
9
3
5
4
3
6
4
5
5
6
6
2
6
3
7
7
5
8
4
3
4
4
7
7
5
6
3
7
3
4
12
5
4
4
2
6
5
6
3
8
3
6
4
8
6
10
4
4
6
5
15
3
2
4
8
10
10
2
5
4
5
6
8
5
5
3
4
5
7
2
6
6
4
4
5
4
6
7
6
6
7
5
7
2
4
5
9
8
2
4
5
2
5
6
3
5
5
2
2
7
4
6
5
5
5
7
5
7
6
4
10
6
7
7
1
5
4
4
7
7
6
2
5
11
5
7
5
4
4
11
13
6
4
5
9
5
6
12
9
10
6
5
8
5
8
16
11
14
9
5
5
7
7
4
7
0
10
10
7
10
8
6
12
2
6
3
5
11
4
6
5
6
14
8
11
5
5
3
12
2
6
8
8
10
9
7
4
10
3
8
9
4
6
12
9
14
23
7
8
6
6
11
9
3
27
14
9
10
9
11
6
13
12
17
10
3
9
18
13
19
8
8
7
4
6
9
4
7
12
18
11
12
16
19
5
5
2
18
9
5
9
3
7
12
3
11
4
8
8
10
5
12
8
7
5
11
15
8
10
6
6
9
8
4
14
13
12
10
21
12
4
14
7
10
8
10
9
11
8
5
11
9
5
9
6
5
6
2
4
4
6
7
5
7
11
8
3
11
10
5
5
5
8
8
10
6
8
5
7
10
3
3
10
3
3
5
9
6
5
7
7
9
7
10
5
6
17
18
17
6
12
10
7
6
6
5
5
6
9
7
3
7
8
7
5
5
7
2
13
16
10
13
5
11
9
8
6
1
6
3
18
4
5
9
4
6
11
5
3
3
4
10
5
6
7
9
8
18
6
4
5
7
6
8
8
17
5
8
4
8
9
8
4
6
2
4
7
2
5
0
0
0
0
0
0
0
0
0
0
0
0
0
0
0
0
0
0
0
0
0
0
2
