12
17
12
31
27
11
18
28
19
11
13
12
29
15
15
26
8
25
15
10
10
29
11
26
5
24
28
12
12
23
16
12
17
8
16
13
13
13
17
14
12
16
6
20
17
15
9
20
12
14
10
16
23
15
12
10
12
14
17
11
9
14
8
12
12
16
13
14
11
8
9
8
13
23
9
13
20
18
14
15
11
12
16
17
19
11
16
12
8
11
8
12
19
14
19
25
16
15
12
8
9
17
10
13
14
10
12
9
16
10
12
9
18
17
17
10
16
25
14
12
8
13
26
11
9
12
12
10
18
9
12
15
10
11
11
11
21
18
11
14
17
17
12
17
17
16
8
17
10
27
15
13
31
12
11
14
23
29
12
13
24
26
9
15
18
23
18
7
16
15
19
19
17
18
26
20
13
9
14
14
24
22
15
7
11
11
20
11
7
8
15
8
9
18
10
9
14
12
15
13
7
10
10
7
11
15
12
12
14
9
16
11
12
11
10
12
10
12
9
12
14
12
9
14
12
9
11
13
12
9
16
18
11
13
21
25
17
21
25
13
21
9
25
14
14
16
11
14
12
14
15
12
19
35
18
28
26
28
37
25
17
22
34
20
32
25
22
35
10
26
34
25
16
36
20
22
22
25
24
16
34
19
33
20
19
29
21
16
19
25
11
20
10
10
28
12
16
16
12
15
11
21
13
12
24
13
13
15
12
11
15
17
14
25
15
14
9
20
13
19
10
12
11
19
17
19
15
13
12
14
21
14
15
14
13
15
21
17
15
15
11
12
12
20
9
13
10
12
12
18
13
13
10
12
12
13
19
19
20
10
23
16
14
12
12
6
17
7
10
6
17
6
16
14
14
20
7
14
13
13
10
13
6
16
17
23
14
17
14
14
17
10
15
18
14
10
12
16
16
16
18
18
14
15
11
18
34
22
15
15
19
13
10
32
22
9
12
6
11
9
11
26
11
12
11
7
7
16
10
11
11
11
11
18
10
15
13
14
14
17
12
16
10
9
18
22
12
11
11
8
16
18
15
17
12
16
20
17
20
13
20
14
19
23
12
15
12
14
16
14
16
20
18
10
13
10
14
12
28
12
22
14
16
22
12
12
10
17
10
18
19
11
22
23
16
14
31
15
9
12
14
20
12
11
13
14
8
15
18
23
12
13
13
14
17
12
12
15
27
11
14
13
11
11
11
15
10
13
13
16
14
11
14
7
17
9
9
13
12
12
11
11
9
11
16
10
14
10
14
20
14
12
12
23
13
14
16
19
17
9
27
20
10
23
11
17
21
13
17
9
13
16
22
12
20
19
18
29
22
9
21
23
16
12
21
20
13
19
14
23
21
15
20
9
9
24
12
19
24
13
15
15
25
22
24
20
8
11
19
17
15
20
15
15
20
13
9
12
17
12
16
17
13
9
18
23
17
24
18
15
27
7
24
11
9
24
22
12
10
21
12
17
16
46
10
24
21
18
20
18
6
23
29
12
24
16
15
19
15
14
18
24
11
17
17
13
10
10
18
20
16
12
10
14
18
15
19
10
23
14
11
21
14
12
23
17
17
26
25
20
14
8
20
14
16
25
16
18
14
19
7
19
13
26
21
19
21
23
24
13
9
14
13
19
20
19
17
21
15
12
24
26
13
14
29
17
11
17
19
15
20
22
13
0
2
2
1
4
1
1
13
13
14
12
10
12
7
11
16
12
11
10
12
20
7
9
9
16
14
13
8
11
7
17
17
11
10
11
14
7
13
12
9
10
14
15
5
8
9
13
11
7
8
13
7
12
10
10
12
7
11
11
8
12
13
12
8
13
10
14
9
9
10
10
19
14
17
12
12
11
11
8
15
9
21
13
4
11
14
13
10
20
32
20
13
10
16
15
19
17
8
20
16
21
16
15
12
13
19
17
13
11
14
13
17
13
12
10
15
18
18
8
18
11
11
5
13
14
11
11
12
12
13
15
24
30
46
44
20
46
23
24
22
50
25
40
45
52
24
21
20
19
23
30
43
19
25
43
15
48
39
23
46
30
19
18
25
21
21
25
23
18
29
31
14
16
26
42
23
50
29
52
26
52
25
6
14
24
19
68
20
21
13
48
15
44
17
22
26
17
34
14
34
27
15
33
30
62
56
48
22
22
56
34
19
22
50
41
29
52
51
17
24
17
26
48
44
30
30
20
23
19
50
45
25
20
16
47
30
28
17
22
17
48
19
14
26
14
65
30
35
22
36
51
34
19
48
21
17
57
19
54
36
20
20
22
44
17
24
12
6
24
40
42
19
42
27
35
25
25
18
21
45
20
18
22
17
23
17
21
14
25
7
44
11
27
38
12
26
54
19
21
27
26
25
48
25
59
15
15
31
46
32
19
59
22
32
43
53
52
20
21
24
44
34
21
23
48
33
17
20
17
19
50
40
46
54
38
59
19
20
22
19
14
22
33
19
24
25
26
15
20
24
30
55
20
18
20
29
20
21
25
34
13
13
13
24
23
19
14
33
26
22
21
57
31
14
18
53
9
19
14
21
16
18
25
21
17
40
23
18
34
54
38
18
16
30
28
12
16
20
24
23
10
65
48
13
11
19
17
21
15
29
66
22
14
39
25
22
21
65
12
31
18
69
42
74
38
11
41
53
23
40
82
27
34
51
64
27
20
16
20
64
50
31
48
15
31
15
42
18
21
47
20
18
27
56
37
18
34
42
41
57
54
48
18
36
38
41
46
19
39
18
51
45
44
46
42
49
36
23
19
24
20
22
23
46
32
40
33
21
43
32
44
60
27
27
46
18
19
21
46
18
52
29
38
17
25
52
22
24
38
35
38
74
25
37
24
23
29
20
19
23
24
27
20
24
37
28
38
42
16
54
13
25
44
16
63
27
29
19
46
47
67
24
48
24
49
26
20
65
19
48
38
54
30
52
20
13
22
19
19
41
37
19
26
17
18
20
20
43
20
19
40
20
63
65
21
47
20
23
20
22
26
27
24
38
44
30
23
15
16
45
24
59
36
48
46
24
21
50
20
19
37
18
46
18
55
28
13
25
24
35
21
24
22
19
36
27
27
19
54
22
12
18
42
16
11
24
37
23
42
55
31
22
47
19
29
25
36
51
34
17
38
21
24
21
46
26
20
42
19
26
43
36
13
21
40
45
47
55
25
33
45
31
24
19
30
50
43
17
42
43
28
22
45
28
29
37
19
19
50
46
51
53
23
30
24
46
21
18
24
22
64
24
22
45
32
26
15
49
41
21
49
22
22
35
33
28
39
