2
1
1
7
0
2
2
3
4
2
3
2
7
1
1
4
1
0
0
0
1
5
1
2
1
4
1
2
2
3
3
4
4
0
2
0
2
1
2
4
7
0
0
2
5
15
7
3
4
4
1
33
2
2
0
2
0
4
4
9
2
5
0
0
1
15
0
1
5
31
6
5
3
2
5
0
0
1
1
2
0
5
7
5
0
3
6
3
2
3
5
3
2
0
4
4
2
2
3
5
2
0
6
4
2
2
0
2
2
2
3
4
1
7
2
5
4
4
3
1
2
0
0
2
4
1
3
1
4
2
2
4
5
15
0
5
2
3
1
4
3
4
4
3
2
0
4
4
4
2
4
6
1
2
4
4
2
1
0
2
4
2
4
2
0
4
5
5
2
3
2
15
1
0
0
5
5
31
1
0
2
6
27
3
1
3
2
2
4
2
2
3
4
3
2
2
0
3
5
4
2
17
5
3
2
0
2
4
5
5
4
1
5
7
2
3
2
3
4
5
1
5
33
2
5
1
0
3
2
4
4
1
1
2
1
2
1
2
2
1
1
0
4
1
4
2
4
4
3
7
5
4
2
0
2
2
3
5
2
4
2
4
2
7
9
2
6
0
2
2
0
2
5
0
0
6
4
4
7
2
2
4
9
7
3
2
0
1
0
1
4
2
5
0
3
0
0
2
2
1
4
0
1
1
0
5
5
0
1
1
1
2
3
5
0
0
3
5
1
1
5
2
3
9
3
5
7
4
5
2
0
5
3
1
2
2
0
0
3
3
15
3
48
1
15
32
2
2
1
5
1
7
3
3
5
3
3
1
4
4
0
0
1
3
3
1
5
2
0
13
0
9
0
0
0
3
2
2
0
1
6
0
1
0
1
0
0
4
3
2
1
1
0
1
1
3
0
3
5
0
3
2
3
4
0
1
3
3
0
3
0
7
2
4
2
3
3
1
1
2
0
0
0
3
3
5
3
0
2
4
2
3
1
0
1
4
2
2
2
11
5
6
5
5
6
2
2
4
4
4
0
4
6
2
2
1
2
6
1
3
1
6
4
17
0
19
2
4
19
4
3
0
4
7
2
9
0
5
1
4
13
0
2
4
2
2
4
0
0
2
2
5
0
0
2
3
4
17
2
7
17
5
5
1
3
4
0
4
6
34
5
2
0
1
2
3
2
3
0
0
0
0
0
1
0
4
2
2
1
5
1
5
3
2
2
18
2
5
0
2
2
4
0
0
5
4
2
0
2
7
0
2
0
1
5
5
2
2
0
2
4
2
3
2
2
5
2
0
3
17
1
6
4
7
2
0
1
0
1
4
6
2
3
2
2
0
2
0
3
1
0
4
5
5
0
2
0
2
2
2
4
0
2
2
0
2
0
2
2
2
0
5
1
5
1
6
2
2
1
0
1
4
0
2
2
3
0
7
0
2
2
2
6
0
5
2
2
2
2
2
35
2
3
2
0
1
2
1
3
7
17
2
2
3
0
0
2
2
9
2
2
6
3
6
2
7
2
0
2
2
0
0
6
4
4
3
0
2
4
3
3
2
4
2
3
36
2
4
6
2
0
17
0
4
2
0
4
0
4
0
6
4
0
4
2
3
2
0
2
0
3
3
2
2
4
1
4
0
0
0
0
2
6
1
3
2
0
3
1
0
3
21
5
2
35
0
5
2
2
2
4
31
2
0
6
0
2
2
3
0
7
4
2
5
3
6
4
2
4
0
31
13
30
0
2
0
1
2
1
4
2
2
4
4
2
2
0
1
1
5
1
2
6
6
0
4
0
2
2
4
2
2
0
0
1
1
3
2
2
2
3
2
3
3
4
2
2
3
4
1
3
19
6
2
5
2
0
5
2
0
2
4
5
3
3
0
3
0
0
5
1
3
1
2
2
17
0
4
3
5
2
0
2
2
0
2
6
31
2
0
4
2
1
4
0
4
0
2
4
0
2
4
6
2
23
4
1
2
5
2
1
3
2
4
4
1
4
29
2
0
0
0
5
0
7
4
0
7
2
0
2
50
4
3
0
0
2
4
2
2
49
2
2
0
0
0
0
2
0
2
2
4
0
29
2
4
2
2
2
2
2
0
2
3
2
0
2
5
0
0
3
0
1
0
3
2
0
0
4
7
2
2
3
2
2
2
0
2
2
0
0
4
5
0
2
2
2
4
2
0
0
2
4
0
2
2
2
0
0
2
4
49
5
0
3
2
2
2
2
1
3
2
4
0
5
2
3
0
0
5
1
0
4
0
5
1
4
1
0
2
4
4
0
0
2
2
2
0
0
2
29
5
2
1
1
2
2
4
4
0
23
0
2
2
2
0
1
3
0
4
2
4
0
4
0
0
25
25
0
4
2
0
2
4
2
5
21
5
4
0
0
2
2
3
4
4
2
27
3
0
0
4
4
2
2
4
3
0
7
3
0
2
3
2
2
6
0
4
0
4
5
1
2
52
4
31
2
0
7
0
0
4
3
4
4
1
0
3
4
0
6
0
0
4
4
2
2
2
29
0
0
2
2
0
4
2
2
0
2
2
3
4
4
2
0
5
3
0
2
0
2
4
2
0
4
6
27
4
6
2
27
0
4
5
2
2
0
4
5
0
5
2
0
6
2
0
4
0
2
5
5
2
0
2
2
2
1
4
2
2
2
3
2
0
4
2
2
4
0
0
0
2
0
3
4
0
2
4
2
2
0
2
2
5
1
51
2
2
5
4
2
4
0
4
0
2
4
2
2
2
2
2
2
0
2
4
0
0
2
2
5
6
0
1
0
2
2
1
0
0
2
2
0
4
0
0
1
0
2
2
0
0
2
2
2
3
2
0
5
4
2
2
0
0
2
2
0
0
0
2
1
2
0
5
0
6
0
5
27
4
2
2
0
2
2
2
0
3
0
2
2
2
0
0
4
4
2
2
4
2
5
4
0
2
5
0
0
0
2
23
2
0
4
2
2
0
2
2
4
2
0
2
0
0
0
0
2
3
3
2
5
2
2
2
7
2
4
0
2
2
2
0
4
4
0
3
0
2
2
6
0
0
0
29
0
19
2
4
2
4
0
0
3
6
5
3
0
6
2
5
2
2
9
0
33
2
2
7
4
4
0
0
2
5
0
2
2
0
4
3
2
2
2
4
1
2
1
2
2
2
0
2
2
2
2
4
6
2
0
2
0
4
2
2
4
4
2
4
4
2
4
2
0
3
0
7
0
2
0
4
2
3
0
6
2
2
3
6
2
4
6
2
2
1
2
4
4
2
2
0
