9
17
10
17
11
11
11
24
6
13
11
8
11
4
16
8
4
9
9
15
9
13
7
17
11
11
6
6
13
15
8
8
6
4
17
4
6
17
13
12
6
12
4
4
11
13
6
13
6
8
8
2
8
6
8
6
8
6
8
11
10
13
6
6
17
6
6
4
8
17
4
6
2
10
10
4
6
6
10
8
6
6
8
9
6
11
14
10
8
12
12
6
8
9
8
9
4
9
6
4
12
8
19
17
13
11
17
12
8
12
8
0
8
8
13
12
21
8
13
15
27
15
13
21
13
11
13
32
10
15
11
20
14
11
10
11
11
10
12
12
13
19
19
6
13
11
10
6
6
11
15
8
11
19
15
6
13
13
12
29
11
12
13
12
15
13
10
28
15
15
4
8
17
6
6
6
21
19
8
15
9
15
21
15
6
13
19
19
22
6
28
6
10
15
13
10
11
6
11
11
10
13
11
22
15
21
19
45
18
25
20
17
16
9
9
31
6
19
19
17
9
23
6
17
17
28
8
15
15
13
23
15
25
18
15
9
13
13
20
10
8
24
17
11
9
19
11
9
19
9
11
19
11
21
6
15
8
31
11
20
7
18
19
21
8
30
17
17
21
19
2
11
11
7
6
6
13
4
31
4
8
4
7
10
6
4
11
10
6
10
10
4
8
12
4
0
6
11
8
12
8
8
8
10
10
11
8
8
4
4
10
12
12
4
6
8
6
12
12
17
11
15
15
12
12
8
12
13
10
8
10
17
6
13
13
17
12
8
10
13
15
12
15
10
8
8
8
12
14
10
10
10
11
10
8
14
12
8
8
15
6
14
17
10
11
10
14
10
6
17
8
6
12
6
10
8
11
8
12
12
8
6
8
10
11
12
10
10
8
6
6
8
12
13
8
8
13
19
13
13
6
15
14
11
14
13
8
12
12
15
12
17
10
11
6
17
12
13
10
14
8
29
14
12
12
23
15
15
15
17
11
6
14
6
28
11
29
10
6
8
10
18
19
19
15
8
25
23
19
14
12
10
6
9
8
6
33
37
13
23
15
6
8
6
23
25
11
15
10
7
22
20
11
11
9
15
17
7
15
8
10
52
6
9
15
11
4
22
13
17
13
8
14
15
19
8
12
8
15
23
24
29
13
6
10
6
12
9
11
8
13
11
15
25
9
9
14
4
11
6
8
8
8
4
6
6
9
2
14
2
4
2
8
4
6
8
8
8
9
6
10
4
5
10
8
4
6
4
8
7
7
8
7
6
6
11
10
11
9
8
7
13
7
4
6
4
10
8
15
4
8
8
7
4
11
10
14
10
21
21
19
15
12
29
6
21
8
19
16
8
12
10
4
16
16
14
14
10
19
12
8
2
8
4
6
12
8
8
4
21
2
17
15
6
10
10
25
10
19
10
16
12
14
12
7
10
14
14
6
10
8
16
23
8
2
4
16
6
6
4
12
10
10
10
8
10
10
8
10
12
16
2
10
10
4
10
7
6
9
6
4
12
6
4
10
13
2
10
8
6
2
2
4
14
9
8
6
8
12
6
13
6
6
4
8
8
8
10
4
8
2
12
6
8
6
10
4
6
8
4
4
2
10
10
4
12
4
2
6
8
6
12
6
6
8
8
12
8
8
6
10
10
6
9
8
6
2
0
2
10
7
9
9
9
4
12
6
12
2
8
4
8
6
12
10
0
10
6
6
8
8
2
10
8
12
6
8
6
6
4
4
12
8
10
8
2
8
6
4
6
6
10
2
10
10
6
12
2
8
6
2
10
2
6
2
6
2
2
0
8
12
4
2
8
4
8
8
2
4
2
8
6
4
6
2
6
10
4
16
6
8
12
13
4
14
10
15
6
17
8
6
12
13
8
17
12
12
10
12
0
8
17
6
7
6
6
10
12
4
4
0
0
0
12
0
4
0
2
0
0
0
0
0
0
0
0
0
0
0
0
0
0
0
0
13
6
0
6
15
6
10
4
8
4
4
4
6
2
2
9
8
2
2
8
4
6
11
2
8
2
2
6
6
4
6
4
8
8
8
12
4
4
4
2
2
5
8
6
6
17
15
10
8
13
10
12
4
11
6
10
12
8
10
11
8
11
6
8
11
10
11
8
8
10
17
17
8
25
20
13
17
13
13
10
13
13
15
8
17
8
13
21
17
13
17
21
21
15
12
13
21
12
19
15
17
13
13
17
17
15
11
15
13
13
13
15
8
6
17
8
11
21
19
23
12
12
19
21
12
19
13
13
17
11
23
11
23
10
30
17
10
21
21
12
15
11
8
21
27
11
13
13
23
11
31
30
15
19
31
14
12
17
28
31
8
21
10
27
11
21
15
30
21
21
13
23
11
19
17
13
27
12
23
4
15
17
13
15
13
31
4
32
15
19
21
23
8
21
23
29
23
15
29
4
18
15
13
11
10
11
9
7
15
4
11
11
13
6
4
13
6
9
8
11
10
12
4
2
8
17
2
6
10
10
6
8
10
6
10
8
8
10
8
8
4
9
6
4
8
11
13
6
8
10
6
12
4
8
6
6
9
6
11
0
2
8
6
8
7
11
6
13
2
4
8
6
13
6
2
8
10
6
7
6
9
4
2
13
6
4
8
10
8
4
9
6
4
8
2
6
11
10
8
8
8
10
6
9
6
2
15
6
2
11
0
6
6
8
4
8
13
10
4
8
8
2
6
4
6
6
8
8
19
6
13
12
4
10
19
13
15
17
17
10
13
12
13
11
15
19
15
15
15
13
8
21
21
8
23
11
28
10
23
15
12
11
17
26
17
13
25
12
10
17
13
19
13
21
12
13
17
23
13
25
15
19
10
15
32
11
21
11
38
15
15
19
21
15
13
19
23
34
33
33
11
19
13
13
8
19
13
33
11
17
19
27
11
17
15
13
8
33
15
23
13
9
11
28
30
19
7
28
27
15
8
10
17
17
19
34
30
10
41
34
6
29
36
23
21
26
19
44
19
13
19
48
25
27
15
29
13
16
12
19
4
13
21
8
10
4
21
8
8
10
11
15
6
8
4
4
13
4
4
6
8
14
15
6
2
8
4
6
10
10
8
10
4
15
8
4
12
9
6
12
4
6
7
4
15
6
6
13
8
6
4
6
10
8
6
4
10
11
19
6
4
8
10
6
12
13
8
6
6
0
6
8
6
8
15
8
0
6
11
8
10
11
6
12
6
6
2
7
0
6
6
6
6
4
11
8
4
6
8
10
10
9
6
8
4
4
6
2
17
8
8
8
17
2
7
8
