30
32
15
38
52
10
25
8
18
23
44
24
13
26
12
22
22
62
42
9
13
36
22
36
18
47
46
48
9
37
6
31
22
5
38
19
8
9
18
18
5
13
25
33
13
5
22
50
39
22
27
7
30
55
41
19
34
8
5
15
3
30
21
9
27
11
12
16
26
36
33
9
5
27
32
24
40
4
53
41
41
18
38
30
27
25
8
9
9
20
6
9
40
35
46
29
11
14
11
11
11
58
5
27
23
60
22
48
42
45
24
22
14
7
14
33
25
43
52
12
6
5
36
20
4
57
19
30
31
27
34
27
8
24
32
5
9
28
30
28
5
32
42
12
36
16
19
47
38
60
59
29
8
19
5
22
36
27
36
35
8
9
25
30
6
38
17
20
42
35
30
89
41
30
35
40
8
9
6
30
6
31
34
32
13
8
15
15
47
40
38
36
11
12
3
28
8
52
31
30
15
31
12
24
31
26
22
6
11
35
32
27
36
29
38
11
28
23
5
29
19
33
46
28
13
57
10
41
29
28
9
32
30
20
4
6
34
44
23
8
41
27
43
65
9
17
34
22
21
33
34
15
49
20
34
32
8
15
39
38
8
37
8
10
8
26
38
7
38
49
38
11
32
32
35
48
23
33
12
5
42
16
9
47
10
48
61
49
7
25
39
22
55
10
53
17
6
19
7
49
41
24
11
34
22
12
53
27
34
40
54
39
16
36
43
55
69
13
5
14
10
44
12
76
11
28
11
37
7
61
60
6
43
6
37
9
13
39
30
16
47
56
49
77
51
17
9
7
38
13
72
31
45
32
50
65
45
35
37
26
25
29
32
11
42
38
43
63
36
32
11
28
29
54
41
40
8
10
46
8
33
4
37
11
42
26
22
46
55
58
46
35
26
38
32
17
48
42
10
38
57
23
72
29
31
3
30
31
8
40
4
43
41
26
10
47
30
44
30
75
34
36
9
6
5
35
23
60
7
37
19
30
33
16
46
23
33
26
39
18
22
11
7
38
28
35
8
6
35
30
41
7
32
8
6
39
21
7
5
29
18
3
2
2
27
2
26
8
9
9
33
24
2
27
25
29
3
35
24
7
2
33
46
8
8
36
30
19
35
7
14
12
6
39
13
15
7
7
22
20
13
6
8
9
25
7
8
36
26
3
6
12
28
32
3
9
34
8
28
21
23
21
21
15
3
32
21
26
26
37
22
38
29
13
2
29
24
34
7
44
20
4
4
11
11
16
24
34
28
15
27
22
8
24
21
3
25
5
17
18
30
11
27
27
32
31
10
5
25
25
37
47
20
24
27
37
14
8
8
8
12
6
9
11
12
11
9
9
11
7
4
9
6
9
4
7
10
9
22
4
9
12
6
10
8
2
4
12
6
8
6
6
6
9
7
10
9
9
4
8
7
10
6
12
10
16
7
38
20
22
7
40
22
38
14
20
28
28
17
31
21
32
19
18
20
8
11
13
9
7
10
7
7
10
7
13
10
8
13
12
10
5
9
14
17
5
9
11
10
10
7
8
7
9
17
7
12
14
12
14
13
14
12
9
8
7
9
7
13
6
7
9
7
8
6
10
8
12
11
10
9
9
9
10
12
13
7
22
10
8
10
11
12
8
13
13
11
10
13
11
12
11
10
11
11
9
5
8
16
13
12
7
9
14
8
8
10
11
9
10
12
19
14
23
17
10
15
14
9
8
27
5
8
6
9
8
8
7
6
12
10
8
7
5
6
8
7
11
9
7
10
11
10
6
9
11
10
12
8
12
11
14
10
14
11
6
10
17
13
10
10
5
7
9
13
5
6
9
8
5
6
7
8
7
5
10
8
5
4
11
8
9
7
8
6
6
8
12
7
13
7
5
9
14
7
7
5
9
5
4
5
9
11
12
7
2
3
3
5
6
5
3
8
6
5
8
5
8
7
7
4
11
4
7
6
7
7
7
2
5
4
6
7
5
6
6
6
6
13
8
7
8
6
8
6
4
6
4
6
8
6
4
4
6
10
10
6
11
2
4
4
4
10
2
6
7
6
8
6
4
8
5
9
9
6
6
8
4
4
4
6
8
10
19
10
10
6
6
6
6
12
8
7
4
22
8
9
12
7
6
6
8
22
7
4
10
6
7
11
7
9
12
8
33
6
12
6
10
11
13
15
9
17
16
8
7
6
33
17
6
8
10
13
10
13
12
7
7
8
7
10
13
7
10
8
11
8
6
6
10
10
12
7
8
12
16
6
9
6
4
23
10
11
21
5
13
8
11
5
10
11
6
6
9
29
27
24
7
25
10
7
20
17
25
4
25
8
9
11
8
12
27
11
13
30
22
23
21
12
16
7
4
7
8
5
14
7
27
7
11
28
9
13
14
11
14
10
4
16
7
11
10
11
13
10
11
7
5
27
5
7
16
6
23
5
8
8
5
9
6
12
8
10
19
6
10
11
6
9
5
4
7
6
8
12
12
11
11
6
8
6
4
5
14
5
11
18
7
4
6
8
4
5
4
4
8
7
8
6
4
4
9
9
4
4
4
10
7
4
4
4
8
8
4
4
4
6
6
4
4
20
6
10
6
4
6
6
10
6
8
14
4
18
13
6
14
7
4
12
17
9
19
4
9
10
7
11
12
7
12
10
13
9
9
6
14
11
13
7
9
5
6
9
8
6
10
7
18
7
23
10
11
9
10
9
12
22
8
7
27
13
11
11
25
7
9
7
10
8
13
11
8
8
11
11
6
10
6
9
14
12
5
8
10
8
11
9
12
11
8
7
23
12
15
6
13
11
10
13
15
11
12
12
9
9
9
10
8
10
10
6
9
26
8
9
17
6
7
15
10
8
12
6
6
15
17
10
11
19
12
20
9
10
9
10
10
7
7
7
14
11
6
12
6
7
12
5
7
7
13
9
14
9
9
12
9
9
16
9
6
7
11
8
19
8
7
5
7
13
11
9
10
9
9
17
10
5
9
16
13
7
11
12
11
9
13
8
13
7
5
10
13
25
14
14
10
10
12
15
26
12
8
9
7
10
13
11
7
11
16
11
12
6
6
10
10
11
19
10
11
12
7
22
11
16
12
9
14
20
7
9
8
10
6
14
7
9
8
4
8
5
8
7
9
19
6
13
13
6
5
21
11
7
6
7
9
11
11
6
9
4
8
10
10
9
9
5
10
15
9
4
8
9
4
14
6
4
8
6
9
10
22
10
14
9
9
11
8
12
13
2
7
7
5
5
11
9
8
8
4
5
15
9
6
11
7
10
4
8
10
