2
6
4
2
10
6
6
8
8
4
10
2
6
10
8
4
4
2
4
6
10
6
4
8
4
4
6
6
8
10
2
15
4
2
6
8
69
10
6
4
8
4
6
10
4
4
4
20
4
2
10
4
6
14
6
6
4
2
4
10
4
2
2
4
6
6
6
8
4
12
4
10
2
11
4
6
6
4
4
4
8
8
6
4
8
2
4
6
2
12
4
6
2
10
10
10
4
7
10
4
6
6
4
6
6
6
4
4
6
6
4
2
8
10
10
12
4
8
6
4
4
8
8
4
8
4
6
6
12
6
6
11
4
6
10
4
4
6
4
6
6
4
6
4
10
2
6
2
4
2
6
6
4
4
4
6
8
6
6
8
6
8
12
8
6
4
17
6
6
6
6
7
4
2
4
4
6
6
8
8
6
4
8
10
16
4
12
4
2
10
8
8
4
8
6
6
4
8
9
10
12
4
8
8
4
8
8
4
4
6
6
4
4
6
6
8
6
9
6
8
8
6
6
6
8
15
6
8
9
10
2
4
6
12
10
10
4
12
9
6
12
8
4
8
4
4
13
2
6
15
2
4
6
8
8
5
2
6
4
15
4
2
6
6
3
6
4
6
10
8
6
12
8
6
4
8
2
6
4
4
4
2
12
6
4
6
8
12
0
4
4
4
4
2
0
4
2
2
0
2
2
0
2
4
0
2
2
2
2
2
2
0
4
6
0
4
4
0
4
0
0
2
2
4
2
4
4
2
2
0
0
6
4
4
2
0
0
0
4
0
2
4
2
2
2
2
0
2
4
2
2
2
6
0
4
2
4
2
6
2
0
2
0
4
2
0
2
2
8
0
0
6
6
2
0
4
2
0
4
2
2
0
4
2
2
4
8
2
4
4
2
0
4
2
6
4
4
4
6
2
2
2
6
0
4
4
0
4
6
4
4
6
12
4
6
2
4
2
4
4
2
2
2
12
2
6
4
2
4
2
4
4
2
4
6
2
4
2
4
0
6
2
2
0
6
4
8
2
2
2
2
2
2
0
4
2
2
0
8
0
2
2
6
2
8
6
4
6
4
2
6
0
2
6
2
0
0
4
8
4
4
0
6
2
6
0
0
4
2
2
4
4
2
4
74
2
2
6
6
2
8
0
6
2
4
2
4
4
2
6
4
2
4
2
2
2
2
2
10
2
2
6
2
0
2
4
4
2
0
4
6
0
4
4
2
6
6
2
4
2
2
2
2
4
4
6
2
6
4
2
0
0
4
2
6
2
4
2
2
4
2
2
0
2
6
6
2
4
0
2
3
2
4
2
4
0
14
8
9
4
11
10
9
6
10
9
10
7
2
6
11
10
6
6
4
6
9
6
11
6
9
8
13
10
6
7
10
9
5
8
10
7
10
6
8
5
10
9
10
7
7
8
9
10
4
10
7
13
7
11
14
9
15
4
13
4
12
8
8
4
13
6
16
12
6
6
6
12
10
2
6
13
8
6
11
9
10
11
7
6
5
12
6
8
11
11
8
6
8
4
6
15
14
8
8
13
6
0
6
26
13
11
17
13
31
33
33
29
23
34
29
27
33
21
23
24
23
14
29
31
19
0
19
29
24
27
21
15
24
25
19
22
25
21
15
20
9
36
29
24
24
15
13
27
29
13
13
6
11
17
8
15
15
13
23
15
20
19
9
14
16
23
25
9
19
13
17
13
15
12
18
17
13
21
11
21
19
15
17
21
18
11
17
17
13
13
8
21
11
17
15
13
17
15
11
19
11
15
15
17
15
12
11
18
18
17
12
12
17
15
10
17
9
17
10
19
19
15
13
17
14
17
16
19
17
11
14
12
0
8
23
29
11
17
14
15
10
23
18
23
16
14
23
14
19
12
12
19
8
14
27
8
2
19
19
15
7
11
14
19
27
19
17
15
19
19
19
13
16
11
23
9
13
9
10
19
15
29
10
15
13
13
12
9
4
2
2
2
2
4
2
4
4
2
4
0
2
2
2
0
0
2
6
0
2
2
2
2
2
0
4
2
4
4
4
4
2
4
6
2
6
2
0
2
2
2
2
4
2
6
2
4
2
2
2
2
4
2
2
2
2
2
2
4
0
4
8
4
4
4
4
4
4
6
4
4
4
2
2
4
0
4
4
2
4
4
2
2
0
2
4
2
2
2
2
2
0
4
4
2
2
4
4
0
2
4
2
6
4
6
4
4
2
2
2
4
8
2
4
2
2
4
2
2
4
2
2
2
0
2
2
2
4
0
0
2
2
4
2
0
4
2
2
2
0
6
2
2
2
2
4
0
4
2
0
2
6
2
2
4
4
6
2
2
2
2
2
2
4
2
2
2
2
4
8
4
2
2
2
4
0
4
4
8
4
2
7
4
4
2
4
2
2
8
2
4
0
2
2
4
4
0
2
4
4
2
4
2
2
4
4
4
3
4
2
2
4
5
6
2
4
8
2
0
6
8
4
2
0
2
0
2
4
2
2
2
2
2
7
2
2
2
2
2
2
0
2
2
4
2
4
8
4
2
2
4
2
6
4
6
4
0
2
2
2
2
2
4
4
0
2
4
2
6
4
4
2
2
2
6
2
6
4
4
2
6
2
6
4
6
2
6
2
2
2
2
2
0
2
4
2
4
2
0
2
2
0
0
2
2
4
4
0
2
2
0
2
4
2
2
2
0
2
2
2
2
0
4
4
0
4
4
8
4
2
4
4
2
4
2
2
6
4
2
2
2
2
6
8
2
2
2
2
4
2
2
2
2
2
2
4
4
4
2
2
8
0
2
2
4
4
4
8
6
2
0
2
2
4
6
4
2
4
2
4
2
4
2
0
4
2
4
2
6
0
4
6
4
4
4
4
2
0
4
4
2
2
4
4
2
2
2
2
2
4
4
2
2
8
4
4
8
2
4
4
4
6
6
6
0
4
2
2
2
2
4
2
8
4
4
4
2
2
2
4
4
2
6
2
4
2
4
4
2
4
2
4
2
6
4
4
6
4
4
2
4
2
6
2
4
4
4
0
4
2
4
2
2
0
4
2
2
10
4
2
2
2
4
4
2
4
4
6
4
4
2
6
2
6
2
4
4
4
2
6
4
2
2
2
4
0
4
2
2
2
2
2
4
2
2
4
2
2
2
2
2
4
2
0
4
4
4
6
6
4
2
6
2
2
4
4
2
2
4
4
6
4
4
4
6
2
2
0
10
6
7
8
2
4
2
4
4
4
4
2
4
4
0
4
4
4
6
4
2
6
6
6
0
4
2
