7
7
13
9
15
13
9
15
6
11
17
7
11
6
9
8
9
15
7
11
9
13
21
21
11
23
4
17
13
23
9
17
9
18
9
18
13
8
19
17
8
9
18
13
9
13
15
18
13
12
9
13
11
20
13
6
15
13
11
28
13
17
17
13
17
20
33
9
11
7
19
18
9
13
11
4
6
22
6
9
11
15
19
9
8
28
9
6
9
9
9
13
11
11
15
9
11
5
9
7
11
13
4
9
20
56
13
14
9
6
11
10
7
8
11
19
13
11
13
9
7
7
6
6
4
22
7
9
9
13
7
14
7
7
36
6
9
15
9
26
21
11
17
16
9
20
5
11
12
7
9
15
19
13
2
10
9
13
15
17
22
17
8
15
11
13
20
25
13
18
21
24
23
25
11
29
7
16
28
9
22
16
26
16
11
17
15
19
25
15
30
24
23
15
23
14
30
22
15
11
7
15
26
10
21
25
15
34
19
32
17
12
15
11
19
7
14
9
16
9
20
11
9
13
9
6
16
16
21
9
13
15
17
13
6
16
9
9
13
20
9
15
7
17
17
4
7
9
11
15
6
11
6
9
8
9
21
13
29
11
26
16
11
18
9
15
8
11
13
7
20
22
11
7
11
17
11
17
13
13
6
9
11
9
15
15
26
5
12
9
12
11
11
13
21
13
7
13
4
9
11
11
9
7
14
7
6
9
9
25
8
10
9
14
9
9
18
13
14
24
17
17
14
13
11
15
13
15
11
11
11
13
11
11
22
16
11
13
13
11
12
11
38
20
8
11
13
7
11
17
6
11
10
7
8
11
17
13
13
7
5
13
13
21
12
9
11
11
11
15
18
13
9
21
6
7
16
11
7
9
7
8
9
11
11
19
9
11
7
7
13
17
9
21
14
9
8
21
4
17
45
26
6
7
11
11
4
15
11
9
5
6
7
7
20
23
7
7
11
18
17
8
7
24
11
6
13
13
17
13
10
10
15
22
13
9
13
4
15
15
31
5
16
16
9
21
7
11
17
17
11
19
20
6
16
11
13
24
7
15
17
9
20
21
7
13
20
23
21
21
23
24
27
17
11
13
19
15
41
15
15
18
16
11
17
18
17
15
13
15
20
18
20
11
16
20
18
9
7
15
19
6
53
31
5
7
13
9
11
11
11
13
13
7
11
20
11
13
21
9
11
15
11
19
15
9
16
9
11
13
16
11
9
9
18
19
11
11
13
14
12
13
14
13
7
11
15
9
17
11
20
18
11
8
20
9
21
11
18
13
16
30
20
12
11
29
28
13
21
16
11
9
9
9
11
14
7
10
8
12
12
10
7
16
12
7
11
5
10
10
7
8
8
11
7
9
7
8
3
9
11
7
5
7
7
10
10
4
16
4
9
11
7
9
4
9
7
9
2
5
9
4
9
10
9
9
7
10
9
13
5
37
5
4
7
11
8
14
9
7
12
12
11
7
7
9
9
14
13
7
11
5
7
9
16
7
9
9
6
12
7
42
5
2
9
4
7
11
7
9
7
11
10
7
5
9
7
7
11
11
12
2
13
7
5
7
9
23
7
5
5
3
14
5
5
7
9
11
9
9
13
7
9
7
7
4
10
9
10
9
11
5
18
7
4
8
5
11
7
10
8
13
7
9
9
7
9
9
10
12
12
15
18
18
17
10
5
9
10
9
7
7
19
17
11
23
7
10
12
18
9
12
21
7
19
15
12
13
19
18
17
13
12
21
15
11
23
12
12
14
14
18
30
9
13
11
7
14
9
8
7
5
11
28
10
20
14
7
5
12
11
10
14
14
13
20
11
12
21
7
9
13
5
11
16
10
7
12
14
11
5
11
13
7
5
20
6
14
15
11
10
11
15
7
13
13
7
10
7
14
12
8
13
12
11
11
5
16
15
10
15
13
15
16
14
10
5
14
5
7
14
7
9
9
9
9
7
5
7
11
7
21
5
13
7
9
7
7
13
4
7
2
7
7
13
9
5
9
4
6
2
6
5
14
5
4
5
5
5
9
2
6
9
7
5
9
4
6
11
4
6
7
4
5
5
6
7
11
2
6
21
7
15
5
6
7
9
7
13
13
4
6
5
8
9
5
7
9
4
5
4
9
6
11
18
6
7
9
9
13
16
6
6
13
4
9
11
5
9
5
9
7
7
5
11
83
7
4
4
9
5
6
5
7
2
7
11
6
7
7
4
3
7
4
4
9
9
7
9
6
5
11
5
7
9
13
7
11
7
5
9
7
9
7
7
9
9
14
9
7
9
7
9
7
7
16
14
11
9
6
13
7
7
13
11
7
15
4
16
5
6
13
19
18
11
5
13
15
17
9
14
15
8
14
7
27
12
22
10
6
13
21
15
20
27
9
20
30
22
16
15
13
4
14
29
7
14
22
18
22
24
13
15
16
13
7
11
7
11
16
12
9
6
20
13
7
14
17
16
9
16
18
21
24
9
9
5
12
6
14
19
9
13
18
9
11
7
11
4
7
5
8
7
5
14
9
9
11
14
4
4
7
7
13
9
7
9
13
4
11
7
4
7
3
7
7
9
5
14
7
5
13
9
7
4
18
13
9
11
7
13
9
38
9
6
9
9
9
11
6
13
7
13
15
11
9
9
7
15
12
10
15
20
8
18
6
16
9
13
5
9
9
11
9
17
13
9
11
13
27
17
8
7
13
4
6
9
9
6
11
7
4
18
9
13
4
7
15
6
17
7
15
13
6
9
8
2
5
11
29
17
9
6
13
13
9
8
16
6
9
13
13
14
16
11
0
29
6
9
8
11
27
7
9
22
9
15
13
12
15
7
7
11
11
11
11
11
15
4
15
11
17
14
9
9
13
11
4
9
13
13
7
9
6
5
5
9
11
15
15
11
2
7
6
11
8
11
8
15
2
4
15
11
6
9
9
16
17
9
9
15
12
16
10
9
6
9
9
16
11
13
23
16
11
23
13
20
13
17
13
13
11
7
16
11
44
13
30
15
23
22
8
25
25
11
11
15
5
17
11
19
11
29
11
17
25
30
14
18
17
14
20
11
11
11
15
11
16
16
15
36
16
9
9
9
10
34
7
21
17
17
22
10
17
11
18
17
7
11
18
17
15
14
7
7
9
9
15
6
13
10
7
15
24
16
11
13
7
11
13
11
16
16
19
15
11
17
11
11
7
39
5
15
13
8
9
12
13
6
13
12
9
2
14
5
4
11
14
4
7
4
7
4
7
11
6
7
7
11
6
7
9
10
2
15
7
7
9
4
10
