6
36
4
0
0
4
6
4
6
68
4
6
4
0
4
57
6
6
43
6
0
45
10
4
6
6
0
86
4
2
10
6
4
0
4
4
0
0
0
0
6
5
12
0
68
4
4
6
0
0
4
0
0
6
0
24
0
6
4
0
0
73
0
2
53
2
0
11
0
6
4
0
0
70
0
0
4
0
0
24
0
6
66
2
2
8
0
6
0
0
45
0
0
2
4
0
5
4
0
6
0
7
0
2
0
4
0
0
5
6
0
6
66
7
2
4
0
4
2
6
4
0
6
8
4
4
2
10
4
0
6
4
2
6
6
0
6
0
6
0
6
6
2
0
6
8
8
6
6
50
12
3
8
6
7
2
5
6
4
8
4
2
0
2
0
0
0
4
0
6
5
6
62
4
0
2
0
8
0
2
0
2
6
0
0
66
4
2
0
8
0
47
5
4
87
6
4
35
5
6
4
2
13
62
2
98
6
0
58
6
4
43
0
8
6
6
5
0
0
6
6
4
4
31
0
6
50
7
62
2
0
6
4
5
5
2
0
0
2
37
24
0
0
3
2
0
46
0
0
0
4
5
0
28
16
3
11
0
0
25
2
2
28
24
22
14
12
4
50
0
0
2
0
2
2
0
2
6
28
0
2
51
2
2
6
4
2
5
5
4
6
0
6
4
5
8
0
0
8
4
0
0
4
0
8
0
6
6
2
6
6
0
13
0
0
2
0
8
4
0
0
51
4
2
0
0
2
4
0
0
0
5
4
6
0
93
0
9
6
0
8
6
0
0
6
0
6
34
6
0
4
0
0
0
0
5
0
4
48
2
0
62
6
7
0
0
0
33
4
0
58
0
0
2
0
4
91
4
0
4
0
0
2
0
8
0
4
4
12
0
2
6
6
4
0
6
4
6
2
0
0
6
5
4
0
0
0
60
5
2
92
8
6
4
4
42
0
0
0
0
4
0
0
0
0
6
4
87
4
2
4
7
0
8
6
6
8
4
0
7
7
4
0
90
0
0
41
2
6
6
0
0
0
5
10
67
0
6
6
0
71
0
4
2
6
5
4
0
2
6
6
0
4
9
4
59
0
4
6
0
0
4
4
6
0
2
0
33
5
4
5
4
98
4
0
85
6
4
65
0
2
5
0
0
4
0
6
8
0
57
2
0
71
0
4
0
6
6
6
0
6
4
4
0
92
7
0
4
0
2
6
6
6
0
4
0
90
4
4
0
6
6
7
8
0
0
59
4
0
71
0
4
55
8
4
36
0
4
2
6
4
4
8
0
4
6
6
82
6
0
6
6
4
57
8
4
0
0
3
0
4
42
0
6
26
4
2
2
0
2
0
3
2
0
6
0
3
2
7
4
2
2
2
0
2
6
4
2
0
4
2
0
2
0
4
0
2
0
4
0
2
0
0
2
3
0
3
0
6
4
2
0
0
0
3
2
3
2
0
0
7
2
0
0
4
0
0
0
2
0
0
2
3
2
0
2
3
3
5
0
2
26
24
2
4
0
0
4
0
3
2
2
0
0
0
3
0
4
0
0
2
5
0
0
4
0
2
4
0
0
2
0
4
3
0
0
0
3
4
0
4
4
0
0
0
2
1
2
2
16
14
47
16
2
2
28
0
6
4
2
0
27
0
0
3
2
2
0
0
0
3
5
2
0
2
3
3
4
2
0
62
2
4
22
2
29
25
6
3
29
7
4
30
2
16
18
28
7
2
36
0
2
3
2
3
2
41
0
19
20
2
2
30
0
3
3
3
2
1
14
4
29
27
2
34
4
2
2
3
2
37
3
0
48
37
2
0
5
4
0
23
2
9
0
0
0
5
12
2
70
2
3
0
20
2
0
36
2
2
46
2
5
2
3
2
25
2
20
25
3
2
3
2
2
48
2
4
3
2
34
16
28
2
33
0
2
4
2
2
0
2
3
2
10
4
2
4
5
4
3
3
2
2
3
4
2
0
38
0
0
0
2
0
20
2
0
2
16
0
0
27
13
0
2
2
2
0
2
5
0
42
17
0
60
0
2
4
0
0
26
9
16
2
2
2
14
4
2
74
4
0
5
0
0
2
0
0
2
5
0
2
2
2
36
7
0
2
2
2
35
5
0
0
0
0
2
2
5
64
0
2
34
6
0
86
0
4
20
0
4
0
4
4
4
6
0
2
0
2
0
2
3
0
6
2
3
0
2
0
2
4
2
0
24
0
0
4
2
5
4
4
4
60
0
0
6
4
2
6
4
2
4
2
3
0
4
2
2
0
5
31
4
2
48
8
5
33
5
0
4
4
0
2
2
2
0
5
4
2
23
0
0
28
6
5
3
0
6
4
23
2
11
53
0
20
20
0
0
4
4
7
5
27
4
29
18
5
0
27
4
4
4
0
2
56
1
0
4
18
2
0
20
2
0
11
5
2
0
19
28
0
34
0
2
32
0
4
26
18
4
2
39
2
0
6
10
8
0
29
6
2
3
4
2
5
6
4
43
3
3
4
2
0
3
25
2
28
2
8
0
8
0
4
6
2
0
38
2
4
33
2
6
58
2
2
2
5
0
4
2
23
0
0
2
4
3
3
0
0
4
0
5
2
6
2
4
3
2
5
4
0
2
8
0
0
32
0
2
2
2
2
3
22
4
0
2
2
2
4
44
0
0
41
2
2
0
39
4
2
2
2
4
0
30
2
0
2
2
0
4
21
2
0
4
7
0
2
41
0
9
41
2
0
2
0
0
2
2
0
10
2
2
4
2
31
0
0
9
2
0
2
32
0
4
37
0
0
4
2
0
2
4
2
2
2
6
6
77
0
2
2
0
0
2
2
2
0
2
0
2
2
2
0
4
0
4
4
0
2
2
0
2
32
0
0
32
4
2
15
8
6
0
2
6
2
2
0
4
0
0
2
8
0
0
41
0
51
0
2
0
2
2
2
2
0
6
62
2
2
4
2
2
2
0
0
4
40
0
0
6
2
4
21
2
2
2
0
0
0
0
2
2
15
2
2
2
0
2
26
2
0
75
4
6
2
31
2
2
2
0
4
4
0
8
30
2
2
41
2
0
2
2
6
49
2
4
22
0
2
8
2
2
2
2
2
2
0
0
0
26
4
9
0
0
2
4
2
0
4
31
4
2
33
2
0
4
2
2
0
13
2
41
2
6
2
0
2
56
6
2
2
37
4
2
4
2
0
0
62
4
2
22
4
2
4
2
0
2
2
2
2
2
0
2
2
2
6
4
2
2
0
0
2
22
2
2
0
2
2
2
