45
51
3
17
26
30
18
38
9
66
23
47
53
46
39
17
22
11
21
28
26
9
20
14
4
44
54
27
51
30
21
32
23
44
26
12
11
44
8
35
11
25
42
27
35
43
26
11
51
9
10
18
45
21
31
31
35
9
24
23
9
9
60
64
47
33
19
80
36
20
21
35
21
79
4
72
16
25
30
32
42
38
21
23
39
50
21
19
20
38
21
35
29
57
19
46
25
15
40
40
30
21
28
57
32
35
34
16
37
39
63
13
42
31
30
26
28
55
35
44
9
27
48
42
39
41
43
24
33
51
46
40
31
42
50
37
45
36
24
23
25
34
45
34
9
71
64
59
47
40
30
27
39
17
26
9
43
55
53
30
35
21
21
25
32
39
36
84
23
43
53
11
20
25
50
28
23
52
17
19
11
9
25
30
33
32
20
41
51
21
22
29
20
45
36
49
46
38
30
24
26
39
22
41
52
35
27
33
51
31
46
32
26
55
32
37
37
36
41
54
26
33
26
34
20
25
23
42
28
43
33
38
27
30
54
35
21
45
26
19
20
19
37
31
41
50
33
41
52
23
11
18
13
21
14
14
19
20
38
51
15
20
17
17
13
17
7
12
21
25
22
21
21
20
51
23
26
22
17
21
14
25
78
17
24
33
30
40
32
22
46
21
44
39
36
33
20
23
39
32
45
31
53
16
33
0
23
42
37
17
26
26
20
25
21
41
30
51
35
58
36
23
14
63
26
44
50
47
33
32
26
27
27
29
42
61
33
41
46
26
56
67
33
21
16
24
45
44
56
39
43
56
56
86
28
43
28
57
47
56
52
42
58
53
44
50
59
20
16
21
70
29
60
61
68
47
43
56
46
32
25
34
30
38
50
41
46
52
25
47
53
38
88
27
49
65
53
66
24
34
46
73
45
27
32
34
35
19
25
54
38
48
48
58
41
36
48
47
27
88
60
49
60
87
32
53
31
26
33
22
37
77
63
43
60
51
59
66
51
29
31
26
27
40
42
36
47
56
27
47
32
37
18
2
39
23
31
35
43
36
69
45
28
23
36
45
38
53
73
55
33
64
39
29
41
25
30
44
39
33
35
16
29
36
21
37
21
23
27
31
48
26
62
77
58
19
53
55
42
32
30
26
25
91
28
29
41
33
63
72
37
28
58
24
62
61
63
35
28
31
29
35
21
17
23
26
22
23
25
22
25
32
21
22
18
15
19
26
46
15
15
18
25
25
39
23
32
20
41
24
22
29
31
38
52
23
26
19
42
21
23
25
29
27
19
58
32
22
40
28
36
38
29
25
41
28
51
33
30
34
46
25
51
30
29
27
47
48
12
33
20
0
3
37
13
41
39
29
34
15
17
46
28
28
27
36
34
38
34
36
28
40
43
36
34
34
40
32
38
31
18
34
38
33
89
32
17
41
19
47
86
33
27
38
60
43
41
46
32
23
40
33
28
22
26
33
24
27
77
21
31
43
43
31
20
11
30
5
43
36
28
20
14
10
30
44
23
28
19
0
46
50
40
38
49
39
30
35
44
29
39
64
50
3
47
53
77
60
39
69
42
42
23
37
44
46
27
28
31
32
37
49
0
14
36
26
27
43
38
36
0
39
49
54
33
0
46
31
42
28
27
75
32
67
71
22
0
20
27
39
32
41
31
35
54
63
43
52
30
32
33
37
53
36
65
54
56
38
52
60
20
29
32
45
44
21
39
41
49
26
51
28
27
28
25
25
29
26
41
20
44
13
45
56
64
25
22
22
37
22
39
46
52
42
47
34
49
41
39
29
65
31
30
43
67
41
35
58
31
48
55
46
29
52
36
36
54
63
61
34
55
20
27
26
28
31
15
21
26
34
26
50
33
30
26
35
44
28
39
25
35
50
34
32
32
27
37
44
35
49
46
27
60
27
39
28
27
35
33
17
22
11
38
63
45
44
28
20
26
38
22
24
33
44
20
50
48
24
39
40
22
18
27
51
26
18
17
38
40
27
47
21
16
34
12
30
36
21
22
34
31
26
46
46
51
24
24
24
23
11
35
49
41
32
27
50
26
18
22
27
27
30
43
34
43
38
54
22
32
37
19
24
38
30
35
36
25
37
54
26
27
22
26
27
17
16
16
23
19
49
61
52
42
22
21
17
19
10
16
60
56
51
47
58
28
20
22
23
23
21
53
42
65
39
45
48
30
20
2
23
39
28
51
54
43
27
30
45
36
37
23
38
41
47
28
45
22
34
23
36
28
20
33
27
24
39
28
34
43
37
23
25
33
51
25
31
48
59
57
63
35
36
93
40
37
46
34
29
33
21
49
19
29
49
35
43
33
40
47
24
43
35
56
31
54
41
49
30
34
25
32
31
12
15
32
51
57
37
57
43
34
25
43
36
34
63
55
38
23
35
29
40
75
31
23
28
21
21
32
38
35
50
33
42
49
23
30
37
29
18
36
45
39
40
63
42
37
54
33
22
33
30
40
43
52
58
42
47
38
51
22
20
27
27
53
57
23
57
50
28
38
34
57
28
24
26
54
28
28
56
41
33
34
32
54
33
31
39
27
9
7
13
55
32
41
30
24
28
35
34
60
71
33
23
63
27
35
42
33
31
37
38
42
25
15
5
44
45
45
17
15
25
25
43
46
51
30
43
36
32
16
23
32
23
36
11
30
23
45
35
19
26
45
29
78
40
30
56
23
41
24
36
43
30
31
37
34
43
22
22
26
17
11
71
19
32
24
49
37
20
27
38
56
62
31
20
58
52
63
23
38
17
34
55
14
41
33
26
47
46
31
29
14
38
43
44
33
41
32
37
34
57
50
12
31
63
28
39
26
2
36
35
37
30
39
19
30
43
60
27
52
41
40
34
19
86
35
31
21
19
20
35
43
34
23
43
36
19
50
25
23
42
33
34
18
26
17
12
27
48
20
60
33
41
33
22
23
42
23
31
26
56
40
0
33
26
21
36
41
16
27
33
33
29
97
62
27
60
55
38
29
23
25
47
54
56
3
28
35
35
40
33
19
29
35
59
72
2
59
11
25
34
51
40
24
26
35
39
39
41
31
31
22
18
37
36
19
22
23
34
43
40
26
27
61
32
30
37
16
57
23
25
37
43
17
29
56
48
41
39
17
35
31
24
63
45
28
27
30
42
30
48
20
39
22
37
26
50
38
37
38
35
30
16
26
24
27
17
37
49
35
23
27
27
82
54
21
21
43
46
40
39
19
18
29
30
35
35
36
64
34
37
42
33
40
45
23
31
38
39
