4
0
0
2
6
6
2
2
4
2
8
6
2
4
4
2
0
4
0
0
2
4
0
4
0
0
4
0
6
2
4
4
2
0
4
2
0
8
6
8
4
2
4
4
2
2
10
0
95
4
0
12
2
0
2
6
6
0
0
2
4
2
0
2
0
0
2
6
4
6
0
2
4
2
4
0
4
4
2
2
68
0
0
2
4
4
4
0
2
2
4
4
4
2
2
0
6
0
2
2
6
2
4
6
2
2
2
4
8
2
2
16
2
6
2
46
2
2
2
2
2
2
4
2
6
4
6
2
4
4
2
0
4
2
2
6
2
0
4
0
4
7
6
4
79
0
8
8
2
4
2
2
0
6
6
4
4
4
6
2
2
4
4
2
2
4
6
6
2
4
6
2
0
10
0
2
2
2
8
0
6
10
2
6
8
0
6
2
2
2
2
0
6
4
2
0
2
2
2
0
4
4
2
6
8
4
2
2
5
4
2
6
0
2
0
2
2
6
2
6
6
5
2
2
2
2
4
2
2
0
6
2
10
4
2
4
4
6
12
4
10
4
0
2
5
2
0
6
8
4
6
5
8
8
2
4
2
2
6
4
4
4
0
0
8
6
0
8
4
4
4
4
4
8
6
4
2
6
8
10
2
6
2
0
4
2
4
2
17
2
1
2
22
2
4
2
5
5
38
8
15
2
2
14
20
0
2
6
8
0
1
4
4
4
4
10
15
4
14
16
9
4
3
2
4
2
4
14
14
12
4
19
5
2
4
6
5
4
3
5
19
0
20
20
6
6
18
4
4
4
10
4
13
1
12
5
18
5
4
2
17
4
11
7
18
4
21
4
7
3
2
1
19
2
19
1
15
2
1
2
8
5
0
1
10
4
2
2
15
4
11
19
4
4
1
2
5
7
11
7
14
2
16
8
18
2
2
7
3
8
4
6
13
5
2
12
3
4
1
3
8
4
0
12
6
2
11
17
21
1
3
16
21
4
3
18
8
5
10
22
15
5
5
2
12
1
2
1
11
2
4
2
21
2
2
6
6
1
6
6
2
6
1
2
5
0
4
1
15
2
2
19
18
6
2
6
2
4
3
6
3
2
10
16
6
4
2
15
2
1
2
2
3
2
2
2
7
4
1
5
13
2
4
6
18
2
2
14
10
2
18
14
3
6
4
2
2
1
2
10
8
2
4
4
2
4
6
3
7
6
2
4
7
5
1
14
4
5
4
4
40
5
1
4
15
4
2
8
5
0
1
1
11
7
3
6
19
4
3
4
17
7
3
2
4
2
6
20
12
10
10
8
12
3
3
2
5
2
2
9
10
8
1
49
12
2
8
9
6
3
6
17
8
2
4
21
20
2
10
6
10
1
4
3
6
3
2
1
34
6
3
4
5
4
6
14
6
37
1
19
8
10
5
6
27
8
1
38
14
1
2
19
19
4
23
5
12
1
9
5
5
4
36
27
4
35
5
21
22
5
7
13
17
2
4
5
6
3
11
21
4
3
5
1
17
4
1
13
12
4
16
5
3
1
0
2
21
3
2
17
5
19
6
28
19
1
5
4
18
5
2
10
5
12
6
5
2
2
1
4
6
2
2
15
4
46
7
19
2
1
2
2
5
3
1
12
2
5
7
10
16
1
4
4
13
1
2
4
5
3
7
61
6
2
4
3
2
2
4
4
3
3
2
3
2
2
4
1
4
9
0
1
4
19
4
2
2
7
4
2
3
3
7
18
5
5
4
2
2
4
1
21
2
3
2
14
4
17
10
8
5
1
4
2
6
2
2
2
7
6
5
0
6
0
6
2
2
1
2
4
15
10
2
3
2
6
0
7
9
5
3
5
6
5
6
2
4
1
4
1
15
28
1
6
10
5
2
6
2
4
6
6
9
7
1
7
6
3
8
2
6
0
3
4
14
2
1
12
2
5
3
4
6
3
3
19
7
2
4
10
8
14
2
18
16
18
12
13
57
52
19
42
60
51
42
62
68
62
32
4
17
2
16
13
2
2
4
4
63
55
18
5
52
42
18
4
5
35
2
1
49
19
18
43
2
4
4
4
2
19
22
20
9
19
12
18
18
61
39
37
31
45
43
5
14
6
48
46
15
50
7
7
23
6
16
19
59
17
17
58
20
11
59
49
17
33
38
59
33
2
63
8
20
4
40
26
2
34
17
4
17
5
17
2
6
2
9
32
4
2
4
4
1
16
45
49
4
36
64
40
13
5
12
15
12
3
17
50
33
18
53
41
23
2
17
4
56
23
50
5
4
51
43
19
55
46
57
26
22
54
48
2
20
2
17
5
49
5
20
11
17
19
22
4
16
22
6
2
6
4
43
36
54
14
5
56
13
22
9
16
4
34
20
10
4
17
56
12
5
4
14
5
19
21
10
2
12
14
52
39
49
33
46
31
64
4
59
6
19
25
37
21
5
1
4
48
10
18
66
2
61
12
13
7
10
4
45
22
6
13
7
18
22
18
53
18
19
53
4
5
4
21
60
20
55
64
45
56
1
4
49
4
8
2
14
4
13
52
24
4
14
4
51
17
4
2
17
36
11
19
20
61
5
33
2
2
16
2
31
63
17
26
54
4
4
4
7
5
4
4
48
4
19
63
21
20
19
17
19
2
1
4
4
14
19
21
49
11
89
21
20
51
21
4
2
2
5
17
18
16
14
15
19
19
3
4
2
15
22
9
19
22
16
67
17
0
1
1
2
44
50
17
15
20
18
21
20
58
35
21
22
17
10
54
16
12
23
8
41
2
31
4
48
51
49
18
23
17
19
51
36
21
0
44
18
22
19
52
59
64
18
10
59
54
10
2
55
57
8
54
22
15
10
61
38
16
1
0
20
10
16
58
16
18
24
16
3
21
39
41
23
12
19
42
61
54
16
56
4
4
0
7
29
4
55
19
18
15
15
19
16
8
6
49
24
10
14
14
13
49
14
21
2
16
50
7
4
17
17
53
18
55
19
20
21
2
15
2
22
16
55
16
21
10
15
20
4
4
19
3
25
3
17
59
15
52
5
40
43
36
2
43
13
43
6
75
55
19
22
56
4
6
31
4
5
7
35
49
62
18
50
8
50
4
39
28
5
38
3
23
15
18
19
20
4
17
29
4
6
16
26
21
59
20
12
14
4
6
41
5
2
17
16
64
20
51
20
2
35
2
52
4
50
17
4
21
19
10
19
18
19
48
25
3
15
21
6
52
56
9
56
15
2
4
2
1
2
4
9
60
57
12
17
16
4
1
16
16
5
2
