0
6
8
7
2
2
5
4
4
15
0
11
4
0
6
6
7
2
2
4
2
13
8
5
6
4
9
4
4
6
6
6
5
6
6
4
8
2
4
11
9
2
5
15
7
2
6
15
2
4
2
19
0
2
4
6
4
0
5
4
4
4
4
11
13
2
2
10
6
4
10
5
7
13
6
6
2
14
2
6
5
5
5
6
10
8
2
9
19
4
15
2
11
2
13
6
5
5
2
2
2
4
6
2
2
4
8
2
4
4
2
5
6
4
15
3
6
2
4
4
4
2
4
0
6
4
5
4
6
5
4
8
8
12
7
2
0
5
5
6
2
4
5
8
10
4
8
4
3
0
5
2
7
2
7
11
5
4
7
8
5
8
5
4
8
2
5
4
7
5
6
4
4
4
6
5
5
5
0
10
5
6
5
6
5
4
6
5
4
6
3
6
8
4
4
2
5
6
4
7
7
15
4
10
2
5
8
2
16
6
2
8
2
2
6
2
6
7
13
15
4
2
6
4
4
2
5
2
2
2
2
4
10
4
6
4
8
7
2
7
6
2
6
6
6
10
5
4
4
7
4
4
6
4
2
15
9
6
6
2
5
0
2
7
18
8
5
6
7
7
4
4
19
4
5
2
4
6
10
5
7
3
3
4
6
6
7
7
6
5
2
6
6
4
6
9
18
6
6
3
4
7
2
14
2
2
4
2
2
2
4
2
7
6
4
7
4
6
4
13
15
3
4
6
8
8
6
6
8
0
0
4
18
4
6
7
2
3
4
4
2
10
4
7
4
2
4
4
11
0
6
14
4
17
6
8
6
7
13
4
0
6
8
4
2
0
6
2
11
7
5
6
6
7
2
7
2
15
4
4
4
4
15
4
6
7
7
6
4
6
4
19
7
10
5
6
5
6
4
9
9
8
8
5
0
6
2
5
7
2
21
3
4
6
2
5
4
4
4
11
5
4
4
5
6
7
3
4
4
2
7
8
4
14
2
8
14
8
4
11
13
6
4
7
7
5
6
4
2
2
2
0
6
15
6
2
9
7
7
0
12
4
6
6
4
6
4
5
8
3
18
4
4
2
6
17
4
6
2
6
2
15
5
7
6
6
6
3
2
2
6
4
4
8
11
4
6
3
10
8
4
4
14
0
4
7
4
6
0
4
0
5
11
7
4
11
7
5
6
4
4
4
5
4
4
8
4
4
2
6
4
5
4
15
0
6
8
4
6
4
5
2
8
6
7
2
4
5
6
18
0
6
13
5
5
4
2
2
15
2
2
4
8
13
10
12
15
14
7
11
8
4
10
4
15
15
8
0
8
8
15
8
2
2
6
4
2
2
6
4
3
4
2
6
4
6
0
12
8
4
2
8
0
0
6
2
2
15
13
4
7
16
4
3
1
18
9
2
6
11
8
5
5
6
1
0
8
5
6
3
6
2
6
14
7
5
8
19
2
6
13
3
4
8
2
2
10
4
2
2
3
2
6
8
0
0
7
6
4
15
2
4
4
5
6
8
4
2
6
4
2
4
4
4
6
8
4
6
8
2
10
6
2
6
4
0
4
6
9
10
6
4
2
2
4
11
6
4
4
4
4
2
6
7
2
7
2
4
2
6
5
6
6
2
4
6
4
6
6
2
4
4
14
6
4
5
14
2
4
5
3
4
5
7
8
3
4
4
7
4
6
4
0
0
0
0
3
8
4
4
13
7
4
6
4
6
2
7
0
5
5
5
9
4
2
2
14
5
6
4
12
4
8
10
2
2
6
2
14
8
8
4
5
5
6
15
10
0
4
28
4
0
2
4
4
4
9
6
6
2
8
5
10
6
4
4
2
2
15
4
2
8
7
5
2
2
2
0
9
8
8
0
2
5
6
6
8
6
12
8
0
8
15
4
13
4
8
4
6
6
2
4
4
3
3
6
6
6
4
2
2
6
5
4
4
6
2
6
6
6
15
6
6
8
2
5
14
6
9
31
11
5
6
6
2
6
6
6
2
4
2
10
2
6
7
6
6
6
2
0
4
16
19
15
4
4
4
8
2
30
6
20
4
8
6
6
2
6
4
6
6
2
8
4
4
2
6
4
4
0
6
6
2
1
6
6
2
2
8
19
3
6
2
8
2
2
4
5
2
7
6
5
4
4
4
2
4
6
6
7
7
6
16
6
8
2
10
10
8
6
2
6
5
6
11
6
12
4
6
4
8
6
4
6
6
6
4
4
2
3
4
2
17
2
4
2
13
8
8
2
4
2
2
12
10
3
2
8
8
6
4
2
6
4
6
9
5
6
13
8
18
10
8
13
2
6
4
8
12
8
3
7
6
11
0
6
8
13
19
17
6
4
7
6
6
5
10
7
4
4
6
2
6
2
4
4
4
5
6
2
10
4
3
2
5
12
5
6
6
4
2
2
28
4
8
15
4
6
8
6
15
8
6
2
2
4
8
6
4
6
4
2
5
18
4
2
14
6
2
10
6
4
6
7
14
2
4
4
25
2
7
12
6
0
4
2
2
7
5
10
6
2
6
6
4
11
4
4
4
8
0
3
3
11
4
4
4
4
2
4
6
6
4
2
4
3
6
8
4
7
13
4
6
2
8
2
2
2
4
4
4
2
8
35
0
2
4
6
2
2
2
6
0
0
2
4
4
2
7
4
4
4
4
0
4
4
7
4
4
7
8
7
4
4
4
2
4
2
6
6
18
3
2
2
3
8
6
5
0
4
7
0
4
4
2
2
2
6
2
4
5
3
6
2
2
6
6
2
2
4
0
2
7
4
10
4
4
31
8
17
4
10
4
4
7
5
8
4
4
4
4
5
4
4
4
4
4
9
2
8
4
6
4
2
4
4
8
7
4
4
4
6
4
8
2
6
28
8
14
4
4
7
7
4
2
4
4
4
7
8
6
2
4
7
7
4
4
6
5
2
3
2
6
6
6
2
5
0
5
8
4
6
7
0
7
4
2
6
6
8
7
6
3
4
5
2
15
4
6
2
5
6
6
5
14
4
8
6
8
2
8
6
8
5
8
3
6
24
2
6
23
2
11
2
6
4
2
17
2
6
4
6
10
8
17
6
4
6
6
6
4
2
2
4
4
4
8
2
2
4
4
6
17
15
8
4
10
21
7
4
2
4
6
6
19
24
6
15
4
6
7
2
4
4
12
4
19
8
4
1
2
8
4
9
19
4
8
2
6
10
6
6
6
2
10
2
8
2
6
4
0
6
6
4
4
9
6
8
19
4
2
7
26
4
6
3
6
6
14
3
