8
6
6
4
4
6
6
0
8
4
8
4
8
4
0
85
0
0
0
6
0
56
2
8
6
4
4
62
0
2
2
4
0
4
0
6
0
0
0
63
6
6
2
0
2
0
0
8
0
6
8
0
67
6
0
0
2
0
6
0
6
6
0
99
6
4
2
0
4
2
4
19
0
0
2
0
2
8
0
2
6
6
4
6
4
0
0
0
6
6
4
6
0
6
0
4
6
0
0
2
6
0
0
0
0
0
8
6
8
2
8
8
4
4
8
0
4
4
6
0
0
2
0
6
0
0
10
6
0
8
4
4
4
0
0
8
2
4
4
2
8
0
6
0
0
2
2
73
6
0
4
4
0
6
8
0
2
6
2
10
0
2
0
2
0
8
0
0
2
2
8
8
0
6
2
0
8
6
0
12
8
4
62
4
6
6
0
0
2
4
67
6
0
8
0
6
4
2
4
10
2
0
2
8
8
6
0
0
0
0
2
2
0
6
2
0
0
6
0
0
6
0
0
0
0
6
2
4
4
99
4
0
6
4
0
6
0
4
8
4
0
6
0
4
4
10
6
6
2
6
0
0
0
10
4
6
4
0
0
0
6
0
0
44
0
8
8
6
0
4
8
6
6
0
6
94
6
4
81
6
0
0
0
6
61
0
6
47
84
0
2
2
7
72
5
6
8
0
0
2
0
7
0
8
4
0
0
57
7
2
4
0
6
4
0
0
2
4
4
2
2
0
6
7
2
4
0
6
0
2
6
6
48
4
2
27
2
7
4
4
6
2
4
2
33
0
0
4
2
49
2
2
2
2
2
4
2
2
4
7
2
4
0
4
2
2
6
43
6
2
4
2
2
10
4
4
2
4
0
4
19
2
0
75
2
2
6
0
10
2
2
4
57
0
6
2
4
4
8
0
4
2
0
2
0
0
6
2
0
85
2
0
5
0
2
4
0
4
49
2
6
2
4
2
8
2
2
5
0
14
4
4
53
4
2
4
0
42
2
0
2
6
0
6
4
8
2
8
2
0
59
4
6
4
0
0
0
4
4
0
0
8
0
8
26
4
2
6
2
6
0
2
8
54
2
4
2
0
2
40
4
2
8
10
2
4
8
4
30
0
6
6
0
83
2
0
8
8
0
4
4
2
6
2
7
15
2
4
5
8
2
29
6
4
0
6
6
12
2
6
8
4
0
8
2
2
8
2
0
7
2
8
0
2
5
4
2
2
62
4
4
6
2
7
2
0
6
4
35
6
7
0
2
0
0
6
0
6
0
4
2
2
10
4
0
2
2
6
36
8
6
26
0
0
45
2
0
54
0
0
2
0
2
9
2
0
5
11
6
6
7
6
0
4
11
2
2
0
9
2
6
6
2
5
0
6
8
4
10
2
2
0
2
0
0
4
4
4
0
0
0
2
0
6
2
2
0
8
0
4
6
3
4
2
0
2
0
2
0
0
2
4
2
2
2
0
2
0
7
0
4
0
0
8
8
0
0
0
6
0
6
0
3
0
2
2
2
2
2
0
0
4
0
4
0
2
2
4
2
0
2
0
4
0
2
0
2
2
2
6
4
2
2
4
0
0
0
2
6
0
0
0
2
0
4
2
5
0
2
0
0
2
2
4
60
0
2
63
8
4
0
5
0
0
2
7
2
27
0
2
0
10
4
2
2
25
4
11
4
0
4
6
2
2
2
4
6
6
0
4
2
0
4
2
5
6
6
2
4
2
2
2
9
4
2
0
6
2
4
4
15
3
4
0
6
3
2
2
5
4
6
0
55
2
0
4
2
5
18
4
4
8
2
4
2
40
2
4
4
4
6
2
2
2
0
0
0
2
2
4
6
4
4
2
6
4
5
6
24
2
2
0
8
0
0
0
0
4
6
2
6
6
6
6
2
2
17
0
0
6
8
28
0
5
0
2
6
4
32
6
4
73
2
2
8
7
2
6
4
4
28
6
6
8
2
0
0
0
0
0
0
0
0
2
4
2
0
0
2
0
10
2
2
2
0
6
0
0
0
8
2
0
2
0
0
6
6
0
6
0
0
2
2
2
4
0
0
6
2
4
10
4
2
0
58
6
0
0
0
2
10
8
2
0
2
2
0
6
0
4
2
2
0
6
0
0
19
0
0
0
0
2
2
2
4
0
2
0
0
0
2
2
2
2
2
2
0
2
2
2
2
4
0
2
4
0
0
2
2
2
0
0
2
2
4
0
0
0
4
83
6
2
2
6
0
65
5
0
0
0
6
2
6
0
0
0
2
2
5
96
0
0
2
2
10
2
0
0
4
6
8
0
2
2
2
0
6
2
0
0
0
0
8
0
42
0
2
2
0
0
21
2
2
2
2
2
0
4
0
4
0
4
6
0
0
2
2
0
0
9
0
41
3
2
0
4
0
6
0
0
0
2
8
2
4
2
2
6
0
0
2
0
3
4
0
8
0
2
5
4
6
0
2
2
5
2
0
0
2
0
2
0
2
0
0
2
0
6
5
2
0
0
0
0
6
2
2
0
0
0
4
0
2
0
2
2
0
2
47
0
0
0
0
2
21
3
4
4
4
4
2
0
2
4
6
4
0
4
0
6
2
2
2
2
0
8
2
4
0
0
0
2
6
4
0
6
4
6
2
0
0
8
8
0
0
0
0
6
2
12
4
0
0
51
2
0
0
4
2
4
0
6
2
0
4
0
0
2
6
0
0
0
6
2
0
0
36
8
0
0
63
8
2
6
0
0
2
0
2
2
4
0
4
0
6
0
69
4
2
0
6
0
0
2
2
8
10
6
0
2
0
0
4
12
0
0
0
0
6
6
0
0
0
0
8
0
4
0
2
4
6
0
0
2
0
0
4
4
2
0
2
2
0
8
2
0
4
0
2
4
54
0
0
0
4
0
0
0
0
0
4
0
0
0
10
0
6
0
66
0
2
2
8
0
0
2
2
2
2
0
0
0
2
6
2
4
0
2
0
6
0
4
0
0
0
4
4
4
0
0
0
4
0
2
91
0
0
4
2
2
4
6
2
8
8
0
63
0
4
2
0
4
0
0
2
2
0
0
0
6
2
6
2
2
2
0
0
0
2
0
0
0
0
0
0
0
6
0
6
0
4
0
4
0
6
0
0
0
8
6
10
0
2
0
2
2
8
6
2
0
2
0
6
0
2
45
0
0
42
8
2
0
0
56
6
0
4
0
0
2
6
8
0
0
0
4
4
6
0
0
4
0
4
0
0
8
4
0
0
6
0
0
0
8
0
4
0
4
0
6
