14
20
18
18
12
10
22
10
14
14
16
14
12
22
12
10
10
20
16
22
10
14
12
12
16
24
18
14
22
10
12
16
14
24
18
14
18
8
8
12
18
18
20
14
14
10
12
10
20
8
8
8
12
10
14
12
12
16
12
16
10
12
14
12
18
12
12
12
10
12
18
22
16
10
12
18
10
14
18
26
14
20
8
18
14
22
18
14
10
18
14
24
14
12
22
14
4
12
20
20
20
14
12
12
14
22
18
10
18
14
12
12
14
8
12
12
12
14
12
14
4
12
12
26
16
14
6
22
18
20
12
12
18
14
12
14
22
16
20
6
12
4
4
20
10
10
18
8
8
8
26
14
24
12
22
18
20
18
8
16
16
14
10
8
18
12
8
20
22
14
12
12
14
6
16
16
12
20
30
18
22
12
8
10
10
14
18
16
18
14
22
8
16
14
34
18
8
24
8
16
18
26
16
22
22
18
22
14
12
10
18
14
16
24
18
18
18
16
10
4
14
16
18
20
14
18
10
20
20
20
26
16
18
12
14
10
16
18
10
16
8
16
8
8
16
22
12
22
12
12
18
6
20
10
6
12
8
8
18
8
16
14
14
20
12
10
10
14
22
2
12
16
12
14
6
24
14
14
20
14
14
12
12
12
14
16
10
18
20
60
44
68
50
38
44
31
68
40
25
24
20
25
66
21
25
30
42
19
56
12
19
44
14
62
19
58
30
56
27
22
24
28
30
27
24
23
32
28
25
17
40
22
42
46
34
66
58
26
37
35
33
26
54
30
52
66
82
24
28
28
36
22
35
23
54
36
62
26
66
19
28
15
42
42
48
50
23
48
44
32
46
70
15
60
42
28
19
64
46
60
66
27
50
32
23
38
36
8
28
94
48
42
62
50
30
31
48
58
52
26
25
72
19
23
46
37
27
28
42
31
29
23
44
38
71
32
36
21
38
64
25
64
26
52
33
25
28
27
31
25
64
19
25
20
18
30
38
36
27
7
14
25
36
27
27
36
13
27
27
40
46
48
29
27
32
23
17
11
17
19
78
28
27
24
22
50
19
31
25
20
50
28
19
30
27
12
68
50
37
46
60
33
31
30
23
30
36
31
56
64
31
26
12
19
40
22
48
50
36
34
54
20
58
44
28
22
38
24
21
58
46
48
58
44
64
21
23
37
26
28
68
23
26
46
52
44
59
12
12
19
26
18
21
25
19
19
66
48
21
33
16
48
35
17
18
26
11
15
23
52
60
56
12
70
21
29
21
22
27
56
24
36
36
36
20
19
80
46
30
19
19
39
31
19
52
25
16
14
26
12
32
26
18
22
16
28
28
16
12
14
18
18
20
20
30
6
22
18
26
18
14
34
10
22
26
12
16
18
11
22
20
20
20
22
34
32
9
24
10
12
12
20
18
16
28
18
14
18
26
22
12
14
26
28
6
26
26
20
26
14
36
26
18
16
16
22
14
18
24
30
24
28
22
26
28
24
24
20
24
24
14
12
14
30
8
16
30
30
18
14
36
16
22
10
28
14
10
14
18
8
20
28
20
16
18
16
22
14
28
30
22
24
12
18
28
18
16
20
16
20
28
22
20
16
20
14
20
32
28
22
34
30
22
26
18
18
24
18
18
20
30
22
12
12
24
16
32
20
10
22
16
20
36
22
14
24
16
20
24
20
16
18
32
16
26
26
20
22
32
32
16
10
30
18
10
20
22
32
18
22
14
28
28
16
18
16
20
20
20
14
12
24
16
20
14
18
28
20
22
8
16
28
22
22
26
28
32
30
18
26
28
8
10
22
18
14
16
24
12
24
26
26
20
24
18
24
14
12
24
20
24
30
12
6
18
24
36
16
14
32
20
30
42
26
18
24
13
18
10
24
22
26
28
22
24
20
16
18
22
22
26
14
22
20
22
26
16
14
16
24
12
6
26
16
38
12
20
18
10
26
24
14
10
14
14
24
22
18
16
26
18
18
24
18
14
18
22
12
36
12
22
16
8
22
14
18
10
14
12
16
10
18
24
8
34
14
16
20
18
24
12
16
24
18
16
16
18
28
10
28
10
18
24
16
16
12
30
18
20
22
22
20
18
12
22
21
24
8
22
16
8
22
22
18
32
16
20
16
7
16
14
22
6
24
22
26
26
22
18
16
16
22
32
24
20
12
18
12
18
12
18
34
14
20
14
16
22
14
28
14
26
14
14
20
22
14
14
16
16
18
20
14
24
20
18
28
24
28
32
20
20
18
18
8
24
22
26
20
20
16
16
22
16
20
18
14
18
18
20
20
12
44
20
12
18
8
24
12
22
18
17
18
14
18
16
16
16
18
34
12
12
8
8
20
12
29
26
28
16
28
20
12
12
12
18
30
24
30
24
20
32
22
18
24
18
14
16
8
18
20
22
14
20
16
26
18
18
14
26
18
18
30
16
10
20
8
18
31
14
22
24
14
22
16
16
16
26
24
18
14
14
20
20
16
20
12
16
24
28
30
12
12
22
18
18
22
18
14
16
20
24
10
14
12
22
10
14
8
20
12
22
16
14
10
20
18
28
18
22
14
6
16
28
22
20
18
18
20
10
20
20
22
10
16
14
10
20
18
12
20
16
14
8
14
22
12
20
10
22
6
14
24
12
14
6
10
16
16
16
10
24
10
22
8
12
22
8
18
10
18
14
20
14
12
10
12
14
16
18
16
22
10
12
18
16
10
8
12
22
8
14
14
12
14
12
16
10
14
16
30
8
16
12
8
16
6
12
10
8
26
18
14
8
18
20
14
12
8
14
10
22
16
12
10
8
12
10
8
14
16
8
4
12
16
12
22
20
20
14
14
8
10
18
8
12
12
32
8
14
26
18
24
12
6
16
8
8
14
16
24
20
12
4
16
10
14
10
10
6
14
8
8
18
12
10
16
10
14
20
14
18
12
16
8
12
18
16
14
18
10
20
18
16
10
14
14
16
14
18
10
8
10
12
8
14
12
18
14
16
8
16
8
19
16
12
16
14
12
14
52
12
14
16
20
14
20
12
22
16
10
14
10
16
8
22
12
20
8
14
10
20
10
10
12
22
8
12
22
4
12
18
24
8
18
18
4
12
8
14
28
14
12
16
28
12
10
22
12
14
16
18
28
10
16
20
10
12
20
12
16
16
20
12
24
8
4
6
18
12
14
20
16
14
6
10
8
16
10
10
16
8
2
14
16
20
10
10
14
20
2
20
14
12
8
16
14
10
18
12
20
12
16
12
6
10
18
14
14
14
20
