4
15
13
6
8
13
11
7
11
9
9
10
9
15
13
13
15
8
7
8
10
21
7
17
13
15
11
17
16
15
8
6
8
13
15
15
8
4
11
6
6
6
15
9
21
11
13
17
4
9
21
15
9
9
13
11
8
9
11
11
9
23
15
6
17
17
17
15
9
7
11
17
23
6
21
6
17
17
15
23
17
15
30
22
19
7
29
22
13
8
13
11
11
17
11
11
15
13
11
8
6
6
15
15
11
13
24
9
6
15
13
7
22
19
17
8
10
13
15
17
6
10
11
13
27
11
6
11
15
19
15
22
17
6
10
13
17
4
9
34
14
8
6
4
13
8
11
6
15
13
32
13
8
11
22
10
9
6
15
15
13
21
15
13
9
15
11
15
12
13
15
11
29
15
9
44
6
9
17
17
9
25
11
9
11
24
11
9
19
19
21
9
7
9
9
15
19
8
32
16
10
8
16
23
8
11
13
21
26
17
19
25
12
8
13
8
8
18
6
20
28
17
11
22
13
15
15
10
13
21
19
11
8
15
15
17
19
7
21
7
11
17
15
8
6
15
19
15
4
11
9
8
11
4
8
10
17
11
9
18
18
11
15
9
15
77
4
4
11
8
4
11
9
15
11
9
10
20
13
11
15
6
10
13
6
21
8
6
6
8
2
12
6
10
4
2
6
12
4
6
14
4
2
10
16
12
6
6
12
6
4
8
6
2
6
10
8
8
4
8
8
6
8
8
25
10
10
10
6
0
10
2
8
6
10
10
8
12
6
4
6
16
6
6
6
2
4
4
10
14
8
8
37
6
10
10
8
29
4
6
4
12
16
4
16
0
4
6
10
8
16
10
10
2
10
6
10
10
10
2
8
6
8
8
12
16
8
12
12
8
16
12
6
10
16
12
6
8
6
21
6
10
14
15
12
8
8
4
14
11
8
17
12
12
13
12
6
11
11
17
12
8
14
10
11
16
11
10
12
10
10
21
20
12
13
17
16
10
6
10
6
6
10
6
10
12
6
2
18
6
14
10
21
10
8
10
21
6
16
10
12
17
4
14
6
17
13
25
15
12
13
10
14
8
8
27
21
12
12
17
14
14
17
23
10
12
23
16
12
17
21
10
12
31
21
8
12
12
12
6
8
14
6
20
15
16
17
4
6
10
21
29
17
8
13
27
15
23
6
8
21
17
12
19
10
21
19
21
8
18
12
10
16
12
8
17
17
17
9
4
4
12
13
14
10
6
8
19
6
15
14
8
14
13
19
4
8
7
6
14
10
21
16
10
8
14
14
25
13
12
8
8
13
10
4
14
2
38
8
6
14
6
6
6
10
8
6
6
8
10
6
6
4
14
2
10
8
8
4
16
4
6
7
6
6
6
9
6
8
6
10
6
2
8
6
11
6
8
10
8
6
6
18
6
2
12
14
8
17
8
16
6
22
12
6
6
6
11
10
10
8
10
4
8
10
8
8
2
13
12
10
4
10
6
8
6
2
10
6
8
6
8
10
2
12
4
4
8
18
16
4
8
12
13
14
10
8
6
17
10
6
11
12
6
12
20
15
8
14
4
25
19
6
8
16
23
6
6
6
8
8
12
6
19
19
10
6
8
6
17
6
32
12
6
14
10
14
15
8
21
6
13
16
14
12
14
16
4
17
10
6
8
12
6
21
6
12
29
18
24
12
20
12
45
10
25
18
8
10
18
15
16
20
10
6
8
22
6
25
25
6
14
10
8
6
4
6
6
4
6
23
8
20
12
8
16
8
12
12
6
14
4
14
4
14
22
8
12
7
12
4
6
21
10
33
15
18
18
6
16
10
18
6
6
27
6
16
16
8
14
10
8
4
6
6
10
10
8
20
2
8
4
10
16
8
14
8
14
6
10
8
4
8
10
8
10
10
10
8
14
29
6
13
14
18
8
10
10
10
6
2
14
16
18
6
8
12
12
6
12
10
10
8
8
6
2
8
4
10
4
12
18
17
6
10
12
12
4
10
12
4
12
8
10
14
7
8
4
6
6
2
2
8
14
8
2
2
2
6
4
18
2
4
10
8
4
12
12
16
6
6
14
8
4
10
8
2
10
15
6
6
2
2
14
8
8
14
14
4
4
4
4
4
6
6
12
14
10
4
6
10
8
17
8
20
4
6
8
4
6
6
12
2
6
4
10
8
6
10
10
8
6
18
8
4
10
12
10
10
4
10
2
10
6
8
18
12
4
8
8
4
6
6
10
10
4
4
4
4
12
16
8
8
12
10
18
6
12
4
15
10
6
10
12
6
16
8
4
2
12
14
4
10
4
17
12
8
8
12
18
14
16
12
14
2
6
4
6
10
8
4
6
14
14
6
16
16
6
8
16
12
10
6
4
14
19
15
6
6
22
12
8
8
16
8
6
4
4
14
16
20
10
8
12
10
10
18
8
6
4
4
4
8
6
12
8
10
6
14
15
10
6
14
8
4
4
6
14
12
17
6
6
8
2
8
6
6
4
2
6
8
4
6
6
2
17
8
4
8
2
2
2
6
4
4
4
6
6
6
6
4
4
2
4
0
0
2
0
2
0
4
2
0
4
0
4
2
0
2
4
2
0
0
2
2
2
10
0
0
2
4
0
2
6
12
8
10
2
8
4
10
6
8
10
8
12
2
6
4
10
8
8
21
4
10
12
12
12
4
8
8
6
15
14
2
6
12
4
4
8
14
4
8
10
4
6
8
10
6
8
16
10
2
10
8
10
3
6
14
6
12
6
10
12
14
10
8
8
12
19
12
6
9
10
6
8
6
8
8
4
10
10
14
6
12
8
6
6
6
6
12
6
8
21
10
6
21
14
12
8
6
10
13
12
16
6
7
12
19
6
4
14
8
6
14
6
10
8
8
15
14
24
8
12
16
12
14
8
4
12
14
10
12
4
16
6
10
12
10
16
10
21
6
19
14
10
8
10
14
6
12
8
6
8
14
18
12
8
6
14
6
4
10
16
8
17
6
20
18
4
13
16
6
12
8
6
4
8
14
10
8
2
4
18
16
14
4
6
6
25
16
8
4
6
8
18
4
27
6
4
19
14
14
16
6
4
8
16
23
21
12
12
8
4
8
12
8
8
8
4
16
4
4
8
4
8
10
14
8
6
2
4
12
6
10
8
8
12
14
8
8
6
19
4
4
0
6
6
6
2
4
6
8
6
14
4
10
10
6
4
8
4
10
24
12
23
8
12
8
6
2
10
6
10
16
6
0
2
0
6
4
8
4
0
6
4
8
6
0
18
