10
10
10
17
17
16
7
3
12
10
12
6
12
10
7
18
10
16
10
16
14
16
14
7
9
26
26
34
17
27
12
27
12
6
27
21
26
12
12
16
23
18
16
16
28
12
21
17
14
26
44
20
26
14
21
21
26
16
21
19
34
23
27
19
34
25
19
17
41
32
12
15
9
16
41
20
15
15
21
33
20
11
20
14
55
31
30
22
17
27
29
29
13
15
25
13
30
40
34
29
38
20
27
32
33
49
50
40
30
19
15
26
30
12
25
17
34
46
53
33
39
26
41
53
30
24
10
14
23
23
27
11
30
18
28
52
29
14
33
28
30
40
28
46
26
32
41
40
25
43
58
56
54
43
26
15
25
23
23
57
39
10
43
27
39
28
40
37
33
32
25
29
49
17
21
46
10
21
28
39
10
28
42
20
38
32
26
22
33
16
13
18
21
20
29
22
8
17
25
23
33
39
41
31
30
31
44
22
12
38
35
38
28
21
18
19
24
29
19
21
10
21
17
25
10
59
27
25
17
30
10
16
21
15
9
13
7
17
12
31
7
7
18
22
28
27
16
14
19
17
12
16
19
23
34
38
14
16
12
10
16
10
10
17
14
13
13
7
19
20
8
15
8
18
10
16
20
39
8
28
10
19
9
19
16
25
9
10
9
12
14
20
5
25
15
15
11
26
28
13
17
11
8
5
25
13
28
11
13
16
12
15
28
24
19
16
29
11
22
15
12
16
30
23
17
38
14
13
22
20
28
22
13
19
24
11
40
17
18
18
24
22
12
23
36
11
16
19
26
17
14
34
22
19
21
62
30
12
14
26
17
25
22
19
18
17
26
32
12
23
20
25
33
23
23
18
10
41
21
24
17
10
52
14
30
25
32
10
10
31
36
19
19
26
17
27
27
10
32
37
16
27
36
29
48
19
24
26
20
27
22
18
49
31
14
27
12
35
38
48
35
29
21
26
36
26
17
46
25
28
17
23
31
39
21
51
30
35
12
31
17
37
30
33
26
30
35
42
29
30
40
29
30
27
30
34
35
51
24
50
31
16
34
60
24
50
28
47
26
26
15
27
27
33
18
33
32
27
44
8
28
21
13
10
14
10
25
12
7
20
11
8
8
7
8
17
3
5
7
17
22
10
19
10
9
9
10
26
12
10
22
5
9
38
7
20
6
26
14
18
16
10
26
17
24
8
14
19
17
13
10
21
12
21
12
20
19
19
20
29
20
12
12
14
22
22
6
11
22
8
8
9
19
15
17
21
13
21
5
10
16
6
12
12
36
19
25
9
6
14
26
8
12
12
10
23
26
6
33
30
18
14
77
22
34
13
23
8
12
10
7
26
47
15
57
8
29
25
16
8
65
19
26
14
18
22
31
14
21
39
14
22
38
22
10
27
73
76
75
67
73
72
78
74
67
41
52
54
39
48
42
55
43
75
76
6
23
12
28
40
41
43
21
12
32
13
30
44
30
49
16
13
15
41
32
22
38
35
19
40
17
21
38
22
23
30
29
23
35
22
41
32
56
34
27
37
17
40
21
12
20
22
36
34
17
42
17
26
30
27
43
28
30
28
38
39
47
24
53
24
30
42
29
40
15
31
29
19
37
58
22
42
51
46
20
17
40
28
73
31
19
34
36
47
41
32
34
40
22
19
19
31
28
26
23
60
36
33
26
37
37
68
40
34
21
24
34
25
26
24
26
36
28
24
29
27
51
43
38
42
30
29
26
19
25
24
38
12
34
15
55
21
40
26
34
35
42
31
32
37
17
9
11
17
30
41
29
14
22
12
9
12
26
16
9
10
7
28
23
15
15
8
11
10
27
15
9
19
21
6
18
9
21
10
11
14
7
22
16
25
18
8
12
24
12
29
13
9
6
8
11
9
20
17
19
13
30
14
14
13
8
17
10
12
11
17
7
24
33
10
10
19
12
21
27
53
17
30
27
12
20
12
8
8
11
9
7
19
7
19
11
9
17
15
15
15
10
3
21
5
28
17
7
15
7
5
17
21
9
7
5
5
15
7
13
23
11
9
27
17
31
13
13
27
16
25
22
23
17
9
11
19
19
15
9
15
17
13
19
30
7
9
5
31
22
15
29
17
27
15
17
19
15
19
15
20
11
11
21
17
7
28
21
15
21
5
13
11
21
49
15
11
7
19
17
13
17
26
7
15
17
11
15
13
12
13
17
11
30
21
23
29
25
28
21
11
11
11
15
15
9
34
35
23
13
11
32
5
5
28
9
23
44
5
19
15
9
13
7
9
32
7
27
3
28
38
13
30
28
27
29
7
15
23
7
17
36
19
15
24
21
7
44
29
9
17
29
7
32
36
11
21
28
19
25
13
22
30
32
28
27
27
32
17
18
34
36
30
40
19
17
18
19
9
42
7
21
19
13
9
56
15
15
34
19
9
17
23
32
33
24
25
11
21
36
34
32
27
29
21
21
9
19
16
37
21
44
17
21
19
24
39
20
23
23
23
30
19
29
37
9
15
21
5
15
13
19
25
5
21
7
16
17
15
19
17
10
25
7
17
5
33
9
24
15
13
9
9
9
17
21
11
9
7
17
21
29
13
11
17
13
26
27
13
15
16
25
17
19
15
13
12
3
9
7
7
13
21
19
7
11
13
19
7
11
13
19
9
31
11
11
19
15
9
11
13
15
5
17
17
9
17
15
35
19
29
7
9
11
15
11
5
25
15
11
15
13
5
11
21
13
7
9
9
5
1
11
9
5
5
13
9
21
11
1
5
37
11
7
11
11
11
29
3
21
9
9
5
3
13
25
15
27
5
17
19
13
17
9
17
11
17
7
19
9
11
15
11
13
17
9
11
13
25
13
11
13
9
17
19
15
21
9
23
9
15
7
11
13
11
7
3
13
9
23
5
9
17
19
15
17
21
7
29
7
9
5
11
15
17
19
21
29
15
15
21
15
13
11
7
5
21
25
11
9
11
17
9
33
15
11
19
19
13
7
23
7
13
33
11
19
15
11
19
7
5
7
7
2
7
11
3
23
5
21
11
11
5
11
21
7
19
11
27
11
9
15
7
5
39
7
13
7
23
5
19
15
5
17
11
3
13
11
3
9
9
17
13
13
11
9
23
25
15
15
11
3
13
31
34
13
7
5
3
19
11
13
17
13
9
9
11
11
19
17
9
7
11
11
9
15
13
2
13
13
3
13
1
9
5
5
15
5
21
0
3
0
7
23
0
7
2
5
1
0
7
3
2
5
1
5
3
1
3
0
5
3
3
3
1
