4
19
8
2
0
1
0
73
4
4
2
6
2
6
0
4
4
5
8
6
4
2
2
8
10
6
6
4
2
7
2
2
8
12
2
2
12
6
4
8
2
4
2
2
2
0
0
8
2
5
12
4
13
3
2
1
2
4
2
6
6
6
4
0
2
86
5
0
6
6
2
15
6
8
2
8
2
7
4
2
6
4
2
2
2
0
2
6
6
4
4
6
2
6
2
2
2
0
2
6
2
0
8
4
3
61
4
6
2
2
10
8
4
2
10
6
8
6
6
6
2
2
6
8
5
2
3
2
6
46
4
6
85
6
9
2
2
6
9
4
6
34
4
4
4
6
4
4
4
2
8
4
5
2
4
8
4
6
0
2
6
4
3
2
4
6
8
6
2
8
6
8
6
22
6
44
2
2
2
8
4
4
6
8
2
5
6
4
2
8
2
6
8
4
0
4
2
0
0
8
6
4
6
7
2
4
8
2
6
5
4
0
4
4
3
2
0
2
4
6
6
2
6
3
15
4
4
8
6
8
10
6
2
2
8
10
6
4
2
6
0
9
4
4
4
4
2
2
6
2
6
5
4
4
4
6
8
7
8
6
2
4
6
0
6
2
8
4
4
6
4
6
8
8
4
7
8
8
4
8
4
14
2
4
4
10
6
6
6
9
10
8
9
7
50
4
8
8
8
6
8
2
5
6
5
2
8
9
10
4
6
4
2
10
8
6
2
7
8
4
2
8
8
14
0
0
6
6
10
6
8
6
6
4
8
21
4
4
11
8
2
4
2
4
7
11
5
10
9
6
15
4
6
3
2
4
2
4
4
2
4
6
6
8
5
3
4
8
6
7
4
3
4
4
6
6
3
2
18
6
12
6
4
4
4
6
7
8
0
7
4
7
6
4
7
4
2
4
6
6
2
6
4
6
2
20
6
6
8
10
6
2
7
34
4
4
8
4
5
12
6
12
10
16
8
29
4
36
40
5
8
12
6
8
11
4
2
2
4
8
24
8
3
10
8
6
6
8
22
2
9
5
4
6
10
21
8
12
8
42
11
5
13
6
0
8
6
6
2
6
8
8
0
2
6
2
4
4
4
3
2
4
8
7
4
4
4
2
2
4
4
11
2
8
6
2
6
7
2
16
6
6
4
5
6
2
6
27
0
0
2
2
3
2
4
8
12
6
8
25
0
3
6
5
32
8
2
6
2
4
0
6
4
13
5
8
6
4
6
2
8
13
9
4
6
26
6
8
6
4
6
6
10
6
8
4
9
24
17
5
6
6
9
6
2
6
6
8
2
4
4
8
6
6
5
12
2
0
4
8
2
2
6
5
6
14
6
4
6
2
4
2
4
0
8
6
4
17
6
2
2
6
8
4
2
2
6
2
6
6
4
4
4
6
6
6
4
4
83
2
15
1
2
8
8
6
0
2
28
0
0
12
2
13
4
6
2
81
4
4
24
6
0
4
4
6
4
2
2
16
2
2
6
0
2
4
4
4
2
2
4
4
6
2
24
6
4
2
6
2
3
4
2
94
23
4
7
6
5
8
3
57
2
4
6
10
10
57
4
4
2
10
6
19
4
4
13
2
2
6
2
2
8
2
35
5
6
6
6
10
12
8
2
3
4
6
2
8
13
8
4
4
14
4
2
4
2
4
4
8
4
2
2
0
6
2
4
9
4
6
4
2
6
2
2
4
6
2
8
4
6
4
4
14
8
4
6
6
4
6
4
4
3
2
6
8
2
2
5
15
15
5
0
19
18
2
7
0
4
76
4
4
4
2
13
4
6
6
8
2
4
4
6
8
2
45
4
2
6
2
17
7
4
8
8
4
4
6
11
13
0
6
8
11
4
4
2
2
8
0
4
2
6
10
8
8
19
4
8
6
4
5
2
2
4
4
78
0
4
8
6
6
8
2
7
10
4
8
6
8
2
6
6
4
8
6
4
2
6
8
6
6
4
2
2
8
4
0
4
8
8
8
4
6
4
92
9
6
15
2
6
10
4
17
6
8
10
8
4
19
5
4
0
4
5
4
9
10
2
4
11
0
4
6
2
2
4
6
4
4
0
0
4
4
2
0
0
6
14
4
0
4
6
4
4
0
2
0
8
2
8
8
8
4
2
8
4
4
0
4
8
4
4
8
4
4
12
4
4
4
4
4
2
0
2
4
14
8
10
4
8
6
0
4
12
16
4
2
16
2
6
6
0
10
4
4
11
2
6
8
4
4
6
2
6
8
10
2
10
9
10
2
4
4
6
4
28
10
5
2
6
8
11
82
4
2
6
5
2
2
66
2
10
10
8
4
6
8
6
2
6
13
2
6
10
10
17
4
2
10
14
2
6
3
8
4
4
5
8
4
2
5
4
97
6
60
0
5
5
6
2
13
4
5
12
4
8
4
4
2
2
0
9
8
4
47
5
2
6
8
2
71
0
4
2
8
4
2
8
6
4
6
2
2
2
2
2
6
8
6
4
52
6
4
2
11
4
49
10
6
4
7
4
8
4
6
4
2
9
8
0
4
8
0
8
4
0
4
5
2
2
8
6
6
2
10
8
12
4
2
4
0
4
11
6
6
6
6
6
86
3
6
6
6
8
4
4
6
6
2
85
8
4
0
6
2
2
0
4
0
2
2
6
4
6
2
10
2
4
2
13
15
6
0
0
2
7
4
8
6
4
6
6
8
4
4
4
2
0
2
4
0
15
46
4
4
8
4
6
0
0
2
2
0
6
4
12
2
0
0
4
0
6
2
4
6
0
4
77
0
4
2
4
2
0
4
4
7
2
0
2
4
89
10
4
89
0
4
60
2
2
42
6
0
2
6
2
2
2
2
0
2
4
90
2
6
2
6
2
4
2
2
4
2
0
2
0
2
4
8
10
10
6
47
2
8
4
4
4
4
4
4
0
4
0
4
4
4
4
6
4
4
4
4
4
8
5
8
6
6
0
4
4
0
8
8
4
51
2
0
44
2
2
4
2
4
2
4
7
4
0
4
4
9
4
0
4
6
2
0
2
2
14
4
4
10
4
4
0
4
4
4
15
4
6
4
2
2
8
4
2
0
4
6
6
11
6
0
2
4
71
0
2
2
0
10
6
4
2
10
0
2
2
2
0
4
8
2
4
2
2
0
2
4
10
7
8
2
2
4
4
6
2
6
2
0
12
6
4
8
2
4
6
4
4
2
6
2
0
2
9
4
4
6
0
2
2
10
4
0
13
3
13
8
0
4
4
2
0
2
0
6
0
4
8
10
6
7
6
2
