12
8
16
10
6
12
17
4
18
12
16
5
17
14
14
8
10
7
14
13
10
12
11
18
8
13
23
13
15
8
15
7
10
9
15
12
9
9
20
12
9
6
7
19
16
14
11
12
13
10
11
16
14
15
10
10
10
14
10
11
9
12
10
15
11
13
12
12
11
8
4
9
13
20
11
11
12
16
12
13
13
12
9
12
11
10
16
9
12
13
5
16
21
14
14
14
17
18
16
6
10
6
11
7
17
10
9
10
11
12
9
9
8
15
14
11
12
15
17
11
10
11
8
8
8
13
10
8
19
9
17
16
10
13
13
11
9
9
12
14
7
19
14
9
14
14
4
17
7
7
15
12
23
15
16
13
21
18
8
11
12
9
10
18
18
22
14
5
13
12
19
18
8
17
14
13
13
9
8
11
21
11
17
9
16
12
15
12
8
7
13
8
10
18
10
9
15
9
12
14
5
11
9
10
11
13
11
10
13
13
12
14
6
12
9
12
11
12
13
12
16
13
10
14
12
9
9
11
17
9
13
14
12
9
10
13
12
11
20
15
24
8
11
13
13
9
15
10
11
11
6
14
11
18
17
9
9
12
6
18
17
9
13
15
16
12
5
17
13
18
13
18
15
13
12
4
5
21
8
12
16
15
11
14
13
6
13
20
9
11
9
11
10
8
11
10
10
8
12
12
10
10
10
11
14
9
9
8
10
7
9
20
10
10
9
11
9
11
11
14
12
12
4
10
7
12
11
13
8
9
9
11
13
10
13
8
12
12
13
13
11
11
10
10
8
11
10
13
16
9
12
12
13
9
13
10
5
12
6
7
10
7
12
7
13
4
8
5
12
8
7
7
16
12
11
15
8
14
12
11
13
7
7
17
8
17
13
9
9
14
12
6
14
9
15
9
9
12
12
11
6
9
14
12
5
6
9
6
13
15
11
15
12
9
10
6
11
8
12
8
9
13
9
8
13
6
9
15
13
7
12
11
10
7
9
13
11
9
8
9
9
7
8
8
9
11
7
9
11
10
10
7
16
18
13
19
25
17
29
14
10
14
5
8
12
6
10
11
11
11
14
12
14
14
10
10
14
11
6
11
17
11
14
18
9
11
10
12
10
14
16
14
14
11
15
11
13
17
9
12
11
6
13
13
17
5
3
13
8
14
9
10
8
14
10
9
13
15
6
10
7
14
11
14
16
12
13
13
13
19
13
11
16
11
18
10
10
13
16
14
9
10
9
16
11
9
13
12
14
18
14
9
13
6
14
11
11
12
11
10
15
11
12
13
11
15
7
11
9
12
6
12
10
10
11
15
6
11
8
7
9
15
13
11
11
14
16
9
10
15
17
14
15
14
14
16
15
25
19
15
13
8
16
23
21
15
10
7
10
10
13
9
13
5
6
10
6
6
6
9
11
11
11
12
12
11
10
17
3
9
9
14
12
10
7
15
12
8
13
19
12
16
10
11
12
11
12
12
10
8
8
9
8
13
14
14
6
7
11
19
8
14
7
14
7
13
3
10
11
9
11
7
4
10
17
15
15
8
10
7
14
11
9
6
12
8
9
9
12
14
14
10
9
6
13
12
17
9
13
17
7
12
18
8
11
11
13
11
8
14
17
13
12
11
9
14
11
17
8
12
11
10
8
12
8
8
9
14
8
5
12
12
6
11
9
13
16
13
9
16
9
13
15
15
12
12
9
15
11
11
9
12
10
10
5
10
10
17
22
13
10
11
11
13
17
13
14
12
14
10
13
17
13
12
9
12
5
8
6
7
9
9
5
9
9
12
4
5
11
8
10
9
13
11
10
11
9
9
13
7
8
10
10
4
9
8
9
10
12
8
10
9
8
7
14
7
6
13
9
9
8
13
17
6
15
5
9
13
8
9
5
8
18
12
11
12
5
10
12
12
10
10
9
8
6
7
13
6
13
7
8
10
10
8
10
4
8
9
14
8
10
9
8
14
15
7
13
12
7
8
23
10
9
6
17
10
10
16
5
7
9
7
10
8
18
8
7
3
3
10
3
9
8
17
18
7
9
7
8
7
7
4
6
7
8
11
10
16
10
7
8
11
7
10
31
11
17
14
4
0
1
1
1
2
0
4
0
5
1
5
2
1
2
1
23
0
2
4
5
0
4
2
4
2
0
0
2
2
2
6
6
1
3
1
2
2
2
1
1
1
1
4
3
2
4
4
1
4
4
2
0
1
0
4
3
4
0
1
2
5
7
0
2
3
0
1
2
0
1
2
1
4
3
3
0
0
6
3
1
2
0
3
0
2
2
0
1
5
1
1
1
1
2
1
3
0
0
3
2
0
10
0
1
6
4
0
1
6
1
2
1
1
1
2
1
2
0
0
2
0
1
2
3
1
2
3
0
2
4
0
1
0
2
2
4
2
1
4
5
0
1
2
1
2
6
5
5
0
3
1
2
0
4
1
5
0
6
2
1
8
1
2
1
1
0
2
4
1
1
3
2
0
1
12
2
1
4
2
1
3
4
1
1
1
0
1
2
1
2
0
1
1
0
1
1
2
0
2
2
3
2
0
4
2
2
1
2
1
0
0
1
1
1
1
2
0
0
0
2
2
1
3
1
9
7
4
1
1
0
1
5
1
6
8
8
5
5
5
9
14
3
6
8
8
8
6
6
8
3
5
8
6
13
5
11
7
3
7
4
3
5
6
20
10
5
5
5
3
10
5
7
7
4
6
14
10
9
5
5
6
4
8
4
17
8
7
7
5
3
37
24
40
23
24
7
6
7
10
12
4
6
13
5
8
8
5
7
3
7
6
6
3
6
5
8
10
9
17
8
7
9
11
6
19
8
12
15
5
11
8
9
3
6
8
10
6
11
10
7
5
6
10
6
17
14
6
9
10
7
9
6
8
11
8
5
8
7
8
6
4
12
9
6
17
6
6
5
10
6
11
13
5
6
8
5
10
7
12
5
5
6
13
6
11
5
16
8
8
7
10
5
6
14
10
7
8
10
11
6
11
17
8
13
4
12
5
16
9
10
7
6
8
11
3
16
6
14
15
12
10
12
13
17
9
9
9
5
3
6
9
13
5
13
9
9
10
6
4
7
11
11
10
5
6
7
7
8
11
7
33
8
12
10
11
8
16
18
5
10
9
13
20
18
8
6
7
8
7
10
13
9
8
5
8
9
6
6
13
13
9
8
12
4
11
8
8
10
17
5
10
10
22
7
13
9
13
13
7
13
6
10
8
6
18
4
8
5
4
14
12
9
3
4
5
9
8
4
6
9
9
