9
14
13
23
19
16
15
9
12
15
0
16
14
19
19
20
29
13
21
25
12
20
10
18
10
13
23
21
18
18
13
19
31
22
20
13
24
20
12
30
13
14
25
17
18
15
16
17
24
19
24
18
19
20
23
27
14
16
18
12
24
19
23
28
15
17
17
24
24
15
17
24
26
18
18
10
28
18
17
23
26
17
17
21
24
20
14
21
10
21
28
25
29
24
20
22
18
24
19
27
18
24
18
16
26
21
21
17
13
20
17
19
10
24
22
12
31
19
21
19
16
26
29
21
17
25
15
19
17
23
16
22
14
13
9
20
13
19
16
20
16
15
19
13
19
21
16
12
16
27
14
26
20
19
14
19
20
29
14
22
23
19
30
22
20
14
19
23
15
19
28
9
14
14
12
25
15
12
19
16
16
23
18
23
32
11
22
21
18
22
18
15
15
12
16
22
18
19
19
22
12
16
15
17
19
15
19
18
18
19
22
16
14
14
18
14
15
11
24
24
18
20
23
20
18
18
15
12
12
15
11
15
20
20
14
20
21
17
11
18
17
21
19
26
25
10
19
13
20
16
6
14
16
13
21
17
14
19
18
23
21
12
18
17
13
12
13
12
11
22
16
19
16
18
15
9
11
6
14
9
25
27
19
16
16
18
13
19
19
24
19
20
15
20
17
18
21
18
27
22
24
20
18
26
22
18
22
18
24
15
18
20
23
16
20
14
20
16
28
29
17
16
25
25
18
15
7
20
22
24
22
22
19
25
14
18
19
13
14
23
10
17
20
19
17
18
20
16
17
17
14
16
29
18
15
21
28
23
11
16
20
22
21
30
16
20
18
17
14
20
13
18
22
21
25
14
27
28
22
28
16
19
21
14
18
19
24
23
30
30
12
14
19
29
23
23
20
20
20
25
17
21
26
20
23
18
25
22
14
25
23
25
17
28
23
16
33
24
18
21
15
14
21
16
17
18
19
23
29
17
15
14
28
14
20
13
26
18
20
16
14
16
22
15
29
15
13
22
17
15
17
14
20
26
17
16
17
20
25
20
17
17
75
16
29
11
18
19
22
24
25
15
28
24
28
24
28
20
14
21
18
12
16
15
16
23
22
16
29
16
14
20
18
19
14
15
15
19
18
16
14
16
13
13
13
17
17
11
24
20
15
19
18
19
15
13
19
24
18
25
11
20
15
23
35
26
16
24
17
18
23
23
19
18
26
21
23
18
26
16
24
18
28
9
18
11
19
16
15
19
21
20
24
35
21
13
25
17
22
24
25
13
19
22
15
39
22
12
9
29
21
17
16
25
16
24
0
2
4
2
0
4
0
0
0
0
0
0
2
2
4
2
2
0
4
0
2
2
2
0
4
2
4
0
2
2
2
0
4
2
0
2
2
1
2
0
2
0
2
0
2
0
0
0
4
2
6
0
6
2
2
2
0
4
2
0
0
4
2
2
2
4
0
4
2
2
2
4
6
0
2
2
2
0
2
2
4
0
2
2
2
2
4
2
0
2
6
4
0
2
4
4
0
0
0
0
4
0
2
2
0
2
0
0
2
0
2
4
4
4
0
0
4
0
4
0
0
2
4
2
2
2
0
4
6
0
2
2
2
4
2
0
0
2
4
4
4
4
0
2
7
4
2
2
2
0
4
0
2
0
2
0
5
0
2
4
4
2
0
2
4
0
0
2
2
0
2
0
4
0
2
0
2
0
9
4
0
0
4
2
2
2
6
0
2
0
1
4
0
2
2
6
2
2
0
2
2
0
4
2
2
2
2
2
2
0
0
2
2
0
2
2
6
2
2
2
0
0
0
0
2
2
0
2
2
37
0
0
2
2
2
4
0
2
0
0
0
2
2
0
0
2
0
0
2
4
0
2
2
2
0
4
0
0
0
2
2
2
0
0
0
0
0
0
2
2
10
0
7
0
2
0
2
2
0
2
2
0
6
0
0
2
2
6
2
7
7
8
4
7
11
13
6
7
4
10
7
2
4
20
8
7
4
4
8
5
13
7
2
9
9
6
4
8
6
17
6
8
4
6
11
4
2
12
4
2
8
5
10
4
4
6
4
6
9
13
6
7
7
6
4
5
2
15
9
7
8
6
9
2
2
7
8
5
7
8
6
19
6
9
10
10
5
6
5
9
6
9
7
4
13
15
7
15
9
7
3
15
11
9
6
7
14
11
6
4
4
11
6
5
7
5
7
5
5
8
17
5
5
15
13
11
8
4
9
13
7
10
7
15
12
7
11
9
11
8
5
5
44
3
4
8
9
5
6
9
6
8
11
5
5
7
9
11
5
4
7
19
8
9
7
12
25
5
5
6
3
6
5
15
9
16
7
5
5
6
5
9
8
13
6
9
11
9
17
7
5
17
11
11
13
9
7
9
4
11
3
14
5
9
15
9
11
10
8
7
9
7
7
5
7
13
9
55
6
13
5
9
9
13
13
16
5
17
13
11
10
11
6
6
20
12
13
9
4
6
6
5
13
7
4
11
7
8
9
11
8
10
7
6
9
7
6
9
6
9
8
10
7
4
5
4
2
5
7
13
10
13
7
4
15
4
4
4
3
6
3
5
6
7
5
8
6
4
2
6
2
5
4
4
7
4
4
4
6
6
2
4
9
2
2
8
5
9
5
10
6
3
8
5
2
7
7
4
4
3
7
13
7
6
4
16
9
4
6
6
6
6
9
4
8
2
4
4
5
2
7
4
4
8
3
2
13
2
4
4
5
2
6
7
22
7
5
6
6
2
2
7
4
4
4
8
8
4
8
6
4
7
5
9
6
7
5
32
9
6
2
9
7
2
16
11
3
7
6
20
8
9
9
4
2
12
4
7
4
5
5
10
4
5
8
7
17
7
16
10
2
5
2
4
8
6
7
5
9
4
2
9
8
9
18
9
11
9
9
9
14
5
4
6
4
19
9
2
8
8
12
4
3
9
19
2
11
2
4
8
4
4
3
4
13
4
6
6
11
5
7
6
3
2
2
9
4
6
8
4
7
5
2
2
4
4
2
7
6
7
5
6
5
5
13
10
7
4
6
5
8
7
6
4
3
4
7
2
7
9
4
6
3
4
6
4
6
9
5
4
2
4
4
4
4
4
7
5
11
12
3
22
6
15
7
7
11
9
8
9
9
9
7
6
7
4
4
6
8
6
8
4
6
8
4
8
17
6
7
2
7
5
2
4
6
4
8
4
13
10
6
6
7
2
13
8
2
4
9
7
4
6
2
8
2
8
4
2
9
2
2
6
9
4
