11
9
26
18
26
16
22
27
33
40
20
44
43
27
31
16
15
34
38
14
6
12
13
14
20
41
3
16
20
22
46
14
29
39
46
55
25
41
37
21
32
38
9
15
22
16
15
18
20
14
12
22
17
36
40
14
12
17
37
29
32
39
19
20
17
36
55
17
20
15
12
22
34
23
12
33
20
44
52
41
38
15
22
13
21
21
24
17
14
15
29
30
28
18
34
22
17
24
36
17
19
18
29
33
26
12
17
16
20
17
23
20
10
20
22
27
35
17
15
21
32
27
13
26
19
39
14
24
23
20
13
10
13
28
35
20
11
17
26
19
36
22
18
39
34
24
47
17
12
34
24
9
15
15
17
10
24
24
10
13
16
16
29
24
18
23
29
29
32
28
19
27
23
43
12
27
19
23
17
15
32
12
19
16
14
33
24
14
13
16
21
31
27
32
32
30
31
20
31
34
17
18
29
0
0
13
16
20
19
18
16
11
17
22
29
22
33
28
19
19
25
18
30
13
29
12
14
14
25
11
32
12
13
30
32
26
21
16
41
23
24
38
28
21
12
15
36
15
23
11
29
10
16
26
10
9
18
19
18
21
38
16
32
35
32
25
24
21
10
21
32
29
13
24
22
8
22
18
21
17
25
22
36
29
26
22
47
25
1
11
2
3
1
1
36
7
1
5
3
3
7
4
6
4
4
4
7
3
3
3
3
5
3
3
5
5
5
8
3
3
3
1
3
3
25
5
26
1
5
5
15
5
3
1
1
3
3
3
1
5
5
3
1
3
20
5
7
4
1
6
1
5
3
3
3
5
4
7
3
5
3
6
3
34
31
16
14
20
15
17
33
21
23
35
28
16
13
12
25
16
16
17
16
14
35
20
14
22
15
23
11
15
19
10
13
18
13
15
20
17
12
24
13
14
24
10
18
17
14
11
17
20
16
13
17
26
31
9
19
16
13
9
21
17
33
39
17
27
9
30
13
19
17
16
16
20
11
25
18
15
11
27
11
14
11
23
16
15
22
12
17
20
12
12
11
11
17
23
18
24
37
18
16
9
25
13
24
20
17
16
22
7
16
15
19
32
17
8
15
17
15
18
42
17
15
31
17
18
25
11
15
30
24
28
23
20
14
40
13
13
37
11
53
12
26
24
31
17
17
23
18
20
26
15
9
12
8
25
21
12
20
24
6
14
28
25
11
12
22
19
15
20
12
30
49
16
66
13
47
15
7
17
18
12
19
31
16
16
36
26
24
17
17
17
22
17
28
14
23
19
14
24
15
13
33
28
23
17
26
16
15
63
22
8
20
20
17
36
38
21
48
38
23
55
24
30
0
28
44
16
28
26
11
26
34
24
28
27
20
15
31
23
19
37
7
15
24
9
34
18
18
38
36
26
11
24
26
23
34
42
13
36
25
7
17
13
24
23
5
11
20
5
11
14
7
21
0
9
5
9
19
13
34
66
59
38
9
23
22
15
38
9
17
16
32
35
15
13
35
30
32
13
26
5
17
18
21
31
62
49
28
30
30
38
20
19
24
40
26
17
10
30
17
34
17
0
28
33
24
29
26
26
48
58
34
19
32
28
29
17
35
60
35
48
37
30
45
18
17
26
21
36
33
19
40
52
38
42
34
32
52
30
39
26
22
63
53
24
75
39
37
10
17
47
20
36
39
32
28
10
19
39
38
40
38
37
45
29
28
55
47
62
35
24
37
53
20
25
35
38
33
13
18
34
30
20
56
36
35
36
43
15
54
33
0
30
36
42
35
14
36
36
28
29
18
27
23
30
37
24
40
22
45
28
28
19
17
20
15
5
15
9
25
15
16
19
36
19
15
27
28
15
38
25
16
27
36
18
23
13
28
17
41
16
18
9
15
27
62
0
27
22
7
15
9
3
1
7
5
3
3
7
0
3
10
6
7
5
7
5
27
5
5
5
1
2
9
3
5
14
5
5
1
3
25
9
7
7
5
13
18
13
40
7
5
7
14
3
5
24
61
19
9
7
0
3
5
19
7
3
9
5
15
5
13
11
9
1
5
7
7
7
11
17
13
9
9
9
28
17
9
3
15
9
7
32
17
13
13
18
11
9
17
11
24
14
9
5
11
23
17
23
30
5
42
26
8
28
38
16
21
20
32
22
51
32
19
32
42
33
32
28
24
11
54
34
26
55
26
49
44
35
39
30
38
55
22
15
52
55
69
50
22
23
32
9
13
17
5
34
34
47
25
38
33
41
20
25
30
13
40
40
15
40
22
18
31
45
27
27
34
36
11
46
48
32
7
27
34
23
21
33
39
31
30
21
36
24
12
38
28
37
36
31
63
32
12
53
20
24
8
38
37
28
60
24
39
28
20
34
35
28
27
22
17
39
16
28
30
68
62
46
63
54
43
63
42
38
32
36
39
36
48
47
13
36
36
59
61
45
21
30
66
49
47
39
13
26
17
12
12
55
18
28
30
44
82
17
47
41
43
34
15
16
19
30
56
15
20
38
19
37
38
12
19
15
26
15
20
9
44
5
22
17
9
16
19
16
20
7
16
13
34
11
44
5
20
23
22
15
5
19
15
11
9
17
15
5
3
19
9
4
5
9
26
12
16
38
11
1
11
3
9
63
22
28
33
22
30
30
47
20
26
26
46
36
28
25
19
26
17
26
33
22
26
18
38
42
35
28
79
22
13
38
20
29
40
41
28
59
21
41
62
38
19
35
35
17
31
32
44
30
26
21
38
36
34
30
47
42
72
62
28
28
18
9
22
22
9
36
37
28
17
40
24
52
28
26
47
36
20
0
44
38
40
16
37
45
28
28
34
57
36
70
36
28
28
44
32
55
38
19
5
38
16
30
35
20
43
38
18
74
28
11
30
15
43
27
40
34
38
41
34
23
35
22
16
37
24
11
9
6
30
8
22
44
28
17
38
46
24
35
27
47
6
32
34
29
18
19
51
45
40
42
51
27
49
32
55
20
19
26
31
28
7
40
44
26
19
47
24
40
11
28
38
55
60
44
47
18
8
65
45
27
21
24
20
27
24
39
28
32
57
38
29
29
27
18
59
20
26
36
43
59
24
65
42
45
38
16
35
57
33
26
36
30
28
19
38
30
25
23
25
38
28
18
29
27
37
37
30
0
19
23
15
26
13
43
28
10
21
34
11
24
21
19
19
24
27
26
24
9
43
16
31
0
16
19
67
14
45
21
36
36
21
27
18
22
23
17
32
17
17
7
32
37
38
19
15
0
1
0
16
13
9
16
9
5
20
15
