4
5
2
2
2
4
0
4
4
6
2
4
0
6
2
4
4
5
2
2
4
4
2
6
2
5
3
2
2
4
5
2
4
2
6
0
2
0
2
6
3
0
4
4
2
0
2
2
15
0
4
2
0
2
2
0
4
0
2
2
2
4
4
6
27
5
0
0
3
2
6
0
2
5
2
2
4
2
9
4
0
4
4
6
2
0
2
0
4
4
25
3
0
2
0
5
5
4
2
2
4
4
0
3
5
4
2
4
4
0
4
4
2
4
4
33
0
7
0
4
0
6
7
2
2
2
4
2
5
4
0
6
4
5
2
3
0
2
2
5
2
2
4
2
2
4
2
2
4
0
2
7
0
2
4
2
5
2
4
7
5
2
4
0
4
2
5
2
0
7
0
4
2
7
4
15
2
4
2
2
5
5
5
2
4
2
2
4
2
0
2
2
2
2
3
0
2
2
2
2
4
2
4
4
2
7
4
5
2
2
2
0
4
5
0
2
2
2
2
2
2
4
3
2
7
2
2
6
2
3
0
29
25
6
5
2
6
0
13
4
3
4
6
27
27
6
4
0
4
5
2
4
4
2
2
2
3
6
6
0
0
2
2
2
2
2
3
4
4
4
2
3
3
0
2
0
4
2
2
7
2
2
4
27
2
27
0
4
4
2
2
2
4
0
17
0
0
4
2
4
27
4
2
2
2
0
5
0
2
5
4
2
4
0
0
2
0
0
0
3
2
6
2
2
2
3
4
2
2
4
0
4
2
4
0
2
4
0
2
5
5
0
4
2
31
6
0
2
4
0
2
5
0
4
5
4
29
4
33
2
31
2
29
5
2
4
4
2
4
2
3
5
0
2
2
2
2
9
4
0
2
2
5
4
3
2
4
0
5
6
0
2
0
4
2
29
4
7
2
5
4
4
4
4
5
2
6
2
4
2
3
0
2
2
2
2
2
5
4
6
2
2
2
0
7
6
4
4
0
3
0
25
2
0
0
2
0
2
5
2
2
2
0
2
5
2
2
2
0
5
7
2
2
3
4
0
5
3
0
2
2
0
2
4
4
2
2
7
5
3
0
5
3
2
0
6
0
2
7
4
2
4
2
2
5
0
2
2
2
0
0
0
0
2
4
4
7
2
2
5
4
4
0
4
5
4
2
0
2
2
4
0
7
3
4
31
2
4
2
2
2
3
4
9
2
0
11
4
4
2
2
4
4
3
6
4
4
3
6
4
2
4
3
2
3
4
0
2
6
9
2
0
9
7
4
29
0
7
2
2
6
6
7
2
3
4
0
2
6
4
0
5
2
2
2
6
4
6
4
5
4
2
2
2
0
3
4
3
2
3
2
0
0
0
5
4
35
2
4
0
4
2
0
4
2
3
2
4
5
2
5
7
4
2
3
33
3
2
0
4
2
6
2
4
33
2
4
2
2
4
6
0
0
4
2
4
33
2
2
2
2
2
5
4
21
2
2
2
4
4
2
2
2
4
3
2
4
2
0
0
2
0
4
4
4
2
6
35
5
2
4
3
4
4
2
2
0
2
2
7
2
4
2
4
2
4
5
2
2
2
0
4
2
2
4
4
2
4
2
4
4
4
2
4
2
0
2
2
5
2
6
2
4
4
7
7
5
2
0
4
6
2
2
2
4
2
4
29
4
2
4
3
2
2
2
2
31
3
2
6
4
31
4
4
4
4
4
7
4
3
2
2
2
7
5
6
2
6
6
4
4
2
5
2
2
2
0
0
2
2
0
3
4
0
4
7
2
2
0
4
4
4
2
7
5
2
7
2
4
0
2
4
3
4
2
2
4
2
0
2
4
2
6
2
2
2
2
2
4
5
4
5
2
4
2
4
0
2
7
2
2
0
2
4
5
4
33
0
5
5
4
0
6
4
4
2
4
5
2
31
0
4
7
6
4
4
0
2
6
0
5
4
2
2
2
31
4
7
2
2
7
4
4
3
4
4
4
5
0
0
0
2
2
2
2
3
2
2
4
2
2
2
0
2
2
0
4
0
0
2
5
3
3
2
4
2
4
5
2
2
2
4
4
2
2
2
82
3
0
2
4
7
6
0
2
4
0
0
2
0
0
0
0
4
0
2
2
4
4
0
4
4
2
3
4
2
6
2
0
3
0
2
2
2
2
80
2
4
4
3
76
2
6
2
4
2
2
2
3
4
2
0
4
0
0
2
4
0
0
0
2
7
2
4
4
0
4
2
2
2
4
0
2
2
5
2
4
3
0
2
2
4
2
5
2
0
2
70
74
3
5
4
2
0
0
0
2
72
0
5
5
2
2
4
2
72
4
6
0
6
0
0
0
2
66
2
2
2
4
5
4
2
0
2
4
7
2
0
4
0
2
6
0
4
2
4
0
2
4
5
2
2
2
0
0
4
4
0
2
3
0
2
4
6
2
6
2
2
5
4
2
4
2
3
0
6
3
2
2
4
0
0
2
2
6
2
4
4
59
0
4
5
2
4
2
2
5
4
4
2
2
0
2
2
2
6
2
2
0
6
5
2
0
2
0
4
4
0
4
2
4
4
4
0
2
3
4
0
0
0
41
2
0
2
0
4
9
4
2
13
0
64
4
0
0
0
0
0
4
0
62
3
4
3
2
2
0
4
4
2
3
2
4
2
2
5
7
3
2
2
4
2
0
0
0
2
2
3
0
2
2
5
5
2
0
2
0
4
2
4
2
2
4
3
0
3
5
4
4
2
2
3
5
2
0
2
2
0
7
2
3
4
2
0
0
0
7
2
4
3
2
4
4
5
4
2
3
2
2
5
5
4
6
0
0
0
5
2
2
2
4
2
0
0
4
0
2
4
4
2
4
0
0
2
4
3
5
2
7
0
4
2
0
0
0
4
2
2
5
0
4
2
0
2
0
2
4
0
0
4
2
6
2
4
2
5
5
2
2
2
6
3
0
2
5
3
5
4
4
4
0
4
0
2
13
4
2
0
0
4
0
2
2
2
0
5
2
4
2
4
5
5
6
4
2
2
2
0
2
2
2
4
2
4
3
4
5
2
2
6
4
0
5
5
4
0
4
0
4
2
5
2
4
4
0
5
5
0
2
2
4
2
2
5
0
2
4
2
3
7
0
0
2
0
2
6
2
2
0
7
2
0
2
9
0
2
4
4
2
4
4
4
2
2
4
2
5
4
2
3
2
2
2
0
0
0
3
2
2
3
2
2
2
4
2
4
2
7
4
2
4
0
4
33
2
2
0
5
0
2
2
0
0
0
4
0
4
0
2
4
