8
8
4
2
10
4
2
4
6
8
12
2
18
8
8
4
6
4
6
8
4
8
4
8
4
4
4
6
4
10
4
14
6
4
6
8
12
17
19
10
14
12
17
14
19
12
20
16
12
17
27
16
18
8
21
21
15
2
12
15
16
31
14
13
10
19
37
8
19
17
10
12
16
4
10
8
12
11
37
10
17
19
16
17
19
25
32
4
16
19
23
19
25
10
35
19
27
25
17
14
23
17
12
19
19
16
17
27
19
21
23
29
25
23
17
19
31
23
17
25
47
29
15
16
23
19
19
23
23
16
29
21
21
42
25
17
19
34
27
27
23
23
23
14
27
25
27
31
23
31
27
38
21
29
23
41
35
25
35
23
15
19
52
23
17
25
33
27
21
10
12
11
14
8
17
10
12
8
10
13
12
14
10
8
12
15
12
15
15
14
10
14
9
10
9
15
12
10
14
17
6
11
10
17
17
16
12
16
17
15
14
10
17
16
8
10
13
14
12
14
14
15
15
17
10
15
10
14
15
10
11
17
8
11
12
14
8
10
12
10
14
21
15
12
15
12
8
4
8
6
12
12
16
12
12
8
10
6
8
8
10
12
58
8
6
12
10
8
10
12
49
10
10
12
46
12
6
6
6
10
9
8
6
14
6
8
10
17
15
10
12
8
10
6
23
8
12
12
2
8
15
16
21
12
29
12
17
16
21
25
12
21
25
35
6
23
33
8
14
6
19
6
33
25
10
14
15
14
17
12
19
16
15
21
19
16
31
17
31
15
17
23
23
14
10
29
17
10
29
16
14
17
25
23
21
33
37
19
17
35
14
29
66
23
19
25
31
21
19
39
27
25
33
27
21
19
15
25
25
27
43
43
23
54
31
43
19
29
43
29
21
31
19
16
16
19
27
54
16
25
41
31
48
25
41
10
25
17
37
43
12
39
21
29
33
10
42
39
14
17
52
46
58
27
25
21
48
41
38
41
17
23
23
29
45
31
45
17
13
10
23
10
27
29
33
12
21
10
8
23
25
15
21
15
21
37
8
46
50
27
14
19
13
29
28
10
29
48
45
46
41
37
42
39
17
23
41
50
12
35
40
17
17
25
17
35
23
41
28
58
27
19
31
48
14
17
16
21
29
29
52
25
41
35
31
43
37
29
37
31
14
37
16
29
8
31
31
8
29
14
21
25
19
12
13
52
23
19
37
23
17
35
33
15
23
29
20
18
14
14
80
8
10
29
21
10
23
16
8
12
6
8
14
10
23
10
19
6
12
21
10
10
6
8
16
10
14
10
25
6
27
15
19
21
6
31
6
10
13
8
4
6
8
17
6
6
4
8
6
4
2
6
4
6
6
8
10
8
12
6
8
4
4
8
10
16
17
14
6
10
8
17
14
14
8
8
8
12
21
10
14
8
10
12
13
10
6
12
19
16
14
14
19
19
33
14
21
12
17
14
21
35
29
12
10
39
21
48
39
12
15
10
12
19
12
41
13
25
35
8
0
21
25
35
25
41
43
19
35
23
21
35
10
27
16
16
35
73
25
33
27
12
41
47
12
39
23
27
12
21
14
70
32
25
17
25
23
21
16
17
14
35
8
14
43
47
16
17
46
10
12
23
39
27
14
12
19
14
10
27
35
10
43
46
21
29
52
10
48
14
33
41
14
52
16
27
12
21
10
15
70
54
52
78
23
14
10
23
41
17
44
27
33
46
14
62
23
14
21
16
39
12
56
37
41
58
8
21
17
15
10
48
25
12
6
47
33
23
46
16
33
29
25
66
27
12
37
29
19
50
8
33
19
39
23
47
21
35
8
12
27
17
39
10
45
8
14
8
8
12
29
19
37
17
39
25
33
33
17
12
8
12
76
17
17
43
29
6
23
12
6
6
8
17
33
6
21
12
31
25
19
23
17
8
15
10
19
12
23
15
29
16
29
17
10
36
14
17
17
33
10
21
29
8
8
15
13
8
9
6
8
8
6
10
10
4
6
15
14
6
10
10
11
15
6
10
16
10
10
10
12
0
14
10
2
8
19
29
14
12
16
12
12
6
11
6
10
8
14
14
10
12
12
6
16
8
6
47
8
8
21
10
6
2
10
4
23
2
14
19
8
6
8
8
12
8
15
15
6
4
8
12
8
12
6
10
12
6
6
8
13
10
4
12
17
4
12
10
4
8
6
6
4
14
6
4
10
2
10
8
14
14
12
8
4
10
10
13
8
10
15
14
17
10
11
8
17
19
12
13
15
23
6
12
19
12
10
25
15
15
14
15
15
8
6
17
8
6
4
17
6
10
10
19
8
12
4
15
31
25
6
15
15
12
4
12
10
21
6
12
10
10
14
19
13
21
17
25
15
4
8
17
12
10
19
12
15
10
8
6
17
8
12
10
27
11
21
6
12
10
17
6
17
8
6
6
8
8
19
14
17
15
21
8
15
12
14
14
15
49
2
4
12
8
14
17
29
8
6
12
6
10
17
21
2
4
4
16
10
4
6
10
4
16
8
12
8
12
10
8
12
8
12
6
19
15
8
6
14
12
12
6
10
8
8
12
8
2
6
14
8
6
15
8
4
2
6
10
6
10
6
8
12
6
17
4
16
4
14
18
10
10
8
2
6
8
6
2
12
12
2
6
12
8
0
6
4
2
6
4
18
8
12
6
6
10
12
4
14
16
8
6
14
18
10
8
17
6
10
6
8
8
8
8
18
4
6
8
14
8
27
19
10
8
10
10
16
10
10
16
12
6
4
4
16
8
10
12
6
14
16
14
16
16
12
14
8
14
8
12
8
8
8
14
6
8
8
10
12
10
8
14
8
14
12
12
8
10
4
12
14
12
12
14
8
8
16
6
6
8
8
8
12
6
16
14
10
10
10
6
8
8
10
12
8
10
8
10
8
19
4
8
6
15
8
4
12
8
10
6
12
8
8
6
10
8
14
6
6
10
10
10
6
4
13
6
12
12
10
10
12
12
4
4
14
8
17
10
8
11
8
16
12
8
14
10
12
39
14
18
12
14
8
8
10
14
14
10
4
10
8
4
10
8
12
10
10
8
8
15
12
18
10
14
6
6
6
4
12
12
12
12
14
8
10
8
12
19
6
6
10
16
6
8
12
10
8
14
4
8
12
10
10
8
8
10
10
4
19
14
6
6
6
10
21
6
14
18
6
8
10
6
6
8
10
8
2
8
8
6
16
6
4
6
4
0
8
6
6
12
4
6
12
2
12
8
2
14
8
4
10
8
10
4
10
8
19
4
4
10
