0
1
3
0
18
1
3
1
0
1
1
0
1
1
1
2
0
0
3
0
2
1
0
3
5
0
0
7
0
0
1
0
0
4
5
1
1
9
4
11
0
0
0
0
1
0
1
0
0
0
0
2
4
1
6
2
0
6
3
3
0
0
4
1
1
0
0
4
2
0
0
0
0
1
3
3
1
0
1
0
1
11
0
7
1
1
0
0
4
1
3
0
2
1
0
4
0
1
6
0
2
1
0
0
15
17
3
3
13
1
4
1
4
2
4
6
1
4
1
0
1
0
0
1
1
2
0
0
1
1
0
16
1
3
17
2
0
1
12
2
12
0
21
17
3
6
0
1
11
1
0
12
3
14
0
1
10
0
0
0
4
1
9
0
15
1
0
2
1
1
0
0
0
0
1
0
1
0
11
6
15
17
13
0
15
0
11
1
1
4
2
1
1
0
1
4
12
7
10
22
2
0
0
1
15
1
13
1
0
1
1
3
2
1
2
2
1
4
1
2
2
2
2
3
16
1
11
1
2
0
0
10
17
2
2
1
1
2
1
2
1
3
11
16
14
2
3
6
11
20
1
10
16
19
4
6
19
1
11
0
24
3
2
0
7
0
3
1
16
4
0
11
1
0
1
0
2
1
4
2
6
1
2
10
2
2
1
4
25
1
1
4
0
1
1
7
18
3
2
3
21
0
1
1
8
0
13
1
0
6
0
0
1
0
1
0
7
1
1
4
1
0
0
13
18
0
0
3
1
4
0
1
0
1
25
16
1
1
9
2
3
1
1
2
3
0
0
16
1
3
1
17
0
0
0
1
18
1
0
1
4
1
0
3
0
2
1
1
0
1
1
8
1
1
16
22
0
0
1
3
0
1
3
14
3
2
3
0
2
2
3
2
18
6
8
1
1
0
1
1
4
1
19
1
1
4
4
20
1
1
0
0
0
7
0
20
1
2
0
14
1
5
5
19
0
7
0
26
8
0
1
18
1
1
1
1
2
0
1
2
16
0
6
15
13
2
9
7
2
1
10
0
3
2
9
5
0
7
3
1
1
1
1
1
1
3
18
0
1
2
3
0
2
2
1
2
0
11
0
14
11
2
8
3
2
1
11
1
14
0
13
1
16
2
20
10
19
1
3
12
1
4
18
16
16
14
2
1
4
2
2
10
0
1
1
7
12
2
16
0
13
1
18
0
0
1
1
7
3
2
19
1
3
17
1
1
29
5
12
1
0
15
1
1
7
14
3
11
0
0
1
8
1
1
1
3
0
3
2
11
11
0
1
7
1
20
0
1
4
21
1
15
1
15
0
7
5
1
3
5
1
14
1
1
1
3
4
0
1
6
0
0
0
3
3
0
3
21
1
7
1
3
3
4
1
1
1
1
3
3
0
1
0
0
6
3
16
1
0
0
0
0
0
6
16
14
3
1
1
0
3
3
3
0
1
1
3
1
0
1
2
3
1
1
1
0
0
1
3
3
0
0
1
1
1
3
0
0
0
8
13
1
1
1
3
0
1
1
1
0
0
1
1
3
0
0
1
14
0
1
2
0
0
1
1
1
0
1
5
0
1
0
0
1
1
3
0
14
1
8
0
3
1
1
3
1
1
1
0
1
0
1
1
1
0
3
6
1
0
1
5
27
3
0
1
8
0
0
1
1
26
1
0
0
1
1
0
1
1
0
0
1
5
1
0
1
3
1
6
17
36
0
0
5
1
5
0
3
0
1
1
0
1
1
5
4
4
5
0
1
1
3
7
3
24
3
3
1
1
1
0
1
1
5
1
3
1
0
5
3
0
0
3
1
3
0
0
0
21
3
0
0
1
0
3
22
3
1
0
1
7
0
1
7
19
1
3
20
20
0
0
4
3
17
0
3
3
1
3
2
3
3
3
1
1
1
0
0
1
0
0
1
2
5
1
1
14
1
1
3
0
3
3
24
0
3
6
3
0
1
7
0
1
1
7
0
1
1
0
3
0
3
3
0
7
1
1
0
6
1
0
1
39
1
1
3
0
1
0
7
3
5
1
0
0
1
27
21
3
3
6
15
1
1
1
0
1
1
1
3
1
3
1
3
3
2
1
3
28
35
3
1
1
1
1
22
16
1
0
1
1
1
0
23
1
1
1
6
3
11
0
3
1
0
0
5
1
0
1
0
0
5
0
3
1
1
19
5
0
0
0
4
5
0
1
1
1
0
3
0
1
5
6
0
0
1
3
1
1
1
1
0
0
3
0
4
3
3
0
0
6
3
2
4
29
1
9
4
6
1
8
1
3
9
0
1
1
0
1
1
1
0
1
3
3
3
1
1
1
0
1
1
0
0
5
1
1
1
20
0
1
7
1
1
1
3
1
3
1
1
1
5
1
1
1
0
3
1
1
6
1
0
0
1
1
0
0
27
3
1
1
1
0
0
3
0
1
0
1
1
1
4
3
3
0
3
3
1
3
1
4
3
3
5
0
0
1
3
1
8
0
6
4
0
1
3
1
0
3
3
1
0
9
1
3
3
0
3
0
4
4
0
3
0
5
1
0
3
1
0
1
1
0
3
16
15
1
3
1
3
0
2
2
1
0
6
1
1
1
5
1
8
3
7
18
1
3
3
3
1
0
1
0
1
5
1
0
3
1
28
3
0
0
9
1
1
1
1
1
7
39
0
0
0
5
5
1
0
0
0
5
0
1
0
3
0
3
0
5
5
3
3
1
3
3
1
3
0
0
0
0
3
0
44
0
0
5
0
5
0
1
1
0
3
1
0
1
0
3
1
1
0
0
1
0
1
3
0
20
1
1
1
5
1
1
1
0
3
5
1
0
5
1
1
5
42
3
3
3
7
5
7
0
5
1
0
1
0
1
2
1
3
0
1
3
7
3
0
4
0
1
3
8
1
0
0
1
3
5
1
1
0
3
3
0
5
1
5
3
0
1
1
1
1
3
1
5
0
0
1
0
0
1
1
3
1
0
41
3
5
3
3
1
0
1
3
3
10
1
0
1
3
1
0
3
1
3
13
0
3
10
1
0
1
0
0
3
0
2
3
0
4
1
1
1
1
0
1
0
1
3
0
0
31
3
1
0
1
7
1
0
5
1
3
0
0
3
3
3
0
3
10
1
1
1
1
0
1
1
3
3
1
1
1
3
1
3
8
3
6
0
3
63
1
1
3
1
3
5
1
8
5
0
1
1
0
3
1
1
0
1
1
0
0
1
0
6
1
26
1
3
3
3
3
3
7
3
5
3
6
5
0
1
0
1
3
7
1
0
5
