8
8
8
4
0
8
0
6
8
4
0
82
0
6
39
0
6
2
96
4
2
0
4
6
0
4
0
4
2
2
0
8
2
10
2
4
0
0
6
6
9
2
0
2
2
55
10
12
6
6
4
0
6
4
0
0
6
0
6
4
8
2
24
6
8
6
2
0
2
14
4
2
0
4
33
2
2
6
2
4
2
0
0
8
8
6
46
0
8
6
8
0
0
6
8
4
4
4
0
12
8
2
8
2
0
4
2
4
0
0
31
8
7
4
4
4
8
6
8
2
2
0
2
10
6
2
12
2
2
8
0
0
8
0
2
6
2
2
2
2
2
12
6
8
2
8
4
6
61
2
6
0
8
10
12
4
83
8
6
8
2
6
0
8
10
8
8
8
0
2
4
6
2
4
2
6
63
0
0
8
8
4
4
2
2
10
0
2
74
4
2
6
2
10
40
2
2
4
2
4
60
6
4
66
2
2
25
0
0
0
2
8
2
0
8
10
6
6
2
8
2
6
2
0
4
8
2
10
12
2
2
60
10
10
6
6
8
2
2
4
0
23
2
4
0
0
6
62
2
62
14
4
6
2
8
10
0
0
8
4
6
4
12
96
8
2
10
10
6
8
8
0
4
0
10
59
6
8
2
8
0
6
8
8
0
0
6
8
21
0
4
7
0
5
4
4
0
2
2
4
4
6
6
2
4
2
4
6
2
4
2
6
4
2
6
2
4
6
4
4
8
2
0
10
4
4
8
0
8
0
0
4
2
8
2
2
0
2
4
4
4
6
2
4
4
2
6
4
4
0
6
0
2
0
4
0
2
4
4
6
2
2
2
4
4
2
4
6
2
6
0
8
4
2
4
0
2
4
4
2
2
0
6
6
0
6
6
4
0
6
0
4
6
2
2
2
2
0
2
0
0
2
6
6
4
4
2
8
0
4
8
4
2
0
6
0
4
2
4
20
2
7
6
4
6
6
2
4
2
0
4
6
0
2
2
2
6
6
4
0
46
8
0
41
2
6
6
2
4
6
5
2
2
2
0
46
4
8
6
8
8
6
4
0
8
4
2
0
6
15
4
4
2
8
0
6
31
0
0
11
13
2
28
4
4
9
2
2
0
2
0
2
2
4
4
37
0
8
2
2
0
44
0
0
2
2
2
2
56
0
2
17
4
4
2
0
0
2
2
0
0
6
4
2
8
6
0
2
4
4
6
10
45
2
0
4
4
6
4
4
4
8
4
4
6
2
10
6
2
6
4
6
7
4
0
4
4
0
4
2
4
0
6
68
10
6
4
2
4
4
4
8
6
29
79
6
2
8
2
0
2
2
2
4
4
0
0
30
0
6
0
0
8
2
0
0
6
2
32
8
0
0
2
0
11
4
2
6
6
2
2
0
2
6
0
4
38
0
2
0
0
0
0
0
11
2
0
7
0
0
4
0
0
2
2
0
0
0
4
4
0
0
0
2
0
0
53
0
2
79
0
0
62
0
6
0
0
0
4
4
0
28
0
0
2
0
2
48
0
0
0
2
2
2
0
0
26
4
2
27
2
0
2
4
0
0
0
0
2
0
0
42
4
0
2
4
2
4
0
0
21
2
0
67
4
4
2
2
0
2
0
2
0
4
2
2
2
2
27
2
0
52
4
4
0
14
2
2
6
0
6
2
0
0
0
5
2
0
2
4
0
2
6
20
22
0
0
28
22
3
0
2
2
0
30
2
2
2
0
6
0
4
2
0
2
2
2
0
2
42
0
0
2
14
2
2
30
6
2
2
2
0
0
0
0
2
4
2
4
0
4
8
6
2
66
0
0
27
4
10
4
2
2
8
38
8
6
2
0
48
0
2
2
0
0
4
0
0
6
0
0
4
2
8
8
2
2
6
6
2
4
0
4
4
6
4
4
8
0
6
0
2
7
0
4
4
2
10
8
45
6
2
35
4
0
4
2
2
0
2
4
6
0
6
4
0
8
6
0
0
2
0
6
6
6
62
0
4
4
0
6
2
0
6
0
0
0
0
0
4
0
6
0
0
2
4
0
0
0
0
0
10
0
0
2
2
2
8
2
2
0
0
92
10
0
10
0
2
4
66
6
0
2
6
14
0
0
0
0
6
8
2
0
4
0
6
0
0
0
0
0
6
0
2
25
2
2
6
0
0
8
2
2
6
6
4
0
2
4
6
0
64
0
2
2
2
2
2
0
0
0
8
94
2
0
8
2
6
30
4
0
0
0
5
2
0
0
2
2
6
0
2
62
0
4
4
6
0
8
2
0
0
6
0
0
0
6
2
0
0
6
10
10
8
0
0
0
2
0
51
0
0
2
6
12
8
4
8
2
0
4
0
0
2
2
0
10
4
58
0
2
4
4
0
4
0
8
8
10
2
4
4
2
4
0
4
0
2
62
4
8
0
2
2
25
0
4
0
6
0
2
6
0
0
0
65
2
4
4
0
67
0
6
0
8
68
2
2
90
0
0
6
6
0
6
2
0
0
2
2
2
6
0
0
6
8
0
0
0
6
4
8
0
0
8
0
6
0
2
0
0
4
6
6
0
0
8
2
2
2
6
0
96
0
2
6
0
2
0
0
0
0
6
2
6
8
2
2
0
0
6
0
29
4
6
0
0
6
0
10
2
0
2
0
2
2
0
0
0
0
0
2
0
2
4
29
2
4
4
0
2
4
2
2
0
0
4
70
0
0
2
0
2
0
0
0
0
21
0
2
2
0
2
35
0
2
2
0
2
0
2
0
16
0
0
0
44
0
4
2
2
0
2
4
2
2
0
0
2
0
2
0
0
0
0
23
0
0
2
0
0
0
0
0
0
0
2
0
29
0
2
0
0
4
2
4
4
2
2
2
4
0
0
39
0
0
2
0
6
33
2
2
0
0
0
2
2
0
0
4
2
4
2
2
0
27
2
2
76
0
2
6
0
2
0
2
0
0
2
0
2
0
0
20
0
2
4
0
0
2
4
0
0
2
2
4
2
0
42
6
0
35
0
0
8
6
0
20
6
0
27
2
0
6
0
0
2
4
4
0
0
2
2
0
6
0
0
0
0
0
0
4
2
4
4
0
2
0
0
4
4
4
19
0
2
0
0
2
2
0
2
0
6
0
4
0
2
0
2
2
2
0
0
31
2
2
2
0
4
2
2
4
2
2
4
0
4
0
0
2
4
42
2
6
2
0
0
37
2
2
2
0
0
2
2
4
0
37
0
0
2
4
8
40
2
0
0
2
2
0
0
2
68
2
2
4
0
2
2
4
