11
9
9
6
9
9
15
19
9
9
17
15
11
15
13
8
10
22
17
10
11
17
13
21
11
29
11
23
29
21
18
19
9
8
26
19
17
19
11
15
8
13
19
28
19
19
31
15
0
37
38
20
30
21
29
25
25
13
20
11
36
17
21
31
24
38
24
9
17
15
11
11
38
51
19
35
17
25
13
27
27
15
13
15
15
23
13
19
23
23
29
51
19
29
23
11
13
23
19
15
31
15
29
17
28
23
15
34
15
19
29
13
34
21
29
28
2
32
36
15
20
20
31
13
26
7
29
15
30
19
6
31
26
33
30
13
19
25
19
21
38
15
18
20
13
26
30
35
8
23
33
21
19
25
32
25
13
13
13
13
13
13
13
15
8
8
13
29
33
9
19
11
17
13
6
13
10
15
17
15
21
8
6
8
6
9
11
11
13
11
11
10
6
13
6
13
13
11
15
10
9
15
17
6
10
15
11
27
4
10
9
11
15
13
9
8
7
4
9
8
11
13
9
7
4
5
11
7
11
10
15
9
7
10
13
11
2
8
12
7
11
11
13
9
21
23
17
37
11
20
31
20
20
15
30
38
13
10
13
22
45
16
9
11
7
10
11
11
9
9
5
7
15
7
20
11
13
13
13
6
7
4
9
9
11
13
9
11
15
13
11
9
13
9
6
11
4
6
15
16
9
15
13
4
9
8
13
13
11
13
13
15
13
10
6
6
21
13
19
10
10
9
13
15
25
11
8
13
15
13
8
13
0
10
11
8
19
15
17
11
11
11
15
11
13
12
13
21
8
11
11
9
19
13
12
24
21
17
33
12
10
13
31
10
34
29
32
23
31
19
29
17
23
19
31
41
25
33
15
28
31
21
29
23
35
50
13
40
23
40
44
21
45
20
23
37
25
21
27
15
31
10
10
35
22
46
30
50
13
47
31
17
46
50
50
17
19
31
25
42
31
56
50
29
13
29
43
23
46
36
49
33
36
35
9
19
9
11
8
15
31
15
15
12
8
12
34
19
13
12
8
8
11
16
17
12
38
17
4
10
25
6
17
6
7
5
13
9
4
23
10
4
15
8
9
13
11
9
11
15
8
10
10
11
6
9
11
17
13
9
13
11
6
10
13
13
19
4
4
7
12
10
13
19
12
11
10
12
7
11
10
10
2
6
10
6
13
13
13
8
13
8
10
15
23
8
23
15
9
11
35
10
39
19
29
15
10
28
29
15
21
41
19
10
15
50
17
72
8
12
21
29
29
27
13
25
21
10
15
33
28
19
15
17
34
23
15
19
17
12
15
11
10
41
32
30
13
11
11
16
19
20
15
34
41
20
27
12
15
20
36
18
17
7
9
18
10
22
10
9
11
16
4
15
8
14
9
19
15
11
7
9
13
9
32
13
12
12
5
9
17
9
5
7
6
14
10
3
15
11
9
12
6
7
11
16
7
13
16
16
18
9
9
8
9
11
5
13
12
7
6
5
12
9
19
9
12
15
9
18
11
8
4
4
15
18
11
5
13
12
13
14
13
24
21
10
20
9
15
11
13
14
15
11
17
17
13
15
11
7
36
9
18
16
19
25
18
11
32
18
24
24
19
18
17
28
23
21
15
16
16
12
12
12
16
26
16
15
21
24
19
15
24
28
4
16
30
27
24
24
29
35
27
16
26
63
15
20
32
23
37
12
23
16
23
5
24
23
17
0
16
26
15
9
20
23
11
14
20
11
39
18
18
20
23
27
21
25
26
19
22
11
7
15
27
26
17
19
20
19
15
17
19
18
30
19
28
22
13
21
42
17
20
15
0
13
15
29
14
15
14
9
20
20
23
24
14
31
20
17
26
32
14
16
22
18
7
19
9
15
13
29
13
26
21
14
24
24
10
22
30
24
19
18
7
16
16
14
17
32
23
18
16
7
12
15
20
25
16
25
21
21
29
14
31
34
30
20
20
22
33
30
14
11
9
15
4
7
9
7
9
13
11
9
15
11
13
28
11
4
6
10
18
17
6
13
15
17
17
7
9
5
18
22
11
11
13
11
9
15
17
11
5
28
2
14
13
16
13
11
22
25
8
13
11
15
13
13
26
11
35
15
6
13
19
23
9
12
9
13
25
9
23
23
19
22
11
7
17
14
17
9
15
8
11
13
8
11
4
13
24
6
15
6
25
9
18
14
20
15
21
7
20
17
17
19
9
17
11
7
9
31
13
19
24
10
9
13
14
19
23
7
19
11
0
9
25
13
37
18
26
32
9
17
15
33
32
26
11
24
32
20
26
9
17
17
25
20
36
13
28
34
31
69
36
22
27
30
20
56
13
7
36
42
0
9
28
14
21
7
7
18
12
9
21
36
36
39
15
11
15
24
22
36
13
13
40
35
23
9
20
23
41
30
20
22
17
46
27
39
28
7
49
17
34
34
37
39
11
30
44
39
28
18
14
9
36
35
39
7
35
13
14
23
16
11
13
22
13
17
24
28
4
33
14
15
22
11
9
15
14
9
7
17
19
21
4
22
32
13
11
13
16
29
17
21
10
12
31
20
18
15
7
9
6
13
14
9
15
14
12
17
32
17
19
19
20
11
19
9
9
9
17
12
20
13
12
14
15
9
17
19
13
21
6
15
15
4
12
19
13
7
15
25
6
13
8
21
10
11
8
19
13
13
4
8
9
17
7
17
15
12
10
21
9
23
18
11
9
23
8
10
21
10
13
48
11
13
11
12
27
17
17
17
28
15
11
17
17
17
21
18
15
23
11
15
15
22
17
9
11
13
13
19
11
15
21
20
15
9
19
24
13
24
8
9
6
13
6
11
11
17
7
10
13
9
8
15
11
4
13
8
11
13
10
17
13
19
13
6
15
15
4
6
17
15
11
6
10
10
8
8
11
6
19
11
8
9
19
11
4
13
9
8
6
10
15
11
11
9
4
11
11
15
19
13
17
11
11
8
11
11
8
13
12
7
6
6
6
13
13
6
11
9
11
11
13
10
11
11
15
13
22
11
15
21
4
11
11
13
11
8
10
11
17
11
21
11
28
25
15
13
32
13
20
11
44
11
23
22
9
15
17
15
15
13
17
11
21
21
19
32
25
19
13
12
23
15
13
17
15
17
13
14
13
21
11
13
17
9
8
17
9
17
13
25
8
27
10
23
15
23
13
13
10
21
21
10
8
15
17
6
15
15
13
11
4
8
8
7
6
19
10
2
13
11
13
7
15
11
9
15
11
8
8
17
19
8
11
11
11
11
16
9
11
15
7
6
9
11
