12
11
6
8
6
6
10
10
12
10
6
10
8
8
8
6
14
6
15
6
12
14
10
10
21
10
10
16
42
9
15
17
13
14
13
12
14
2
6
0
8
8
0
4
6
6
6
15
10
15
10
6
13
6
10
10
10
14
8
6
21
14
13
8
17
17
8
10
6
6
8
33
0
12
27
10
6
21
19
14
12
12
14
15
13
19
29
32
13
14
8
21
31
19
0
21
6
12
19
4
23
10
2
9
17
10
21
10
14
8
8
15
23
15
8
10
4
2
19
12
15
25
19
17
21
13
19
10
25
27
21
6
17
0
0
15
8
0
14
11
25
0
21
11
10
23
2
33
10
12
17
0
10
21
13
19
27
12
23
27
12
0
10
8
19
8
8
13
13
11
31
6
13
15
29
8
8
10
17
12
8
6
11
10
12
13
23
13
11
17
4
23
19
8
12
8
6
6
10
8
2
17
8
10
6
6
2
8
14
13
10
8
12
10
12
12
9
12
16
12
12
8
6
17
21
10
14
19
13
13
21
8
94
10
10
19
27
27
10
6
10
28
8
6
8
6
19
15
0
2
4
23
10
4
6
0
15
33
10
8
12
19
12
6
10
15
6
4
6
8
14
6
8
12
8
13
6
0
2
12
12
9
12
8
13
12
8
7
4
4
8
13
4
2
8
15
8
13
2
6
4
6
6
8
8
4
6
17
6
4
15
15
4
4
4
8
17
12
15
10
12
14
6
10
10
8
8
17
14
10
17
14
17
12
6
11
14
12
6
15
10
12
14
21
21
12
23
23
6
15
19
29
10
29
10
37
40
43
23
21
6
19
14
74
17
48
40
19
15
35
39
38
31
12
19
27
42
12
15
31
23
23
47
35
16
10
10
16
2
10
27
16
29
12
14
25
23
27
33
27
44
12
35
15
33
8
75
10
10
15
6
25
15
16
8
54
19
19
43
12
8
27
21
27
21
33
0
15
15
19
42
6
12
33
27
13
10
14
8
12
10
25
15
0
27
29
21
19
32
25
11
15
6
8
25
4
36
11
17
19
13
31
19
58
23
19
8
12
15
6
8
15
25
10
9
8
15
14
14
6
13
19
6
8
10
12
2
6
12
17
10
15
15
21
8
12
15
19
4
4
16
8
10
10
8
0
8
17
13
13
6
6
25
8
10
4
12
14
15
6
6
8
19
10
33
25
21
15
0
14
14
15
16
12
6
6
25
15
10
8
10
10
6
12
8
21
8
8
0
10
12
8
14
12
10
8
17
10
4
10
16
10
12
6
15
6
12
6
6
12
14
27
19
13
12
8
10
8
6
10
8
15
10
10
15
8
6
4
9
4
4
8
8
9
6
8
4
12
6
8
10
8
8
12
2
4
10
12
4
4
4
6
6
6
6
6
8
29
2
6
6
6
4
14
10
10
4
8
6
6
6
6
4
4
41
4
4
6
8
12
6
46
2
2
6
4
8
15
2
6
6
4
4
6
8
4
10
8
4
8
4
6
10
8
6
14
8
6
17
6
4
8
12
6
6
10
15
12
8
12
12
8
12
6
10
12
12
10
8
2
4
8
10
14
2
8
4
6
15
8
14
15
4
16
6
12
8
16
6
14
4
8
6
8
4
6
12
8
8
14
2
8
8
6
6
8
4
8
8
4
15
8
6
10
6
10
6
13
8
10
10
8
6
10
14
8
17
12
8
8
10
8
21
14
12
8
12
13
12
10
23
4
10
8
12
14
4
17
8
17
6
16
16
6
6
10
4
14
14
17
12
10
8
15
6
14
10
12
8
4
10
14
6
8
4
14
8
8
6
10
17
17
8
10
12
8
6
8
12
8
10
9
8
10
8
10
14
10
8
40
12
12
10
6
8
15
8
10
14
12
6
8
10
6
10
14
8
6
8
4
8
14
10
10
6
10
6
8
8
8
10
8
10
14
12
8
6
4
6
8
6
2
8
6
8
12
6
10
10
6
4
8
8
4
12
6
4
43
6
8
8
4
8
10
4
8
10
4
14
4
6
8
10
4
6
10
8
14
16
6
6
6
4
4
4
8
8
8
4
8
6
16
10
6
8
8
4
6
12
8
6
8
8
6
8
6
2
6
6
4
12
6
6
8
6
12
6
6
4
2
8
4
47
12
10
8
4
12
0
4
6
12
4
6
4
12
6
10
4
10
12
4
8
8
8
6
8
6
4
6
6
8
8
12
8
14
4
12
14
8
6
18
10
10
8
10
8
8
8
4
12
19
12
10
6
12
12
41
12
12
8
10
12
17
10
16
8
10
4
16
8
8
6
16
16
12
6
6
8
8
16
8
44
6
10
6
6
8
8
8
10
10
16
8
8
12
6
12
8
4
14
10
8
6
12
6
10
6
10
12
10
6
16
14
6
6
2
8
6
4
6
2
6
6
2
8
6
4
8
8
2
12
10
10
4
4
4
2
6
6
6
8
8
6
8
4
10
6
4
12
10
4
4
8
4
2
2
8
12
4
2
6
4
6
8
6
2
6
10
10
6
4
8
6
4
10
6
4
8
6
12
2
4
2
4
8
4
8
4
10
8
8
8
6
15
8
12
10
17
25
6
8
10
6
4
8
8
6
6
4
10
10
6
14
14
19
19
10
10
8
11
8
6
16
15
12
19
23
14
10
8
16
10
12
8
16
27
29
21
16
15
8
17
12
27
6
6
4
21
10
4
23
8
6
11
14
12
18
10
18
8
19
10
12
18
2
8
14
21
10
17
28
10
16
16
13
12
31
14
17
8
19
14
21
8
23
6
2
10
39
14
10
33
8
14
11
8
25
14
16
31
7
14
19
14
41
18
8
21
16
18
14
14
13
20
12
8
14
15
10
31
2
33
6
27
10
4
6
18
31
29
16
10
10
8
12
10
13
10
24
15
16
18
20
12
17
14
10
23
14
8
14
18
25
12
10
29
16
8
16
12
15
10
14
23
27
14
14
21
16
15
10
10
21
12
11
16
9
8
22
25
27
19
19
19
17
35
12
25
10
16
10
13
28
14
35
31
14
19
39
13
30
25
16
25
8
8
16
13
14
4
16
15
37
10
33
4
22
56
11
6
10
29
8
14
8
11
4
16
16
10
9
12
12
16
16
14
19
17
6
10
12
16
12
6
8
14
12
18
19
10
8
6
12
10
14
6
10
25
25
14
8
14
10
6
8
16
2
23
14
12
6
14
2
6
0
14
10
14
23
9
11
6
8
4
11
10
14
9
8
15
17
12
8
17
8
13
4
12
11
