32
34
16
13
38
18
22
27
54
34
13
26
28
26
17
15
30
17
22
14
20
40
30
35
36
37
17
25
22
30
22
33
34
25
30
39
36
53
42
54
38
29
15
39
21
28
28
46
25
39
26
19
32
35
17
37
39
20
33
29
44
37
30
13
19
28
17
17
22
22
21
32
20
20
36
32
21
19
14
10
20
19
37
21
28
33
13
34
17
46
43
51
24
32
16
20
32
21
27
49
31
33
33
28
24
19
46
15
22
24
38
31
22
37
25
26
36
20
24
26
6
17
26
20
29
27
24
6
10
41
22
17
18
26
21
20
13
24
9
8
15
18
8
22
9
22
16
9
24
13
22
15
17
9
34
7
17
9
18
24
12
13
13
23
20
7
6
9
12
20
16
18
13
20
13
13
21
24
30
18
21
5
15
22
24
14
11
11
15
13
17
26
22
37
34
26
32
37
37
17
30
45
6
32
13
26
28
25
33
45
21
37
41
15
33
43
39
39
19
28
51
21
13
24
43
26
39
33
36
34
39
47
39
29
2
29
54
34
42
36
24
39
22
34
24
24
26
9
29
18
26
19
35
30
20
30
31
19
43
41
41
31
28
25
24
26
18
45
13
20
27
14
20
19
32
36
28
29
31
15
35
15
54
21
26
37
20
20
28
13
24
26
15
21
14
28
26
21
27
7
24
27
9
9
17
21
11
11
45
18
16
22
24
36
51
26
73
28
21
41
15
24
7
18
23
23
19
21
24
30
29
25
18
32
24
11
11
28
23
25
14
34
24
34
17
23
17
34
50
21
17
30
47
19
28
32
24
24
35
68
34
15
15
22
24
45
34
19
38
19
22
23
27
41
39
24
40
25
32
40
21
34
37
34
28
34
45
19
51
40
28
23
36
26
42
49
35
64
49
40
34
65
51
45
34
46
41
62
49
55
49
47
36
20
32
55
26
73
32
48
53
26
61
47
32
41
62
30
64
34
52
72
59
62
37
40
39
32
38
22
51
43
30
59
24
51
46
56
41
36
7
66
32
43
41
85
43
43
26
25
33
30
31
45
77
48
39
43
73
43
17
32
35
53
38
33
56
28
45
19
34
38
24
35
28
40
17
38
19
13
25
24
46
25
32
38
21
46
28
39
36
38
23
39
51
41
41
19
63
42
24
33
17
38
15
19
58
30
17
37
36
43
34
24
19
37
40
55
47
38
52
26
39
21
30
59
24
41
47
23
30
11
18
30
38
17
19
27
15
19
45
45
0
26
39
24
23
45
45
30
15
15
20
38
22
38
23
19
41
34
22
41
28
43
46
32
22
11
11
24
16
25
16
9
11
27
9
15
13
17
24
11
15
37
9
26
17
45
15
15
16
15
13
17
15
27
13
30
22
17
0
9
11
21
20
13
11
26
19
28
13
11
0
15
22
18
17
21
15
17
15
18
6
15
0
20
13
45
17
22
26
47
15
21
11
19
17
26
13
9
6
9
13
21
16
28
34
17
17
23
41
19
7
7
31
14
9
29
19
21
20
28
26
13
13
13
22
17
19
26
17
14
33
15
22
15
22
11
28
48
29
20
16
16
15
33
27
13
28
24
39
26
10
13
21
24
56
31
19
20
22
22
32
31
26
32
24
28
28
22
34
27
28
34
28
28
26
37
24
19
69
24
35
81
17
29
35
9
25
26
14
23
62
41
11
50
28
33
32
50
24
11
13
37
50
26
43
57
22
62
54
32
30
13
37
39
18
30
28
26
56
33
29
30
17
24
9
49
28
32
39
30
22
33
26
52
19
17
22
24
54
19
14
11
16
13
31
15
28
19
11
14
43
19
17
41
18
17
22
21
9
15
13
38
21
13
21
13
15
9
32
30
16
21
33
19
47
9
11
26
13
27
24
39
27
30
13
26
10
15
30
42
39
9
25
17
15
7
13
15
28
24
9
28
22
9
7
11
26
35
31
41
20
11
23
25
73
0
12
9
18
9
9
27
14
31
35
14
21
13
15
15
34
21
11
8
17
21
23
11
13
14
9
9
11
30
13
11
25
26
13
11
11
17
13
81
13
36
21
11
25
15
15
28
13
17
21
21
36
22
34
11
11
13
19
11
17
15
24
19
15
17
25
15
19
23
21
38
15
17
15
19
15
37
17
15
66
17
9
8
23
15
26
15
25
32
25
15
30
21
55
21
32
21
17
25
11
35
28
19
99
15
30
21
23
16
19
23
21
43
13
15
11
23
21
29
23
20
30
23
26
15
17
22
22
21
18
38
11
25
7
24
23
9
23
39
53
30
41
35
29
38
47
26
31
26
26
24
15
21
19
40
30
24
36
20
38
27
32
41
55
37
17
21
31
20
19
36
21
13
32
11
0
26
31
34
33
19
17
28
22
23
9
33
20
32
33
23
30
26
18
27
27
38
34
36
19
45
21
23
25
32
34
14
48
13
46
24
0
30
30
31
19
21
47
58
15
25
10
30
47
30
19
27
20
24
32
15
25
25
35
23
38
9
38
20
24
32
17
38
13
17
17
19
21
13
27
30
19
39
27
8
17
17
70
6
20
11
9
23
11
21
16
19
19
21
15
38
40
26
34
24
19
24
18
13
26
15
19
13
36
13
17
9
13
11
27
11
21
9
9
11
11
11
9
6
2
11
11
15
11
9
6
13
8
4
8
6
6
4
11
10
15
11
8
83
44
11
6
4
11
13
8
6
9
13
6
19
10
13
15
19
13
9
42
17
11
8
13
5
9
9
8
9
13
9
9
8
8
9
8
9
13
8
10
28
13
17
19
19
11
20
19
26
15
21
27
11
13
21
11
25
23
21
23
21
23
11
21
34
23
22
55
17
38
13
13
19
19
25
25
17
10
17
23
27
23
28
44
15
40
13
21
36
25
36
11
21
22
30
26
19
21
19
36
76
30
32
28
27
21
15
11
27
34
13
40
65
9
39
32
15
42
26
15
13
9
30
72
11
38
29
19
17
15
36
23
34
17
17
17
27
21
19
13
41
28
17
34
11
11
15
25
44
13
27
15
13
17
30
40
45
11
27
36
36
17
21
13
30
26
15
25
28
19
13
13
38
10
15
20
24
23
20
34
17
27
11
17
25
15
15
36
21
13
25
21
23
25
13
9
23
17
30
13
15
25
17
30
23
19
26
13
11
46
10
25
19
19
19
15
8
8
15
18
11
15
19
11
9
19
8
76
11
15
17
15
19
9
13
6
6
19
8
11
17
13
11
9
9
19
11
17
9
11
20
7
11
13
13
