35
23
13
17
19
14
19
14
21
23
14
25
12
10
14
12
8
31
10
14
21
21
14
27
27
17
12
14
19
21
29
8
27
21
31
27
18
17
12
37
10
35
19
12
39
14
47
14
33
12
27
16
35
12
25
35
31
29
35
23
29
19
31
29
25
19
41
66
33
58
39
19
53
25
25
14
19
16
60
31
17
25
14
8
14
25
12
21
18
54
12
14
18
25
31
10
14
45
10
19
31
31
25
18
37
23
33
19
21
31
27
17
27
29
15
37
21
35
47
47
12
29
19
35
27
12
19
52
14
62
39
21
14
64
33
62
19
27
23
10
35
14
48
14
16
51
16
27
47
53
17
53
39
8
29
17
16
12
18
41
14
8
17
19
14
25
12
14
21
10
31
19
43
10
12
14
14
12
8
12
16
33
2
12
16
12
31
25
12
16
19
14
19
23
10
27
18
16
21
10
14
25
4
8
43
18
10
16
33
16
25
6
12
10
14
21
12
14
10
14
19
12
6
12
8
23
12
8
20
16
14
14
58
12
25
12
35
35
16
8
25
14
12
6
8
18
10
8
6
16
12
6
8
8
14
21
21
6
14
10
12
23
23
21
16
18
16
18
18
18
16
16
16
27
29
27
21
23
12
16
33
31
21
18
16
47
12
21
31
27
39
10
15
50
33
17
10
35
8
10
17
8
16
16
18
16
16
14
12
10
14
19
14
21
33
21
23
27
23
27
21
23
29
29
19
45
33
21
16
29
31
23
39
47
41
29
10
49
12
16
39
10
31
25
47
27
37
16
50
18
16
33
31
19
12
31
21
8
8
33
43
14
47
14
41
16
27
21
31
14
14
33
49
35
31
39
21
62
27
29
25
25
25
60
23
33
33
54
18
12
19
43
27
87
47
37
16
37
12
39
16
17
14
16
21
10
6
15
10
8
14
27
12
27
46
18
17
14
6
35
14
4
16
14
14
16
16
10
8
10
10
8
8
8
19
49
17
49
10
10
12
21
8
10
10
31
16
21
49
10
8
16
49
23
10
14
12
17
16
33
8
18
10
16
8
10
14
10
4
12
12
12
18
8
10
6
29
51
16
8
23
23
19
99
14
6
10
4
23
19
12
14
12
25
8
18
33
17
14
33
10
21
8
14
18
17
27
12
12
10
10
8
10
23
16
12
53
16
16
8
14
31
17
12
10
21
49
25
10
12
21
8
12
16
12
10
8
39
8
12
12
15
8
6
8
4
23
23
12
25
33
10
8
39
31
8
23
39
27
37
43
27
54
12
16
27
16
23
14
12
23
19
31
31
33
10
29
19
25
19
15
46
19
36
8
13
25
10
8
21
10
8
14
31
14
19
10
14
29
19
8
29
16
37
16
19
17
14
54
25
25
23
16
10
25
10
14
19
17
15
19
17
12
25
25
14
17
25
14
37
21
25
12
29
27
47
16
35
12
31
56
21
17
41
10
10
31
66
10
31
6
27
37
12
31
6
19
12
10
6
10
16
23
58
29
48
31
14
35
17
44
19
50
17
64
75
52
62
37
41
16
64
19
60
21
12
56
72
19
41
34
70
83
74
21
37
39
17
37
19
76
14
31
15
54
66
21
79
79
91
70
19
17
47
21
15
27
17
17
17
19
15
8
23
29
12
19
27
25
17
16
14
25
19
23
41
10
19
59
14
19
8
12
12
12
19
14
12
10
10
16
23
45
8
14
6
21
8
12
21
45
35
33
21
10
6
6
19
27
16
21
25
14
16
8
10
45
10
12
14
23
23
8
10
14
12
8
14
10
43
16
10
37
15
8
25
8
8
8
8
12
27
8
8
12
16
14
10
31
10
12
12
12
6
25
10
12
27
16
12
12
17
10
35
17
21
12
12
10
17
12
29
29
8
14
17
12
19
31
6
29
23
14
19
25
16
30
27
35
15
17
14
27
29
23
23
14
15
41
6
12
23
45
23
31
19
10
21
14
15
12
17
12
29
8
29
25
24
12
6
10
27
6
10
33
14
19
23
17
25
8
12
8
19
10
27
14
14
17
14
49
21
33
21
25
8
6
25
14
23
12
37
17
29
21
15
10
17
17
23
10
10
16
10
21
56
21
33
35
23
14
16
12
17
12
47
21
30
17
25
81
8
14
35
33
8
19
25
12
8
8
15
19
31
12
8
12
14
25
25
35
19
37
12
66
29
25
35
23
21
60
16
23
54
19
19
21
17
35
31
33
21
19
16
23
37
10
17
35
27
21
39
17
25
16
8
12
29
41
35
27
35
12
37
41
60
45
58
16
50
54
14
39
19
21
17
49
16
14
23
27
45
80
14
33
50
15
25
19
25
25
29
29
25
27
17
16
14
17
10
16
12
12
16
54
16
23
16
14
14
21
16
16
10
18
10
33
21
14
10
8
17
16
14
17
16
12
15
12
31
10
16
31
21
41
14
27
14
6
39
10
27
54
10
8
12
31
16
14
23
31
8
23
31
12
12
37
29
8
10
10
31
12
21
29
9
10
27
17
16
14
16
12
12
29
27
12
29
23
27
14
25
15
12
54
23
23
31
17
41
19
23
49
29
25
25
29
14
27
52
13
33
37
56
14
10
31
23
14
54
58
31
6
15
12
12
23
15
8
31
15
15
19
10
6
6
15
17
10
17
6
4
8
14
15
21
12
14
12
15
15
15
10
19
14
21
12
8
14
15
14
12
12
12
17
17
6
17
31
14
13
17
15
15
25
12
17
21
10
10
17
17
15
14
33
15
19
10
19
14
15
12
12
21
12
15
23
8
19
27
10
19
23
23
16
10
10
17
12
4
14
17
10
12
17
9
14
33
21
11
16
15
14
15
14
4
23
17
23
12
29
12
21
29
19
23
27
23
21
17
23
33
19
23
23
25
41
21
33
12
25
12
19
23
23
14
6
19
56
23
72
6
12
8
37
35
25
29
41
8
31
50
25
12
38
56
62
27
17
51
17
68
27
45
10
17
14
14
10
33
29
15
58
52
64
14
49
14
37
29
21
43
66
8
4
10
16
33
10
16
12
10
19
39
14
25
8
44
16
17
17
10
17
12
8
14
21
16
6
15
32
52
17
10
19
6
12
48
21
21
23
23
17
54
13
14
16
35
16
41
17
14
6
29
8
8
39
27
6
14
29
17
14
12
14
54
17
8
33
15
29
25
52
25
27
23
21
31
16
19
12
14
16
10
17
8
15
14
14
21
21
14
19
37
21
31
25
17
19
19
19
19
25
23
27
25
17
31
16
27
