48
31
12
40
17
25
16
17
20
10
13
24
32
33
0
7
25
20
9
2
11
13
8
26
15
4
19
13
14
17
20
10
57
30
13
13
9
6
11
52
20
19
8
4
4
11
14
26
15
24
8
13
19
19
21
31
14
13
13
9
25
19
26
6
25
17
19
11
19
16
6
16
8
28
7
13
25
7
15
27
6
32
11
11
30
23
9
34
11
5
28
26
34
12
0
7
17
36
17
12
16
23
11
13
24
13
22
21
7
17
7
23
14
14
24
6
24
24
34
26
43
23
38
13
21
35
15
11
18
17
10
4
13
28
33
33
18
30
9
2
49
33
24
19
19
20
36
37
35
6
30
15
13
30
17
5
20
17
21
23
18
14
25
32
28
31
27
23
31
24
9
12
26
18
13
13
5
9
14
23
34
6
11
31
27
17
28
31
4
7
18
17
17
25
62
5
21
11
16
39
24
24
11
37
9
11
17
35
20
21
26
22
9
21
33
16
4
26
2
13
23
11
21
7
19
23
25
16
38
22
45
19
36
15
2
7
22
27
37
22
32
9
37
21
22
37
15
9
36
25
31
27
21
14
15
20
26
26
46
9
15
36
22
4
5
14
11
69
17
25
6
36
41
37
41
2
15
36
26
26
44
7
26
21
42
40
19
21
34
20
11
36
32
29
30
37
48
45
23
7
26
49
17
8
23
47
15
34
20
34
13
17
12
30
21
19
11
7
27
30
14
18
46
11
21
33
19
38
28
52
11
11
29
48
25
43
11
40
11
28
15
52
36
24
4
21
11
17
14
22
11
53
23
31
41
20
11
12
20
16
12
19
12
7
21
9
5
17
11
34
13
18
13
24
6
16
8
18
21
35
32
28
22
23
13
11
22
19
26
2
19
14
52
32
43
28
22
39
20
7
47
79
25
25
32
23
12
19
34
22
33
18
26
28
22
36
13
25
28
27
15
2
21
9
23
35
23
24
13
25
30
9
21
16
40
15
27
27
19
18
23
9
19
9
21
26
17
21
29
34
26
12
17
4
25
19
51
34
21
9
17
21
35
25
27
10
24
42
14
11
49
37
14
33
26
28
13
14
33
20
20
13
11
38
27
19
18
25
21
28
9
7
9
8
28
24
24
29
6
40
29
21
21
96
43
24
20
23
29
25
12
25
11
34
35
73
16
24
36
9
26
40
21
36
39
36
28
18
13
26
19
15
40
24
36
28
63
24
17
68
13
46
24
35
41
17
25
25
20
25
34
58
24
22
23
18
44
47
42
12
29
28
16
23
18
58
20
35
17
16
15
13
18
14
22
18
13
18
16
31
36
13
19
22
20
30
26
15
28
23
18
18
40
30
14
34
42
13
13
8
26
2
33
20
20
12
24
48
7
29
18
33
25
47
37
27
18
54
47
39
46
38
27
28
27
7
26
20
19
41
9
16
11
38
26
17
40
18
40
13
57
24
9
30
31
33
16
22
25
13
26
36
16
29
47
55
12
35
41
37
24
13
16
33
14
37
22
11
5
25
19
18
25
26
21
23
32
16
44
23
30
29
46
13
13
11
33
9
42
18
34
13
66
14
22
27
23
38
32
47
22
19
9
18
37
33
27
11
43
23
24
22
18
27
25
36
12
23
13
18
21
51
68
46
15
37
11
36
31
24
18
21
12
15
24
35
14
22
31
42
31
17
34
42
15
40
38
49
40
11
34
11
47
49
31
37
38
31
43
36
32
26
21
35
30
16
23
26
14
47
36
35
42
24
66
14
33
33
18
7
52
27
23
36
33
28
40
36
20
23
27
17
19
20
17
13
8
49
21
26
11
30
11
12
20
24
11
35
24
7
18
16
20
33
12
30
15
12
16
10
33
14
16
22
19
20
29
14
26
10
38
33
19
3
14
10
6
23
3
5
2
14
9
2
2
3
2
3
16
9
5
15
5
5
3
4
2
7
7
3
7
2
7
2
37
14
7
7
9
22
11
11
22
6
12
17
10
12
12
10
9
20
9
15
9
11
5
3
11
5
9
59
11
9
18
4
11
28
10
5
8
5
15
20
11
20
20
15
13
21
27
5
15
13
7
29
27
19
12
9
5
20
25
39
13
37
9
2
5
11
24
26
13
23
31
24
9
22
32
29
20
16
25
11
20
9
27
5
37
17
23
16
22
37
42
36
15
25
33
28
21
26
39
34
37
19
18
39
20
16
21
53
11
22
20
20
29
23
35
21
10
28
12
24
13
7
17
28
38
2
20
22
12
18
14
45
35
28
17
43
24
27
34
26
29
11
20
22
30
29
26
15
23
39
33
29
31
27
11
20
47
44
19
9
30
14
11
39
27
34
37
30
16
28
19
35
18
30
39
13
19
17
21
35
29
16
59
9
7
20
32
15
37
17
16
12
33
27
23
34
26
16
21
13
37
18
10
17
13
25
27
46
30
30
51
31
14
43
29
34
18
25
20
35
24
11
28
22
19
36
52
18
13
36
9
15
9
21
14
13
11
19
9
31
17
9
17
22
13
17
17
11
43
6
19
17
16
10
11
26
7
5
26
16
8
40
14
21
10
14
7
16
13
4
7
4
16
16
8
15
10
14
14
12
16
12
5
11
29
8
13
7
21
29
18
22
20
32
26
34
15
18
26
27
9
17
10
20
19
25
9
27
30
37
13
16
65
16
20
26
36
25
27
28
29
11
16
36
16
20
20
22
34
7
17
20
22
9
13
19
18
16
22
31
16
8
42
25
28
20
15
36
22
18
31
28
16
22
11
23
13
24
30
21
40
15
2
24
20
23
37
22
19
43
48
15
34
29
14
20
38
22
37
36
15
24
41
14
15
33
40
39
26
13
25
16
41
39
46
20
54
22
16
23
32
31
30
15
19
21
28
36
40
17
46
60
15
15
30
35
26
18
28
20
47
12
23
17
27
30
12
31
26
33
34
34
28
20
46
33
32
21
47
51
35
24
10
15
46
38
35
12
40
16
30
28
35
29
19
48
32
15
32
33
44
31
21
21
7
24
14
27
47
34
16
44
25
27
31
25
4
49
28
54
14
27
15
27
26
38
40
32
24
32
19
7
24
29
19
13
55
12
16
22
24
25
24
26
16
31
29
42
16
16
24
26
11
13
27
22
47
26
12
9
26
7
7
12
8
13
11
37
16
7
20
18
9
26
11
19
12
15
7
11
17
37
21
38
35
9
29
5
18
5
14
9
10
17
30
13
12
13
7
4
7
26
31
14
15
19
28
12
12
12
14
16
15
18
33
24
