19
19
22
21
19
20
22
12
17
35
30
9
20
24
9
9
17
24
32
21
18
19
26
51
32
18
19
27
38
35
29
28
30
28
21
30
44
28
35
41
21
31
28
70
41
30
19
30
27
21
25
39
31
34
34
28
20
66
50
48
64
39
28
26
45
31
45
37
35
65
38
15
48
35
54
39
63
48
71
32
62
54
55
71
70
37
59
48
60
54
47
72
56
40
36
49
0
30
13
69
67
73
57
67
60
71
78
50
78
52
69
25
79
33
54
60
51
72
65
55
59
38
60
68
62
24
48
82
55
78
70
70
78
41
59
74
73
55
65
71
67
57
69
54
78
63
76
80
79
42
74
38
66
63
55
66
46
76
38
60
61
83
81
55
62
60
77
45
70
67
70
64
76
81
78
68
73
65
61
67
76
53
54
68
36
41
65
41
56
80
69
48
67
67
71
51
68
58
65
76
74
52
80
56
55
45
51
78
68
40
70
41
75
64
84
60
71
48
55
59
65
28
48
66
67
58
74
48
52
55
49
73
42
40
82
66
65
47
70
48
52
46
69
9
66
71
60
69
58
78
61
63
69
73
43
43
38
61
36
56
72
69
70
55
65
29
71
38
46
52
48
44
73
49
20
54
69
53
17
43
32
50
52
65
35
65
80
67
27
25
36
6
18
15
32
36
17
13
32
20
11
32
19
31
21
26
32
21
46
32
21
9
21
21
15
37
15
19
38
23
55
21
26
44
14
17
45
25
29
29
32
34
38
36
15
25
25
21
30
23
27
15
21
18
19
19
30
49
36
40
21
34
42
42
17
18
47
42
17
21
46
13
40
24
42
21
32
67
24
56
28
34
26
30
27
22
33
61
36
13
30
34
31
36
0
23
21
87
39
85
82
27
26
28
38
53
59
0
25
11
57
27
32
49
51
33
28
40
36
47
28
51
45
15
49
32
9
65
62
59
30
26
58
26
28
40
19
61
78
56
36
43
32
44
50
28
47
51
63
55
36
51
36
63
95
80
38
40
44
64
24
27
32
30
30
47
36
68
60
28
26
48
61
48
11
54
21
60
55
45
24
80
77
49
44
53
67
46
25
37
62
69
70
83
55
76
30
46
76
81
32
41
53
24
86
21
52
65
60
28
50
32
28
74
38
34
49
42
55
28
57
23
44
28
71
34
60
44
32
51
95
27
38
27
54
45
51
34
50
80
62
40
40
49
52
31
46
86
45
59
21
27
45
48
27
62
23
25
61
40
47
40
40
57
44
21
63
48
26
57
50
32
40
30
34
26
31
38
17
17
52
59
19
57
53
81
23
17
33
13
13
31
37
29
33
19
39
34
36
15
14
23
33
34
56
27
19
19
23
21
13
13
46
25
10
12
8
14
14
8
32
36
35
33
10
38
25
39
13
6
45
29
29
15
21
27
10
21
28
8
29
13
19
12
23
15
25
35
2
11
8
19
12
37
37
35
77
19
21
15
31
17
25
10
29
40
62
10
36
26
0
17
11
23
17
30
15
44
21
8
12
27
39
39
25
22
19
27
25
29
40
37
11
21
36
21
25
9
44
19
29
44
19
46
23
73
27
17
25
29
13
37
23
25
33
27
48
12
42
34
23
38
44
23
30
32
26
40
46
40
75
65
27
34
42
13
23
57
26
44
44
26
11
29
25
61
41
39
57
36
77
22
31
46
44
38
52
42
29
29
27
65
27
17
38
88
59
56
19
74
24
41
41
19
17
47
36
40
29
25
27
33
33
33
46
40
23
38
31
13
37
17
23
27
27
36
21
42
33
21
29
65
17
57
29
56
19
13
6
21
30
33
17
15
13
19
8
24
19
23
36
21
25
13
23
35
42
25
9
23
13
21
17
25
21
17
10
8
42
15
17
27
8
10
2
4
8
12
4
0
2
4
6
6
0
8
2
4
6
2
4
0
4
0
8
2
4
15
6
2
6
10
0
2
62
6
19
10
29
21
13
4
6
10
10
15
11
8
13
6
10
19
6
4
11
6
23
6
11
29
4
2
4
4
10
10
13
21
10
15
13
12
27
34
13
12
12
21
12
25
15
17
48
17
6
12
19
10
31
15
12
18
17
34
15
10
11
9
8
21
9
35
11
28
13
19
15
36
13
15
40
13
29
54
71
11
17
22
36
30
31
40
27
17
36
27
25
49
42
44
23
27
25
34
23
15
19
46
13
33
10
19
7
19
31
39
13
22
25
19
31
13
15
30
13
12
40
32
15
57
25
23
29
36
42
32
29
30
55
54
55
34
19
38
33
37
55
26
21
25
38
58
46
36
31
13
19
73
19
60
44
32
39
29
6
21
19
76
29
94
47
77
61
36
21
27
54
37
40
25
33
21
21
40
32
38
65
46
68
37
19
38
27
38
42
53
26
44
11
31
23
15
23
51
46
27
17
52
15
63
77
28
60
25
58
19
59
25
44
33
15
34
35
40
29
42
23
40
25
42
67
21
38
27
25
21
36
19
33
40
25
36
19
23
38
13
13
21
19
29
71
17
17
40
10
38
44
13
12
27
13
11
58
13
67
17
15
21
13
48
19
8
11
6
25
13
31
6
6
48
10
8
6
13
21
13
5
6
32
25
17
12
25
29
36
36
35
29
21
69
25
38
25
27
25
36
25
19
57
36
17
42
70
25
48
25
52
41
42
50
25
23
38
36
23
25
52
31
28
46
34
29
33
54
34
46
38
34
40
38
48
15
17
20
32
21
19
30
17
19
60
17
36
19
58
31
34
50
36
26
19
29
21
35
62
19
21
57
69
11
48
27
19
32
33
52
34
27
30
44
23
27
25
37
34
42
31
30
11
29
35
45
38
23
28
21
45
21
32
29
42
34
34
55
53
42
25
83
30
40
25
31
30
27
50
36
19
77
30
24
32
48
17
52
55
25
33
61
42
48
40
46
21
32
40
26
74
40
19
38
41
35
59
24
36
28
31
84
31
27
50
59
31
68
50
39
47
60
40
38
48
23
33
34
63
45
33
36
67
23
51
13
40
11
35
15
42
28
36
15
23
50
48
46
65
13
38
36
11
33
33
25
68
42
40
63
44
32
31
38
38
35
61
23
34
35
46
11
31
39
51
52
27
27
64
46
40
32
9
25
24
36
36
27
21
40
19
37
33
19
32
25
9
35
70
46
27
23
45
13
46
21
23
29
31
21
15
13
8
17
54
13
36
13
27
13
52
34
19
22
28
25
41
25
43
15
22
15
19
37
22
15
34
23
21
30
34
8
38
19
