31
25
54
28
46
40
45
43
48
43
57
68
23
36
34
77
58
52
41
35
34
47
68
55
28
31
63
42
68
85
45
62
56
37
76
58
30
51
48
52
34
45
31
59
84
48
53
54
23
21
42
40
33
43
44
33
49
40
36
40
37
56
46
38
54
53
48
72
45
37
51
94
50
31
84
54
37
95
44
43
44
22
59
57
47
34
32
35
39
87
46
48
55
58
44
50
37
41
38
53
49
59
33
46
40
39
57
62
32
27
47
32
51
70
45
45
37
39
60
63
30
33
75
49
28
78
44
40
28
58
49
79
44
20
45
19
44
26
32
21
24
31
37
38
22
19
31
23
33
27
42
52
31
33
34
29
24
21
44
49
32
54
40
39
35
29
30
34
31
25
35
41
27
55
49
54
31
28
30
46
35
26
47
34
49
56
33
38
31
31
33
46
23
22
15
21
28
32
29
46
45
44
46
48
25
46
43
39
47
45
58
27
60
31
59
80
19
27
57
44
26
37
34
40
36
36
64
57
21
37
54
47
31
49
30
48
32
36
32
31
30
21
31
32
33
26
23
41
61
47
43
35
39
24
50
34
36
46
42
35
39
53
41
27
34
23
63
24
48
35
38
66
40
43
59
33
31
23
54
34
55
39
46
34
49
37
65
65
25
34
69
39
35
34
53
44
46
43
43
60
29
61
47
42
26
23
33
47
57
43
58
64
23
46
67
36
34
34
32
55
39
45
32
48
27
33
80
31
32
34
36
37
49
42
62
59
49
38
46
22
38
36
27
27
33
32
55
63
26
44
37
32
45
31
51
47
38
33
93
91
31
36
45
28
33
29
32
45
33
49
81
56
28
26
32
28
47
33
30
66
45
42
97
44
25
46
34
37
33
36
34
44
37
47
68
35
31
22
42
32
45
25
32
50
33
42
46
29
39
40
42
28
44
45
29
36
51
44
54
61
28
26
88
33
25
35
31
49
46
48
49
45
28
42
60
31
32
25
24
46
34
37
66
68
35
30
40
33
31
27
32
44
33
38
62
40
24
34
33
35
31
31
34
31
44
44
47
49
23
30
42
31
40
34
35
34
38
34
55
63
33
38
47
30
46
32
28
44
43
50
48
46
21
42
45
33
32
23
29
49
43
48
71
33
27
43
37
27
23
24
33
29
44
46
48
47
48
32
29
37
30
33
30
25
41
42
50
62
30
30
16
23
32
38
43
30
29
57
49
48
50
33
44
37
44
66
28
37
35
38
54
85
41
32
64
39
33
62
64
35
31
32
61
44
33
37
49
61
47
64
76
42
50
32
56
67
25
33
33
41
28
37
26
58
38
30
58
63
52
32
35
36
32
32
29
40
38
36
89
50
35
18
29
32
32
22
31
34
67
46
70
64
43
30
62
34
28
28
44
29
35
48
29
35
28
40
46
30
37
35
40
42
44
49
48
63
29
23
44
27
26
33
33
59
67
39
39
76
30
33
42
47
34
45
38
42
33
47
27
69
31
35
30
29
46
46
32
18
46
51
80
55
35
33
46
52
32
44
31
37
48
48
75
68
25
22
47
33
47
29
29
46
52
43
64
47
51
32
44
29
31
30
37
37
48
37
84
46
23
33
74
34
30
37
28
49
47
48
56
47
32
37
48
25
44
45
36
49
36
39
46
60
26
33
70
32
31
44
39
46
55
47
49
45
29
33
38
29
38
32
31
30
46
44
52
35
22
40
32
32
37
39
32
29
53
41
48
60
24
40
42
35
35
31
34
46
47
46
37
56
24
36
34
25
26
28
29
60
39
46
51
48
26
31
67
36
47
28
30
43
41
55
24
37
29
40
46
35
32
24
30
49
34
35
35
64
36
31
33
49
23
34
29
41
36
46
65
75
25
22
44
25
37
26
35
49
47
37
57
56
33
23
26
43
32
37
44
41
36
35
47
54
22
32
46
25
23
25
28
31
33
40
46
44
53
29
34
28
42
31
34
33
37
31
31
24
23
31
37
33
56
30
31
24
22
20
29
26
19
43
22
31
29
33
40
32
29
30
25
30
22
47
22
23
36
49
23
26
34
19
27
29
29
25
30
23
24
32
31
24
25
18
24
29
34
23
27
29
46
23
44
30
29
34
30
22
22
24
30
24
31
34
34
24
31
33
31
30
32
21
31
21
55
49
21
32
32
34
31
33
22
24
36
31
25
31
29
24
23
29
33
33
22
44
37
33
51
31
29
27
25
23
29
28
31
42
32
28
35
31
29
28
24
30
31
25
29
44
46
23
34
34
33
29
33
24
24
31
20
32
22
34
26
32
38
34
33
23
28
24
29
24
32
29
30
27
32
31
29
25
22
24
23
30
31
22
23
27
24
34
37
32
24
25
23
32
32
35
50
24
27
28
25
23
31
25
27
24
37
19
33
31
31
30
20
23
22
24
23
48
32
28
31
28
32
24
20
18
24
18
21
35
31
32
25
25
39
37
22
32
24
18
23
23
23
22
28
46
33
28
27
38
24
31
23
22
31
28
32
33
26
26
24
34
23
29
23
25
32
41
33
45
28
24
33
34
32
27
26
35
30
27
33
38
38
24
22
31
36
21
23
34
57
29
21
24
36
36
21
31
26
22
18
60
34
19
21
24
17
21
36
25
32
24
23
34
24
21
23
20
23
24
22
22
34
27
25
35
23
23
25
28
21
27
22
22
36
27
17
37
27
18
18
26
22
19
25
20
27
34
23
34
28
26
24
21
19
23
21
25
28
28
18
33
28
27
21
21
17
26
24
27
26
24
23
23
26
21
21
25
17
28
26
26
20
31
25
36
30
25
20
23
23
20
22
20
31
27
23
41
28
21
23
27
21
22
18
21
33
34
19
38
29
23
17
20
24
26
21
27
25
26
22
33
27
27
23
28
24
25
23
39
25
28
18
28
30
21
18
27
22
20
29
21
29
21
23
32
30
22
20
20
21
23
19
16
20
36
26
36
32
22
33
37
35
27
31
32
17
34
44
36
16
23
38
38
14
43
32
24
35
37
34
25
24
38
33
27
19
49
42
24
26
26
25
16
21
31
25
23
17
18
17
27
26
30
18
24
34
20
21
30
20
18
25
24
27
30
22
43
30
18
24
29
24
21
17
30
32
28
24
31
31
22
14
37
22
31
48
31
31
41
29
31
22
25
23
24
18
26
29
28
31
39
24
31
29
22
17
29
17
22
25
45
34
48
27
41
24
24
15
23
18
24
23
22
54
41
31
24
32
21
24
24
21
22
22
22
30
30
