19
17
9
12
17
10
13
49
23
8
8
9
3
5
9
13
12
19
21
11
28
22
9
14
14
13
10
13
16
30
13
20
14
32
12
7
12
7
9
11
12
18
10
11
33
21
19
11
10
9
8
7
16
15
10
14
7
28
9
31
6
5
8
7
7
26
7
16
13
32
11
4
10
6
6
11
15
10
17
9
13
29
17
10
9
6
9
8
17
13
16
13
9
22
14
13
9
6
21
9
23
14
9
23
14
15
13
8
9
8
7
25
9
14
23
39
33
17
9
15
8
9
8
9
17
25
14
10
24
16
6
8
12
6
12
9
26
17
10
12
16
21
10
9
10
10
48
13
46
34
14
24
32
17
7
10
9
14
13
16
24
29
22
10
24
19
24
9
8
7
9
17
24
13
16
9
17
26
13
15
13
8
11
13
15
22
17
13
22
39
33
9
6
9
7
8
15
11
18
10
25
14
7
10
4
6
32
7
18
9
10
11
14
38
15
7
13
7
22
13
16
13
8
22
9
9
29
8
14
6
6
10
9
37
5
7
26
24
15
17
7
8
12
12
26
29
11
3
13
17
10
19
7
12
2
10
15
9
17
9
22
16
20
0
13
9
13
19
12
15
11
10
12
15
23
11
9
5
12
12
15
18
18
23
30
22
15
8
8
4
2
5
7
8
3
5
9
9
10
5
6
5
4
4
11
13
6
9
8
8
10
13
8
7
4
8
21
13
12
7
11
4
8
9
5
13
7
12
10
7
6
8
14
12
13
5
8
11
9
8
9
12
9
24
10
12
12
12
12
12
7
7
18
13
11
8
9
17
10
7
4
4
5
4
7
7
3
8
8
12
9
12
5
4
6
3
4
4
5
6
5
7
5
7
10
6
6
4
6
11
2
11
2
12
6
12
6
5
2
4
3
4
12
8
11
9
12
2
10
6
1
3
3
8
9
8
6
0
6
4
8
4
3
4
8
7
8
11
6
7
8
4
3
5
3
4
3
8
4
4
4
12
4
5
0
4
5
3
7
6
7
8
4
6
6
5
6
4
4
4
2
9
2
5
7
16
5
3
3
3
3
4
15
7
17
6
7
6
5
6
8
7
0
3
8
5
3
3
7
6
4
2
4
8
1
2
7
6
9
7
6
5
9
9
9
1
1
2
4
7
5
11
7
5
6
8
4
7
1
5
3
11
7
4
9
6
4
5
7
3
4
4
8
9
9
7
13
10
10
9
4
7
8
8
9
11
10
6
7
5
8
10
6
5
6
8
3
18
9
5
6
8
5
8
1
6
5
10
7
7
5
11
9
12
12
10
17
16
17
17
19
18
20
17
37
30
14
18
17
17
19
17
23
12
15
16
13
17
12
8
17
17
6
6
12
14
16
20
6
20
15
9
9
6
12
11
23
23
13
14
10
18
17
14
6
10
13
10
17
14
13
18
22
16
11
11
16
29
14
12
23
6
15
18
9
12
16
7
20
11
14
23
2
5
11
15
9
15
19
34
10
14
18
23
15
14
6
17
13
25
15
15
8
13
15
6
28
19
20
27
21
18
23
21
6
21
18
28
12
29
14
13
15
19
18
30
16
26
19
10
19
17
14
12
35
35
8
26
34
19
16
29
18
19
23
36
15
24
17
26
9
14
15
24
12
10
10
15
16
13
18
13
14
7
12
12
15
13
22
14
10
12
6
16
17
10
9
5
7
6
11
12
18
11
17
8
12
12
13
21
8
5
23
8
5
8
16
11
8
14
11
10
22
12
11
6
4
4
14
6
9
15
6
9
11
10
14
11
1
11
13
11
8
8
22
8
3
9
11
6
2
4
3
7
4
3
4
5
6
3
8
9
7
8
6
10
9
5
7
6
9
5
11
3
7
5
8
11
12
7
4
6
9
8
5
4
4
2
10
4
2
6
4
4
5
1
6
6
0
8
4
6
7
9
3
7
3
7
2
9
6
9
5
6
20
16
22
19
33
12
31
18
21
23
15
23
11
15
15
14
17
13
8
5
35
7
9
12
8
8
8
21
12
7
4
13
5
12
1
18
7
5
21
21
15
16
23
40
25
13
16
12
16
13
15
20
11
15
19
17
31
24
20
18
13
18
21
4
12
32
14
29
13
13
11
23
25
5
30
23
20
15
21
18
28
15
19
26
17
15
23
17
16
17
15
12
15
15
4
38
10
11
30
12
9
19
18
11
11
14
6
12
36
31
40
28
26
12
21
27
11
19
35
14
15
35
13
20
18
13
30
16
22
22
30
27
22
20
21
16
43
15
19
19
12
14
32
26
40
25
19
30
31
7
14
22
39
16
37
33
28
18
21
37
11
16
5
11
32
3
21
13
20
18
23
5
37
14
22
34
34
12
23
30
19
13
17
18
15
24
14
31
20
32
10
18
21
19
25
17
14
17
25
22
8
17
20
15
5
38
22
15
22
11
13
14
19
11
17
20
4
37
29
38
8
19
19
14
36
17
14
20
4
19
40
14
14
10
12
16
21
9
22
21
16
24
23
17
15
5
19
5
15
17
12
18
17
8
10
14
5
11
18
24
24
4
9
6
15
24
11
21
18
13
9
15
30
3
8
24
6
17
16
7
9
17
10
30
16
39
7
18
32
14
14
13
14
12
8
16
29
9
26
29
15
8
13
15
24
27
13
7
12
23
33
8
14
25
24
11
13
20
3
13
28
20
6
25
20
10
19
13
13
24
21
20
14
18
22
25
11
12
26
34
12
15
12
2
8
17
11
10
17
12
4
12
24
11
14
12
27
19
8
18
25
15
12
23
24
9
12
11
9
12
18
27
9
17
17
12
13
15
6
12
14
17
15
10
16
8
9
4
16
7
9
3
17
14
15
14
20
9
14
12
14
12
8
21
16
14
28
20
3
20
31
12
19
18
11
13
19
8
10
10
7
34
31
12
12
12
17
13
8
15
8
9
19
13
25
19
11
10
23
11
20
22
22
11
23
10
26
10
32
16
17
12
13
12
9
10
7
11
9
15
16
8
24
16
11
15
18
13
12
8
10
8
13
13
17
8
25
2
8
12
10
12
14
11
17
13
11
14
10
6
7
10
22
9
6
9
15
10
17
17
21
12
24
22
3
18
15
26
6
28
21
9
13
6
25
3
14
9
15
18
19
13
13
30
16
15
10
21
13
21
31
17
10
13
31
15
18
18
25
18
28
27
23
12
34
17
13
14
11
10
13
30
29
12
18
14
10
13
15
14
15
15
11
11
12
22
16
38
19
30
25
16
22
27
12
8
