8
17
17
27
12
13
22
12
15
23
14
9
13
30
21
13
15
14
12
16
10
16
12
15
9
25
21
15
14
13
12
19
16
11
11
11
16
20
22
10
18
17
19
14
14
13
14
15
10
24
23
13
14
9
20
13
10
16
16
15
15
26
9
14
11
12
20
15
8
12
16
14
24
15
16
15
15
13
24
18
12
7
14
11
11
15
18
17
16
30
15
15
11
13
15
11
14
23
24
21
20
10
8
18
12
12
13
13
12
17
18
19
23
12
9
9
14
12
9
12
19
19
19
5
12
12
15
14
20
12
11
7
12
8
11
13
11
12
9
8
11
15
11
7
11
3
11
11
8
9
9
10
16
12
6
7
7
9
9
8
14
11
5
18
11
20
22
10
13
28
19
23
11
11
20
32
12
9
7
11
10
7
10
10
10
11
9
17
16
18
12
16
15
13
24
10
7
13
4
11
13
13
20
10
8
19
6
13
14
13
16
17
8
16
14
13
23
3
27
10
13
9
13
16
9
9
14
17
12
18
18
13
13
8
11
10
12
10
16
10
10
12
12
9
12
13
7
13
10
10
13
7
4
7
21
5
9
18
8
18
6
0
13
17
11
25
8
10
13
12
11
9
16
16
8
14
10
14
16
5
6
8
9
9
9
8
8
7
12
15
18
22
12
10
4
18
10
14
14
11
17
6
28
18
9
12
9
14
27
19
22
14
15
12
31
28
16
8
9
11
9
13
18
8
4
36
28
23
20
8
24
18
21
13
19
10
16
20
18
26
26
12
16
16
23
6
7
11
22
26
16
8
40
10
19
21
14
7
18
7
11
37
4
13
32
9
10
12
11
10
20
19
19
14
15
19
14
12
22
15
12
15
14
10
12
8
13
34
5
11
14
11
18
12
14
6
17
17
14
15
17
16
6
13
16
17
9
17
14
24
21
42
36
11
18
8
19
13
21
8
16
30
13
8
22
7
22
14
7
18
16
9
9
12
23
21
14
14
21
4
7
26
25
14
3
15
15
10
15
9
3
15
18
13
11
11
19
7
22
21
15
11
10
1
11
21
17
14
14
4
15
31
12
11
8
7
20
8
6
9
9
10
2
25
11
11
8
22
10
17
5
6
6
9
8
7
11
12
10
12
12
11
5
12
8
11
13
12
10
6
8
7
16
10
22
6
12
7
13
15
6
23
6
13
13
10
8
10
7
13
13
15
22
13
8
14
6
15
11
30
6
11
21
19
14
7
4
10
18
10
18
8
20
6
18
20
9
16
7
6
7
11
14
8
17
17
12
18
13
12
12
9
21
13
21
5
29
32
14
17
19
17
20
36
25
23
13
40
24
24
22
19
26
26
20
40
33
21
15
20
25
17
35
26
36
28
14
35
26
22
26
39
37
27
6
24
14
21
15
12
35
23
43
17
14
12
31
16
9
41
31
23
35
31
11
7
24
17
3
33
12
22
18
28
27
40
17
21
43
17
16
24
37
24
31
10
39
5
34
16
11
22
32
42
25
18
25
27
38
37
19
27
27
20
29
24
19
7
30
14
20
5
34
18
23
40
31
23
22
33
11
28
35
21
26
35
37
20
26
26
21
19
28
42
25
36
20
6
26
16
22
30
24
38
40
24
19
33
37
19
32
26
18
18
35
28
36
40
23
33
14
22
39
44
21
23
25
18
25
24
17
41
35
22
22
35
23
23
22
17
17
24
33
35
13
25
38
20
31
7
29
36
42
28
33
24
18
29
43
41
38
22
31
26
13
33
26
23
21
37
31
32
15
4
36
28
21
19
30
18
44
36
19
22
23
17
40
23
18
15
25
25
16
12
29
17
13
18
25
25
13
17
24
15
12
30
18
17
17
9
26
12
15
17
30
16
35
17
40
7
21
14
16
5
11
4
15
1
1
6
3
3
1
5
6
3
5
15
5
4
9
8
8
1
1
10
13
7
1
2
11
13
14
4
12
15
14
3
16
14
5
16
19
7
3
16
3
5
14
24
10
12
1
16
6
10
10
8
24
9
6
8
8
1
9
25
5
12
21
28
6
10
12
22
8
14
23
5
24
24
22
24
12
14
24
7
24
28
6
10
12
6
26
11
8
19
14
10
7
14
12
36
42
17
20
33
38
21
44
3
23
40
25
33
37
33
19
18
26
17
38
10
40
26
16
40
18
18
38
40
21
11
27
25
28
31
3
23
18
39
15
37
32
18
34
24
38
18
37
26
27
30
35
5
26
22
25
17
25
24
33
28
18
25
27
15
11
19
25
38
15
32
40
14
20
16
10
12
34
22
20
37
40
29
23
42
36
20
42
22
14
25
32
21
21
22
24
39
10
23
16
20
19
41
43
2
17
18
40
17
18
10
32
22
33
34
16
21
23
26
19
39
38
26
25
16
26
23
16
28
16
33
39
39
26
36
17
40
23
19
21
24
25
23
35
23
18
25
17
42
12
24
19
28
34
16
20
39
15
32
22
17
20
13
24
23
16
25
28
17
40
35
30
21
19
22
15
12
43
24
26
32
32
19
21
18
37
17
17
34
14
15
32
20
19
11
27
26
32
27
11
2
15
17
33
9
25
22
5
25
13
22
17
6
15
19
20
11
22
15
34
15
30
36
35
35
19
32
17
25
29
32
38
5
40
18
13
39
39
18
36
33
51
34
28
45
23
24
25
16
45
28
52
37
22
74
31
15
5
20
36
22
26
15
49
21
21
14
22
62
74
34
14
39
23
30
15
33
24
22
28
28
26
20
49
35
35
38
21
28
14
36
52
28
19
10
11
51
31
35
59
41
36
48
42
16
28
30
26
36
30
42
43
50
39
40
34
23
24
21
4
63
36
48
14
19
58
29
29
29
30
26
53
39
76
25
35
35
24
26
17
25
28
21
36
29
27
36
31
24
45
43
30
57
38
32
35
31
24
39
50
37
54
19
53
25
51
71
59
56
51
26
75
21
36
69
28
39
42
26
27
22
45
48
35
44
36
33
37
52
71
36
68
49
33
26
73
11
19
30
62
33
19
48
44
47
84
69
14
34
34
45
10
21
34
54
75
55
40
19
34
40
34
28
53
35
27
63
45
34
20
42
42
53
44
46
26
31
29
36
40
11
24
40
26
15
51
50
30
44
17
21
23
12
28
26
18
15
28
25
31
23
25
38
26
12
17
40
32
17
23
24
17
11
28
20
23
26
22
10
23
21
8
18
28
11
10
20
23
36
22
14
15
14
18
3
28
22
37
13
9
29
26
15
25
15
51
23
10
39
