38
2
28
34
28
7
18
27
33
25
8
37
25
31
36
11
28
24
19
19
18
20
7
30
24
33
25
6
25
2
30
33
33
17
53
34
25
22
8
36
30
33
46
25
34
18
35
18
29
6
8
9
0
36
49
19
35
25
17
22
28
18
22
31
24
36
21
26
20
18
26
12
26
29
31
25
29
2
25
22
19
35
3
21
29
13
28
19
13
30
18
22
46
19
27
20
30
26
59
50
50
16
24
26
24
19
23
16
19
22
4
31
18
23
20
30
26
27
23
38
30
34
31
7
34
32
55
25
18
25
31
70
24
25
27
9
5
19
6
10
38
15
25
23
32
23
31
11
36
6
34
28
22
21
5
26
33
29
28
31
0
21
20
26
28
39
32
29
35
28
28
4
7
29
14
22
62
3
16
42
29
25
22
8
32
32
27
25
13
5
18
25
14
29
23
26
33
25
20
31
4
28
37
38
29
4
9
7
6
23
16
7
17
20
18
21
34
27
24
36
28
29
2
22
25
35
34
27
30
51
27
28
27
4
21
26
18
15
3
27
35
27
28
33
25
3
56
27
24
38
4
12
22
13
12
22
5
17
15
29
35
28
24
26
23
2
20
24
29
4
47
15
9
20
21
16
21
30
29
19
6
22
15
29
17
23
30
31
19
18
24
14
25
20
21
2
21
31
7
3
20
19
33
26
44
24
2
32
33
25
23
4
10
40
16
26
24
4
32
45
37
26
17
29
30
29
17
42
24
26
14
25
22
34
5
30
27
11
32
45
2
25
32
33
20
29
27
38
32
19
4
2
22
21
24
30
28
23
31
21
17
27
2
30
36
30
27
31
31
28
25
30
22
5
20
14
13
19
24
5
2
28
33
26
22
33
28
18
30
23
22
30
29
15
21
19
19
15
11
20
32
2
48
30
19
30
36
34
25
20
12
16
0
14
21
24
33
24
5
25
29
27
48
32
28
35
32
13
43
20
22
29
12
0
23
1
16
29
22
19
22
2
2
6
4
33
31
28
41
28
18
3
21
5
5
34
30
19
31
23
40
24
22
18
52
27
32
0
6
20
14
19
0
29
12
18
23
24
30
2
2
5
23
27
30
25
35
23
28
6
2
4
5
27
21
19
47
41
28
16
2
9
5
4
2
4
15
30
17
19
19
23
23
2
4
32
6
4
35
20
28
30
17
29
4
4
30
2
20
19
28
23
3
25
58
20
51
24
19
34
26
33
26
0
0
6
7
25
26
26
25
24
59
5
4
40
2
24
24
0
2
47
2
2
23
4
27
30
15
29
11
0
5
2
52
5
6
7
8
25
5
2
9
20
12
3
2
5
0
7
4
2
19
0
38
24
23
3
5
4
4
0
4
4
5
7
2
5
7
7
6
5
0
2
2
0
2
24
5
2
2
7
40
4
3
6
5
4
4
6
2
7
2
25
5
2
5
4
2
7
2
0
6
24
21
2
2
0
2
32
5
2
3
38
2
27
0
5
4
0
3
3
2
0
3
0
18
26
2
2
5
0
4
2
68
0
2
35
15
2
6
5
5
5
2
4
2
11
33
9
2
5
2
7
1
0
2
0
9
3
6
2
5
4
2
5
2
2
8
4
59
3
5
28
0
3
6
14
47
5
4
5
2
47
0
2
4
6
7
6
6
2
7
4
4
3
13
0
27
4
7
58
2
5
2
2
54
6
9
2
29
2
5
3
2
7
4
4
3
2
4
4
28
25
0
5
4
7
3
0
4
4
4
21
22
4
43
2
9
4
2
0
2
3
7
23
24
3
7
38
4
7
5
3
0
28
21
26
26
25
34
5
2
3
2
24
25
29
28
28
16
25
0
18
4
2
29
4
22
2
36
25
2
22
32
22
18
6
23
21
30
28
28
24
56
16
19
18
25
37
6
3
3
19
13
32
21
32
25
24
27
26
18
36
2
5
5
11
20
4
26
21
24
34
2
2
5
43
3
5
35
2
2
23
3
5
4
9
5
9
58
2
4
5
5
5
5
3
53
0
5
0
0
2
4
2
9
4
5
29
5
5
6
3
3
2
4
4
16
2
5
6
2
4
5
6
3
42
4
3
7
33
34
20
13
4
9
40
4
5
51
2
26
22
26
4
12
0
2
4
9
2
0
9
2
0
4
44
3
3
4
21
4
62
10
2
14
4
4
45
2
16
5
3
2
6
31
0
19
29
31
20
33
4
57
2
2
76
6
0
33
2
6
20
24
2
83
2
5
4
4
23
0
44
22
3
7
4
2
4
6
2
3
19
31
35
24
4
9
24
3
5
30
2
4
27
15
28
5
25
7
2
13
4
30
9
4
2
29
18
4
64
5
2
6
32
5
5
5
23
4
42
26
4
0
0
2
26
6
8
4
7
5
45
2
5
50
3
8
6
5
0
9
31
40
2
4
4
2
32
5
3
4
2
6
31
22
55
31
0
5
3
0
2
2
6
2
3
19
31
4
4
4
4
4
35
3
2
4
3
2
41
5
1
2
2
4
44
0
4
53
4
2
4
3
2
5
2
5
15
4
4
7
22
28
4
49
38
2
7
2
7
12
6
3
4
21
27
4
36
11
2
29
5
15
29
5
6
8
33
2
2
0
7
5
5
26
4
0
2
8
3
5
53
3
0
4
8
6
2
2
4
26
2
4
40
4
2
43
6
2
0
0
56
2
0
2
2
0
41
7
2
10
5
9
30
6
0
6
0
2
63
0
0
4
2
2
8
2
2
42
2
2
33
2
2
34
4
4
2
0
2
37
4
81
2
8
2
2
3
2
45
3
11
25
2
5
2
2
0
4
5
4
2
2
2
26
3
2
7
3
66
7
2
11
48
2
5
4
2
2
6
2
2
31
0
2
2
6
2
6
4
6
42
2
3
29
2
4
4
4
4
43
13
8
6
4
8
6
6
41
4
4
2
10
6
27
0
4
24
2
0
32
2
5
32
0
2
36
2
4
2
0
3
4
6
2
0
0
53
2
4
0
0
5
2
8
0
4
5
2
2
43
0
0
29
2
2
2
2
2
4
4
2
2
0
25
2
2
4
5
2
2
4
43
4
4
3
5
2
3
2
0
4
2
0
7
4
2
6
39
6
4
4
2
4
8
0
0
0
43
2
4
4
9
0
2
5
2
6
4
15
47
9
2
26
2
2
52
6
6
4
0
2
19
6
4
4
6
0
4
2
2
2
15
8
5
27
4
3
2
9
4
46
4
4
0
2
4
2
2
2
5
4
2
63
0
4
0
0
