19
2
4
4
6
0
6
8
2
6
4
4
4
4
6
2
2
2
4
8
2
4
8
4
2
4
2
4
2
4
6
8
8
2
2
2
6
4
6
6
6
2
17
10
4
6
4
6
2
6
2
4
0
4
4
2
6
13
4
4
6
2
15
4
2
8
6
6
4
4
4
4
4
6
2
0
4
2
6
4
7
6
6
6
2
8
2
6
6
4
6
13
4
15
19
19
23
8
4
6
4
2
2
2
4
6
8
17
2
6
4
4
6
6
0
6
6
6
8
2
4
6
4
15
6
4
4
8
2
14
4
4
0
6
4
6
4
2
6
2
6
2
4
4
23
4
15
2
4
17
2
2
6
8
0
6
18
23
4
6
0
6
4
2
0
6
4
2
8
2
4
4
4
8
6
10
6
6
4
4
4
2
0
2
2
2
2
4
4
6
2
4
6
4
4
14
6
4
6
8
2
4
10
6
0
6
0
2
0
0
6
6
19
2
6
2
4
4
2
2
6
6
2
2
4
2
2
6
8
2
4
8
2
6
2
6
2
38
4
2
4
6
0
0
0
8
4
6
6
2
4
4
6
15
6
6
4
4
2
2
6
4
4
2
6
2
8
4
6
8
6
6
4
2
4
4
6
4
6
2
4
4
2
4
4
6
2
8
8
4
6
7
6
2
6
6
4
4
6
28
2
4
4
6
4
4
8
4
19
4
4
2
0
2
39
19
17
6
10
6
6
17
4
30
8
8
4
2
2
4
0
8
8
6
2
8
6
6
19
4
6
4
13
2
2
4
2
4
6
6
8
8
6
4
4
0
6
2
0
2
4
6
13
4
8
6
4
2
6
6
6
8
6
15
25
2
8
6
0
0
2
2
2
2
13
2
6
13
6
15
2
8
23
6
4
2
4
4
0
4
4
6
19
4
8
6
6
2
6
8
4
6
6
4
6
8
6
2
4
2
6
6
4
4
6
6
4
0
4
6
6
8
6
4
2
6
6
6
4
2
6
4
2
4
4
4
2
0
4
10
23
2
3
2
2
19
4
8
6
2
6
2
6
2
6
6
2
4
4
4
6
2
6
4
4
4
4
2
4
4
2
0
8
25
0
4
4
4
4
4
2
4
2
8
4
2
8
2
4
8
2
7
6
8
6
6
0
6
4
4
4
21
15
4
23
2
4
2
2
4
4
4
2
8
2
2
6
0
6
2
2
2
2
10
6
2
6
4
4
4
2
4
4
8
2
6
25
2
4
4
4
6
6
4
6
2
0
0
8
4
2
5
6
6
4
6
2
0
0
2
6
17
2
4
4
6
4
4
6
2
6
8
4
4
4
4
2
4
4
2
2
6
4
23
0
4
11
4
2
4
2
2
6
4
2
4
6
4
6
2
4
8
4
6
2
4
2
4
4
4
0
4
8
4
2
0
4
0
6
31
8
4
6
6
8
17
6
2
4
4
15
4
4
25
4
27
6
8
6
6
4
19
6
17
4
27
4
0
2
2
4
7
4
6
6
4
4
4
8
2
4
2
20
4
11
4
4
6
8
2
0
6
33
6
0
8
4
6
6
4
17
6
6
2
8
4
2
4
2
4
6
4
4
2
4
2
2
4
8
4
2
6
8
2
6
4
10
6
6
0
4
2
4
2
21
4
2
2
2
8
8
6
4
2
0
6
2
4
6
2
6
6
8
4
6
2
2
4
2
8
4
4
8
6
6
4
4
2
6
2
2
2
2
4
2
4
23
8
0
4
0
0
4
0
8
6
4
4
4
6
17
6
4
6
2
10
4
0
4
4
6
8
2
0
4
25
25
0
4
6
2
6
8
2
2
0
4
6
0
4
4
2
2
2
0
6
6
2
6
2
2
8
4
2
17
2
4
4
6
2
6
6
4
4
6
6
4
4
20
2
8
0
4
8
6
6
2
8
6
4
8
4
4
4
2
4
4
4
6
8
6
2
2
4
4
2
15
4
4
0
4
10
2
4
4
0
8
4
6
2
4
6
2
4
0
4
10
2
4
19
15
0
5
2
4
2
3
15
6
2
4
2
4
6
8
0
0
2
2
2
2
4
6
4
4
2
2
0
2
2
0
2
2
4
4
6
2
2
2
4
2
0
4
6
2
4
4
6
4
0
4
2
6
6
0
2
2
4
4
6
6
4
6
8
6
4
6
2
2
8
6
4
6
4
6
4
4
6
4
6
4
17
6
2
2
4
5
6
2
6
2
2
4
0
2
0
6
4
4
6
6
2
4
2
8
6
0
6
2
10
6
6
2
4
4
4
4
0
4
4
0
15
5
10
2
8
4
6
2
2
19
2
2
4
4
2
6
2
4
6
2
4
6
17
2
8
8
8
13
2
0
10
4
4
7
4
4
4
4
4
4
4
2
4
2
4
4
17
8
8
0
4
8
2
4
2
4
8
6
6
0
4
0
4
2
2
4
8
2
2
19
4
6
2
2
6
2
4
4
2
4
4
4
2
4
10
2
6
2
4
23
2
2
6
8
0
0
0
19
6
2
2
4
6
2
6
4
4
4
6
6
6
6
2
0
4
6
2
2
2
2
2
5
4
4
6
4
4
6
2
4
2
4
4
17
4
19
4
4
6
8
6
22
4
6
4
3
8
4
6
5
5
6
21
4
6
6
15
5
2
0
4
4
8
4
4
4
4
2
6
6
4
4
6
16
4
6
4
4
4
4
8
4
4
6
4
15
2
4
6
2
4
4
6
6
4
6
8
17
2
8
6
3
4
6
6
6
6
2
6
15
2
11
4
4
4
6
6
10
4
8
10
8
4
4
4
4
6
6
0
2
4
2
0
0
4
13
6
4
4
4
4
4
6
6
4
4
0
6
2
6
15
4
4
4
6
4
8
8
6
6
2
8
4
4
0
4
8
2
4
6
6
10
4
4
4
4
2
6
0
8
4
2
6
16
8
4
2
2
6
4
4
12
2
0
15
10
4
6
4
10
4
2
4
17
8
4
3
4
4
6
4
23
6
5
6
2
4
8
2
2
8
2
4
8
6
2
6
4
2
4
2
4
6
2
7
10
15
8
2
4
4
19
0
4
8
8
6
6
4
7
4
2
8
4
2
0
8
6
2
4
6
4
13
0
4
6
4
8
6
4
4
13
2
4
2
2
6
4
2
4
4
8
4
2
2
4
6
4
4
10
6
4
4
6
4
6
4
6
6
2
6
2
2
2
2
2
6
4
6
6
2
6
10
6
12
4
2
4
2
2
8
2
6
2
0
6
4
2
0
