8
8
0
8
0
8
7
0
7
7
8
7
8
8
30
8
8
8
8
0
8
7
38
0
8
8
7
8
8
8
8
8
8
8
11
7
8
8
0
0
0
6
8
5
2
0
8
8
8
8
0
8
0
5
30
29
8
8
0
8
8
6
7
0
6
6
7
8
8
8
8
24
8
7
7
0
2
7
8
15
8
0
8
8
8
8
7
8
8
0
0
35
8
8
8
8
8
0
2
8
0
8
8
2
28
65
7
0
8
8
8
8
7
0
8
0
6
8
8
0
0
8
8
26
8
8
8
6
8
8
8
0
8
8
7
8
8
8
8
8
3
7
5
6
8
6
8
7
8
8
8
8
8
8
0
0
0
8
8
8
2
2
8
8
8
7
0
8
0
0
89
0
25
40
0
8
7
8
0
8
6
8
0
0
53
22
8
8
6
0
8
0
8
70
8
0
8
37
8
0
8
8
8
8
6
0
8
8
8
0
6
0
8
8
8
8
5
8
0
0
8
8
8
29
8
86
2
8
8
8
0
8
8
0
8
0
6
33
8
13
31
8
8
8
6
8
6
8
0
8
7
0
8
8
8
8
8
8
8
21
8
8
0
5
8
0
8
8
8
29
7
44
8
8
0
0
8
8
0
8
0
0
8
8
0
8
0
8
8
8
0
0
0
8
8
0
8
7
0
8
7
0
8
0
8
0
3
0
8
7
51
8
8
0
36
7
7
8
8
8
8
0
8
5
8
0
8
8
5
0
8
8
8
0
5
17
8
0
7
7
8
0
22
0
8
8
3
8
8
10
0
48
7
0
8
8
0
8
2
8
7
0
0
83
8
8
8
8
8
0
8
72
8
31
0
8
8
8
8
8
8
8
7
8
32
2
0
0
8
8
8
8
5
8
6
8
8
30
0
90
0
8
8
8
0
8
7
0
0
8
8
0
8
8
7
8
8
48
8
8
61
8
8
8
7
8
8
8
0
8
8
6
0
8
8
8
8
0
7
8
6
8
8
0
8
8
8
0
8
8
8
0
5
71
0
8
4
8
8
8
8
0
6
0
0
8
8
8
8
8
0
16
2
2
8
8
7
38
7
8
8
8
0
8
8
8
5
8
8
0
8
8
6
28
8
0
8
7
0
8
0
7
0
8
0
8
8
8
8
7
8
8
5
0
8
8
8
8
8
0
8
8
8
8
0
8
8
8
8
8
8
8
34
0
8
20
8
8
6
8
8
34
8
8
0
8
22
0
7
7
8
8
8
30
0
53
7
0
0
7
8
8
0
5
0
8
7
8
0
8
8
8
8
40
8
8
2
8
0
8
8
0
8
0
0
0
8
6
7
45
18
66
83
8
8
0
8
0
3
8
7
0
0
8
8
8
9
46
0
8
8
47
0
8
8
6
3
0
0
8
8
0
8
0
8
8
45
8
8
8
8
8
8
2
0
8
8
8
0
7
32
8
8
0
8
0
0
2
2
8
0
8
5
7
0
8
0
6
0
8
0
8
7
8
8
5
8
0
7
8
0
0
0
18
0
0
8
8
5
8
8
0
0
7
8
0
8
24
8
8
8
8
8
8
0
8
2
8
8
8
8
0
0
0
8
8
7
8
8
8
8
8
8
0
41
8
8
8
0
8
8
0
8
8
0
8
8
0
8
30
8
8
8
8
8
8
8
0
8
0
0
8
5
8
0
8
0
8
8
8
0
0
0
8
29
0
8
8
0
17
0
8
2
3
8
8
18
30
71
8
7
8
0
0
8
8
0
8
8
8
0
0
0
0
8
2
8
0
8
0
0
3
8
8
0
0
0
8
0
8
8
0
8
0
0
7
3
0
7
32
0
0
0
8
0
8
7
8
5
8
0
8
8
0
0
8
8
8
0
8
8
0
8
18
0
1
8
24
8
8
0
8
0
8
0
8
8
8
0
0
8
8
0
0
28
0
8
8
8
0
0
8
0
0
8
8
8
0
8
8
8
8
8
8
8
8
37
8
0
5
8
7
8
8
4
37
8
8
8
45
8
34
28
0
0
0
0
8
8
8
8
8
0
8
0
0
8
32
0
8
8
8
0
8
0
8
8
8
8
0
0
8
8
8
8
8
7
8
8
6
38
8
0
8
0
0
0
0
26
2
8
43
0
0
0
8
0
0
7
8
8
75
8
8
0
72
0
8
8
3
8
3
8
46
0
8
8
8
3
46
8
8
0
0
0
8
88
8
8
0
42
8
8
8
7
8
3
8
8
3
8
8
8
0
8
0
8
0
8
8
8
0
8
8
0
0
5
19
27
6
8
0
16
0
8
8
0
8
8
0
8
8
8
8
0
45
5
8
6
0
0
16
7
0
40
3
84
7
8
7
73
8
8
0
25
8
0
0
0
0
8
0
8
0
25
0
8
28
8
8
0
0
0
16
8
0
8
0
0
8
8
76
8
8
0
0
3
0
7
8
8
0
0
8
8
0
8
8
27
8
23
0
8
8
8
8
6
8
0
0
0
0
8
8
8
7
0
0
7
8
0
8
8
0
8
8
0
31
0
8
8
27
8
8
8
8
8
8
8
8
0
0
8
8
8
87
8
0
8
8
8
0
8
0
8
8
0
8
0
8
0
8
13
14
8
0
14
10
0
8
16
9
0
0
19
13
16
0
26
14
0
10
8
12
14
0
10
13
8
0
15
16
16
0
10
9
3
0
13
5
0
0
9
8
0
8
11
13
0
13
0
8
8
0
0
13
13
0
0
18
11
0
0
8
8
0
18
0
18
0
10
5
11
0
10
15
18
0
0
8
11
0
0
9
20
0
0
6
8
0
0
0
17
0
0
15
8
0
0
11
21
0
0
13
15
0
0
21
9
0
0
11
9
0
0
12
28
0
0
18
13
0
0
0
0
0
0
0
0
0
21
0
23
0
16
0
10
0
34
14
36
0
0
0
2
0
0
0
0
0
0
0
3
0
16
8
0
0
24
8
2
7
8
0
7
4
0
11
5
25
0
10
25
10
12
0
0
8
13
0
0
0
0
0
5
0
0
0
0
0
25
0
13
0
0
5
14
0
18
10
8
0
6
8
8
0
30
0
8
0
5
8
8
0
8
3
10
41
12
15
2
7
0
17
0
27
0
8
17
25
0
13
16
7
0
35
10
15
9
13
0
8
7
22
0
23
7
0
7
8
10
0
15
14
0
0
14
11
17
0
10
25
8
10
24
15
7
10
5
12
0
0
18
15
10
2
8
0
18
0
8
33
19
0
2
2
11
17
7
9
