2
4
2
0
0
76
2
2
2
2
4
3
30
4
3
6
0
2
0
2
6
49
0
4
2
2
0
2
8
2
0
4
2
0
0
4
4
2
0
0
8
2
0
0
4
0
4
4
0
2
4
2
6
4
4
0
0
2
0
4
2
0
0
2
6
4
0
0
0
0
0
4
2
8
0
0
2
34
0
0
0
0
0
2
0
2
2
0
0
0
4
0
0
0
2
2
2
0
4
51
2
2
0
8
0
2
0
4
27
4
2
0
2
4
2
0
0
2
2
2
2
2
4
0
4
4
0
6
4
2
2
2
0
4
0
4
4
4
4
2
0
4
10
4
0
83
4
4
2
4
59
2
87
0
76
2
92
2
4
4
4
2
0
0
27
0
2
6
6
2
2
4
2
2
0
2
2
0
4
4
0
0
2
2
6
0
4
2
4
4
4
0
0
4
4
6
58
4
0
0
0
5
2
6
4
8
4
35
0
2
8
0
4
2
4
60
13
4
0
2
4
2
0
2
0
2
0
0
2
0
2
4
2
2
0
13
0
2
22
2
2
32
0
2
2
6
2
4
2
0
0
2
2
16
6
2
0
0
0
0
3
12
0
0
13
0
0
0
4
2
8
6
2
4
0
39
2
2
40
0
2
18
0
4
4
2
4
0
0
0
4
6
12
0
4
2
2
2
4
2
6
56
2
4
2
2
0
4
2
4
4
4
0
2
6
2
0
58
2
2
4
4
2
80
0
2
15
2
2
0
4
82
0
4
2
0
2
2
2
4
52
4
0
2
4
0
2
4
6
2
4
2
2
6
0
6
4
0
2
50
0
6
70
5
2
2
2
2
4
6
0
2
0
0
62
2
0
2
0
4
2
2
0
0
4
0
6
2
0
2
4
2
0
2
0
0
2
2
2
4
0
2
0
4
4
4
0
0
0
0
2
4
2
2
2
2
0
2
2
12
0
0
6
2
0
0
2
4
4
2
4
4
4
2
2
2
2
0
0
2
4
0
60
0
4
2
4
0
2
0
2
2
4
0
2
0
4
0
0
6
4
2
6
4
0
43
2
2
4
6
4
4
2
0
38
6
0
2
4
0
2
4
0
0
2
4
4
0
4
4
0
4
3
2
0
0
0
0
4
2
0
3
0
0
0
0
0
2
8
2
4
44
2
4
0
4
6
2
0
0
6
4
18
0
2
4
2
2
0
2
2
0
2
2
2
13
2
6
2
2
2
2
0
0
2
0
4
2
0
0
36
0
2
2
19
2
0
0
4
6
62
6
6
4
6
2
4
6
0
2
4
4
71
0
2
0
0
0
4
4
0
2
6
0
4
0
4
4
4
0
0
4
4
0
0
0
2
4
2
2
4
0
0
2
6
89
0
4
2
4
4
0
2
2
2
4
4
4
4
41
0
8
4
2
0
4
2
0
4
0
2
0
2
0
4
4
0
2
0
0
12
0
6
2
4
6
0
0
8
0
2
4
2
4
6
0
0
4
2
36
6
6
0
4
0
2
4
2
2
0
2
2
2
0
4
2
2
35
2
4
2
0
0
48
2
4
2
4
0
0
4
2
0
0
2
6
2
2
0
2
8
34
0
2
2
4
2
0
4
0
2
2
0
0
0
0
2
0
4
4
6
2
0
60
0
0
0
0
2
6
4
4
2
6
0
4
2
2
4
2
2
6
6
4
0
0
2
2
2
4
41
4
0
0
2
2
4
0
11
2
8
2
2
2
2
2
31
2
4
0
0
0
2
0
2
2
4
0
0
0
4
0
2
4
4
0
0
4
4
0
4
2
4
0
2
0
2
4
4
0
4
4
2
6
4
0
13
2
0
46
4
4
4
10
2
2
4
4
10
2
0
4
2
0
2
4
2
2
2
2
2
0
2
2
4
0
4
0
0
0
0
15
4
2
2
6
2
4
6
2
2
0
45
2
4
4
0
2
42
0
4
2
2
2
2
2
0
2
4
2
51
0
2
4
0
4
0
4
6
4
2
4
4
2
4
4
2
2
2
0
4
21
2
2
2
2
4
4
0
0
4
2
0
6
6
0
0
6
2
2
0
0
2
2
18
4
2
2
0
6
56
4
0
4
6
6
0
2
0
0
6
0
0
2
0
4
2
4
0
2
0
0
2
2
2
2
2
0
0
0
0
6
0
2
2
6
0
4
0
2
0
0
0
4
0
0
2
4
2
0
2
2
0
2
0
4
6
0
0
2
2
2
0
2
0
2
0
2
4
2
4
2
45
2
0
2
4
0
2
2
2
0
0
2
0
2
2
4
0
4
24
2
4
4
4
2
2
2
4
2
2
0
2
4
6
4
0
4
8
0
0
2
6
4
0
2
0
2
2
4
6
2
2
2
0
6
0
4
0
2
0
2
10
2
8
2
2
4
6
4
4
0
2
4
4
0
2
0
4
54
4
2
2
2
0
64
2
2
2
2
4
4
0
6
2
0
2
4
2
0
2
2
4
4
2
0
2
2
2
4
2
2
2
0
4
2
2
2
0
0
4
6
4
2
4
0
6
0
2
6
0
4
0
2
4
4
2
2
2
4
2
46
0
4
2
2
4
2
2
0
4
0
4
2
4
0
4
2
6
6
0
6
6
0
25
2
2
2
2
2
0
2
0
0
2
8
0
2
2
2
2
4
4
0
4
0
2
4
2
2
4
62
2
2
2
0
4
0
4
0
2
4
4
0
2
2
4
2
0
0
4
0
2
0
4
4
6
0
2
0
0
0
2
0
2
0
4
2
10
0
2
0
0
0
0
0
50
0
0
4
2
0
0
0
40
0
4
0
0
0
4
2
2
0
0
0
0
4
4
0
2
8
4
2
30
0
0
22
0
4
48
0
0
6
4
4
0
0
4
4
0
2
4
0
16
0
4
54
2
6
2
0
0
4
2
5
2
2
0
4
6
0
14
0
0
2
4
0
2
2
4
2
0
2
0
8
0
6
2
0
2
2
2
5
2
2
2
0
0
21
4
2
4
0
2
80
0
41
2
4
6
2
4
0
2
0
6
2
0
0
2
4
0
4
0
0
4
4
2
2
2
2
2
0
0
2
2
2
2
4
4
2
0
2
0
0
0
0
0
0
0
0
2
2
6
4
0
0
6
4
0
0
0
2
0
6
0
2
2
0
4
2
4
0
0
2
2
0
0
85
4
0
2
0
2
2
45
69
72
0
58
4
0
2
0
0
4
6
0
2
42
4
2
0
4
0
0
0
4
0
0
6
52
6
6
2
0
2
2
0
