7
83
0
0
3
0
3
1
0
3
0
5
5
0
3
0
1
5
7
3
0
0
0
3
3
5
0
3
5
5
0
0
3
0
0
3
0
0
0
1
0
1
0
0
0
1
0
1
1
3
0
1
0
5
0
3
0
1
0
3
0
1
9
0
0
0
0
5
1
0
1
9
1
0
1
5
7
3
0
0
0
0
0
0
1
5
9
1
0
1
5
0
3
3
3
0
0
0
5
0
9
3
0
1
5
3
5
3
3
0
9
1
13
5
0
5
0
0
3
3
0
3
1
0
1
1
0
0
0
0
5
3
7
9
0
0
1
1
0
3
1
0
3
7
11
3
5
1
7
1
3
3
3
0
1
3
9
0
0
0
5
3
3
3
3
1
1
0
0
0
0
7
3
0
0
0
0
0
3
0
1
0
5
7
5
0
0
5
1
18
0
0
0
5
0
1
3
49
7
5
7
3
1
0
1
3
0
3
5
9
3
0
0
7
1
1
7
3
3
7
1
0
3
0
1
3
9
1
1
1
1
5
0
1
0
1
3
0
13
1
3
5
0
3
3
0
5
0
1
1
1
1
3
0
7
3
0
3
5
5
0
1
5
1
1
1
9
3
0
5
3
9
1
3
3
1
1
7
0
3
5
5
9
3
7
1
0
0
7
0
5
5
0
99
13
9
11
11
11
7
9
52
7
7
5
2
11
4
0
2
11
7
1
0
0
0
9
0
0
7
7
0
9
0
13
1
9
1
9
0
11
1
0
5
7
0
7
2
0
5
0
13
0
2
0
0
2
0
3
7
1
5
0
7
2
0
1
7
0
0
2
2
0
0
11
2
7
1
0
11
0
7
5
9
0
11
0
5
0
2
1
7
2
9
13
7
3
11
1
2
0
3
0
9
0
3
0
0
7
9
11
0
2
5
15
7
0
0
0
7
7
5
7
11
11
0
0
0
9
1
3
0
1
7
0
7
7
0
0
9
0
0
0
9
0
9
0
0
0
11
0
7
0
0
0
7
0
0
0
0
0
9
0
7
7
11
0
1
7
7
9
0
0
0
0
7
0
7
9
1
0
11
1
1
0
3
9
9
0
0
0
5
7
9
0
7
1
1
9
0
1
0
0
1
9
1
0
1
14
0
9
7
0
1
0
3
7
1
9
1
1
0
9
7
0
3
7
3
11
1
3
7
0
1
5
15
83
1
1
9
7
1
7
3
3
1
1
3
5
0
0
9
7
5
5
1
0
9
25
1
5
0
0
0
3
0
1
0
0
32
1
0
0
7
9
0
9
1
0
1
0
5
5
0
5
0
1
5
1
9
9
5
0
1
0
0
7
0
9
5
0
11
11
3
0
5
0
7
75
9
0
1
5
0
9
5
1
9
1
1
11
0
1
11
28
0
9
0
5
7
1
0
9
0
9
9
0
1
7
7
1
1
7
0
11
0
5
11
0
7
9
1
0
0
0
0
0
0
1
1
0
5
0
1
3
0
3
3
0
1
0
1
5
0
0
1
0
0
0
0
0
7
0
13
0
0
0
0
1
7
0
0
0
2
5
5
0
1
5
0
0
0
0
3
1
7
9
0
0
7
11
0
7
7
0
7
0
9
7
7
9
5
3
1
3
5
0
7
9
0
0
3
0
7
2
7
0
0
5
7
3
7
0
7
0
7
7
5
7
7
9
5
1
5
0
0
0
5
7
7
0
7
0
9
7
7
9
7
0
13
0
0
0
11
11
5
9
9
0
0
1
5
0
7
7
0
0
9
0
7
0
5
9
5
7
0
0
5
0
0
0
0
5
7
0
7
9
7
0
7
0
7
0
1
99
0
7
7
9
0
1
7
0
11
9
0
7
0
5
7
0
0
9
7
5
11
5
7
2
7
7
7
9
0
9
11
21
5
0
9
3
7
7
7
0
0
11
7
5
5
9
0
0
0
5
9
5
7
1
0
5
9
1
0
1
3
3
1
1
0
0
1
1
5
9
0
2
13
5
5
1
1
0
5
9
11
9
0
0
0
9
7
0
1
2
1
9
13
7
5
5
0
11
9
7
0
0
1
13
11
2
9
0
0
5
0
2
7
1
0
7
3
1
0
2
5
5
0
1
1
1
0
9
7
0
3
0
5
5
0
0
0
1
0
2
1
1
0
0
0
7
0
0
3
1
0
7
1
0
0
3
2
11
1
0
1
1
2
9
0
0
3
0
0
1
0
0
0
2
1
9
0
1
0
0
0
0
0
0
0
0
7
7
0
7
7
0
5
7
0
3
9
5
7
5
9
0
0
0
93
7
1
5
0
9
9
1
0
3
0
0
5
7
0
1
9
0
7
0
3
1
1
1
7
0
0
5
0
5
7
5
0
95
7
2
3
0
0
0
19
7
7
0
0
0
1
0
1
0
1
0
1
0
5
1
0
1
7
1
9
1
3
5
0
7
5
1
1
1
9
1
7
0
1
0
1
9
5
3
3
0
7
7
0
0
1
1
1
11
5
0
1
7
1
7
3
0
0
1
0
13
1
1
0
1
9
5
1
1
0
0
0
5
1
1
7
1
7
5
3
1
0
0
0
9
0
0
0
1
1
11
1
1
1
1
5
9
3
0
1
0
1
7
0
2
2
0
99
95
0
43
0
2
5
5
7
9
0
0
7
0
7
2
0
0
9
7
9
7
0
5
7
9
3
2
2
9
7
0
5
93
0
2
7
7
2
2
0
5
7
7
0
0
0
0
5
7
3
11
7
2
7
0
7
0
3
2
5
9
2
0
0
0
7
5
2
2
2
2
7
7
2
2
2
0
5
0
0
2
9
0
7
7
2
0
3
0
9
0
2
0
4
2
2
4
7
0
5
2
5
2
0
0
5
2
7
0
2
11
0
4
0
3
7
0
0
2
0
7
0
2
7
7
7
0
0
0
0
0
9
2
0
5
11
0
2
0
5
0
0
4
9
5
5
0
9
9
7
2
7
0
2
7
9
9
0
0
7
5
11
2
2
0
0
7
7
2
3
3
2
9
9
7
46
0
0
7
5
2
2
0
2
5
11
7
0
0
3
9
3
7
0
2
2
7
7
5
0
0
5
9
9
2
2
0
0
11
5
2
2
2
0
7
0
5
2
2
2
5
11
2
0
0
0
5
5
11
9
0
0
5
2
3
99
2
0
7
7
5
2
0
0
7
0
5
0
0
0
7
9
2
2
5
9
7
5
0
2
0
7
5
2
9
80
5
0
7
5
5
0
0
5
7
91
7
0
0
3
5
99
