21
13
6
10
15
6
7
8
8
10
17
8
10
15
12
14
10
6
12
13
6
17
8
6
6
4
10
10
10
10
4
10
8
6
21
19
8
13
15
12
17
8
15
8
8
6
10
6
6
15
10
10
10
15
12
12
17
8
15
14
8
10
15
12
12
6
10
19
10
27
13
10
17
10
21
10
19
12
23
12
15
14
12
21
35
35
29
13
14
19
19
25
10
35
48
12
35
14
31
19
12
10
6
14
10
23
27
10
13
10
12
29
8
17
10
8
29
8
10
25
14
10
23
19
16
25
15
27
29
19
8
8
6
8
8
15
6
6
6
6
4
6
8
2
10
4
6
6
6
4
4
2
12
8
4
8
2
4
4
10
2
2
4
8
4
10
6
6
6
10
10
4
6
4
4
8
2
8
8
6
2
6
6
8
8
4
6
8
4
8
2
8
12
4
6
10
6
10
6
10
12
4
2
6
10
15
10
8
2
6
6
6
8
2
8
8
4
10
2
4
6
2
6
4
6
4
6
4
6
10
4
6
10
2
0
4
8
4
10
8
39
2
4
6
8
31
35
8
6
8
8
8
4
4
8
6
8
4
2
37
6
12
8
4
12
8
14
6
8
14
4
4
8
12
8
17
6
10
10
10
8
6
12
10
6
10
15
10
6
8
4
6
4
2
4
6
6
10
4
10
8
8
10
4
10
10
8
8
10
8
4
8
10
6
0
4
9
8
8
6
8
6
10
8
8
8
8
10
2
6
8
8
6
8
10
8
2
10
10
8
8
8
6
19
12
9
10
8
8
8
6
10
14
11
4
10
12
10
8
14
10
14
10
13
13
8
8
13
10
2
23
10
12
4
21
4
6
8
14
6
10
12
12
8
8
6
6
8
16
6
8
10
6
13
8
8
6
4
4
14
6
8
10
14
15
10
10
10
15
11
17
10
19
7
8
23
21
15
6
15
15
15
6
17
12
17
13
14
6
8
12
21
8
11
10
10
12
17
19
19
17
10
8
19
6
8
12
12
12
15
14
12
10
23
8
9
23
25
10
9
4
6
10
8
31
23
14
27
12
33
14
21
8
8
19
14
8
12
8
19
19
8
6
17
10
2
6
8
8
10
4
12
14
6
10
4
25
6
4
10
12
4
10
15
6
14
8
8
10
12
6
6
17
6
6
4
6
4
12
12
6
4
4
8
12
14
21
8
6
4
6
10
4
21
6
6
6
12
33
17
12
8
8
10
10
4
4
10
6
21
8
10
8
12
10
12
4
12
6
12
14
21
12
8
12
12
10
8
12
12
40
8
12
8
8
15
6
8
10
8
12
11
8
6
6
12
10
10
10
14
8
10
4
18
8
14
8
4
8
6
8
6
8
6
8
4
6
10
6
16
10
18
6
6
12
8
16
8
2
8
10
10
8
10
4
6
12
31
2
8
10
2
10
8
8
6
8
4
8
4
12
4
4
13
2
4
12
4
6
12
6
10
12
8
12
12
10
4
8
8
10
12
10
6
31
10
8
8
10
8
12
8
8
31
10
4
6
12
10
8
4
12
14
12
14
14
19
19
10
4
18
6
12
21
6
12
8
10
16
8
18
19
4
8
10
4
10
8
6
8
8
10
19
6
10
8
4
12
10
8
18
8
6
6
8
10
8
12
6
8
8
8
8
8
10
10
6
10
10
8
6
8
12
12
6
6
8
6
8
6
8
8
14
8
11
12
8
6
8
14
6
10
8
16
6
8
14
6
12
10
16
4
4
8
12
7
4
10
8
8
8
8
12
6
6
10
10
12
8
8
10
8
8
10
16
8
10
6
10
6
6
12
10
4
4
6
10
10
6
6
8
6
8
8
4
6
4
6
12
4
0
8
8
4
8
10
8
4
8
4
4
2
6
6
4
2
2
2
4
2
0
6
4
2
4
0
6
2
0
2
2
4
6
6
2
4
2
4
2
2
0
0
4
4
97
4
4
2
2
4
8
2
8
4
2
4
2
4
4
2
2
4
4
2
4
2
0
4
2
4
2
8
0
4
2
2
6
2
2
2
4
0
4
6
6
2
10
4
4
10
2
6
4
4
2
0
6
6
4
0
4
6
2
0
6
4
2
31
4
6
4
10
2
4
4
6
4
12
8
4
8
8
8
4
6
10
10
6
12
6
6
10
14
6
14
6
6
2
4
6
15
8
6
12
4
2
8
8
12
10
10
8
10
10
10
6
10
4
10
8
10
9
14
10
8
14
12
12
10
6
8
6
6
4
6
16
8
12
8
4
13
4
8
4
12
4
4
4
4
2
8
4
6
10
8
8
15
8
6
12
6
10
4
6
14
6
7
8
4
12
8
14
4
2
6
12
6
13
6
8
6
6
16
8
6
10
4
14
8
15
4
14
6
19
6
6
4
13
12
8
8
10
12
6
11
8
10
6
6
8
6
6
19
8
10
8
4
2
16
12
6
8
12
10
10
10
6
16
4
14
6
8
4
6
6
8
4
6
6
12
2
14
6
12
6
10
2
6
8
6
12
4
6
4
6
6
6
6
4
2
4
8
8
8
4
8
4
8
2
4
6
4
4
4
2
2
4
2
4
4
6
4
6
2
2
4
2
6
4
4
8
8
6
6
17
6
8
4
10
9
17
8
4
8
12
10
14
8
8
12
4
8
10
6
8
2
8
12
10
14
10
15
12
4
6
14
12
8
6
40
10
8
6
10
6
6
6
10
4
8
8
11
10
8
10
6
6
6
12
10
8
6
10
10
4
10
6
14
6
12
10
6
12
4
8
4
14
6
8
19
16
8
6
12
8
10
6
19
14
10
8
16
17
12
6
4
12
8
14
4
11
4
6
8
4
11
6
4
6
10
8
12
8
6
6
8
10
8
6
4
8
8
4
4
8
4
8
12
4
4
4
10
8
6
13
14
6
10
6
6
4
6
4
8
4
4
12
6
8
6
6
8
10
8
4
8
10
10
12
4
8
8
2
12
10
8
6
4
8
10
4
6
6
4
10
8
12
2
8
8
4
2
2
8
4
4
4
6
12
8
14
10
8
6
15
13
6
8
4
12
8
13
39
15
13
4
12
6
10
10
12
14
13
10
8
6
12
15
8
10
14
12
6
10
12
8
12
14
10
6
6
4
14
6
4
8
4
8
6
10
6
8
10
16
8
16
17
12
8
6
8
19
4
8
12
6
6
8
6
2
6
2
4
4
6
2
8
7
8
4
4
10
10
6
2
8
9
6
4
4
6
2
6
4
4
4
2
8
4
6
