17
24
25
27
20
29
30
21
23
16
21
29
17
14
22
28
19
23
19
16
44
14
36
41
15
29
15
23
35
26
30
21
26
27
39
18
16
25
18
22
31
22
27
22
20
21
19
32
26
30
41
25
23
17
26
19
20
14
15
20
21
36
30
22
10
32
15
16
24
22
16
27
30
30
20
25
41
30
11
26
22
26
35
34
20
26
9
27
21
16
38
32
49
26
25
17
15
17
22
23
20
19
21
18
17
17
30
18
24
22
13
30
10
23
35
19
27
24
28
23
24
35
24
13
20
30
26
22
19
36
19
34
26
23
17
14
19
22
29
26
26
20
27
15
17
28
20
33
22
22
25
56
15
21
19
26
23
27
30
25
27
31
23
22
36
32
28
35
24
25
38
52
34
25
28
27
30
15
28
54
50
25
25
27
25
36
30
24
58
24
20
21
44
24
23
24
26
21
17
44
15
17
23
44
15
20
17
25
22
19
20
22
14
37
24
20
21
18
35
21
35
22
22
22
24
23
21
16
25
28
24
19
30
30
34
46
18
17
27
24
16
25
30
44
7
68
17
54
16
18
17
24
24
31
30
26
24
27
30
28
28
32
26
23
19
19
56
42
18
12
21
19
35
17
16
31
20
42
23
35
15
24
19
27
24
17
25
33
16
30
19
27
25
24
35
21
24
26
27
22
48
30
34
21
24
25
21
27
29
20
36
26
17
22
31
24
22
36
33
18
48
36
21
34
34
25
29
16
29
26
20
23
31
31
32
26
26
25
26
22
26
24
29
31
17
34
64
19
27
31
19
15
26
28
18
27
16
17
18
10
29
27
7
34
41
30
30
25
14
31
34
31
33
25
17
48
24
22
23
26
16
34
25
19
30
31
22
23
32
17
23
33
28
16
26
27
14
30
21
17
31
27
18
21
23
31
25
23
36
25
29
35
24
18
21
22
17
25
31
32
17
25
26
26
12
14
20
48
16
35
19
27
32
23
40
17
19
15
28
23
25
32
15
9
20
31
28
24
25
25
16
15
32
30
27
42
32
48
23
20
18
27
28
26
16
27
25
21
28
23
29
20
19
31
31
22
28
23
27
33
26
26
18
36
21
22
35
60
29
29
20
24
30
60
12
22
18
18
23
26
26
31
25
18
28
19
19
29
31
30
33
25
18
31
26
25
16
18
21
16
27
18
25
26
28
29
33
22
32
29
17
27
50
32
9
23
5
26
27
30
19
26
25
22
28
27
23
18
19
39
39
16
30
33
20
37
27
20
23
28
21
16
19
30
18
26
24
16
34
28
21
31
29
28
40
18
40
32
42
42
22
40
26
36
50
25
42
46
60
23
34
56
20
54
42
56
24
44
36
21
44
22
42
40
44
22
20
20
24
34
58
34
22
32
24
46
44
38
32
50
40
29
54
42
32
48
60
34
44
28
21
36
18
60
32
26
16
24
31
36
36
44
48
44
62
34
56
42
38
32
30
32
34
30
30
43
36
28
46
54
14
30
20
32
26
31
36
21
42
48
48
62
36
24
34
28
52
32
62
58
36
24
20
54
36
38
46
54
38
42
26
17
30
50
41
32
22
30
44
46
43
58
53
36
32
44
32
42
34
23
56
24
19
26
38
36
54
34
50
59
34
32
44
44
38
32
46
46
36
31
62
46
31
26
54
40
30
47
66
24
22
56
48
36
34
23
40
42
40
17
50
32
42
36
52
34
19
42
40
38
40
46
46
46
35
26
15
44
50
42
38
19
34
17
14
17
34
52
38
54
60
40
50
49
38
22
34
37
21
34
38
40
42
28
42
48
50
30
22
36
25
32
38
42
36
34
68
28
23
30
54
38
30
58
52
46
42
38
48
24
60
46
50
44
32
26
12
42
46
26
42
52
17
44
41
36
30
74
46
46
26
32
34
42
40
54
42
42
32
40
34
36
36
38
42
34
42
38
50
28
42
54
46
24
36
28
36
24
34
44
44
34
18
40
48
38
38
36
48
38
22
48
46
36
12
36
38
28
40
44
30
42
30
56
28
42
48
52
34
36
28
58
30
34
68
38
40
30
55
17
14
36
20
40
46
42
41
42
46
30
38
56
40
18
28
32
35
62
52
48
40
32
27
28
50
36
42
28
32
30
16
34
26
38
36
28
22
32
42
36
21
21
38
42
54
46
26
25
36
24
32
46
40
52
34
40
24
24
44
44
46
28
40
26
46
32
58
44
28
32
46
34
42
26
36
46
38
42
48
30
34
38
50
60
32
42
44
34
54
26
52
32
36
32
26
22
30
34
36
32
36
28
52
54
48
34
40
40
26
40
44
44
34
56
38
31
42
38
34
36
36
28
46
22
44
42
30
50
34
52
42
44
34
28
40
40
48
38
38
22
32
24
42
38
26
26
50
42
40
38
32
24
26
34
58
36
30
52
43
26
40
39
36
48
42
26
34
30
44
34
36
22
40
32
36
42
43
41
33
34
24
19
28
25
34
42
26
38
44
36
48
42
52
26
38
30
36
28
30
50
52
24
40
52
16
42
54
32
58
36
44
38
32
36
44
34
24
44
34
38
34
34
22
54
46
34
36
28
48
34
38
36
38
22
52
34
38
40
40
34
46
52
42
32
34
34
39
42
40
32
32
38
40
50
22
40
47
16
58
36
42
32
38
15
42
30
48
48
24
55
32
55
42
38
24
44
52
44
55
40
26
22
48
48
46
42
52
36
32
38
33
36
52
28
29
42
54
36
60
24
26
55
27
24
50
46
60
42
43
44
34
44
36
56
18
46
50
44
46
54
38
25
35
34
44
37
46
60
44
46
30
23
42
24
32
38
21
28
60
24
44
19
46
40
48
32
42
22
38
40
52
46
38
41
34
38
18
38
27
40
54
46
34
44
38
42
50
32
44
40
30
14
28
32
30
50
30
44
42
32
23
28
26
64
58
44
24
34
21
42
38
26
48
20
24
34
42
86
46
32
32
22
10
40
34
27
58
32
38
42
38
34
34
40
28
34
42
16
99
42
28
50
34
38
36
38
22
22
32
64
42
34
32
28
42
44
32
36
18
33
40
46
34
36
39
34
50
32
24
26
32
26
30
40
33
40
34
18
36
52
30
50
38
50
30
20
34
40
34
46
34
20
28
32
36
26
18
30
42
38
38
38
58
40
34
40
33
48
48
34
15
24
24
28
44
46
24
50
26
40
28
25
22
36
70
38
40
44
40
30
42
40
40
26
34
54
42
42
43
28
44
26
44
43
22
42
52
32
38
28
