8
8
0
41
23
47
8
0
8
0
25
0
55
8
8
8
0
8
30
0
23
0
43
0
8
22
8
8
0
8
0
8
8
8
8
0
8
0
0
5
8
0
8
8
8
8
8
0
8
8
0
0
8
8
8
0
0
8
6
8
8
8
0
7
32
8
0
8
85
42
8
8
0
0
8
8
8
0
0
0
8
63
0
8
0
7
26
8
38
2
27
8
0
8
8
8
0
0
2
2
15
8
8
8
8
6
0
19
0
8
0
8
8
8
8
0
0
0
8
8
8
8
8
8
8
7
28
8
0
8
7
8
8
0
0
31
0
8
0
72
0
16
0
8
0
8
8
0
8
75
8
8
0
0
8
3
0
8
0
16
28
74
30
8
7
0
8
0
8
8
8
38
0
0
0
0
0
63
8
8
47
8
8
8
8
5
71
0
8
5
0
8
8
0
0
42
29
0
0
8
0
0
8
8
18
0
8
3
0
8
0
14
8
8
0
7
2
70
75
8
8
8
8
8
8
8
8
0
0
0
8
7
7
37
8
0
22
8
75
0
0
28
0
78
8
0
3
8
92
0
8
8
8
82
3
0
8
8
8
7
11
0
0
16
0
7
8
8
8
6
0
0
0
7
40
8
8
8
0
2
5
8
8
8
8
8
33
8
8
8
5
8
26
74
24
27
8
8
8
0
0
0
8
14
8
0
0
8
0
7
8
5
0
8
0
0
8
43
0
8
2
0
0
8
2
8
8
8
8
8
36
8
8
8
8
8
0
8
0
8
0
2
2
0
0
8
8
8
8
8
8
27
8
8
12
0
31
8
0
8
0
0
8
8
0
0
8
0
7
8
3
0
7
8
85
0
0
0
7
0
8
8
5
0
0
8
3
8
37
8
7
33
0
8
8
8
0
0
0
28
0
8
8
0
0
38
8
0
24
0
48
0
8
0
0
2
8
8
8
0
0
0
0
8
8
18
0
8
8
7
8
8
0
15
8
8
0
0
8
92
8
48
19
8
8
8
8
8
8
8
0
8
8
0
6
8
7
8
0
8
0
16
8
7
8
8
8
8
33
8
8
5
43
8
88
8
8
8
8
0
8
8
25
45
31
5
8
8
2
47
34
21
8
17
0
8
0
8
8
8
8
0
0
8
8
0
0
2
93
8
8
8
33
0
8
66
8
8
0
0
0
35
8
8
92
8
76
36
8
7
0
2
7
8
3
8
8
0
25
24
24
8
0
0
6
8
8
45
8
0
8
8
46
8
8
0
8
8
8
0
24
8
0
5
49
0
19
89
0
0
8
8
6
8
0
0
0
8
8
0
8
3
7
8
6
8
8
8
7
8
0
8
8
0
0
8
0
7
8
5
7
8
8
8
8
8
8
8
0
8
8
0
0
8
8
8
0
8
8
8
8
8
8
0
0
8
8
8
8
2
8
42
0
8
0
8
0
8
0
8
8
8
33
8
0
8
0
8
41
5
0
0
8
8
0
24
0
7
0
8
0
7
8
8
8
6
0
8
23
0
0
8
0
0
7
0
8
8
8
3
0
8
8
8
8
5
6
7
8
7
8
7
3
8
6
8
0
8
8
8
0
8
0
8
8
0
8
8
8
0
8
0
0
8
0
5
0
8
8
0
8
8
8
8
8
0
0
8
8
0
8
18
0
8
8
8
20
8
27
7
8
8
8
3
8
8
53
8
8
27
8
8
19
74
8
0
8
0
3
8
8
8
0
8
25
8
8
8
8
8
8
59
0
7
2
8
26
8
8
0
0
49
8
8
8
8
6
8
33
25
0
5
8
8
8
8
0
8
8
0
7
8
8
8
8
8
0
0
8
32
0
8
7
0
8
8
8
8
7
0
0
13
34
8
8
8
8
8
8
8
8
8
3
40
84
7
8
33
7
8
8
35
26
7
0
8
0
6
8
8
0
8
74
8
8
8
8
8
8
0
2
8
5
63
8
3
0
9
9
8
9
8
8
36
0
0
0
7
26
9
8
0
9
8
8
9
24
8
9
24
0
8
9
0
0
9
8
8
8
0
8
7
17
8
0
9
9
8
9
8
9
8
3
5
0
0
0
9
8
8
6
9
8
9
7
9
8
9
7
8
8
0
9
0
8
8
2
8
0
8
9
9
21
8
3
9
8
9
8
24
9
0
2
9
9
8
9
0
2
40
8
9
9
0
0
2
9
0
2
46
9
8
9
8
8
0
9
0
7
8
9
40
9
8
0
32
9
5
16
9
9
34
8
6
7
9
43
8
9
9
9
8
2
9
8
8
9
0
8
9
7
9
0
20
9
0
9
8
0
8
9
9
9
8
9
8
8
9
8
8
8
9
8
8
0
9
9
9
0
8
38
9
9
5
8
8
5
9
9
8
8
0
8
34
8
9
9
8
29
7
8
9
8
0
9
9
2
0
9
9
0
9
7
8
0
2
8
9
9
9
3
9
8
8
8
8
7
9
9
9
9
7
9
9
0
9
0
0
8
0
9
9
7
8
0
0
9
0
5
8
8
9
9
0
0
8
0
0
9
7
8
9
36
7
0
8
8
8
8
8
9
8
8
9
9
8
9
3
0
9
8
8
8
7
2
8
9
1
8
9
8
8
9
6
9
9
9
7
0
0
9
0
8
5
8
8
9
29
38
9
22
9
9
9
0
9
9
10
8
8
0
2
40
43
9
9
9
9
7
3
8
9
23
0
9
31
7
17
9
5
2
8
9
19
8
8
8
9
24
9
8
12
9
9
12
9
19
9
8
3
2
5
9
9
9
8
0
3
9
8
12
9
8
8
9
8
8
2
8
0
9
0
0
3
22
38
9
9
9
0
36
9
9
0
7
22
9
9
19
9
9
9
9
8
9
8
9
7
9
0
6
3
2
2
9
5
9
9
5
8
8
15
38
8
8
8
14
8
8
9
9
13
9
0
9
9
3
8
5
9
8
8
9
8
29
8
0
8
9
9
9
0
9
0
8
9
9
0
8
8
8
9
9
9
19
8
0
9
8
16
8
9
0
0
9
8
9
26
0
9
8
0
19
9
9
0
8
9
9
9
8
9
8
8
8
6
9
2
8
0
8
8
9
9
9
9
0
0
2
9
9
9
8
9
23
9
8
7
8
21
9
9
9
16
2
8
9
3
26
9
9
9
9
17
9
9
7
3
8
7
9
14
8
7
8
9
16
8
9
9
0
0
31
43
8
9
8
9
9
9
0
9
8
9
7
9
0
9
8
9
9
8
9
26
2
8
8
26
2
8
