37
37
36
31
38
22
12
25
32
46
55
40
52
19
31
20
41
25
32
18
31
44
34
28
25
48
37
25
29
21
32
50
25
40
49
36
58
50
49
43
28
24
19
47
25
36
35
30
40
51
39
41
32
24
24
23
35
52
41
44
36
40
38
21
36
30
28
25
32
36
44
46
46
44
48
37
44
26
21
45
25
38
39
28
44
81
37
34
26
26
34
57
19
46
35
43
34
32
43
44
32
30
30
31
34
19
48
31
28
34
32
30
29
32
14
29
35
36
36
31
40
40
40
34
38
23
23
37
33
34
35
30
40
49
69
33
27
32
24
23
28
44
50
39
41
60
51
38
26
24
23
36
34
45
36
9
46
64
46
38
38
25
21
43
50
37
58
29
79
78
38
24
35
27
31
32
41
27
43
44
52
49
36
28
39
31
18
39
45
53
36
41
31
39
43
40
27
13
36
33
40
58
22
26
44
44
47
34
39
23
33
35
26
27
46
31
23
42
45
30
22
19
27
42
40
42
46
26
37
39
45
15
24
34
42
41
67
41
65
43
25
18
18
27
19
19
41
26
29
47
45
44
44
34
27
33
28
24
28
30
26
42
38
23
23
29
23
62
74
38
40
33
49
60
45
39
50
65
47
25
23
28
34
35
41
34
34
24
81
35
48
35
22
22
32
31
35
19
75
32
32
35
41
40
46
22
20
22
47
26
47
27
30
41
28
35
25
32
28
27
15
34
40
33
43
48
40
23
19
37
24
34
50
39
52
45
45
45
44
32
29
32
24
31
26
40
28
25
35
39
29
36
26
19
36
32
26
60
40
33
32
39
45
31
29
23
26
43
34
40
40
26
31
27
44
34
36
28
27
26
20
69
43
29
38
55
39
26
29
35
32
32
37
30
40
41
81
38
32
36
37
21
29
34
32
26
50
45
31
45
38
29
22
24
21
23
65
47
45
34
78
41
32
20
57
31
46
29
30
43
43
45
44
41
29
81
36
25
34
20
44
48
30
29
0
52
51
40
25
27
24
39
43
45
36
22
16
64
31
20
28
29
24
17
29
44
63
21
33
42
40
28
28
31
35
34
32
35
36
27
29
50
29
31
42
30
25
28
28
43
32
27
33
42
38
37
27
22
27
33
35
42
36
46
39
51
80
29
44
23
28
33
36
30
39
27
43
46
45
34
33
64
22
41
39
54
58
26
57
39
34
33
19
28
29
51
21
41
35
40
55
28
26
32
32
21
26
25
40
38
49
20
46
28
40
34
33
12
26
35
25
28
38
37
37
40
22
25
32
28
24
36
29
35
41
40
32
32
36
34
30
30
20
41
34
31
41
53
30
33
42
15
44
23
21
44
18
22
23
31
24
30
31
23
23
23
25
42
13
36
44
65
15
28
29
29
38
33
44
33
29
39
47
40
59
31
32
30
35
32
33
35
30
48
65
43
23
47
72
26
36
28
21
18
60
76
32
51
44
48
44
14
43
41
36
21
20
43
62
14
33
48
41
37
36
30
32
33
27
38
33
53
43
32
21
33
42
25
29
21
40
41
40
32
32
33
58
33
27
29
29
33
37
29
44
36
68
57
67
41
16
30
31
46
54
42
22
44
58
57
63
2
22
36
32
44
41
65
53
41
50
60
67
46
30
31
43
52
28
55
49
54
75
76
62
40
24
39
34
42
30
58
47
33
39
57
63
30
25
28
16
40
58
76
65
53
59
49
28
57
66
33
65
74
91
66
44
50
94
48
75
33
36
28
25
64
31
92
52
49
56
80
52
42
28
44
42
23
57
52
44
38
83
87
38
36
29
38
42
44
80
61
35
29
21
63
65
35
41
36
30
24
10
40
32
6
37
40
19
35
35
50
30
44
66
46
13
25
57
28
34
38
71
16
13
23
21
15
16
19
26
54
28
35
45
46
17
41
50
31
23
30
41
53
38
20
27
38
32
27
25
11
47
38
67
25
33
63
81
56
20
89
75
71
57
41
69
47
54
51
39
68
64
47
36
54
25
48
37
32
28
36
87
37
46
78
31
47
17
30
57
30
29
58
33
25
46
25
22
19
57
30
32
38
35
22
24
15
58
11
39
37
24
40
51
56
13
47
11
21
32
54
49
35
40
59
54
19
34
40
81
26
53
72
35
80
37
79
38
75
13
53
51
30
15
58
78
55
31
34
47
35
41
64
33
29
43
34
23
57
58
33
43
80
62
81
69
26
47
48
41
72
31
78
35
65
68
28
71
43
39
59
71
78
67
47
36
74
42
52
58
68
20
58
56
42
20
42
75
39
60
22
51
44
66
48
66
48
44
64
47
46
39
73
54
48
29
50
34
46
75
56
17
42
41
55
41
60
46
52
39
20
44
49
62
74
52
49
59
53
22
73
77
54
44
59
59
63
44
48
37
50
42
57
49
60
49
38
34
36
43
60
42
31
55
36
26
32
60
78
34
53
30
41
33
40
47
46
39
33
21
16
27
33
41
34
9
14
48
35
39
26
42
25
26
25
18
29
17
32
14
8
73
31
28
10
22
34
25
28
30
16
14
27
5
7
2
2
5
0
8
21
4
4
2
5
2
6
2
17
11
11
8
6
3
7
11
5
8
17
2
13
19
66
65
56
50
61
39
57
51
79
45
50
14
55
38
40
37
66
40
50
29
60
54
48
67
65
58
77
58
35
32
69
56
47
50
47
44
57
88
67
64
55
68
83
47
67
35
45
51
52
37
57
47
40
41
45
37
44
35
54
53
15
44
42
69
50
53
54
49
58
48
43
54
32
32
42
83
40
74
55
45
82
34
63
41
43
40
53
48
20
24
53
41
40
61
46
33
42
56
68
36
25
61
74
72
36
62
65
27
45
62
73
51
45
65
53
15
43
25
53
46
33
36
33
38
64
77
43
53
20
63
64
57
36
54
35
62
74
43
68
38
63
51
57
69
54
44
75
23
42
67
50
39
54
76
69
23
37
46
42
69
73
39
72
77
57
66
60
57
54
53
67
42
57
46
78
34
66
61
78
36
69
33
47
64
59
21
50
70
31
37
62
72
40
31
67
59
54
37
55
34
54
65
50
51
51
32
54
48
62
69
64
30
57
61
31
51
61
33
46
49
31
51
27
35
53
27
51
13
17
44
25
33
44
15
33
46
75
14
60
41
52
43
20
26
40
42
49
30
26
18
7
39
27
20
28
82
12
64
44
20
23
13
49
23
52
29
59
39
45
18
7
21
65
26
29
14
25
14
16
20
9
27
9
53
10
24
16
