38
37
38
40
38
26
37
40
39
40
39
40
38
40
40
38
27
40
38
40
37
40
40
38
38
38
38
29
38
38
38
38
38
38
38
38
38
38
37
40
38
38
40
38
38
40
38
38
39
40
40
38
38
40
39
38
39
40
37
38
38
38
38
38
40
38
38
38
38
29
39
40
40
38
38
38
38
40
38
38
35
38
38
40
38
38
38
35
38
38
38
36
38
40
38
40
40
38
42
38
38
38
36
41
38
38
38
38
40
38
40
28
38
37
40
39
39
38
40
38
40
38
38
38
38
38
40
38
40
38
38
38
38
27
35
40
40
38
38
40
38
38
40
36
32
38
38
38
38
38
38
38
38
38
38
38
38
38
38
38
38
38
39
38
40
40
28
38
38
38
40
37
38
40
38
37
38
38
38
38
40
40
37
40
38
40
40
38
37
40
38
38
39
38
40
38
38
39
38
38
38
40
38
38
40
38
38
38
38
38
38
37
38
38
38
40
40
38
38
38
40
36
38
38
38
38
38
39
38
38
38
38
35
37
38
37
40
38
39
38
38
40
40
39
38
38
40
40
40
38
40
39
39
39
38
40
37
36
33
38
38
37
39
26
37
38
38
38
39
39
39
37
39
39
37
39
37
37
39
37
39
37
39
37
37
34
40
37
64
63
65
60
61
64
64
60
62
63
57
63
62
64
56
66
65
64
61
60
65
63
61
63
59
39
57
55
62
61
63
63
59
63
64
59
39
63
55
63
62
63
63
61
63
60
63
57
63
58
62
61
63
63
51
63
62
59
37
60
60
64
60
62
64
57
64
61
58
39
63
62
64
62
63
62
62
64
61
62
37
62
56
58
58
64
59
44
60
57
63
38
62
62
55
62
62
63
61
60
56
56
61
61
59
55
64
59
58
65
62
57
59
61
63
60
63
63
58
62
63
63
38
61
63
62
59
62
60
51
62
63
64
62
63
62
64
64
60
59
59
61
60
58
38
63
65
62
63
63
61
59
61
62
63
38
59
62
65
64
63
57
65
65
62
63
62
61
63
63
63
61
60
61
64
64
64
59
63
60
61
61
64
62
61
58
65
59
62
64
62
64
63
65
58
65
64
62
59
40
61
64
61
63
64
62
62
63
64
58
38
63
64
65
63
59
65
64
60
38
62
38
64
62
63
63
64
62
64
64
62
61
38
63
64
63
64
59
63
64
65
36
65
59
63
62
57
63
62
40
62
63
38
65
61
62
64
63
62
64
65
60
64
61
65
60
61
64
62
60
65
63
62
62
38
59
59
59
60
63
62
58
64
64
61
36
63
65
60
63
38
60
61
63
62
61
60
61
62
59
60
63
62
63
61
60
63
62
62
64
60
59
59
61
63
64
61
61
63
61
61
65
65
64
63
62
62
63
59
63
64
62
63
61
64
64
66
62
62
62
64
64
66
38
64
51
50
63
63
63
60
65
59
62
61
63
64
64
63
59
60
61
62
63
65
38
64
64
61
60
64
64
62
60
62
63
38
63
63
59
63
59
64
63
56
53
61
38
65
58
65
60
64
63
63
62
63
59
63
65
64
64
62
63
64
38
60
63
62
38
62
64
62
64
62
62
63
60
38
64
60
60
63
64
60
61
61
62
63
57
63
38
63
64
64
62
62
65
62
66
38
64
61
62
60
65
66
65
45
59
65
38
58
63
62
61
63
61
60
65
65
64
56
63
61
63
64
63
59
64
63
62
61
61
62
63
64
57
62
60
60
65
61
65
38
59
64
64
63
61
63
62
64
65
64
61
62
66
62
63
64
58
63
61
61
62
37
57
38
59
60
60
65
64
61
60
64
59
66
57
63
64
63
61
60
62
64
61
62
64
64
62
63
64
60
62
63
61
62
38
56
60
63
63
62
54
64
63
63
64
62
38
61
64
65
64
58
64
63
62
61
37
63
62
58
58
57
64
62
62
64
61
61
60
61
63
60
59
64
63
61
61
57
61
66
38
62
63
62
59
64
64
63
63
64
64
57
60
62
63
62
63
64
62
63
62
59
63
62
62
62
61
62
64
59
59
63
61
32
62
63
62
62
60
61
64
63
62
61
63
62
61
61
62
64
61
62
64
62
52
62
59
64
62
60
58
62
62
60
57
62
60
55
62
62
62
62
62
63
56
58
60
61
62
58
64
64
61
64
56
60
40
62
64
65
63
61
62
62
63
62
65
61
63
60
63
61
62
62
63
65
66
64
59
62
59
65
58
62
63
59
60
63
62
38
65
63
63
62
63
62
63
65
63
64
38
62
65
64
62
61
64
63
64
61
58
38
63
60
61
53
57
62
63
64
61
63
38
62
66
60
63
65
63
58
51
63
62
59
63
59
63
64
64
63
60
61
64
61
38
58
64
62
63
59
62
62
62
62
64
35
59
64
65
63
64
57
59
59
40
65
62
59
62
60
60
63
59
64
63
38
64
63
63
62
62
64
64
60
65
64
61
63
64
62
63
59
61
63
63
63
59
61
65
62
64
57
64
60
65
64
65
61
40
66
65
61
63
57
64
64
64
47
66
62
66
64
61
62
65
60
64
64
65
52
59
60
61
64
59
58
64
61
59
64
58
38
59
63
62
46
59
63
58
93
89
89
92
90
91
95
49
93
48
90
95
93
93
66
87
97
95
96
95
95
88
95
95
90
93
90
91
97
97
89
88
95
90
93
84
58
97
95
95
91
93
49
87
97
95
90
93
95
93
91
90
90
91
93
97
48
97
95
90
93
97
79
95
75
95
90
87
97
97
49
95
88
48
83
95
97
90
91
93
95
95
93
95
90
90
97
97
92
87
87
95
90
95
85
49
95
93
89
90
95
91
91
88
85
82
46
93
97
95
95
87
93
95
85
87
95
49
95
95
90
93
94
90
88
93
95
93
92
92
90
58
88
88
97
95
90
93
95
46
84
90
90
92
95
83
97
94
49
97
93
91
95
97
90
89
90
90
97
95
78
47
90
89
95
89
97
85
95
95
49
93
91
95
90
97
46
92
95
95
93
97
95
95
85
95
95
88
88
89
49
95
93
93
95
97
95
97
95
91
95
92
93
41
90
93
95
93
97
97
95
97
94
95
48
91
95
91
97
86
90
85
90
97
93
48
93
88
93
93
93
95
88
95
97
90
93
89
95
91
95
91
87
97
92
95
89
85
93
95
47
79
94
93
95
95
95
87
48
97
93
95
85
95
95
87
93
91
90
95
92
95
93
89
93
92
61
42
92
94
90
91
89
95
94
91
92
93
