45
59
9
6
6
9
4
55
4
4
6
51
4
38
4
9
9
8
4
4
4
6
15
8
50
36
20
72
4
2
10
17
17
2
61
4
4
35
6
37
6
6
8
4
6
58
37
26
0
0
6
4
9
11
6
6
44
17
7
5
6
7
8
4
2
4
4
2
9
21
13
4
9
4
6
8
6
2
75
4
10
6
8
17
19
6
6
8
67
6
4
11
39
4
6
37
2
22
11
10
24
2
2
10
10
57
4
13
8
9
4
19
7
10
11
6
39
6
6
9
12
6
4
84
76
8
8
6
13
6
6
39
6
6
11
2
7
30
6
6
30
84
6
45
11
4
6
5
2
4
6
15
4
76
63
81
4
8
11
4
52
68
6
40
6
8
4
4
8
8
7
4
6
4
8
8
6
6
17
7
47
6
2
7
6
11
4
10
44
8
2
11
14
8
66
4
49
6
21
8
8
6
17
7
6
6
6
4
32
8
66
10
7
8
4
6
4
42
54
9
23
6
19
9
10
6
15
4
6
6
31
2
37
25
8
6
35
9
0
2
5
2
7
75
70
17
4
8
9
2
6
4
35
37
9
27
35
45
5
52
29
30
25
0
24
17
13
5
9
26
15
16
26
15
32
21
6
17
34
28
19
24
24
9
31
9
42
17
19
15
11
8
6
9
13
15
18
19
13
9
6
12
25
15
23
25
8
17
11
19
6
19
23
23
13
10
21
12
8
25
10
6
19
19
9
15
15
17
9
21
30
29
14
13
15
27
21
9
8
11
29
15
21
21
22
8
19
15
8
23
8
12
8
19
51
9
12
17
28
17
9
23
16
9
8
21
17
4
15
15
26
17
4
19
19
31
6
15
8
6
25
25
11
23
29
12
6
13
8
10
8
25
10
28
31
32
35
15
39
37
12
21
29
23
10
13
21
28
27
8
42
8
8
10
13
8
17
8
19
10
29
10
11
12
40
28
8
17
6
26
21
6
12
9
11
14
11
12
19
45
21
7
11
6
4
8
33
6
6
14
23
29
19
45
26
9
9
10
14
10
25
33
6
13
21
8
8
47
8
10
30
17
10
9
33
14
8
6
21
36
58
43
4
15
56
81
39
29
33
48
11
2
29
46
30
35
31
31
51
15
19
58
8
22
23
35
41
21
29
38
21
15
30
8
25
25
30
29
16
8
34
24
9
19
24
13
9
6
13
37
26
17
36
30
15
32
20
23
21
33
24
11
17
8
23
30
35
15
13
11
9
34
24
30
58
9
25
23
11
34
19
23
9
6
32
8
28
45
7
9
44
25
20
20
11
15
0
14
11
13
23
16
7
11
13
9
23
6
11
15
21
17
8
17
19
17
8
21
13
8
11
22
19
6
8
23
12
19
8
8
15
29
6
9
11
4
11
11
11
11
15
8
9
10
11
17
11
10
23
10
17
12
24
27
21
17
15
12
19
15
10
10
23
26
9
8
21
7
9
38
29
27
19
59
32
27
11
15
10
32
6
33
13
9
11
17
23
10
49
33
4
13
25
10
8
10
10
17
13
21
15
17
8
17
6
15
17
23
14
25
15
27
23
11
28
19
17
8
33
19
19
51
27
17
42
13
32
8
11
6
28
11
40
21
38
36
11
30
27
6
26
32
29
15
8
23
15
10
6
13
2
10
6
10
10
10
25
9
17
8
19
8
8
11
47
25
48
9
26
12
8
13
14
11
40
8
48
15
10
10
6
21
15
21
19
13
31
43
28
27
23
9
48
8
23
21
21
13
13
22
16
15
9
6
42
17
6
23
31
7
15
15
23
22
9
23
7
17
8
35
17
21
42
15
19
17
15
19
17
10
8
19
23
44
17
8
23
35
12
31
32
15
14
23
17
23
15
9
7
13
27
9
17
12
25
6
19
39
9
21
19
37
12
15
15
12
4
7
25
13
10
19
15
17
8
12
12
10
8
19
15
10
9
6
19
15
19
15
10
13
8
11
6
8
6
15
7
13
4
10
10
12
12
12
6
39
27
15
19
12
7
2
4
15
17
8
8
10
15
15
24
21
6
17
40
33
17
12
13
23
17
6
33
8
15
31
19
54
21
10
32
8
13
31
27
10
35
36
29
14
23
52
38
21
29
33
19
21
39
44
48
21
10
15
4
38
10
10
12
14
23
41
10
10
8
6
6
13
8
8
9
10
33
8
6
10
8
19
32
21
10
6
8
10
12
12
8
8
10
10
11
6
19
12
10
10
6
17
10
6
6
4
12
23
6
8
17
10
12
23
8
10
10
17
6
14
21
8
4
11
8
6
8
8
8
8
12
8
4
6
14
10
15
13
8
21
10
21
6
10
6
21
36
17
10
23
10
8
19
28
12
6
10
29
15
26
17
6
8
10
6
11
8
8
8
28
8
19
19
12
32
15
50
4
17
19
12
25
15
17
17
9
17
8
13
25
21
26
28
14
38
15
41
6
35
23
19
19
10
19
19
34
38
39
41
42
17
35
19
12
31
36
17
26
21
20
19
4
34
17
17
25
37
10
21
11
13
6
27
27
11
15
14
17
11
35
30
13
11
9
19
27
17
10
30
11
37
37
17
12
25
8
19
17
30
15
13
29
15
15
15
10
12
6
11
4
8
6
11
21
8
6
6
4
8
4
4
10
10
6
4
8
13
12
21
8
27
8
2
25
4
15
15
17
12
60
15
21
25
13
33
17
25
14
15
28
52
44
18
25
29
31
17
33
17
32
35
23
21
38
17
29
21
23
25
12
39
17
19
31
40
27
54
50
31
34
50
10
50
63
8
54
46
48
40
12
12
29
12
30
32
25
12
27
19
12
17
15
8
29
19
31
13
24
14
29
12
39
23
10
35
35
19
46
29
29
10
39
15
17
9
31
39
37
12
35
12
15
9
12
11
13
13
12
35
8
14
11
8
40
4
13
15
10
8
17
15
35
4
15
19
8
11
6
17
32
25
8
10
14
19
8
36
8
17
17
12
23
23
4
4
27
6
8
10
15
25
15
6
14
34
6
13
4
6
23
14
25
27
12
15
28
29
12
66
10
17
13
14
17
31
17
15
29
21
8
8
10
8
10
10
12
10
6
12
4
6
4
10
8
12
6
7
6
6
8
14
8
8
10
8
6
8
10
10
6
8
10
10
7
10
6
12
8
8
10
6
4
10
2
8
6
6
8
12
6
8
15
8
10
6
6
12
8
8
12
8
10
6
8
21
10
19
8
4
25
17
25
10
6
4
15
12
17
19
35
8
29
22
12
