13
17
11
7
9
11
15
13
16
24
15
11
6
7
15
15
6
9
9
11
6
15
17
20
24
23
11
15
11
5
8
17
20
17
19
10
10
11
57
19
29
15
6
34
15
23
13
42
17
11
7
13
42
35
23
53
32
26
12
19
19
23
15
15
11
57
25
17
13
28
13
44
42
66
15
29
33
15
36
11
49
30
27
9
71
21
59
53
18
21
21
40
30
19
27
9
40
24
13
24
19
9
19
29
8
38
40
27
17
27
21
38
26
44
44
13
15
36
15
8
13
13
36
11
21
15
33
21
18
51
42
30
13
34
21
19
32
49
22
9
10
42
31
11
32
36
19
30
39
9
29
37
36
15
15
15
36
36
38
34
46
26
15
4
21
17
38
9
22
36
21
37
69
8
10
8
11
6
4
17
20
6
23
8
4
10
6
13
4
6
4
7
9
9
4
8
6
4
6
2
4
8
6
2
10
2
4
8
4
8
6
4
6
8
2
2
4
6
15
0
6
2
6
4
6
6
6
2
4
6
6
4
4
9
10
8
4
2
13
4
9
8
2
4
11
9
9
4
8
6
11
6
4
6
10
2
7
6
6
4
8
8
8
6
6
6
7
8
6
8
9
13
15
8
6
6
4
13
19
25
20
15
11
17
11
20
38
9
21
27
13
19
15
23
19
34
13
15
13
15
0
15
8
15
13
15
11
11
7
32
7
9
80
34
34
8
9
7
17
19
15
11
9
15
11
8
8
11
7
8
11
13
13
25
6
15
15
21
15
13
19
8
25
11
21
13
11
4
6
6
13
6
15
11
17
15
19
19
20
7
15
36
25
23
9
21
24
15
11
9
32
20
11
10
9
21
13
15
9
17
18
21
27
17
15
15
19
17
15
9
13
21
23
9
25
8
21
21
19
20
13
13
19
15
11
10
19
9
25
11
19
19
24
37
15
34
9
8
22
13
34
23
17
23
10
22
13
25
33
24
30
24
19
26
19
35
22
36
15
39
13
23
26
32
48
49
15
68
51
9
33
43
38
36
28
8
40
13
29
36
45
23
17
32
19
13
31
34
15
30
30
15
13
28
24
11
15
13
9
19
25
19
37
45
27
13
23
31
15
23
11
25
19
8
11
4
8
25
10
10
9
6
13
6
13
6
8
7
6
6
7
9
11
13
7
9
4
6
8
4
4
8
11
15
11
8
7
11
8
15
10
10
8
11
9
7
2
8
6
13
6
9
8
13
4
8
10
10
6
2
15
13
17
8
13
9
6
11
17
13
2
8
10
8
12
8
11
8
17
9
13
10
11
11
13
13
8
16
14
11
17
15
15
13
6
18
15
28
13
11
20
11
9
15
7
11
9
15
9
17
9
15
11
9
19
13
11
6
30
24
11
9
8
6
11
17
6
11
9
6
13
9
9
7
21
19
13
8
19
11
13
18
4
4
9
9
15
17
9
32
19
24
24
9
8
18
23
15
6
8
9
6
15
4
5
9
16
22
22
9
7
11
13
9
41
12
15
6
33
27
13
17
15
13
11
27
15
20
17
49
24
17
17
17
13
45
15
20
17
21
23
35
35
30
20
20
6
31
29
57
19
9
22
13
34
30
16
15
22
27
29
22
26
40
14
18
28
22
36
19
7
18
41
40
39
34
9
18
9
31
47
39
32
37
22
30
11
31
20
32
31
14
17
17
24
13
30
17
20
28
13
31
41
33
11
34
11
8
11
8
9
11
17
9
8
24
4
9
6
24
9
6
6
15
9
11
9
13
11
25
4
6
7
0
9
7
4
7
7
4
19
5
8
8
9
9
6
11
11
6
4
9
6
13
12
7
6
7
13
32
9
6
15
6
9
9
13
6
11
6
11
6
56
7
9
20
15
8
13
8
6
17
4
13
4
7
11
11
9
6
4
7
16
7
8
9
20
11
13
25
6
7
7
9
11
5
7
7
6
8
7
8
4
6
13
22
13
11
18
9
9
7
2
17
13
13
17
11
17
9
11
13
28
15
11
9
11
11
10
8
19
11
19
13
6
19
11
17
9
8
11
4
24
15
13
11
18
13
9
9
17
17
17
11
15
13
21
19
20
18
13
59
6
4
9
7
9
11
21
17
8
15
19
9
13
11
6
6
8
15
11
15
9
7
7
9
2
17
21
15
23
11
11
11
9
7
9
6
25
15
13
17
26
10
8
21
15
15
20
22
32
15
18
32
17
22
11
25
13
44
7
21
9
30
21
21
26
25
36
36
15
18
19
33
15
43
10
9
15
13
11
42
10
27
9
8
8
28
7
34
9
8
10
9
23
35
11
13
15
21
24
33
11
37
21
22
11
17
28
31
27
26
35
19
39
19
19
15
19
34
8
11
30
32
33
21
11
28
6
44
11
43
21
17
30
28
32
15
39
28
52
11
9
31
8
21
23
18
9
42
15
18
28
11
6
13
26
15
4
9
13
13
13
9
15
13
8
13
9
13
11
7
15
13
9
7
19
6
9
17
9
7
15
15
13
24
13
11
10
8
21
9
9
7
11
13
16
6
22
9
22
13
13
9
13
19
19
13
9
13
35
20
34
13
19
9
15
17
17
13
9
17
34
19
32
15
13
31
18
15
20
6
13
8
17
11
15
13
6
20
19
8
17
21
11
11
9
6
6
15
23
9
11
7
7
11
11
8
17
0
9
17
2
4
9
4
11
9
4
13
10
8
15
11
4
13
16
11
60
26
73
4
15
8
13
8
20
6
4
6
7
7
9
9
6
8
22
11
6
15
6
4
11
11
13
7
9
6
4
11
8
15
8
15
13
21
13
7
15
7
6
8
7
6
9
11
8
9
8
13
7
7
17
13
11
4
11
9
24
9
19
4
17
9
17
19
6
13
19
28
17
11
8
10
9
11
13
9
15
15
6
9
8
7
19
19
17
9
25
6
30
11
15
13
11
13
7
19
13
9
13
22
9
15
22
19
18
22
15
17
26
17
9
17
13
13
15
19
15
15
15
11
20
15
32
9
15
29
22
11
13
20
11
27
11
7
16
13
15
11
13
9
9
13
23
24
19
24
17
17
20
40
7
9
13
15
17
9
11
17
9
9
26
11
22
15
17
13
6
13
15
15
7
6
2
17
2
20
9
11
7
7
11
4
6
9
11
13
13
8
7
7
13
11
13
13
6
6
7
7
4
4
7
7
9
9
11
15
4
4
2
4
4
11
2
2
7
6
2
0
2
0
2
0
4
2
2
6
2
4
0
0
6
4
0
5
0
6
4
6
