6
2
4
10
4
6
2
8
6
6
6
8
6
4
8
6
17
2
6
6
10
6
2
10
8
4
10
13
8
18
8
8
8
4
10
8
6
6
6
2
12
10
6
10
10
4
10
4
8
8
6
6
4
4
6
6
12
6
6
6
4
8
6
6
6
4
8
4
4
12
4
8
14
10
13
4
8
6
4
4
6
4
4
6
14
6
6
8
6
4
8
8
10
10
6
10
8
8
8
8
12
4
10
8
8
6
6
8
14
6
6
6
6
12
10
14
16
8
6
8
6
6
10
12
8
14
8
16
6
4
8
10
14
10
8
6
10
18
18
10
10
6
4
6
6
12
6
12
8
4
8
2
12
17
15
4
8
10
14
12
8
16
14
12
6
4
10
8
10
13
14
14
16
14
10
21
14
15
10
14
8
4
8
12
15
12
10
10
12
8
23
10
10
8
2
4
4
8
10
21
6
4
4
6
14
8
4
4
4
10
8
16
6
14
10
10
6
6
4
15
6
6
6
10
4
6
4
6
6
10
8
8
8
8
16
4
2
4
6
8
6
8
6
6
8
8
4
10
6
8
4
6
6
12
39
10
10
8
8
14
6
8
18
2
6
12
4
6
6
8
8
12
6
8
10
6
6
6
6
12
6
28
12
12
12
6
10
12
8
14
8
6
6
14
4
8
75
12
6
10
6
22
12
8
10
12
10
6
12
6
4
8
12
16
4
10
8
6
18
8
12
12
8
8
10
16
8
10
14
13
33
10
6
8
8
8
8
12
12
8
25
12
18
16
10
12
12
18
12
14
16
10
21
21
10
16
16
14
18
16
18
8
20
10
6
6
12
19
16
8
14
12
16
8
10
17
6
14
16
10
14
27
31
10
10
0
87
14
4
16
21
16
12
27
10
16
8
8
14
10
10
16
6
4
18
14
8
14
10
22
16
16
16
10
10
8
6
16
12
10
21
16
8
12
18
8
12
21
12
10
18
19
17
12
8
18
8
16
14
18
12
29
17
4
16
12
10
12
14
6
21
16
10
2
27
10
6
13
16
16
14
16
21
18
8
21
25
6
20
8
14
25
12
10
14
8
21
17
45
23
16
15
6
16
19
19
12
29
21
19
10
12
10
19
16
16
16
23
15
14
14
18
15
17
12
6
12
19
21
10
12
8
12
18
20
14
10
8
6
12
10
12
4
11
14
12
13
4
19
6
6
17
4
10
12
8
9
10
12
8
15
14
12
10
8
10
14
6
4
10
15
12
18
16
14
12
8
6
12
10
8
6
16
6
10
4
8
6
12
14
12
17
10
8
10
18
10
6
8
10
6
12
12
4
6
8
6
6
79
8
12
12
6
8
8
4
4
8
10
10
20
4
8
8
8
8
10
12
6
12
14
6
10
12
10
14
8
8
12
18
23
10
14
6
14
10
6
16
10
8
8
4
16
4
12
29
10
10
16
8
21
6
14
6
8
4
16
6
10
16
10
4
12
8
2
8
10
6
12
16
10
12
12
6
8
10
10
25
16
10
8
8
8
14
12
10
10
6
12
16
12
12
0
10
6
18
20
21
14
12
16
12
16
8
12
12
18
12
12
10
8
12
10
16
12
18
10
18
6
6
14
8
10
8
10
8
12
10
12
18
25
12
20
16
16
14
12
16
6
12
6
12
10
10
10
16
12
8
6
4
10
10
12
17
14
18
6
4
8
14
8
17
8
8
14
18
16
12
8
10
6
12
87
12
19
16
8
12
12
12
6
15
6
10
12
10
8
8
10
8
10
6
12
12
14
6
12
10
14
10
16
20
8
12
6
8
14
18
6
14
8
8
10
10
12
8
16
2
14
6
12
20
16
14
12
8
14
8
21
10
8
8
4
4
6
8
10
8
14
8
8
6
8
10
6
2
4
8
10
10
12
6
47
8
6
6
12
10
10
8
10
6
6
10
6
12
8
6
10
2
16
10
16
17
6
2
6
12
2
6
4
4
12
6
6
2
10
6
8
8
2
2
6
6
6
4
4
10
8
4
4
6
8
8
12
16
4
6
6
2
2
12
2
8
6
6
16
4
2
8
8
8
10
16
10
6
6
6
6
16
6
4
6
6
10
6
2
12
10
8
4
4
8
4
6
12
8
10
4
8
10
6
14
4
10
12
8
6
12
4
2
8
8
16
8
8
14
8
4
4
14
8
8
4
12
12
2
16
14
8
8
6
8
2
8
8
6
14
10
10
12
6
8
8
6
12
14
29
12
16
12
10
10
6
10
8
10
6
16
10
23
8
8
10
14
6
16
12
14
14
14
13
15
15
14
15
15
12
21
15
18
12
13
8
6
13
12
19
11
10
15
12
8
14
12
0
6
4
2
4
4
6
6
4
4
4
2
2
4
6
2
4
2
4
4
14
2
4
2
6
8
6
4
4
4
8
4
8
12
6
6
2
2
4
2
6
4
12
12
2
4
6
2
8
2
8
2
6
8
6
2
16
6
4
8
12
8
0
4
6
2
2
2
6
4
2
10
4
6
4
2
0
4
4
2
2
4
2
4
8
2
2
4
2
2
2
4
6
6
4
4
6
4
4
8
4
4
4
6
6
4
2
0
8
6
4
2
4
4
8
8
4
0
6
4
10
6
6
4
4
4
8
2
4
4
8
4
6
10
6
10
8
4
6
10
8
12
4
4
4
8
8
12
6
8
6
4
10
8
6
4
8
4
8
6
4
4
12
10
4
4
4
4
4
14
4
0
2
2
4
2
0
0
0
0
0
2
2
0
0
4
2
2
0
4
4
2
2
0
0
4
2
0
2
2
0
0
0
4
4
2
2
0
2
4
0
2
2
2
2
0
4
2
6
2
4
8
0
2
2
0
2
6
2
2
2
8
0
2
0
2
4
2
2
2
2
0
0
6
4
2
0
2
2
2
2
0
2
10
0
0
0
0
0
0
2
2
2
0
6
4
2
2
0
6
2
25
4
4
6
2
2
2
2
2
8
4
8
0
2
0
0
6
4
2
2
2
0
2
0
2
8
4
2
0
2
2
2
2
2
4
0
8
2
2
2
2
2
8
4
2
2
2
4
4
8
4
2
4
4
4
4
2
2
4
0
2
4
2
2
4
2
2
0
4
2
6
4
4
2
6
2
2
2
2
2
2
6
0
2
0
2
4
2
0
0
4
0
6
2
0
2
4
2
0
37
0
2
2
0
4
4
2
2
0
0
0
2
0
0
2
0
0
0
2
2
2
2
2
4
2
2
2
0
2
2
2
4
0
8
