22
7
7
6
7
17
12
13
15
13
27
16
15
11
17
15
11
13
23
19
11
17
2
26
12
25
20
9
23
13
17
13
9
8
11
7
0
17
13
17
11
13
15
17
23
16
13
8
24
34
28
12
18
28
29
38
24
30
19
27
35
23
37
21
49
25
24
20
38
36
42
53
57
41
38
33
49
30
40
66
48
46
61
35
54
47
57
79
34
36
57
49
26
54
41
47
59
55
49
31
44
59
43
28
55
25
55
63
38
66
46
37
30
72
44
75
48
49
46
44
26
43
60
41
42
41
58
66
60
64
51
39
49
60
52
70
47
58
55
30
22
57
58
39
47
64
49
64
36
72
67
69
55
63
69
69
49
28
58
68
62
55
34
43
35
77
60
77
59
53
37
80
31
64
67
87
64
65
49
64
40
57
66
65
63
32
23
59
58
64
62
70
32
78
53
60
72
16
34
63
66
40
72
35
28
30
50
49
59
42
21
37
30
32
41
23
53
24
47
30
30
40
21
56
27
19
55
32
39
35
43
55
45
32
46
53
18
59
34
26
58
26
38
26
25
25
14
37
17
17
7
21
27
13
18
22
18
9
19
17
19
16
28
11
17
23
15
13
24
17
12
25
6
17
21
17
26
28
28
15
20
11
19
26
21
17
15
12
14
14
22
14
18
32
30
28
56
17
17
14
25
30
20
14
16
17
13
16
24
43
27
21
14
22
11
40
19
15
22
34
14
27
70
37
41
20
63
62
35
42
24
44
26
57
52
42
47
44
41
35
20
50
32
58
42
45
42
58
20
35
62
43
67
52
61
61
78
60
33
48
49
64
54
60
64
49
56
61
63
56
41
76
45
76
71
68
66
61
75
77
62
47
39
73
55
62
29
58
68
60
62
54
69
59
57
72
32
64
14
65
65
59
56
43
56
42
41
62
43
64
66
53
61
57
64
60
66
41
43
41
51
51
28
54
25
59
34
41
69
63
60
40
33
35
60
42
51
34
41
33
42
35
64
44
45
68
29
51
34
35
36
64
37
66
42
49
30
65
46
42
41
42
66
56
64
42
39
38
36
63
58
23
50
64
35
31
13
25
42
43
34
52
19
63
56
48
52
58
62
48
56
34
42
64
48
38
62
42
58
48
50
60
53
57
29
50
66
50
16
35
32
42
70
23
60
58
47
33
49
59
28
40
65
37
48
32
36
44
27
61
53
65
51
55
27
49
51
55
35
30
35
60
53
28
63
42
18
51
74
49
61
30
33
17
22
23
45
13
19
33
55
37
34
55
41
77
66
33
53
43
41
58
26
39
66
48
28
62
28
16
24
51
32
36
16
28
38
22
46
26
35
6
50
32
26
25
46
48
11
26
9
23
15
13
11
36
36
41
15
29
26
35
58
33
24
12
25
18
9
24
27
14
17
43
24
27
15
7
19
32
11
34
15
13
30
20
28
32
17
49
36
30
17
11
22
26
49
42
10
4
30
13
26
20
18
14
31
20
18
16
26
14
6
12
20
23
23
38
25
29
44
28
52
35
20
55
34
19
40
32
45
25
32
48
38
49
42
19
56
15
25
37
41
29
17
65
15
42
65
15
58
38
33
40
22
37
38
51
20
45
38
14
36
22
32
41
33
55
37
48
41
26
49
21
49
54
35
51
40
52
49
38
29
24
30
14
46
70
32
60
32
34
47
45
62
30
63
70
60
49
36
55
15
36
69
55
67
73
54
58
50
59
36
30
48
28
62
53
29
34
16
14
31
42
36
37
36
43
45
26
47
59
45
57
30
42
41
38
22
24
34
41
27
24
13
50
35
24
26
15
35
52
21
43
42
37
39
16
43
45
35
32
39
42
22
55
42
31
24
40
13
26
46
14
38
40
47
20
64
31
21
15
13
53
51
36
20
42
28
21
13
28
50
15
24
41
34
22
34
34
18
33
37
32
35
19
29
9
35
38
34
13
24
35
19
36
19
17
17
41
29
62
50
31
39
19
21
23
15
17
20
62
34
36
15
9
30
55
49
17
42
22
15
34
33
40
29
11
7
23
20
51
17
13
15
30
24
5
17
23
23
20
15
28
17
31
65
34
28
13
32
17
49
28
16
9
66
22
25
24
17
24
39
21
22
18
27
29
26
21
25
44
13
24
11
13
23
30
39
36
23
25
26
15
26
13
11
17
23
17
7
41
17
24
15
16
39
36
26
17
32
18
36
45
19
16
25
21
20
19
45
24
63
28
21
22
61
32
51
31
26
30
30
24
17
62
39
45
66
40
25
29
51
41
47
42
74
41
54
36
23
30
49
24
25
25
26
35
45
19
64
44
26
53
15
62
47
38
60
62
37
44
63
35
28
21
49
41
41
42
63
38
76
28
52
65
66
49
28
24
38
54
76
31
44
34
53
51
34
45
44
47
27
61
50
43
13
63
48
77
22
49
68
43
36
38
46
54
44
42
67
24
32
49
47
32
54
15
47
69
20
36
41
32
74
11
45
22
33
40
30
42
35
36
17
22
62
38
40
21
51
19
32
30
22
60
31
60
42
57
42
39
28
12
22
11
7
19
7
34
29
79
26
30
34
30
21
26
37
32
20
49
28
36
27
41
24
55
28
9
39
21
46
27
36
21
17
25
21
25
59
36
31
38
19
22
29
40
50
22
23
19
22
23
50
25
40
17
31
29
10
17
16
54
6
13
13
29
11
19
15
31
32
42
29
34
25
9
19
32
17
21
8
21
6
15
84
13
13
15
15
17
23
15
35
13
8
25
36
17
15
24
10
33
24
19
13
19
20
26
77
21
13
11
50
57
34
15
24
28
19
15
31
17
39
94
21
40
82
42
55
23
13
42
35
23
36
36
8
50
31
26
43
51
23
15
44
54
15
34
25
42
32
8
15
30
30
32
10
57
36
47
27
28
22
29
25
46
10
15
42
38
50
59
17
18
40
35
48
40
17
31
37
21
29
38
17
39
45
15
42
8
55
20
17
17
18
21
40
20
46
26
19
57
52
28
28
38
13
27
43
27
31
59
17
42
46
27
17
23
29
15
15
67
15
45
30
20
40
27
44
53
51
28
17
23
84
6
18
19
26
17
32
18
17
33
27
15
27
32
23
13
28
13
13
7
27
19
20
20
9
27
31
17
17
32
25
42
11
21
26
58
21
19
21
19
13
23
18
11
27
15
25
22
26
9
11
12
6
19
15
2
8
16
5
0
2
6
5
6
6
2
3
0
7
2
7
11
4
4
8
11
7
5
0
4
11
11
2
13
