14
25
10
12
14
14
12
24
22
14
16
22
18
20
33
22
41
10
20
12
22
24
20
20
84
14
14
25
14
16
16
14
27
14
20
6
22
20
10
25
69
35
26
35
8
23
24
24
12
14
31
12
25
20
27
27
20
24
24
25
10
39
35
16
51
12
29
55
24
25
45
37
53
20
43
27
49
33
20
39
24
33
20
16
0
18
12
23
12
18
22
18
26
16
41
12
20
43
20
12
45
24
37
33
14
31
16
14
27
29
22
35
22
16
12
22
16
16
12
14
22
20
33
33
14
18
14
24
18
20
33
12
33
16
20
68
18
24
12
24
8
18
16
22
14
12
16
29
29
10
43
10
26
18
18
41
12
16
8
16
12
10
18
12
27
25
16
24
6
14
10
29
22
14
16
16
18
18
14
18
16
14
18
25
18
20
12
25
18
49
10
23
17
8
20
65
18
22
20
20
10
16
33
16
64
22
31
20
37
33
29
35
35
47
24
33
22
27
18
31
20
33
18
25
33
23
33
27
12
37
16
20
20
25
33
20
14
35
12
18
12
10
21
10
18
18
12
29
29
16
24
41
33
16
41
10
33
25
22
29
10
12
39
22
10
8
16
10
31
29
12
61
41
16
12
6
20
8
18
18
12
10
8
8
8
10
20
8
18
49
10
10
23
22
14
31
16
20
16
6
12
8
8
10
20
8
22
14
16
20
23
6
10
16
21
16
12
20
10
8
22
18
27
33
12
10
12
12
12
22
20
16
10
24
10
12
25
18
12
18
22
22
41
45
22
20
29
18
27
14
20
14
39
12
14
14
22
27
18
20
16
25
25
27
39
29
33
22
24
20
16
12
16
18
18
20
14
23
16
20
18
12
25
22
22
29
57
20
25
16
12
16
16
22
33
14
20
33
18
24
10
16
20
23
25
18
37
22
23
16
29
23
27
41
29
18
19
20
20
20
14
35
23
33
20
18
27
12
16
20
16
20
23
35
16
33
27
24
14
14
10
12
41
10
27
16
12
22
23
35
8
18
10
12
29
31
12
24
10
22
14
33
16
35
6
16
18
25
18
14
10
25
37
20
8
37
12
18
16
18
27
24
22
6
25
37
24
16
18
14
22
10
14
20
20
20
27
20
12
16
18
20
25
27
22
27
24
29
23
33
22
35
43
27
20
10
10
51
14
27
41
27
16
20
27
20
12
22
39
14
20
43
14
18
25
18
12
24
12
22
12
14
25
12
16
18
12
8
12
8
14
29
10
10
16
16
37
20
20
16
18
24
22
12
22
25
22
21
20
16
29
33
8
14
18
12
0
0
0
0
0
0
0
0
0
0
0
0
0
0
0
0
0
0
0
0
0
0
0
0
0
12
12
14
18
63
25
31
25
22
25
22
39
22
12
29
10
16
16
6
6
20
27
22
14
31
20
18
31
22
21
20
14
14
20
8
35
22
22
20
47
20
27
23
35
24
14
55
24
22
25
41
41
25
21
20
12
25
22
63
19
25
24
8
22
16
12
22
22
16
31
16
23
20
14
29
14
25
12
33
20
20
12
24
12
29
14
16
37
16
18
18
33
18
35
16
17
33
29
35
20
14
29
90
25
14
22
12
25
14
20
10
20
16
29
22
18
16
27
35
16
20
29
12
12
8
8
18
16
18
10
29
8
59
22
33
37
31
68
33
41
16
18
16
20
18
12
14
33
35
29
12
78
25
23
27
31
18
33
33
37
12
20
25
20
43
24
20
12
33
10
20
16
20
33
22
22
45
27
24
8
14
39
14
23
14
18
27
18
12
31
21
31
22
18
20
14
14
10
14
33
16
25
16
27
25
29
12
27
22
31
22
16
41
25
23
37
25
53
37
33
16
35
24
27
18
14
14
8
10
8
10
16
16
20
14
18
14
31
12
18
16
16
16
20
26
16
14
16
12
18
20
18
14
10
29
25
18
12
16
14
14
18
41
10
31
12
6
16
4
20
6
10
18
10
8
6
26
10
8
8
16
12
20
12
16
14
24
12
4
16
4
8
14
16
18
2
8
10
6
18
8
8
6
10
12
12
16
14
12
14
14
12
10
16
12
8
6
18
14
12
10
16
10
14
8
30
12
18
14
14
12
18
16
8
16
10
12
6
12
14
14
14
16
16
16
8
20
14
8
12
12
20
17
18
14
12
12
18
8
33
12
6
16
14
14
26
12
14
14
12
14
14
24
12
18
12
10
22
20
14
18
18
8
26
16
6
37
20
12
16
24
14
26
20
30
10
12
12
14
8
26
4
4
12
10
14
12
16
16
10
10
14
16
20
18
12
26
20
27
14
16
4
14
12
12
12
29
26
8
12
2
16
16
16
6
6
6
6
28
14
12
18
6
8
16
10
6
10
30
8
6
12
6
26
4
10
12
14
10
14
4
8
20
39
15
12
22
22
20
14
20
10
14
24
16
18
20
24
16
24
20
10
16
24
24
18
12
16
14
14
14
24
15
8
6
4
16
16
18
20
10
6
22
20
10
18
8
12
16
20
18
18
18
24
16
10
10
10
10
16
20
16
18
8
22
12
16
14
24
6
31
16
16
12
14
16
12
20
8
12
6
14
12
18
14
14
4
6
12
10
6
12
10
12
12
12
4
18
27
4
10
8
18
25
14
20
14
12
18
8
14
8
14
6
8
4
12
16
12
8
4
8
10
6
14
16
12
8
16
10
6
8
18
6
8
12
2
10
2
4
8
6
6
14
12
18
18
8
10
16
18
8
6
6
12
10
8
14
10
12
12
20
4
6
14
6
11
16
4
18
12
8
10
16
6
12
8
8
4
19
4
18
18
12
10
14
10
14
12
10
6
8
14
19
19
16
6
16
14
10
19
4
6
10
14
8
21
8
25
17
10
23
10
25
12
16
10
6
12
10
6
17
12
18
10
16
6
6
10
18
23
12
8
10
12
12
10
12
21
14
14
16
14
10
8
6
6
12
29
6
16
14
12
8
14
16
6
12
12
21
14
21
16
23
23
16
20
16
10
10
10
14
16
12
12
21
18
18
18
8
6
6
20
10
14
16
8
14
16
14
12
8
6
25
10
10
6
8
12
10
18
6
6
12
10
18
14
18
17
12
16
21
12
10
14
20
18
29
6
8
14
10
23
4
6
6
19
10
10
8
8
8
16
21
12
39
10
18
12
14
2
23
14
18
8
14
19
18
6
8
25
12
10
10
8
12
23
19
18
16
10
18
16
14
10
21
16
21
16
12
6
10
14
20
18
12
19
8
8
