25
27
12
13
11
17
17
25
10
17
14
7
10
11
21
10
15
10
10
19
27
14
11
21
17
36
10
12
29
13
11
12
10
12
10
21
0
6
4
4
19
12
23
21
17
8
12
34
14
13
12
23
23
27
29
17
12
17
15
15
6
15
15
17
17
17
19
12
14
17
21
17
10
19
13
15
21
23
11
17
11
4
11
13
25
11
14
19
6
17
11
13
8
15
8
8
6
19
12
10
6
10
12
12
12
13
17
44
13
14
10
15
28
15
14
15
12
8
10
8
13
10
17
8
19
12
19
17
15
13
13
11
25
29
44
33
13
15
6
12
6
8
12
11
23
21
11
8
13
12
12
6
23
12
12
6
19
10
9
13
7
23
17
54
21
9
8
13
19
15
27
30
26
38
29
15
37
15
46
36
15
35
51
35
47
69
77
38
42
29
23
27
31
34
45
76
70
35
17
35
15
78
15
33
40
21
38
40
21
42
21
29
17
25
21
15
21
40
15
10
49
21
35
19
28
25
25
27
27
15
32
27
24
17
34
15
18
19
27
25
10
32
19
13
34
12
19
44
26
32
30
43
11
8
22
27
36
28
28
32
15
40
21
49
24
4
4
4
21
13
11
11
13
19
17
21
9
39
6
17
27
10
11
9
4
11
9
8
21
20
19
17
36
23
11
17
19
29
13
17
24
17
17
13
4
15
19
36
11
29
23
11
12
19
15
19
29
21
23
29
28
15
27
2
25
27
19
37
65
40
27
29
13
35
33
15
8
23
17
38
30
23
23
23
29
14
31
21
35
17
13
15
17
19
25
23
27
25
17
25
17
15
21
17
15
13
9
15
17
10
9
13
8
17
17
12
12
19
10
10
21
23
17
13
10
15
15
12
11
8
11
17
6
21
21
24
17
15
12
23
28
15
15
15
15
13
27
12
10
15
19
32
13
27
8
13
21
26
15
13
10
15
17
19
23
12
13
12
15
28
17
13
10
29
12
13
21
19
10
50
13
8
23
17
48
25
13
15
4
10
13
12
29
15
11
15
27
15
25
21
13
13
12
33
14
12
35
17
19
17
31
23
30
31
27
13
29
29
17
31
33
9
15
33
28
31
32
25
25
29
33
27
19
23
13
17
11
27
27
25
27
44
15
15
13
13
21
21
19
31
13
21
17
11
29
25
13
36
12
21
12
15
44
44
17
25
15
25
20
28
41
21
15
27
31
23
13
27
29
23
22
13
21
27
37
15
25
11
15
21
19
24
25
21
15
13
15
15
15
8
17
29
11
11
17
15
8
29
17
13
10
19
17
19
13
11
32
17
13
19
17
17
26
26
15
8
15
13
13
21
17
11
9
13
25
30
13
21
15
15
33
19
14
15
19
19
15
23
17
13
19
21
17
29
23
11
19
22
15
29
11
21
12
26
17
19
15
23
25
15
25
31
17
13
15
19
17
27
6
13
23
8
10
12
8
13
8
8
15
8
13
10
37
15
13
10
15
15
17
10
25
12
12
17
15
15
24
35
14
31
12
12
19
12
17
10
11
12
29
14
14
12
8
2
19
17
12
25
14
8
27
11
8
23
11
14
10
12
10
22
12
12
17
15
17
48
15
23
35
15
33
29
11
12
10
19
12
17
11
19
8
13
21
23
99
10
13
13
15
8
13
6
12
25
23
8
31
10
6
31
19
17
19
10
10
17
12
15
8
14
21
17
10
21
25
8
10
25
0
0
35
21
12
15
17
19
19
21
6
27
8
21
17
27
29
25
23
13
21
19
23
21
23
25
33
17
25
90
4
6
23
21
15
25
22
7
33
13
23
23
15
13
12
11
11
19
19
21
35
46
11
25
29
23
21
17
11
27
19
10
15
19
19
23
17
19
19
17
13
44
46
29
17
10
20
40
34
44
21
19
17
21
31
28
29
9
11
11
7
15
15
17
13
23
20
19
40
10
17
23
19
36
13
19
10
17
6
13
17
11
11
8
13
19
21
10
10
13
10
9
21
17
17
17
12
17
19
11
10
21
4
10
21
12
8
11
15
11
15
6
8
17
15
23
19
9
14
23
14
27
21
12
6
33
13
17
21
17
21
19
34
26
25
13
17
21
15
10
19
19
8
11
17
4
8
7
13
19
13
12
19
13
10
15
8
10
15
13
10
33
9
17
10
13
8
13
19
12
10
12
17
15
11
10
11
12
23
17
8
10
17
17
17
23
23
12
23
15
19
17
13
14
13
19
10
17
29
23
35
17
25
15
19
19
15
27
19
19
13
13
19
17
17
21
15
19
19
10
11
22
11
17
17
31
25
23
29
21
19
15
15
15
12
24
15
15
25
26
21
15
24
13
8
17
9
9
23
39
15
17
23
25
15
23
15
30
19
17
21
8
17
21
23
21
11
22
23
28
10
12
15
23
23
51
27
21
12
22
19
15
15
19
36
62
19
17
21
17
21
22
8
19
22
10
17
13
23
44
17
10
19
19
11
18
13
13
19
15
14
8
12
12
21
25
18
15
17
8
19
12
11
23
17
13
17
9
6
13
12
10
25
12
8
13
21
9
15
7
11
13
21
8
11
12
19
13
12
15
19
15
10
15
15
13
17
8
17
15
12
10
12
17
0
0
0
0
0
0
0
0
0
0
0
0
0
0
0
0
0
0
0
0
0
0
0
0
0
0
0
0
0
0
0
0
0
0
0
0
0
0
0
0
0
0
0
0
0
0
0
0
0
0
0
0
0
0
0
0
4
12
0
6
4
8
50
12
8
10
12
13
14
10
6
15
4
8
8
6
10
12
4
8
12
12
10
14
10
6
6
8
8
10
8
50
4
10
10
12
16
12
10
8
8
15
10
8
15
12
10
12
14
15
10
17
14
15
13
10
14
8
10
17
10
12
10
8
10
14
13
15
17
13
21
10
8
15
14
9
6
17
15
8
13
6
12
12
19
13
10
4
12
15
9
4
13
17
11
15
11
13
12
17
19
15
19
14
25
13
21
7
8
7
10
13
10
12
12
15
8
22
17
6
2
35
12
10
12
12
8
6
8
16
23
6
17
15
13
4
7
17
8
10
8
7
11
9
23
6
9
10
10
15
8
8
8
10
11
17
14
8
12
10
6
19
4
8
8
7
13
11
10
5
19
4
13
8
9
8
10
10
10
12
12
8
8
6
8
6
4
13
6
7
9
11
15
7
4
5
10
2
6
8
2
6
4
2
4
6
4
10
8
6
4
3
6
8
6
5
0
6
4
8
8
8
2
10
0
6
2
4
