8
15
10
8
21
6
17
13
23
17
12
21
13
15
14
19
6
14
12
25
19
15
8
8
8
12
23
21
19
17
13
14
6
23
17
21
10
29
21
23
18
6
13
17
17
21
15
19
14
12
14
18
19
15
13
16
10
23
14
14
12
16
14
15
23
8
10
14
29
23
19
14
19
27
17
21
29
8
19
21
12
46
17
15
12
12
21
10
21
18
12
17
19
21
17
21
14
21
17
15
15
8
14
12
17
29
17
17
15
39
29
19
15
21
12
19
14
21
27
17
25
15
19
17
14
17
14
23
15
15
15
33
17
21
31
12
11
37
14
19
11
27
14
12
19
29
25
39
15
19
17
23
14
15
25
17
25
17
21
17
39
23
11
13
19
31
33
17
29
19
17
21
19
23
38
29
33
27
15
17
25
41
25
19
21
12
23
10
23
15
27
29
14
10
14
41
23
10
27
21
21
14
19
14
18
25
12
19
19
14
14
21
14
10
21
23
17
27
21
29
29
31
14
15
14
18
15
16
14
31
37
27
12
12
8
15
19
15
12
12
6
14
6
14
12
16
33
12
21
12
10
17
11
12
12
15
10
15
25
15
21
33
21
25
15
17
19
15
23
13
15
19
14
14
12
17
17
19
15
25
8
8
23
15
6
12
10
8
8
4
4
4
2
4
6
12
2
4
2
12
8
6
10
6
2
4
12
8
2
8
4
97
4
6
10
6
6
8
4
2
4
4
8
4
8
4
2
4
2
4
6
4
8
4
4
8
8
2
4
4
2
6
6
4
6
4
8
6
6
4
4
4
12
4
6
4
4
4
4
8
4
6
2
2
8
8
8
10
4
4
2
6
8
2
8
6
2
10
4
6
4
6
6
12
8
4
6
2
6
6
6
2
10
4
6
4
4
6
10
2
8
8
6
10
4
6
8
8
6
2
10
14
12
6
10
18
18
10
14
8
12
8
6
12
8
10
8
4
6
8
8
6
6
8
10
4
10
4
10
6
8
12
8
12
8
6
18
13
22
6
8
6
14
12
8
4
12
8
4
4
6
10
4
8
12
8
6
10
4
2
6
10
10
6
20
6
6
8
4
2
8
4
10
14
4
6
2
4
14
4
4
12
8
4
10
10
12
8
10
12
6
18
4
8
6
12
10
4
6
6
8
8
8
4
6
4
8
4
6
4
8
6
4
10
8
10
10
4
2
10
4
16
6
4
2
4
14
4
4
6
6
4
6
8
2
12
4
8
4
8
2
4
6
4
4
10
6
12
6
8
8
6
6
2
4
2
6
8
17
2
10
2
4
2
2
8
2
6
2
6
4
8
8
6
6
6
8
4
12
8
2
2
12
4
6
4
6
8
2
2
8
10
8
6
6
8
10
2
8
10
8
10
6
4
12
4
10
6
10
2
4
8
6
6
10
10
6
8
17
6
8
8
4
10
10
12
10
10
6
12
14
31
10
10
23
10
6
21
10
12
12
6
8
12
6
8
6
6
8
14
17
8
8
8
8
6
14
14
8
4
8
4
15
12
2
4
6
10
12
6
6
8
16
16
10
6
16
8
8
6
6
10
10
6
8
4
8
4
10
6
10
8
14
12
12
10
4
6
10
12
4
27
0
14
8
10
10
17
12
10
14
12
8
10
10
10
12
4
10
6
18
17
12
10
14
8
6
12
8
12
14
20
12
14
10
18
8
10
12
10
12
6
6
10
18
14
10
18
12
14
4
6
10
16
12
6
18
16
12
14
10
12
13
10
10
12
14
8
6
10
12
6
2
8
17
10
8
14
10
10
8
14
16
8
6
10
12
12
10
10
14
6
10
10
2
4
10
12
8
8
4
8
12
14
12
8
10
10
8
14
6
12
12
14
12
8
18
20
4
10
8
14
13
12
21
2
8
6
4
8
6
8
8
10
6
10
12
10
4
14
12
6
12
6
8
8
4
6
8
6
6
6
12
20
0
0
0
0
0
0
0
0
0
0
0
0
0
0
2
2
0
0
0
0
0
2
2
0
2
0
0
2
0
2
2
0
2
0
0
2
0
2
2
0
0
0
0
0
2
2
0
0
0
2
4
2
0
0
2
2
0
0
0
0
4
2
2
2
0
2
8
4
0
2
2
4
2
2
0
2
0
0
2
2
6
0
4
2
2
8
2
4
2
0
0
4
0
2
0
2
4
2
0
2
4
2
0
2
2
0
2
4
2
0
2
0
2
4
0
0
0
2
2
0
0
2
0
0
4
2
2
0
2
2
4
4
0
0
2
2
2
0
2
0
0
2
0
0
6
2
2
2
2
0
0
2
2
4
4
0
2
2
6
0
4
2
2
2
0
2
4
2
0
0
2
4
6
2
2
4
2
2
6
2
0
2
2
4
2
6
0
0
0
4
0
4
0
0
0
0
0
2
2
0
2
4
2
0
0
0
4
2
2
2
4
2
6
2
2
2
0
0
4
2
4
0
0
2
4
2
4
2
2
4
2
0
2
0
4
2
2
2
0
0
0
0
4
0
2
0
0
0
0
2
2
0
0
0
2
0
2
0
2
2
2
0
0
2
0
0
62
2
2
0
4
4
4
0
2
0
0
2
4
0
2
0
0
0
4
0
0
0
4
4
2
6
10
4
10
6
4
4
4
6
4
2
2
14
2
4
16
4
4
4
4
4
4
35
14
10
8
4
10
8
8
14
10
8
4
10
4
12
8
6
8
6
8
6
2
4
6
12
6
6
6
57
8
6
6
4
12
6
4
4
2
6
12
10
13
4
2
4
6
6
6
2
2
4
4
10
6
2
8
6
12
6
6
6
8
6
6
4
6
6
8
6
10
4
12
6
8
4
4
6
10
8
6
8
4
4
6
6
4
23
10
6
6
10
6
8
6
4
10
6
10
17
14
8
4
12
16
16
12
2
18
8
8
10
16
8
4
6
4
8
6
2
6
6
31
12
10
8
20
16
16
10
8
4
8
17
10
6
10
4
14
4
6
6
10
6
4
14
14
4
4
10
8
6
8
6
8
4
8
10
6
4
6
12
10
8
8
8
2
14
2
8
8
12
8
12
8
10
4
16
10
12
4
14
4
10
14
4
10
12
6
4
12
12
4
4
4
6
6
14
4
2
6
12
8
4
10
6
8
8
8
14
6
12
10
12
12
6
4
6
8
12
4
4
6
4
4
4
16
6
8
2
8
2
6
6
4
4
6
8
4
4
10
4
6
12
8
4
8
6
12
10
8
6
2
6
6
8
4
12
8
6
4
4
2
8
