17
30
11
9
19
25
11
21
15
15
8
23
17
21
17
11
2
34
2
13
15
23
11
11
24
6
9
23
11
15
13
19
9
15
13
15
15
16
7
10
13
16
6
6
13
11
6
22
15
11
6
11
0
6
15
5
9
4
10
36
13
10
10
25
6
9
13
17
9
19
11
30
8
6
4
4
19
11
19
13
5
17
19
21
6
11
13
9
76
17
71
4
19
6
11
19
22
15
23
13
51
9
16
19
23
11
15
22
17
17
13
21
17
13
9
13
19
13
6
24
16
23
13
24
19
21
26
28
23
13
15
38
13
19
22
37
27
30
25
21
15
20
13
18
7
23
20
23
30
30
9
23
32
36
21
26
28
39
28
25
22
25
34
13
29
31
32
34
27
8
19
19
0
32
42
6
24
45
21
18
35
18
49
40
2
49
22
25
21
45
46
32
25
15
19
44
15
26
26
13
25
34
8
15
13
17
15
35
21
17
30
36
9
13
27
23
27
10
10
19
7
15
15
31
8
9
47
11
11
25
31
36
4
21
6
36
30
26
11
15
19
21
27
15
9
9
34
17
19
15
22
8
42
13
13
11
13
37
11
21
10
17
6
27
25
25
31
25
23
9
6
32
7
17
34
7
13
13
11
8
11
36
27
12
8
4
28
8
11
11
18
15
15
11
15
26
8
6
9
8
17
11
13
8
6
17
6
10
10
17
13
15
12
10
8
11
11
8
4
26
12
17
18
11
23
8
6
7
8
6
4
6
19
11
11
19
15
17
12
8
11
13
21
13
33
13
12
17
11
17
10
10
10
11
9
6
11
15
13
15
10
12
10
4
12
13
6
6
17
10
10
7
9
10
13
6
10
18
9
13
17
9
4
11
9
17
6
10
8
4
15
8
23
13
12
12
15
10
17
19
6
9
17
13
10
8
15
11
21
33
15
21
23
21
28
31
10
27
44
24
13
11
10
13
15
17
19
41
11
24
19
19
24
11
18
9
19
91
17
21
21
9
11
17
11
13
17
23
4
17
28
11
17
21
11
15
32
15
27
20
16
13
28
11
15
15
13
23
19
21
16
8
22
11
21
11
11
27
21
25
17
11
33
27
13
16
11
13
23
31
33
18
15
6
15
30
9
23
11
15
11
15
15
12
24
16
16
23
18
24
13
27
22
24
12
13
9
13
13
17
14
9
15
21
19
10
13
13
22
21
9
11
19
23
8
11
13
11
4
10
9
10
9
13
20
7
11
4
15
21
13
18
9
11
11
9
24
16
13
24
15
17
17
17
24
8
18
13
18
19
13
24
11
11
21
24
12
10
13
9
6
13
4
10
10
13
11
8
6
4
10
6
8
6
8
7
6
11
9
17
10
10
6
2
8
4
6
4
7
3
7
16
7
5
12
8
6
8
7
8
12
7
9
3
2
4
9
4
4
2
8
8
6
2
2
4
10
4
4
0
6
6
2
8
2
13
11
9
11
6
6
4
5
6
10
8
6
6
9
12
7
10
6
6
10
12
6
11
13
7
8
6
6
6
8
6
6
10
9
10
6
5
5
19
6
13
8
8
6
4
4
12
16
11
8
11
11
13
8
9
13
8
13
10
7
11
5
6
4
2
5
10
10
10
9
10
13
10
7
6
6
19
8
4
10
4
6
9
11
9
11
17
0
7
8
15
12
12
9
4
12
6
10
13
9
23
8
15
15
24
9
8
8
19
9
6
3
12
14
4
19
15
7
0
12
6
17
4
7
2
11
11
13
10
11
4
8
13
4
4
4
8
13
32
8
6
5
8
11
5
4
6
10
6
13
8
6
4
8
8
6
8
5
8
4
6
6
11
8
4
6
6
13
8
4
4
0
4
2
4
8
6
6
6
6
6
2
4
4
3
0
0
0
0
2
0
0
0
0
0
2
0
0
0
2
0
0
0
0
25
0
0
0
0
0
4
0
2
2
0
2
4
4
2
5
0
4
2
2
2
7
2
6
2
0
2
4
4
2
2
6
2
2
2
0
19
0
0
2
2
2
4
2
4
2
2
4
0
2
4
4
7
4
2
2
6
6
3
2
6
4
2
8
10
2
4
12
4
4
0
6
2
2
2
2
6
17
2
2
4
8
6
4
4
4
2
10
6
8
8
8
4
6
10
8
7
4
8
5
5
8
4
8
13
6
8
11
9
6
8
6
4
6
10
6
10
2
3
9
15
6
8
8
4
6
5
5
4
3
6
4
8
10
10
6
4
4
8
4
4
8
10
6
10
6
7
8
11
8
8
7
9
6
8
8
10
8
4
15
4
10
4
5
9
6
9
13
17
8
10
10
17
9
13
8
8
5
13
6
7
8
13
17
6
11
15
8
6
11
15
11
8
3
4
6
6
6
6
8
11
5
4
9
19
13
4
11
9
8
17
19
6
6
13
6
0
13
6
7
11
6
11
10
11
8
5
4
6
11
6
12
6
3
3
8
6
4
10
4
2
4
3
5
8
8
8
6
8
8
0
11
8
15
8
4
8
8
2
2
5
6
6
4
4
6
2
6
2
8
2
6
15
2
4
7
6
4
2
4
2
4
2
2
4
13
2
5
2
6
7
6
6
2
6
8
6
0
6
4
9
8
4
10
8
8
6
8
4
8
8
12
4
10
11
10
8
8
6
2
6
4
8
6
7
6
8
2
8
8
11
4
6
8
7
8
8
8
11
4
8
4
8
10
4
4
8
2
6
9
8
8
2
5
7
9
11
10
8
6
11
10
11
11
8
7
6
5
4
6
6
11
10
3
6
11
11
7
10
8
8
16
6
6
7
2
8
2
4
4
14
14
4
11
11
8
8
8
9
8
8
13
8
8
13
10
8
11
6
6
8
11
6
4
9
17
9
8
4
20
8
8
13
8
8
5
15
7
10
8
7
10
10
12
8
8
8
15
12
7
7
4
11
9
9
8
19
8
7
0
4
9
0
9
6
11
10
9
5
10
6
10
11
13
8
8
0
3
12
8
4
4
2
8
8
4
8
8
10
13
4
10
8
11
15
4
8
13
10
6
6
9
8
13
10
11
44
13
15
9
13
5
8
8
13
17
4
8
8
10
8
6
11
9
8
6
11
8
11
10
11
9
10
14
11
13
10
10
10
6
4
11
7
7
8
4
6
9
0
6
9
10
11
13
10
8
6
6
11
16
0
4
3
4
9
6
6
4
4
8
2
13
2
15
4
10
6
6
2
6
4
4
6
3
2
6
8
3
2
2
6
4
4
6
4
6
2
7
6
6
2
