26
34
22
21
19
49
30
31
43
47
30
27
15
25
24
21
24
18
37
15
14
24
25
22
33
36
22
16
15
27
22
34
16
30
17
25
54
0
0
0
0
0
0
0
0
0
0
0
0
0
0
0
0
0
0
0
0
0
0
0
0
0
0
0
0
0
0
0
0
0
0
0
0
0
0
0
0
0
0
0
0
0
0
0
0
50
21
17
22
44
27
56
18
26
14
34
16
15
15
19
24
24
20
26
51
20
15
28
15
42
17
17
12
20
32
22
33
24
31
53
18
18
32
39
12
20
16
30
21
22
50
28
27
11
21
18
15
24
30
34
53
20
18
12
22
41
15
16
21
60
22
24
31
29
41
13
18
28
44
48
23
15
13
16
45
16
22
12
21
12
19
45
9
18
26
26
21
11
15
23
21
36
11
19
16
21
15
25
19
12
29
23
17
14
19
31
14
23
20
8
18
39
26
24
16
22
22
12
19
15
20
20
25
22
21
15
38
12
15
13
14
26
12
24
10
9
21
19
12
22
13
14
29
11
16
17
17
21
27
16
27
24
13
25
29
10
18
17
17
21
20
19
31
16
31
18
14
11
10
24
21
50
19
27
11
17
18
17
11
16
17
25
11
24
38
26
23
18
0
26
11
13
21
17
14
25
27
29
19
23
31
32
29
30
33
33
36
30
31
25
28
38
18
24
26
25
33
32
31
31
28
37
29
12
36
32
31
31
24
33
33
33
24
27
33
34
42
45
34
36
17
30
28
38
24
27
36
32
31
31
20
33
37
36
32
43
35
30
31
36
22
30
25
19
28
28
37
29
35
24
33
26
32
36
37
29
14
33
41
26
29
32
16
45
20
29
32
37
30
25
29
34
30
22
30
30
38
21
35
33
22
38
30
22
27
21
31
35
33
29
22
36
26
26
19
43
28
17
16
26
35
30
35
22
30
27
30
34
45
25
40
23
34
34
21
32
35
29
41
30
24
38
38
49
43
27
33
37
30
32
35
19
28
37
22
36
19
29
32
41
9
40
26
33
37
35
15
29
31
42
32
23
26
20
20
35
30
27
31
21
32
26
27
26
33
30
31
41
29
32
28
29
28
23
29
24
26
22
37
37
24
22
36
28
43
28
20
27
23
23
37
25
31
30
26
31
29
32
30
31
24
21
41
27
37
26
41
45
33
30
35
27
23
29
34
38
27
29
33
26
28
39
26
25
38
34
25
32
33
41
29
44
40
37
28
36
29
30
28
32
36
34
43
35
18
41
30
21
29
35
30
30
39
28
27
10
37
51
34
30
40
39
48
42
50
35
27
24
26
15
16
7
13
22
20
19
22
12
14
16
24
16
20
8
21
16
24
24
25
27
20
17
18
22
23
13
19
19
14
23
19
15
13
27
19
14
26
15
17
20
16
20
4
22
25
24
24
12
17
18
26
16
30
9
18
22
17
18
21
25
8
16
20
27
25
5
13
12
3
16
6
22
26
18
23
10
17
13
23
23
18
19
24
24
16
11
24
23
19
19
24
25
8
20
20
13
7
26
17
24
20
19
21
6
9
20
23
24
17
16
23
21
21
18
17
22
15
18
25
24
21
7
20
23
15
15
17
18
19
12
18
17
21
20
21
16
11
16
15
18
14
14
20
19
16
18
30
20
19
15
13
24
24
16
24
9
17
16
24
14
23
18
16
26
20
17
17
21
28
23
27
20
24
22
28
19
26
28
22
12
30
29
20
25
16
26
30
21
19
19
21
19
13
0
0
0
0
0
0
0
0
0
0
0
0
0
0
0
0
0
0
0
0
0
0
0
0
0
0
0
0
0
0
0
0
0
0
0
0
0
0
0
0
0
0
0
0
0
0
0
0
0
0
0
0
0
0
0
0
0
0
0
0
0
0
0
0
0
0
0
0
0
0
0
0
0
0
0
0
0
0
0
0
0
0
0
0
0
0
0
0
0
0
0
26
24
27
40
13
22
28
21
24
27
11
46
31
34
30
41
38
36
36
25
6
22
30
28
42
34
39
32
11
22
30
29
33
27
39
32
29
31
30
21
21
33
30
29
28
23
21
16
30
28
23
27
28
22
28
17
32
38
33
40
31
29
16
30
30
14
30
42
34
29
25
28
36
33
25
13
27
27
26
32
26
16
31
31
18
33
25
28
18
22
37
20
23
21
36
23
9
32
36
19
37
9
31
27
36
34
34
33
44
31
37
27
25
25
37
37
32
31
33
37
24
25
9
24
31
29
32
37
30
31
30
40
11
31
31
35
29
28
36
29
40
41
32
34
31
28
35
39
34
34
32
27
30
18
31
20
30
25
29
20
18
20
28
29
27
17
25
28
9
31
28
21
14
21
29
22
23
21
21
20
21
28
18
26
25
12
19
21
18
12
12
17
18
31
25
26
19
23
28
13
13
19
21
29
32
24
31
26
24
25
28
19
19
24
22
17
23
26
20
19
16
21
16
14
23
17
16
21
18
24
25
23
26
30
22
24
27
19
22
22
19
22
21
17
27
27
21
36
26
23
23
23
28
32
25
16
11
24
30
29
26
23
24
29
27
34
31
20
29
24
18
21
18
22
19
10
29
12
29
24
20
22
15
22
31
28
29
23
0
0
0
0
0
0
0
0
0
0
0
0
0
0
0
0
0
0
0
0
0
0
0
0
0
49
7
44
49
86
31
71
60
52
64
35
61
52
48
37
34
43
31
63
18
27
28
29
35
39
42
39
61
33
46
27
44
42
38
69
66
46
32
42
23
39
37
58
55
56
39
51
25
36
66
65
35
47
38
60
35
43
42
74
42
48
35
34
34
33
35
44
59
58
40
41
46
34
72
11
29
66
33
47
52
65
67
13
17
36
45
59
59
64
59
33
23
16
33
2
69
26
41
51
2
25
42
60
62
7
53
64
67
32
60
63
49
28
41
92
59
29
57
60
35
43
59
53
86
20
25
19
24
28
38
34
17
53
66
60
70
47
58
32
59
39
29
20
38
39
68
10
75
54
34
37
54
62
38
54
40
62
41
72
65
33
33
59
49
49
88
77
37
38
17
30
73
59
34
24
84
30
78
37
42
60
22
47
65
59
52
52
73
76
65
78
51
23
64
17
18
21
36
35
20
37
38
35
18
14
34
25
23
29
23
25
23
25
37
14
18
23
22
25
27
31
32
42
52
37
39
36
38
31
27
33
23
15
10
23
28
25
14
22
25
18
17
31
28
10
29
16
16
20
24
37
17
4
31
19
6
20
36
19
18
24
20
24
