0
1
0
2
2
2
1
2
11
1
4
21
2
1
15
23
1
0
2
14
0
1
16
0
0
1
16
0
2
13
6
14
1
1
1
2
5
2
2
2
0
13
1
2
1
1
3
31
2
2
1
2
2
2
0
1
2
2
1
2
0
0
3
31
2
3
18
1
1
2
32
0
2
2
0
22
2
2
2
0
24
1
0
35
2
2
1
1
1
2
1
6
1
0
2
1
0
1
3
23
3
0
2
19
2
0
1
0
0
1
11
1
36
24
0
0
2
21
13
13
2
0
1
7
0
2
1
22
1
0
0
4
13
11
3
0
1
18
2
1
1
1
1
0
0
17
2
0
22
20
2
1
10
14
1
1
3
1
19
15
12
1
1
1
1
0
2
20
1
0
16
1
2
1
11
4
15
1
2
4
3
0
2
0
1
2
1
4
16
2
0
1
25
2
28
21
9
1
22
1
1
1
10
0
1
2
1
1
1
1
4
1
2
1
1
0
0
1
4
23
1
1
22
2
0
0
21
2
1
16
26
0
0
1
1
4
2
0
14
1
1
2
1
0
1
13
1
1
1
22
6
0
2
28
1
5
11
2
2
2
1
0
5
2
4
1
3
19
16
2
0
2
0
0
1
1
2
0
2
2
10
2
23
1
0
32
1
21
2
0
5
0
26
1
5
1
0
4
1
3
17
2
1
2
7
0
4
1
1
1
4
1
1
1
3
8
0
0
1
1
4
3
1
0
1
1
1
0
0
2
1
1
1
0
1
2
1
3
0
2
0
1
5
5
0
1
0
0
1
2
1
0
0
0
6
0
2
7
0
1
0
0
1
4
0
0
1
0
0
1
0
2
0
0
0
0
2
2
0
3
2
1
1
1
0
1
0
1
0
4
2
4
3
0
0
4
0
4
3
1
3
0
2
1
3
1
0
1
0
0
0
0
3
1
0
5
1
0
22
0
1
38
36
0
1
11
1
0
2
18
4
10
27
1
4
1
4
0
1
0
1
16
0
11
1
1
1
25
1
2
2
3
2
3
6
0
4
0
2
1
4
3
4
1
24
2
2
6
5
0
4
4
1
5
25
3
3
0
9
1
4
1
13
1
2
0
1
4
1
1
5
38
1
1
3
25
1
1
1
1
0
1
3
3
4
19
2
1
20
26
3
1
0
2
1
0
1
0
30
2
2
20
1
1
28
0
1
1
4
1
2
4
1
0
2
19
1
26
1
0
19
2
1
5
18
2
4
1
0
0
7
1
1
1
1
1
2
11
29
2
3
0
1
3
0
17
1
2
22
6
1
3
30
1
4
1
0
16
19
1
0
2
13
1
2
1
6
2
5
1
9
1
5
4
1
27
11
5
13
1
2
31
10
1
28
0
6
11
1
0
3
19
2
13
0
2
1
2
1
37
0
21
1
1
16
1
6
22
0
1
20
2
1
2
2
3
2
0
0
0
18
22
39
1
0
1
36
2
1
2
14
1
0
5
17
0
4
2
1
16
1
16
16
31
11
8
6
0
19
11
0
9
16
2
0
1
31
2
2
2
44
0
0
22
3
0
4
16
19
10
1
6
1
3
4
2
1
3
1
1
0
4
0
2
1
0
28
1
3
3
11
3
0
4
1
1
1
2
27
0
0
1
1
0
1
16
2
2
1
2
3
3
4
17
19
5
5
0
0
1
0
2
1
1
7
4
1
2
13
18
19
15
2
1
2
2
0
3
13
4
1
2
1
1
4
2
2
2
1
0
1
1
2
0
0
0
2
10
15
1
1
2
1
1
14
15
2
0
0
2
2
2
0
3
1
16
17
2
0
4
1
0
25
3
15
2
1
1
0
2
5
1
2
3
3
1
0
12
35
2
4
1
19
1
2
1
2
1
12
17
17
16
24
5
2
2
1
2
2
1
1
2
1
0
1
0
0
1
2
0
2
1
10
19
18
25
0
3
3
4
3
2
6
1
8
0
7
6
0
7
0
56
0
1
40
3
5
4
0
5
0
6
5
5
1
0
0
6
0
0
1
0
9
1
3
6
0
3
6
0
6
1
3
0
3
0
3
13
5
0
0
0
1
7
0
1
5
3
0
1
3
1
13
0
1
29
0
0
7
0
1
1
1
4
3
0
5
3
3
5
0
0
5
5
3
3
0
0
0
6
0
3
5
14
3
3
5
0
0
0
4
3
0
3
4
5
8
0
0
3
0
5
9
1
0
3
3
10
0
5
0
4
10
1
0
5
1
3
0
9
1
0
27
8
3
4
0
5
5
5
0
1
0
53
3
1
0
0
4
8
7
3
11
1
3
3
0
3
3
6
5
1
12
12
0
3
4
3
1
0
1
5
5
0
3
1
10
3
3
74
0
8
3
6
3
0
0
3
0
0
1
3
3
5
3
1
3
3
8
4
3
0
3
3
3
3
3
3
0
3
0
9
5
1
0
1
1
3
3
5
0
0
3
5
5
0
0
12
3
1
1
1
3
1
0
3
1
0
0
0
1
1
0
7
2
0
0
0
0
1
0
1
3
1
7
0
1
1
1
0
0
6
5
10
5
0
0
3
5
0
0
0
3
0
3
5
0
1
3
1
0
10
3
2
1
3
1
3
3
1
0
1
1
3
0
0
0
0
3
3
0
0
6
0
0
0
3
2
3
1
0
5
0
3
1
2
3
6
0
3
6
3
0
0
0
5
0
0
0
0
1
3
1
4
4
0
3
3
2
1
0
1
5
1
5
3
0
2
1
5
6
2
5
0
4
16
0
2
2
9
0
0
3
3
0
1
1
0
0
3
1
0
0
1
1
0
0
0
0
0
4
0
5
0
3
0
0
0
1
0
1
0
3
1
1
0
1
0
0
4
0
0
0
0
0
1
1
5
1
0
0
0
0
3
0
1
1
1
0
3
0
0
0
1
0
0
0
1
7
0
0
0
0
0
1
1
1
1
0
5
1
0
1
1
2
0
0
1
1
0
0
1
0
1
0
0
0
0
0
9
0
0
0
3
0
0
0
3
0
0
0
3
1
0
0
0
1
0
0
0
4
7
0
0
2
0
3
0
1
0
1
0
0
0
1
1
3
0
0
1
0
3
1
1
0
6
2
3
1
3
0
1
4
0
1
0
3
0
3
1
1
1
0
1
0
0
3
5
3
3
0
0
0
9
0
0
1
0
0
0
0
3
0
1
4
3
1
0
0
4
1
1
1
1
1
1
1
0
0
1
4
1
3
0
0
0
0
11
0
2
1
0
0
0
1
0
3
0
3
2
