21
13
17
17
11
11
15
9
15
13
15
11
8
17
13
17
15
17
17
16
17
15
15
17
18
15
15
15
17
9
21
66
25
19
19
11
19
19
13
22
21
20
18
11
12
17
24
18
19
19
17
13
17
19
17
15
17
26
22
13
15
14
11
9
28
9
18
19
20
12
15
17
15
20
11
15
20
9
23
17
20
17
20
17
15
9
13
17
21
24
21
9
17
17
13
11
11
5
28
16
23
44
15
15
18
20
26
11
25
30
18
22
25
18
21
22
37
29
20
21
28
24
21
23
16
19
26
17
17
27
25
18
18
17
15
20
25
17
21
26
21
14
30
23
29
21
16
24
10
30
22
24
23
16
19
21
18
17
25
28
20
27
25
18
24
17
28
22
23
16
22
28
15
13
18
32
17
33
25
35
28
17
22
20
22
13
20
23
28
13
22
21
23
15
23
29
20
22
18
17
29
21
34
21
24
26
21
24
17
12
19
21
13
24
22
22
22
18
11
17
15
20
20
22
25
13
20
21
26
30
24
20
18
22
27
78
24
23
17
31
20
23
22
25
25
24
19
7
23
20
16
19
21
13
20
14
16
13
19
15
26
13
19
18
17
11
19
26
15
19
22
25
7
15
15
15
24
21
26
20
25
22
13
15
17
20
18
30
6
9
17
24
19
13
21
21
9
13
17
17
15
8
15
21
11
9
13
10
11
11
10
13
17
11
15
9
15
15
13
15
11
46
13
13
13
11
17
8
13
13
19
15
15
15
17
15
13
15
21
15
17
25
13
19
15
7
13
9
13
8
11
15
11
21
13
8
9
13
11
17
15
15
19
17
23
19
21
20
11
21
30
13
19
15
17
23
17
19
17
21
13
11
17
13
13
13
23
17
15
19
25
15
13
8
21
19
17
15
20
17
25
11
25
19
17
23
26
28
17
8
25
13
15
17
23
19
19
13
21
18
22
23
21
23
26
27
22
24
19
26
20
21
13
7
17
17
21
21
13
15
23
17
19
13
12
17
23
11
25
23
29
24
18
13
25
19
17
23
25
15
13
21
15
15
15
27
27
17
12
13
13
17
19
11
15
13
18
25
13
17
9
13
24
17
9
17
11
27
25
15
20
25
17
14
15
27
22
23
19
23
19
11
19
11
17
26
13
21
15
19
13
15
19
17
12
13
20
19
17
21
15
21
11
17
21
25
11
13
11
15
13
15
11
11
15
22
27
12
23
22
17
19
11
19
11
9
13
17
11
17
21
15
23
17
11
23
23
13
12
17
13
15
11
17
18
13
23
21
13
15
9
11
12
11
9
11
6
10
4
10
6
4
8
4
8
6
10
4
8
6
6
8
4
8
8
10
4
11
4
8
3
6
10
8
10
9
11
15
8
6
8
13
15
14
10
8
10
9
8
10
8
10
10
10
9
8
10
12
4
6
8
7
4
7
8
8
8
4
8
7
13
8
4
17
12
6
6
85
8
8
8
8
6
8
6
2
7
10
8
4
6
7
9
10
10
11
17
4
8
5
8
4
6
9
14
10
9
11
9
11
9
10
10
14
11
9
15
17
10
11
14
10
7
6
11
10
8
12
12
15
11
10
15
13
5
7
8
10
12
10
11
6
9
11
5
10
7
13
7
13
10
12
6
6
7
8
11
12
10
8
9
12
7
10
9
81
10
11
8
6
13
9
10
7
6
5
5
7
6
7
8
5
10
6
11
7
7
8
8
6
12
9
8
4
11
9
8
11
5
13
8
11
5
15
9
13
7
11
8
7
6
7
4
11
20
6
11
4
9
9
13
13
6
10
13
6
9
15
18
10
34
24
8
11
11
11
8
11
8
12
13
8
13
8
7
9
8
8
7
7
5
12
9
6
7
11
11
9
6
10
8
8
10
10
6
10
11
15
6
6
8
2
4
5
9
8
7
7
6
11
9
8
15
8
6
6
12
7
7
12
11
11
13
8
8
5
5
4
5
9
7
4
10
8
5
6
5
7
4
4
4
4
4
7
4
9
4
4
5
8
8
5
13
11
6
4
6
8
7
9
4
6
4
9
7
5
6
5
9
11
6
15
16
13
11
10
5
9
6
7
9
9
13
5
11
7
6
5
52
7
15
7
7
6
7
5
7
7
7
5
9
4
13
7
11
15
10
7
10
4
7
5
8
4
13
11
13
12
9
9
9
17
17
11
11
22
5
16
11
7
16
4
8
13
6
4
4
5
8
8
4
11
5
11
11
13
6
7
11
12
6
7
11
9
5
15
5
9
7
11
11
6
11
10
7
4
5
10
8
10
11
11
14
6
20
13
9
9
6
9
6
11
9
8
8
11
13
13
7
9
19
11
4
13
9
15
7
7
9
17
11
7
9
9
11
10
5
8
7
8
19
9
9
7
15
10
15
13
11
6
9
8
4
6
8
7
7
13
6
11
11
4
4
7
9
15
8
4
6
6
8
9
7
10
11
6
7
9
4
6
6
7
13
6
6
6
4
9
7
11
6
7
7
9
4
6
6
6
9
8
9
4
8
6
10
9
5
4
9
7
11
5
10
13
12
7
7
11
9
10
16
4
7
4
8
6
4
4
8
8
5
7
11
6
10
7
5
5
11
14
4
5
15
4
4
6
23
8
8
10
5
5
15
8
4
6
7
6
4
11
15
15
5
7
4
15
11
4
9
7
7
3
11
8
2
11
16
13
9
7
15
11
15
9
11
7
13
11
15
6
21
9
4
36
16
9
7
7
6
5
25
7
15
10
11
13
7
16
11
9
4
6
7
9
9
9
18
7
5
15
7
11
13
11
5
9
9
13
5
7
11
13
4
6
16
8
7
17
11
16
17
9
15
6
28
7
6
7
11
7
4
8
23
4
7
10
5
11
26
15
9
7
25
13
8
14
15
17
6
15
12
22
20
9
11
11
6
13
8
9
9
5
11
13
6
4
13
20
9
4
9
12
7
6
8
11
9
13
13
6
8
7
5
8
45
13
7
11
13
8
8
9
7
4
9
3
7
4
6
9
4
11
7
4
4
6
11
4
9
9
9
11
9
8
9
14
11
2
4
6
5
15
6
9
7
2
4
6
4
7
13
11
8
4
7
3
6
4
7
15
5
2
4
4
6
4
6
2
9
4
2
4
8
4
6
8
10
6
13
9
7
7
8
4
8
6
6
4
11
6
11
5
4
9
6
2
2
6
4
11
4
9
11
5
4
8
9
5
6
9
6
4
9
4
9
4
4
11
6
4
8
4
5
7
17
4
6
4
6
4
