0
0
0
1
0
4
1
21
2
2
2
2
0
0
24
2
18
0
8
2
7
3
2
2
22
7
0
3
0
0
3
4
4
0
0
0
0
2
2
0
2
4
2
5
0
0
14
0
20
1
14
4
2
1
0
2
2
0
0
0
0
3
15
11
2
1
1
0
5
3
2
6
11
0
2
0
0
2
8
10
10
0
1
0
2
5
19
4
0
0
2
0
4
0
2
18
19
0
2
12
2
0
1
0
2
0
0
2
2
4
0
0
1
0
9
2
0
4
4
2
0
2
32
0
6
13
10
0
4
2
13
2
4
20
4
1
2
12
1
1
0
6
0
8
5
4
0
7
7
0
0
17
2
1
1
4
1
0
0
2
2
4
2
28
0
0
1
7
0
13
5
4
11
3
1
28
2
4
1
4
3
1
0
2
3
6
14
18
4
1
22
0
1
2
0
2
0
9
4
1
52
27
2
0
8
11
2
0
0
2
4
0
16
0
0
5
0
0
0
4
0
0
4
0
0
5
1
6
18
5
2
0
3
0
0
5
0
0
0
0
3
4
2
0
0
0
2
3
9
2
7
0
8
0
0
4
0
4
0
0
2
0
2
2
5
1
1
0
0
0
1
0
4
0
2
6
0
0
2
11
0
0
3
4
0
7
1
2
3
5
30
5
3
0
0
94
0
2
2
0
2
7
0
10
4
4
0
4
5
18
36
0
0
6
0
2
2
1
9
15
23
3
0
2
4
4
29
2
2
0
0
13
4
0
0
5
5
0
0
0
4
0
9
7
5
2
0
0
7
2
4
0
2
0
0
5
0
2
1
0
0
0
7
0
0
3
0
0
6
12
3
0
7
2
16
2
15
0
5
5
24
20
8
4
2
0
0
54
1
3
0
4
0
4
22
65
0
5
2
0
2
20
15
0
6
0
0
1
0
0
19
0
0
0
4
0
3
3
3
2
18
4
25
6
4
2
0
22
4
7
1
2
0
2
13
0
9
0
17
2
2
2
5
2
2
3
1
0
30
0
13
0
2
0
17
2
2
2
4
5
4
0
5
3
20
4
0
2
1
3
5
12
0
0
2
2
6
0
0
7
2
0
2
0
0
2
0
5
0
0
2
0
2
4
2
2
4
3
0
1
7
0
0
0
5
0
9
7
0
8
4
3
0
0
2
5
6
4
22
3
4
4
3
2
10
3
23
4
2
2
9
2
0
1
1
0
1
21
2
2
0
0
3
0
2
19
0
4
0
6
6
9
22
1
35
22
0
24
6
0
2
35
2
5
4
3
4
2
2
15
4
0
7
4
0
7
2
6
0
0
12
0
4
4
4
2
0
2
0
21
5
2
0
1
9
0
6
2
0
11
12
6
3
0
2
3
1
0
3
0
31
1
2
1
4
5
11
5
0
3
2
0
16
0
0
2
4
0
46
5
0
34
0
0
21
6
7
7
0
3
2
17
2
2
4
6
29
1
4
18
11
4
0
31
2
4
0
2
4
11
0
0
2
0
6
4
3
6
1
7
9
0
2
6
0
3
17
18
18
0
1
8
4
4
0
1
0
2
2
0
0
18
8
0
0
11
3
0
0
2
5
7
0
25
2
16
2
4
5
0
3
7
4
2
3
0
7
5
1
2
0
13
4
10
40
0
3
14
2
0
0
0
0
2
0
2
0
25
1
7
0
21
0
1
0
0
4
17
0
23
11
5
2
11
3
0
2
0
2
2
2
0
0
10
5
0
2
3
10
2
2
0
11
27
93
0
2
4
6
19
7
0
12
0
2
48
0
2
4
0
3
0
1
2
0
0
0
1
3
0
0
0
0
0
3
27
9
7
38
8
37
6
0
0
2
2
1
0
1
0
0
2
6
12
1
2
11
0
22
2
7
4
2
2
0
30
26
20
10
11
0
2
2
26
2
0
5
0
6
3
0
2
0
0
4
9
7
30
35
7
2
3
2
2
0
1
5
0
0
2
2
11
7
1
4
5
6
0
0
0
5
2
0
0
0
1
1
0
6
1
0
0
13
0
0
0
6
12
0
2
2
0
6
4
9
0
0
49
0
1
0
11
0
0
7
2
5
4
0
0
2
0
2
2
9
2
2
28
4
0
5
0
0
6
20
1
6
0
0
0
0
12
0
0
7
21
0
2
14
0
0
0
0
99
0
2
2
0
1
1
0
0
6
11
9
0
1
0
3
0
0
2
0
9
6
0
1
2
0
0
0
4
0
2
0
0
2
2
0
2
0
0
0
2
5
0
4
13
6
17
6
4
4
17
0
2
0
22
0
2
4
0
22
0
28
0
11
16
14
24
14
3
0
4
4
2
41
7
0
4
4
0
2
2
10
4
16
5
12
3
2
7
0
2
0
0
2
2
2
2
2
0
1
0
7
1
4
0
0
0
2
0
0
0
6
0
0
4
0
0
2
2
0
1
4
6
4
9
0
2
0
1
0
0
0
0
2
4
0
4
5
24
0
0
0
2
9
0
0
2
0
1
0
2
0
5
0
0
2
2
4
0
7
0
37
7
1
2
6
0
7
2
0
2
9
0
0
8
2
5
6
2
1
2
2
2
2
2
2
7
4
0
1
2
5
0
0
1
2
2
0
0
0
2
0
0
2
2
2
0
2
2
0
0
2
0
0
0
0
0
0
0
0
0
2
0
2
4
0
0
0
2
0
0
2
2
2
0
2
0
4
0
7
0
2
6
6
2
1
0
4
0
0
0
0
0
0
2
0
0
5
0
0
0
0
8
6
0
2
0
9
2
0
6
2
0
2
2
6
0
0
2
2
0
3
0
0
0
0
0
0
2
2
0
8
0
2
2
2
6
0
0
6
6
3
0
2
1
0
0
6
2
0
4
5
4
10
4
0
0
2
0
0
0
0
2
5
4
2
0
0
0
4
0
0
2
0
2
2
0
2
4
0
6
2
5
0
0
0
8
0
4
2
5
0
0
2
4
0
0
2
4
34
2
0
2
2
0
0
2
0
2
2
0
2
2
2
13
4
5
3
3
2
6
5
2
0
2
4
0
6
0
2
0
0
2
0
4
2
0
0
8
4
2
2
2
0
2
0
0
2
0
2
4
6
2
38
2
0
0
0
4
2
0
0
0
4
0
6
0
2
2
4
0
4
4
0
5
2
7
0
0
0
0
2
0
4
4
4
0
0
0
0
0
4
2
0
0
0
48
2
5
0
2
4
76
2
4
0
0
2
0
32
2
2
3
0
0
0
0
2
2
0
4
0
4
2
0
2
1
