6
10
2
4
6
8
12
4
8
14
10
2
6
14
6
4
12
12
2
6
4
6
8
10
4
12
8
2
6
12
14
10
8
10
10
6
6
8
12
6
18
2
8
12
4
12
10
18
10
2
4
0
10
12
6
10
4
0
2
16
16
12
6
6
12
2
8
12
6
8
8
12
10
12
4
2
10
10
0
6
2
19
6
20
12
6
4
27
6
8
14
2
10
10
16
16
12
18
6
6
18
10
6
8
12
6
14
16
6
10
6
14
10
6
6
4
14
8
6
4
18
14
14
18
12
10
8
14
8
16
2
12
20
8
22
8
4
12
8
8
12
17
6
12
20
10
14
12
6
18
10
16
22
8
16
16
4
10
12
10
27
12
8
8
31
16
10
21
8
10
16
20
14
18
6
14
12
14
12
20
20
14
10
10
12
14
22
26
22
14
8
16
12
14
10
18
8
14
14
27
4
14
12
10
16
8
16
16
16
19
6
10
12
16
18
14
12
16
18
22
22
8
10
12
27
10
10
8
23
10
8
8
8
6
6
14
22
8
16
18
10
12
18
14
8
2
18
35
16
10
6
14
18
6
14
20
8
20
18
4
14
12
6
4
10
6
18
6
18
8
6
12
20
4
12
4
10
12
14
20
12
8
8
4
16
14
16
12
10
10
21
10
12
13
10
4
6
4
8
12
2
4
8
12
4
4
10
23
2
10
6
10
6
6
6
4
4
15
15
15
6
15
11
13
12
8
4
4
6
8
15
4
6
7
17
10
6
17
12
14
10
8
13
8
10
6
21
10
9
10
15
6
12
19
6
12
6
8
9
12
15
14
14
6
8
9
23
10
12
13
10
8
10
29
4
4
6
15
12
8
8
8
6
15
14
25
6
6
6
6
15
8
15
12
20
6
6
10
4
11
15
10
17
19
17
10
6
10
8
10
14
17
8
19
8
6
15
8
15
31
8
35
10
15
15
12
17
13
15
10
15
15
15
15
8
6
18
17
23
6
6
6
23
15
8
21
27
12
12
12
14
12
14
10
19
8
21
21
17
29
19
10
27
8
6
14
17
22
21
14
17
23
23
12
4
25
19
25
21
10
23
8
17
25
17
29
10
12
19
37
19
18
14
14
8
8
17
10
12
14
22
21
10
12
19
16
24
19
6
19
10
10
21
19
13
19
12
6
23
6
6
16
6
19
14
4
8
10
16
8
14
16
23
14
14
14
4
8
25
14
12
11
10
6
6
8
10
4
27
10
29
8
10
11
10
15
7
14
8
16
15
10
12
8
8
10
33
29
17
4
27
23
10
4
12
16
14
6
8
12
12
6
14
8
10
12
6
10
6
4
17
6
27
6
8
8
16
4
10
4
14
4
6
6
10
12
12
6
8
8
10
6
10
10
4
6
6
27
6
8
10
6
31
14
6
6
2
8
4
2
12
10
2
10
4
10
12
6
6
8
10
4
6
2
10
12
6
8
15
8
4
8
14
16
12
8
37
2
13
19
6
10
16
17
8
10
8
6
6
6
6
8
16
10
12
11
4
21
6
18
8
6
10
6
10
12
8
17
8
12
12
41
14
10
12
19
17
10
10
12
4
15
14
10
14
13
12
17
15
4
6
12
10
11
12
8
12
13
10
16
8
12
12
11
4
12
16
14
10
12
10
12
4
19
15
6
8
4
6
17
12
17
6
8
10
6
14
20
15
6
10
15
14
8
6
16
10
6
12
10
8
8
8
8
37
8
8
8
4
6
11
16
8
14
10
6
15
12
12
17
8
6
8
10
14
15
6
4
43
21
6
8
2
6
4
4
10
8
2
8
4
10
6
12
19
4
6
2
10
12
6
4
10
17
8
12
10
17
2
17
4
6
4
4
19
10
6
10
8
0
19
8
2
2
2
0
6
4
4
0
4
0
4
4
8
2
0
2
0
0
4
0
6
4
6
12
4
4
2
2
2
0
0
6
8
10
4
0
4
14
10
2
4
0
2
8
6
4
4
0
4
10
4
2
10
6
2
16
0
2
4
2
0
4
0
6
0
2
2
0
2
4
8
8
4
6
4
4
4
8
6
6
6
8
4
6
6
0
6
6
6
14
10
4
4
6
14
0
10
10
4
6
8
10
6
10
10
4
4
6
6
4
4
8
6
10
13
12
12
14
8
8
13
8
12
14
8
17
4
18
13
14
8
8
16
21
8
17
8
10
12
8
10
6
8
12
10
10
6
12
10
17
12
14
10
8
10
8
21
10
10
8
4
4
8
10
8
16
10
8
8
8
17
10
16
6
14
6
21
12
6
6
8
10
12
19
10
10
16
12
17
8
16
4
14
6
16
2
16
6
15
15
8
21
16
17
13
16
6
4
4
4
4
14
12
8
6
25
29
10
6
8
23
12
14
21
11
19
8
8
14
12
19
23
10
19
6
14
12
21
17
14
17
16
6
6
16
19
8
6
6
10
6
10
8
8
6
21
10
10
12
6
4
8
6
8
12
14
4
8
4
8
17
10
12
14
4
2
6
6
14
14
4
6
8
8
10
2
4
4
14
2
4
4
4
6
6
4
8
43
2
4
8
0
6
4
4
2
8
6
0
4
10
6
4
2
7
2
4
6
6
2
12
12
16
8
12
12
14
12
10
14
10
10
18
10
14
4
14
16
6
15
17
8
10
4
8
8
19
10
12
4
21
16
10
8
8
4
4
8
6
2
6
14
4
6
6
12
12
9
14
2
17
6
4
10
2
12
6
10
6
14
6
8
4
8
6
10
10
10
12
10
11
25
12
8
16
12
8
10
0
12
6
10
8
4
6
21
17
6
15
12
4
18
11
4
15
42
8
14
6
10
8
15
17
2
4
6
29
10
10
13
12
10
14
17
12
12
10
8
10
12
4
14
12
37
14
10
12
10
8
15
10
2
14
8
15
8
22
10
10
11
10
12
6
8
17
8
12
8
12
10
12
10
12
2
8
14
14
12
9
4
10
8
14
11
15
19
16
12
8
17
12
4
6
13
17
4
9
8
12
10
19
6
6
4
10
23
12
8
6
12
14
23
12
10
12
10
17
2
4
10
19
2
6
16
12
17
8
35
16
10
6
14
6
12
8
19
15
6
12
12
10
14
12
4
4
23
8
14
27
10
6
10
10
8
8
8
8
8
6
14
8
10
8
6
2
4
2
19
2
4
8
4
4
6
8
10
31
8
14
0
2
4
6
8
8
10
4
12
4
8
10
4
10
8
12
14
14
6
2
4
12
4
12
6
14
8
6
10
