6
19
0
2
4
6
6
4
2
2
4
0
6
4
2
4
10
8
16
4
2
6
4
6
8
2
22
6
20
2
2
4
2
4
2
2
6
4
4
2
6
4
8
2
4
4
2
4
8
4
18
2
2
2
4
4
0
4
8
4
4
4
4
2
12
14
2
2
0
2
4
4
0
2
4
4
6
4
2
0
2
6
2
2
6
12
33
4
8
4
22
4
24
4
0
2
4
10
2
2
12
20
0
2
2
2
6
6
4
12
4
2
4
4
4
4
2
6
6
4
4
4
4
2
4
2
6
0
4
2
14
6
2
6
27
6
23
2
4
4
2
6
10
4
4
4
4
2
2
2
2
6
2
6
37
31
2
23
6
10
4
6
8
6
8
4
4
2
4
14
2
2
2
2
6
2
4
4
4
2
4
6
4
6
8
2
2
4
6
31
2
12
2
4
6
4
4
2
4
8
4
14
4
31
27
4
10
10
4
2
6
4
4
4
2
2
4
2
2
33
16
4
18
6
4
4
4
2
2
6
4
4
16
2
4
4
2
2
12
4
4
4
2
2
8
4
4
4
4
2
2
10
8
4
0
0
6
4
4
4
0
0
0
2
0
0
4
6
6
6
2
4
4
4
2
4
2
4
6
2
14
4
2
4
6
10
8
4
6
12
4
10
2
8
4
16
6
6
2
6
8
10
4
6
8
6
10
8
10
4
4
10
10
2
6
10
10
6
6
10
10
8
2
8
6
2
10
4
4
27
6
8
6
8
4
8
4
2
2
2
4
6
6
8
8
18
2
14
2
6
23
10
8
23
14
16
6
8
29
12
8
10
10
10
12
10
21
12
10
14
6
10
14
8
12
12
6
18
18
20
10
12
25
8
25
12
14
8
2
6
18
16
25
8
16
10
33
14
22
6
8
14
8
12
8
8
8
8
14
14
8
10
23
10
8
16
6
20
20
8
6
8
8
18
23
8
12
29
10
10
8
10
29
23
14
17
6
8
10
12
10
12
10
4
2
4
8
2
6
6
4
6
4
6
4
6
4
4
4
4
4
2
6
6
4
4
2
4
4
6
6
2
2
6
6
8
2
4
6
27
2
4
6
4
8
4
6
4
2
2
4
2
6
4
29
6
2
4
2
4
2
4
2
6
6
4
4
2
2
0
0
2
2
2
10
4
2
2
0
2
4
4
2
4
2
2
4
2
6
4
4
2
6
2
4
4
4
4
2
2
4
4
4
2
6
4
4
4
2
4
2
6
4
6
2
8
2
8
6
10
4
4
4
6
2
8
4
4
6
8
6
4
8
4
2
4
17
13
13
4
13
15
10
12
15
19
6
6
6
6
0
10
6
4
10
11
10
8
6
6
4
8
2
13
0
8
10
13
10
8
10
12
8
11
6
2
6
8
2
10
8
8
15
8
13
12
8
12
12
11
6
8
6
9
6
11
12
29
10
13
15
12
8
15
12
11
8
15
6
10
17
6
19
10
10
10
15
13
6
12
6
10
10
12
11
42
12
25
19
17
13
12
13
0
8
4
10
10
13
6
15
10
11
10
15
19
21
23
10
11
10
6
11
23
17
0
10
23
8
38
15
11
11
15
15
13
10
19
13
8
10
11
10
11
12
10
8
13
8
21
8
10
29
10
11
10
6
8
13
19
8
10
15
13
10
13
12
52
13
10
33
48
15
17
12
17
10
13
10
29
8
19
8
15
12
28
19
11
17
23
40
12
15
19
25
18
8
12
13
11
10
13
15
4
21
8
6
8
10
23
4
15
10
12
8
13
12
4
19
13
10
8
4
4
10
12
8
13
10
8
10
8
13
19
6
15
11
10
13
43
8
13
8
12
12
8
10
2
4
13
10
11
12
8
11
13
12
6
13
11
13
6
17
6
2
10
10
15
17
8
15
17
17
10
17
19
17
19
10
6
11
13
11
13
13
15
19
15
11
19
11
21
13
13
6
6
6
0
13
5
8
6
6
11
10
4
5
17
10
10
5
9
2
11
6
4
6
8
4
4
8
8
4
11
4
6
6
4
7
8
6
5
2
8
12
8
5
7
8
5
14
4
10
10
15
10
4
10
6
8
6
6
9
9
5
8
8
7
6
8
5
6
10
8
4
4
8
9
13
12
9
4
7
5
9
8
6
13
4
4
8
10
8
8
34
7
5
11
13
8
13
8
6
11
6
8
8
8
8
7
6
9
15
5
8
10
10
6
15
8
12
8
10
11
6
15
6
10
21
10
13
23
8
5
6
7
12
8
8
16
8
12
13
17
15
11
13
9
11
12
12
11
12
10
4
15
13
11
13
13
12
10
12
6
23
10
8
8
12
15
21
4
17
13
10
13
8
19
8
10
13
8
15
10
6
6
15
13
15
13
23
12
6
12
13
13
19
21
12
17
13
15
6
15
19
12
17
4
19
19
6
12
12
10
10
12
8
13
8
10
6
6
6
10
6
6
12
6
13
10
12
10
10
15
15
8
6
45
16
8
6
4
10
2
4
13
15
8
17
8
17
12
10
15
13
12
4
6
6
12
8
4
12
6
13
10
8
6
4
8
19
21
6
8
4
11
21
12
17
15
11
12
10
8
6
4
14
15
4
6
21
12
4
2
2
2
2
8
0
2
2
2
2
4
0
0
2
2
6
2
4
0
4
2
0
4
0
4
2
11
2
2
4
2
2
2
4
7
4
4
4
4
4
4
4
6
4
10
2
7
6
2
6
2
4
6
2
6
4
3
5
6
2
6
6
0
4
4
2
8
4
8
10
2
4
6
7
6
10
6
7
7
8
6
8
5
4
6
7
8
4
11
12
12
4
12
8
10
13
13
6
8
6
8
6
6
15
15
13
12
7
12
21
6
11
9
7
11
2
8
8
8
11
8
12
22
4
12
10
9
17
5
11
12
6
12
4
8
6
6
12
11
7
8
17
8
8
15
4
8
10
23
35
8
4
7
13
19
14
8
11
9
15
10
23
21
12
6
4
10
13
17
12
12
9
13
13
10
10
5
7
6
2
2
9
13
11
10
12
4
8
6
6
12
12
12
13
10
5
6
7
3
4
11
6
15
15
6
12
13
8
4
11
10
8
6
12
8
15
10
6
7
12
4
11
13
10
13
6
6
8
9
6
6
4
11
4
5
0
0
0
4
6
2
8
9
4
5
13
12
12
4
4
8
6
6
8
6
6
6
6
8
6
10
2
5
4
8
4
6
11
2
7
2
8
4
6
4
5
4
4
7
7
5
2
6
6
9
2
2
