10
10
10
8
10
8
18
8
10
6
10
6
10
4
6
6
4
8
8
6
4
12
10
10
14
18
6
14
14
12
6
10
10
6
14
8
10
10
14
6
8
6
8
8
6
19
6
6
10
17
10
8
6
6
16
8
8
8
14
16
14
16
8
12
8
14
8
8
14
4
10
14
8
4
12
21
18
18
12
19
16
19
12
14
16
10
10
18
12
16
4
6
19
6
31
10
16
6
14
17
14
8
16
12
8
10
21
8
14
12
27
16
10
4
20
12
8
27
10
8
18
10
16
8
12
8
8
6
8
8
18
18
17
21
21
14
19
16
12
8
6
21
14
10
18
14
18
12
14
21
19
12
21
19
10
16
23
10
16
10
12
18
8
8
23
21
6
8
16
12
12
27
14
17
21
23
18
16
12
18
12
10
8
12
19
12
19
18
17
16
19
22
12
21
14
16
18
16
27
21
12
12
10
8
19
10
14
8
8
14
6
12
8
10
16
14
8
14
18
31
10
16
12
6
8
8
12
14
8
21
6
4
12
21
12
19
8
6
6
14
6
6
16
10
23
14
12
18
14
19
16
10
10
6
14
12
10
8
8
10
14
8
10
14
8
8
12
16
18
10
19
23
12
14
16
14
8
12
19
10
17
10
10
6
6
16
10
8
6
0
4
6
6
6
4
4
10
6
6
4
2
2
8
4
2
4
6
4
8
4
10
8
10
8
8
10
6
10
6
6
8
8
6
8
12
2
2
12
14
6
8
8
12
6
19
14
12
17
10
12
8
10
14
14
23
10
6
6
27
14
14
12
14
27
29
18
17
10
6
10
18
14
19
6
14
12
10
16
33
19
29
8
14
10
12
10
10
16
27
14
25
10
12
8
33
25
14
29
23
25
27
23
18
12
14
19
25
27
29
12
25
12
21
47
41
29
12
20
18
27
35
49
31
19
37
27
35
19
29
29
17
21
35
16
19
31
39
39
10
33
12
10
14
6
16
21
10
23
41
21
17
35
19
19
29
8
37
14
18
4
35
14
8
60
27
16
27
8
10
33
8
37
10
10
23
21
35
17
31
4
16
21
10
27
6
10
10
27
10
8
23
47
19
25
17
8
33
20
25
37
21
10
27
6
10
17
35
8
29
10
16
16
14
23
6
33
19
12
19
21
12
20
16
19
25
23
23
17
16
21
12
16
16
16
27
16
16
16
8
21
14
8
16
18
10
25
8
14
27
25
16
8
16
8
6
23
10
19
27
27
25
14
14
14
8
14
10
14
14
10
10
16
17
18
16
4
6
4
8
8
10
6
12
16
23
4
6
8
8
10
6
8
2
8
6
10
2
4
6
2
6
6
10
6
6
12
10
10
4
4
4
6
8
6
6
6
2
8
8
4
6
8
6
4
6
10
6
12
8
35
4
4
2
6
8
6
8
8
4
6
2
6
12
10
10
6
6
2
2
10
7
6
8
6
8
10
8
12
12
10
2
6
6
2
6
4
4
8
4
10
2
6
8
6
6
4
8
2
10
6
4
8
4
4
8
8
6
6
4
6
8
8
8
8
4
10
4
6
12
10
10
6
4
14
2
10
16
8
8
8
10
8
4
4
4
6
4
2
10
6
10
6
4
6
14
8
8
10
8
4
10
10
10
6
8
4
8
8
4
10
8
8
12
6
8
10
12
14
8
8
6
16
6
4
2
4
8
4
8
10
8
10
6
8
10
12
8
4
10
12
4
6
12
10
8
12
10
8
10
8
6
12
8
6
12
8
6
8
12
10
6
10
8
14
4
8
6
16
4
8
8
8
2
6
12
6
9
12
12
12
4
4
12
8
6
8
8
10
6
8
8
8
8
12
8
14
6
6
8
10
4
8
8
6
6
8
10
4
14
4
17
6
6
6
4
58
10
8
2
6
8
6
8
2
8
6
18
6
10
6
6
10
12
8
8
12
17
6
8
21
4
2
14
8
6
10
12
10
10
10
6
16
18
10
6
6
8
6
4
16
17
8
8
6
8
8
12
19
4
6
10
6
8
14
4
19
16
6
6
8
8
8
8
10
10
14
4
14
8
4
14
8
6
10
10
6
6
4
4
6
6
6
2
4
6
2
2
6
6
10
8
6
4
6
8
6
12
18
6
4
10
6
45
8
10
14
10
10
10
10
4
6
16
10
8
8
12
14
2
10
4
17
14
10
12
6
4
10
12
6
8
12
12
16
10
15
14
6
21
12
10
27
12
12
10
10
14
10
10
19
16
8
10
19
6
10
10
18
12
8
12
12
12
12
6
6
10
6
6
8
10
10
12
12
6
16
2
8
10
8
14
12
2
8
17
8
10
10
8
8
21
10
19
8
14
12
50
8
8
16
14
12
12
23
12
6
10
6
15
12
8
10
12
12
10
6
6
8
10
8
7
16
10
12
12
14
6
43
6
12
12
6
6
10
10
16
8
6
10
6
10
14
16
8
4
4
8
16
10
8
6
4
4
6
4
6
7
8
4
10
4
8
8
6
6
8
6
4
8
4
2
8
8
2
6
2
8
6
4
4
2
2
2
4
4
6
2
4
0
2
4
2
0
0
2
0
2
4
2
0
0
0
2
8
0
4
2
0
4
2
2
2
6
8
6
6
6
4
7
10
9
8
6
4
6
6
6
11
6
8
8
6
6
8
8
6
6
11
6
8
13
8
2
10
4
10
6
4
8
6
6
9
4
6
8
2
7
6
4
4
2
6
8
6
6
9
8
6
8
8
4
2
6
8
2
2
6
11
6
6
4
13
6
4
4
8
8
8
8
8
9
8
8
4
6
11
9
2
2
2
8
9
6
6
8
11
8
13
6
9
6
8
9
8
6
4
9
6
4
6
6
4
6
4
9
8
6
62
11
6
6
8
6
7
6
4
9
6
6
6
2
6
2
0
8
6
4
8
7
8
9
8
8
4
9
4
8
7
8
6
4
7
6
4
6
6
8
11
2
6
9
6
4
8
7
4
6
9
8
11
6
11
6
4
9
4
2
9
8
9
9
4
2
9
7
4
6
6
4
8
4
9
2
11
6
2
7
9
4
7
8
9
11
6
6
4
9
11
7
6
5
5
6
6
9
6
6
9
7
11
6
6
6
8
7
4
4
2
4
4
21
6
6
6
4
9
7
4
6
17
4
6
6
6
6
2
6
9
13
7
7
9
8
9
8
6
7
9
7
4
7
5
7
2
4
2
2
6
11
4
2
7
6
2
7
11
2
2
4
7
4
6
6
2
2
2
2
4
11
4
