4
32
49
20
21
40
33
22
36
41
34
57
6
46
28
5
7
26
21
39
35
42
46
2
24
34
0
26
49
35
17
40
40
25
10
5
36
79
4
34
29
6
23
37
29
19
4
38
65
34
34
27
41
2
6
41
32
7
8
27
40
4
20
31
27
33
5
36
57
29
30
8
39
19
5
46
50
45
28
47
57
45
43
31
23
35
4
46
30
34
4
23
25
35
37
32
65
36
4
3
27
36
40
32
20
32
72
4
30
38
2
9
27
44
2
15
32
75
0
11
22
74
2
33
18
45
8
47
30
32
3
39
39
23
6
37
39
20
20
9
37
33
19
25
31
18
32
6
42
16
30
30
7
58
33
30
37
37
18
21
16
40
44
28
29
27
33
7
2
4
36
58
7
23
68
20
28
3
30
21
61
35
60
36
74
40
40
33
19
4
60
28
30
25
43
17
23
23
28
19
24
7
31
50
39
16
24
43
21
27
2
40
41
7
2
25
20
10
42
22
42
37
2
29
42
25
43
4
33
41
48
26
7
35
33
27
38
62
29
7
47
45
24
4
21
34
18
32
25
50
58
23
31
42
27
39
2
42
39
38
8
2
31
38
7
13
59
50
31
16
32
40
34
46
32
47
6
25
25
23
31
66
15
8
5
7
53
30
4
31
10
7
10
27
40
29
35
75
28
25
48
54
6
7
8
4
7
22
48
24
41
20
34
40
25
39
17
5
4
0
34
13
18
27
28
47
8
15
45
44
5
35
43
47
27
4
46
37
4
2
41
26
6
14
40
29
31
11
44
44
6
2
39
69
30
35
30
6
3
3
29
26
5
2
39
22
8
33
38
27
27
63
51
31
29
31
73
7
38
13
34
9
33
42
22
25
38
33
34
37
41
15
31
33
43
36
4
31
38
55
22
22
39
28
10
8
42
62
32
26
46
17
30
26
35
19
68
29
30
70
57
13
13
37
54
22
31
39
58
7
32
32
15
5
29
49
26
32
6
45
34
10
33
9
39
27
36
29
6
28
24
34
23
6
7
49
85
27
17
31
24
29
22
44
60
9
11
42
4
4
19
41
20
4
21
33
35
27
23
26
6
41
62
23
6
5
6
30
24
2
8
35
4
7
4
21
48
28
28
28
45
10
5
31
66
27
22
45
42
34
22
42
46
30
38
27
25
48
53
38
32
6
45
44
24
2
26
69
4
6
51
40
32
26
45
7
5
10
28
29
4
6
36
23
6
28
26
30
39
10
34
31
8
28
49
5
7
10
35
40
10
9
36
6
5
5
29
56
35
4
47
34
6
6
37
33
2
51
33
18
24
23
10
4
9
24
36
12
41
49
54
4
32
17
27
5
5
5
2
20
25
7
11
36
26
5
6
2
5
7
5
22
18
34
32
26
31
46
4
8
5
2
8
22
24
11
5
18
4
4
2
24
25
5
13
18
19
17
14
32
6
5
9
10
6
5
5
25
19
26
28
34
35
5
4
8
2
7
7
25
14
29
19
42
31
35
7
9
30
5
47
19
45
12
15
33
3
9
10
7
2
27
34
25
28
33
31
17
31
30
42
6
6
53
6
26
33
39
36
15
30
34
8
5
31
29
3
17
33
18
34
5
4
30
25
29
14
36
36
14
22
6
33
19
21
17
29
19
5
42
7
20
7
2
1
26
15
7
6
52
15
28
27
24
44
28
20
41
32
21
14
5
22
43
12
30
28
16
28
14
27
41
25
20
29
36
45
24
33
42
37
41
16
39
53
28
20
20
29
33
4
11
42
31
47
35
23
29
9
27
31
31
46
6
21
49
5
8
27
15
34
31
36
14
24
4
45
31
32
7
9
37
19
20
5
31
15
17
15
46
25
7
6
43
9
2
2
44
34
7
51
28
24
5
28
25
31
60
58
21
28
25
27
22
52
4
30
20
27
46
37
31
4
28
33
34
7
4
28
35
6
26
21
6
7
7
53
9
7
50
15
14
6
6
9
2
8
9
5
9
10
5
8
35
35
6
9
44
9
8
2
43
6
7
60
37
19
5
5
2
6
75
92
5
16
25
26
5
56
18
2
6
47
18
4
9
22
9
4
4
8
9
12
49
13
7
11
10
17
8
36
4
15
23
38
3
5
18
8
4
82
12
17
9
22
65
4
2
30
39
34
8
12
2
11
17
50
2
8
25
49
2
27
36
12
15
9
6
4
8
7
6
6
10
3
11
10
12
23
6
12
5
6
11
2
7
6
71
6
8
64
2
2
9
8
13
7
8
4
4
7
26
4
4
10
6
9
45
33
14
16
67
0
6
7
31
45
24
16
44
76
26
6
10
42
32
17
32
38
27
43
17
6
16
22
48
41
6
19
37
18
34
2
51
28
27
24
21
23
25
22
1
29
13
41
31
24
23
10
3
27
28
13
17
30
24
22
27
25
31
4
17
32
36
18
60
4
37
29
35
28
23
23
9
21
2
52
29
22
18
15
19
34
36
35
32
39
9
5
41
83
16
14
20
32
8
24
30
25
62
31
29
38
54
15
12
25
15
29
29
6
35
16
23
3
35
14
52
30
29
21
53
4
27
28
22
26
3
44
4
9
6
2
31
24
2
16
57
36
8
4
17
28
4
2
29
29
6
12
29
45
7
6
36
5
4
28
41
7
8
34
37
4
2
46
37
3
14
4
0
39
23
2
2
36
24
3
26
29
4
4
19
4
0
28
24
2
5
39
33
7
4
24
32
4
2
34
38
4
36
2
2
26
29
0
2
36
42
2
10
37
42
0
35
36
2
9
43
40
4
47
46
10
4
37
28
4
4
30
2
6
4
29
49
2
32
17
4
4
7
31
4
29
40
2
34
35
6
6
51
4
4
4
28
4
4
37
31
4
34
28
6
4
32
17
11
50
28
7
5
32
2
7
2
5
43
5
5
6
31
2
6
36
4
2
35
26
27
6
33
49
5
4
37
33
0
15
28
7
3
28
6
12
2
31
41
2
4
31
25
2
4
30
33
2
4
46
26
2
8
35
30
8
5
45
25
40
52
20
7
2
5
6
4
4
45
30
8
2
34
39
0
7
26
30
6
2
37
7
0
29
36
27
28
36
25
2
4
32
2
2
46
35
20
29
18
24
19
23
30
30
15
0
43
30
4
39
35
6
13
27
46
3
57
35
4
26
27
7
4
2
40
37
0
37
2
3
31
67
6
32
43
27
4
3
5
4
9
36
31
4
5
4
38
5
34
40
0
5
44
0
7
9
36
4
7
6
5
4
47
