10
47
25
12
14
37
18
10
16
18
33
16
12
22
18
10
14
10
16
27
16
29
18
16
12
31
10
18
23
31
16
25
14
12
20
18
16
25
16
25
20
20
16
31
18
31
18
14
18
18
20
18
18
16
22
49
24
20
24
24
27
22
27
12
27
22
53
16
25
27
18
18
20
22
22
10
23
23
20
18
23
16
39
24
10
12
22
16
18
20
18
45
12
37
24
16
20
25
18
14
29
20
27
18
29
14
18
22
20
12
20
18
25
18
12
24
22
23
41
10
18
8
18
16
22
18
18
16
33
18
22
22
27
33
16
16
16
16
16
20
22
27
27
18
12
18
24
14
18
31
10
33
25
16
18
33
12
20
22
14
25
29
43
20
33
18
16
41
27
14
16
35
12
29
27
22
41
12
47
14
16
16
35
25
12
14
18
27
29
22
10
23
20
12
35
22
16
14
23
22
22
24
25
20
24
29
20
12
39
35
22
33
31
20
29
27
16
12
16
14
24
29
31
47
22
16
16
25
27
21
27
45
31
39
20
14
27
67
51
22
25
25
24
57
27
35
33
16
24
37
16
10
12
14
22
18
16
16
16
12
14
18
22
27
24
31
16
12
14
22
16
22
43
12
12
57
18
23
10
10
14
18
16
22
12
16
22
16
17
27
8
17
8
8
13
21
19
8
14
10
21
25
15
8
13
19
15
15
12
10
10
12
12
15
10
10
12
19
19
19
10
13
15
25
12
13
13
13
12
19
10
10
15
10
12
14
15
12
10
10
10
12
35
13
10
12
14
8
15
29
14
10
19
19
15
14
10
13
17
21
12
13
10
10
17
25
15
19
19
21
21
12
14
12
10
17
27
14
14
13
35
19
17
15
25
15
27
17
23
14
27
23
33
15
29
23
23
27
10
19
17
10
12
23
10
15
17
13
27
12
14
33
17
17
23
19
15
23
25
23
17
17
13
15
21
15
12
17
23
23
33
23
17
17
19
23
19
21
15
27
17
23
23
23
21
23
31
21
19
29
17
21
29
15
23
10
35
14
42
19
13
25
35
29
13
33
23
15
38
21
13
15
34
17
10
10
33
19
38
25
31
13
10
27
25
13
21
15
19
17
10
19
21
15
12
17
8
27
21
13
19
15
21
25
17
19
12
13
13
15
23
21
17
13
21
19
25
23
15
32
17
23
17
21
33
8
15
23
17
23
15
37
13
10
17
25
31
11
13
29
12
12
8
8
17
17
15
17
19
13
15
27
21
23
35
13
17
19
21
25
25
25
29
17
17
31
19
15
13
15
15
23
15
21
31
21
15
19
8
8
17
11
10
46
17
10
21
12
8
46
13
10
10
17
15
46
10
10
14
15
12
13
8
10
23
15
12
14
12
12
17
17
23
13
15
12
11
13
14
12
10
23
21
6
12
17
10
10
11
12
17
17
12
12
23
13
13
15
13
17
15
6
15
10
15
17
37
17
23
14
17
23
6
17
13
17
15
21
8
8
14
13
6
19
12
15
8
19
10
13
10
10
14
0
33
8
8
15
13
14
13
14
12
12
13
13
19
21
17
19
15
15
13
15
21
17
27
10
23
15
17
29
15
23
15
10
23
27
17
15
17
33
11
13
29
23
12
19
12
29
27
17
10
15
23
10
21
6
6
10
15
19
17
21
23
21
10
8
23
35
35
15
31
12
29
23
10
37
25
41
23
31
12
15
25
25
17
33
17
21
15
21
10
27
21
15
19
21
31
13
21
23
32
12
19
15
14
10
21
31
14
23
23
27
12
23
19
13
25
8
10
19
19
25
23
17
17
25
13
29
23
19
21
17
27
15
15
17
19
10
10
17
19
17
17
19
19
17
19
13
13
25
27
25
17
14
13
19
31
12
23
21
17
15
12
10
14
8
13
13
14
12
17
10
12
23
17
10
13
21
21
29
17
15
23
15
17
14
19
15
16
10
17
15
2
14
4
6
4
7
4
8
21
6
2
4
12
8
8
2
10
6
8
10
2
6
6
6
4
15
10
4
6
4
14
6
12
14
10
4
12
6
6
20
12
8
6
12
18
4
6
12
6
7
8
6
8
8
10
14
12
2
8
6
6
23
15
8
10
10
6
12
4
10
10
8
4
8
20
10
25
6
15
10
12
0
16
18
10
6
10
8
10
10
10
8
13
8
14
8
10
19
8
14
10
16
18
14
10
12
12
10
18
6
18
8
8
12
22
9
20
7
22
10
4
17
37
6
8
8
20
8
4
8
24
10
10
22
29
4
11
12
18
12
14
14
31
14
10
11
10
10
10
18
6
14
6
20
6
10
18
10
6
8
8
14
25
12
10
12
10
14
10
6
6
6
16
9
11
10
16
10
18
15
12
21
19
21
13
10
4
8
20
14
16
10
6
8
8
16
25
24
22
21
8
15
12
8
8
6
7
16
14
6
10
22
18
4
6
2
10
6
8
10
12
8
10
14
8
8
6
4
10
6
10
6
22
10
6
18
16
4
10
22
10
2
8
10
10
12
23
6
2
8
12
6
8
14
13
6
4
6
6
32
12
17
6
8
4
6
8
8
4
8
6
4
6
6
4
4
5
6
4
23
10
14
4
12
8
72
8
12
6
18
8
2
13
6
12
4
6
13
6
18
7
12
10
8
14
8
4
10
10
12
10
9
6
4
14
25
27
10
4
22
6
6
4
6
4
10
8
10
12
8
10
8
4
10
10
6
8
20
6
6
6
2
20
12
6
16
8
10
6
8
6
4
10
8
19
18
12
17
17
10
14
10
8
5
14
10
12
12
14
10
14
12
10
8
14
10
16
12
8
20
9
9
25
27
8
22
10
6
14
8
8
10
4
10
8
8
8
12
8
10
6
10
13
10
6
14
14
6
10
18
6
12
20
6
33
10
6
10
10
10
8
14
22
8
8
6
14
20
35
18
31
8
10
16
12
16
14
12
8
12
78
12
14
8
4
4
12
14
10
8
10
31
23
8
23
10
14
6
16
10
14
12
10
14
12
16
16
8
10
10
12
10
11
8
21
16
20
18
22
16
27
6
10
29
16
14
8
8
8
12
16
10
10
8
12
13
6
6
7
7
17
11
6
12
4
10
10
22
14
20
16
10
10
20
10
9
10
13
6
12
14
18
6
14
7
12
15
4
12
6
8
20
10
8
6
12
0
14
8
6
16
16
16
8
12
4
10
20
4
8
24
6
14
12
4
2
10
20
4
20
8
6
15
4
10
6
8
14
21
10
5
10
6
6
10
9
