12
16
13
22
35
38
27
23
11
22
24
43
37
15
21
17
22
20
33
21
35
30
14
35
9
27
27
22
28
47
46
29
53
50
44
39
52
30
39
25
23
26
17
22
22
46
26
11
77
13
17
9
16
23
20
49
39
40
41
87
34
21
71
58
33
75
41
31
14
52
31
22
19
13
17
9
22
16
46
25
26
23
56
22
26
35
32
37
41
46
32
34
42
43
47
29
41
72
29
53
12
59
42
43
38
36
43
28
43
58
48
48
46
54
56
40
31
39
87
39
22
40
43
55
31
57
36
36
31
40
27
29
18
17
59
55
35
36
33
31
77
38
35
54
15
61
20
67
38
76
23
49
26
51
87
63
45
42
66
75
28
40
44
41
25
40
29
71
64
33
48
64
44
24
10
30
23
22
38
30
61
46
64
25
53
44
38
69
17
29
37
38
26
51
42
57
55
40
36
57
32
47
39
24
30
61
22
28
40
30
53
25
48
35
11
41
23
48
6
20
18
25
20
37
28
33
31
50
39
49
15
49
22
34
35
43
33
42
71
42
23
25
15
39
37
29
28
12
20
47
54
44
54
24
24
27
22
42
30
19
13
22
33
36
26
30
9
29
11
12
18
28
7
9
17
27
30
33
15
4
28
14
20
31
9
11
16
24
27
33
13
20
15
17
22
19
27
82
22
21
18
17
20
44
37
23
30
27
37
72
44
49
37
27
45
72
41
29
53
42
41
69
27
46
52
35
11
64
69
66
33
33
50
59
26
18
27
78
42
46
62
14
35
19
14
21
15
17
23
65
13
10
23
25
22
55
7
19
15
11
19
13
28
21
18
32
16
28
20
26
37
22
22
19
15
18
22
23
15
21
21
22
39
22
19
15
7
15
55
53
35
22
34
11
44
62
15
15
84
49
48
39
66
44
43
67
62
52
45
43
47
61
42
70
28
5
47
32
55
71
54
22
44
41
28
42
44
47
28
27
57
65
37
37
41
56
38
12
46
30
36
17
43
37
38
53
23
44
37
21
40
44
10
11
44
53
20
19
29
94
54
45
62
45
58
56
39
49
51
51
51
39
14
57
45
31
33
49
45
45
31
51
48
24
43
49
45
52
43
67
51
85
35
47
47
32
33
44
33
40
41
55
53
44
50
53
49
20
43
57
52
22
46
20
27
45
9
18
42
50
18
36
37
38
9
20
32
43
58
18
22
27
33
20
19
25
14
45
25
16
31
11
13
9
5
25
18
28
27
29
36
22
22
22
14
22
19
21
35
22
30
37
32
41
33
50
39
18
22
16
35
18
36
39
37
43
19
19
13
13
17
27
8
2
17
11
6
4
11
9
4
7
15
17
15
7
13
9
6
11
15
20
17
13
9
13
15
11
7
15
22
13
11
15
15
17
17
22
19
7
9
19
13
19
19
22
13
26
13
18
22
11
14
11
24
20
22
13
26
29
17
23
42
33
15
22
32
28
28
20
20
14
31
13
30
25
42
21
24
19
19
80
30
24
22
20
30
32
15
19
19
30
50
33
28
71
21
19
26
17
33
57
45
53
35
14
33
35
15
31
17
15
31
45
0
39
17
58
41
21
67
24
37
16
26
20
32
31
9
11
7
19
13
47
24
32
26
20
11
43
46
18
22
24
35
18
19
24
43
28
28
11
30
39
11
53
40
22
7
26
17
20
70
17
37
26
14
21
26
39
14
19
35
38
31
43
38
7
24
32
21
42
29
36
78
22
19
31
44
16
59
40
52
22
23
31
32
11
35
25
19
9
26
39
18
17
45
22
19
26
48
43
13
26
24
22
39
22
20
23
22
12
6
31
13
15
29
10
16
18
39
42
11
17
28
33
20
2
24
9
8
22
23
14
11
24
20
20
25
16
11
16
26
20
31
18
17
15
23
28
24
37
30
36
19
12
26
10
27
24
19
21
45
44
30
26
39
46
38
44
26
20
19
26
16
5
11
28
21
7
11
20
23
9
13
19
23
11
13
18
15
4
17
9
23
19
15
13
24
7
9
30
17
19
9
17
8
24
13
9
8
22
15
21
21
4
2
15
9
22
15
8
30
11
13
5
9
17
8
17
9
7
22
36
9
23
13
17
9
19
13
7
16
12
19
23
17
13
13
9
13
11
11
11
17
21
32
17
15
25
11
16
26
13
24
9
15
9
15
23
24
19
25
15
26
11
31
26
28
14
33
21
34
23
17
21
20
16
23
19
25
28
15
36
34
26
20
27
21
18
18
25
17
21
17
27
30
19
27
26
21
26
19
18
23
41
15
24
9
23
30
16
28
26
17
22
28
15
24
37
30
46
18
25
19
27
11
14
12
29
30
26
15
11
19
22
30
17
24
34
30
22
17
19
22
27
22
21
32
19
15
25
16
28
20
24
26
22
22
24
20
15
25
30
17
30
22
40
19
15
17
12
27
29
23
17
13
20
36
26
9
13
43
33
30
23
30
24
20
13
16
49
6
25
27
25
23
11
60
14
26
32
19
11
9
64
49
25
28
23
8
10
7
26
21
13
17
20
13
16
19
14
11
14
11
13
19
17
11
24
31
7
17
15
16
8
15
17
15
16
13
15
32
25
35
17
13
18
14
9
19
20
15
29
22
30
26
19
27
43
29
20
17
31
57
58
28
19
30
7
9
46
17
33
25
19
35
37
54
39
36
32
43
39
44
20
30
11
22
18
24
13
15
11
22
26
13
21
33
39
21
30
23
62
23
36
50
52
26
46
26
40
56
21
22
16
28
36
11
19
29
37
25
25
27
36
29
27
32
44
32
27
26
33
37
34
18
30
19
40
30
42
50
49
43
47
63
26
46
26
32
26
40
39
31
31
47
38
47
37
48
49
43
56
48
49
38
22
34
24
62
48
61
44
58
32
60
53
47
49
26
43
44
18
36
31
39
31
11
57
44
66
62
47
38
48
52
50
47
66
40
15
64
59
61
49
69
68
48
58
54
73
57
52
59
46
32
23
74
48
66
65
35
39
25
59
40
11
36
55
19
19
61
33
32
35
48
32
40
20
36
47
31
42
46
25
49
19
31
29
30
31
18
62
11
22
13
18
21
36
36
16
31
21
39
24
26
42
21
32
23
24
63
49
42
17
13
30
17
50
34
13
4
41
18
13
9
34
14
27
48
41
16
19
15
11
33
28
23
51
19
17
15
19
57
11
17
11
30
7
55
15
27
17
37
38
28
42
10
13
30
46
14
26
55
18
78
28
20
20
28
11
11
7
17
28
24
9
24
11
