12
4
8
10
8
11
15
9
4
6
9
9
6
15
11
6
6
6
8
10
8
10
10
12
12
10
12
8
10
4
10
12
27
6
6
12
13
11
21
12
11
12
6
8
6
8
19
13
4
8
6
8
7
17
10
15
10
19
17
2
4
8
17
17
8
6
13
13
12
10
8
17
13
17
10
8
11
8
25
12
15
14
8
19
12
15
8
21
21
37
10
12
19
8
17
8
25
12
29
36
17
27
38
31
15
27
15
13
37
12
12
61
10
25
31
56
10
40
10
25
40
39
37
36
27
8
34
17
17
13
11
33
8
40
12
15
8
15
29
33
36
58
21
40
56
13
46
46
65
15
17
48
17
61
54
37
54
60
10
31
60
46
42
8
48
39
58
21
62
34
21
10
54
2
85
21
13
60
21
23
13
48
35
10
37
27
35
27
15
46
13
21
8
23
12
23
10
25
13
23
12
8
15
14
15
46
19
54
25
15
39
13
42
14
69
13
39
27
8
60
33
13
13
8
29
31
13
2
19
4
6
4
4
4
8
2
6
4
10
6
10
4
10
6
6
10
6
8
6
12
8
10
8
6
8
6
4
12
8
8
6
6
8
10
14
8
10
10
6
8
23
4
10
12
8
10
6
6
6
6
8
17
4
12
14
10
8
14
15
11
6
11
13
10
11
13
38
4
6
11
15
10
6
13
12
8
12
13
13
15
4
6
2
8
6
2
4
8
4
8
13
10
10
12
8
12
19
6
10
19
12
8
12
10
8
12
8
6
12
10
8
10
9
12
10
6
10
17
13
13
12
15
6
13
17
21
13
17
17
21
11
6
8
8
23
13
7
8
6
15
29
13
17
17
10
6
13
23
15
4
6
8
6
12
13
13
12
6
13
10
15
13
13
10
15
8
6
21
10
21
10
12
14
6
15
21
13
15
6
17
8
10
8
15
8
13
13
10
15
19
8
8
15
13
15
10
11
15
21
13
11
13
21
10
13
6
10
8
12
8
6
10
15
15
14
12
19
6
10
12
31
12
13
10
10
14
8
23
15
35
15
21
15
15
10
25
10
17
13
19
12
42
4
6
15
10
13
12
10
6
6
21
21
10
12
17
10
8
13
13
15
6
13
13
6
19
17
13
7
13
10
8
23
6
15
15
13
14
12
6
10
13
8
6
8
14
10
4
19
10
6
12
11
10
14
15
13
10
6
8
8
12
15
10
12
10
13
6
12
12
8
12
17
79
10
10
10
17
10
12
9
12
10
15
15
8
19
13
8
10
12
12
15
6
10
6
6
4
10
4
4
21
13
10
12
13
14
12
4
4
13
12
6
10
6
10
13
12
10
12
12
6
14
8
10
8
8
10
17
8
6
6
12
14
8
12
8
14
10
10
6
4
17
12
14
12
10
6
8
10
10
12
4
12
12
6
14
8
10
12
12
13
2
6
14
15
12
6
10
8
15
12
13
8
8
8
8
8
40
4
12
13
10
11
14
10
8
10
10
6
15
10
10
4
4
6
6
12
2
6
8
15
6
8
8
8
6
12
12
12
19
6
12
12
12
10
6
21
10
10
7
12
19
14
25
15
6
10
10
8
4
6
56
12
14
10
8
12
8
27
8
19
12
12
10
15
27
12
12
15
13
15
8
12
14
15
11
8
21
4
14
4
8
10
25
19
4
31
10
23
77
21
19
17
52
10
12
19
29
10
29
21
25
6
15
12
12
23
19
17
17
19
19
21
29
13
17
4
10
21
15
23
17
12
4
10
29
15
8
12
17
14
29
19
15
6
21
12
8
10
12
12
10
13
10
4
10
2
8
4
15
15
12
10
13
10
10
10
12
8
13
10
12
14
15
6
6
8
10
12
17
6
12
6
15
2
15
12
8
10
8
10
19
12
6
10
6
10
10
10
10
10
6
8
8
6
10
4
12
17
62
10
6
12
12
12
19
6
10
10
8
10
19
8
11
4
4
4
2
12
14
4
4
6
6
8
0
2
2
2
10
0
2
4
14
8
0
0
6
0
4
2
6
6
8
6
8
21
19
8
4
4
4
8
6
2
8
14
14
6
10
4
6
16
10
8
8
10
2
6
4
6
8
17
4
4
4
6
4
8
2
14
2
10
8
6
12
4
16
8
6
4
11
6
12
10
14
16
4
10
10
8
10
17
8
6
21
6
8
15
14
17
8
23
8
6
16
35
10
21
12
19
16
23
14
6
10
12
19
6
14
12
12
2
35
12
12
14
10
14
25
17
10
25
23
21
4
10
4
27
6
15
8
17
12
16
16
12
12
17
12
2
12
4
12
12
10
6
8
19
27
6
10
10
27
16
19
23
14
19
17
8
6
6
16
4
10
23
10
14
14
6
10
16
31
8
27
21
8
21
6
18
19
12
10
10
29
10
6
12
23
14
25
33
25
23
8
8
16
14
21
23
12
19
10
14
8
16
4
18
9
15
14
12
6
16
13
10
13
8
16
6
8
4
4
4
8
4
2
6
14
14
8
17
6
14
4
14
12
10
17
10
16
6
17
8
10
2
6
10
4
14
10
8
10
10
12
2
9
8
2
19
10
2
10
6
12
6
8
10
4
14
4
4
23
10
4
12
6
6
6
0
12
12
12
6
19
18
12
8
6
16
12
19
16
14
12
6
10
14
10
14
14
16
21
21
17
10
10
12
6
10
10
17
16
12
8
10
12
18
21
10
15
12
8
12
8
6
16
16
14
4
17
12
12
8
17
45
4
8
8
12
16
8
8
14
10
10
19
14
17
31
12
12
19
17
16
10
10
19
10
12
4
19
6
14
2
17
12
17
23
14
17
12
14
12
8
10
10
14
14
8
10
6
12
8
17
8
8
10
8
6
17
17
14
23
18
15
19
27
27
23
8
11
10
10
16
27
11
21
21
12
4
12
15
10
8
8
25
14
6
23
14
16
23
19
8
13
14
6
2
10
14
17
14
19
8
23
8
19
10
12
6
23
16
6
10
10
23
17
29
10
12
41
15
12
9
8
10
29
25
8
21
27
8
12
23
19
25
15
14
10
17
21
19
15
6
8
21
15
17
21
15
27
19
12
6
15
12
8
6
14
19
8
6
15
12
8
2
10
8
19
13
12
23
8
10
17
14
13
14
21
8
12
10
15
4
8
10
15
4
35
8
12
21
8
21
10
8
12
6
12
25
14
15
14
11
16
10
8
14
12
10
4
15
8
4
16
4
8
6
4
15
4
8
4
6
4
4
6
4
2
8
10
10
6
19
10
12
6
