0
4
0
4
4
2
4
6
6
4
2
8
4
2
16
2
8
29
0
6
0
2
2
4
2
39
2
2
32
4
8
4
6
5
22
0
2
28
0
2
6
0
0
45
2
0
32
2
6
8
2
4
6
2
2
6
41
0
2
0
2
0
27
4
4
2
0
2
0
2
2
0
2
4
0
0
73
0
6
34
0
0
2
6
4
4
2
29
2
2
4
2
0
2
0
13
6
0
2
2
4
2
2
2
4
6
2
2
8
2
4
4
0
4
0
2
32
0
0
4
4
2
0
44
4
2
2
6
0
4
4
40
2
6
6
4
6
0
2
2
4
13
4
4
4
4
6
2
2
22
0
4
6
8
2
6
0
4
2
8
4
2
4
18
2
6
24
2
0
24
4
0
60
2
4
2
0
2
24
0
2
6
8
2
0
6
4
0
2
4
30
4
2
0
2
4
42
2
4
8
2
33
4
0
45
2
4
13
4
49
4
4
0
0
2
0
6
4
2
4
2
0
10
0
8
6
0
6
26
2
0
0
6
4
4
6
0
2
2
4
2
2
24
6
0
2
4
2
4
4
0
4
6
22
4
4
2
2
4
4
0
6
18
2
0
0
6
51
0
6
4
4
2
4
2
2
0
4
2
4
6
2
2
2
8
8
4
4
0
0
6
6
6
6
6
4
4
0
0
6
8
33
0
2
4
0
8
6
6
4
0
4
4
6
2
0
2
9
4
4
4
0
0
0
2
4
4
2
2
0
4
8
4
2
9
2
0
6
8
7
2
2
2
6
2
0
2
0
0
58
0
2
0
6
6
4
6
6
31
4
4
0
2
0
2
0
22
0
0
0
0
4
38
0
0
2
2
2
4
0
0
2
0
4
2
2
2
4
0
4
2
4
2
0
8
2
4
2
2
6
0
2
0
38
0
4
14
0
4
4
0
0
2
4
4
6
2
6
0
6
2
2
2
2
8
4
2
2
4
4
2
8
0
46
20
0
6
2
4
2
0
6
0
24
6
42
31
2
2
28
7
0
4
0
18
4
4
4
4
0
6
6
2
6
6
2
2
2
0
4
0
11
6
6
37
6
4
6
2
2
0
2
0
4
2
33
5
0
0
4
4
2
4
2
6
6
0
4
0
4
2
4
2
33
4
6
42
0
4
8
6
0
6
8
4
0
2
4
0
4
8
0
0
4
4
4
55
2
6
0
4
8
4
0
0
33
6
2
4
9
6
2
4
4
0
0
0
4
0
4
0
4
0
0
2
70
4
4
6
4
4
2
6
6
4
2
6
0
65
4
6
2
8
6
0
80
0
4
45
0
3
0
2
6
0
0
2
4
2
6
0
0
0
2
2
0
2
2
4
2
2
2
0
4
0
2
2
0
6
2
0
8
2
2
2
0
0
2
0
2
4
4
0
2
0
0
4
0
2
0
2
0
2
0
4
2
2
0
2
0
0
0
4
2
2
0
0
4
0
0
4
2
0
0
2
2
0
0
4
2
0
0
2
29
0
0
0
4
2
2
0
0
0
0
0
0
0
0
2
2
0
0
2
0
0
2
0
0
0
2
0
4
2
0
0
0
0
2
6
0
0
0
2
4
2
0
2
2
2
0
44
0
2
39
4
4
32
4
0
66
2
2
4
2
4
22
0
0
4
2
0
2
2
4
6
4
14
2
2
4
2
4
2
2
4
29
0
6
2
4
4
2
0
2
2
6
4
0
4
0
0
2
4
4
4
0
4
0
4
2
2
2
0
0
0
6
6
29
0
0
4
4
2
2
2
4
4
4
4
0
2
2
4
4
0
2
2
0
0
2
2
6
4
2
4
0
0
4
0
2
18
2
0
6
0
0
6
0
4
0
2
31
0
2
4
2
0
4
0
0
2
2
2
2
2
2
77
8
4
2
4
2
38
73
2
4
2
4
4
2
2
0
6
2
0
2
28
0
2
4
2
74
0
4
0
0
4
0
70
15
2
32
0
2
2
13
2
2
2
4
0
4
2
2
2
2
2
0
2
42
2
0
2
2
0
4
2
0
0
0
0
2
0
0
0
0
2
4
2
2
0
0
0
4
2
2
0
4
2
4
2
4
0
2
0
0
0
2
0
2
0
6
4
2
2
2
4
2
40
0
0
2
4
2
2
0
17
0
2
2
2
2
0
2
4
2
36
0
0
4
8
2
2
2
2
6
0
2
2
6
2
0
8
2
2
0
2
0
4
0
2
2
0
2
4
24
0
0
2
0
2
6
2
0
4
0
4
6
0
2
0
4
0
2
0
19
0
38
0
53
0
13
31
2
7
34
0
2
0
2
0
0
2
6
2
4
0
2
49
4
4
4
4
39
0
2
0
2
0
0
4
2
47
6
0
0
0
0
2
4
4
0
0
36
0
0
24
0
2
2
2
4
4
0
2
4
2
2
4
4
0
0
0
8
7
4
9
2
0
2
4
2
0
2
0
2
0
4
2
0
4
4
4
4
0
0
6
4
0
2
0
2
4
0
0
0
0
0
4
0
0
0
4
0
6
2
2
0
0
4
2
0
0
20
4
2
6
4
8
2
2
0
6
4
0
0
2
0
4
4
10
6
4
43
2
6
20
2
0
2
2
0
2
6
2
4
2
74
2
0
39
0
2
4
0
0
2
0
8
2
2
2
0
0
2
52
0
0
2
4
2
0
2
4
0
2
4
4
0
0
0
2
6
0
0
6
0
2
0
2
2
0
2
2
45
0
0
36
4
4
2
2
0
2
0
2
0
0
0
2
0
2
40
2
2
6
2
2
0
4
2
32
2
6
0
2
0
0
0
2
4
2
0
0
2
4
0
2
2
0
2
4
2
0
2
0
4
2
4
0
2
0
6
94
0
0
0
2
4
0
2
2
2
0
2
0
0
4
0
0
2
4
2
6
0
2
2
2
0
0
5
2
4
6
0
0
2
4
2
4
0
0
45
2
5
0
20
2
4
0
5
2
4
2
0
0
4
4
0
0
2
2
4
0
2
2
0
4
21
0
0
4
2
4
4
2
2
0
2
4
4
0
2
0
4
4
0
2
0
0
0
2
0
2
0
0
0
4
0
0
0
4
4
6
2
0
0
6
19
0
2
0
2
2
2
40
2
2
0
0
3
0
0
0
2
0
2
2
2
0
0
2
6
0
87
49
2
0
2
2
2
0
0
6
4
2
8
0
0
32
2
4
0
2
0
6
0
0
4
2
2
20
0
32
0
2
2
2
0
2
2
4
2
2
0
2
0
0
2
0
