26
20
19
29
13
9
15
19
23
23
16
19
15
18
19
15
20
23
28
18
17
19
21
28
11
26
15
19
41
17
15
19
11
20
13
23
30
13
29
32
24
13
38
11
31
47
28
13
47
17
15
39
11
19
31
11
31
13
26
19
23
15
53
11
25
24
13
30
9
27
11
17
13
23
30
36
36
22
8
35
15
28
36
24
9
34
51
22
30
22
53
13
37
21
39
26
32
6
26
26
41
31
35
13
13
8
30
25
23
9
13
9
22
11
17
28
40
34
29
28
42
19
35
41
35
9
34
20
34
30
30
22
19
11
34
18
41
32
11
15
15
28
20
18
16
18
26
24
40
38
39
15
22
40
9
15
7
9
11
7
9
7
15
8
13
6
11
8
19
9
9
7
7
7
7
7
7
11
11
11
17
6
9
6
22
33
15
8
23
8
4
6
33
9
6
10
9
6
6
7
4
6
19
13
6
9
7
28
7
4
7
4
7
9
12
7
9
8
9
7
8
13
30
4
9
9
9
21
7
11
20
7
26
9
6
19
2
7
9
7
7
13
30
13
4
11
17
4
7
0
8
6
11
30
11
20
8
11
7
8
11
17
7
21
6
8
13
11
4
15
17
6
6
4
6
7
15
7
9
11
6
9
16
28
20
18
11
15
9
5
9
4
5
13
7
3
7
11
12
4
7
4
6
4
12
37
7
14
16
11
15
14
34
26
9
28
18
18
29
9
13
38
26
33
34
33
34
25
21
34
18
36
27
29
45
19
9
29
46
28
33
20
39
11
40
38
16
31
11
32
28
19
35
39
34
37
30
38
24
34
31
34
32
25
33
14
41
34
34
25
34
25
20
23
32
35
50
44
40
34
40
31
37
45
36
19
37
37
33
42
38
28
39
42
33
41
26
30
33
33
24
34
38
31
40
28
40
34
41
23
33
26
26
33
35
33
29
44
43
31
35
28
24
30
40
27
34
36
29
40
38
38
17
34
43
29
32
36
29
27
40
40
28
43
40
36
35
28
30
21
33
18
32
25
33
32
28
31
31
37
13
22
35
33
18
38
27
29
18
26
32
37
25
42
41
39
25
37
30
25
51
30
29
29
28
36
33
32
46
25
31
26
32
16
33
29
31
23
40
30
11
15
34
27
31
12
7
11
11
4
13
6
8
22
35
11
7
12
9
10
11
19
5
26
11
5
19
26
11
7
25
19
25
32
11
24
18
38
12
6
31
9
7
7
9
4
14
7
11
9
14
23
11
18
23
7
16
11
14
29
11
20
24
11
13
23
11
9
7
20
18
16
29
18
36
18
7
5
11
7
12
13
11
22
10
15
21
18
4
9
9
6
11
13
16
7
14
16
11
13
7
5
4
9
7
16
21
9
11
7
15
12
7
22
24
5
7
15
6
4
13
16
11
9
22
9
20
15
7
26
5
18
16
9
15
19
9
27
15
19
18
6
9
9
14
7
13
20
7
9
13
8
9
5
9
13
18
18
9
17
15
7
11
7
13
18
13
38
28
13
15
20
17
15
27
21
20
14
22
33
34
23
28
24
14
31
20
23
15
11
15
22
21
19
14
30
41
33
39
24
36
32
23
36
26
28
39
27
25
35
22
29
25
29
32
21
34
25
13
22
13
22
27
22
16
19
27
19
20
10
15
24
25
15
22
16
33
14
10
24
17
21
18
32
33
32
22
9
28
13
6
7
10
21
30
11
32
22
9
26
30
33
25
40
16
16
19
21
16
29
24
23
26
12
14
22
16
29
5
7
22
25
5
32
20
16
29
9
29
27
38
27
31
33
21
15
25
19
15
7
21
32
34
37
31
20
29
11
37
37
9
5
15
15
11
14
13
24
4
22
12
15
11
13
9
7
22
14
62
15
41
22
22
15
14
17
25
12
11
5
19
14
16
7
18
10
5
18
18
7
16
11
19
34
7
18
22
20
12
29
15
18
13
27
13
11
14
6
17
12
17
8
5
15
5
7
28
7
4
15
7
15
9
7
9
7
6
8
13
11
18
13
36
8
9
15
6
11
11
22
13
7
13
7
11
17
15
7
15
7
11
9
17
7
24
9
6
11
11
13
31
11
2
15
14
11
11
9
12
9
31
6
34
5
20
9
9
9
21
6
13
13
7
14
9
5
4
11
9
11
11
6
6
9
25
17
6
11
9
10
15
13
11
13
6
17
9
23
9
15
15
12
7
9
22
11
10
20
11
9
30
17
13
15
21
22
9
32
19
16
23
13
30
20
15
22
20
30
9
19
27
17
28
39
11
7
27
22
20
28
6
4
41
20
20
28
13
35
15
13
24
18
20
20
17
15
15
20
31
27
26
11
13
42
44
16
26
19
29
38
40
7
40
29
11
7
26
9
15
41
5
22
28
9
18
7
18
22
10
21
36
34
13
38
39
19
40
7
24
22
37
21
8
11
27
21
31
14
11
25
24
13
14
17
6
46
29
14
10
5
6
19
17
11
11
5
9
13
2
7
6
6
11
8
13
7
11
8
7
4
14
14
6
13
17
28
6
17
19
13
37
11
11
13
6
21
17
6
22
7
27
19
13
17
24
18
21
16
15
15
25
9
19
15
21
6
20
13
6
15
6
11
10
10
15
12
13
14
19
8
8
11
8
12
15
10
10
17
10
4
10
4
11
8
15
4
6
12
17
10
10
6
12
12
9
12
6
7
8
8
11
8
12
8
10
12
11
8
10
14
8
10
11
12
29
12
10
4
8
14
15
17
25
23
15
15
10
21
27
15
17
27
10
8
12
8
8
14
10
12
15
8
8
12
13
14
19
8
13
14
13
15
17
10
6
25
35
10
23
17
10
25
19
17
12
7
27
13
10
10
15
23
15
23
21
6
15
25
13
17
15
15
27
15
47
6
15
17
17
11
15
9
11
39
25
17
13
11
13
17
19
15
23
15
8
25
23
22
17
33
27
8
19
17
24
29
10
21
12
6
19
10
9
10
12
27
13
15
10
19
13
23
11
34
10
11
19
15
11
8
19
11
13
13
21
13
10
27
25
12
21
29
19
14
8
6
6
4
27
17
73
4
17
4
17
8
10
6
13
8
4
6
10
10
12
4
8
8
9
6
8
8
4
10
6
6
6
6
6
4
6
6
17
6
4
12
4
13
8
6
10
8
13
4
8
4
6
8
12
13
19
10
4
15
4
8
4
17
8
10
17
8
8
4
8
10
13
46
10
10
14
10
6
4
4
6
10
6
14
13
23
6
10
5
6
8
11
6
12
13
