6
4
0
2
2
6
6
7
0
9
2
9
4
6
4
6
2
8
2
4
4
2
2
4
4
2
6
6
10
6
2
3
4
4
8
8
6
7
2
4
6
0
6
6
6
7
4
2
6
6
5
4
8
2
6
8
6
6
12
11
7
5
13
19
12
13
13
11
12
4
8
11
11
8
8
11
13
11
17
7
13
15
12
10
11
15
17
7
8
17
13
16
9
10
15
13
13
12
9
15
11
21
12
10
40
20
8
13
14
6
17
16
13
21
10
19
6
15
13
17
11
17
6
20
8
14
7
10
18
15
10
79
19
12
19
18
9
13
8
13
13
7
19
8
14
11
15
9
13
13
10
15
23
15
13
6
24
20
8
14
24
25
8
17
17
15
19
15
15
15
6
20
9
11
6
0
5
17
6
8
17
6
7
18
4
11
13
10
17
9
15
8
15
11
15
15
6
10
11
11
10
8
13
11
17
11
8
13
5
10
9
13
13
16
12
10
22
6
11
8
24
8
15
7
16
11
13
15
15
21
13
15
15
15
4
21
22
11
8
7
7
9
8
9
4
8
17
17
13
13
15
8
10
9
6
8
11
10
8
10
5
9
8
8
9
9
6
7
9
11
9
9
11
8
11
5
15
11
8
8
8
4
6
9
4
8
6
8
2
6
8
13
10
8
4
8
6
6
9
7
4
15
4
10
5
6
8
6
4
6
4
2
6
6
2
4
4
4
11
7
4
6
9
8
4
2
7
6
4
10
13
5
6
5
8
19
7
9
4
9
6
10
8
19
16
17
15
13
28
11
6
17
11
10
19
19
8
35
27
11
16
6
9
15
8
6
14
9
7
21
24
13
4
11
18
11
42
29
27
4
38
20
0
23
9
63
11
28
0
15
14
11
13
16
8
12
11
15
19
11
17
26
21
57
27
15
13
6
26
7
10
22
21
12
11
28
13
31
9
22
29
20
23
26
23
29
17
11
8
9
18
16
13
13
17
10
10
17
15
12
16
7
4
17
4
15
21
23
6
9
23
30
9
17
17
11
10
6
18
21
10
10
34
23
11
9
0
10
8
19
10
9
12
25
17
13
10
30
6
12
17
15
11
15
13
17
10
10
7
0
4
7
15
4
15
11
9
19
19
13
17
17
23
4
12
6
10
8
9
11
19
11
16
0
5
15
16
14
21
12
16
14
7
11
18
21
7
25
20
9
11
21
23
13
13
11
22
22
16
15
15
6
4
8
6
4
8
4
6
7
11
6
6
4
8
6
11
4
2
7
7
5
2
8
8
4
4
6
6
8
8
7
2
6
6
4
23
18
10
7
15
13
10
17
21
13
15
13
11
8
10
8
13
10
4
10
6
17
8
17
14
10
15
15
11
8
14
6
25
9
8
10
13
10
11
9
9
4
8
17
4
11
8
8
6
10
18
9
8
11
6
7
8
0
13
4
4
4
9
6
16
10
19
10
7
7
5
5
14
8
5
4
13
11
13
13
10
11
23
13
8
15
4
13
37
25
10
23
6
20
28
22
13
10
19
17
17
13
13
11
10
22
27
20
11
19
17
11
13
17
19
17
21
10
7
17
23
19
8
16
15
13
14
29
14
19
13
15
19
15
14
11
32
5
17
39
27
12
15
7
10
21
14
7
9
34
4
36
13
19
13
11
15
6
4
21
14
12
14
11
11
23
8
9
9
6
6
12
9
10
13
21
13
13
13
15
7
13
20
8
11
11
7
19
21
8
6
6
32
15
8
27
8
18
12
11
25
12
27
24
24
24
13
11
8
15
11
9
13
12
9
9
9
11
9
14
11
11
6
11
13
21
7
9
9
20
9
9
18
9
11
9
4
6
8
21
11
13
9
6
10
7
15
9
7
16
10
0
23
2
0
7
4
6
2
2
4
5
0
4
4
0
0
2
3
0
2
2
6
13
2
7
2
4
4
4
0
2
10
2
0
6
9
5
8
6
6
6
4
8
10
6
8
4
8
8
0
2
4
4
11
11
4
4
6
7
2
5
4
6
2
8
13
4
4
2
8
6
4
8
7
11
2
8
6
6
9
4
2
4
0
9
11
6
6
4
13
4
4
4
9
8
6
15
0
6
4
2
4
4
4
12
13
6
6
6
6
8
6
4
33
8
8
10
2
10
10
9
9
8
6
11
13
7
13
23
14
15
8
6
30
9
12
45
11
6
21
15
16
17
25
24
8
19
8
25
13
28
23
12
21
10
11
17
15
22
13
15
23
12
21
13
22
25
13
13
6
11
6
17
10
14
29
9
20
24
22
14
15
10
23
36
13
9
23
17
27
8
17
27
4
23
10
24
13
10
29
25
14
7
11
21
14
17
13
17
22
6
29
8
8
25
12
15
7
13
15
15
23
17
6
11
13
31
20
30
22
19
15
8
19
23
11
25
21
11
13
17
23
7
19
8
11
18
6
23
25
10
19
4
10
26
4
9
15
21
15
15
22
11
19
11
8
24
9
13
7
39
10
17
7
11
7
4
6
8
10
2
2
2
20
7
4
11
10
6
3
4
8
2
8
4
2
6
8
4
8
4
6
4
8
6
10
4
6
2
4
4
8
4
8
0
2
0
17
12
2
15
10
4
6
6
2
4
6
4
2
6
2
2
4
6
7
6
2
6
6
2
4
6
11
9
2
8
4
4
10
6
10
6
6
4
6
6
2
13
10
2
4
4
12
8
10
4
0
6
9
6
9
4
8
6
6
7
34
6
15
15
6
8
6
10
6
2
6
6
7
8
8
6
4
4
10
4
8
4
4
4
12
6
4
6
4
12
4
4
42
8
12
22
4
15
30
21
15
40
34
8
34
23
20
13
23
20
19
26
11
13
18
8
34
15
19
27
22
13
8
10
19
22
14
31
20
17
21
9
32
6
33
19
20
14
23
9
30
27
28
8
6
19
10
30
22
11
11
36
29
18
13
25
29
15
9
30
15
27
37
8
29
31
29
12
7
39
21
4
29
12
18
10
30
24
8
13
22
9
27
32
39
27
8
8
8
11
8
16
18
22
9
25
32
17
33
13
34
11
13
12
0
4
15
17
12
6
4
4
2
21
4
7
8
4
4
8
4
6
5
6
4
7
6
6
6
8
2
4
2
8
2
8
5
5
0
8
4
4
4
8
6
4
9
8
6
4
2
5
10
9
2
4
11
2
9
13
8
6
6
7
0
2
9
4
5
6
8
10
2
6
6
2
2
13
4
7
8
9
6
6
2
9
6
2
11
2
5
6
2
10
4
2
