2
2
0
2
2
4
0
0
2
2
4
0
2
2
0
2
0
4
97
0
2
0
4
2
0
2
0
0
0
4
6
0
2
2
2
2
2
2
2
2
4
2
21
0
2
2
0
4
2
0
6
0
2
6
21
4
2
2
0
2
2
0
0
4
4
4
4
2
0
2
6
2
2
2
0
4
0
0
0
4
0
2
4
2
4
8
2
0
0
2
10
0
2
2
0
2
4
0
0
2
0
2
2
0
0
0
0
4
2
0
6
0
2
2
0
0
0
2
2
4
2
0
10
2
99
2
2
4
2
2
0
0
2
0
0
0
0
4
0
0
2
0
0
0
0
2
0
0
0
35
2
0
0
2
2
2
0
0
0
0
0
6
10
0
0
2
0
2
4
2
2
0
0
2
2
0
2
0
2
0
0
2
0
0
0
2
4
0
0
0
0
0
2
0
0
0
0
4
2
2
8
0
2
0
2
2
0
0
6
2
2
0
0
0
0
2
0
0
2
0
8
4
2
2
4
2
0
0
0
2
2
0
18
6
2
0
0
0
0
0
0
0
0
0
2
4
2
4
2
0
2
2
0
0
0
2
2
4
0
0
2
0
2
2
2
0
2
0
0
4
0
0
2
4
0
0
16
2
2
2
6
76
0
0
2
4
0
0
4
4
0
2
0
4
0
57
19
4
2
0
0
0
4
2
19
4
4
6
0
2
2
0
2
2
0
2
0
86
0
0
2
2
0
4
0
0
6
2
88
6
2
2
75
2
2
2
2
2
0
2
0
4
2
0
0
0
4
30
4
4
2
4
4
6
2
0
2
0
2
2
0
0
0
2
48
2
4
2
4
6
6
2
4
4
0
0
4
2
2
2
0
2
0
0
4
0
0
0
10
0
4
2
8
2
0
2
2
4
2
2
0
0
2
0
0
0
0
4
2
0
2
4
0
0
0
2
92
4
2
2
2
6
0
0
0
33
0
2
2
0
2
0
0
0
2
4
0
0
2
2
0
4
0
0
2
0
0
0
0
0
2
2
2
2
0
0
0
0
4
2
0
6
0
10
0
5
2
4
0
0
2
2
0
2
0
0
0
2
0
0
2
0
2
2
6
2
0
0
0
0
0
4
0
0
0
0
2
2
2
2
0
48
0
0
4
4
0
0
0
4
0
0
0
0
0
0
0
2
0
0
0
0
2
0
2
0
0
2
0
2
4
4
0
0
0
2
0
0
2
2
2
2
0
4
6
2
0
0
2
0
0
2
0
2
2
4
0
2
2
2
4
0
4
2
6
4
2
0
2
2
13
0
0
0
4
10
4
0
2
4
60
6
4
4
2
0
0
2
0
2
2
0
2
4
4
2
0
0
0
0
0
0
0
0
0
0
2
0
2
0
4
4
4
4
0
4
2
2
0
0
2
0
2
0
0
8
4
0
6
0
2
2
2
0
0
0
0
0
0
4
4
2
0
0
2
0
2
0
0
0
0
0
0
0
2
0
0
0
0
0
2
2
2
2
4
13
0
2
0
2
0
6
0
0
2
2
2
8
0
0
2
2
2
2
2
0
2
2
2
36
2
4
0
2
0
2
0
0
0
0
2
85
0
0
2
0
0
2
4
2
0
0
6
0
6
2
0
2
2
0
0
2
2
0
8
4
4
0
0
0
4
2
4
4
4
2
4
4
8
0
0
0
2
2
4
4
2
4
4
4
2
0
2
0
2
6
4
0
0
0
6
0
0
0
0
0
2
2
0
0
0
0
2
0
0
2
0
2
0
0
0
0
0
0
2
0
0
2
2
0
0
0
0
0
0
2
4
0
4
2
4
2
2
4
2
0
0
0
0
0
2
2
0
0
0
0
0
0
2
0
2
0
4
0
2
0
2
0
31
2
4
2
4
13
0
0
0
0
2
4
2
4
4
2
0
0
6
0
0
0
0
0
0
0
2
0
0
0
0
0
2
0
4
2
0
0
2
0
2
2
0
0
2
2
2
0
2
0
0
2
4
6
0
4
4
2
4
2
0
0
0
0
2
93
0
2
0
15
2
0
2
0
0
2
0
2
0
0
2
2
2
0
2
0
6
0
2
4
0
0
0
2
4
2
0
2
4
0
6
2
0
0
0
6
2
0
0
2
2
4
4
0
2
4
0
2
0
2
2
2
0
0
0
2
4
2
2
2
2
2
0
0
0
0
2
0
2
2
2
2
4
2
4
0
2
2
6
4
4
2
0
0
6
0
8
2
0
2
0
2
4
0
2
0
0
0
0
0
0
2
0
91
2
2
4
4
0
0
4
0
0
2
0
0
6
4
0
2
4
0
4
0
2
0
2
64
2
2
0
0
0
4
0
2
0
0
0
0
2
4
0
0
0
0
0
4
0
0
2
0
2
0
0
0
0
2
4
2
4
0
4
2
0
4
0
0
2
4
0
2
2
0
2
84
4
0
2
4
2
2
2
0
0
0
0
2
0
0
6
2
2
2
0
2
0
0
0
6
2
0
6
2
2
2
4
0
0
0
0
0
0
2
0
4
2
2
19
40
4
2
6
4
0
0
0
2
0
2
0
0
0
0
2
0
11
2
2
4
2
2
2
0
82
0
9
4
0
2
2
6
0
4
0
2
4
4
4
10
0
8
4
2
0
2
2
4
2
4
6
4
4
2
2
0
4
2
2
0
2
2
6
13
2
4
0
0
0
0
2
2
0
2
58
0
0
0
0
0
0
0
0
0
0
0
0
2
0
2
0
0
81
2
0
2
2
0
0
0
0
2
2
2
0
0
2
0
2
2
3
19
0
4
0
4
0
2
0
2
0
4
2
4
2
0
2
2
0
2
0
2
0
2
6
2
2
4
0
2
2
2
0
6
4
17
6
2
2
4
2
0
2
4
2
2
0
11
4
2
2
2
0
4
2
0
2
0
0
0
0
2
86
0
0
0
0
4
2
0
0
4
2
4
2
0
0
0
2
4
6
0
2
2
0
2
0
4
2
0
4
0
2
4
2
2
0
4
2
0
2
4
2
4
0
2
2
2
2
27
2
2
0
0
4
2
0
2
4
0
2
4
0
2
2
2
4
2
0
0
9
2
0
8
0
4
0
4
0
2
0
0
2
2
6
0
2
2
2
0
0
4
0
0
0
0
6
4
4
4
0
0
0
0
0
2
0
0
2
88
0
0
6
2
2
2
4
4
0
0
6
2
2
0
0
0
4
30
2
0
0
0
2
2
2
4
0
4
0
2
4
0
0
0
4
2
2
4
0
2
2
0
