9
14
1
1
1
0
1
19
24
26
13
10
9
10
10
14
9
13
8
14
13
11
12
10
16
10
13
9
9
13
11
14
15
17
12
10
11
11
26
29
25
12
15
13
11
27
8
8
9
11
11
13
12
9
10
13
8
18
10
9
18
13
11
13
1
1
10
11
16
31
23
18
18
39
7
8
13
2
5
8
8
8
7
9
11
11
0
0
44
7
9
8
8
8
10
11
12
17
9
11
13
12
15
12
12
20
14
17
8
1
9
11
8
13
11
41
14
9
8
13
9
18
10
10
14
12
11
8
9
9
15
9
12
8
10
7
13
8
14
20
11
43
23
26
12
14
13
10
12
10
10
9
9
12
11
14
14
12
7
12
7
22
20
10
12
11
14
10
38
28
12
10
21
19
13
14
21
13
11
16
17
15
19
19
19
10
13
16
16
14
18
16
32
40
36
16
12
1
5
10
8
13
13
16
11
13
14
10
16
15
12
18
11
10
10
13
12
12
9
12
9
52
41
14
10
10
17
11
12
12
1
1
2
1
5
8
8
8
7
10
11
26
9
9
10
16
13
12
8
20
16
11
5
7
2
13
19
12
15
18
10
12
6
7
12
9
2
1
7
10
13
10
5
9
8
10
7
26
33
9
13
9
14
8
16
11
13
8
13
11
1
12
8
11
12
11
11
18
7
1
10
14
18
17
14
22
13
13
9
15
20
8
13
12
13
12
17
21
10
10
15
13
13
13
11
11
15
15
15
10
13
11
10
11
1
19
11
9
15
17
15
10
15
24
19
4
21
16
7
11
13
7
11
9
7
18
21
11
12
13
10
13
20
19
15
15
11
16
11
17
15
10
15
19
18
10
19
22
12
19
15
11
16
12
18
23
14
27
16
18
16
23
17
16
13
22
1
19
17
17
25
2
3
18
23
24
2
8
22
15
14
16
17
10
13
11
11
14
14
12
12
11
13
15
13
9
10
10
18
12
2
16
19
19
17
18
9
15
15
14
12
16
11
21
13
14
10
14
14
16
12
16
15
14
17
13
16
20
17
11
15
20
13
14
14
21
17
18
17
17
12
11
22
16
12
16
20
20
10
21
12
13
19
10
8
16
18
19
24
16
14
2
1
19
13
15
17
20
14
13
19
20
12
13
9
15
25
12
19
13
17
14
17
10
1
3
2
16
14
14
11
18
16
16
16
15
15
10
17
14
12
17
16
12
17
14
18
1
18
24
31
27
22
19
12
13
18
11
14
17
2
17
19
19
19
17
23
13
11
22
10
16
19
11
16
9
17
12
17
11
13
14
15
8
9
17
4
7
11
5
2
7
5
5
7
3
5
7
4
12
11
5
8
2
4
4
9
5
51
7
0
9
8
2
4
7
6
9
5
6
8
4
5
11
3
2
3
4
11
3
2
2
4
11
5
11
6
9
3
2
5
4
7
10
6
7
7
5
7
7
15
5
15
4
6
7
2
5
10
2
7
5
7
9
4
5
5
10
4
4
7
6
5
4
15
47
34
7
11
9
10
5
5
5
7
12
4
4
9
4
6
14
9
4
8
0
4
3
8
7
4
5
8
11
12
11
9
3
7
9
4
5
5
7
9
6
7
13
7
9
5
6
11
3
10
4
12
13
8
19
13
13
9
7
5
11
5
19
34
21
36
24
11
6
9
8
5
6
5
4
7
29
11
12
17
8
10
9
8
13
5
10
20
5
5
5
6
9
7
14
9
20
6
5
9
7
5
7
11
6
10
7
7
4
13
7
7
9
11
7
13
3
7
14
7
9
7
8
7
31
19
5
9
6
3
7
7
15
11
9
7
16
5
3
7
7
6
11
5
2
6
8
7
3
2
5
7
22
7
11
6
5
8
6
6
6
8
5
11
9
7
17
4
5
7
11
5
9
5
5
5
9
7
6
6
11
6
10
5
3
3
7
5
4
6
7
6
6
8
9
7
7
5
6
3
11
4
5
8
7
7
3
6
3
5
2
2
5
2
3
2
6
5
4
3
5
11
5
3
9
5
6
3
9
5
5
3
7
8
5
4
6
13
5
3
5
7
5
7
5
5
3
4
2
83
59
4
0
4
1
4
0
2
4
2
2
2
0
2
2
0
6
0
2
2
4
4
6
4
2
4
2
4
4
4
0
0
4
4
4
7
2
4
2
2
2
5
0
8
2
5
2
1
0
2
1
1
0
2
2
0
2
4
4
2
4
4
3
0
2
6
0
2
14
2
0
2
1
2
1
4
0
4
6
7
2
4
2
2
5
2
2
4
2
4
1
4
0
0
4
6
2
2
4
5
6
1
1
4
5
2
2
2
5
2
3
2
0
6
4
0
4
0
2
4
2
2
2
2
4
4
2
2
1
0
3
4
0
4
5
2
4
4
0
4
0
4
2
2
2
0
0
5
2
2
2
3
7
6
8
2
6
6
2
2
4
5
47
4
14
9
5
6
6
7
4
4
6
4
5
4
6
7
6
2
2
2
7
6
2
2
4
5
4
9
2
2
2
4
2
2
2
4
2
2
5
3
2
7
7
0
6
3
5
2
4
2
5
9
4
6
4
8
11
2
6
1
4
2
4
4
4
4
6
0
6
5
7
2
4
4
5
2
2
1
1
2
2
3
0
2
4
5
0
7
3
3
2
7
7
2
4
4
4
4
4
6
4
3
3
0
4
5
10
4
0
4
6
2
6
4
2
6
3
5
5
3
6
5
4
9
5
5
12
5
2
4
8
9
2
10
6
5
5
5
3
2
5
2
8
0
4
5
2
4
2
4
2
4
2
4
3
4
2
4
4
4
6
4
4
5
2
5
4
2
5
2
6
2
7
4
2
1
2
30
23
7
4
6
5
6
3
4
5
6
2
5
0
2
4
4
4
2
5
8
2
4
5
5
4
9
2
3
6
2
3
2
2
9
4
6
3
3
4
2
3
4
7
7
2
2
6
6
6
9
7
6
7
2
5
7
4
4
6
13
2
4
2
1
4
4
5
5
4
3
4
4
7
6
5
4
6
5
3
5
0
2
1
5
2
6
4
4
9
4
8
7
4
5
2
0
4
2
4
2
2
4
2
5
4
2
2
7
5
5
4
6
3
4
2
5
1
5
2
4
3
2
4
6
3
4
38
4
2
4
2
4
4
4
4
4
2
4
4
7
4
2
5
2
2
2
6
5
5
3
4
4
2
2
2
4
2
2
5
7
9
6
5
4
3
2
3
4
2
2
6
2
2
5
4
7
4
3
0
5
7
4
2
2
2
