6
5
4
2
0
4
2
2
2
4
2
4
2
4
2
0
2
2
2
4
0
0
2
2
2
0
2
0
0
6
0
2
2
2
0
2
2
0
2
2
2
0
2
0
4
0
2
2
0
0
2
4
2
0
4
4
4
0
17
2
0
2
6
4
8
6
2
2
2
0
0
4
0
4
2
0
2
2
2
0
2
2
2
2
0
2
4
6
0
2
2
0
2
0
4
4
2
2
2
4
2
3
2
4
2
2
2
4
4
2
6
4
2
0
2
2
0
6
0
2
2
2
8
2
4
12
4
10
2
4
0
4
2
4
4
2
8
2
0
4
4
4
4
2
2
4
2
2
2
4
8
2
4
2
4
2
6
2
2
4
2
2
0
19
2
6
43
0
2
2
4
10
4
6
4
2
4
2
37
4
2
2
2
9
2
2
4
10
0
2
2
4
4
2
2
2
2
4
2
0
2
2
2
0
4
2
4
4
4
2
2
2
2
8
6
4
6
4
4
2
2
0
4
2
2
0
2
2
2
2
0
2
6
2
4
2
2
2
4
4
3
2
2
5
2
4
2
2
2
2
2
2
6
2
4
2
2
0
4
2
4
2
0
4
0
0
2
23
2
2
2
6
0
2
0
2
2
2
0
4
0
0
4
2
2
4
0
2
0
29
2
0
2
0
0
0
0
0
0
2
2
0
2
2
0
0
2
0
0
2
4
2
0
2
0
0
0
0
12
0
2
2
0
2
0
0
0
49
0
4
2
0
4
0
0
0
0
2
2
0
0
2
2
0
2
0
0
2
2
0
4
2
0
0
2
2
2
2
2
2
2
14
2
2
0
0
4
4
6
2
2
2
2
2
4
0
5
4
0
2
0
2
4
2
4
2
0
6
2
0
2
0
4
4
6
0
0
0
0
0
2
4
4
0
0
0
4
0
0
2
0
0
4
0
0
0
0
2
2
0
0
0
0
0
4
2
2
2
2
2
0
0
0
0
0
4
0
2
2
4
2
2
2
0
2
2
2
2
0
2
4
4
2
0
0
4
2
0
2
2
0
2
4
2
2
2
2
0
2
2
0
0
4
2
2
2
2
6
2
4
2
0
2
2
0
4
2
0
2
0
2
0
0
0
0
0
0
2
2
0
0
0
2
0
0
4
0
0
0
4
2
2
0
0
2
4
4
2
0
0
0
0
2
2
0
2
2
0
0
2
0
2
2
4
2
0
2
0
0
0
0
0
4
0
0
2
0
2
0
0
0
6
2
0
2
0
2
0
0
2
2
0
4
0
0
0
2
0
0
0
0
2
0
0
0
0
2
2
4
4
0
2
2
2
0
0
2
0
0
0
0
0
0
0
3
0
7
2
4
2
2
2
48
2
6
2
0
4
2
0
0
0
0
0
0
4
0
4
2
2
2
2
0
0
2
2
0
0
0
2
6
2
2
0
2
2
2
23
0
46
2
21
0
0
0
44
29
8
4
2
0
2
2
2
0
4
2
2
2
0
4
9
0
2
0
2
2
0
4
2
0
2
6
4
2
2
0
2
2
0
2
2
2
2
0
2
2
2
2
2
4
4
0
4
2
6
0
2
2
0
2
2
0
0
2
5
2
0
0
2
0
2
2
0
2
0
2
2
27
0
2
2
4
0
0
2
2
6
2
4
0
2
2
2
2
2
0
2
0
0
0
2
0
0
0
0
2
2
6
0
0
0
2
2
2
2
2
0
2
0
2
2
2
2
2
2
2
2
2
4
0
0
2
2
0
0
0
0
2
0
2
2
0
2
2
0
0
4
4
2
0
2
2
4
0
2
20
2
2
2
6
2
4
4
0
2
2
2
2
2
2
2
2
0
2
0
0
0
2
0
0
0
2
4
0
2
0
2
2
2
0
2
0
2
2
2
4
4
4
4
2
4
6
5
2
2
6
2
0
0
2
4
0
2
0
6
0
2
2
2
0
4
2
0
2
0
0
0
2
2
0
2
2
0
0
0
2
0
2
0
0
2
0
2
2
0
0
0
0
0
0
4
2
2
2
2
0
0
2
0
0
0
2
0
2
0
0
3
2
2
0
2
0
4
0
0
2
0
0
4
2
4
2
2
4
2
0
2
4
2
0
2
0
2
2
0
2
0
2
0
2
2
0
4
2
2
4
0
3
0
0
0
2
4
4
0
2
0
0
4
0
2
4
2
0
4
0
2
2
2
2
0
2
2
4
0
2
0
2
0
0
4
2
2
0
2
29
19
0
2
3
2
0
2
2
4
0
2
2
2
2
0
0
4
2
4
2
0
0
0
2
0
4
0
2
4
2
2
2
2
2
19
0
0
0
0
0
0
2
0
2
0
0
2
0
0
0
2
0
2
2
2
0
0
0
0
0
2
2
2
0
0
4
0
0
2
0
2
2
0
2
0
0
0
0
0
0
2
0
2
2
0
2
2
2
2
2
0
2
0
0
4
0
2
2
2
2
0
0
2
2
0
0
0
2
0
2
0
0
2
0
4
0
2
0
0
0
0
0
17
2
0
2
0
0
0
0
0
37
2
0
2
0
0
2
0
2
2
4
2
0
0
0
39
0
0
0
2
2
2
0
0
0
0
0
0
0
2
2
2
0
2
0
0
0
0
0
0
0
0
0
0
0
0
0
38
2
2
0
2
0
0
0
0
0
0
0
0
0
0
0
0
0
0
0
0
2
0
0
0
0
0
2
0
0
0
0
0
2
4
0
0
0
2
0
2
0
4
6
2
3
0
0
0
0
0
0
0
0
0
0
0
0
0
55
0
2
5
2
4
0
0
17
0
0
9
0
4
2
2
0
2
6
2
2
9
2
0
0
0
0
0
0
0
4
0
2
42
0
0
0
0
0
0
0
0
0
0
0
0
0
0
0
0
4
2
4
2
2
2
2
2
0
2
2
2
2
2
2
4
0
2
0
2
2
2
2
2
4
4
2
2
4
0
6
0
2
4
4
2
2
0
0
4
2
2
2
2
0
2
2
4
0
0
0
4
2
2
4
0
0
0
0
2
2
0
0
2
0
0
0
2
2
2
2
2
0
0
2
2
0
2
0
2
2
2
2
0
5
6
0
4
2
4
0
0
2
2
0
4
2
2
2
4
2
2
0
0
0
0
4
4
2
0
2
0
2
0
4
2
2
2
2
2
2
4
2
4
4
0
4
0
2
4
4
2
0
2
0
2
2
0
0
2
0
2
2
6
0
2
5
2
2
6
4
2
2
0
2
0
0
0
2
4
2
0
0
0
0
0
