23
32
20
31
39
21
27
45
35
26
41
25
16
17
20
14
33
24
9
31
22
35
16
24
19
20
23
19
18
15
17
13
14
13
13
24
19
26
13
14
22
23
37
15
37
13
12
23
34
16
23
20
25
25
20
34
23
35
26
25
17
23
26
14
19
29
17
31
22
12
19
31
15
14
39
17
38
18
25
25
29
23
14
17
23
0
0
32
29
17
24
17
20
12
22
30
21
0
41
39
32
33
25
27
20
33
26
24
21
18
28
13
15
20
18
22
16
24
13
19
31
51
34
28
27
18
24
24
26
18
24
24
33
16
29
25
18
31
26
24
25
21
24
17
35
28
29
26
22
20
19
27
29
16
12
19
16
20
15
13
17
38
29
34
21
32
10
24
18
13
35
13
17
35
27
24
22
17
11
18
16
34
34
8
29
29
12
23
29
21
17
9
22
0
26
16
16
25
37
27
27
26
24
21
16
9
8
25
43
16
21
25
39
21
23
20
15
0
32
33
18
36
35
24
15
23
26
14
22
0
26
18
13
25
23
17
18
23
17
27
21
57
22
31
23
23
20
42
19
15
20
26
22
20
21
24
22
37
19
24
22
26
39
27
15
15
12
18
32
22
6
29
37
10
22
20
23
0
0
0
0
0
0
0
0
0
0
0
34
20
11
13
13
27
15
17
39
20
24
26
27
30
8
25
19
4
17
31
36
18
27
22
25
30
2
12
11
26
18
26
17
12
30
23
11
13
22
25
20
34
9
49
20
35
24
24
20
22
17
22
19
26
19
23
19
22
23
40
34
44
15
19
23
15
46
19
23
20
23
35
15
32
39
17
36
12
20
11
18
22
77
31
19
37
6
21
34
53
24
15
51
27
32
22
43
24
28
25
58
39
67
41
30
38
18
34
24
66
44
23
38
40
26
60
37
37
58
19
34
36
51
37
41
39
60
30
37
32
38
16
26
20
23
32
17
6
6
65
15
32
23
24
28
4
51
40
39
32
8
25
11
23
44
30
25
28
15
32
34
36
17
11
51
36
30
22
27
26
48
7
28
36
36
26
54
24
23
28
36
32
45
28
25
50
54
16
50
24
28
18
34
32
57
26
51
26
64
22
27
27
20
22
7
47
37
24
22
14
37
38
48
15
24
27
31
25
41
22
31
25
32
38
28
42
35
15
22
43
35
41
42
36
42
29
34
34
43
30
30
2
40
37
33
28
17
13
61
60
23
38
31
11
40
21
34
26
17
42
30
30
30
36
37
6
30
20
37
51
17
22
36
20
17
29
46
39
38
32
29
28
25
2
15
32
28
22
15
32
29
11
22
11
10
32
28
22
18
13
19
36
14
13
15
21
10
13
12
21
25
25
18
13
29
13
33
17
21
22
26
26
28
25
34
13
38
32
31
13
39
14
21
17
23
38
25
27
19
16
28
4
23
13
39
34
21
34
21
33
24
48
28
13
12
27
21
28
26
31
34
20
31
11
23
23
11
15
34
22
26
25
19
18
12
13
15
22
32
26
14
16
22
15
22
2
15
11
19
18
35
16
19
18
31
26
25
28
21
37
26
23
25
20
21
25
28
29
10
4
32
54
36
34
28
36
22
22
36
29
40
33
32
31
12
29
49
28
17
16
23
25
37
25
31
39
14
49
27
17
36
36
28
25
34
35
19
54
60
29
36
32
22
23
24
34
25
56
28
42
36
35
53
16
38
24
29
29
31
27
15
36
40
37
16
34
11
42
24
30
28
4
35
6
20
25
35
24
37
37
27
29
23
26
26
33
44
46
67
38
31
24
27
22
27
42
33
36
31
51
20
16
14
23
25
17
8
31
13
27
25
25
6
9
13
19
23
31
68
24
24
20
29
11
22
17
36
24
30
3
17
10
33
20
23
16
20
21
29
8
23
23
18
12
31
15
21
28
11
17
27
29
26
21
21
32
40
31
32
18
20
34
10
16
18
17
25
21
22
20
16
31
19
33
26
34
22
28
26
25
21
20
34
23
24
34
21
14
8
23
23
8
18
16
13
11
11
25
33
2
20
49
19
13
20
26
22
34
30
15
20
17
30
28
13
9
28
23
17
21
18
20
9
10
10
36
13
23
31
10
4
14
16
8
38
21
13
35
29
21
21
11
22
27
12
20
18
33
18
30
21
18
15
27
29
26
15
18
16
11
29
19
39
21
29
16
15
10
11
21
31
28
23
31
20
12
26
11
25
19
29
34
24
24
9
13
19
16
26
23
19
13
16
16
30
31
23
15
27
17
37
18
16
19
19
29
17
31
19
29
26
18
7
23
21
11
21
25
23
24
14
17
28
27
31
28
21
18
12
26
21
24
33
20
13
30
28
25
12
32
16
22
30
19
24
23
17
23
21
19
28
22
16
13
24
19
29
19
25
23
32
20
20
32
30
16
27
24
19
21
19
24
13
19
29
18
29
16
15
11
23
28
23
15
23
22
24
25
19
22
26
21
13
11
22
25
18
13
14
23
19
21
17
20
15
17
16
20
9
18
11
15
23
20
10
13
26
7
20
10
10
12
11
7
7
8
2
7
8
5
2
6
3
3
10
3
5
2
3
3
2
7
6
5
9
5
4
2
3
7
3
2
8
9
30
21
25
21
24
21
25
23
27
20
20
19
20
24
16
22
30
15
25
22
16
24
23
16
13
12
28
20
23
18
18
18
20
17
21
16
26
27
22
23
22
20
17
13
20
26
26
18
21
12
18
24
20
20
22
27
14
19
15
22
23
27
31
28
26
25
24
22
18
40
20
24
16
16
14
28
26
23
24
26
22
21
26
29
24
25
12
23
27
24
25
14
35
22
22
28
29
24
20
26
29
21
19
21
23
21
23
33
23
11
30
25
31
32
30
23
30
23
16
26
11
26
16
33
27
16
25
31
17
26
23
25
23
27
21
25
25
23
24
28
28
25
23
25
27
28
23
21
20
20
29
25
31
11
21
23
24
21
29
28
33
27
28
15
21
27
27
21
21
19
31
20
27
26
25
26
31
26
28
24
26
30
28
18
31
28
24
21
20
28
29
30
26
21
26
21
24
35
15
22
21
23
21
19
15
22
30
21
27
29
23
29
25
26
29
25
19
23
27
28
31
21
31
28
21
23
20
24
29
22
24
20
24
18
17
20
12
20
26
14
20
16
17
10
23
21
30
24
22
19
23
22
22
14
24
8
26
14
25
9
23
12
17
13
14
22
10
17
19
5
6
23
19
22
22
19
23
21
25
21
10
22
25
18
12
8
12
6
