0
4
9
1
0
12
3
0
16
8
0
12
16
7
5
0
0
8
19
1
0
22
2
5
0
48
2
0
11
5
0
0
15
7
1
0
10
16
26
5
1
0
4
13
6
0
19
5
0
15
14
0
11
8
8
0
0
11
0
13
0
11
8
9
12
0
0
19
8
0
19
8
23
12
0
1
10
0
19
2
4
5
0
0
16
12
15
13
6
5
8
3
0
15
4
0
25
10
0
11
8
3
1
4
4
0
10
9
0
9
0
0
24
9
1
17
0
2
0
5
11
8
7
1
0
0
13
11
0
0
0
2
0
39
7
0
1
0
12
14
17
10
0
0
0
0
11
0
0
15
8
4
0
0
16
11
20
12
9
0
18
0
7
0
14
14
0
14
0
0
20
0
5
7
11
0
3
7
0
8
12
14
6
1
0
4
0
8
18
1
8
0
0
7
9
5
0
14
9
6
0
18
12
5
10
9
2
4
0
17
5
2
0
17
12
14
3
2
3
2
0
7
11
5
0
13
30
19
3
0
0
8
0
55
3
7
17
0
0
0
9
8
0
1
1
5
0
1
0
0
2
1
10
5
0
0
0
0
0
5
0
50
1
0
3
0
1
0
0
0
3
9
1
6
5
1
0
0
1
0
0
0
2
0
2
3
2
1
0
4
0
0
0
5
0
0
9
6
0
28
5
0
0
3
0
0
9
1
1
0
0
19
8
0
30
0
0
0
0
0
0
0
0
0
0
0
0
5
0
23
19
9
0
20
22
0
1
0
49
0
2
15
1
9
0
18
8
0
23
17
1
0
30
13
0
0
0
0
0
0
0
0
0
10
0
0
13
6
0
17
8
0
6
8
5
0
0
17
4
0
0
0
9
0
6
9
9
11
0
0
0
23
1
0
14
0
23
1
0
24
0
0
0
0
0
0
0
0
0
0
13
0
0
0
12
10
0
9
0
11
2
0
0
0
11
6
0
1
15
9
0
0
30
3
0
0
12
0
6
1
0
0
12
4
4
12
0
0
33
16
4
0
0
0
11
11
11
2
8
1
0
11
12
10
0
0
0
0
0
0
0
0
16
9
0
0
8
10
7
4
7
3
0
0
0
13
13
8
2
1
5
0
0
0
10
8
12
7
9
1
0
13
0
14
8
0
0
9
19
4
0
0
5
12
16
1
0
0
0
0
9
12
13
0
14
13
0
0
17
10
0
0
0
0
6
14
6
6
10
12
0
0
17
6
0
0
0
18
15
6
7
0
0
12
24
13
7
0
6
9
1
1
1
0
10
9
0
4
0
11
7
5
7
14
8
0
0
0
7
14
12
14
10
0
0
0
0
1
0
1
5
9
6
0
4
11
1
0
0
0
11
1
9
0
8
13
6
2
9
0
0
1
8
0
5
7
0
9
10
14
8
0
10
12
0
0
16
0
13
16
14
5
0
0
0
2
0
7
9
6
0
12
7
3
0
6
3
0
0
7
8
0
0
10
6
0
2
8
9
7
0
9
10
0
0
9
9
3
0
1
14
1
10
0
15
11
5
13
6
0
2
0
5
6
7
3
0
5
10
0
0
8
14
3
1
1
14
6
7
0
10
1
7
0
7
9
7
0
0
0
9
9
1
0
0
14
9
0
3
0
0
14
5
0
0
9
10
11
12
7
0
9
1
13
1
0
0
10
6
5
4
0
0
7
11
0
0
0
0
2
5
9
1
1
0
2
3
14
1
1
1
0
0
0
10
11
1
0
0
0
13
0
2
0
0
0
6
14
9
1
0
0
7
9
0
0
9
10
13
0
0
0
1
1
5
1
2
0
0
10
8
0
8
1
0
5
7
1
4
1
0
0
0
8
12
0
1
2
0
0
0
0
11
1
2
2
0
0
5
0
5
0
0
0
11
8
2
8
0
0
14
4
6
0
0
0
12
16
0
2
1
1
0
7
0
6
7
9
6
0
0
0
12
6
3
0
1
9
11
1
14
5
12
15
12
1
12
47
0
20
8
0
2
4
13
0
0
0
13
15
26
16
2
15
9
13
11
0
0
33
22
0
24
3
0
14
1
0
0
10
1
0
6
6
5
0
1
12
1
0
21
0
0
12
7
0
11
23
0
6
8
11
0
1
0
8
9
3
7
0
18
11
0
0
19
0
0
17
2
0
10
5
4
0
16
8
7
1
7
5
0
15
5
8
10
8
9
10
8
0
0
3
0
11
10
0
12
9
3
0
0
10
6
0
0
12
6
2
0
0
19
7
12
4
7
0
0
10
11
0
19
9
0
12
0
9
15
15
1
0
6
0
14
0
0
12
8
0
0
6
8
0
0
0
12
15
9
0
0
1
16
11
0
0
7
9
6
0
0
0
17
1
1
4
4
0
0
0
4
6
0
0
0
13
15
3
5
8
0
0
23
10
0
1
10
3
11
2
0
0
17
7
0
14
11
0
1
7
9
0
1
14
10
0
14
1
0
0
0
0
6
6
8
0
0
12
10
0
18
1
0
0
0
16
12
0
13
16
6
0
11
1
2
0
13
5
0
15
14
0
23
5
0
9
13
0
9
14
0
15
6
0
12
7
0
11
19
11
0
7
19
10
0
10
3
3
17
8
10
4
0
7
1
0
0
11
0
1
1
1
11
1
1
3
3
2
2
13
3
0
0
0
0
10
0
2
5
4
1
0
5
8
5
3
0
15
0
0
4
8
2
13
23
13
14
0
0
0
4
0
0
22
3
0
8
6
2
3
0
23
14
13
7
4
0
0
0
16
11
0
12
0
0
11
19
0
0
0
1
13
1
0
0
12
2
10
15
8
14
1
0
0
0
8
4
6
0
1
13
11
8
0
0
0
23
20
0
32
1
3
1
3
0
10
11
0
0
0
15
0
7
1
3
0
0
15
8
5
0
0
10
10
4
8
14
15
35
0
7
2
0
0
27
0
0
12
7
2
0
0
18
6
0
10
10
0
1
0
10
11
1
0
1
1
3
0
0
0
5
1
3
0
2
10
0
0
3
12
8
1
4
0
5
0
0
0
0
0
0
0
0
11
20
2
1
15
5
7
8
0
1
0
0
21
2
7
6
4
1
0
0
13
7
6
15
0
0
11
0
0
0
0
0
0
0
4
10
2
3
1
0
0
12
7
1
1
0
2
5
0
7
7
7
1
1
0
0
0
0
10
7
11
0
0
0
4
5
6
0
0
0
3
3
1
0
0
0
0
5
3
7
1
0
7
7
2
0
4
0
0
0
0
0
0
0
7
5
0
0
6
