0
0
4
0
4
0
4
4
6
4
0
6
8
6
4
6
6
2
0
10
8
4
0
0
0
0
6
0
15
2
4
2
8
2
0
6
98
0
6
4
0
0
10
6
6
2
6
2
8
2
2
0
6
6
0
0
6
8
0
0
2
2
0
0
0
0
2
0
0
0
0
0
0
6
2
0
2
6
0
8
0
0
0
4
0
4
2
0
6
0
4
2
0
0
0
2
2
4
0
8
0
6
0
6
0
6
2
0
11
6
6
0
6
2
0
0
0
6
6
4
6
6
2
0
0
2
4
6
8
0
0
0
6
4
8
0
2
0
2
6
6
4
4
14
2
2
8
0
0
6
4
6
0
6
2
10
2
6
0
4
10
71
2
4
4
4
0
6
2
0
6
4
4
2
2
0
2
2
2
6
6
0
2
0
8
6
0
4
6
0
4
6
4
6
2
4
4
6
6
4
0
0
4
4
4
0
0
67
8
8
4
8
2
0
0
2
8
4
4
8
2
6
2
8
0
2
2
0
2
0
6
6
6
12
0
4
4
2
0
6
8
2
2
6
6
6
8
8
6
6
0
4
4
6
4
4
4
4
6
2
0
6
4
4
0
4
0
4
0
14
6
4
8
6
2
10
69
0
2
6
8
6
69
4
0
4
2
6
4
8
6
2
4
0
8
4
8
6
0
0
4
8
0
10
10
4
4
6
4
0
6
0
4
4
8
2
0
6
2
6
4
8
0
0
0
0
0
0
4
0
0
4
4
0
6
6
0
6
0
0
2
0
0
2
0
0
2
0
0
4
2
6
0
0
2
2
0
0
0
2
5
2
2
0
0
0
2
4
0
2
2
2
2
0
0
0
2
0
0
4
0
0
0
2
0
0
0
0
0
2
0
2
0
6
2
2
0
0
0
4
0
0
4
2
2
0
2
4
2
0
0
0
6
4
0
0
10
0
4
2
2
4
2
0
0
6
0
2
2
0
0
0
0
2
0
0
0
0
4
4
0
0
0
2
0
2
0
4
4
4
2
2
2
14
6
0
2
4
0
4
2
8
4
10
43
4
0
2
2
0
4
0
0
0
10
2
2
15
2
0
2
2
0
7
4
4
2
4
4
2
4
2
0
0
2
6
0
2
2
0
0
0
0
2
0
0
2
2
2
0
2
0
2
4
2
2
8
0
2
0
0
0
6
4
2
2
10
0
4
2
0
8
0
4
0
0
0
0
0
2
2
4
0
2
0
0
2
4
0
2
2
2
4
2
2
2
2
0
4
2
0
4
2
0
4
2
2
2
8
0
2
0
2
2
2
2
2
2
0
0
6
2
4
56
2
2
6
2
0
4
4
6
2
37
2
0
2
4
4
2
2
2
4
0
4
0
4
0
2
2
4
0
6
0
4
0
4
6
0
2
0
0
0
0
4
2
0
2
6
0
0
0
2
2
0
0
0
6
2
0
0
0
0
0
2
0
2
2
0
4
0
2
0
4
4
6
4
2
6
0
0
2
2
2
0
4
2
0
0
0
2
4
4
6
2
0
2
6
0
2
0
4
0
0
4
0
0
2
0
0
2
2
2
2
0
0
2
2
3
0
0
2
2
0
2
0
2
2
0
2
2
0
4
4
2
0
2
0
2
55
2
4
2
2
4
0
2
2
6
0
0
8
6
4
4
2
4
2
2
2
2
2
4
0
4
0
6
0
0
2
0
0
0
53
0
2
8
4
2
0
4
0
8
0
2
2
2
0
2
0
0
0
2
2
2
4
2
6
4
4
0
2
2
0
2
0
0
0
4
0
2
2
4
0
2
8
2
0
0
2
2
6
2
0
8
2
0
2
2
2
0
4
2
4
2
2
12
2
4
0
2
0
2
2
2
6
2
2
4
2
2
6
0
0
0
8
2
0
2
2
2
0
2
2
4
2
2
0
6
4
2
4
2
0
4
61
4
2
2
0
0
6
6
2
0
2
4
0
2
2
2
4
4
0
0
2
0
2
2
0
0
0
2
4
2
6
0
2
2
2
0
4
4
0
4
2
2
91
0
0
2
2
2
6
4
2
4
2
2
4
2
0
2
0
2
2
4
2
4
2
2
0
2
2
2
2
0
0
0
4
2
2
2
0
4
2
6
8
0
2
0
2
2
0
2
0
0
6
0
2
4
0
0
0
0
6
0
6
2
0
2
0
4
0
2
2
47
2
0
0
4
0
2
4
0
2
4
2
2
0
2
4
2
2
0
6
4
6
0
87
4
4
6
4
4
0
6
0
4
2
0
6
0
0
2
4
2
0
0
4
2
2
92
2
0
0
0
0
4
0
0
2
2
4
2
0
2
0
6
0
2
2
0
0
4
2
8
6
4
0
4
4
2
2
2
0
6
4
0
2
0
2
4
2
4
0
2
0
2
2
8
0
0
0
2
0
4
2
0
2
2
2
0
2
2
0
0
2
2
0
4
4
6
4
0
4
2
6
2
2
0
0
0
2
2
6
4
4
4
4
0
0
0
2
4
2
0
0
2
4
6
0
12
0
2
0
0
4
2
0
2
6
4
4
6
2
0
2
2
8
2
0
0
2
6
2
2
0
4
2
2
0
0
0
61
0
8
2
0
0
0
0
0
4
0
4
2
0
2
2
0
4
2
2
0
0
4
2
4
2
0
4
2
2
0
0
2
0
2
0
4
2
2
8
4
2
2
4
0
2
2
8
0
2
0
0
2
0
4
0
0
0
2
4
2
4
2
0
4
6
0
0
0
4
82
0
0
0
6
4
0
0
4
0
2
2
4
0
6
0
2
51
0
0
2
2
6
2
4
2
8
0
2
4
4
0
6
8
0
2
2
2
0
4
2
0
2
2
8
2
2
4
4
2
2
0
0
0
0
2
0
2
2
2
4
2
0
2
6
2
6
2
2
4
2
0
4
4
2
0
2
2
0
0
0
0
2
8
0
4
0
4
4
6
2
2
2
2
0
6
0
0
2
4
0
2
2
2
0
0
0
2
0
0
2
0
4
2
0
0
0
4
4
2
4
2
2
4
2
2
2
0
0
0
0
0
2
4
0
0
2
2
4
0
2
6
4
4
0
2
4
2
2
0
4
4
0
0
0
2
2
0
0
2
2
0
4
0
0
2
4
2
2
0
0
2
2
89
4
4
2
6
2
0
2
0
4
2
2
4
0
0
0
2
2
2
0
2
0
6
4
2
0
2
2
4
6
4
4
2
4
0
0
0
0
10
4
2
0
2
2
2
4
6
2
4
2
0
4
4
