0
1
2
0
3
3
10
5
0
0
0
2
8
7
0
0
4
0
0
8
0
2
1
12
0
2
1
5
2
2
0
4
0
0
4
3
2
0
2
2
8
4
1
0
3
5
5
1
2
0
2
0
4
4
7
18
0
2
4
12
1
4
4
2
5
0
4
6
4
3
7
10
7
3
17
0
6
5
4
9
9
8
14
7
9
5
0
6
3
2
0
0
12
2
2
2
2
4
0
1
2
4
4
8
3
2
7
11
2
2
10
5
5
11
2
0
2
0
0
2
5
0
0
6
6
0
0
2
5
0
2
3
0
7
4
14
2
2
6
13
0
2
4
11
14
2
5
2
5
3
2
5
1
7
25
2
3
5
2
14
11
3
3
9
0
3
8
7
0
2
0
0
7
2
0
1
2
6
3
2
2
2
10
41
3
9
5
8
2
1
0
2
6
0
6
5
2
4
0
0
7
17
18
3
10
5
0
4
7
3
5
0
0
8
2
25
33
0
0
3
9
0
4
15
3
11
3
5
4
2
1
10
2
2
0
7
6
5
2
0
1
5
3
16
3
3
5
0
6
0
2
29
0
7
0
3
8
2
2
0
0
0
10
2
2
0
2
6
2
0
2
2
0
2
0
0
2
2
39
6
3
0
2
3
2
0
4
0
4
0
4
2
0
2
0
0
0
0
0
5
0
0
0
0
0
0
0
0
2
3
0
1
1
0
8
6
0
2
3
0
5
0
5
3
0
2
4
3
4
6
0
17
11
3
0
0
6
3
10
11
8
3
4
3
0
4
4
0
6
5
7
4
5
1
5
0
2
4
1
4
3
2
7
11
8
0
0
12
2
6
3
4
0
0
2
5
2
1
2
1
12
0
5
0
4
0
2
0
8
4
2
4
9
2
2
5
7
3
0
2
9
0
5
0
8
5
8
7
0
1
2
3
2
2
5
24
0
0
4
2
4
4
6
2
2
8
2
3
3
15
0
0
22
19
4
9
3
4
0
11
8
9
5
3
5
10
28
1
19
0
3
0
2
14
0
0
2
4
2
8
7
8
7
1
10
2
14
0
5
0
3
2
2
5
0
8
5
16
0
3
1
0
18
29
6
2
2
7
7
6
1
1
0
3
4
13
32
13
10
7
2
0
25
1
2
7
0
3
0
4
0
3
1
14
5
1
8
2
3
6
6
2
7
2
2
5
0
5
2
2
0
0
2
4
0
2
0
2
4
4
2
0
3
2
2
2
2
2
0
3
0
0
4
5
0
9
7
2
4
0
2
7
0
4
0
0
4
0
0
4
0
3
2
6
0
0
1
0
0
4
2
7
2
2
4
2
0
2
0
3
0
2
0
0
0
0
2
0
12
2
2
10
2
2
2
2
3
0
2
2
16
2
2
0
0
2
2
2
0
2
4
2
1
0
3
2
4
2
0
11
0
0
0
2
2
3
4
0
5
0
6
1
2
6
2
1
41
13
6
2
2
4
0
0
2
5
0
2
4
0
0
0
4
4
4
4
2
2
2
13
2
2
4
4
8
2
0
3
2
0
3
5
4
4
4
7
4
2
4
2
2
3
2
2
5
6
6
26
2
2
8
5
5
0
4
4
2
7
2
2
4
9
1
0
4
2
8
18
17
15
13
2
2
2
5
10
2
4
5
4
2
2
5
0
2
0
4
8
2
4
9
6
16
2
2
12
8
5
5
0
4
3
2
5
4
8
4
4
0
0
4
2
5
0
9
3
0
4
7
5
2
3
5
2
2
2
6
2
0
5
9
2
9
2
0
2
7
0
0
0
8
4
2
2
6
2
0
0
2
2
0
1
7
0
0
2
1
0
2
0
0
0
0
2
0
0
2
5
0
0
0
5
0
0
0
0
0
2
5
0
2
3
1
0
2
2
2
0
6
5
0
2
0
2
0
0
0
2
2
3
2
1
2
2
2
1
2
0
2
0
2
3
3
1
3
4
5
1
2
2
6
0
2
0
0
10
5
2
2
0
2
2
0
4
24
3
15
2
0
2
0
9
0
4
2
2
0
0
4
5
5
4
5
4
3
8
2
0
0
2
2
0
5
2
0
4
2
4
0
0
2
29
0
10
2
2
4
0
2
8
2
4
2
0
0
4
9
4
2
2
2
0
2
6
4
0
0
2
2
2
2
2
5
2
2
5
3
5
6
3
0
2
11
2
4
0
2
2
2
3
2
5
0
4
0
5
6
2
2
15
2
0
5
4
8
2
0
11
2
6
4
10
7
9
6
4
0
0
2
4
2
4
2
10
5
3
2
2
4
5
13
4
2
0
2
2
0
2
0
0
0
5
2
2
0
2
2
2
6
6
4
4
0
2
0
0
4
4
4
5
7
2
2
6
7
4
6
5
2
3
5
1
2
6
4
4
2
0
12
2
5
0
0
2
2
5
4
8
3
11
4
0
2
6
2
6
2
2
7
4
4
2
0
2
2
6
0
0
0
0
2
0
4
2
0
2
2
2
0
4
2
2
2
2
0
4
0
0
2
8
2
2
0
0
0
1
0
2
0
0
0
0
2
2
0
4
0
2
0
0
0
0
2
2
0
2
2
0
3
2
3
0
2
0
2
0
9
2
4
0
0
0
4
2
2
0
2
3
4
3
4
2
2
0
0
0
4
2
6
0
4
2
2
4
0
4
3
0
0
4
2
0
2
0
2
7
2
2
0
0
2
2
10
0
7
4
4
8
0
8
2
2
0
2
2
2
3
2
3
2
2
2
7
2
5
5
8
5
2
5
5
0
2
2
2
8
2
2
5
8
4
3
5
2
2
2
0
0
4
12
2
2
3
2
4
4
0
7
0
10
3
10
7
4
4
7
4
8
6
8
11
3
20
10
10
7
2
4
6
2
0
0
2
2
2
8
7
17
3
0
0
2
4
5
11
2
10
14
15
10
2
4
8
0
2
5
2
6
8
2
10
0
3
3
0
3
3
0
14
3
2
6
4
2
8
5
6
6
2
5
1
2
0
0
2
4
3
30
0
2
0
5
1
2
20
4
3
7
8
3
0
3
0
22
0
16
4
12
3
3
0
0
2
5
0
2
0
0
0
0
2
6
2
2
2
9
3
5
2
2
0
7
1
2
0
2
5
6
2
7
4
0
3
2
2
2
5
2
0
0
2
12
2
2
3
0
7
5
6
4
4
0
0
21
0
2
0
6
2
0
10
0
2
2
7
5
2
2
2
4
4
0
8
3
3
0
2
14
2
3
0
4
3
4
0
2
6
0
2
1
