34
39
42
53
34
73
30
37
37
33
46
48
29
37
54
49
51
35
36
36
36
26
57
37
29
33
56
61
27
57
33
46
18
34
36
47
31
49
50
38
35
43
30
34
37
24
56
24
32
62
43
43
59
50
35
36
29
26
50
32
34
31
45
34
66
45
38
46
30
54
32
41
33
25
56
55
37
30
44
22
31
26
57
38
32
45
78
34
38
51
31
69
34
30
38
52
29
31
82
70
57
38
47
36
34
32
36
33
39
50
41
39
35
50
39
43
23
29
29
36
47
58
50
41
68
38
31
31
25
27
55
28
33
22
32
37
24
28
22
27
28
23
45
41
30
29
35
43
32
41
22
27
22
16
29
29
21
26
41
36
34
62
32
21
24
22
38
24
32
26
54
53
35
24
46
34
23
18
20
39
35
19
61
43
25
45
32
28
22
26
37
39
26
19
26
19
23
26
27
35
20
25
34
34
24
24
44
36
33
32
28
23
24
31
33
49
20
23
20
30
28
32
33
32
33
33
39
32
32
32
37
70
39
25
22
29
20
22
27
25
29
22
37
42
42
25
27
23
24
17
21
27
24
31
25
33
30
35
26
24
23
19
24
30
36
24
36
38
38
27
18
36
25
25
23
65
23
34
46
36
26
31
33
47
18
21
33
33
33
24
38
45
37
43
39
29
31
26
29
32
23
23
44
53
56
42
21
27
29
23
31
31
24
28
34
39
43
58
39
42
31
42
47
28
18
29
26
34
51
31
33
33
38
30
37
25
49
27
25
44
91
45
50
28
33
25
19
29
22
25
31
53
42
44
27
43
33
30
56
21
19
25
22
30
36
36
27
38
31
23
17
27
21
31
33
31
44
31
28
29
31
21
28
36
38
18
36
52
36
31
29
48
29
25
59
28
36
31
31
30
47
29
29
34
32
25
32
30
36
22
55
39
38
37
29
24
33
24
48
30
25
41
53
42
47
33
35
31
33
23
32
30
32
31
34
39
34
46
34
31
33
20
33
32
34
32
34
49
27
37
29
28
37
22
24
24
32
27
27
32
51
40
31
44
22
24
26
20
27
24
29
44
43
34
40
46
21
23
43
26
38
37
26
54
48
36
44
35
38
34
33
25
25
34
24
44
31
34
28
34
35
25
29
17
22
34
41
57
60
29
34
36
31
21
32
25
29
30
34
48
57
33
33
49
23
22
36
32
23
32
47
25
38
32
32
74
23
22
36
37
24
47
41
38
36
28
47
21
22
28
47
35
29
23
36
46
45
41
29
38
24
28
50
32
27
31
50
53
37
45
25
25
32
32
59
35
23
23
24
45
39
34
36
31
30
21
22
42
25
25
37
55
35
28
37
40
27
24
31
32
26
29
32
36
57
30
30
29
20
26
19
48
28
30
31
54
24
32
33
42
37
25
23
23
32
32
30
32
32
29
19
34
18
24
23
32
23
26
22
33
39
23
40
32
44
24
24
37
24
30
30
54
25
36
37
32
29
23
26
31
29
23
25
33
65
38
33
48
29
20
24
25
27
28
26
38
49
49
29
29
25
23
25
33
31
22
29
36
37
46
34
34
32
26
24
31
31
31
30
32
44
26
30
26
35
21
37
30
26
25
28
38
39
42
44
33
31
27
29
31
26
35
33
32
46
41
32
36
29
24
34
28
28
28
34
30
39
46
36
42
34
26
25
36
33
24
31
56
46
34
36
45
42
31
24
24
20
33
27
41
46
50
32
29
30
25
28
33
27
33
32
31
61
42
37
32
22
21
21
35
29
19
32
62
45
45
35
46
34
24
42
33
32
34
37
55
24
41
27
48
27
27
23
27
24
22
27
46
77
33
37
29
26
18
30
35
24
30
25
33
24
28
30
30
33
20
33
30
29
28
46
26
43
33
31
23
32
20
26
35
29
38
62
44
55
60
37
24
24
25
24
26
23
37
60
32
77
35
34
19
25
28
29
21
35
50
47
66
59
33
32
31
36
43
33
38
53
61
29
51
53
32
29
24
39
29
51
28
46
55
57
43
39
20
35
33
36
70
24
42
31
74
55
38
26
31
25
27
35
29
31
30
30
90
54
38
36
27
32
28
21
26
24
41
33
77
36
31
34
26
25
32
30
29
32
45
48
60
40
64
28
42
36
19
46
34
23
37
47
63
18
47
38
27
27
32
32
32
40
26
41
47
42
37
39
31
26
21
28
31
39
30
38
94
44
28
26
25
37
31
27
23
56
34
32
47
49
40
29
37
28
30
30
35
50
32
45
39
51
43
35
26
34
25
28
33
44
37
40
62
49
40
47
28
29
29
33
29
35
33
21
57
67
28
33
47
31
34
28
30
34
35
48
29
39
47
31
24
22
31
35
25
34
37
39
28
50
39
28
40
31
27
25
38
42
23
33
45
32
27
33
34
33
37
29
15
41
34
24
36
35
23
26
26
25
24
58
23
34
24
30
35
27
37
29
27
42
23
17
24
29
71
21
30
35
35
54
42
27
35
19
29
20
34
56
31
73
31
44
32
28
31
31
26
34
35
36
64
45
39
26
26
34
32
33
30
37
31
49
41
63
40
35
42
38
49
29
24
38
31
41
77
49
46
39
29
39
35
37
29
47
43
46
50
57
54
48
51
72
39
23
41
24
30
44
48
71
85
34
52
59
35
27
44
27
34
43
65
33
53
54
45
51
46
35
28
37
26
52
42
26
33
37
59
41
29
23
19
24
30
35
22
48
82
64
45
62
36
58
43
33
30
20
39
56
59
74
68
46
51
45
30
37
19
32
55
39
28
56
55
40
39
37
72
35
32
45
75
28
50
29
36
58
47
35
64
30
30
29
28
29
44
76
45
21
29
44
36
35
37
48
52
31
36
33
67
40
35
25
35
38
32
32
34
48
37
56
62
62
25
23
80
28
30
46
22
48
49
54
49
25
29
55
39
34
30
31
32
25
51
42
69
65
40
31
57
32
24
36
39
39
55
36
30
36
46
23
32
31
32
50
30
32
33
36
30
36
29
25
32
31
24
26
27
26
44
31
31
39
26
18
20
34
26
22
31
44
54
23
37
43
28
33
60
31
24
40
23
50
27
25
37
37
26
30
25
46
28
23
28
34
65
47
23
40
29
27
52
29
18
47
72
50
83
46
29
22
20
47
32
32
30
55
42
34
69
31
51
50
32
25
77
23
23
52
47
34
30
34
26
39
25
32
30
22
47
46
35
51
24
41
31
46
24
19
30
18
28
35
72
31
35
37
43
34
17
44
23
46
28
