22
24
15
16
20
24
10
16
15
17
40
38
24
22
11
18
15
11
23
10
24
14
15
17
21
19
21
23
11
17
23
20
11
24
15
17
14
17
22
24
18
23
21
21
17
11
22
22
21
9
21
26
13
26
18
20
24
17
22
16
9
30
24
19
7
41
25
4
10
10
9
5
9
9
2
5
5
10
7
9
9
2
11
7
14
5
7
12
7
14
7
9
2
8
4
4
7
7
6
7
5
5
9
8
7
7
7
7
5
6
9
6
5
9
4
14
15
8
9
11
12
29
9
8
9
10
15
9
11
9
8
7
8
21
12
12
12
6
9
9
12
11
4
13
5
10
15
7
7
8
8
5
7
11
7
10
15
5
8
11
0
12
7
30
34
32
7
10
15
10
14
13
9
8
9
7
11
11
12
10
17
40
28
10
8
8
8
12
7
7
9
11
6
6
7
3
2
12
7
10
11
7
9
11
6
13
0
9
13
6
5
7
7
9
41
15
21
30
21
9
16
14
22
14
21
17
17
15
12
11
11
13
17
20
14
9
21
12
22
26
18
28
23
18
15
24
13
16
18
26
16
20
22
21
22
10
11
12
20
8
15
10
15
15
21
6
12
11
9
8
33
21
32
9
13
14
18
15
18
9
9
15
22
19
11
20
10
18
9
9
5
9
10
11
6
9
9
7
7
15
6
9
8
10
13
9
10
8
7
6
5
11
7
7
5
37
6
7
5
7
6
4
12
10
8
9
9
10
6
9
17
9
6
11
11
10
8
6
9
9
11
11
2
15
12
17
9
15
11
7
19
8
5
11
7
15
17
10
15
10
8
5
9
7
9
6
35
25
7
14
12
13
13
10
3
11
5
12
20
15
13
14
39
25
20
15
13
15
6
11
5
13
11
9
20
15
11
8
11
19
15
18
12
11
4
9
15
17
12
17
7
17
7
13
13
7
14
7
19
14
12
12
20
12
22
10
11
9
8
13
6
11
11
20
17
7
21
18
27
21
22
15
18
17
21
12
26
13
38
12
43
11
17
22
23
17
21
19
14
12
12
18
11
15
13
12
17
12
14
14
21
15
36
34
21
26
14
7
11
11
9
15
3
11
16
7
18
17
15
18
7
19
11
13
3
13
14
14
9
11
16
11
18
20
14
15
12
12
11
10
9
14
17
34
18
9
18
14
13
7
14
17
4
12
7
11
14
8
23
12
10
21
10
17
15
14
12
7
7
9
9
10
18
5
17
11
9
20
7
7
15
11
5
7
10
15
5
12
11
12
20
13
18
12
9
7
8
15
13
11
17
10
9
11
13
13
8
2
4
8
9
5
8
4
5
3
4
9
5
2
4
4
5
3
8
6
5
9
1
7
9
8
2
6
6
2
5
7
4
10
4
9
2
3
6
3
0
15
9
7
6
6
14
9
49
40
45
2
4
4
6
7
20
2
4
2
3
9
5
4
0
6
4
11
6
2
4
2
6
4
5
15
2
10
2
6
7
4
3
4
2
7
13
10
5
17
12
7
5
12
4
10
7
2
5
6
6
2
16
4
6
2
4
2
4
4
4
2
8
5
7
4
9
2
5
4
2
13
9
9
11
12
4
4
5
2
5
18
6
5
4
4
0
9
5
7
4
4
8
7
55
2
8
10
7
6
2
6
4
7
29
9
14
5
7
7
9
13
14
7
3
12
4
6
13
8
9
13
2
6
6
10
3
3
3
6
6
8
4
4
6
4
6
15
6
7
9
7
10
7
4
6
7
5
9
19
2
7
29
4
34
4
9
0
4
8
2
11
9
15
6
10
7
11
9
3
5
9
2
9
13
2
7
7
6
29
4
4
6
3
4
4
5
5
4
4
4
4
5
4
5
4
5
10
5
2
7
9
6
6
8
9
7
6
7
0
4
5
7
6
2
11
3
13
4
11
11
3
7
5
10
9
2
7
15
2
5
6
8
8
8
8
3
7
7
20
9
6
22
15
22
29
20
15
4
9
15
15
13
13
7
15
13
9
13
13
17
15
13
13
15
8
13
13
9
11
17
4
17
15
13
17
11
8
26
13
8
12
4
5
11
11
14
10
15
11
15
7
6
27
16
11
5
5
19
17
9
11
19
28
24
11
16
7
9
26
8
19
11
17
9
6
21
12
18
8
5
20
9
20
13
22
12
13
11
9
13
7
13
11
9
25
11
12
12
10
7
7
7
13
9
5
9
14
9
14
9
8
8
7
8
7
7
19
7
13
13
13
9
9
15
12
9
10
7
9
9
9
9
14
8
18
6
15
11
9
37
36
36
17
15
8
14
9
22
8
11
9
10
17
13
7
12
16
12
13
23
16
18
5
59
15
21
9
5
15
19
22
10
7
11
14
15
11
19
12
20
21
20
15
8
10
11
13
13
12
16
8
14
9
10
11
11
13
7
9
9
15
9
10
7
13
15
9
15
11
11
7
9
11
11
7
20
18
9
12
6
14
9
9
9
11
4
47
6
13
11
12
18
7
7
10
15
9
9
26
10
8
7
15
16
9
10
11
13
7
7
6
7
21
9
11
5
5
17
9
11
8
6
5
8
15
13
19
15
11
12
13
10
13
11
11
19
5
8
7
7
3
6
4
11
8
14
14
13
13
11
10
13
13
11
20
12
11
17
19
27
16
20
15
21
15
13
17
16
9
19
19
15
11
13
11
76
48
13
12
9
12
13
19
19
19
7
17
21
15
15
19
15
19
13
18
13
25
19
14
15
31
17
19
47
38
25
14
26
5
15
49
56
11
7
14
15
18
11
23
26
12
19
14
17
21
18
11
17
23
22
16
37
23
20
14
17
16
12
33
31
19
28
13
17
30
7
13
37
13
11
20
14
16
14
19
54
14
2
6
4
7
6
2
7
9
11
9
34
2
0
8
5
9
11
4
12
4
6
4
3
10
9
5
9
8
13
10
5
4
5
7
10
11
10
6
8
8
9
6
7
7
8
4
9
7
9
4
8
2
2
5
13
13
4
27
25
11
7
8
4
4
21
8
5
5
6
13
15
13
9
58
11
11
20
16
19
12
13
8
13
7
10
11
13
13
9
12
23
7
8
9
15
17
5
9
11
10
9
9
8
13
15
8
13
15
13
13
14
9
8
15
6
17
7
19
15
8
7
9
7
11
6
20
15
13
11
18
15
6
11
7
15
11
10
11
4
8
11
11
5
9
12
5
5
11
11
17
9
13
6
5
7
9
8
2
5
3
6
4
7
5
9
10
15
9
17
4
7
15
19
17
9
4
