19
9
6
7
17
25
11
9
9
11
13
9
11
6
6
11
10
7
10
12
10
11
6
9
15
8
6
6
17
12
17
17
12
6
16
17
7
13
15
14
4
10
15
12
8
12
2
2
4
10
8
4
4
8
4
8
8
6
4
4
4
6
6
6
8
19
13
11
10
10
11
14
12
10
10
6
8
11
6
2
6
4
11
11
11
11
8
15
8
8
13
8
8
6
9
11
8
11
7
27
15
8
9
12
13
13
15
17
9
13
4
13
11
15
14
7
8
9
13
17
13
10
27
15
23
8
6
25
7
20
19
21
20
10
11
15
18
6
7
17
21
26
22
9
10
8
11
6
9
11
6
14
15
17
12
23
15
19
27
15
4
29
24
11
8
15
11
10
7
13
23
4
15
17
9
8
20
13
8
10
17
22
10
24
22
9
9
30
19
8
8
23
6
21
23
8
13
26
28
13
8
8
15
15
4
11
23
17
17
6
15
11
6
9
7
15
13
17
13
8
10
9
15
26
16
6
21
19
9
17
21
11
14
9
11
21
6
11
19
17
19
8
11
21
9
6
14
10
14
16
10
11
23
14
13
10
8
23
7
11
12
21
11
25
36
11
4
4
13
6
21
8
17
12
8
6
9
12
9
4
15
14
8
8
13
15
4
15
15
8
6
9
6
9
9
11
7
8
7
6
13
11
12
15
4
9
9
11
6
13
9
7
6
8
11
5
8
6
7
8
8
10
15
7
15
10
7
11
13
6
8
13
9
13
11
11
4
17
7
9
15
11
15
7
8
11
11
17
21
21
4
8
13
13
8
17
8
13
8
4
13
4
11
11
10
17
13
4
9
10
6
10
10
8
10
8
13
11
25
8
12
11
9
13
15
13
10
4
4
12
12
12
23
19
11
9
6
17
20
12
6
8
11
15
8
21
9
11
9
19
37
11
9
15
13
10
14
13
14
12
10
13
19
13
6
17
27
8
30
18
14
15
19
9
21
11
15
6
28
25
17
22
9
17
24
10
9
16
8
9
19
20
19
11
17
15
11
19
21
17
11
25
13
21
19
23
25
23
25
21
19
23
7
6
23
11
7
17
37
13
23
15
10
19
13
14
13
19
8
10
4
20
6
23
20
21
18
6
15
6
20
18
6
15
12
18
8
10
19
13
20
12
17
19
14
14
8
23
10
14
19
8
8
12
6
9
12
10
12
18
14
12
8
24
16
6
12
11
10
8
4
11
4
6
25
13
11
14
10
11
12
6
8
15
9
10
10
13
10
10
14
13
15
13
6
10
7
8
12
9
10
12
12
8
11
14
8
10
14
10
20
19
10
8
15
10
14
8
12
13
6
10
8
17
10
19
17
16
13
19
13
0
6
17
12
10
6
6
19
8
8
11
10
8
6
11
8
19
6
8
13
7
7
6
8
7
6
6
15
8
14
7
15
6
6
6
15
6
6
4
13
8
10
12
18
6
15
15
21
6
10
10
13
12
10
18
2
15
10
10
10
13
10
11
10
10
13
12
8
8
12
6
10
19
14
12
10
8
13
13
8
8
8
18
17
7
10
12
18
6
10
25
10
4
15
10
11
12
9
10
8
11
25
19
6
18
10
13
8
7
8
6
8
13
13
25
17
17
13
8
29
8
8
12
6
6
19
9
4
10
14
6
11
9
19
13
7
11
12
12
13
9
26
19
21
4
4
8
12
6
15
14
6
12
6
8
6
13
6
12
6
8
8
19
17
7
6
12
8
17
4
13
15
21
25
8
14
10
14
15
11
13
12
4
11
11
11
12
6
8
15
13
10
6
8
13
2
11
14
9
11
15
12
13
9
8
13
11
10
32
6
16
6
9
8
10
6
14
10
8
11
7
10
6
9
11
4
2
0
6
12
10
4
4
2
2
4
2
2
0
4
0
6
2
2
0
6
4
4
2
4
4
2
4
0
0
2
0
7
2
5
4
0
2
7
8
8
12
6
13
6
8
0
8
2
2
2
4
2
6
6
6
4
6
2
0
2
2
6
8
2
4
8
6
9
11
6
6
0
9
9
2
4
11
10
6
6
4
8
10
2
6
2
11
52
6
8
6
4
8
2
9
8
6
12
12
12
13
6
8
8
12
10
9
7
10
12
12
16
12
10
8
10
8
6
10
10
14
15
13
10
8
12
10
7
17
14
12
6
6
15
19
16
8
10
4
6
15
6
16
21
6
22
14
20
10
8
12
9
6
14
12
31
11
20
4
6
11
15
6
13
12
8
13
15
18
12
14
14
4
15
12
12
12
12
14
19
4
15
17
15
13
19
16
14
8
16
15
6
10
15
11
8
15
17
12
21
16
12
19
19
15
12
8
15
9
10
8
15
13
16
15
12
8
4
6
4
5
6
21
17
19
12
27
6
4
20
13
16
14
23
9
10
13
14
8
17
12
10
10
23
13
17
21
15
17
19
8
10
16
10
15
6
9
10
8
8
15
12
12
6
9
9
6
13
8
12
23
14
6
4
8
11
9
81
11
6
6
6
8
6
8
21
2
14
6
10
6
6
11
10
6
7
6
6
6
6
6
0
8
5
6
7
8
4
0
6
6
4
6
2
2
0
4
0
6
8
4
13
10
6
6
12
9
10
12
12
11
13
8
6
8
10
14
14
4
10
29
13
15
6
12
8
8
17
7
9
5
16
19
10
12
6
8
6
9
12
10
13
13
13
8
12
8
11
23
13
12
15
15
12
20
14
8
19
6
8
8
17
14
10
8
17
12
18
14
14
19
14
15
8
6
17
19
14
10
6
9
15
11
12
8
13
9
10
23
13
12
19
25
15
13
19
9
9
9
6
10
15
10
12
18
23
17
13
18
12
13
12
6
19
17
15
6
17
10
21
17
8
14
12
14
12
6
13
12
4
12
14
8
13
13
21
15
10
23
12
12
25
19
14
17
9
11
8
8
14
11
11
8
19
26
10
17
21
15
10
10
20
12
17
15
18
6
17
13
15
25
20
17
21
12
19
13
17
21
14
15
33
17
19
18
7
17
19
10
11
9
10
19
16
11
2
8
21
19
9
8
4
11
23
23
15
20
11
17
17
17
15
10
23
11
16
10
17
17
15
10
6
15
12
22
10
8
10
6
8
11
15
17
8
10
6
12
17
11
2
13
8
8
10
13
0
6
17
9
17
19
12
8
9
10
11
8
15
17
11
6
17
10
5
8
6
4
6
8
19
9
9
17
10
11
6
8
14
17
8
9
10
7
9
6
4
5
8
6
6
11
6
21
