8
4
12
10
8
10
8
8
6
18
12
0
6
8
6
8
4
12
8
8
8
6
10
6
4
6
4
4
10
6
8
6
4
12
12
8
10
6
14
6
10
8
12
6
8
12
8
4
6
12
8
4
8
12
4
16
14
8
6
8
16
10
4
10
8
18
16
8
14
14
12
12
10
10
6
8
18
8
12
6
6
12
16
8
14
4
10
12
6
12
20
18
20
18
33
8
14
16
4
10
16
6
6
4
8
10
8
10
20
12
14
4
20
6
18
24
20
8
20
6
20
6
20
10
10
8
4
10
10
10
8
6
4
12
14
20
10
12
18
6
4
24
6
10
22
20
10
16
28
10
20
16
22
12
14
8
8
12
6
10
18
4
26
6
14
12
22
18
14
6
10
6
10
26
20
10
24
8
22
12
6
16
12
12
18
12
18
10
14
10
16
26
28
14
8
14
8
18
4
8
8
8
18
12
20
22
14
18
4
10
18
12
20
16
14
10
6
18
4
12
6
8
16
16
16
4
14
8
10
10
16
10
12
8
10
14
12
10
12
8
12
16
10
8
8
12
10
4
14
14
4
8
8
6
10
12
4
10
6
8
12
6
8
16
4
10
8
6
4
4
37
14
16
10
12
6
12
10
12
10
10
6
4
8
2
4
4
6
14
6
8
4
8
10
8
8
8
10
8
2
12
10
10
6
14
22
12
10
8
8
6
6
31
14
8
8
10
8
8
2
12
8
14
2
14
14
8
8
4
31
4
6
10
12
10
12
8
4
10
4
8
10
4
16
2
8
8
4
10
8
2
8
6
6
6
8
16
8
6
8
6
0
20
4
4
6
6
6
10
8
8
10
6
14
14
4
8
14
4
6
8
10
10
8
10
8
12
8
14
18
6
10
12
8
10
20
8
18
8
10
10
8
10
12
8
12
10
24
8
12
8
6
12
35
4
12
8
12
10
22
6
12
6
16
6
6
10
12
12
14
18
8
8
8
12
37
18
8
18
8
8
16
12
12
8
12
14
6
8
20
6
12
16
12
16
18
16
4
29
8
6
20
12
20
12
8
10
41
12
8
20
8
6
12
14
6
6
16
4
49
10
10
8
22
8
10
10
16
10
14
20
4
8
16
20
8
16
12
14
12
8
10
20
8
10
18
22
10
18
14
16
26
12
6
6
4
22
18
6
24
4
14
14
14
8
14
10
16
8
10
8
16
10
16
14
4
12
31
12
12
10
6
14
14
10
18
10
8
22
6
22
14
10
8
22
12
18
10
20
12
10
45
20
14
12
12
16
6
45
6
10
12
4
16
12
14
10
8
8
4
10
10
4
8
8
4
8
6
2
4
6
8
4
8
8
10
6
8
4
10
14
6
8
6
8
6
8
22
8
8
8
12
6
18
8
4
6
12
2
8
8
20
8
8
0
10
8
6
8
8
12
10
6
10
8
10
10
8
12
18
6
10
8
10
8
6
4
8
4
8
6
12
16
37
8
10
8
4
6
8
8
8
12
8
2
14
8
16
4
12
8
4
8
8
6
6
10
6
8
10
18
4
18
18
10
6
8
10
20
8
12
6
10
6
24
35
10
4
6
6
45
10
10
14
4
10
18
4
8
6
12
14
12
8
0
12
8
10
8
14
10
8
10
8
12
14
8
6
6
8
16
6
16
14
10
10
6
10
8
8
4
12
10
10
16
6
10
8
8
10
14
14
12
16
12
12
26
20
10
10
16
24
12
8
8
22
24
10
18
14
16
47
20
37
12
14
6
8
18
10
22
6
22
4
6
18
18
10
10
18
4
22
10
10
4
10
14
14
4
4
8
16
10
4
22
16
16
8
10
10
31
4
12
8
10
14
16
8
10
12
8
18
24
8
16
12
10
8
2
10
8
6
10
8
6
8
6
10
6
10
18
8
10
4
8
6
10
12
10
8
35
14
8
12
10
10
6
6
12
14
12
10
8
16
6
12
4
10
6
0
0
4
2
6
12
6
0
4
4
8
8
12
4
6
2
4
0
2
6
2
2
2
4
4
6
4
4
0
8
6
4
0
8
6
4
2
10
6
8
4
2
14
0
4
6
4
2
2
6
2
8
16
10
2
2
6
4
4
8
2
2
4
4
2
2
4
4
10
10
8
8
4
4
10
6
10
6
6
18
8
6
16
8
12
8
10
6
12
10
10
16
10
6
12
26
10
8
10
34
12
8
10
16
8
20
12
4
12
18
10
16
12
4
10
22
16
10
8
12
8
12
20
24
14
6
16
8
6
26
12
14
8
16
20
12
4
22
30
10
10
8
8
22
4
14
10
21
14
18
10
20
10
12
10
10
6
6
6
14
20
12
12
10
20
8
10
14
12
8
10
4
4
16
4
10
6
12
12
12
18
22
6
12
8
18
6
8
8
18
10
18
6
12
8
8
16
4
14
16
10
16
10
8
8
22
12
4
14
12
10
10
18
6
6
8
6
8
8
6
20
18
6
24
16
8
14
14
12
6
12
16
8
14
12
10
4
8
8
6
8
14
2
8
6
0
2
2
0
6
8
0
2
12
2
2
16
2
8
2
8
2
4
8
8
12
10
6
8
4
8
14
4
4
4
20
8
2
8
2
8
10
8
6
6
18
10
8
8
10
10
14
6
20
10
2
8
12
8
16
8
18
10
10
8
18
8
8
6
2
4
10
14
18
16
10
4
6
8
20
8
14
8
18
8
4
10
6
10
10
8
10
12
8
24
14
10
14
8
8
10
10
2
10
6
10
6
16
14
6
18
16
4
12
2
6
8
12
16
14
24
18
8
12
18
14
4
10
18
20
18
18
10
8
14
10
16
16
8
4
14
8
10
10
14
16
24
18
8
6
6
12
18
16
8
8
16
10
14
12
10
10
10
30
18
8
6
16
8
4
14
14
6
18
12
8
6
12
16
10
10
12
4
8
12
14
4
10
8
18
12
12
16
2
6
20
12
12
14
14
8
20
10
20
8
24
4
14
18
16
14
14
6
14
16
6
10
22
18
8
16
10
12
32
22
6
10
6
10
28
22
16
8
22
24
8
14
10
6
12
10
20
12
10
18
8
10
12
10
16
12
22
22
20
22
8
8
18
20
10
6
12
12
16
8
14
20
12
8
8
12
10
18
4
12
8
6
10
12
4
20
14
12
8
14
10
6
12
8
8
12
8
8
2
16
10
6
2
6
10
4
6
12
4
4
10
4
6
6
10
12
4
14
4
6
4
12
4
10
14
8
2
16
6
14
6
2
20
4
8
8
