11
9
9
9
14
9
7
13
6
20
9
11
7
4
4
15
22
10
4
4
17
6
15
11
13
21
6
13
36
17
9
19
17
17
4
11
13
6
24
7
9
6
15
13
9
13
11
15
13
9
6
9
6
19
12
7
8
11
13
7
27
19
6
8
28
14
16
5
19
9
19
19
7
9
10
11
30
17
6
7
17
26
7
4
21
15
11
11
35
17
17
18
13
38
29
28
19
11
11
14
7
28
50
19
24
42
35
15
19
24
16
19
16
30
12
11
13
15
20
27
28
26
9
39
20
22
34
14
34
40
50
9
18
24
26
18
21
17
21
30
22
30
24
21
11
18
15
40
30
15
12
30
22
25
11
15
20
34
13
20
24
22
38
33
39
22
18
22
30
32
38
23
11
27
15
38
24
37
36
13
43
11
15
38
25
26
21
32
15
24
32
18
34
30
26
28
30
34
21
30
20
17
27
34
21
13
17
11
34
31
23
39
13
16
12
40
21
19
23
9
16
24
11
21
19
11
26
15
11
28
15
29
11
26
31
26
23
13
19
23
30
40
20
12
32
18
11
9
38
17
24
12
48
32
15
21
13
44
20
28
14
46
17
38
37
13
21
13
41
11
19
24
28
18
20
9
17
35
30
11
15
13
16
24
18
7
36
8
9
15
5
4
14
12
7
32
15
19
11
5
18
18
11
5
6
9
4
5
11
19
7
9
10
9
7
8
5
18
21
6
9
11
5
19
14
38
2
9
5
10
5
13
5
11
6
7
7
11
11
9
14
7
9
10
25
5
4
19
5
19
8
9
9
27
9
13
7
9
9
20
5
4
18
9
8
11
13
13
16
20
8
4
18
9
11
13
5
4
10
12
9
12
16
16
11
8
16
11
11
11
8
14
14
15
10
16
13
11
9
13
12
9
9
4
9
9
4
7
14
13
7
14
7
11
19
10
11
9
17
18
9
41
15
9
13
16
14
27
5
16
15
22
12
19
26
13
13
5
11
12
18
17
9
15
22
14
29
15
13
32
7
20
16
8
25
21
9
12
27
13
13
11
12
20
30
27
11
27
22
13
20
11
27
30
16
14
11
10
14
24
11
18
10
16
23
11
24
9
15
25
4
7
15
19
14
9
41
18
15
14
13
21
23
11
10
24
11
11
7
12
15
9
22
9
5
15
11
14
18
19
14
14
12
13
21
25
11
17
16
14
15
16
9
9
11
13
12
20
17
30
12
14
9
7
21
9
8
12
19
15
8
13
9
13
7
11
14
11
7
9
11
11
11
20
11
14
4
11
10
7
7
6
9
9
9
6
11
10
12
7
3
7
11
28
7
9
10
9
11
16
11
5
5
15
11
11
9
7
9
9
7
9
23
2
7
14
7
7
5
11
11
13
7
7
11
7
6
9
14
8
11
15
17
20
18
34
6
7
13
7
13
10
12
9
9
13
11
13
15
7
6
9
7
4
14
7
7
13
15
14
7
7
5
11
5
14
14
13
7
11
7
10
9
13
11
11
7
7
9
11
9
16
9
10
7
18
7
9
5
14
23
18
34
11
8
20
11
26
15
13
15
16
17
14
20
27
16
28
27
21
7
16
20
19
24
18
23
17
11
18
12
13
13
16
9
15
18
11
16
13
10
18
24
24
11
15
21
18
17
7
17
18
30
11
13
24
23
17
21
21
7
18
11
16
11
12
18
31
29
23
15
11
15
18
31
30
14
23
6
29
26
23
12
14
33
16
16
4
20
11
22
23
16
10
9
23
21
11
22
30
17
9
9
25
17
7
20
16
7
14
8
25
9
13
15
16
13
17
9
13
11
16
11
25
18
8
13
16
13
7
17
6
14
9
11
37
15
9
9
11
16
6
13
4
13
13
14
9
9
9
7
13
23
7
12
6
13
18
19
7
40
7
12
13
14
11
7
12
9
16
11
15
6
15
24
10
9
5
10
18
14
7
11
9
9
11
4
11
11
11
17
6
11
11
9
11
8
11
6
11
31
11
15
8
10
4
8
6
8
5
4
10
25
8
9
25
8
23
6
12
15
4
13
11
12
8
4
8
17
8
7
11
11
10
6
8
4
13
13
8
2
10
4
27
2
8
8
10
8
8
13
12
6
8
9
6
13
12
11
6
11
4
22
9
8
15
12
10
9
12
4
27
9
8
4
8
8
8
9
10
13
10
13
11
8
12
11
9
8
11
17
6
19
11
6
21
21
7
21
8
11
16
6
13
8
17
15
2
12
15
23
9
10
17
15
10
10
11
13
11
8
13
13
11
20
13
23
15
21
15
7
8
8
15
9
12
6
6
13
13
13
13
8
46
6
13
9
19
11
10
13
13
11
19
8
7
9
15
11
15
10
19
13
15
15
17
13
7
7
15
8
10
8
9
19
11
15
19
40
10
8
10
17
7
13
8
9
17
8
8
13
8
12
6
8
9
17
4
11
13
2
13
13
6
2
7
6
6
6
19
10
9
7
9
9
11
6
9
6
9
12
9
10
14
17
6
9
4
2
6
8
2
9
4
4
6
4
0
4
0
4
7
0
4
2
4
19
2
2
2
4
0
0
4
2
2
0
4
0
4
4
2
6
0
0
0
7
4
4
4
2
4
15
15
23
12
46
25
19
17
11
9
8
8
11
15
27
15
8
8
23
12
21
14
11
7
17
11
17
10
11
13
14
15
8
17
13
15
6
9
13
8
17
4
8
9
13
12
19
13
17
13
8
15
24
6
19
7
24
15
9
17
13
6
11
15
12
15
15
11
11
13
11
6
17
12
8
8
11
28
9
13
11
8
11
21
8
6
9
19
17
15
11
17
10
15
15
17
10
15
11
19
15
17
8
52
19
10
32
8
6
10
8
19
17
23
19
13
17
22
21
17
17
21
7
13
8
21
8
19
10
13
19
19
7
6
7
6
13
11
11
13
15
22
9
17
30
10
11
13
4
13
9
8
19
15
17
17
12
19
13
11
15
17
11
19
23
4
17
11
15
9
23
12
4
13
11
21
11
4
15
6
10
7
4
12
15
19
11
13
19
11
19
17
17
6
19
6
15
25
25
13
6
8
22
17
15
8
13
7
23
13
20
17
11
15
11
15
13
15
7
11
11
6
4
13
6
4
2
13
8
9
15
10
6
6
11
10
6
11
8
9
8
4
4
11
12
12
9
17
2
17
6
15
15
17
8
2
12
11
6
6
11
6
8
6
15
13
8
10
6
4
12
8
25
6
4
7
6
6
6
11
4
7
9
4
13
9
2
15
