17
10
17
29
19
17
15
10
15
21
25
11
15
10
21
27
23
15
4
25
21
12
17
15
18
10
6
10
12
23
25
21
8
15
19
12
27
15
39
21
23
13
21
17
8
12
12
23
8
13
40
21
13
29
15
17
29
13
33
23
21
33
27
19
23
13
12
12
18
17
40
29
44
29
15
21
23
37
39
31
13
12
29
8
43
42
19
37
19
15
46
25
26
15
34
42
19
13
23
31
12
40
19
40
64
38
35
50
8
33
23
29
44
23
39
42
41
13
25
27
19
44
35
17
51
53
27
19
13
44
42
10
37
15
27
17
32
48
39
44
35
50
14
15
12
12
64
21
37
48
17
45
40
10
21
29
33
8
21
44
52
21
31
15
15
25
19
21
42
35
60
23
44
25
12
59
23
37
54
18
25
15
17
23
46
35
31
29
40
12
46
15
12
60
63
38
13
12
27
25
71
23
23
29
41
23
12
61
38
10
46
12
7
12
52
15
48
48
17
56
21
44
33
14
14
23
33
46
21
29
29
27
21
33
10
15
37
24
12
29
15
13
29
17
31
36
35
21
23
29
27
37
10
12
33
40
15
56
23
27
23
19
25
52
26
13
50
12
14
12
8
15
21
25
15
62
21
46
27
33
33
27
17
25
25
11
29
19
8
15
13
2
19
13
12
13
14
13
14
10
12
8
15
10
4
21
19
14
17
21
13
14
15
14
15
10
17
13
12
10
8
10
4
15
10
17
15
8
8
25
10
8
27
6
13
19
10
14
17
17
25
19
25
27
13
15
10
23
6
10
10
12
8
13
15
10
17
21
6
15
17
14
14
15
17
14
8
11
29
5
12
8
8
15
17
4
15
23
11
6
17
12
13
27
15
17
19
6
14
14
21
15
19
12
13
12
19
23
14
15
17
17
23
30
21
29
33
39
15
17
14
31
21
15
29
19
21
15
13
27
25
15
12
17
15
15
17
48
19
11
19
21
13
15
21
17
6
48
37
29
31
31
10
10
44
49
23
17
10
39
27
50
33
23
23
25
29
58
25
13
55
15
33
15
35
12
4
31
10
41
40
48
38
17
25
45
23
17
29
46
14
29
29
4
39
31
29
40
6
19
44
8
23
8
33
12
46
15
9
23
15
4
10
21
31
17
30
11
27
25
11
25
22
17
21
15
15
22
15
12
41
12
13
12
17
14
13
25
31
31
6
23
12
21
17
13
15
27
8
12
10
21
15
8
17
25
6
15
13
8
12
8
15
12
12
21
14
17
15
27
4
25
23
21
12
12
21
31
19
15
21
13
6
8
19
19
8
13
17
14
15
15
10
13
14
15
12
25
23
10
15
10
8
8
17
19
8
10
19
13
12
19
21
6
13
37
12
15
15
6
21
8
13
17
13
15
13
12
8
10
12
4
15
12
17
6
6
12
4
21
13
6
6
10
4
13
15
6
11
4
8
13
6
15
19
14
13
10
10
19
10
6
12
13
21
12
21
12
8
25
27
13
10
17
6
12
6
15
10
23
8
12
14
15
12
12
10
13
6
4
10
13
17
19
14
33
17
10
14
17
19
24
27
8
13
15
17
15
23
17
15
17
15
19
23
25
8
29
8
10
17
23
15
12
10
13
12
11
17
27
19
15
17
19
11
8
15
23
19
8
10
15
15
29
29
19
17
10
21
31
12
23
17
23
10
15
10
15
19
10
16
17
14
12
19
12
12
35
8
10
10
6
17
19
21
14
12
23
15
23
17
12
29
15
6
15
19
8
23
21
19
25
13
21
13
13
10
23
4
4
10
2
19
15
12
8
6
8
15
14
8
15
8
8
23
13
6
14
15
33
17
8
17
8
10
15
16
15
12
4
5
6
6
8
4
19
15
6
10
8
8
10
8
2
12
0
2
15
2
2
2
2
0
4
2
0
0
6
6
4
0
2
6
4
6
2
4
2
8
2
6
2
2
4
0
15
7
2
10
6
6
8
2
14
12
8
2
8
4
6
6
14
8
4
10
2
4
6
6
6
6
6
6
4
8
11
8
8
8
8
6
6
6
4
6
6
6
14
8
6
8
2
11
15
10
8
8
10
13
6
10
2
14
2
12
12
8
4
10
8
8
14
8
18
2
13
10
8
12
35
8
19
6
19
13
6
15
12
12
25
15
13
6
15
23
6
19
25
19
12
6
21
27
19
17
10
21
8
19
13
17
11
15
6
25
10
15
12
29
8
14
29
19
15
14
17
8
13
15
17
25
17
12
35
14
23
15
17
15
33
13
17
27
12
8
17
8
19
9
10
15
14
6
10
6
23
31
21
8
8
27
25
10
29
21
17
10
8
4
29
32
13
10
12
21
23
19
8
37
17
21
12
14
21
27
25
21
10
6
27
37
14
33
8
13
15
25
15
10
4
13
13
17
16
27
6
6
15
33
33
23
10
33
17
27
17
10
11
15
6
25
23
19
8
8
21
6
12
12
12
13
10
27
17
4
19
15
19
15
12
12
17
21
8
12
12
19
14
19
6
17
6
10
8
17
13
11
8
12
13
4
6
12
8
6
6
6
4
8
6
11
8
12
4
6
19
9
2
6
8
14
12
6
8
4
12
2
2
8
4
2
8
15
6
13
8
29
14
17
27
21
15
21
17
8
19
15
31
17
12
13
21
32
25
10
13
14
12
13
21
21
15
17
12
8
27
14
23
8
10
14
15
12
6
12
12
6
10
12
17
19
19
25
13
12
8
10
25
14
12
35
19
23
10
27
12
15
19
17
58
8
25
17
19
12
12
10
13
21
17
25
25
23
10
17
6
23
4
13
12
15
27
17
17
8
6
35
15
23
13
15
31
21
8
6
8
15
21
33
27
15
10
25
11
38
27
10
13
8
21
15
12
21
19
17
35
44
38
21
15
8
17
54
23
15
19
19
29
21
41
11
22
15
33
38
32
13
31
16
23
12
39
17
27
17
12
25
22
27
11
17
10
9
42
25
27
17
8
27
52
19
8
27
15
19
38
29
10
17
12
17
25
13
6
13
17
13
38
27
43
19
15
12
17
13
10
15
8
19
15
25
17
10
25
6
13
23
12
15
10
10
33
13
35
13
21
9
23
12
19
21
8
23
28
15
13
8
19
6
23
14
8
12
8
27
8
8
15
10
10
10
6
15
19
15
6
13
2
8
4
10
8
13
8
12
2
12
15
15
10
10
4
8
6
13
14
10
8
17
15
12
12
4
8
14
19
13
2
10
6
10
6
13
15
14
15
8
8
14
17
