9
11
11
3
7
7
9
19
3
15
11
13
7
5
9
5
5
9
3
9
11
3
15
13
9
9
5
7
5
23
35
3
13
21
13
13
3
33
15
11
21
27
29
9
7
13
29
13
15
27
27
41
23
25
11
21
31
5
27
21
21
25
29
35
39
15
13
35
3
35
35
25
11
11
23
21
25
13
23
25
31
35
15
17
21
39
21
29
15
31
25
35
23
21
39
23
13
15
13
9
15
21
35
37
27
21
51
11
15
9
15
19
27
35
29
11
9
43
29
39
17
5
2
3
7
2
7
5
5
13
9
11
11
15
13
11
9
21
3
5
5
5
7
3
5
3
5
5
0
3
7
11
2
9
5
5
9
5
3
9
7
2
7
9
7
7
5
2
3
11
5
19
9
7
9
3
7
5
2
7
3
11
7
7
7
13
7
3
5
9
9
7
7
9
11
7
5
15
39
9
37
5
5
5
5
9
11
11
9
15
3
7
9
5
7
9
9
13
7
3
9
11
5
15
2
5
9
3
11
7
7
2
7
3
5
3
15
3
9
11
7
5
9
5
19
9
15
7
7
5
21
3
11
11
3
13
13
7
15
13
9
15
11
7
9
5
15
11
21
9
11
5
7
7
3
7
5
9
3
9
9
19
13
7
17
5
9
7
13
17
13
19
15
11
23
29
7
3
7
15
7
9
11
5
11
17
17
25
15
17
7
0
3
11
13
11
11
5
11
7
11
9
21
5
7
7
5
9
56
9
11
5
9
9
3
9
15
13
21
7
7
9
11
13
5
11
9
15
11
19
11
21
13
13
5
7
3
13
11
3
3
17
13
15
11
7
9
11
19
15
17
9
3
17
3
5
9
5
15
5
7
7
35
13
15
21
23
13
23
9
17
27
15
19
7
13
11
17
17
9
13
5
27
13
7
13
11
9
19
9
13
7
19
21
19
17
17
17
15
5
11
15
23
5
25
29
17
11
19
11
9
13
17
11
13
21
21
19
3
15
3
13
15
13
9
7
9
7
13
9
9
15
17
13
19
11
19
13
9
5
5
15
17
7
11
15
9
5
11
5
9
9
19
5
13
3
7
5
11
3
7
5
7
7
19
9
9
11
15
15
11
9
7
9
11
9
2
2
25
9
3
7
11
15
15
15
13
5
11
3
7
5
11
11
15
21
15
33
11
13
13
21
25
25
5
19
11
21
13
3
25
21
17
7
7
21
33
23
5
11
15
11
7
17
11
23
13
21
7
25
13
15
13
7
23
3
27
21
17
13
17
17
7
13
0
17
9
11
17
7
5
15
13
7
11
15
3
15
2
3
7
5
7
21
0
3
7
5
7
5
7
7
5
9
7
7
9
3
5
9
7
19
21
3
3
13
9
5
17
5
5
11
5
5
7
3
9
3
3
13
3
5
5
9
2
3
7
5
11
3
5
5
3
15
2
9
3
3
11
3
3
5
11
3
9
9
7
7
9
9
15
5
11
17
9
9
17
11
17
7
9
15
19
2
9
17
7
9
7
5
9
11
5
9
15
9
7
5
13
23
59
15
11
9
7
13
7
11
17
7
11
15
13
11
13
11
9
5
11
7
13
15
23
35
9
11
9
7
15
19
23
9
27
23
9
9
5
17
31
29
15
56
27
17
11
17
15
17
13
23
11
21
23
19
13
21
9
27
33
9
35
19
15
19
3
11
23
17
11
23
27
33
29
25
15
27
25
25
7
23
9
21
13
13
11
13
17
13
29
13
13
15
9
17
23
70
13
11
9
17
19
27
13
33
23
29
15
23
29
37
3
19
37
19
17
11
13
23
15
13
11
43
11
17
11
2
3
7
5
3
13
3
7
5
5
3
5
11
7
9
5
9
7
7
11
9
2
7
5
58
5
5
23
3
3
3
3
2
3
5
7
13
11
11
9
5
13
5
5
3
3
0
7
3
3
5
11
3
9
13
9
5
3
5
11
5
7
5
5
15
11
9
3
7
3
11
2
9
11
7
7
9
5
5
2
13
5
5
5
9
21
5
9
11
5
11
5
3
2
11
3
15
7
13
13
7
9
9
2
9
5
5
9
2
9
5
7
11
11
2
7
15
3
9
11
7
9
5
3
27
5
3
13
29
17
21
11
23
17
3
17
29
17
9
31
9
11
17
11
9
5
2
15
11
7
11
9
17
7
15
11
21
15
13
21
5
19
15
13
19
7
11
11
15
11
5
19
13
3
13
3
19
7
9
9
13
19
11
15
29
13
29
5
21
11
11
7
23
13
3
5
7
13
15
7
13
7
11
11
15
9
29
13
11
13
13
13
17
11
13
21
19
11
9
11
7
13
7
9
11
9
15
13
15
19
13
23
19
7
37
15
17
17
5
17
21
7
19
13
15
19
13
9
11
23
11
29
23
13
25
11
9
21
11
17
13
11
11
11
13
17
17
17
17
7
9
17
7
17
13
13
23
9
7
9
13
9
7
11
15
7
11
21
15
13
5
17
7
9
5
7
19
11
19
7
15
13
9
5
7
5
7
13
5
7
3
7
7
13
3
11
3
0
7
0
2
3
5
13
11
0
0
7
3
2
13
0
3
0
2
2
2
0
5
11
7
0
5
3
2
2
2
3
3
5
7
9
5
9
7
5
5
7
7
41
7
9
9
5
7
3
5
5
11
15
2
7
5
5
3
3
5
7
15
5
9
3
2
5
7
15
5
9
2
9
3
3
9
13
2
0
2
9
9
11
9
7
7
9
13
5
21
7
7
9
13
11
17
7
7
13
5
13
15
13
9
15
13
25
9
21
11
13
13
17
3
15
19
9
5
19
17
7
23
9
13
13
9
13
17
17
15
15
9
13
7
13
11
15
11
11
23
9
13
11
19
13
7
15
13
17
25
13
17
7
23
25
17
13
13
11
25
17
5
21
11
15
11
23
7
11
27
25
23
9
21
9
13
5
7
13
17
15
9
27
11
9
19
21
17
15
19
15
15
11
21
19
13
7
11
19
11
9
11
17
19
23
17
27
21
9
7
15
17
9
21
5
19
21
25
15
15
19
5
9
15
9
13
7
3
7
11
2
7
5
3
5
2
0
15
9
7
11
7
3
3
3
5
11
9
3
9
7
9
7
3
9
5
5
5
3
3
3
9
21
17
2
2
5
13
7
3
5
11
9
5
7
7
7
2
3
7
5
7
13
7
3
2
5
7
7
5
5
3
3
13
17
11
0
7
11
19
3
3
2
7
11
13
3
7
13
2
9
3
5
11
7
11
3
3
