0
4
0
6
0
4
4
4
2
2
0
0
6
0
17
0
4
0
2
0
0
6
3
0
0
11
11
2
2
10
6
6
0
6
2
0
0
6
2
2
2
4
6
0
4
8
4
15
0
8
0
0
0
0
19
2
2
2
10
11
2
2
2
4
0
4
0
4
6
4
4
2
5
2
2
4
4
6
11
4
2
13
5
6
6
2
2
0
11
6
4
4
2
9
4
0
4
63
0
2
2
2
0
2
2
0
2
0
2
4
4
15
5
8
0
2
0
4
2
0
0
0
2
2
6
8
6
29
6
6
4
15
0
0
8
8
8
4
2
2
2
8
2
0
5
2
0
0
6
2
0
8
3
17
0
0
4
2
0
0
21
0
13
4
0
2
0
15
2
2
19
11
0
9
4
9
13
0
0
2
2
0
0
2
0
2
4
2
6
6
2
4
0
0
6
2
6
9
2
6
2
2
6
7
5
4
13
4
4
2
2
17
17
10
0
4
2
2
10
17
2
4
0
0
2
2
4
2
2
0
0
7
4
0
2
4
2
4
9
3
0
0
2
2
3
0
2
4
4
0
0
0
0
13
2
7
5
2
2
2
0
3
0
2
6
2
2
6
4
2
0
3
0
9
0
2
0
0
0
0
4
0
0
4
0
2
4
4
6
6
2
9
6
0
11
6
8
6
2
6
2
0
0
0
0
4
0
0
0
2
0
0
4
2
4
2
2
17
4
6
2
4
5
0
2
4
6
2
0
6
0
2
2
2
0
2
0
2
0
6
4
11
0
0
4
2
6
2
15
2
2
19
2
4
8
4
2
0
2
2
2
2
0
0
4
0
0
2
2
7
6
15
0
2
19
2
4
3
0
9
0
0
0
2
2
0
2
0
4
0
56
4
0
6
0
0
0
2
4
0
4
6
4
2
4
7
0
0
2
4
6
6
6
2
6
2
9
4
2
2
6
2
2
4
0
6
4
4
2
2
0
2
0
4
0
6
13
2
4
6
8
4
13
9
17
4
2
4
6
8
13
4
8
2
0
2
2
4
4
6
4
4
5
0
0
4
0
4
0
0
2
4
2
2
2
2
11
2
4
0
2
6
0
0
0
0
6
4
0
0
4
2
2
4
2
0
4
0
2
2
2
6
2
2
0
4
0
0
2
2
4
2
0
6
2
0
0
2
0
10
0
4
5
23
4
2
2
4
4
0
8
0
6
0
2
0
0
4
0
0
2
2
2
6
2
2
0
0
4
6
2
0
2
0
2
0
0
9
0
0
2
0
2
0
2
0
2
2
2
2
4
2
6
4
0
2
0
2
0
0
2
6
0
0
0
0
2
0
4
0
0
2
4
0
2
0
0
0
2
2
2
2
0
0
0
2
4
4
0
0
0
0
0
2
0
2
2
0
2
8
0
2
2
0
0
0
0
2
0
0
2
0
0
2
0
0
2
4
0
0
8
2
0
2
0
2
0
6
4
4
2
4
0
2
2
0
15
0
0
2
4
30
4
2
2
6
4
0
8
15
2
8
2
4
0
0
0
2
2
9
2
6
0
4
2
0
4
13
4
2
2
0
4
2
2
9
2
0
0
0
2
4
2
4
6
0
8
0
0
5
0
2
0
2
0
0
2
4
2
0
0
0
2
2
2
0
4
2
0
4
0
2
0
2
4
6
0
6
2
0
2
0
2
13
0
4
8
2
4
0
2
17
12
0
4
4
4
6
0
4
4
0
11
0
2
2
0
4
0
0
4
2
2
0
0
2
13
0
0
4
2
6
4
2
5
2
2
4
4
0
0
4
5
13
0
6
0
2
4
8
0
6
0
0
4
0
0
8
2
2
0
4
4
8
0
2
17
0
0
2
6
4
0
0
0
2
4
2
0
4
0
4
4
4
2
2
0
2
0
2
0
13
0
2
2
2
2
0
2
0
6
2
0
15
4
4
6
0
2
6
0
0
0
2
0
4
13
8
11
0
11
6
2
4
0
15
11
4
9
2
5
5
2
13
4
0
0
2
0
0
4
7
4
4
2
4
5
0
0
0
0
4
4
2
2
2
2
4
8
6
2
4
6
2
2
0
2
2
0
2
4
3
4
0
2
2
4
10
2
2
4
6
2
4
0
2
2
2
4
2
0
2
4
4
6
2
4
2
2
0
2
2
4
0
2
2
2
2
2
0
2
4
2
0
8
4
2
10
2
40
15
0
2
0
0
0
4
6
2
6
6
2
0
6
7
7
2
43
6
8
0
2
0
0
6
6
0
2
0
8
0
0
0
4
0
10
7
4
6
7
0
4
2
0
0
11
0
0
21
4
0
17
6
0
0
9
7
2
5
0
2
0
9
11
4
4
0
0
2
0
4
6
2
2
7
0
0
13
4
8
6
2
2
6
2
6
0
0
7
0
4
9
4
0
30
0
0
2
0
2
5
3
0
8
2
4
4
0
6
0
6
0
0
6
0
0
4
2
0
2
3
2
0
0
0
9
0
5
5
8
0
2
16
2
2
2
0
11
7
0
2
7
2
2
2
4
0
3
2
3
2
0
5
7
4
0
0
4
5
0
2
0
0
5
0
4
2
0
7
0
0
2
0
7
3
5
3
2
0
2
2
0
2
0
7
0
0
6
4
2
0
2
0
2
0
6
5
0
0
0
0
2
0
9
0
0
2
7
4
2
2
0
2
2
2
0
0
0
0
0
4
2
44
2
2
15
0
6
17
5
0
4
10
2
2
0
0
2
2
0
0
0
11
6
0
0
0
0
8
4
4
13
5
2
2
0
0
2
2
4
2
0
4
4
4
2
13
0
0
2
8
9
4
2
0
2
4
7
0
2
0
0
0
0
11
4
4
9
0
4
2
2
0
0
6
0
2
2
11
2
8
0
4
6
0
2
2
0
0
2
0
9
2
5
2
4
0
0
4
7
2
4
5
0
12
13
0
0
0
3
0
6
0
0
2
0
2
2
0
15
0
2
9
2
6
0
2
4
5
6
0
0
2
4
5
4
0
2
0
6
2
0
0
0
5
8
0
6
0
2
6
0
0
0
0
0
2
5
11
17
9
2
13
8
8
7
2
0
6
0
4
0
10
8
0
6
4
2
4
5
0
9
0
0
0
0
2
1
10
0
0
0
7
5
0
2
0
2
4
2
2
0
13
2
2
4
9
4
2
4
6
15
2
4
6
9
7
0
6
4
2
0
0
4
4
6
2
4
2
6
4
7
0
0
0
20
2
8
0
4
2
2
0
9
4
0
0
0
0
15
