6
4
12
23
8
8
8
4
4
64
2
87
2
6
8
4
2
8
12
4
41
8
13
68
14
4
8
4
0
62
4
52
4
4
64
2
6
64
10
18
2
4
4
17
2
2
8
8
6
59
6
4
2
2
10
14
6
53
8
2
6
10
6
2
8
4
12
4
6
37
8
6
8
4
8
18
8
8
48
2
0
2
6
8
8
6
2
51
2
6
6
4
4
2
4
59
10
10
6
34
8
6
2
4
4
6
8
6
4
6
6
25
6
2
6
49
2
6
40
4
6
36
12
8
45
8
10
6
0
8
79
4
2
55
9
25
0
8
8
38
2
8
4
4
14
4
2
25
29
2
15
9
21
54
6
12
7
6
4
19
42
2
6
4
8
20
10
16
64
4
10
27
11
2
6
4
7
20
14
4
6
4
4
7
12
2
34
3
4
8
10
6
2
31
12
3
16
43
7
4
40
6
2
57
4
14
64
9
4
2
4
6
4
4
8
8
18
29
4
19
8
24
2
46
15
42
31
2
7
32
30
20
24
8
11
8
6
6
5
47
3
31
22
23
18
37
23
10
26
4
38
4
34
10
2
17
40
4
30
42
19
11
6
8
29
44
7
14
13
16
2
29
7
3
32
43
2
6
29
2
28
13
6
17
19
17
2
48
2
8
4
8
4
6
17
2
4
4
6
6
0
4
15
11
6
2
2
2
8
48
8
4
63
4
6
2
8
2
8
0
6
8
6
8
10
8
4
5
2
6
2
32
2
39
2
6
4
45
2
3
10
4
8
8
4
4
4
52
8
6
6
20
21
34
11
14
26
16
6
51
10
6
66
4
8
24
4
2
36
14
56
6
4
4
6
26
31
2
2
58
4
4
4
12
4
60
6
33
44
0
0
41
6
4
6
6
9
2
6
29
13
2
8
4
2
7
8
16
8
6
8
28
4
6
4
6
4
6
5
6
11
8
81
7
8
42
2
6
8
2
6
37
4
8
10
2
0
33
4
10
33
4
4
6
4
4
2
12
23
8
4
31
0
8
10
0
6
4
4
0
29
2
2
20
4
4
58
6
15
2
4
6
34
2
6
8
2
6
47
2
2
56
6
33
27
21
14
24
27
35
6
8
10
6
6
4
24
6
8
11
4
4
4
6
4
2
2
2
36
5
6
4
4
6
6
13
4
8
8
0
34
12
24
0
4
8
14
6
58
6
14
30
46
6
4
8
4
4
9
4
42
6
4
36
4
4
10
4
6
27
12
10
25
8
10
23
2
6
8
4
6
4
15
61
6
2
6
19
6
6
2
4
10
4
4
68
2
0
0
40
54
0
2
2
51
0
65
50
2
25
38
2
0
0
15
32
13
0
0
73
4
34
2
0
2
42
0
47
0
4
57
17
2
0
4
0
36
0
2
53
24
57
0
2
41
4
70
57
12
2
4
38
3
2
2
2
2
64
53
19
53
2
17
44
2
0
2
37
2
23
0
58
25
55
57
4
2
2
55
0
2
0
0
2
63
0
2
21
2
33
0
58
0
0
2
57
2
0
72
2
63
0
0
53
2
0
0
59
5
4
27
2
2
2
59
4
60
2
55
0
2
32
24
4
59
0
53
59
39
2
2
0
64
2
53
2
13
0
0
0
0
2
34
59
2
2
1
39
48
0
0
4
22
72
6
0
4
2
28
27
2
0
0
55
4
2
0
2
38
2
2
38
4
0
2
61
0
2
0
25
36
63
0
0
67
4
0
0
40
55
54
2
2
70
4
0
2
17
85
0
2
53
49
38
2
26
4
8
21
5
2
0
0
72
30
2
70
73
2
27
91
46
0
0
4
32
15
4
0
4
21
2
23
2
0
45
25
0
58
2
4
2
55
51
2
0
36
34
0
0
33
2
68
0
64
4
0
66
13
42
0
0
4
44
61
37
6
42
0
39
0
0
2
38
56
27
42
4
61
24
42
45
28
2
63
2
74
2
57
46
56
57
2
4
49
62
4
4
0
26
2
60
7
2
4
57
0
2
41
2
32
60
31
2
2
51
53
59
14
57
4
37
59
52
0
2
4
2
0
8
55
55
41
0
53
17
42
0
65
19
2
4
2
41
2
2
0
0
2
29
55
41
0
33
45
0
41
59
2
42
0
39
29
4
44
37
28
30
4
59
70
0
4
2
2
0
34
2
0
8
4
68
2
51
55
0
0
53
4
4
2
42
27
59
87
0
2
6
52
0
0
4
4
0
2
0
57
2
46
44
4
4
36
13
2
47
2
46
20
49
4
0
80
44
45
4
59
0
0
16
53
51
48
26
50
32
14
53
4
2
0
40
2
68
4
0
2
68
0
0
2
11
64
55
64
0
2
42
61
0
2
0
74
2
4
8
51
49
6
0
2
0
59
27
0
2
36
32
53
78
30
58
6
44
55
1
0
42
46
34
2
44
0
6
44
53
6
40
42
2
68
4
48
40
0
45
0
37
36
2
0
34
49
30
4
66
38
39
58
2
2
40
4
66
28
40
0
2
27
53
49
61
0
2
49
52
17
57
4
6
62
63
55
2
59
53
42
57
0
0
68
48
42
0
0
26
61
4
36
0
6
41
2
2
30
42
2
58
28
2
25
44
40
67
55
0
61
0
57
0
4
36
67
55
57
42
30
63
2
0
69
2
24
0
0
55
56
2
2
6
30
50
0
2
46
34
65
4
50
51
0
36
41
2
2
2
17
6
2
4
4
0
0
2
0
0
0
4
0
2
65
2
46
48
4
2
52
2
61
4
44
30
0
34
61
2
0
0
61
2
65
0
0
0
34
0
2
0
6
0
46
4
0
0
2
20
4
6
2
2
2
50
0
2
11
0
27
4
2
2
40
6
49
2
2
53
0
28
2
0
2
50
55
58
52
51
2
0
32
2
2
2
2
0
60
48
0
4
12
42
4
27
59
4
59
2
2
0
54
49
4
2
0
72
34
2
0
48
0
57
79
0
2
0
52
27
49
2
0
0
40
21
32
2
2
20
50
2
4
66
72
6
2
26
72
2
4
68
0
57
2
60
34
2
2
2
26
44
0
4
60
54
59
4
49
0
0
2
62
46
4
2
0
83
2
2
59
4
21
51
2
4
0
4
68
40
4
4
2
48
44
2
0
50
65
0
0
4
33
42
59
46
3
0
0
33
57
2
4
67
68
44
0
2
52
0
39
0
0
58
6
46
55
8
2
0
55
50
0
0
65
78
42
28
6
13
0
33
0
54
4
5
50
4
0
4
54
56
38
2
