10
9
7
14
14
14
13
15
11
17
15
13
15
9
17
28
14
18
12
22
25
18
16
12
10
9
16
11
7
7
21
15
11
12
10
8
10
5
7
8
6
9
7
2
10
8
10
10
1
8
6
6
7
16
8
13
18
11
11
9
10
10
10
9
12
9
11
12
8
9
8
8
2
9
6
9
13
10
1
9
7
12
7
5
9
5
6
9
10
14
1
5
1
11
9
5
10
6
11
6
6
12
10
6
8
3
6
7
6
7
4
5
6
15
10
6
8
10
6
1
10
0
8
8
11
10
9
15
9
9
10
6
9
6
5
5
1
2
2
1
7
7
1
1
5
6
5
7
1
1
7
6
7
9
13
7
6
2
9
6
7
10
9
10
3
5
5
9
7
9
11
8
0
10
9
9
11
10
9
15
8
8
12
9
17
9
10
6
24
9
10
13
8
7
6
8
11
6
14
8
15
11
10
10
8
15
7
8
9
9
15
11
9
13
10
9
15
6
6
7
9
11
10
7
14
9
10
22
11
6
6
16
10
14
11
15
8
11
16
8
6
11
7
9
3
8
9
9
10
8
16
13
8
10
6
12
10
6
6
12
10
9
12
10
7
4
6
10
13
7
8
8
9
26
9
15
11
9
6
2
3
12
8
7
9
4
7
9
1
4
4
5
3
3
3
8
3
4
5
1
3
3
7
3
5
1
4
3
5
6
3
4
1
1
3
1
1
1
4
5
1
3
3
5
5
5
3
3
5
1
1
6
1
3
5
1
1
2
1
7
1
13
3
7
1
9
5
3
6
7
9
7
7
9
5
4
10
8
9
12
16
8
4
1
1
1
3
3
5
4
3
6
1
4
0
1
1
3
3
7
5
7
2
8
5
4
9
3
7
5
5
6
6
10
3
11
11
4
3
7
5
5
8
1
9
9
5
1
3
4
3
3
3
3
6
3
7
3
3
4
1
1
3
1
8
5
5
6
3
6
5
9
7
7
8
1
3
3
3
1
8
7
3
5
3
6
0
5
5
5
5
4
7
3
8
5
3
7
2
4
4
3
9
4
3
8
9
9
13
5
5
12
5
5
7
5
2
4
7
1
6
8
3
2
4
6
11
5
6
0
2
5
0
5
4
4
7
9
6
9
1
0
5
2
2
5
1
3
8
6
1
5
5
1
8
4
4
4
3
5
4
6
8
2
9
4
7
9
10
6
4
8
3
6
2
4
3
5
10
7
15
9
7
6
7
7
3
12
7
0
10
4
6
3
5
1
6
4
3
6
4
9
6
8
7
6
7
6
6
5
1
6
7
6
3
4
1
5
5
5
7
5
5
5
8
5
3
3
3
7
0
11
5
9
9
7
6
5
5
3
3
1
4
1
5
9
7
9
7
3
3
5
7
3
3
9
3
3
1
9
3
5
5
3
3
3
0
1
1
1
3
1
1
1
1
1
1
1
1
0
0
0
1
0
0
1
0
1
0
1
1
0
5
1
1
1
0
1
1
3
5
0
0
5
1
1
0
1
1
0
1
3
1
1
1
0
1
6
1
1
0
3
3
3
1
0
1
0
5
0
3
5
0
1
1
0
1
0
1
1
0
1
1
1
0
1
0
1
0
0
3
3
1
1
0
1
0
0
0
1
1
1
1
5
1
0
0
1
3
0
1
0
0
0
3
3
1
1
0
0
0
0
3
3
1
0
3
0
0
1
3
1
0
1
5
1
0
0
1
0
1
1
1
0
0
5
5
3
3
0
1
5
3
3
3
1
3
0
1
1
1
1
0
0
1
3
1
16
1
1
1
1
1
1
1
0
0
5
0
0
0
3
1
1
1
0
1
0
3
3
1
0
6
0
1
3
1
3
0
0
0
1
1
1
0
1
0
0
0
0
0
1
1
1
1
0
3
0
1
1
0
3
0
3
3
0
2
1
1
3
1
3
1
0
1
0
3
1
0
1
1
0
1
3
5
3
7
1
7
1
1
3
3
1
3
1
3
3
3
3
5
7
1
3
5
1
3
3
3
5
1
5
3
5
3
8
3
7
3
3
5
7
3
3
3
5
7
11
7
3
9
8
5
3
1
5
5
9
3
9
3
3
1
1
3
1
5
7
3
1
1
7
3
3
3
1
3
3
3
7
3
7
5
3
3
4
3
9
33
5
5
7
5
3
5
7
5
5
1
17
7
3
3
5
7
9
7
7
5
9
3
6
8
7
1
5
1
9
3
1
3
5
1
3
1
5
1
1
3
5
1
7
3
5
3
3
7
3
1
7
3
7
3
1
6
5
3
5
5
15
13
3
5
3
3
8
5
5
7
1
5
3
7
5
7
3
3
3
3
1
5
3
1
5
9
3
9
18
11
9
1
3
5
3
7
3
11
3
5
1
5
5
9
1
5
9
3
5
11
3
7
9
5
5
5
1
11
7
5
7
5
3
11
7
11
9
11
7
7
7
5
7
13
3
8
9
5
0
3
3
3
3
5
5
9
14
1
7
3
7
9
7
16
11
15
7
3
9
5
3
3
8
5
9
7
4
3
5
5
16
3
5
5
5
5
7
3
7
1
5
3
9
3
7
11
7
7
1
7
7
6
7
6
3
9
6
7
9
3
5
5
5
3
5
7
9
7
3
10
1
5
3
3
1
1
1
0
1
1
3
0
3
5
0
3
1
1
0
3
1
1
0
11
3
1
0
0
1
3
1
3
1
3
75
3
3
1
0
0
3
1
5
3
1
1
5
3
5
1
9
7
5
7
5
5
3
3
7
5
5
9
7
7
5
3
7
5
5
3
9
5
3
7
7
9
7
5
1
5
5
3
5
84
7
7
9
7
9
7
7
5
13
7
7
8
5
9
9
7
5
18
13
13
7
8
10
11
7
3
6
9
7
10
5
5
7
5
9
3
7
7
7
5
1
5
1
3
3
7
1
39
1
3
9
7
5
3
5
7
5
1
5
3
3
12
5
7
3
1
3
9
5
7
3
5
3
1
5
8
8
0
3
5
5
7
14
7
5
5
1
1
1
9
1
5
8
1
3
3
4
9
7
5
3
5
8
5
9
7
7
9
5
9
7
7
14
11
5
10
11
9
11
9
7
9
1
3
3
5
1
3
1
1
3
3
5
3
7
5
5
1
50
1
5
5
3
3
3
5
5
3
9
1
5
3
1
3
7
3
7
9
4
1
8
7
1
9
3
1
1
5
1
0
1
7
5
3
3
7
3
5
3
5
3
4
7
1
4
3
7
9
7
3
3
3
7
3
1
4
3
