2
5
11
15
3
11
3
3
15
5
3
2
5
7
9
5
5
7
7
1
3
3
11
9
5
3
5
3
5
3
5
3
15
5
5
9
5
2
7
7
2
5
5
1
5
5
3
5
3
5
5
2
0
11
5
5
3
2
3
15
7
9
0
13
9
0
7
13
1
5
2
5
7
5
5
11
5
9
5
11
9
9
3
5
7
13
5
11
7
3
9
15
5
7
2
3
7
7
9
3
7
5
7
11
5
15
5
13
15
15
7
13
2
9
15
11
3
9
7
9
11
11
5
21
3
15
7
9
5
11
19
9
11
5
11
15
13
5
11
7
5
11
7
5
3
7
5
3
5
11
9
9
39
9
7
7
11
5
7
11
9
5
23
7
11
7
21
11
13
9
7
5
7
5
15
11
3
17
7
15
17
13
7
5
7
11
7
9
9
13
9
13
9
9
19
5
13
5
13
9
9
7
17
11
11
7
7
9
13
9
11
19
9
9
11
15
5
11
13
15
11
11
5
7
80
15
9
7
13
9
7
3
17
13
5
11
9
27
5
7
5
13
7
13
5
5
9
11
15
9
5
15
3
11
17
11
13
9
7
11
7
15
9
3
9
7
11
5
7
9
5
9
3
5
7
5
7
7
15
5
9
11
11
7
9
9
9
9
5
11
7
13
13
13
7
7
7
3
9
3
11
2
5
9
15
9
3
5
3
5
3
2
3
3
35
13
7
9
3
7
2
7
5
15
5
5
3
5
7
13
9
3
11
0
11
7
2
3
7
7
2
3
7
5
2
5
11
5
3
9
5
7
2
11
7
15
3
3
3
7
9
2
5
5
7
11
5
7
5
2
5
5
3
5
3
5
5
7
2
3
9
7
5
5
5
1
5
5
5
7
3
9
11
5
7
41
15
15
5
48
7
11
11
7
9
7
11
11
13
7
13
15
9
15
11
9
9
11
5
11
5
13
13
7
11
11
9
23
13
9
9
9
11
13
13
13
5
11
11
7
11
7
5
17
7
21
13
19
11
25
3
1
9
13
35
25
9
17
21
5
17
17
15
13
9
11
11
13
19
3
7
15
3
9
17
13
27
7
3
15
9
17
11
13
3
15
15
13
11
11
17
1
7
17
15
5
21
13
5
11
23
15
9
17
28
17
13
11
5
13
11
21
11
5
13
11
21
21
9
5
11
19
19
27
13
15
15
9
13
15
9
17
9
13
11
15
15
17
23
3
9
7
11
17
11
16
7
11
19
15
11
15
13
7
11
9
11
13
19
5
7
29
7
19
7
5
19
9
11
9
5
7
9
19
7
3
13
2
1
9
3
9
11
5
7
9
13
5
7
5
7
5
17
3
5
11
9
3
15
5
7
5
7
2
7
9
3
5
7
2
9
5
13
3
9
5
11
3
7
3
3
7
11
9
0
3
11
5
5
3
9
9
2
3
7
3
5
5
2
5
5
2
7
11
5
3
3
3
7
7
2
5
7
9
7
17
15
7
9
7
3
5
9
7
7
5
5
7
2
9
5
7
5
9
7
11
7
3
7
9
2
9
17
7
5
11
9
7
5
1
11
13
5
11
7
13
3
19
21
3
3
13
11
9
7
11
3
9
7
7
9
9
9
3
11
9
7
3
9
15
7
19
21
13
9
2
7
9
5
7
7
3
5
5
3
3
7
5
11
11
11
9
7
15
13
34
2
5
7
37
7
15
5
13
9
7
15
5
7
9
5
5
7
11
5
9
7
3
7
9
2
5
15
5
7
7
17
3
19
2
13
15
5
11
5
5
2
7
7
7
5
7
11
7
11
5
9
15
3
2
2
2
5
2
11
3
7
7
13
5
5
7
9
9
3
5
2
2
3
2
2
2
0
5
5
0
5
2
17
7
3
2
3
7
0
0
0
11
56
5
0
2
2
2
3
0
3
3
2
5
9
7
0
2
1
5
2
2
0
0
2
1
2
1
2
7
7
3
7
3
3
0
3
7
3
5
33
2
11
2
2
3
3
3
2
0
2
0
3
2
5
5
3
3
3
2
3
2
1
2
5
5
3
1
5
5
7
11
9
3
3
7
2
2
7
3
7
2
2
2
3
2
3
9
13
3
2
2
7
0
17
3
5
2
5
23
3
13
11
5
3
7
11
7
5
3
3
9
7
11
21
5
11
13
13
3
13
9
5
9
9
5
9
9
9
10
13
3
11
5
7
11
7
3
11
3
5
2
3
5
7
15
47
3
11
3
5
5
7
9
3
11
9
15
5
11
5
17
9
13
11
11
15
7
7
3
3
5
17
5
7
5
9
11
5
9
17
3
9
11
3
11
11
17
11
3
7
5
11
9
11
3
5
13
11
3
7
5
11
3
5
7
11
11
5
9
21
5
5
5
5
7
13
15
21
5
3
9
15
11
5
5
5
3
7
19
9
15
3
2
5
15
19
9
13
11
15
13
9
5
13
3
9
17
5
13
3
7
5
9
2
9
21
11
9
5
5
5
9
7
3
5
7
9
7
5
7
7
15
7
11
7
3
3
7
9
7
5
2
7
2
3
5
3
9
7
2
19
3
11
11
9
2
3
3
3
2
3
3
1
5
2
9
5
3
9
5
1
5
2
0
3
13
11
39
11
15
19
7
15
21
11
15
17
13
13
17
19
5
5
15
13
13
7
19
7
5
3
17
9
17
7
25
7
25
9
23
3
13
5
7
11
15
3
9
3
17
2
7
7
2
5
9
7
7
9
5
5
7
9
13
17
25
3
25
2
7
17
7
9
7
5
15
7
9
13
7
3
21
5
7
15
5
9
5
2
5
5
3
3
3
5
2
5
2
3
9
9
3
5
2
5
3
2
9
7
3
0
9
5
11
2
7
7
7
2
2
11
11
3
9
3
3
5
5
7
21
13
5
5
9
15
2
3
3
2
11
25
7
5
0
7
5
3
11
2
9
7
3
3
5
0
2
5
13
3
3
3
7
9
7
7
3
5
7
5
3
7
2
5
7
5
9
5
5
3
7
5
0
3
5
9
5
9
3
5
5
11
9
9
9
5
5
5
3
3
9
5
5
3
3
9
7
5
5
17
9
15
9
9
5
5
9
5
5
9
17
7
2
11
3
5
9
9
9
13
3
11
2
5
7
5
15
9
9
11
5
9
15
5
23
9
5
11
5
5
3
11
5
3
3
9
5
3
7
5
9
3
13
7
3
2
9
2
7
3
5
7
11
1
5
7
5
2
7
13
2
9
7
9
9
13
7
0
7
5
7
2
9
7
