14
23
1
29
0
1
17
0
1
18
0
20
22
13
0
0
16
0
25
0
20
19
0
19
24
18
0
25
0
19
0
26
1
19
17
0
21
21
3
20
0
17
0
11
0
23
19
0
22
19
0
23
0
19
0
0
25
25
17
0
0
21
24
0
16
13
0
0
0
26
0
3
16
16
0
4
0
17
0
26
0
0
24
21
25
17
0
3
0
15
0
10
1
22
24
0
0
18
0
20
14
0
0
19
17
22
21
15
9
2
1
25
16
0
13
19
0
14
0
4
24
21
28
13
14
13
0
0
0
25
20
31
1
18
17
0
17
0
32
0
1
18
16
0
20
16
20
20
0
0
23
32
0
19
21
0
16
21
19
0
15
0
20
35
0
28
17
3
21
21
0
27
9
15
0
2
23
0
16
0
20
16
0
2
15
14
7
0
20
17
0
19
18
18
22
0
0
13
0
0
32
19
0
22
16
6
0
25
2
1
13
19
0
19
0
16
22
21
0
21
0
13
0
14
0
2
19
0
2
19
16
0
0
17
0
0
20
2
0
0
0
2
0
0
1
0
0
0
17
0
20
0
24
0
0
0
0
4
0
2
0
3
0
23
0
0
0
0
0
0
0
1
1
0
0
12
0
0
0
2
12
8
14
0
21
0
16
1
22
17
0
29
23
30
29
24
15
0
24
24
16
0
12
0
12
23
18
16
19
0
23
25
18
0
9
0
1
0
29
22
20
0
22
16
3
1
12
0
14
16
0
27
18
0
20
15
2
0
14
1
16
0
19
13
1
0
6
17
11
1
16
1
19
7
0
17
17
0
2
19
25
0
0
15
0
0
19
18
1
24
17
20
0
22
0
14
1
14
20
0
0
19
24
0
20
17
3
0
14
0
7
0
17
20
0
0
16
11
16
0
0
13
27
0
26
20
20
0
18
3
12
0
24
17
0
20
0
21
0
2
3
15
4
17
16
18
21
21
22
21
0
22
5
15
0
0
24
36
38
32
24
24
8
21
1
28
0
14
24
27
17
20
21
21
23
19
24
2
10
10
34
25
20
22
21
13
23
0
0
3
16
15
0
29
21
0
1
17
20
1
28
3
9
10
23
20
15
17
2
19
16
9
8
14
0
0
25
27
33
22
20
22
0
24
0
33
0
15
21
0
23
20
20
0
31
20
16
0
14
0
0
24
16
18
21
0
26
1
22
0
17
17
0
14
23
31
0
0
21
29
23
2
14
0
13
0
23
0
2
20
25
0
1
16
1
0
25
25
0
19
21
24
27
24
27
0
16
0
28
23
2
20
21
0
4
23
8
2
2
14
1
19
20
20
27
0
2
14
0
19
0
15
0
15
11
0
20
0
17
0
35
0
12
14
29
0
7
15
0
10
1
17
0
17
0
14
5
0
13
5
5
2
8
21
31
0
4
1
0
0
32
1
0
21
2
0
16
2
0
12
0
8
5
0
20
15
23
0
19
3
15
0
12
0
23
0
19
1
2
0
15
12
0
0
18
11
19
27
1
16
0
23
20
4
0
18
0
0
19
0
22
28
17
0
20
0
14
0
26
18
22
0
8
26
21
0
14
1
0
12
14
0
0
22
0
24
18
23
15
4
1
15
0
19
18
20
1
20
14
19
14
5
1
0
29
13
17
20
0
20
25
19
18
2
11
0
0
23
21
19
19
16
0
20
14
0
18
5
0
25
20
18
0
2
26
18
36
2
1
5
1
23
16
0
28
17
25
0
1
1
12
2
19
2
28
0
19
19
0
5
22
11
0
4
0
23
17
0
25
0
22
0
1
10
7
17
0
21
30
19
0
15
1
18
0
0
23
1
22
17
0
36
0
22
2
22
0
0
4
14
17
32
0
18
23
17
19
17
0
3
2
10
0
13
30
20
32
2
20
20
15
7
15
0
23
24
20
22
0
19
0
0
1
1
20
0
25
18
23
2
17
19
23
18
0
0
0
0
5
0
1
12
4
0
20
18
21
5
15
12
13
18
0
0
0
0
0
0
0
0
0
0
0
14
15
14
13
11
14
23
44
2
24
16
18
0
0
0
0
0
0
0
0
0
0
0
19
23
14
1
13
14
15
29
1
28
19
0
27
20
15
15
3
16
23
25
26
24
19
21
0
0
0
0
0
0
0
0
0
0
0
0
17
18
18
10
11
22
13
32
33
31
15
16
4
15
15
17
1
1
7
32
20
31
29
0
20
18
13
14
15
13
25
27
25
17
18
19
0
0
0
0
0
0
0
0
0
0
0
0
16
0
0
23
13
1
16
22
13
19
17
17
23
0
1
0
0
0
0
0
0
0
0
0
16
0
16
15
1
14
10
18
0
5
0
10
18
16
0
23
17
0
0
0
2
0
0
0
1
0
38
32
1
13
0
21
11
8
0
21
14
10
27
0
0
0
0
0
0
0
0
0
0
20
16
2
0
15
0
0
6
7
10
0
15
15
21
0
0
0
11
0
0
0
0
0
0
11
2
0
18
0
11
0
0
20
0
18
16
0
14
0
16
15
7
0
0
0
0
0
20
25
11
0
25
21
25
26
21
22
28
10
4
17
0
38
0
10
4
0
15
23
15
0
9
11
19
0
0
0
1
0
21
22
23
19
0
0
0
4
0
12
9
20
0
0
26
0
17
3
0
21
2
18
15
0
0
20
12
0
17
18
3
0
12
14
21
0
22
0
19
18
0
0
1
12
0
1
0
19
0
15
21
13
0
16
2
13
12
0
0
24
10
0
16
18
14
0
25
4
6
0
9
25
0
16
20
0
19
14
0
22
0
18
0
19
26
21
14
0
20
0
13
25
0
0
14
23
2
18
18
20
0
15
17
5
0
15
0
14
9
0
10
12
1
0
3
0
7
0
15
0
22
0
1
16
18
0
0
5
7
10
13
0
36
0
8
1
0
27
0
5
7
16
13
0
0
0
22
18
16
0
22
2
0
14
0
28
19
22
0
0
0
0
0
58
0
10
10
10
22
3
0
16
0
22
0
2
0
8
4
13
30
0
1
14
0
0
16
0
0
12
12
0
16
0
6
22
0
0
2
18
13
15
0
35
20
26
18
16
19
17
0
7
1
1
0
25
20
18
27
17
23
19
0
16
0
12
0
0
19
21
16
55
3
17
18
17
0
10
19
0
18
38
17
0
25
17
3
4
7
12
0
16
20
14
0
4
21
20
0
1
16
19
0
0
13
8
3
19
22
15
0
7
12
8
16
19
20
19
16
7
1
15
0
4
15
10
15
0
