4
7
6
8
14
8
10
14
15
7
11
10
6
21
8
12
12
4
6
8
8
2
11
8
4
6
2
10
12
4
6
4
12
10
6
10
10
10
6
8
14
22
8
10
18
8
16
4
8
12
15
13
16
10
8
18
16
9
8
16
12
10
10
14
6
4
8
10
12
16
15
8
10
12
18
19
15
10
6
6
6
10
25
20
6
11
10
4
10
16
29
8
12
10
9
21
4
8
6
6
18
8
10
10
15
8
6
17
10
10
10
21
14
8
17
10
10
11
13
10
6
6
10
10
11
9
15
19
12
12
15
10
10
10
27
19
8
12
6
10
10
14
11
6
4
14
16
12
10
12
16
10
15
14
14
13
12
17
14
15
9
13
6
6
13
8
21
12
12
8
6
21
14
17
9
12
15
8
14
11
14
17
6
14
14
12
15
21
15
10
13
21
17
21
10
19
14
12
10
17
15
13
13
14
12
10
17
11
67
10
12
15
17
21
15
6
15
14
4
16
18
12
12
12
10
16
21
12
6
6
19
12
10
8
12
14
10
6
7
20
16
10
11
14
8
6
15
13
21
11
19
9
9
11
5
7
13
10
11
15
11
14
9
8
9
12
4
6
2
4
8
2
2
4
4
2
2
2
4
6
2
0
2
4
10
2
6
6
11
11
11
10
17
17
23
15
10
17
21
17
10
11
11
13
10
18
11
12
13
10
10
17
6
17
8
8
11
15
12
8
12
17
12
16
12
14
12
10
16
10
17
18
17
14
13
15
13
14
17
9
10
17
10
16
12
14
7
19
15
13
17
13
17
7
15
13
13
19
17
12
20
19
13
17
11
14
21
11
19
17
12
18
17
14
17
19
11
27
15
19
15
17
15
20
19
12
19
12
23
19
23
13
9
25
17
17
23
14
21
15
17
15
10
19
21
17
19
13
17
19
18
10
40
13
11
15
15
27
12
23
21
15
22
23
12
11
10
19
8
19
21
10
23
7
11
17
21
10
15
31
12
15
12
14
21
12
15
15
19
21
10
15
10
27
21
13
13
19
15
13
18
14
15
17
12
13
13
13
15
10
17
27
13
15
21
24
19
19
13
18
17
17
17
8
17
13
17
15
13
17
19
19
8
15
19
17
13
10
10
17
13
15
17
17
12
15
15
17
17
26
15
8
25
13
33
9
15
15
9
15
8
8
17
21
12
22
19
17
13
15
13
16
19
23
16
9
16
17
13
15
15
9
19
15
14
13
23
13
10
15
19
17
17
21
11
14
17
8
13
12
20
6
11
11
7
21
13
11
12
10
11
10
15
11
19
12
10
10
13
23
15
15
14
13
13
13
10
6
4
9
10
13
15
7
11
7
6
10
7
17
9
8
11
7
15
13
7
8
13
15
11
4
17
8
13
8
10
13
8
17
7
10
11
13
8
4
15
11
12
8
8
13
10
9
6
9
4
11
12
15
7
11
9
6
13
8
13
11
7
11
13
6
14
4
10
11
13
11
11
12
9
13
9
13
18
11
6
21
11
15
6
8
8
11
11
10
15
11
9
8
13
4
11
10
9
8
4
23
8
17
15
10
12
10
13
8
13
9
8
8
10
9
9
10
12
13
9
13
15
4
11
4
8
11
10
8
8
8
11
13
6
11
9
8
12
6
10
6
10
10
8
9
10
8
10
9
7
9
11
12
15
11
9
15
13
7
13
15
11
11
9
7
9
17
6
11
13
9
6
13
17
9
10
13
8
4
12
8
6
8
8
6
10
16
13
11
6
21
13
6
13
9
10
60
11
6
11
13
17
13
11
10
7
15
8
8
14
13
12
11
17
8
12
6
11
6
9
6
11
8
7
13
10
6
15
17
11
41
6
11
10
7
21
13
10
14
11
6
4
4
17
8
7
8
6
6
8
8
9
11
6
7
8
6
13
6
10
19
6
10
9
9
11
4
15
7
8
15
7
10
8
6
6
11
7
6
32
10
8
15
7
8
11
6
7
17
4
9
6
9
11
4
8
11
6
8
9
6
4
9
12
7
4
2
13
11
6
11
8
9
10
2
4
10
9
8
11
4
62
13
6
8
8
8
6
8
13
9
13
9
7
14
15
6
11
13
9
6
4
6
13
6
15
11
12
12
19
6
4
15
10
9
11
17
11
17
11
10
11
10
21
8
9
9
7
13
10
13
10
8
9
6
10
6
12
17
13
7
11
12
9
17
13
13
10
9
13
7
10
13
13
13
9
6
17
51
15
7
19
17
10
6
13
8
8
10
10
5
2
8
11
9
15
9
11
7
11
9
6
8
13
10
4
8
12
10
8
13
14
15
7
17
10
15
13
12
8
11
11
8
19
12
27
9
8
13
17
13
12
9
6
11
13
9
11
7
13
19
14
12
23
8
6
53
15
21
16
7
8
4
11
11
9
9
9
4
8
7
9
11
13
4
16
15
15
8
15
6
11
10
10
7
19
11
4
6
6
8
13
8
15
12
4
11
8
13
19
9
11
6
13
8
13
10
8
10
17
6
8
8
14
10
11
8
6
6
13
6
9
10
7
17
17
10
12
8
10
8
9
9
8
6
4
10
10
8
4
6
13
6
8
8
6
7
11
11
13
10
8
8
7
11
11
8
13
2
5
8
16
8
9
10
13
4
4
8
10
6
4
2
8
3
4
4
8
6
4
6
4
4
4
2
4
8
2
11
6
4
4
6
8
8
4
2
8
4
6
6
2
4
8
4
54
2
6
2
2
0
2
6
0
4
2
4
0
8
2
4
6
3
2
0
0
2
4
0
2
2
2
4
2
0
2
2
0
6
2
0
10
6
6
6
2
0
2
0
2
0
0
0
4
4
0
2
2
4
4
4
0
6
6
2
2
2
2
2
0
4
4
2
2
0
2
2
2
6
0
4
4
2
2
2
6
0
4
0
2
6
2
2
0
2
4
0
4
4
2
2
4
4
4
4
0
2
2
74
2
4
0
2
4
2
2
2
0
4
4
2
0
4
0
2
10
2
2
2
6
4
2
6
2
4
4
2
0
4
2
4
2
0
0
2
2
2
4
2
4
4
6
2
4
2
6
6
2
6
2
2
2
0
2
4
0
2
0
2
2
2
2
2
0
0
6
2
2
4
2
2
2
2
4
8
0
2
0
0
2
2
2
2
4
6
2
0
0
2
4
2
4
2
0
0
2
2
0
2
4
0
0
2
4
2
2
2
2
2
0
0
0
0
2
2
4
0
2
2
2
0
0
2
2
4
2
2
2
2
4
2
0
4
