10
6
8
10
7
4
7
4
13
7
5
7
4
8
6
7
4
36
5
8
6
6
6
10
8
7
8
8
2
4
3
6
6
6
6
4
4
6
8
8
5
10
6
4
2
4
2
6
4
6
52
6
4
53
5
7
4
4
2
8
12
10
6
8
5
4
8
9
2
53
4
4
4
4
2
4
5
7
4
6
11
4
21
6
57
4
2
4
2
8
6
4
9
8
4
6
7
10
4
6
4
8
6
9
2
8
6
9
6
8
4
6
8
6
6
8
6
6
8
6
6
8
10
6
6
5
4
8
2
12
10
6
6
8
4
9
7
6
6
7
10
21
6
4
16
6
8
9
8
9
4
4
4
43
7
4
6
8
11
2
10
17
2
32
12
6
52
2
2
9
2
5
4
6
0
20
4
2
4
4
4
20
8
8
2
4
2
2
7
2
8
2
23
2
2
6
0
2
8
3
7
4
7
6
0
2
0
2
4
4
6
4
5
4
97
8
4
4
2
5
4
6
5
4
9
8
4
2
8
6
22
6
6
30
8
4
2
2
24
4
5
7
28
26
9
6
6
9
9
9
8
4
6
8
2
8
10
7
6
2
6
6
6
2
9
8
7
7
2
4
7
2
0
4
4
4
2
7
9
4
6
4
0
4
4
2
11
4
6
7
6
6
37
4
4
4
9
6
8
12
6
9
8
10
4
6
23
4
2
67
6
92
4
4
2
6
4
4
23
4
4
12
10
2
4
8
8
14
5
6
10
5
11
12
8
71
2
10
10
2
7
11
6
4
8
6
12
2
2
13
11
4
11
4
7
6
5
8
8
0
7
10
6
8
4
7
8
6
6
4
4
4
10
4
4
57
4
6
4
30
4
12
0
10
47
15
4
4
2
4
5
4
4
6
6
67
9
4
25
6
22
4
8
4
2
9
4
16
6
6
8
7
7
7
6
4
2
0
13
6
10
11
10
11
4
2
6
2
13
2
7
10
68
6
6
2
7
12
2
7
4
8
6
6
2
4
6
14
2
8
4
4
0
10
4
8
2
9
4
6
4
6
4
4
6
14
4
22
10
6
4
0
0
4
0
2
5
2
6
40
0
6
2
12
4
6
4
0
4
5
4
2
8
20
10
4
6
4
4
2
8
4
2
9
10
4
2
10
2
2
10
2
8
2
6
2
8
0
13
0
6
43
2
2
9
11
4
5
5
5
24
4
38
4
5
9
12
10
4
6
63
9
4
2
2
8
6
2
10
11
9
12
2
8
8
6
11
6
5
6
8
9
12
8
9
8
12
12
4
5
6
4
10
10
8
8
8
2
8
6
10
4
2
7
6
18
7
10
4
8
6
8
2
4
7
8
6
6
6
6
4
6
5
2
4
2
4
9
8
10
11
6
8
4
4
8
4
6
4
6
6
8
2
2
2
4
4
6
4
6
2
15
2
6
6
8
2
6
8
0
13
0
4
6
4
6
4
4
10
4
2
2
3
22
2
6
2
6
8
11
2
6
6
6
7
2
4
7
5
4
7
6
0
4
52
6
6
6
8
4
49
6
10
9
4
8
9
8
6
4
2
2
10
6
2
6
0
6
4
6
6
4
6
6
7
7
6
8
8
6
4
6
6
0
4
33
8
9
46
8
4
12
7
7
7
6
7
6
4
8
2
6
2
6
9
4
6
4
6
39
6
12
10
6
11
10
2
37
2
5
28
8
6
8
8
9
6
8
6
2
0
6
5
2
2
10
4
5
2
6
4
2
0
2
4
0
7
10
5
8
8
6
0
4
7
7
6
7
2
6
6
4
4
4
7
4
2
2
28
4
69
4
6
6
4
5
4
2
39
4
4
0
6
10
4
4
6
4
3
6
8
2
6
6
11
8
5
6
8
4
2
7
2
10
4
4
70
6
11
11
4
4
4
6
4
6
3
4
9
9
9
0
13
8
12
6
6
2
4
6
8
4
2
8
8
7
6
8
3
5
7
5
8
41
4
7
2
95
12
7
9
4
6
13
2
5
4
0
8
15
6
97
4
8
4
3
2
5
6
10
10
0
12
11
4
33
4
5
6
2
4
10
8
6
8
4
6
6
9
4
4
0
4
2
2
11
16
4
12
64
5
4
8
9
4
4
6
4
13
6
4
0
6
6
0
43
8
2
6
6
4
14
4
33
4
6
49
5
0
4
4
6
17
6
6
6
8
42
6
6
8
4
4
6
13
2
4
2
8
6
4
6
2
45
4
4
2
4
4
4
4
4
6
9
0
8
4
6
4
8
10
2
4
8
7
8
8
6
6
13
9
4
7
34
4
6
4
10
6
10
8
6
2
4
4
10
3
6
6
6
12
6
7
4
74
10
4
8
6
4
4
6
6
6
4
69
10
6
6
7
32
2
4
44
4
8
4
2
2
6
2
6
7
10
4
6
6
5
2
6
6
11
2
2
2
2
2
15
8
0
9
6
2
0
6
5
4
2
8
4
4
6
6
7
70
8
8
2
2
4
3
4
94
0
4
2
7
5
4
4
2
9
4
14
5
8
0
9
4
92
2
2
6
5
4
11
6
7
4
10
5
8
4
6
2
8
4
4
4
2
14
2
8
12
7
7
4
13
6
4
4
4
2
4
4
4
4
5
4
4
40
4
4
4
2
4
3
2
2
0
0
0
0
9
0
4
4
2
6
4
4
0
4
2
5
4
2
0
5
6
5
28
0
4
5
6
2
4
4
2
4
0
4
0
0
4
13
0
2
4
0
2
4
0
10
0
4
4
2
2
4
2
0
0
0
0
2
0
2
4
2
2
0
79
0
6
0
8
4
0
0
4
4
0
0
2
4
2
4
2
0
2
8
5
2
2
2
0
4
6
8
3
6
2
2
4
4
0
6
5
3
4
8
2
6
4
8
34
2
0
2
9
4
0
3
85
0
4
3
4
4
2
4
6
4
0
4
12
3
4
7
6
2
5
6
2
4
0
9
6
2
4
2
0
3
43
2
6
4
5
0
8
2
4
47
3
4
5
2
2
4
2
6
5
5
2
2
4
20
4
6
6
7
2
2
0
62
2
4
5
0
2
4
2
0
8
4
8
5
6
2
6
6
2
6
4
4
7
0
2
0
2
18
2
2
7
6
4
2
8
8
4
2
2
0
4
2
2
14
0
4
2
3
0
4
0
3
10
2
6
0
2
10
6
2
4
5
10
0
2
3
2
2
12
6
2
7
6
10
13
4
6
3
0
2
8
7
95
2
4
4
6
40
4
3
5
7
8
89
7
