3
7
9
9
5
9
7
11
11
15
7
5
9
9
7
9
9
11
17
11
13
7
9
13
5
9
27
7
13
13
9
3
9
17
9
11
13
7
11
7
7
48
7
9
11
15
7
7
15
7
3
1
23
19
5
3
11
13
15
1
15
7
5
11
15
7
9
26
7
9
7
5
9
9
21
13
15
3
5
7
3
15
15
17
13
15
9
7
9
7
7
9
11
19
9
7
11
11
3
3
22
7
7
7
11
15
15
13
30
23
17
17
15
28
27
38
17
19
11
27
15
23
9
30
15
36
19
19
13
21
25
17
19
24
40
15
13
27
13
27
25
69
23
25
17
17
15
38
11
11
19
15
19
15
15
26
30
26
13
15
21
17
23
28
11
7
28
11
11
21
13
27
17
25
11
32
21
9
15
19
11
27
30
9
25
13
21
17
19
9
40
9
9
15
15
25
9
25
5
9
25
59
7
21
17
13
25
17
30
26
23
9
13
19
19
13
9
5
13
25
21
11
15
11
11
13
21
20
11
11
13
19
9
9
15
21
15
23
13
11
11
23
19
11
17
23
25
7
11
19
11
23
19
40
5
15
11
9
23
11
13
9
7
17
27
11
17
5
9
7
7
5
11
7
3
7
3
11
11
9
27
7
7
17
7
9
7
9
11
9
11
17
21
25
7
3
15
3
13
3
7
11
11
13
9
13
7
11
7
9
9
16
7
11
7
13
1
21
7
17
7
5
9
13
11
17
5
9
3
5
3
9
15
3
9
15
3
13
7
9
3
3
5
19
17
7
5
2
17
7
7
21
5
15
5
11
7
3
3
9
7
5
1
9
15
11
9
15
9
9
11
3
7
17
9
3
5
13
13
7
9
11
11
11
7
11
15
19
13
23
36
40
38
17
32
15
21
36
7
15
11
15
13
11
19
38
23
13
19
23
28
21
24
24
30
36
25
38
17
48
30
22
28
15
13
27
20
20
30
19
36
27
7
21
21
23
15
21
26
21
11
23
26
11
15
71
36
27
25
38
46
19
32
11
13
32
11
15
13
17
15
46
19
13
9
46
23
15
40
36
44
55
93
29
11
9
9
11
34
11
44
21
18
23
46
34
28
46
25
46
23
21
30
15
11
21
11
38
13
19
13
17
46
28
34
38
42
23
48
28
21
32
15
27
30
44
36
13
21
7
34
21
11
15
13
24
21
28
42
28
42
11
30
15
21
17
28
21
42
36
27
19
23
25
32
28
32
17
19
9
7
7
11
11
1
9
7
7
7
11
5
11
7
17
17
15
13
11
5
1
7
9
11
5
20
7
25
19
21
15
21
27
15
40
17
9
21
13
11
29
13
9
9
21
15
11
9
17
13
29
11
7
11
17
11
27
13
23
9
28
23
9
15
11
7
17
22
17
30
13
15
7
17
21
13
13
39
13
11
17
30
15
13
11
17
21
19
11
21
13
23
34
9
17
11
11
13
11
11
9
9
11
15
21
21
13
11
15
24
19
21
13
11
29
17
38
23
9
15
28
23
17
54
13
21
27
9
13
13
17
21
15
13
13
22
40
38
44
25
38
36
32
9
21
15
39
27
23
38
19
21
48
40
13
28
44
15
38
19
36
21
28
23
21
11
15
44
79
30
36
13
42
50
24
23
28
36
73
34
48
34
13
11
11
17
11
13
11
23
15
15
11
13
7
11
17
5
25
25
15
15
17
27
11
7
11
11
11
9
13
19
13
11
17
11
17
13
15
11
7
13
11
15
3
11
42
7
23
15
15
13
13
19
23
19
25
15
19
9
17
15
9
9
9
15
5
21
20
19
11
7
19
7
19
13
19
11
9
18
11
13
11
15
7
23
13
11
9
17
9
13
11
28
3
17
1
3
9
56
17
21
25
21
9
22
24
9
25
25
21
30
9
25
24
15
22
11
21
26
25
19
21
19
28
19
27
25
46
19
64
7
5
27
21
11
24
19
13
40
23
33
21
7
27
37
38
21
32
31
23
40
13
9
17
19
21
28
56
17
15
27
21
34
23
32
15
15
9
25
11
15
15
23
19
44
29
11
17
21
31
27
15
7
5
15
7
15
3
19
9
26
7
15
23
11
9
9
29
27
25
11
11
15
15
13
13
17
21
21
19
23
11
25
31
42
5
11
11
19
21
48
21
25
33
9
9
68
17
21
25
15
19
33
13
29
19
21
23
25
15
40
11
25
17
27
31
23
17
19
33
17
40
21
15
19
40
15
25
25
37
27
25
13
36
36
21
32
9
21
23
19
31
29
29
17
21
32
15
23
31
11
30
28
17
17
15
13
15
46
11
32
42
7
11
29
19
31
21
28
31
52
7
15
23
7
33
11
7
7
13
7
15
15
15
13
30
25
7
11
23
9
31
5
19
7
19
7
25
25
9
25
17
23
15
23
21
46
24
23
11
19
23
13
15
21
5
9
21
11
11
19
30
7
5
13
7
7
15
13
9
11
9
21
9
13
23
7
17
17
7
13
15
19
13
21
13
13
17
11
11
19
5
11
11
15
17
5
9
13
9
9
11
7
3
3
15
25
1
0
9
5
1
0
5
3
1
11
3
5
1
3
9
3
11
3
5
7
3
7
9
9
9
19
13
24
17
30
23
25
19
9
46
21
21
19
29
33
23
40
29
32
17
13
44
9
21
50
23
21
36
28
33
35
5
34
19
13
29
9
21
21
33
50
23
13
33
9
52
42
32
23
21
25
62
17
17
23
17
11
50
25
33
19
15
25
42
32
25
23
29
29
13
32
31
13
27
13
48
44
25
17
36
38
19
32
19
13
36
25
62
48
30
38
17
15
50
54
27
77
9
29
19
40
27
27
11
31
46
15
15
59
11
31
15
15
7
46
27
3
3
9
9
5
11
19
13
13
7
3
7
17
7
17
13
5
7
13
23
21
7
21
11
7
15
15
7
5
9
11
25
19
25
11
17
9
5
11
7
13
9
9
27
5
13
21
11
17
15
11
21
13
11
15
3
9
15
15
9
13
7
11
9
21
7
15
15
5
9
19
7
11
5
7
15
15
11
21
15
13
25
9
13
13
9
19
5
7
25
11
5
15
11
11
15
21
17
11
15
5
5
11
11
11
13
7
15
5
11
5
15
11
15
11
11
5
21
7
15
7
46
17
17
11
13
29
15
13
5
9
11
5
33
11
11
19
13
9
17
21
15
21
22
9
15
7
9
9
7
3
5
7
23
9
31
11
24
33
3
9
21
23
7
11
11
13
5
11
11
11
7
