5
21
41
22
28
5
4
2
6
48
2
22
23
13
16
0
36
2
37
26
7
2
23
16
34
10
28
2
9
18
9
2
20
32
26
20
17
0
14
45
30
10
26
29
4
5
22
28
2
26
22
30
7
32
2
33
15
47
3
20
14
17
2
68
18
2
36
42
2
0
6
0
13
19
35
22
23
30
2
19
48
6
29
35
20
8
7
50
43
0
17
52
2
4
23
13
12
16
4
2
4
29
28
22
33
31
24
25
38
14
2
13
28
0
23
2
2
6
35
13
0
16
4
2
27
25
74
8
56
69
23
29
26
22
12
33
33
15
11
77
6
28
22
2
26
33
23
7
23
38
15
25
25
38
2
21
19
4
29
45
4
16
4
8
2
2
23
20
39
34
21
21
10
6
2
4
36
46
2
25
44
26
15
35
17
32
47
2
2
34
31
19
2
19
26
20
30
2
18
74
48
4
27
27
16
14
2
40
4
16
31
54
2
2
34
7
32
6
21
2
17
41
38
2
4
17
20
25
27
0
14
18
4
9
28
48
40
38
4
21
3
0
8
11
2
36
40
36
24
39
30
2
38
12
42
4
6
59
11
2
0
4
2
3
22
2
2
4
72
2
7
42
4
2
8
2
34
15
18
42
65
2
0
43
6
0
49
6
20
2
17
20
2
25
39
16
69
2
4
15
23
4
22
25
2
21
27
30
6
37
36
7
26
15
32
19
10
64
2
17
35
29
4
26
13
37
19
16
37
2
21
24
32
4
2
31
28
21
19
26
2
31
32
14
5
2
19
10
12
24
21
13
43
4
26
32
43
50
23
24
36
18
24
19
34
2
26
16
2
46
2
25
33
8
26
40
2
2
10
30
24
29
18
25
17
5
31
31
0
17
9
20
2
4
20
13
5
28
5
25
11
9
2
2
15
2
32
6
0
13
4
27
18
4
18
11
31
35
25
28
44
18
29
12
21
17
26
30
29
2
4
4
3
28
17
40
2
24
2
20
5
2
16
24
2
7
0
14
15
20
4
4
32
37
11
27
17
25
14
25
48
26
36
13
2
29
26
27
29
35
18
2
24
24
18
4
22
6
38
27
8
8
33
15
24
19
40
12
25
26
23
4
21
4
25
23
36
20
30
24
2
35
0
18
8
34
29
20
17
6
18
2
4
4
40
4
5
15
16
4
13
24
47
29
0
2
19
37
5
28
2
3
11
25
36
0
17
27
19
17
21
4
21
2
12
28
28
20
2
5
27
27
2
30
15
30
46
2
35
14
4
2
0
4
22
18
36
28
34
56
32
34
30
34
22
14
2
2
4
2
2
4
4
2
2
6
4
2
6
4
4
4
6
2
8
2
0
2
0
2
2
4
2
0
2
6
2
11
7
2
4
0
4
4
2
0
2
0
2
2
4
2
2
2
2
2
2
4
2
2
2
2
4
2
2
6
0
6
2
4
2
2
6
2
6
2
2
2
0
6
2
2
2
11
2
2
4
2
4
2
4
0
4
4
4
6
4
2
4
0
2
4
0
4
2
4
4
0
0
7
5
17
4
2
6
3
2
0
2
0
2
4
2
2
2
2
0
6
4
2
2
4
13
5
0
4
2
4
2
2
4
6
6
2
4
2
0
4
4
6
2
4
4
2
2
4
2
2
9
4
6
4
6
4
4
4
4
2
4
2
2
2
4
6
2
0
4
4
0
4
2
2
2
4
2
2
6
2
3
6
2
4
4
4
4
2
0
15
8
2
4
0
8
6
6
4
4
2
4
4
2
2
2
4
2
2
4
2
2
0
2
4
6
4
2
4
2
0
0
6
2
4
2
4
4
2
8
4
4
6
6
2
2
4
6
2
6
2
2
4
4
4
2
2
16
4
2
6
4
2
6
4
4
0
4
2
6
6
2
2
2
2
4
4
4
2
4
4
0
6
0
6
4
2
4
6
4
4
3
4
4
2
13
2
2
6
3
3
9
4
3
3
3
4
5
12
3
2
2
6
14
4
3
4
2
3
7
9
4
4
4
4
6
4
3
2
3
2
3
2
2
2
5
8
4
4
4
3
3
2
2
2
8
2
5
4
3
2
2
2
2
4
2
2
2
5
5
6
4
8
5
2
4
5
9
6
2
3
3
5
2
5
7
5
2
4
3
2
2
2
2
17
3
4
6
5
3
3
4
3
2
3
5
4
3
5
3
2
3
3
3
2
5
2
4
4
5
5
4
4
7
2
4
2
2
2
3
4
7
2
4
2
3
4
3
4
7
3
3
4
2
5
2
4
4
4
7
12
3
3
2
5
2
7
5
3
7
3
3
2
5
6
4
2
7
4
2
12
4
10
7
2
4
2
4
7
3
7
13
7
6
4
2
4
4
6
2
94
0
0
2
4
2
4
2
2
2
2
0
2
4
4
4
2
6
5
0
4
2
4
2
2
11
0
4
2
3
0
8
4
0
2
2
2
0
5
4
2
6
2
2
4
4
2
2
4
2
2
4
5
4
6
2
4
4
6
2
2
0
2
4
7
2
0
2
11
4
0
4
2
0
2
4
5
0
13
4
6
4
4
2
2
2
2
5
6
5
0
3
4
2
2
0
2
4
2
4
4
4
8
2
5
7
4
3
80
3
4
16
2
2
3
6
9
5
2
4
2
3
11
2
5
0
2
3
4
2
3
2
2
4
4
6
14
4
2
4
4
0
2
2
4
2
2
4
2
4
4
4
4
9
2
4
2
2
2
0
2
0
0
2
11
0
4
2
2
7
3
1
4
1
4
4
15
2
6
4
2
2
2
2
4
4
2
2
2
6
2
0
2
2
2
0
3
2
2
2
2
18
2
4
2
15
2
3
2
2
3
3
2
4
2
2
4
4
2
0
2
2
4
5
2
2
5
2
8
36
2
0
2
2
2
3
2
0
3
3
0
2
0
16
11
4
4
4
2
2
2
2
2
2
6
4
4
4
0
2
4
0
2
2
2
4
2
0
4
2
2
3
11
2
3
9
5
5
2
0
2
4
0
2
3
2
4
2
2
16
4
2
2
2
0
0
4
4
3
0
5
4
4
2
2
0
9
2
2
2
17
2
3
2
2
2
0
0
2
2
4
2
4
5
6
1
4
0
2
4
4
4
2
4
2
0
4
2
2
0
0
2
0
2
2
2
2
2
3
2
2
2
2
9
2
12
2
2
2
4
93
0
0
2
2
7
2
6
2
2
0
4
4
2
6
2
4
17
2
4
2
6
4
5
5
4
2
6
4
1
2
2
2
