7
3
8
0
11
4
6
2
17
38
6
2
0
9
2
2
7
5
11
6
9
4
0
2
6
12
4
4
4
2
6
0
4
8
4
3
4
4
2
2
7
11
2
2
2
6
2
5
2
0
4
6
2
8
2
2
4
6
7
3
2
4
7
4
8
4
4
0
9
5
2
5
8
9
6
8
7
8
5
6
9
5
6
6
5
2
4
13
6
4
2
8
2
2
0
4
6
2
6
4
2
4
2
8
2
4
4
6
4
6
5
6
9
4
8
4
8
4
2
2
5
6
4
4
5
6
4
4
6
3
6
3
9
7
4
2
2
2
2
2
5
6
2
5
0
8
11
4
2
6
6
2
6
4
8
2
6
7
2
3
2
8
0
2
8
6
2
7
6
8
10
2
6
4
4
6
2
2
2
6
2
5
12
4
2
5
9
16
6
5
17
9
4
7
6
9
2
13
0
0
10
7
0
0
6
2
11
11
3
13
6
6
9
5
6
2
8
8
9
2
2
6
2
4
4
2
3
10
2
14
2
4
2
6
4
6
2
7
7
0
5
2
8
10
9
2
8
8
6
4
2
11
2
7
10
4
7
5
2
2
6
3
5
2
11
9
4
6
6
6
7
4
5
8
4
7
8
2
9
10
4
7
3
4
5
10
6
4
7
6
7
6
10
8
4
12
4
9
8
2
4
4
0
4
6
6
12
4
8
8
7
9
4
7
7
0
2
9
8
6
7
6
4
6
9
11
2
9
11
5
2
9
4
4
10
13
11
9
6
8
2
2
7
6
4
6
9
9
6
9
8
2
11
8
2
0
10
17
6
2
4
12
8
7
2
12
7
6
2
6
5
7
12
10
6
5
6
4
4
6
5
4
2
7
6
8
5
8
6
8
8
8
4
2
6
2
4
6
10
8
4
6
4
2
8
8
7
2
11
7
6
6
6
2
9
6
9
4
4
6
6
2
2
4
4
8
6
9
4
6
3
2
7
8
4
4
5
3
9
17
4
90
81
47
85
86
82
60
69
69
2
78
58
42
44
78
79
65
7
18
4
6
0
4
4
2
10
0
2
2
6
2
2
2
6
0
6
0
4
8
2
2
4
2
2
8
2
4
0
2
6
6
4
0
2
2
4
6
4
2
8
2
4
2
0
4
2
2
6
4
0
0
7
4
6
2
2
4
12
4
4
2
0
8
2
2
2
0
0
81
4
2
4
6
0
0
2
2
6
6
4
2
4
6
4
0
2
4
8
2
2
0
2
2
2
2
0
6
4
2
4
4
0
4
4
8
2
2
6
6
4
4
4
0
6
4
4
0
3
4
6
6
8
13
10
4
6
4
2
6
10
2
0
2
0
4
13
2
8
11
2
6
2
8
4
4
6
15
4
6
9
6
2
2
4
2
6
2
6
13
6
6
4
4
8
4
10
0
0
2
6
4
6
6
6
6
6
8
6
4
5
10
6
6
4
12
8
2
4
6
8
7
6
13
2
4
6
4
6
3
6
4
10
10
4
7
6
4
4
2
8
6
6
12
6
2
2
6
7
2
6
4
8
6
4
2
6
10
4
6
6
4
8
12
2
6
2
4
3
8
6
4
4
6
2
6
4
4
8
9
2
6
8
6
4
8
4
6
2
0
6
8
4
6
4
6
4
4
6
6
4
6
2
2
8
10
2
2
5
6
6
4
11
4
9
4
2
8
4
8
19
7
2
0
8
7
11
2
4
6
4
13
4
2
6
9
5
6
2
4
4
13
6
15
6
3
6
4
8
2
8
6
6
8
2
6
8
7
6
6
6
4
6
4
4
4
6
2
11
8
9
2
4
8
6
2
6
2
2
6
4
11
6
58
9
4
11
4
10
2
2
2
2
4
13
8
4
2
11
6
6
2
9
5
2
6
5
12
6
7
10
2
4
4
4
6
10
8
6
10
14
12
8
2
8
4
8
2
8
6
11
15
7
11
11
4
7
15
8
11
13
4
7
7
2
6
9
11
9
13
11
11
7
17
7
9
17
16
2
9
13
18
2
6
11
6
11
6
13
9
13
13
11
5
8
4
9
7
11
8
7
9
7
7
6
11
4
13
5
4
94
6
4
11
13
4
6
4
7
13
2
6
9
9
2
4
7
4
13
13
7
17
13
6
11
11
2
4
11
15
4
8
9
5
6
6
8
5
5
2
6
2
4
13
8
8
9
6
4
7
4
9
6
2
6
8
8
6
6
4
9
11
9
6
4
15
8
5
8
7
5
11
6
4
13
11
2
4
6
17
6
4
2
8
7
8
7
4
6
4
7
4
7
4
8
10
2
6
11
6
5
4
7
7
6
5
8
6
11
6
4
2
4
5
6
8
4
8
2
15
6
4
6
8
9
10
6
4
7
4
4
7
4
7
9
4
4
9
6
2
11
11
5
6
4
6
6
7
4
8
6
8
9
4
10
6
11
11
17
17
0
11
8
4
7
7
9
9
7
4
6
11
11
77
10
7
2
2
2
4
0
6
7
6
10
2
8
4
5
4
6
7
8
4
4
2
7
4
7
9
5
11
4
7
5
7
4
15
7
6
7
15
6
11
6
6
11
13
9
7
6
6
7
12
11
13
6
9
4
7
11
7
2
0
4
2
4
4
4
2
4
2
2
4
2
6
4
6
0
2
4
2
2
8
0
2
2
6
2
6
2
9
6
2
4
10
2
2
6
8
6
6
10
6
2
2
12
8
6
4
6
6
0
6
6
6
6
2
10
4
10
8
2
0
2
2
6
0
8
0
4
6
4
4
4
4
4
5
8
0
6
2
2
4
0
2
2
2
6
8
2
4
8
2
11
10
6
4
6
4
4
0
4
10
2
2
8
0
8
6
8
2
2
2
6
2
4
9
0
8
2
4
4
7
8
4
8
5
6
6
6
8
2
2
4
2
10
2
6
8
0
6
8
8
6
8
6
6
0
6
4
2
10
4
2
13
6
6
8
2
15
4
2
2
4
4
2
2
8
0
6
0
4
11
2
2
6
2
4
2
2
6
4
4
9
8
4
8
2
4
4
4
2
4
6
4
6
8
0
2
4
4
4
4
6
2
4
8
6
92
2
4
8
6
2
6
2
6
10
0
2
2
4
4
6
6
4
2
4
0
73
2
2
2
5
2
2
2
4
2
2
4
4
4
4
2
2
6
0
4
6
4
6
4
2
2
0
4
2
4
6
4
2
4
6
2
4
6
6
6
4
4
4
4
7
4
2
4
7
4
6
2
10
8
2
4
2
11
9
6
