3
4
4
6
5
7
8
3
6
7
5
33
10
5
4
3
13
4
6
2
8
6
4
3
6
6
5
3
7
7
4
8
4
19
5
7
4
4
7
5
4
6
19
6
7
9
25
32
3
26
7
9
6
7
5
9
5
5
4
28
23
5
22
27
3
5
28
2
1
15
21
8
3
7
24
6
8
6
6
28
30
23
5
4
37
6
6
3
2
3
10
3
6
6
5
6
5
4
1
8
7
8
3
4
23
29
3
5
10
15
26
17
4
3
3
3
3
5
3
4
25
4
4
5
15
21
14
26
6
6
6
6
22
28
7
5
3
3
29
6
7
3
6
3
14
3
4
38
4
2
4
3
7
31
32
39
24
4
1
25
8
3
11
4
3
4
4
5
6
6
40
32
32
4
4
6
7
5
26
25
3
3
29
28
20
24
5
10
37
31
17
38
20
4
15
13
24
28
7
19
22
31
38
43
25
21
33
15
20
33
3
2
2
26
19
2
5
2
23
3
3
16
8
17
10
18
24
30
3
35
7
4
2
3
8
14
41
34
8
47
7
21
7
37
40
43
5
33
32
4
1
40
26
4
4
31
3
4
5
5
5
28
0
43
6
2
18
6
23
6
4
1
2
3
25
3
51
8
7
40
4
34
2
2
7
46
37
2
4
3
4
34
1
2
5
3
4
6
3
3
2
3
4
3
1
7
18
3
5
8
34
4
6
3
4
3
4
3
2
4
3
2
2
2
3
4
4
5
5
4
34
23
22
26
26
15
6
6
3
2
26
28
21
5
6
3
6
2
4
2
3
23
30
32
21
3
14
35
5
3
4
3
32
25
9
12
27
43
16
15
22
19
27
31
30
33
19
26
23
3
3
31
8
5
1
6
5
3
28
24
24
18
2
6
7
25
31
3
3
3
4
3
5
4
6
4
2
3
2
14
4
4
4
2
1
1
6
20
15
5
32
5
26
3
3
21
14
6
2
19
3
2
21
6
28
3
3
18
2
18
23
2
16
5
6
13
36
27
3
17
18
4
3
2
2
4
5
8
26
4
6
4
4
2
4
1
3
2
1
3
18
3
5
3
2
4
2
18
4
4
2
15
3
2
5
3
19
30
5
4
4
14
5
2
4
5
5
2
4
33
4
2
5
1
3
3
2
4
8
1
27
19
22
3
3
2
3
30
0
5
3
4
14
4
3
4
16
28
29
6
20
4
8
3
1
16
2
18
3
2
4
23
15
7
5
3
5
26
31
3
4
18
4
3
3
29
1
1
1
4
1
5
15
4
2
4
0
39
30
39
4
2
1
8
2
2
1
1
29
12
3
20
37
33
3
2
13
2
4
6
2
40
22
23
41
15
2
3
22
27
1
4
1
2
2
4
3
2
1
1
2
18
29
33
3
30
19
3
18
5
2
29
24
2
20
4
2
3
4
1
1
4
1
28
28
3
25
16
30
2
28
24
2
4
5
3
19
3
2
0
5
3
2
29
2
26
18
2
3
2
2
1
22
18
1
27
12
35
1
4
2
21
15
5
4
0
2
15
2
2
2
2
19
19
2
3
3
19
2
1
1
3
1
18
1
19
22
3
6
9
18
2
5
2
6
2
29
2
21
21
22
34
4
1
3
2
3
1
1
37
25
1
14
20
30
5
25
4
1
3
4
1
27
2
30
2
4
1
15
3
15
1
19
2
1
3
5
3
1
3
19
27
3
3
4
15
26
2
3
0
7
19
5
5
2
4
1
20
3
3
1
3
19
20
1
2
7
5
12
27
20
5
15
18
12
2
7
14
8
27
1
1
30
4
1
17
16
25
23
2
21
21
1
12
1
2
0
26
2
31
20
15
33
4
2
2
19
27
28
4
23
4
2
3
3
25
3
3
3
7
2
5
34
2
4
1
1
1
2
1
1
27
4
2
1
3
3
3
19
25
2
7
5
26
2
2
2
2
5
26
17
1
4
2
25
2
7
2
34
9
4
3
3
2
4
9
2
2
48
30
2
3
39
2
5
28
2
4
32
4
4
34
2
2
50
56
1
2
9
3
5
25
2
2
4
23
4
2
2
11
1
4
4
2
1
16
30
18
4
4
31
2
23
2
2
5
29
26
26
5
8
31
4
2
31
6
4
6
4
10
2
31
4
4
44
2
4
60
5
4
7
33
4
8
4
5
7
2
24
2
4
27
5
5
35
49
41
5
4
5
5
3
4
3
23
5
6
33
4
4
4
28
8
3
1
23
6
2
3
4
3
2
2
44
31
1
6
6
4
18
1
2
6
1
11
47
4
6
7
4
26
32
2
4
26
1
5
5
46
3
3
2
4
35
16
1
2
25
7
6
31
3
2
5
2
4
4
3
5
2
2
6
1
38
4
2
39
2
6
8
4
30
32
0
4
44
31
6
3
49
30
3
5
48
4
9
2
5
2
3
3
37
2
2
36
6
2
1
4
4
1
2
2
4
8
2
1
1
5
25
4
2
4
3
13
42
3
3
24
33
0
1
2
3
4
4
34
23
5
4
1
39
6
29
31
2
34
2
6
2
19
4
6
12
37
42
5
3
37
23
24
1
4
33
5
0
43
24
4
23
1
28
1
5
40
30
0
4
5
29
2
4
30
3
6
4
4
49
46
6
2
4
5
2
3
1
2
4
1
41
6
69
2
4
2
17
2
2
58
4
33
4
4
48
11
3
6
3
3
24
2
2
1
4
4
34
3
4
4
4
2
5
3
7
37
5
2
19
18
20
31
2
2
3
34
2
3
2
4
2
30
5
6
33
0
2
18
3
33
20
3
2
39
2
2
5
32
2
5
3
2
18
4
2
4
23
3
2
32
3
4
25
26
2
1
14
26
9
2
2
4
3
4
29
4
17
2
4
3
31
2
8
4
7
36
2
7
6
4
4
2
47
3
41
4
5
4
36
2
3
3
29
4
4
41
37
3
2
28
38
2
4
51
3
27
2
2
33
1
3
37
2
2
4
2
2
41
3
4
33
2
4
36
2
6
4
5
6
3
1
2
2
44
4
5
7
41
2
10
56
5
2
2
36
35
3
62
7
4
1
24
3
3
28
16
4
27
2
22
2
28
8
2
0
26
11
30
2
5
5
2
2
4
2
5
3
2
2
7
16
6
38
4
7
32
3
4
4
4
5
4
2
58
5
4
35
7
3
4
2
38
2
1
35
3
2
6
5
0
4
35
2
4
7
2
2
1
4
5
39
2
33
2
4
17
30
9
6
1
50
4
1
39
4
4
51
3
1
4
2
