0
3
1
1
1
8
49
0
0
68
4
3
1
56
38
3
30
0
5
36
17
11
3
1
3
0
0
5
7
0
1
15
25
57
0
21
0
0
0
3
17
0
0
3
1
7
14
48
0
7
43
17
18
57
14
5
0
0
24
33
0
22
43
3
6
11
30
13
5
0
3
0
66
23
1
1
0
13
31
0
0
14
33
0
0
22
23
31
0
16
42
0
3
0
0
0
13
23
0
20
20
42
0
0
0
9
0
1
33
1
0
3
0
17
11
61
3
0
3
53
0
3
0
21
6
1
22
3
0
18
26
11
1
0
22
0
1
26
1
0
0
0
26
13
15
52
18
3
19
49
70
7
3
3
29
1
0
41
45
0
20
23
52
0
0
1
1
10
0
28
28
4
1
0
1
37
31
16
3
28
0
3
33
40
0
59
35
20
36
0
24
16
0
1
17
24
29
10
38
49
3
5
0
31
0
0
1
0
0
0
3
15
16
6
24
6
5
10
5
1
0
3
35
0
1
0
1
9
0
15
16
26
38
22
21
3
28
27
1
30
0
27
11
21
21
36
14
2
32
23
36
1
27
5
21
25
49
47
37
14
19
29
0
19
32
21
40
11
38
15
6
27
0
13
30
21
26
16
29
25
1
14
20
17
14
1
22
16
1
10
6
0
0
1
4
5
29
48
1
21
3
1
50
0
0
42
28
13
4
3
0
6
57
0
62
34
5
0
1
0
0
3
14
29
23
19
15
0
34
20
0
0
1
65
0
0
17
26
35
19
12
11
0
0
9
19
1
1
18
37
27
49
0
24
25
17
47
0
29
1
54
16
22
0
1
1
30
31
64
16
13
1
20
31
5
12
0
34
26
22
18
0
0
1
0
0
24
28
0
0
18
20
40
0
34
3
1
20
20
0
1
27
56
16
38
1
24
18
19
50
15
25
3
28
39
0
0
3
55
16
18
57
28
0
0
11
33
0
6
48
22
25
3
4
3
22
20
3
24
13
0
16
0
17
2
7
26
8
5
1
37
3
3
3
3
54
46
16
0
6
31
0
26
26
27
1
0
3
55
3
0
1
0
56
6
29
33
18
15
10
27
21
21
4
16
30
20
3
11
21
38
44
0
0
4
34
8
18
16
30
1
5
0
7
1
16
29
44
7
29
1
23
0
1
15
6
0
29
17
0
0
0
44
10
1
0
22
0
3
3
0
17
13
17
35
0
22
4
3
12
17
14
30
10
3
0
3
51
3
1
32
28
0
16
3
1
3
1
16
40
1
0
33
3
0
17
3
0
5
5
14
22
0
14
45
3
9
2
31
0
58
14
49
4
0
18
6
32
18
1
39
55
16
40
3
0
0
25
62
1
3
30
56
29
62
0
0
16
34
30
12
0
0
0
1
19
13
16
21
13
28
0
0
1
5
0
5
30
16
30
19
28
32
0
39
13
18
23
3
28
2
40
0
7
0
0
0
0
0
0
33
4
0
22
28
59
21
26
0
16
34
32
24
34
4
31
17
1
15
0
0
36
15
56
0
32
25
1
0
3
17
1
20
12
3
0
16
0
12
24
2
30
1
0
3
0
0
21
23
0
7
0
11
23
18
0
0
24
34
3
3
12
4
49
0
43
0
0
1
27
11
6
4
17
1
3
0
32
34
79
21
0
0
0
2
12
7
26
31
0
3
16
6
1
27
39
1
11
33
1
9
34
1
8
21
2
28
28
22
46
26
27
3
24
23
0
16
1
45
3
9
40
8
48
6
24
13
4
52
23
24
33
1
22
17
51
40
3
1
27
33
8
20
5
38
5
0
1
22
17
0
0
32
1
32
31
17
16
3
29
0
27
1
8
11
4
8
5
13
35
3
16
20
13
25
18
7
1
1
10
15
13
3
1
11
24
1
7
31
33
36
14
33
3
29
26
23
7
11
21
4
4
8
40
1
1
23
70
2
0
30
22
3
3
3
3
5
3
0
20
0
5
64
0
3
50
3
3
60
5
3
11
0
0
4
5
1
0
59
0
5
5
27
1
0
1
3
0
0
1
30
3
0
10
0
3
0
15
0
0
0
0
1
3
0
0
0
1
1
15
1
0
0
33
0
0
64
30
1
1
17
22
0
0
34
3
33
20
0
0
3
61
0
0
23
0
5
43
19
0
0
1
32
0
3
19
0
0
3
1
0
3
26
30
62
3
1
0
38
40
3
3
22
0
3
24
3
0
5
0
0
21
1
0
1
22
46
0
18
31
1
0
20
3
0
1
1
0
0
1
1
3
20
5
0
31
25
1
0
28
25
0
4
18
28
3
4
31
3
0
0
25
1
37
3
19
1
40
43
12
5
13
49
3
5
13
23
3
0
3
1
0
49
3
3
31
5
0
29
0
0
3
26
0
1
23
0
1
5
8
5
0
3
13
0
1
41
1
11
43
0
0
3
5
3
0
0
0
1
3
0
19
18
0
19
20
20
1
23
39
21
25
11
4
26
20
29
3
1
20
21
8
22
0
18
21
20
17
1
26
19
26
1
24
30
19
3
20
5
36
21
1
19
10
0
26
18
7
35
7
0
28
3
0
15
18
1
1
21
25
5
29
1
1
1
20
3
24
0
21
8
1
0
22
1
3
7
3
3
28
0
5
22
0
0
0
9
3
5
0
1
3
3
1
1
0
1
1
7
3
3
0
56
5
0
7
0
0
42
3
0
19
0
3
62
1
1
0
29
1
7
1
1
33
0
3
63
0
0
0
0
3
3
64
1
1
36
0
3
0
0
1
3
3
0
0
0
9
47
1
0
3
7
0
5
59
0
0
24
3
1
7
0
1
0
0
0
0
0
1
3
4
0
3
3
0
1
0
0
0
0
3
1
1
0
0
3
43
0
0
0
0
1
3
0
5
93
1
0
11
3
0
0
33
1
3
0
0
3
0
1
0
0
0
0
74
1
3
46
30
0
1
47
0
0
0
1
5
0
0
0
1
3
0
0
0
0
0
0
1
3
1
25
3
3
3
0
1
0
1
0
0
0
34
5
3
73
0
0
0
5
0
0
65
0
0
3
0
1
3
0
0
26
0
0
0
1
1
15
21
0
0
7
21
3
1
65
0
1
3
3
0
1
70
1
7
0
0
0
9
1
3
9
0
1
3
7
1
0
60
5
3
0
0
0
65
5
7
21
0
3
0
10
0
18
1
0
3
3
0
0
0
0
5
24
0
28
1
0
5
49
3
1
0
7
5
0
45
0
0
3
0
5
0
0
9
3
32
5
5
