12
12
11
25
7
12
2
6
12
14
19
8
14
4
11
4
13
2
15
9
8
15
23
8
15
9
6
21
13
19
9
15
17
12
23
33
11
10
25
8
31
13
7
17
13
19
23
10
23
14
2
6
15
17
25
17
15
8
19
35
23
11
23
21
28
15
15
31
10
19
17
19
17
32
13
14
13
39
29
29
19
25
21
8
10
28
37
29
13
21
27
38
17
15
29
17
23
11
32
21
44
19
19
11
48
33
17
12
42
19
26
15
23
24
34
50
39
23
21
29
11
25
20
13
32
27
38
35
10
27
40
22
32
25
35
13
29
21
42
21
24
35
18
37
15
22
21
44
12
17
20
42
34
43
26
9
10
18
23
33
10
9
25
38
9
17
51
40
10
19
28
29
11
17
17
8
33
23
21
10
8
14
31
18
10
24
12
39
12
30
8
29
29
33
46
19
23
33
38
15
19
12
27
35
17
36
30
44
36
13
11
13
20
12
26
27
37
38
39
32
25
35
17
8
8
14
27
14
28
25
11
37
15
18
33
14
18
12
16
15
15
33
19
31
21
27
17
19
21
33
14
21
29
17
10
15
30
35
27
21
9
15
27
22
25
21
23
29
23
24
17
17
21
11
31
46
17
17
14
23
13
27
25
26
15
33
15
33
8
10
12
13
8
24
4
13
19
23
13
11
14
6
4
8
6
14
10
12
26
4
6
14
12
8
15
17
6
8
14
13
4
7
19
8
10
10
8
8
14
6
6
8
8
15
6
17
13
15
10
8
16
21
9
9
8
9
12
4
16
10
6
13
16
8
21
6
12
17
15
15
4
6
38
15
2
10
6
12
10
12
8
10
8
19
17
12
23
14
15
8
10
12
10
17
32
14
11
17
15
12
8
21
12
8
17
13
19
15
13
15
10
22
29
10
10
10
10
17
6
6
13
32
27
18
10
17
19
15
24
17
11
10
8
12
15
8
10
10
21
12
12
12
21
17
19
15
23
10
23
25
13
15
21
21
21
33
25
12
13
11
8
12
19
12
28
12
10
31
23
10
23
10
10
13
17
19
25
15
15
8
17
19
23
23
21
35
17
31
25
10
31
8
15
19
25
4
10
12
21
17
13
33
21
15
19
11
13
24
13
21
19
19
19
19
12
11
26
4
19
14
8
19
15
21
17
17
10
19
10
8
12
15
8
23
12
23
19
17
29
21
15
21
16
13
11
21
33
35
13
17
15
12
13
23
19
10
15
8
15
17
14
17
17
9
21
14
32
55
12
13
15
14
10
25
29
10
15
13
23
8
23
10
15
12
16
11
8
19
15
6
25
13
4
10
15
14
6
8
6
25
12
6
12
8
15
11
8
19
10
13
6
8
14
17
14
11
8
9
10
8
8
10
12
12
8
21
6
15
6
10
4
16
8
14
6
6
6
12
12
13
23
10
6
21
8
10
19
13
19
27
17
8
8
35
13
10
19
19
2
4
11
15
15
13
15
12
6
4
12
27
14
8
10
6
10
17
6
2
8
15
8
14
8
8
8
6
23
13
11
19
15
19
43
15
13
15
12
15
25
25
17
15
12
17
23
12
17
15
21
14
22
13
14
12
17
21
44
14
37
14
21
15
23
10
15
27
23
14
17
21
15
8
29
23
21
39
21
25
12
31
29
16
12
15
8
21
33
23
56
19
34
25
23
21
31
19
10
13
35
10
28
18
10
39
20
21
10
29
17
22
12
14
17
6
18
8
21
21
12
8
23
15
19
12
15
12
35
19
10
14
17
21
10
10
20
8
28
11
25
8
25
28
13
17
13
27
17
17
15
19
23
15
10
15
20
11
11
10
12
10
11
11
6
17
8
6
12
12
23
19
25
14
15
19
10
14
14
10
11
12
8
19
29
9
8
15
6
14
10
8
4
14
12
17
10
19
10
6
19
14
10
2
17
14
11
10
10
10
10
14
12
10
19
13
6
2
13
4
12
12
10
4
2
15
4
4
6
2
2
5
4
6
0
2
4
10
2
4
10
4
4
6
0
2
6
10
0
4
6
4
4
4
8
6
8
6
6
0
4
6
0
4
10
6
2
12
8
6
8
4
14
4
4
2
10
8
8
8
6
11
4
10
4
8
2
8
6
10
12
2
12
6
4
8
14
10
4
8
19
6
14
14
4
13
8
19
10
15
13
19
6
10
6
14
8
10
8
14
10
16
10
8
6
8
8
12
8
8
10
6
12
17
11
8
8
15
14
6
6
15
8
12
14
14
19
23
6
14
19
6
14
8
4
14
6
12
4
12
17
6
12
8
10
5
8
13
6
6
13
10
13
16
21
14
12
6
15
4
10
6
14
15
10
10
8
10
19
14
6
6
16
4
17
17
16
23
4
15
8
10
21
17
6
12
16
12
6
12
16
15
6
6
17
6
19
8
12
14
12
31
10
8
13
10
17
6
17
6
12
10
19
8
17
16
6
11
19
8
8
9
8
6
10
6
6
8
8
12
8
12
4
13
10
10
8
8
6
2
17
8
4
4
6
8
14
12
12
6
2
4
4
10
2
10
4
4
6
8
10
4
6
4
2
6
10
2
17
2
0
8
4
6
77
4
4
6
8
10
8
6
6
8
8
21
11
9
18
7
8
8
15
10
13
10
14
15
15
19
13
15
21
10
11
25
12
14
8
17
6
17
8
12
6
17
14
10
25
10
6
12
10
8
23
17
10
10
10
10
21
17
25
4
10
11
12
12
17
11
19
8
15
12
21
11
23
6
21
8
23
19
6
14
10
13
21
8
10
23
4
19
23
10
8
6
10
10
15
11
15
11
17
8
10
10
9
8
15
27
4
17
24
12
17
12
10
6
17
12
16
15
11
16
10
21
15
12
11
15
8
17
21
25
12
19
27
15
8
6
10
23
14
10
16
10
15
10
37
19
17
15
13
6
12
10
10
2
21
21
8
6
21
16
11
11
10
17
25
23
10
2
21
21
11
11
9
11
8
9
7
11
14
11
11
20
21
9
17
12
17
6
6
12
17
23
17
23
9
15
11
23
19
12
27
19
14
11
31
8
9
8
9
11
16
14
11
15
4
13
26
13
21
11
21
17
15
18
17
15
24
25
10
11
8
12
15
11
13
12
12
14
8
8
10
9
11
15
8
16
8
18
13
13
8
12
13
4
6
17
20
10
11
13
11
4
11
7
17
6
11
7
12
6
4
9
11
4
9
10
11
12
6
10
13
10
13
11
6
6
11
11
6
6
13
6
9
13
11
15
13
10
