1
25
1
1
3
3
1
0
0
3
3
3
3
1
3
5
0
1
0
28
1
1
0
1
4
3
5
1
1
4
1
4
10
0
0
3
32
1
1
3
3
5
1
5
1
1
1
1
3
1
0
1
1
3
3
20
3
0
3
3
1
3
3
0
3
28
3
5
3
0
1
1
5
1
1
8
27
1
1
24
1
1
3
27
1
12
1
42
3
6
3
22
12
1
26
3
3
1
3
10
3
0
3
7
27
1
1
1
3
1
3
1
0
29
5
3
1
3
1
0
3
35
0
3
3
5
1
1
0
1
1
1
1
1
0
5
1
0
3
1
5
5
0
5
3
3
1
3
1
3
1
0
3
41
3
5
3
29
1
5
37
3
3
3
28
1
3
3
1
0
3
27
5
6
3
1
0
10
1
1
0
1
1
1
1
3
0
3
6
5
1
1
1
27
1
3
1
23
5
1
27
1
1
1
1
3
1
1
1
4
1
5
3
1
1
1
1
1
1
1
3
3
3
1
5
1
5
3
1
3
0
12
1
5
3
0
1
1
3
0
0
4
10
3
1
1
24
1
26
34
1
5
1
1
1
3
3
20
15
1
0
0
3
3
1
3
0
3
30
3
1
0
3
3
3
26
1
1
0
3
31
0
1
1
1
5
3
3
1
1
3
1
1
0
3
43
0
3
1
4
4
3
0
5
1
8
0
3
34
5
0
3
1
3
1
5
0
1
1
10
1
0
3
3
3
12
1
0
3
0
1
5
3
1
1
5
5
0
5
3
1
1
11
1
1
3
10
5
1
3
5
1
5
1
3
3
3
1
3
1
1
1
3
1
5
5
1
3
1
7
5
3
1
0
3
3
1
5
3
0
1
1
0
1
1
1
3
17
0
3
35
0
28
0
0
0
4
3
3
1
3
0
1
1
1
35
3
1
0
3
24
1
1
6
3
1
34
1
1
3
1
1
1
1
1
3
0
3
5
1
1
1
3
1
3
3
0
5
5
3
9
3
6
3
1
35
5
6
34
1
5
3
3
3
5
1
3
3
1
0
3
5
3
3
5
1
3
1
5
10
3
3
3
5
3
3
3
1
24
3
1
1
7
3
3
3
1
25
0
0
1
5
5
1
9
1
3
1
0
7
1
0
1
0
1
1
4
3
3
37
1
3
3
0
0
0
5
5
1
3
36
1
1
0
5
0
1
5
1
1
3
1
1
3
0
5
3
38
1
3
5
0
5
0
1
10
3
0
1
3
41
0
1
4
1
1
1
0
1
1
0
6
0
1
0
3
3
0
0
1
1
3
43
37
1
7
3
3
3
3
0
5
0
5
3
5
1
1
1
3
3
1
3
3
1
7
3
1
1
3
3
3
5
0
3
0
1
5
0
1
5
0
5
3
1
3
1
1
3
9
1
1
1
1
5
1
1
1
1
3
5
3
3
1
1
5
5
1
3
0
1
1
5
3
1
3
1
3
7
3
3
1
3
5
7
0
3
1
46
13
1
1
0
3
0
0
1
1
7
3
7
9
0
5
1
1
1
3
11
1
1
1
5
3
3
0
0
0
1
7
0
1
3
3
5
0
67
5
1
1
7
5
1
1
1
1
1
7
5
5
5
5
1
5
3
3
1
1
5
3
1
1
3
5
3
3
0
1
3
3
3
3
0
1
1
0
3
1
1
3
0
3
3
1
0
0
1
5
3
0
1
3
1
3
3
1
0
0
1
3
0
3
3
0
1
3
1
0
3
0
0
3
7
1
1
0
0
3
1
0
0
0
0
5
5
1
0
1
0
5
1
0
1
0
1
3
1
0
1
1
0
1
1
1
0
1
1
0
1
1
0
1
42
3
3
9
0
1
7
3
3
0
1
5
1
0
1
0
1
1
5
1
1
3
0
1
1
1
1
0
5
1
1
1
0
0
5
1
0
0
0
0
0
1
0
0
0
0
0
3
1
5
42
0
1
1
5
3
0
3
3
1
1
1
3
3
0
3
5
5
1
1
1
7
5
5
3
3
1
1
5
5
1
3
3
1
3
3
3
3
1
0
7
9
3
5
1
3
3
7
1
3
7
3
3
0
1
48
1
0
1
0
1
3
5
5
0
1
1
1
3
5
5
0
1
3
1
3
0
1
7
0
0
3
3
1
3
1
5
7
1
1
3
1
3
1
58
1
1
0
7
3
1
0
5
0
1
3
0
3
3
3
1
3
3
1
1
3
5
52
1
5
1
3
3
0
0
5
5
5
3
5
1
1
1
1
5
1
1
1
3
0
5
7
1
1
1
7
3
1
1
0
0
3
40
0
0
3
0
1
1
3
0
0
0
5
3
0
0
0
0
3
0
1
1
0
3
1
3
3
3
1
67
3
1
1
9
0
3
5
1
3
0
0
3
1
5
5
0
1
7
1
0
3
1
1
5
5
3
1
1
1
1
3
1
0
5
1
3
3
0
0
3
1
3
3
1
0
0
1
5
1
0
3
1
1
3
3
5
3
1
5
1
3
7
1
0
3
1
1
0
0
3
5
5
0
9
1
1
3
3
1
3
11
3
9
3
1
5
1
1
1
0
1
7
9
5
3
1
23
3
1
5
3
3
1
5
1
5
3
0
1
0
3
0
8
3
3
9
0
0
5
3
3
0
0
7
1
5
3
0
1
0
1
1
0
1
0
1
7
1
3
7
3
1
5
0
1
1
0
0
1
1
1
7
1
0
3
0
1
1
5
5
1
7
11
1
1
11
10
1
3
3
1
3
0
1
0
1
3
46
3
1
1
1
1
3
1
1
1
0
3
1
3
45
1
3
5
3
9
3
3
3
0
48
0
1
1
3
7
0
3
3
3
1
0
1
3
5
1
5
1
1
3
0
3
1
7
3
1
3
3
3
5
6
0
1
3
0
3
44
1
0
9
1
1
1
5
5
5
1
0
1
1
0
0
5
0
0
5
3
1
1
0
0
0
5
0
1
1
0
5
0
0
5
5
1
6
1
3
1
3
0
7
5
1
3
1
0
1
1
0
0
1
3
0
0
1
3
5
0
0
3
6
5
1
1
1
5
0
1
3
1
1
3
5
5
3
0
3
0
3
3
0
0
0
1
3
3
0
0
1
0
7
0
0
0
1
0
1
5
7
0
6
0
5
3
3
0
1
5
3
3
1
3
3
3
5
1
1
1
3
3
5
3
3
1
1
3
5
3
1
1
1
3
1
1
1
1
1
9
5
0
0
0
57
3
0
66
1
0
5
9
1
3
5
0
0
3
5
