4
4
4
8
3
8
7
9
0
6
6
2
9
4
4
7
4
7
5
0
9
2
2
4
5
2
6
10
2
6
11
6
9
4
7
8
9
0
2
10
8
4
7
5
4
4
8
8
6
8
4
6
4
4
11
4
5
10
8
4
8
6
8
6
11
15
7
6
9
4
4
9
8
6
6
6
6
6
9
7
9
10
6
8
4
6
11
6
6
7
11
6
13
7
10
7
4
6
8
15
25
2
15
7
11
15
15
13
13
79
14
9
7
7
7
6
22
11
17
11
15
9
32
18
7
17
28
13
27
39
32
14
9
17
11
9
6
17
15
15
20
11
17
19
25
11
23
9
19
16
20
9
26
7
20
22
8
11
27
32
13
20
11
21
21
34
24
23
13
30
20
6
11
6
22
22
14
34
30
31
14
21
19
45
22
13
21
11
6
21
24
27
21
19
13
21
5
31
24
9
11
27
22
7
11
15
9
9
9
20
26
7
15
32
19
17
18
13
11
13
14
9
11
11
10
15
26
9
26
19
14
24
19
6
21
33
21
6
24
15
11
11
31
9
17
11
11
9
11
23
20
6
11
19
9
14
6
17
9
8
6
17
15
13
17
18
8
33
19
17
21
21
30
24
28
11
13
19
19
9
17
21
23
24
11
15
9
17
7
6
9
14
6
7
8
9
5
11
11
10
6
7
8
6
7
14
2
7
5
11
12
14
8
14
6
9
5
11
9
9
6
6
9
10
13
9
16
7
5
6
6
6
8
8
9
15
9
10
14
10
17
15
14
7
10
10
2
11
7
13
14
15
4
9
8
14
12
18
11
8
12
4
12
20
11
12
11
6
17
4
20
11
15
13
11
6
10
17
26
11
14
20
11
20
12
8
12
10
9
6
16
11
17
10
10
14
25
6
12
15
15
11
19
15
13
7
6
6
9
15
16
16
5
9
14
14
14
12
11
12
7
23
14
5
10
28
16
15
7
7
17
36
21
14
12
6
31
23
9
23
20
24
8
18
15
16
22
20
21
25
16
18
11
28
12
20
22
21
27
34
9
3
30
19
25
20
7
14
16
7
20
15
34
30
17
27
6
32
8
18
11
28
18
10
8
12
17
16
21
34
13
25
17
22
28
11
15
27
11
31
30
10
5
26
16
15
5
15
22
34
14
24
17
28
17
20
19
16
19
19
22
16
18
14
24
21
8
14
17
26
7
10
14
13
19
10
29
9
10
15
13
17
7
21
18
7
9
16
19
16
15
11
12
15
14
4
8
24
14
32
16
15
12
12
16
24
14
11
15
9
17
18
13
13
18
21
9
9
12
7
12
7
11
7
7
12
14
11
3
12
16
8
9
11
4
11
10
13
12
18
21
12
12
13
21
22
12
9
13
5
12
13
9
13
13
31
16
14
16
12
7
18
27
15
11
7
11
10
5
5
14
7
5
8
10
14
12
13
7
8
3
7
5
9
5
9
4
14
14
9
20
19
12
17
11
21
7
39
23
12
18
18
16
7
20
21
24
12
15
10
14
31
14
14
10
14
27
21
16
21
10
12
13
23
19
13
10
14
18
11
13
12
11
11
10
10
5
18
10
17
15
9
9
15
12
23
8
5
16
9
16
18
9
14
27
21
7
25
35
9
39
14
5
5
14
7
41
15
18
9
19
14
22
6
14
25
26
3
4
7
5
4
5
8
14
11
10
11
5
9
5
9
7
7
3
3
9
7
7
7
7
7
4
8
10
4
7
9
2
11
10
8
7
7
4
11
7
5
9
12
9
5
9
5
0
10
8
5
5
12
15
8
5
7
5
4
2
2
4
11
5
2
5
2
16
11
2
7
5
5
7
12
12
10
5
5
9
9
5
5
3
11
5
5
7
12
8
5
10
3
6
6
6
2
12
5
5
7
2
0
13
7
3
2
0
2
3
3
4
0
0
1
0
5
3
5
0
5
3
5
0
7
0
4
11
12
5
8
3
5
10
5
2
4
0
4
5
7
0
2
4
9
1
3
2
0
0
5
5
5
3
2
3
8
7
5
5
0
8
0
11
2
7
5
9
5
13
3
10
9
7
16
12
11
2
7
12
16
10
2
12
3
3
9
7
12
5
4
13
7
7
3
10
14
15
16
13
24
12
7
12
13
14
14
30
19
12
15
9
4
12
14
14
11
25
16
14
13
18
7
12
35
25
19
11
14
9
9
14
12
11
7
8
29
12
8
12
4
14
12
10
2
7
12
21
7
15
16
21
24
13
12
18
39
10
8
8
14
11
18
17
7
8
5
5
11
11
21
14
10
6
36
7
13
9
22
10
14
8
7
16
7
22
8
7
16
19
9
9
16
25
16
23
18
5
12
17
11
14
9
23
7
11
7
5
6
21
15
8
22
15
6
15
14
15
9
9
5
7
4
14
11
14
7
14
4
5
5
13
2
15
7
5
5
12
2
9
5
8
8
11
2
9
4
2
10
9
14
12
7
15
10
3
5
7
4
5
5
8
9
10
3
4
5
3
14
7
2
2
5
11
18
0
4
7
7
9
5
3
5
7
5
7
4
7
2
3
2
5
7
3
7
0
7
7
3
14
7
4
9
2
29
4
2
7
5
4
12
3
7
11
5
7
7
16
15
7
7
10
7
7
9
12
5
9
16
13
8
19
8
19
14
10
16
18
17
7
14
17
13
16
9
9
19
7
5
10
5
10
16
13
11
17
6
5
5
11
12
11
13
11
13
13
13
14
7
7
16
16
9
26
3
12
15
11
16
11
11
9
11
13
4
23
20
11
7
14
22
12
12
7
17
5
13
14
11
14
18
13
7
16
13
7
9
11
10
19
5
11
12
9
21
15
19
20
20
9
12
15
18
14
16
8
26
8
12
16
15
18
25
12
14
16
15
21
21
19
14
7
14
15
5
22
18
17
10
7
5
19
22
9
12
15
15
13
11
11
25
19
24
10
11
18
27
22
9
30
25
23
16
5
11
23
7
22
9
5
17
18
20
12
10
9
16
24
18
12
11
21
14
9
16
13
19
18
12
5
10
15
14
23
5
17
13
17
21
9
29
27
12
11
20
7
12
11
25
12
11
12
21
21
14
4
9
11
14
17
8
16
7
10
9
7
22
11
9
13
13
5
15
16
10
12
10
5
21
3
7
5
11
19
9
2
7
7
10
6
9
5
16
5
9
15
5
2
10
5
5
5
8
13
5
7
9
4
23
5
13
9
21
7
16
5
9
14
10
15
9
11
3
2
2
2
5
11
5
2
5
13
2
