13
11
15
7
10
14
8
11
6
22
24
7
11
17
8
10
10
9
15
10
12
13
10
10
10
9
14
11
7
13
11
15
12
9
7
11
10
8
7
7
5
6
11
6
10
7
10
10
5
9
8
8
8
11
5
6
5
10
5
5
10
7
7
15
16
5
7
7
5
9
6
11
8
7
7
9
8
5
16
16
12
8
4
7
6
4
9
7
5
4
7
3
9
7
14
8
2
5
3
2
3
6
5
5
8
7
7
13
9
5
7
8
4
7
3
4
10
9
10
3
7
7
7
7
9
12
6
4
7
10
10
7
9
6
9
7
11
9
5
12
6
10
4
7
5
7
9
4
6
4
14
4
11
5
9
10
5
19
5
8
13
6
5
11
6
11
11
4
7
17
33
10
7
6
4
5
11
7
13
5
8
7
15
11
8
8
10
12
16
10
7
8
9
11
14
11
8
11
13
12
7
9
9
10
9
11
11
10
11
6
14
12
12
6
16
8
12
11
8
11
11
16
10
13
9
11
6
7
20
9
8
3
9
14
10
19
7
7
15
7
8
18
34
13
10
10
14
11
7
10
13
8
4
5
16
10
13
11
9
12
12
9
13
20
12
5
10
11
13
8
13
13
8
5
12
13
9
11
7
8
6
8
11
13
15
7
13
10
4
7
5
5
7
4
4
23
22
4
7
5
4
5
6
5
4
11
6
7
4
4
6
4
5
6
4
9
4
4
4
6
4
4
9
6
3
7
7
7
4
7
2
6
8
14
5
7
4
4
5
5
5
6
6
16
15
4
5
3
6
5
4
4
3
4
5
10
2
5
2
6
5
5
6
7
5
3
4
4
4
5
5
2
6
4
9
5
5
5
5
5
3
5
4
7
7
4
5
7
4
4
7
4
6
7
3
5
14
4
2
4
3
5
7
5
7
5
3
3
5
7
3
4
7
5
7
7
7
3
5
11
5
5
5
5
6
16
4
4
3
5
5
4
4
6
11
5
6
4
9
6
2
2
3
5
10
2
6
4
6
5
23
2
4
9
5
7
5
7
8
4
2
9
4
5
5
2
4
4
3
3
4
2
3
4
5
4
5
6
5
4
4
5
5
1
6
2
4
5
2
4
3
4
4
4
15
36
20
4
2
5
7
3
5
1
2
4
4
7
6
4
5
6
6
5
44
12
4
4
4
4
2
1
6
5
4
2
5
4
2
4
5
6
7
4
2
5
1
4
6
2
4
8
6
6
2
4
7
2
4
4
4
4
2
6
4
4
4
4
5
5
5
4
8
2
5
19
2
3
6
6
8
2
5
2
2
4
19
13
12
17
20
15
19
16
18
12
9
16
15
9
19
21
15
19
8
16
15
15
16
13
12
9
16
14
13
10
13
10
15
12
17
18
14
9
11
0
11
13
10
15
12
15
8
13
14
11
19
17
15
17
17
13
17
15
15
14
10
3
10
8
17
18
12
18
14
9
14
14
12
9
12
11
16
11
0
12
15
12
8
14
13
11
0
11
17
12
13
14
14
9
8
9
10
17
0
15
16
18
18
13
11
17
12
15
13
15
18
11
10
10
13
19
9
11
9
11
12
16
10
14
13
8
10
13
14
9
11
12
16
7
16
10
13
14
16
10
18
12
0
17
25
34
21
35
29
18
15
30
27
10
10
16
18
12
17
15
15
35
16
26
18
39
12
23
20
19
35
10
22
25
22
15
19
18
15
26
12
4
24
28
28
21
24
17
26
12
14
11
30
71
28
13
21
12
12
13
2
22
5
2
6
0
5
4
4
8
6
4
2
8
4
5
4
1
4
2
6
7
6
3
2
7
4
4
4
5
4
3
4
2
4
4
7
6
4
21
16
5
2
6
4
4
6
4
4
4
1
5
0
5
2
5
2
4
6
2
4
3
5
4
5
4
3
9
6
2
6
7
5
8
4
5
6
5
4
2
4
6
2
11
2
4
6
4
3
3
1
3
3
3
5
3
3
2
9
4
4
2
5
3
3
3
2
7
3
2
3
2
3
3
2
1
8
1
1
7
5
3
3
3
2
3
4
3
3
5
2
3
3
5
1
4
3
3
5
1
2
3
2
5
3
3
3
4
3
6
4
5
2
6
4
4
2
7
5
5
7
5
9
3
10
6
2
2
4
4
5
4
5
5
3
3
5
5
5
4
6
4
2
5
5
3
2
5
3
4
4
5
9
5
2
2
3
3
2
2
3
2
6
3
2
2
2
3
2
3
4
2
5
4
3
2
4
2
2
3
2
3
2
3
2
5
3
4
4
2
4
4
3
3
3
2
2
4
5
4
0
5
2
5
6
5
2
3
5
5
3
6
9
7
5
5
3
4
1
5
3
3
2
4
3
5
3
4
3
2
3
3
2
4
5
3
4
3
10
4
5
3
5
7
5
4
2
5
5
4
3
3
3
3
5
5
4
2
6
2
2
2
5
3
7
3
8
5
3
6
5
2
3
2
4
3
3
3
5
2
2
3
3
5
3
2
6
3
3
2
7
5
4
3
3
4
2
4
6
3
3
7
5
3
2
3
3
4
3
4
3
3
5
5
6
2
3
6
3
3
3
3
3
2
5
3
3
4
3
2
5
7
3
2
3
2
2
4
6
4
4
4
4
2
4
4
2
2
0
0
2
2
6
4
4
0
2
2
2
6
4
4
6
8
2
2
6
4
4
2
2
4
2
0
0
0
2
8
2
4
4
4
5
4
2
4
0
2
0
4
0
5
6
2
4
40
4
0
0
4
4
2
2
2
4
2
2
0
4
2
2
2
4
2
4
2
6
8
2
0
0
2
0
4
0
0
4
0
4
2
2
2
2
2
4
1
0
2
2
0
4
2
0
0
0
2
2
2
0
2
2
2
2
0
0
1
2
2
0
0
0
4
2
2
0
2
2
0
2
0
4
2
0
0
0
2
0
0
0
0
2
4
2
0
2
4
2
4
2
0
2
4
2
4
2
4
6
2
2
0
0
2
2
6
0
2
4
4
0
2
2
2
2
4
2
2
6
6
6
2
6
0
2
4
4
4
8
0
6
2
2
4
0
4
4
2
4
2
9
2
4
4
6
2
6
2
4
4
2
4
6
2
32
4
4
4
4
4
2
2
4
4
8
0
4
6
4
4
2
2
4
4
4
5
0
2
2
21
4
4
4
2
4
0
2
0
0
2
7
6
0
2
2
4
2
4
6
2
0
2
4
4
4
2
2
2
4
0
2
0
4
4
0
4
0
4
2
4
4
0
2
2
2
0
