6
4
4
4
12
6
4
2
8
2
4
8
0
6
4
4
4
6
2
4
6
4
4
4
2
4
6
4
2
8
4
2
4
4
4
6
6
2
4
2
8
19
8
6
12
17
13
15
15
21
8
8
8
25
15
10
13
25
33
19
30
46
21
23
17
15
15
25
10
21
21
17
19
15
21
25
17
15
29
17
21
21
21
21
15
21
19
14
17
10
33
17
25
33
23
52
41
29
19
12
19
15
29
35
14
12
15
14
9
27
21
15
17
25
23
8
21
12
29
12
15
25
14
29
21
23
6
14
10
19
21
12
8
10
31
15
12
38
29
23
15
33
27
19
29
23
12
8
27
66
19
10
6
19
4
21
21
25
17
12
29
27
27
21
30
10
29
23
19
37
10
23
37
12
31
31
12
23
12
6
23
4
4
6
4
8
2
4
2
4
4
2
4
8
12
10
6
31
12
8
4
4
8
10
2
8
6
8
6
6
8
4
6
8
4
12
2
6
4
6
6
4
4
4
6
2
6
6
4
8
4
4
4
0
6
6
6
6
10
0
4
2
6
6
8
2
6
4
4
6
2
8
6
10
4
0
4
2
2
6
4
8
6
4
6
4
6
6
2
6
6
8
4
6
6
8
4
6
8
6
8
10
2
8
6
4
6
6
13
33
2
4
6
8
4
12
8
2
8
2
10
4
8
10
2
6
8
2
2
6
14
6
6
6
4
4
4
8
17
4
6
6
12
10
12
8
6
8
6
13
4
10
10
2
8
8
8
17
2
4
6
12
6
10
6
8
6
8
15
6
10
54
12
17
10
14
2
12
12
12
19
6
6
10
15
10
12
10
8
17
6
6
6
19
2
6
8
10
8
10
8
17
12
14
10
8
12
8
4
15
10
12
14
8
19
4
17
12
15
10
8
12
4
6
12
17
13
19
6
12
6
12
12
15
4
6
12
10
10
12
8
8
8
21
8
8
6
8
6
8
8
17
15
12
17
8
6
6
19
17
10
12
6
15
19
8
10
6
14
15
10
17
8
15
10
15
10
8
17
14
6
12
13
12
6
6
8
12
10
12
25
10
14
6
17
8
10
15
29
8
37
6
40
15
8
17
8
14
19
4
6
19
8
10
12
12
6
12
10
12
8
15
2
15
17
8
10
14
14
17
4
17
8
8
6
12
17
6
6
10
6
15
4
8
10
6
8
6
12
4
6
6
6
10
4
10
2
6
4
6
4
4
2
8
4
6
6
4
6
8
96
2
10
4
4
6
4
10
6
4
12
8
8
2
6
8
8
8
8
4
10
4
8
2
6
6
0
2
4
0
8
6
4
4
15
2
2
4
2
4
0
6
8
10
4
4
6
6
6
10
4
17
4
0
6
6
4
4
6
6
12
13
8
8
8
4
8
4
10
6
14
10
15
6
8
6
6
8
10
10
8
10
23
12
12
12
12
8
10
6
10
15
6
6
8
10
4
6
12
12
8
15
11
10
6
2
6
8
6
12
10
6
10
10
8
0
14
8
10
13
14
8
13
4
4
10
6
4
15
13
4
13
21
12
19
13
6
6
17
11
15
13
21
6
12
12
11
14
12
15
21
10
17
21
10
8
25
11
8
4
10
25
12
23
15
23
13
6
8
12
9
6
42
21
4
17
29
8
13
12
8
13
8
19
8
10
23
10
12
8
6
8
17
8
10
12
17
10
15
15
23
6
19
23
8
19
15
2
8
4
12
8
2
4
2
2
6
16
8
6
4
10
4
12
6
4
6
0
2
4
6
37
4
6
6
4
6
4
8
4
8
8
6
4
10
4
4
2
10
2
6
2
8
2
0
10
8
6
2
2
10
2
8
8
4
8
4
6
4
4
10
2
2
8
8
2
2
2
2
2
4
10
6
2
6
2
2
6
2
2
8
2
2
6
6
2
6
6
6
4
4
0
4
2
8
8
4
4
4
8
8
4
0
14
25
8
6
14
6
8
10
12
4
4
2
2
16
6
2
8
8
4
6
0
0
4
2
2
10
2
2
2
6
2
8
4
8
8
10
2
8
10
8
6
2
6
6
12
8
8
4
8
2
2
6
8
6
6
12
4
11
2
8
2
2
10
6
4
6
25
8
6
4
6
6
8
2
12
6
10
6
8
6
6
17
4
14
10
12
33
25
8
8
12
14
19
10
16
6
6
19
6
6
4
12
10
16
10
17
7
16
19
25
10
14
12
11
12
18
14
16
10
17
12
14
29
6
10
15
10
37
10
8
14
33
18
30
21
19
18
8
19
16
27
8
6
17
12
6
4
8
12
8
10
23
10
29
19
6
33
21
15
8
14
10
29
8
4
31
21
12
18
14
21
6
21
14
25
6
14
8
29
21
19
41
22
14
8
12
18
4
33
8
35
19
10
8
4
10
23
23
6
12
8
37
18
15
12
15
8
16
14
43
39
27
12
16
12
19
8
16
6
10
12
12
6
10
10
14
4
0
4
21
6
8
6
12
12
8
12
12
10
10
9
10
14
14
8
12
0
10
6
6
6
21
2
6
0
4
19
4
17
6
10
8
8
16
16
4
6
4
10
4
2
4
2
6
0
2
2
6
14
4
4
0
8
4
4
4
0
4
6
14
2
8
8
21
4
10
6
6
6
18
4
6
17
8
10
2
10
2
6
6
8
10
6
6
4
8
6
14
8
4
6
8
4
4
10
2
6
2
8
2
10
6
2
8
6
4
4
8
16
4
5
6
4
4
4
8
8
6
2
8
14
6
15
8
19
19
13
4
4
6
2
10
6
4
10
6
6
12
6
10
15
10
6
4
14
10
6
2
8
4
10
8
2
8
2
8
12
4
6
8
10
8
10
23
15
8
17
15
4
12
10
10
14
8
52
6
8
8
21
8
14
10
14
8
10
10
15
12
6
10
10
11
10
10
10
8
17
8
23
25
16
4
17
14
13
8
10
8
23
23
12
10
16
10
10
8
10
8
25
2
27
10
14
17
17
17
16
16
19
29
19
8
8
25
8
10
51
10
32
23
21
8
6
25
6
14
16
22
18
10
10
14
10
21
6
49
19
17
29
45
64
21
6
12
25
80
17
10
16
16
19
14
12
23
27
4
11
17
14
8
17
8
8
4
18
8
17
17
10
41
12
8
10
48
15
19
14
12
25
31
21
12
12
6
12
12
14
12
18
12
10
10
21
8
6
11
15
27
4
21
2
14
4
10
6
7
4
10
2
14
0
14
8
10
4
6
4
8
2
10
4
2
6
14
2
6
6
