0
0
13
1
8
22
15
62
33
58
0
0
0
0
21
13
0
4
17
29
5
17
16
1
0
0
0
0
8
0
12
20
28
12
23
36
16
0
8
12
7
0
17
15
12
12
26
20
22
0
10
19
11
0
21
12
0
1
13
11
0
7
17
13
1
17
13
15
25
20
16
17
15
8
18
1
8
0
18
13
15
5
17
12
19
21
3
17
6
0
17
0
19
11
1
22
41
0
0
10
6
0
3
11
19
17
71
0
0
0
17
0
7
8
5
11
17
33
27
43
0
0
19
1
8
0
10
30
14
12
43
1
0
0
1
23
0
6
0
3
11
11
17
16
5
9
16
12
0
0
37
0
5
0
1
8
0
0
0
0
8
4
0
4
10
14
9
0
1
9
0
10
0
0
4
9
16
9
19
13
10
0
15
15
10
1
9
11
6
11
11
11
8
3
6
3
9
7
15
6
8
0
15
10
9
15
0
11
8
4
0
24
16
0
22
13
9
8
0
9
0
0
0
14
26
14
17
13
16
9
5
1
0
0
7
8
0
0
1
1
3
11
0
0
0
7
1
9
1
0
6
0
6
0
9
10
8
12
0
0
6
4
0
7
0
10
0
4
8
0
7
0
10
6
12
1
8
6
0
1
1
0
4
5
9
7
10
1
21
0
11
13
14
0
41
13
10
0
5
12
13
6
0
15
9
14
23
0
19
5
0
1
14
18
19
14
6
0
13
16
32
0
0
24
14
13
18
16
11
6
14
6
0
0
4
14
22
20
6
0
1
10
15
0
0
1
17
17
10
14
0
13
4
22
18
1
20
13
25
27
20
10
17
12
0
12
17
15
24
17
10
20
15
0
10
26
10
0
12
16
17
17
18
18
16
0
1
7
0
8
0
10
3
12
7
0
11
12
18
8
7
10
7
0
10
0
10
12
17
9
15
12
8
1
14
12
1
21
13
0
5
11
0
8
6
0
8
1
11
19
9
0
7
12
11
0
1
1
6
0
9
0
8
12
20
2
10
8
0
6
0
11
0
9
12
2
11
12
33
9
10
1
6
20
2
13
10
7
0
10
11
0
0
0
10
0
0
20
2
13
0
9
0
6
0
11
1
2
0
11
14
13
0
15
13
13
0
8
0
4
10
0
10
0
13
0
1
0
0
11
10
0
0
10
7
0
8
0
5
0
2
0
14
7
11
20
9
14
0
12
0
8
7
12
21
31
3
9
15
23
16
16
1
0
14
0
1
24
15
30
17
1
45
3
12
5
8
7
14
0
22
15
1
23
17
0
20
14
14
1
46
23
21
0
0
0
10
9
0
0
8
0
1
5
60
0
12
0
9
0
9
14
0
5
0
12
1
0
0
0
13
13
15
1
0
6
14
8
12
17
8
14
12
16
0
1
0
2
0
8
9
14
3
6
13
20
12
25
0
0
9
0
1
16
12
10
0
0
11
0
0
9
0
5
10
5
11
0
0
11
0
12
20
0
8
5
1
6
11
0
5
1
7
0
0
0
3
16
14
0
0
10
6
9
0
6
5
9
0
21
12
15
11
0
9
13
0
0
7
4
0
7
10
13
0
0
15
17
9
6
8
0
7
0
10
11
0
8
3
9
0
13
1
0
11
17
0
13
10
0
6
8
8
12
0
4
4
16
0
10
0
0
2
21
13
0
7
1
7
0
9
0
2
6
12
10
9
0
0
8
0
6
10
0
9
8
11
1
9
44
0
8
3
9
1
4
13
30
11
13
12
2
0
1
4
25
0
15
7
14
9
1
10
10
4
5
6
15
0
0
4
12
7
13
0
11
12
9
0
11
8
5
9
0
10
18
0
17
18
0
9
17
33
15
14
12
25
11
13
74
10
0
16
15
17
18
0
17
18
22
0
12
0
0
10
16
26
1
13
15
18
0
16
0
10
0
13
26
0
0
1
20
16
1
0
10
18
4
11
25
0
13
22
15
15
13
9
38
5
0
8
0
10
16
15
2
18
6
10
10
9
8
2
1
13
14
17
10
21
8
1
4
8
0
12
10
15
12
11
9
13
9
3
0
7
8
9
17
11
13
13
24
11
11
9
5
5
5
8
14
11
0
10
12
13
11
11
9
7
0
16
15
16
0
15
7
8
21
15
18
9
0
13
11
15
6
9
13
13
0
15
0
15
8
13
19
12
14
12
0
7
15
9
3
17
0
15
15
11
11
17
12
17
11
24
11
9
5
10
12
1
11
0
16
9
11
10
8
6
0
10
9
9
0
0
15
1
11
12
9
6
0
12
18
14
13
15
14
9
12
11
13
0
7
0
1
13
13
18
9
13
9
14
27
8
9
5
9
17
8
13
0
8
7
14
10
9
4
10
5
15
12
12
20
14
13
12
19
7
3
0
8
16
13
11
8
15
13
15
16
8
8
5
12
20
15
18
9
13
12
0
1
11
0
0
7
16
8
11
19
0
11
0
1
3
1
13
15
15
0
7
19
13
6
11
0
11
0
1
11
13
22
9
14
14
15
9
29
1
4
0
10
13
18
41
16
15
7
9
14
0
6
0
13
11
16
12
8
12
9
17
14
6
8
13
11
17
15
19
16
11
13
19
12
5
7
15
13
4
14
13
10
0
10
0
0
0
0
1
16
7
0
11
14
13
8
11
0
10
17
19
0
11
8
16
1
0
14
7
11
5
11
15
1
8
12
11
8
0
4
9
9
6
11
15
11
18
5
11
2
0
14
11
18
8
7
15
12
33
3
10
8
33
14
0
0
0
15
19
13
16
11
17
9
0
4
13
11
11
8
12
19
11
14
12
9
0
0
11
13
11
9
10
26
2
10
13
7
0
0
16
13
7
11
13
1
0
1
13
0
4
10
12
0
6
2
0
22
5
4
11
19
15
12
0
8
9
10
1
22
15
9
13
16
18
11
0
21
8
15
0
25
0
34
20
14
0
4
10
17
8
10
19
3
10
13
8
12
11
8
8
0
3
8
18
13
0
0
10
16
11
13
0
0
1
17
17
0
10
9
32
11
11
9
0
0
8
12
13
0
11
16
10
12
7
0
11
0
4
0
0
6
12
9
16
9
10
2
15
9
5
11
7
12
0
12
13
8
7
10
11
0
6
0
7
7
2
7
0
10
8
0
10
8
6
12
10
11
15
0
19
16
0
11
21
11
0
5
13
0
13
1
14
13
17
15
13
14
11
8
24
14
0
16
8
0
13
11
12
15
10
6
0
15
1
0
10
14
11
1
0
14
1
12
15
0
16
17
8
18
