5
5
47
3
5
5
5
7
1
1
3
3
3
3
3
7
5
5
0
3
3
3
3
0
1
3
5
5
3
3
7
1
3
3
5
0
7
3
1
3
5
7
0
3
5
0
3
7
1
1
1
1
3
3
0
47
5
3
1
1
3
7
1
5
51
3
5
1
0
5
5
3
5
3
5
1
5
5
5
5
0
1
0
5
0
1
5
1
0
40
3
1
3
3
3
7
5
1
1
3
1
3
0
3
2
9
1
5
5
5
30
3
26
1
5
1
5
9
9
7
1
1
3
1
2
5
7
3
1
5
5
3
5
5
3
5
5
5
5
1
1
1
3
1
5
5
1
3
5
0
3
1
0
3
1
3
3
5
5
9
1
1
5
3
24
1
3
1
0
3
17
5
3
5
1
3
5
5
5
3
1
5
3
3
5
3
5
9
1
5
1
3
0
1
1
3
5
3
5
0
7
3
3
3
1
3
1
1
1
3
5
1
3
3
5
5
3
3
9
1
5
3
5
3
1
1
3
1
1
7
5
3
1
7
1
1
7
3
3
1
7
5
5
3
0
5
1
3
3
7
1
3
5
3
3
3
7
9
1
3
3
5
5
3
1
1
7
5
3
5
5
3
1
7
5
3
1
3
3
3
9
5
5
51
5
5
5
9
3
1
1
1
5
7
1
30
5
1
5
3
3
3
5
1
1
5
1
1
5
5
3
5
3
7
1
0
3
7
1
1
3
5
1
7
7
1
5
5
1
1
1
5
3
5
3
3
1
3
1
5
3
3
1
5
5
3
3
7
3
5
5
0
5
1
3
5
3
1
1
1
1
1
3
5
1
5
1
5
7
28
24
3
5
5
3
5
1
3
1
1
5
1
7
7
0
3
3
5
3
32
5
7
5
3
5
0
7
3
1
1
5
3
3
3
3
22
5
0
3
3
1
1
23
3
3
5
3
1
5
3
3
1
7
3
5
7
3
5
3
5
1
5
5
3
3
49
3
1
1
3
3
1
5
1
1
1
5
3
1
1
1
5
3
5
3
3
28
0
5
7
3
0
1
7
1
3
1
1
3
1
0
0
22
3
5
3
3
9
3
3
7
3
7
3
1
1
3
21
3
5
5
11
3
1
3
9
0
7
7
1
1
7
5
3
1
1
5
1
5
34
0
3
0
3
5
5
28
3
1
0
5
3
3
1
0
5
51
3
1
0
32
5
21
1
3
3
5
3
3
1
7
3
1
3
7
5
5
1
7
3
5
5
5
3
3
3
5
7
3
1
1
3
1
7
3
1
3
1
13
3
3
5
1
46
3
3
47
7
5
3
5
5
3
3
3
7
3
1
0
1
1
3
3
5
7
5
1
0
5
5
3
3
3
1
3
1
1
3
3
1
7
1
1
3
5
1
7
1
1
0
7
3
5
5
1
1
7
3
5
7
5
1
1
3
5
1
13
1
5
1
3
3
7
3
1
3
0
1
5
5
3
3
5
7
3
3
5
3
7
1
3
1
5
5
5
0
7
5
9
1
3
5
5
7
1
1
1
3
3
1
3
1
1
5
32
2
1
3
28
3
5
45
5
5
5
0
1
1
5
5
0
3
1
5
5
9
1
5
5
3
1
3
3
5
5
7
1
5
3
1
3
3
1
3
5
5
1
5
5
3
3
3
5
5
1
47
3
3
1
3
1
1
1
5
1
5
7
7
3
47
5
1
3
3
7
7
1
5
0
5
3
5
0
1
4
6
7
5
0
3
3
5
5
3
9
1
3
5
7
3
1
1
3
1
3
1
1
3
1
24
6
3
7
3
1
1
3
5
3
1
3
1
3
7
3
3
3
1
3
1
3
9
5
1
1
5
5
30
7
3
5
7
1
1
1
45
3
1
3
3
7
3
51
7
3
0
5
3
1
3
3
5
3
1
3
3
3
3
3
5
38
3
3
3
5
0
3
3
7
1
0
2
7
3
5
3
5
1
32
3
3
7
3
5
1
1
7
7
7
0
7
1
1
9
0
0
0
5
1
1
5
5
7
22
5
1
9
3
3
1
3
1
1
0
0
9
5
3
7
1
3
5
1
3
5
0
5
5
3
0
0
0
5
3
3
0
1
3
5
0
5
1
3
1
7
5
5
3
1
3
0
3
5
0
3
1
1
11
5
3
5
7
40
1
3
1
7
3
5
5
0
1
7
3
0
5
5
7
1
3
22
3
3
9
1
3
3
1
3
5
5
5
5
5
1
45
3
3
51
5
1
1
3
3
1
5
3
5
5
0
3
3
3
1
3
1
7
0
7
5
5
1
3
1
9
1
5
3
7
1
5
1
3
7
1
3
1
5
7
5
3
3
5
7
24
3
7
1
3
5
3
3
3
3
3
3
9
0
9
1
7
5
3
3
3
7
5
1
5
5
3
1
3
1
1
3
3
3
5
3
3
7
1
1
0
3
7
1
3
5
3
5
3
5
3
3
0
3
3
9
3
97
7
5
3
1
51
3
0
1
3
1
5
3
5
1
11
3
5
3
3
1
5
3
3
7
1
3
3
3
1
3
3
5
3
5
9
1
5
1
0
5
1
7
0
5
3
3
1
51
0
5
7
5
5
32
1
1
3
9
1
3
5
3
5
3
7
5
3
1
5
5
1
5
0
3
26
5
34
9
5
3
3
3
5
3
7
1
1
3
0
53
5
3
7
3
47
0
5
5
3
3
0
5
5
1
5
1
2
1
2
0
3
1
5
5
3
1
3
1
1
7
5
3
21
3
5
0
3
3
3
0
3
5
0
5
5
2
1
0
3
1
1
5
5
3
2
3
0
2
5
3
1
5
5
0
5
2
2
2
7
2
5
1
3
3
5
9
30
3
1
1
0
51
5
3
2
3
0
7
53
1
1
5
3
3
7
1
3
3
3
5
3
1
1
3
5
0
3
3
0
3
0
1
3
3
2
5
2
3
2
5
1
1
0
38
4
3
2
1
7
0
1
24
5
9
2
3
3
5
3
0
0
5
0
5
1
1
5
1
4
5
5
1
3
1
3
7
1
1
53
1
1
1
0
0
7
5
0
1
5
7
3
17
1
7
1
1
9
39
4
2
5
4
3
1
5
1
5
29
3
2
1
1
5
7
4
1
1
7
3
0
1
5
7
1
51
5
6
1
0
5
4
4
0
1
1
1
7
9
1
4
28
2
49
46
1
3
3
1
3
4
5
0
4
2
0
7
7
1
3
3
3
1
1
1
3
1
5
1
0
7
2
2
5
3
0
7
3
2
