13
5
7
6
8
7
10
4
1
8
7
8
6
12
8
5
9
3
6
5
8
20
6
4
7
10
4
7
9
5
3
7
5
9
8
7
5
7
11
5
4
8
13
12
15
20
11
6
8
7
8
14
3
7
7
5
10
7
1
3
7
11
8
11
5
12
0
6
11
11
9
19
3
13
5
18
11
0
12
9
7
9
7
10
7
6
12
6
7
7
12
36
10
4
7
17
18
2
3
6
5
5
2
7
6
12
7
9
8
9
6
10
7
6
4
7
8
3
3
3
5
5
8
4
16
7
11
11
3
6
4
0
2
17
7
7
10
12
2
15
5
6
5
6
5
0
9
2
21
15
9
13
4
10
7
10
12
6
14
10
17
8
13
3
18
9
0
8
16
11
7
4
0
8
11
2
5
5
4
7
4
2
5
1
15
7
7
8
4
5
13
13
6
2
10
10
8
17
9
4
16
7
8
15
11
8
6
10
7
7
8
2
10
3
18
4
2
3
7
2
0
8
10
1
20
7
6
5
4
6
7
7
2
20
5
9
1
11
8
5
4
9
2
6
11
22
4
3
10
12
5
4
13
0
4
14
13
6
6
11
2
2
4
16
8
8
0
3
11
1
7
0
1
5
2
1
2
9
7
3
0
0
2
0
7
3
2
9
7
13
5
14
18
6
11
5
9
7
4
9
11
15
11
11
8
27
7
6
4
2
2
6
11
13
4
4
2
9
5
8
19
9
14
5
3
35
12
19
2
11
1
10
6
12
4
16
8
21
2
9
9
12
9
17
18
9
7
0
2
2
6
3
2
1
16
3
12
15
2
3
1
4
2
4
2
7
10
8
5
13
13
16
10
15
13
14
11
10
11
8
11
16
10
3
1
10
10
7
17
2
8
4
1
10
17
5
0
1
1
4
4
2
6
1
7
6
11
10
15
20
2
26
4
11
6
9
7
13
4
16
15
10
16
1
4
14
10
5
14
16
9
14
2
2
11
8
13
2
0
5
10
16
13
13
19
15
10
13
0
10
9
4
10
5
9
9
0
8
3
10
5
9
9
5
8
3
8
3
13
4
7
12
16
10
11
9
8
4
8
11
11
9
16
10
8
4
9
7
9
13
7
3
8
10
4
9
11
11
9
0
7
12
0
7
16
12
8
9
11
4
2
17
20
3
8
0
10
8
6
14
12
9
16
14
1
15
3
15
12
17
9
8
17
9
5
14
0
2
10
12
6
10
8
9
13
12
21
6
15
7
16
15
14
8
9
4
14
1
13
11
7
13
6
5
8
8
6
11
8
3
15
4
17
2
9
8
5
8
5
11
7
3
5
3
7
12
2
6
5
6
6
2
8
6
3
6
4
7
2
14
0
2
9
1
3
4
5
1
7
3
5
4
9
8
4
9
6
6
7
10
4
8
3
12
1
7
5
12
9
3
7
4
2
6
2
4
3
2
9
4
2
2
9
7
3
4
5
3
1
2
4
7
0
7
8
3
5
8
8
3
2
4
1
7
4
0
4
6
7
2
10
1
8
8
7
9
1
7
1
8
7
7
6
2
8
6
7
8
10
8
7
10
8
2
5
9
10
8
4
9
10
11
10
11
5
8
6
1
2
3
7
6
6
8
11
9
4
4
8
7
10
10
9
8
4
7
4
7
5
2
8
6
3
7
3
1
7
5
6
9
11
10
18
7
11
10
6
5
10
6
6
8
8
1
3
13
8
9
5
11
0
8
8
4
6
9
2
6
7
5
6
11
7
8
5
10
3
11
4
8
2
7
3
5
5
10
2
0
2
6
4
3
11
5
8
10
14
2
0
8
10
4
5
0
5
7
6
2
4
6
1
3
5
7
7
8
3
8
0
5
3
9
10
4
10
1
5
4
3
0
4
10
10
10
7
8
4
6
10
5
8
10
8
11
12
1
14
14
6
11
9
0
1
6
11
6
5
5
9
14
11
13
4
6
5
14
7
5
6
3
3
18
6
8
9
15
11
13
7
6
11
13
4
3
8
9
7
19
14
11
11
5
6
16
10
5
2
7
2
7
2
7
5
13
6
6
10
6
17
12
13
4
12
10
13
7
10
7
9
10
8
12
2
11
14
11
8
4
25
12
16
11
5
5
1
8
8
5
7
4
14
12
13
3
2
1
4
4
3
1
4
4
8
6
17
12
8
11
8
8
2
1
14
10
6
5
13
10
12
16
19
11
10
15
3
5
11
13
12
1
13
13
8
10
8
12
13
7
16
13
15
9
5
10
10
11
13
10
7
10
10
12
14
10
18
8
11
6
8
4
9
7
7
7
10
11
7
4
2
6
9
15
4
3
12
7
4
5
4
7
6
10
11
3
9
7
6
4
3
2
5
5
3
11
9
6
1
8
7
5
4
4
4
3
6
9
5
7
12
9
2
8
4
6
5
10
15
4
9
10
3
2
8
4
4
13
9
0
1
8
0
4
10
11
4
12
10
1
8
5
6
7
10
4
7
0
13
15
1
10
11
6
16
8
2
13
2
8
3
9
9
10
6
7
1
9
5
8
5
8
13
10
12
12
7
11
9
3
0
7
11
7
8
10
5
8
9
13
3
8
2
13
9
4
3
8
11
12
7
9
0
4
1
3
5
13
0
10
8
11
8
7
0
28
4
5
4
4
1
8
1
10
3
7
18
2
3
7
3
1
1
2
10
4
5
1
7
13
10
4
5
11
1
3
8
4
8
8
8
11
6
10
14
2
1
6
8
5
3
18
4
8
6
9
9
6
10
2
11
8
14
19
2
9
9
8
17
6
2
11
2
11
10
4
3
8
5
16
14
1
16
11
11
9
17
16
17
2
10
10
7
5
12
5
3
7
4
1
3
4
8
3
7
3
2
10
7
2
9
22
6
0
5
12
11
5
8
9
2
10
6
12
8
5
10
2
2
2
5
1
6
3
5
6
10
9
8
3
1
4
12
6
8
2
2
3
6
3
2
6
0
2
3
3
7
4
2
1
4
4
0
2
3
7
3
2
8
10
13
3
3
2
6
4
7
5
12
2
13
5
8
1
3
6
11
1
5
7
4
1
6
5
0
1
2
3
3
5
3
5
9
2
2
1
3
1
5
3
3
3
5
5
2
1
7
4
11
2
7
5
11
19
4
3
1
0
2
2
11
1
6
0
4
2
4
10
2
10
2
4
5
1
13
6
2
5
10
4
6
4
3
6
7
6
4
4
1
2
2
18
7
1
16
3
16
9
2
4
5
2
15
4
15
6
7
11
2
1
9
9
