17
9
8
9
14
8
19
9
13
17
15
9
9
17
12
19
17
11
8
10
10
11
13
15
10
8
13
14
10
10
16
10
10
15
10
13
7
13
11
14
10
12
14
8
13
12
12
12
8
12
16
10
11
11
12
17
12
15
12
25
10
15
12
13
17
9
13
13
8
4
15
14
16
10
12
10
12
11
17
15
11
11
18
15
9
17
13
12
12
15
58
14
15
11
15
15
10
10
13
16
23
9
20
14
19
15
12
10
17
13
15
16
13
16
16
23
10
11
13
19
13
15
14
19
15
11
19
19
11
19
19
15
24
16
13
13
11
10
19
13
15
19
19
17
14
15
17
13
11
11
8
14
25
21
16
15
13
12
14
10
12
14
15
21
13
11
11
25
15
17
19
17
23
11
20
17
21
21
10
23
17
35
14
15
13
9
15
13
12
17
13
21
17
15
23
10
19
11
17
10
8
18
13
9
12
17
18
15
11
16
13
19
10
15
23
12
13
16
21
12
15
15
19
13
11
18
13
17
13
6
16
11
10
19
10
15
18
8
8
12
11
19
11
11
10
21
12
10
16
20
12
15
8
12
17
14
10
11
26
11
11
9
11
14
13
19
12
10
14
13
9
15
15
17
13
10
9
12
17
15
10
18
10
10
23
23
15
12
11
15
9
9
17
13
11
11
7
10
11
13
11
15
14
13
12
11
13
11
11
12
11
13
13
9
17
9
8
12
10
19
10
16
13
13
19
13
19
15
11
11
13
13
13
12
11
9
15
13
7
19
15
13
6
15
13
11
9
19
13
11
15
17
13
15
9
21
17
49
13
14
13
9
15
8
10
13
17
7
19
12
13
15
14
19
11
17
7
13
13
17
14
11
8
13
12
12
10
6
10
12
6
10
14
11
11
15
12
12
9
12
10
6
9
12
14
13
13
8
18
11
10
10
9
12
10
10
10
12
10
14
16
13
10
13
7
21
16
14
11
7
8
19
10
15
16
11
12
15
13
15
19
17
9
9
17
15
17
12
12
9
17
13
19
13
17
15
17
17
12
75
17
15
13
19
21
13
17
15
19
18
16
23
15
10
15
13
11
8
27
11
14
18
10
31
11
16
17
7
12
13
18
11
10
10
11
18
21
12
19
16
11
8
8
6
12
11
12
10
12
11
10
14
13
14
14
8
10
12
10
6
21
13
13
14
15
11
16
12
8
10
12
12
12
15
12
11
10
10
10
6
12
17
12
12
15
8
8
16
12
15
8
6
12
14
15
10
8
12
10
8
14
11
12
13
75
18
9
8
12
6
12
12
10
10
13
15
8
6
8
6
8
4
4
4
6
4
8
8
6
6
10
14
8
4
6
4
4
6
4
6
2
4
10
11
14
4
6
12
10
6
6
9
8
6
4
4
6
2
6
6
4
6
4
12
4
8
59
0
0
0
2
2
2
0
2
0
2
0
6
2
0
2
0
2
0
4
2
0
0
4
2
2
2
2
2
4
0
2
2
0
2
0
0
2
6
4
4
2
2
2
2
2
2
0
2
4
0
4
2
0
0
0
2
2
0
0
2
6
0
0
4
6
4
2
2
4
2
2
4
2
0
0
2
2
4
2
2
4
2
2
0
2
2
2
2
0
2
4
2
2
4
2
4
2
0
0
0
2
4
4
4
2
0
6
4
2
2
4
2
7
0
4
4
0
2
2
2
2
4
4
0
0
2
2
2
4
0
4
0
0
4
0
0
4
0
2
0
4
0
15
0
2
0
6
0
2
2
0
0
0
2
0
0
0
4
2
2
0
2
0
2
2
0
2
2
2
2
2
2
2
2
4
2
2
2
2
2
0
2
0
2
2
4
2
2
4
0
2
2
2
4
4
2
4
0
2
4
2
2
2
4
2
4
0
0
2
2
0
11
0
2
0
0
4
0
0
2
2
2
2
0
0
2
2
2
2
0
2
2
0
0
2
2
0
6
4
6
8
4
8
6
4
6
4
6
4
4
6
4
6
8
4
6
4
10
10
10
6
56
12
9
4
8
8
8
8
10
8
7
4
6
4
8
6
6
4
6
8
12
16
8
10
14
6
10
8
13
8
8
6
10
12
6
14
12
16
21
8
8
6
6
8
10
6
11
8
4
8
6
6
8
11
4
8
10
8
6
10
8
8
6
6
10
6
11
6
8
10
12
4
4
4
8
4
4
6
4
10
12
9
10
10
2
6
9
14
4
2
6
8
10
4
10
4
13
6
2
8
4
12
8
6
8
11
8
11
4
6
10
6
8
12
6
8
6
6
10
6
15
13
15
11
6
14
6
6
12
11
6
8
6
6
8
10
6
10
10
4
4
6
4
12
6
8
12
4
12
4
6
10
6
6
8
14
6
10
14
11
4
10
8
8
6
6
8
10
9
4
6
4
8
13
4
9
18
8
18
14
15
6
4
4
15
10
6
4
4
4
6
6
4
6
2
6
17
6
6
6
6
6
6
7
8
81
8
6
8
6
4
8
4
8
6
10
6
4
6
6
14
8
8
6
6
10
8
6
8
6
6
6
6
6
9
4
8
4
2
6
6
10
7
4
2
4
4
4
6
4
4
6
6
6
6
8
4
6
8
4
2
12
4
4
14
11
17
14
12
11
17
10
9
12
14
10
12
10
10
12
11
17
10
14
10
8
8
24
15
20
12
12
12
16
8
16
12
8
10
21
10
12
11
12
10
12
11
14
8
16
19
8
8
13
6
11
19
8
12
12
10
10
10
10
17
8
14
16
12
8
10
10
14
12
19
12
12
15
13
8
8
19
6
10
10
8
15
10
15
8
14
10
12
12
15
17
17
6
11
16
10
12
10
5
13
16
12
24
8
6
10
14
10
21
12
4
9
8
19
12
10
8
12
10
8
4
10
7
12
8
8
12
9
14
13
15
8
19
8
12
8
21
8
17
8
8
6
10
10
19
9
6
14
11
14
21
8
19
14
10
8
14
13
16
9
4
13
9
10
10
11
17
11
9
9
8
15
14
10
7
11
13
12
8
11
12
10
8
10
10
12
14
10
13
12
19
18
12
17
10
8
24
12
47
15
7
11
15
15
14
12
12
12
11
10
8
17
77
12
8
14
12
10
13
10
8
12
8
10
9
9
8
8
12
10
10
10
15
9
11
18
13
12
11
8
11
12
9
10
8
8
15
8
13
13
13
12
12
10
11
6
17
9
12
13
8
10
10
9
8
17
6
8
8
16
10
10
15
10
17
14
11
15
13
13
13
23
11
6
12
12
10
