3
1
19
13
6
14
1
1
1
11
14
15
4
8
12
1
14
19
0
0
1
3
20
2
1
2
13
2
14
9
1
1
0
9
0
1
1
3
2
13
1
26
7
2
3
2
1
13
10
11
10
19
0
1
9
18
13
2
6
7
1
12
14
7
7
3
16
1
2
4
8
10
4
2
16
2
18
13
1
14
15
36
2
2
0
0
1
0
2
14
2
18
25
1
3
2
9
7
23
2
3
14
29
1
16
2
3
13
7
3
17
7
13
2
18
3
0
3
16
1
4
1
9
12
2
3
22
2
1
17
15
13
3
1
3
15
4
0
2
1
2
1
14
0
1
7
0
10
5
3
1
3
4
5
15
3
7
0
2
0
0
0
3
1
3
0
1
7
11
0
3
7
0
1
3
12
0
3
2
4
9
0
0
2
2
1
8
4
0
4
33
12
14
1
0
9
17
0
19
3
1
12
9
10
14
1
1
0
18
1
13
1
17
1
2
7
1
2
0
1
0
6
14
20
9
15
3
2
30
12
1
2
14
9
2
20
6
3
1
2
16
2
4
3
3
32
0
5
1
4
12
4
13
11
1
1
11
13
4
4
0
1
3
16
12
12
0
3
14
17
3
16
5
4
1
19
10
1
10
2
18
1
4
0
1
1
3
13
3
11
8
0
22
7
14
19
1
14
6
9
1
2
1
2
1
20
11
2
2
3
2
4
1
2
1
1
3
9
1
12
12
8
9
15
1
1
9
1
9
12
10
11
12
1
1
13
10
3
0
2
11
8
8
3
15
3
5
3
1
1
2
11
3
11
9
5
1
12
8
9
8
1
13
4
12
15
10
12
4
1
10
3
11
7
4
6
13
9
17
2
7
13
12
2
3
1
11
8
1
17
2
1
5
0
2
1
8
3
7
10
20
8
4
0
1
1
15
10
5
13
5
5
8
12
0
0
10
13
11
11
2
11
12
11
2
0
8
1
10
3
0
1
2
1
9
9
12
2
8
8
14
1
2
1
28
2
0
2
0
0
8
2
3
3
10
4
10
12
8
0
1
6
5
6
2
1
11
10
9
5
0
1
1
4
2
1
3
8
1
0
2
3
11
1
7
15
7
15
0
12
1
18
11
1
1
1
1
7
16
15
7
12
0
7
2
15
9
7
1
11
12
2
6
2
8
3
8
4
15
2
2
11
13
13
10
11
9
8
0
7
8
13
6
3
4
1
4
1
2
2
3
1
1
0
12
11
1
11
11
12
4
3
4
8
7
1
11
1
0
3
10
4
15
1
9
16
12
1
0
1
15
5
4
1
15
1
1
7
23
0
3
0
1
6
1
3
7
25
1
17
24
0
0
5
7
4
2
20
1
1
0
2
10
3
1
25
0
12
21
1
1
2
1
0
16
1
3
1
6
1
4
1
1
0
13
0
2
12
3
5
10
7
0
1
1
4
20
1
1
4
1
12
1
0
3
2
28
3
1
1
24
1
6
1
23
2
1
2
4
0
1
19
0
1
1
0
1
1
23
1
6
0
15
2
20
8
1
1
1
1
1
9
1
8
4
1
2
1
5
1
2
1
3
0
1
3
3
0
0
6
23
9
4
2
1
0
12
0
0
6
1
1
6
1
1
0
4
0
3
1
15
5
0
1
28
1
0
3
5
1
0
2
17
1
1
16
4
2
1
1
0
2
23
1
20
1
30
7
15
6
14
0
0
17
7
20
2
16
3
3
15
7
5
2
6
11
16
3
14
0
6
17
3
0
2
12
8
16
1
3
12
28
9
2
16
18
2
0
7
22
17
14
1
12
1
12
14
0
2
10
10
11
1
1
0
3
8
14
8
16
13
1
1
13
10
1
5
5
9
2
10
1
3
2
19
8
8
9
1
1
12
5
0
8
9
13
0
0
3
8
13
2
12
18
10
1
2
12
2
2
3
9
11
1
2
1
10
1
1
8
2
2
12
9
3
1
1
1
1
23
3
3
1
0
1
3
4
1
1
34
1
3
6
17
3
7
0
0
1
3
3
20
1
1
3
1
1
0
0
21
3
0
3
1
1
19
3
5
1
24
9
4
3
1
4
1
20
1
1
1
3
1
17
1
0
3
3
1
5
0
1
1
2
2
0
0
29
1
5
0
23
0
1
2
8
1
1
9
4
4
3
0
16
3
0
1
21
20
0
0
9
0
0
18
9
16
0
9
16
3
12
18
0
1
0
1
5
0
0
1
16
25
1
3
1
1
4
4
0
0
0
24
1
3
1
0
0
1
1
1
1
0
1
1
24
0
0
29
3
0
3
0
0
2
17
0
0
20
1
1
1
20
1
5
19
4
3
2
1
1
4
3
3
1
23
0
1
5
26
0
3
17
0
1
1
1
2
3
1
0
2
1
1
0
16
0
0
1
25
1
18
3
5
0
1
0
1
1
32
0
3
2
0
1
18
0
1
0
1
0
43
1
1
1
10
3
1
1
0
1
2
1
25
1
1
1
2
1
16
6
1
2
3
16
32
3
3
1
1
0
1
0
0
0
1
5
0
8
1
3
1
17
0
1
1
3
0
3
0
1
0
3
1
3
11
1
0
1
1
3
30
5
4
3
18
1
3
9
23
1
12
21
4
1
1
19
3
4
16
3
1
21
0
3
3
15
0
7
27
3
4
2
13
1
1
1
17
1
0
3
2
1
2
18
1
3
12
1
20
9
1
3
9
0
0
7
1
1
6
0
2
0
1
0
27
1
0
8
1
20
0
0
20
3
4
2
2
2
1
23
1
1
1
19
1
1
2
0
3
15
2
0
12
9
4
1
3
26
3
16
7
1
1
17
0
0
0
12
2
9
1
16
35
11
5
11
0
3
4
1
0
12
18
1
14
0
19
1
3
17
1
0
4
23
1
13
28
1
1
2
3
1
2
20
3
0
1
14
15
2
1
13
13
3
8
1
0
4
3
0
0
1
0
5
3
0
3
6
1
3
1
2
1
0
20
1
1
6
14
6
2
0
13
2
4
11
1
3
19
2
23
1
17
13
8
1
27
9
0
1
3
0
1
1
1
19
4
15
1
1
2
16
1
10
6
2
0
14
18
22
0
3
18
0
0
0
0
1
29
16
8
0
0
0
0
1
2
11
0
0
4
0
1
3
1
2
2
3
17
3
12
0
3
10
0
0
27
1
0
1
1
0
0
16
1
1
22
16
0
2
16
0
1
0
10
0
1
9
2
1
6
0
7
0
16
4
0
4
1
22
1
1
2
1
1
2
3
0
3
1
