5
7
2
16
8
4
13
0
8
4
8
3
6
6
31
15
15
6
46
8
13
12
30
6
13
2
23
11
11
6
4
6
21
15
6
21
4
2
15
17
4
2
6
0
0
10
4
18
28
10
4
4
2
21
8
2
10
9
10
28
55
12
6
2
10
7
8
0
4
7
8
8
49
6
2
8
44
31
2
15
6
2
19
10
17
13
4
6
4
32
0
4
11
4
7
9
4
2
6
8
6
8
6
2
8
9
4
10
2
13
0
15
8
4
4
4
6
7
4
27
2
6
4
2
25
4
6
4
11
4
8
19
4
56
8
4
2
6
2
6
36
15
11
2
2
6
2
8
44
7
8
17
7
4
4
25
4
25
11
7
5
42
4
48
32
7
36
11
7
9
15
8
6
52
6
4
4
6
10
8
7
10
2
4
2
2
41
15
2
9
4
29
10
10
4
42
9
25
19
6
8
2
4
9
5
4
8
4
6
2
4
4
2
8
11
6
7
2
12
8
0
4
29
2
4
15
4
4
15
0
5
19
4
6
3
4
6
4
15
6
5
17
6
6
2
4
6
44
4
6
4
5
6
9
6
3
25
16
11
4
3
10
6
7
14
18
11
7
9
8
12
9
6
13
17
20
17
15
13
12
15
23
27
15
10
13
31
19
8
6
4
11
2
10
10
7
17
6
13
13
9
11
4
4
8
20
12
9
8
4
17
13
77
13
6
10
14
8
13
26
12
10
9
17
6
15
10
19
19
10
10
27
21
6
13
13
17
10
11
6
12
38
27
11
11
23
29
21
27
24
4
7
11
4
12
13
15
15
29
13
17
15
22
8
12
27
15
23
23
11
44
15
24
4
8
4
6
12
17
25
21
15
26
37
15
13
23
28
12
10
14
21
27
19
7
15
15
24
17
21
21
12
10
11
23
27
17
15
13
61
19
23
15
17
9
17
54
34
26
15
19
24
9
21
12
23
21
15
25
39
17
22
21
35
8
27
10
2
12
6
23
31
15
49
8
38
17
15
17
46
32
8
17
13
13
35
12
24
12
6
13
38
61
25
12
11
31
9
31
23
39
8
17
23
31
21
29
30
8
11
31
12
5
15
39
12
24
12
15
17
29
31
23
13
12
21
14
6
6
19
30
12
12
24
23
29
28
33
13
12
12
18
28
15
15
45
19
21
20
7
12
11
7
12
11
7
17
8
11
13
17
26
12
11
21
6
5
5
13
9
21
6
7
6
23
11
38
34
7
42
16
15
12
5
3
4
6
11
6
10
11
6
6
9
10
6
4
8
6
7
8
20
24
5
7
9
23
8
11
10
13
13
17
8
11
2
13
4
0
2
7
2
6
10
6
17
10
12
30
11
4
10
12
10
13
6
6
12
19
7
17
11
8
9
6
9
15
4
4
7
12
15
24
19
10
0
10
6
10
6
10
17
15
15
9
4
8
7
2
12
12
15
9
10
10
10
13
8
6
7
2
12
6
9
11
8
8
10
13
11
10
9
11
10
12
27
14
7
12
15
13
55
10
9
6
12
10
2
11
19
8
4
13
11
10
13
9
7
12
10
15
13
8
11
14
17
12
27
5
17
23
19
8
11
9
11
7
7
10
9
11
9
4
6
15
6
10
9
10
19
13
9
19
15
8
10
15
12
11
15
9
6
10
11
23
4
17
17
18
10
19
13
6
6
4
19
10
6
4
2
14
8
19
7
17
8
8
9
13
6
15
13
12
15
15
7
31
10
23
19
12
6
12
17
11
10
10
20
7
17
13
22
6
15
12
25
8
21
4
5
17
23
21
7
13
8
10
12
14
10
12
13
6
23
11
6
4
14
15
15
21
15
17
17
15
9
11
15
13
4
4
11
8
10
21
7
20
14
15
11
10
12
8
14
13
8
8
12
15
7
10
9
11
13
15
10
12
8
2
9
23
4
7
6
15
8
8
9
4
10
12
11
6
6
6
6
9
15
8
11
7
8
24
11
11
10
8
7
17
12
19
8
8
15
12
17
17
13
13
13
12
9
12
14
12
21
17
10
40
13
8
21
6
6
12
8
13
10
4
41
8
10
14
15
5
17
27
12
9
8
23
10
11
14
11
6
11
10
19
12
14
9
6
9
8
11
9
9
15
37
15
17
21
21
10
21
8
23
6
19
8
19
19
19
14
15
2
6
6
22
8
4
6
8
21
6
19
19
15
10
17
9
29
19
9
21
19
15
13
6
13
12
8
7
15
4
12
11
13
12
19
11
19
23
13
12
8
4
16
10
4
9
19
13
10
11
6
12
12
10
13
15
8
29
19
13
6
21
11
17
15
13
13
10
6
12
4
13
17
9
11
19
14
9
29
14
11
21
14
10
27
20
9
23
6
7
20
12
8
4
13
12
9
11
8
19
4
7
19
10
8
12
4
11
9
21
9
11
5
13
10
17
4
11
6
2
19
15
8
13
14
8
13
8
13
17
4
19
12
10
4
11
4
4
9
13
14
6
6
10
16
15
7
15
8
9
9
14
19
6
4
17
2
15
15
9
4
18
9
9
10
8
8
6
6
17
11
17
10
19
6
6
8
15
12
6
8
13
6
15
11
8
15
6
17
6
22
8
10
6
8
4
2
4
5
2
0
4
2
4
6
4
4
4
4
2
6
2
6
6
4
2
2
6
10
4
2
4
6
6
4
6
2
2
2
8
5
4
10
4
7
2
6
4
8
2
8
6
0
6
8
7
4
4
0
8
6
6
6
7
2
6
0
6
4
8
4
4
6
14
4
6
6
4
6
9
4
6
4
6
2
4
10
4
4
0
2
6
2
15
10
10
17
15
10
11
12
12
17
20
8
10
4
13
15
6
14
11
14
17
23
21
20
10
8
14
6
8
8
8
11
10
8
14
5
15
12
4
14
14
4
17
11
20
10
12
13
12
2
10
16
8
4
17
13
4
2
11
17
12
6
11
10
14
14
8
17
22
21
8
7
14
16
12
17
87
8
4
12
8
10
12
6
16
16
9
12
45
4
21
11
19
8
16
11
8
15
6
4
12
8
9
8
6
4
8
6
17
14
10
10
13
4
6
12
10
10
8
8
8
14
12
14
8
8
11
19
11
19
2
8
21
14
8
17
11
10
6
15
8
18
8
15
4
14
10
10
10
10
13
12
10
8
6
6
8
6
12
14
8
15
6
8
13
17
13
13
15
8
8
8
8
8
6
4
12
10
6
11
6
6
6
12
19
12
6
12
13
12
12
9
6
4
15
9
6
8
13
11
43
