20
31
5
10
25
14
5
22
21
4
45
13
21
10
0
27
5
5
2
6
25
22
26
27
5
38
11
25
13
23
16
26
0
34
22
2
4
19
4
20
19
32
19
41
26
8
38
26
17
24
26
12
36
27
10
24
15
28
7
11
10
39
23
10
2
18
2
6
29
41
18
43
20
8
25
38
21
2
69
2
26
0
24
11
25
9
22
26
29
26
38
2
9
4
40
47
4
35
2
18
2
32
69
2
32
78
19
5
5
4
39
46
13
0
57
53
0
4
2
29
2
22
4
26
0
39
5
2
4
40
29
45
20
11
52
44
5
32
50
2
41
38
16
7
26
5
19
4
18
6
6
56
30
2
45
11
27
29
22
5
43
7
2
4
35
2
19
32
30
38
1
27
4
50
51
4
40
32
2
32
38
30
25
25
10
0
4
38
19
5
5
0
24
31
32
13
38
4
41
64
45
0
48
4
28
8
20
26
9
15
0
6
18
27
14
22
27
34
19
19
27
2
17
2
14
2
34
25
26
9
2
16
0
41
15
10
36
30
8
13
5
19
9
0
24
24
19
49
22
6
30
2
17
14
20
4
0
27
30
28
14
23
10
9
22
28
19
3
2
5
13
2
41
16
16
2
28
11
20
25
22
4
24
39
20
4
12
12
20
12
37
8
0
2
6
4
4
17
25
18
29
4
3
4
11
0
4
2
34
22
16
6
20
18
6
6
2
11
2
6
6
29
25
17
8
7
4
0
6
5
2
2
8
0
20
7
21
55
6
4
2
8
6
10
27
2
11
2
4
2
10
6
0
8
2
2
46
0
18
2
3
2
6
4
4
38
8
2
46
2
30
2
5
10
15
2
4
0
8
4
68
0
11
19
25
4
33
5
2
4
6
2
8
2
17
26
43
28
50
0
4
6
10
23
55
2
7
19
5
10
2
4
9
8
6
2
2
2
28
14
21
29
38
10
2
6
2
5
57
6
11
36
25
36
34
59
0
8
2
51
9
6
27
7
25
4
55
60
4
5
50
2
53
26
14
29
23
12
15
2
4
4
26
4
40
28
18
0
21
0
30
2
2
4
6
9
32
4
17
16
23
14
35
6
0
6
2
8
30
22
20
27
56
16
17
8
10
4
8
6
63
17
4
17
4
34
5
39
2
4
6
2
70
20
22
19
14
16
2
44
2
8
6
6
21
7
4
24
30
46
0
9
4
2
2
2
21
6
16
4
4
23
2
0
2
4
7
8
15
46
18
6
18
58
6
7
45
6
52
42
2
0
53
15
13
10
33
6
6
4
4
6
10
32
7
4
41
26
2
38
0
26
63
38
16
18
15
13
15
18
12
33
28
4
25
2
10
34
12
2
29
0
16
4
26
12
26
7
19
14
20
18
26
6
17
26
24
4
20
37
23
2
20
18
0
35
23
2
15
2
27
53
46
2
17
19
27
27
24
2
22
4
23
25
26
18
18
14
18
32
17
46
2
7
10
24
2
19
2
10
16
4
21
43
24
5
21
0
26
24
16
4
33
24
28
32
2
6
2
26
0
18
30
19
2
30
32
19
59
51
39
25
13
11
25
17
4
34
0
26
28
28
26
29
15
21
0
27
30
37
2
22
4
16
20
27
28
17
24
14
2
45
22
2
90
2
25
4
29
24
16
20
24
33
5
51
7
2
32
43
10
28
16
0
14
33
24
17
23
2
29
4
21
4
12
16
40
11
22
2
59
8
2
27
45
4
36
10
43
4
43
2
57
25
4
30
9
19
25
14
41
31
28
12
26
31
4
27
0
26
7
28
35
31
14
11
33
4
59
26
4
23
46
8
2
30
33
36
2
6
59
4
34
2
15
6
4
21
26
12
25
4
2
0
40
22
34
24
35
18
49
2
6
25
43
2
14
25
20
11
25
27
28
44
8
0
28
42
2
19
36
23
23
28
25
5
0
42
0
50
61
5
17
9
18
12
28
4
20
14
2
30
13
0
22
6
11
16
0
0
17
0
24
19
21
19
2
35
0
23
24
23
26
19
5
22
3
24
4
0
27
26
20
10
4
13
10
23
21
29
4
23
5
26
1
17
24
2
23
27
21
21
27
18
27
27
10
1
24
26
42
25
23
31
12
4
0
31
16
24
17
28
16
14
5
2
19
24
2
25
4
2
13
18
23
16
2
41
10
1
32
28
3
25
20
2
25
2
2
15
23
24
33
24
11
2
32
16
4
11
23
5
20
38
3
0
16
10
2
25
21
0
25
5
30
20
0
8
12
5
24
4
7
15
21
11
2
25
41
0
18
20
20
28
2
20
26
16
30
4
14
17
2
23
22
0
46
13
16
14
4
0
16
0
9
30
0
16
20
15
25
0
32
13
0
16
11
28
17
5
8
7
4
0
16
10
10
14
0
25
20
20
5
9
0
21
2
12
11
13
13
10
16
28
16
8
2
58
11
16
12
20
23
23
16
10
4
8
18
16
1
0
29
8
9
2
16
29
4
2
12
7
15
0
10
16
7
10
28
14
4
11
10
17
4
23
8
18
1
10
24
8
8
15
15
0
42
14
0
6
10
3
5
2
9
20
10
9
27
10
4
2
15
13
17
7
25
20
11
17
29
19
8
2
21
17
5
24
8
17
4
8
17
31
25
20
16
16
5
13
2
28
22
16
9
14
10
0
12
26
4
13
19
37
20
18
2
4
2
0
14
26
17
21
19
10
14
10
4
18
5
23
6
3
23
24
10
8
21
20
1
30
16
17
2
16
8
0
35
22
28
2
22
8
6
2
22
10
8
2
10
17
7
2
33
23
18
23
13
15
25
5
10
16
9
8
32
5
5
14
4
25
16
4
12
18
15
0
20
20
31
2
17
5
0
2
17
5
20
5
28
23
5
3
18
20
18
2
30
19
15
2
13
13
24
4
30
22
5
10
8
16
28
22
21
7
2
29
6
0
6
27
19
4
6
11
17
18
4
19
10
3
8
14
5
8
25
10
14
2
33
9
2
0
28
24
2
23
13
28
0
34
17
4
5
24
17
2
8
2
15
0
2
13
24
23
5
22
16
13
11
22
6
8
0
10
7
17
3
25
15
15
11
12
3
16
16
16
2
24
10
16
4
22
15
0
4
30
20
4
2
26
7
0
2
14
4
26
11
35
10
11
19
21
7
0
12
14
16
30
5
20
11
28
19
13
21
20
11
17
1
30
16
25
2
33
7
3
12
6
5
22
5
7
15
32
2
27
10
2
6
29
7
10
25
14
33
0
15
7
