3
5
0
3
7
0
5
3
3
0
0
0
0
3
3
3
3
3
0
2
7
5
0
3
5
0
5
3
3
5
5
2
3
0
5
9
0
0
7
5
5
1
0
1
1
1
0
0
3
0
3
0
0
0
0
0
5
1
0
0
0
1
3
0
5
0
0
1
9
3
0
0
9
0
0
0
0
0
0
3
1
0
5
0
2
0
2
0
3
1
2
0
5
5
0
0
1
7
5
0
0
0
5
0
3
5
80
3
3
1
5
5
86
2
0
3
2
2
4
3
0
5
3
0
0
3
3
9
5
0
4
3
3
5
5
3
36
1
5
1
7
1
3
2
3
0
3
1
2
7
4
5
2
5
5
3
3
3
3
0
5
0
2
0
0
0
2
3
1
0
0
5
0
3
0
3
0
1
0
0
0
2
3
0
0
0
0
2
0
3
0
0
7
3
3
0
0
3
3
7
3
3
0
3
2
4
4
0
0
1
5
0
0
5
11
2
3
0
0
0
3
0
3
0
0
0
1
0
3
2
0
3
2
0
3
0
0
0
3
0
5
3
0
1
2
0
7
3
1
0
0
0
3
0
3
0
1
0
7
3
5
5
0
1
5
5
0
3
0
2
2
0
1
5
1
7
0
7
1
3
5
0
3
5
3
5
0
3
0
9
95
3
0
3
11
3
9
7
7
9
9
5
0
7
0
3
7
7
5
7
0
7
7
9
0
5
7
0
9
7
0
5
0
0
0
0
2
3
1
1
0
0
2
7
0
7
0
3
0
7
2
0
2
0
3
9
1
0
5
3
5
7
2
5
81
3
9
7
0
70
7
2
0
0
0
11
0
0
7
5
0
1
3
0
7
7
0
3
3
7
0
7
0
0
3
0
0
0
0
7
7
0
0
7
5
7
0
0
3
3
5
1
7
2
9
2
7
7
0
2
5
7
3
0
3
0
7
7
0
0
9
0
11
0
0
0
3
9
7
0
9
0
0
2
7
7
5
0
7
2
3
7
9
0
0
3
0
0
5
9
2
5
9
0
3
0
0
0
7
7
5
5
7
5
4
0
2
5
5
0
9
5
7
7
0
0
7
3
0
7
7
11
0
0
0
0
3
7
7
0
0
7
5
5
9
0
9
0
0
7
0
0
0
0
3
11
1
1
5
0
1
5
2
3
0
3
0
3
3
0
9
0
0
7
3
9
7
3
5
7
0
4
0
7
0
0
44
0
11
7
2
9
7
0
3
2
0
5
9
0
0
87
9
7
1
7
9
7
0
7
3
9
0
5
9
7
2
5
7
7
5
2
0
0
2
9
9
3
0
7
9
9
3
5
7
5
2
7
7
7
3
0
3
0
9
1
2
7
2
0
11
11
0
0
0
0
5
0
7
3
7
0
7
0
0
5
0
0
3
3
0
2
0
0
5
0
0
0
5
7
11
2
0
0
0
3
11
0
7
0
0
7
0
0
2
0
0
9
9
0
0
0
0
7
2
2
0
5
0
7
3
0
0
9
0
7
2
3
0
2
5
5
0
2
13
2
0
9
0
0
2
3
7
9
0
0
5
7
0
5
0
7
0
0
0
7
0
7
1
9
7
5
3
0
0
0
5
7
7
1
0
1
5
0
7
0
3
7
5
5
0
0
7
3
5
5
0
3
5
9
7
5
0
3
3
7
7
9
45
3
7
3
0
0
0
7
7
0
3
5
3
1
7
5
2
0
5
0
0
0
0
0
5
0
0
7
7
7
0
7
7
7
7
9
0
0
3
11
0
7
9
0
3
1
0
5
0
0
7
7
1
0
5
0
7
7
0
11
1
0
11
1
3
0
5
3
2
0
9
0
84
7
3
2
1
3
0
7
9
11
0
2
7
0
5
7
11
0
3
0
0
7
0
0
0
0
0
5
0
0
0
3
13
0
0
3
7
9
5
2
5
0
1
5
3
5
7
5
9
7
7
7
3
7
1
0
2
0
13
5
0
7
7
0
7
9
9
9
9
0
9
0
0
7
2
9
9
0
0
13
7
0
9
9
0
0
0
0
7
2
0
9
92
7
9
2
0
7
7
0
7
0
0
9
0
2
5
77
0
9
7
0
0
2
9
2
0
2
7
7
2
0
11
0
7
0
2
0
0
0
7
0
2
0
7
7
0
2
5
7
0
25
0
0
9
0
0
11
0
0
9
9
0
9
0
2
0
2
0
9
0
0
5
2
7
7
0
2
2
3
2
9
0
2
0
0
0
7
5
7
9
7
0
9
7
0
0
7
7
7
0
0
0
7
0
7
0
0
9
0
0
7
0
7
0
0
0
5
7
7
2
2
0
7
7
0
0
9
11
7
0
0
0
9
0
5
0
9
7
3
7
7
0
7
11
0
0
9
9
0
0
7
7
9
9
7
2
0
9
7
2
9
7
2
13
5
7
7
0
7
11
7
5
7
0
7
31
7
0
0
95
7
7
2
9
7
7
9
5
2
3
11
96
0
9
9
7
0
7
84
7
0
5
0
0
3
5
7
7
0
11
7
7
9
7
7
0
3
7
9
0
2
7
7
9
9
9
9
0
9
7
7
7
0
0
9
9
7
0
0
9
7
7
96
5
95
7
11
7
0
0
0
3
3
2
3
3
3
0
1
3
0
3
1
2
5
3
3
3
2
2
3
5
3
2
3
2
5
3
5
5
3
5
5
2
2
3
3
4
7
3
5
3
0
0
2
5
5
2
3
3
3
7
3
0
3
3
0
5
1
2
4
7
0
3
5
3
5
1
3
3
2
3
5
4
7
3
2
3
3
3
3
5
3
3
3
3
4
3
0
9
5
5
5
0
3
3
0
3
3
5
3
3
7
3
2
5
0
75
3
3
5
5
2
9
1
3
3
2
16
3
3
3
0
5
3
5
3
2
3
2
3
2
0
3
7
6
2
3
4
4
3
3
1
2
7
0
74
5
4
11
3
5
3
1
4
9
5
7
2
3
5
5
3
3
3
3
1
3
5
4
3
0
29
7
1
3
3
3
3
3
2
3
3
3
5
5
3
4
3
5
0
2
3
5
3
3
2
1
5
0
2
0
3
9
0
5
5
7
5
3
0
0
2
2
0
5
2
3
3
3
2
5
3
3
3
1
0
1
0
3
3
3
5
0
3
4
2
3
3
0
0
0
1
3
3
3
7
3
2
3
2
3
4
5
1
2
3
5
3
3
3
3
3
2
2
3
5
3
5
2
3
3
5
0
5
5
3
2
3
63
3
5
3
3
3
5
80
3
5
