58
49
41
64
34
80
59
46
34
69
74
45
54
41
39
40
73
57
71
50
44
54
62
41
35
49
45
70
45
56
37
62
58
40
34
68
52
38
71
57
64
39
48
65
48
56
69
35
56
63
26
83
50
40
77
67
48
60
33
45
55
77
70
41
51
51
34
39
46
43
50
57
54
48
58
35
65
69
49
60
55
33
49
35
87
28
30
53
52
31
65
44
64
44
61
58
30
48
49
58
42
75
35
38
45
54
86
46
21
55
76
58
40
63
76
25
50
64
44
57
63
45
48
48
60
44
37
73
37
36
40
56
59
57
47
59
30
72
50
61
92
38
36
46
83
80
66
45
38
39
33
23
55
43
52
25
60
50
30
38
48
61
44
33
37
61
61
74
69
49
27
48
36
55
34
65
64
25
50
73
40
60
66
74
73
48
47
82
67
31
63
40
51
33
62
56
59
55
38
49
54
75
63
46
61
65
44
36
46
37
55
42
54
57
69
51
48
42
35
73
76
50
68
67
43
68
25
36
55
33
35
60
69
56
46
34
61
64
49
68
64
44
53
38
47
54
26
51
46
40
37
46
34
30
39
42
53
60
56
22
75
30
65
59
45
40
54
57
31
46
71
35
32
65
51
27
35
47
39
54
57
27
61
39
41
50
69
52
50
39
35
45
35
30
34
23
45
34
29
47
33
43
24
35
32
45
29
24
53
29
47
30
28
30
29
45
23
28
39
48
28
33
33
42
36
30
33
35
28
43
44
33
39
28
48
30
43
32
33
28
52
39
28
51
52
29
29
40
26
37
28
34
47
31
57
28
27
40
54
35
36
43
33
42
32
40
32
31
38
31
40
41
32
26
48
39
31
29
44
34
38
53
28
41
29
39
37
39
35
32
33
28
67
41
32
36
42
36
25
44
38
35
43
42
27
46
33
26
35
65
37
35
46
37
28
44
38
61
29
45
37
38
38
33
33
28
44
46
26
35
27
29
29
47
32
42
25
32
29
52
28
30
41
43
39
28
40
48
37
32
22
51
50
28
27
49
40
44
42
52
39
24
39
40
53
39
27
35
26
45
32
33
34
27
36
35
28
23
28
46
32
29
42
38
35
34
29
47
35
38
38
40
31
44
36
45
45
35
39
26
33
37
25
53
41
33
25
41
41
35
40
45
31
34
47
47
36
28
31
50
30
37
39
30
41
40
35
34
48
66
29
35
44
53
49
36
31
47
44
39
32
46
44
48
28
50
27
40
33
45
50
36
33
50
49
31
36
52
35
36
43
50
33
32
37
44
33
28
50
47
46
31
47
42
37
33
25
25
36
30
32
37
30
43
40
33
45
46
37
40
41
29
41
39
28
37
34
40
31
43
33
35
52
38
41
27
34
31
54
41
39
38
34
30
36
33
42
39
45
25
36
31
31
52
34
33
54
30
26
36
50
53
40
37
53
41
27
32
47
44
35
38
43
53
50
35
40
43
39
37
30
41
32
43
48
26
43
40
30
39
52
33
42
37
29
30
54
50
32
47
49
35
39
29
47
42
29
25
49
27
34
40
43
41
29
31
28
43
31
33
36
24
32
47
32
44
40
23
46
39
43
29
26
47
67
25
38
35
51
29
30
38
39
46
34
49
29
37
31
27
28
39
29
38
25
44
38
44
39
25
52
34
27
27
43
35
34
32
68
54
41
36
41
46
49
25
37
62
40
41
26
43
32
34
37
23
35
42
29
33
32
33
38
35
43
48
39
33
36
36
46
30
32
34
39
44
48
26
46
32
36
36
36
33
28
41
46
52
47
29
50
33
40
41
33
48
32
39
37
36
61
29
45
29
38
39
39
29
28
36
41
32
56
35
38
35
52
33
42
30
34
55
22
36
36
31
39
40
26
42
33
35
33
31
37
45
24
39
31
32
35
38
38
43
41
33
30
26
37
29
41
48
32
31
38
39
38
42
36
35
34
34
38
38
38
33
30
49
35
37
23
33
47
28
40
40
34
27
39
30
38
42
49
35
54
51
36
38
41
28
30
34
35
28
32
48
30
49
38
40
26
43
28
37
47
29
33
41
38
48
28
36
41
47
49
36
39
39
47
28
41
28
54
36
41
45
39
33
29
24
53
41
43
35
39
34
43
27
41
34
30
36
31
65
34
45
40
42
45
44
31
50
38
28
30
58
41
26
31
37
34
36
46
25
38
26
35
26
51
39
34
32
37
36
27
35
39
46
32
53
33
30
38
21
33
48
45
30
42
40
44
29
33
28
47
28
36
28
44
30
24
32
57
38
24
38
36
32
44
36
30
33
54
41
35
31
32
35
40
53
37
34
51
25
51
32
32
37
33
22
59
32
23
24
44
29
51
62
39
33
26
22
32
31
43
34
37
33
24
62
50
30
32
30
43
46
35
24
24
41
31
30
26
40
35
24
26
38
31
48
26
29
71
34
35
40
31
35
38
38
22
36
36
32
29
47
44
34
23
41
26
37
33
37
40
36
19
35
38
32
28
27
34
29
40
36
33
27
23
34
31
32
36
35
39
42
28
34
31
32
43
53
35
26
26
42
34
32
40
43
40
44
35
32
35
36
25
35
54
33
58
50
33
27
25
41
31
32
27
27
32
27
51
48
78
75
30
90
45
56
40
66
38
38
57
70
77
52
64
91
85
90
63
61
44
75
68
37
29
41
24
68
80
55
75
95
81
70
36
72
39
78
57
89
83
78
41
74
44
49
81
56
95
51
59
56
73
81
57
71
37
69
43
67
54
89
64
39
83
70
52
60
59
93
75
77
82
49
73
48
75
64
72
80
67
81
34
75
62
74
52
79
68
75
64
79
70
60
45
69
76
62
54
60
88
71
56
82
35
73
37
64
36
81
76
40
94
81
68
72
59
52
67
89
50
54
49
86
63
58
78
34
47
41
71
66
60
61
69
80
69
61
34
74
55
42
52
39
59
28
36
85
50
33
52
73
75
60
72
83
71
31
71
85
47
42
29
41
48
39
34
53
60
25
41
91
76
52
55
65
44
29
58
45
36
34
40
46
39
50
44
60
35
39
71
64
38
57
42
35
44
43
38
70
43
34
41
69
33
40
51
47
42
72
50
64
55
42
43
67
50
45
71
44
87
37
52
47
40
51
63
50
33
46
82
53
33
36
61
51
52
64
32
48
47
49
28
62
31
38
40
58
29
46
53
41
34
41
44
45
42
42
35
49
38
64
68
28
52
48
60
41
33
62
43
59
57
74
73
42
41
29
40
40
47
43
21
80
62
50
