25
27
19
7
13
19
24
16
38
17
31
15
21
15
24
19
27
68
23
16
17
17
13
28
19
25
21
21
40
31
21
23
9
15
13
35
24
21
16
27
21
19
13
44
31
19
29
38
17
29
21
25
29
17
27
19
15
21
25
17
40
27
15
20
22
9
11
13
3
5
11
7
1
32
27
23
13
9
23
17
25
29
23
9
11
25
31
18
9
28
5
9
16
19
9
11
7
9
13
13
5
7
27
25
11
13
21
31
12
7
7
13
21
7
11
11
33
21
32
9
16
15
7
13
25
13
11
25
13
13
11
13
17
23
28
13
15
7
9
15
11
27
21
19
31
23
23
5
13
23
13
25
16
17
7
9
26
13
23
7
17
5
15
11
23
19
25
9
23
13
11
32
11
31
19
60
40
21
44
19
42
32
67
27
38
40
28
11
56
21
17
15
32
17
33
28
29
23
24
35
17
71
11
17
19
60
29
38
19
46
35
25
37
24
21
42
24
50
23
11
40
17
16
17
37
71
17
16
16
11
25
17
38
15
19
34
13
7
29
44
17
23
40
20
35
48
0
11
7
11
9
52
19
14
52
5
11
79
11
9
15
13
9
9
13
53
11
16
11
9
13
22
24
40
15
21
60
7
11
11
15
9
15
11
13
16
17
7
21
11
30
50
13
20
51
29
34
31
11
25
13
18
25
23
25
30
48
11
19
21
33
26
23
42
26
23
25
9
31
17
15
22
20
42
17
34
15
26
21
17
25
13
46
28
32
21
19
15
7
21
21
13
19
11
7
7
23
11
15
21
11
9
5
15
13
15
3
18
27
11
15
5
17
17
13
7
21
13
9
17
7
5
19
9
13
22
7
13
15
11
11
23
13
11
9
11
26
13
17
19
9
11
7
21
1
7
11
9
7
29
23
11
3
11
21
17
23
9
9
15
18
15
64
20
13
15
5
13
13
19
3
19
1
13
13
17
25
7
7
9
7
29
13
3
28
19
15
9
23
18
17
11
9
27
17
17
17
24
17
5
7
13
23
13
13
11
24
9
13
17
24
15
35
29
35
45
30
40
54
61
29
11
35
26
48
38
35
52
46
27
34
47
26
34
21
27
27
11
20
17
23
47
21
37
26
19
85
42
25
25
66
22
40
36
48
60
36
30
24
21
23
23
21
33
25
24
20
21
31
64
32
41
36
34
21
35
23
21
25
26
35
17
34
17
27
37
15
25
23
20
31
25
25
32
13
30
27
23
36
28
9
9
36
27
33
29
22
20
19
21
40
37
25
79
35
37
22
28
29
17
33
21
17
34
29
25
23
23
11
11
14
15
15
11
22
19
17
18
11
9
11
11
19
7
13
11
7
19
15
17
13
15
13
23
21
32
17
7
9
29
5
70
15
13
11
13
23
13
13
9
13
23
17
9
21
35
22
22
19
17
21
33
11
15
31
13
27
23
15
29
15
23
15
19
13
29
24
22
13
31
23
32
17
20
21
21
17
38
33
21
25
25
27
19
24
25
27
13
40
36
24
11
15
35
19
9
19
32
32
27
11
25
25
32
7
35
23
23
21
23
23
40
41
11
30
30
15
34
29
45
31
26
26
9
13
25
7
16
21
22
34
19
50
9
36
23
15
30
18
13
25
17
18
36
25
27
36
26
23
5
48
32
35
39
17
33
7
27
28
13
31
19
29
26
0
9
15
9
34
55
15
37
40
51
40
50
35
23
20
13
52
38
21
40
32
43
49
42
69
17
25
19
37
9
19
32
48
56
52
44
46
17
27
18
27
27
35
28
20
44
37
36
9
30
25
38
36
11
29
33
29
32
33
9
13
37
21
21
34
25
29
31
38
38
24
42
38
9
24
21
40
34
13
24
42
36
32
15
44
29
15
44
48
9
23
36
38
31
50
38
27
60
35
27
48
32
21
17
50
13
14
23
44
21
21
19
42
19
31
48
25
15
48
32
5
26
27
5
17
21
19
27
34
25
14
32
5
11
9
16
13
9
11
15
9
25
19
9
11
11
15
17
17
7
9
15
13
15
7
11
9
9
21
13
15
11
7
7
14
11
3
3
27
11
17
13
46
21
7
20
7
11
17
25
13
17
15
17
11
22
13
15
15
21
27
15
19
11
27
11
25
19
19
15
25
15
3
15
15
17
14
7
28
26
33
11
19
11
21
15
21
25
32
17
32
19
30
65
36
15
21
19
21
23
13
9
16
22
27
11
24
31
13
25
34
29
32
30
13
44
24
36
19
13
19
21
32
7
23
54
17
18
13
15
17
25
26
19
15
32
15
45
24
22
44
17
23
19
23
11
23
9
23
9
21
77
22
23
25
13
31
34
11
19
21
25
23
27
26
21
20
23
19
16
29
24
28
56
36
58
16
29
30
35
28
35
23
23
23
35
29
38
31
56
25
25
14
25
36
62
30
17
23
32
50
31
29
35
35
32
29
19
81
26
34
36
15
19
23
31
27
31
13
27
7
28
33
17
16
59
25
7
22
33
19
38
26
48
28
9
30
40
19
13
31
32
15
13
11
18
18
30
32
44
13
13
31
34
7
21
21
15
35
29
38
11
21
27
13
21
13
17
26
15
21
9
15
21
21
9
11
13
19
11
17
5
9
21
5
19
20
34
19
13
17
17
24
44
11
17
44
15
9
11
15
15
77
15
48
9
15
11
33
11
9
15
13
22
30
11
7
11
11
28
15
9
13
25
5
15
13
18
19
21
23
25
22
19
48
23
23
19
22
15
19
15
7
21
15
30
9
21
9
19
12
54
19
23
21
19
21
15
25
11
23
15
5
17
17
9
9
15
9
17
11
15
19
25
23
13
19
60
13
19
27
21
26
17
19
17
21
22
46
67
21
27
48
25
22
19
21
17
60
21
15
29
34
24
27
31
25
23
40
58
40
23
9
55
33
23
44
31
42
29
29
22
14
27
23
64
43
32
42
34
28
21
9
50
15
15
25
26
32
25
13
13
44
51
25
32
42
52
44
46
23
9
23
38
19
24
32
51
19
9
9
38
18
34
23
26
17
11
27
7
44
26
15
21
22
14
17
46
9
15
11
9
38
17
7
17
21
40
7
28
11
30
7
20
21
23
28
9
22
77
27
21
16
29
19
13
11
21
16
27
13
31
7
11
21
15
26
25
14
15
13
21
31
19
7
15
15
13
11
14
13
15
22
17
11
15
5
25
11
7
15
20
23
15
7
18
17
11
15
19
7
34
11
13
24
17
16
13
7
13
15
24
7
17
5
13
