23
31
11
75
41
41
45
35
61
28
36
30
50
35
64
29
69
43
36
14
15
14
18
76
42
48
2
9
7
29
21
35
51
42
28
44
27
34
14
13
32
5
38
11
38
40
34
64
58
19
15
29
29
81
52
36
16
65
45
42
20
31
66
18
42
31
35
18
48
48
37
9
25
38
53
17
42
21
5
4
8
28
34
16
35
34
50
24
16
20
70
30
36
34
13
42
31
11
36
28
44
40
24
40
34
18
57
39
38
29
37
16
45
29
35
15
32
41
31
35
29
33
24
14
36
31
33
16
34
21
52
46
20
33
41
18
33
13
26
23
10
0
36
21
35
32
25
70
20
49
32
47
35
17
46
61
49
13
31
33
35
26
23
30
30
25
12
35
37
15
57
18
51
38
30
61
38
17
20
17
27
34
30
49
50
34
33
12
25
17
3
35
27
0
60
28
40
77
28
30
53
33
34
38
48
37
9
63
25
33
27
40
58
41
33
50
21
9
15
33
35
29
50
37
39
37
34
0
63
16
38
27
27
0
15
7
26
66
46
0
23
7
23
19
17
44
3
9
20
6
11
69
15
7
5
34
29
18
9
32
21
33
1
33
10
16
26
35
38
28
10
14
23
21
12
14
29
18
2
14
34
36
24
54
24
23
6
24
46
31
65
23
44
27
26
16
78
39
39
39
50
32
26
42
36
42
39
22
66
35
57
59
26
26
27
20
48
47
28
59
18
36
22
16
29
22
37
28
39
16
29
20
38
18
26
32
18
29
27
33
37
30
37
46
25
20
26
44
22
16
35
20
0
22
11
35
29
44
25
21
18
34
20
33
51
26
34
38
22
28
27
35
37
25
5
36
28
50
28
29
35
17
31
18
21
36
22
15
48
71
9
59
27
36
40
17
27
17
35
39
50
37
38
10
28
36
24
32
14
22
17
34
18
21
44
23
45
30
18
6
31
18
18
32
30
19
3
12
25
25
27
27
30
20
33
25
21
24
34
17
19
28
32
22
15
28
20
22
38
42
17
18
12
24
44
20
13
37
29
20
21
50
25
18
25
19
21
18
33
38
37
22
26
26
0
15
18
26
17
26
32
17
36
20
33
19
15
27
23
8
40
11
25
28
26
35
35
17
47
30
13
41
15
26
39
29
35
36
48
38
28
25
32
14
22
18
17
14
16
39
38
35
15
19
37
31
66
40
40
55
18
11
35
44
24
19
37
33
24
20
35
37
42
27
35
36
65
31
5
38
36
28
41
15
26
37
39
37
20
31
28
63
36
41
36
37
39
33
33
37
32
36
43
15
13
50
34
34
36
34
10
61
34
0
52
38
46
53
70
34
43
23
20
34
37
47
35
38
20
72
43
20
41
37
24
46
50
35
20
46
36
34
37
74
25
48
48
37
36
31
17
38
40
38
37
35
75
53
26
38
31
29
41
5
26
50
73
36
35
76
25
45
33
22
48
23
30
35
71
50
37
39
44
34
41
47
24
27
46
18
44
49
37
28
18
32
24
36
22
14
26
37
25
38
27
25
46
37
39
54
47
40
24
4
41
29
33
26
38
17
21
26
18
44
18
21
50
30
19
38
46
61
35
40
24
47
26
29
28
38
0
52
29
13
74
26
27
33
27
41
36
14
34
42
27
32
12
23
26
44
77
34
42
44
27
35
22
38
36
63
38
37
27
39
33
43
60
0
38
40
42
12
17
22
36
58
26
37
34
26
47
44
30
38
28
18
48
18
44
9
52
24
56
42
26
38
48
32
25
35
44
12
41
33
36
23
43
25
34
31
46
39
34
33
36
16
29
46
24
27
20
36
34
45
55
0
25
44
18
38
55
35
43
28
13
25
34
27
23
15
39
40
26
33
35
33
50
38
48
44
27
37
26
52
67
29
41
42
27
28
36
66
35
40
35
26
28
31
27
17
51
67
63
33
21
37
34
38
36
37
19
29
44
20
12
38
47
34
14
38
36
46
18
34
33
80
40
33
44
27
50
36
37
35
32
54
37
39
27
31
23
41
21
26
29
15
70
52
12
21
37
32
38
33
37
13
28
57
36
26
16
42
46
37
36
49
17
25
19
19
37
32
31
32
34
37
48
37
28
30
74
37
33
31
27
31
18
33
26
55
51
24
44
30
36
49
41
33
39
27
23
49
36
26
34
19
34
13
17
37
48
59
45
43
19
31
33
32
35
70
36
33
34
17
40
37
16
37
55
18
22
57
25
35
35
32
27
31
38
35
29
9
36
19
15
17
30
12
36
36
37
29
16
22
37
40
34
21
18
46
22
28
26
22
15
17
38
24
18
24
18
18
11
11
44
25
34
36
23
17
29
34
30
40
31
17
41
33
30
31
11
34
40
26
46
39
40
30
52
18
49
23
34
32
39
30
52
49
25
36
20
13
8
20
31
16
15
38
18
60
22
26
44
17
26
30
17
65
38
23
22
30
38
37
82
39
24
55
37
35
36
31
31
0
33
35
36
38
28
30
31
36
56
41
46
38
30
43
54
61
29
16
42
52
0
35
24
14
37
63
71
32
54
35
28
36
16
11
36
51
37
17
46
37
30
28
41
28
35
21
18
37
43
8
65
38
13
37
37
27
56
40
52
32
36
30
32
20
35
29
31
38
22
40
37
52
48
25
10
47
37
43
48
35
24
43
37
27
35
63
17
51
31
20
0
35
45
38
40
13
23
21
28
26
37
14
37
46
42
19
54
37
23
37
60
31
31
38
51
41
34
47
31
37
22
35
25
44
31
35
37
72
4
26
26
35
37
47
22
20
51
17
18
18
33
36
26
24
22
21
16
0
43
36
22
27
41
44
32
34
33
23
39
36
26
44
29
50
37
29
16
27
23
37
17
53
46
29
23
42
37
35
38
43
37
41
34
46
37
24
35
50
10
37
33
29
52
15
35
33
24
37
31
27
56
34
39
37
35
28
0
39
28
35
18
32
35
16
42
29
22
36
3
18
26
35
39
36
32
37
51
18
26
48
0
25
36
32
35
37
24
16
37
37
37
42
10
28
31
37
37
35
17
35
38
39
23
48
31
28
37
37
22
30
34
36
37
22
37
18
20
27
53
45
24
45
37
39
18
24
30
31
29
47
32
20
34
37
27
18
26
32
43
50
17
20
21
44
37
40
46
51
28
31
46
23
21
46
37
30
28
33
37
51
48
50
37
36
24
48
41
34
37
48
26
24
38
18
32
31
36
30
43
43
47
46
37
33
36
15
47
35
19
27
3
28
41
18
14
38
