8
5
7
5
10
8
0
2
7
4
8
7
8
8
0
8
0
0
8
6
8
7
8
46
8
8
0
8
0
0
8
31
5
0
15
7
8
8
8
8
75
6
8
0
34
8
24
8
47
8
0
16
8
8
8
8
8
8
8
8
8
0
1
8
7
0
7
0
8
0
8
8
8
7
7
0
0
4
8
7
0
0
8
8
84
8
0
8
6
8
8
8
0
8
8
8
8
8
0
8
6
3
8
43
7
8
26
8
8
2
0
8
7
8
32
8
6
8
0
34
0
8
8
8
8
45
5
0
8
8
8
8
8
0
0
8
0
8
0
6
8
8
6
7
0
7
0
7
0
0
0
2
8
8
0
5
0
8
8
8
8
8
8
0
8
7
8
92
7
8
8
30
19
8
16
8
7
8
8
8
40
8
0
0
8
7
6
8
6
0
5
0
8
0
6
8
8
8
18
8
8
0
44
0
8
87
8
2
8
0
8
7
8
8
8
8
0
24
0
8
0
8
0
8
8
0
8
8
8
8
76
8
8
8
44
8
8
8
0
8
7
8
8
8
8
6
8
8
8
14
24
0
86
21
33
8
8
8
8
0
29
8
8
8
21
8
8
16
3
24
7
8
59
8
8
8
8
8
33
5
8
8
8
8
19
8
7
8
8
8
8
8
3
8
8
8
6
0
5
0
5
8
8
8
8
0
8
0
8
7
7
8
6
0
39
7
7
8
8
8
0
8
8
8
0
8
8
8
6
8
8
8
8
8
24
0
74
8
7
7
8
0
8
8
8
32
7
0
3
27
8
0
4
7
16
18
0
8
8
8
3
83
8
8
8
8
2
8
3
3
3
0
8
5
8
8
0
8
8
0
0
8
7
8
8
8
8
8
0
8
8
8
0
2
0
8
8
7
3
8
8
0
8
8
0
8
7
0
0
8
8
8
8
8
7
70
8
8
0
60
7
8
3
8
0
8
0
8
8
0
0
63
8
8
8
0
38
8
7
8
8
8
8
0
8
67
8
0
8
0
0
0
0
16
3
8
7
24
6
8
8
8
63
0
7
8
8
0
8
3
8
8
0
8
8
8
7
8
7
0
0
8
0
8
0
8
0
0
8
8
0
8
6
7
8
0
8
7
79
8
0
1
8
8
7
8
6
8
8
70
8
8
8
58
24
8
8
26
8
8
8
8
6
0
8
0
8
0
0
84
8
0
3
8
8
8
8
0
8
8
8
8
15
24
0
8
7
8
15
0
8
0
8
0
0
8
7
7
0
0
0
0
8
8
0
0
6
8
8
41
3
0
0
8
0
8
8
8
8
8
0
8
8
0
8
8
0
30
7
8
0
0
0
45
0
8
8
0
0
8
8
8
41
8
8
0
7
43
18
44
8
0
17
8
8
44
13
8
0
8
55
0
46
5
18
21
43
8
8
0
46
8
45
29
8
8
8
0
0
0
0
0
8
8
0
8
8
8
8
0
8
0
35
0
8
0
8
0
0
8
8
8
0
0
0
8
6
8
7
16
8
8
29
8
8
0
8
8
24
8
21
77
41
7
6
0
0
0
26
0
8
32
0
8
8
8
16
8
8
8
8
6
8
0
8
72
7
8
8
21
94
0
8
0
0
8
8
16
74
8
8
8
8
8
8
0
0
21
6
8
8
0
78
0
8
16
6
7
0
0
28
0
8
34
8
8
0
8
0
89
0
24
0
8
0
2
8
37
0
17
8
46
0
0
70
11
14
30
3
0
0
0
0
39
43
17
8
8
43
8
8
83
20
8
8
0
8
6
0
73
8
0
8
0
8
8
0
0
8
72
0
2
8
0
0
7
0
0
7
8
8
8
8
44
8
8
20
0
41
0
7
21
27
0
8
8
28
8
8
8
77
0
8
8
0
7
0
18
0
0
8
8
0
5
0
8
8
8
8
0
0
7
8
0
7
0
91
8
8
0
0
23
8
8
8
0
8
8
8
0
0
24
0
0
8
8
8
8
0
6
8
0
8
0
68
7
8
15
8
8
5
0
25
0
0
0
8
8
8
0
8
8
8
0
0
0
0
8
0
8
8
3
8
0
8
8
0
8
8
33
8
75
0
8
0
48
0
8
8
29
41
0
8
8
8
8
7
8
5
8
8
42
8
0
85
0
8
0
7
8
8
8
8
0
0
0
5
8
2
8
8
8
0
0
0
0
0
3
0
0
2
0
31
0
0
8
8
0
8
8
8
0
36
8
3
8
8
0
8
29
8
41
8
0
0
8
0
8
0
0
8
8
8
0
8
17
31
8
8
8
3
8
13
8
84
8
8
8
18
8
79
8
15
0
8
8
8
8
50
8
0
8
16
16
43
8
0
7
3
7
8
8
8
0
8
8
8
0
8
17
8
6
8
8
8
0
8
0
8
0
8
8
0
8
10
8
6
0
0
23
45
8
8
0
8
0
75
8
0
8
8
8
0
0
8
0
0
0
8
93
22
8
3
41
80
72
8
2
88
8
8
45
8
0
8
0
0
0
19
8
8
8
0
8
8
8
8
8
7
8
8
8
8
0
43
8
0
8
8
16
8
8
13
0
8
8
8
68
0
8
8
8
0
0
8
48
8
0
8
0
8
8
8
8
8
8
8
8
0
8
8
8
8
8
0
0
7
8
0
3
8
0
0
0
8
8
28
0
18
0
8
0
0
0
8
0
6
8
7
8
8
0
8
0
0
3
8
0
0
8
8
8
8
8
8
8
8
8
8
0
8
8
8
0
46
8
8
8
3
8
0
8
8
0
0
0
0
0
0
0
6
8
8
7
8
8
2
0
0
2
23
8
0
8
24
8
0
8
6
0
7
0
8
8
7
0
0
8
0
8
8
8
8
7
0
7
0
6
8
8
8
0
18
8
0
3
33
0
8
8
8
5
8
8
21
8
8
0
8
0
8
8
8
0
5
8
8
8
8
17
8
0
0
8
8
8
8
0
8
0
8
8
8
0
8
49
8
8
8
8
0
8
0
40
8
25
8
35
8
8
8
7
72
30
8
8
61
8
3
3
8
8
17
8
9
8
8
7
0
36
24
8
0
28
8
0
0
7
8
8
22
0
8
8
8
8
8
8
0
76
8
0
0
8
0
7
8
8
53
0
0
8
7
8
8
8
3
0
7
8
8
8
8
3
8
8
8
8
8
8
8
38
7
8
8
28
25
33
6
8
0
22
8
7
1
0
8
8
8
7
40
8
8
8
0
3
8
8
8
3
8
8
8
3
0
8
8
79
83
0
