13
10
6
23
15
58
31
17
11
11
10
12
19
10
29
23
21
10
21
10
8
15
15
12
31
15
15
21
15
12
33
17
19
15
13
15
19
13
17
10
21
15
19
19
21
13
17
21
27
27
27
19
29
21
12
21
27
12
13
21
21
15
19
12
13
21
12
21
27
23
21
21
17
14
21
13
21
36
33
25
27
37
23
33
21
21
13
35
13
33
25
15
21
31
15
46
29
58
13
13
21
38
33
23
17
12
21
19
35
38
19
25
10
46
50
35
27
27
42
29
13
48
29
13
37
27
35
8
25
15
63
25
19
33
36
6
33
27
10
35
33
25
21
30
69
27
15
15
17
40
58
44
31
29
10
15
39
29
17
12
31
27
6
15
17
10
15
8
8
10
17
10
6
15
10
10
15
8
6
2
13
10
12
15
6
6
8
15
10
10
11
10
6
10
10
8
13
6
19
8
4
6
6
15
19
8
12
12
10
6
12
15
13
6
10
10
8
10
8
6
10
12
8
8
15
13
11
15
4
13
6
8
4
19
12
8
6
10
19
46
13
8
6
8
13
21
13
23
10
12
8
17
13
12
10
19
8
4
25
6
6
8
6
8
10
12
10
15
13
10
10
8
4
8
4
8
2
12
19
13
4
21
8
6
8
10
8
4
15
8
17
6
13
9
13
9
19
13
15
6
13
8
0
10
15
11
13
13
17
10
15
6
27
19
17
15
21
12
13
15
13
33
6
13
11
11
21
15
15
15
17
10
10
11
8
21
10
13
13
15
12
17
12
17
21
13
27
21
31
17
32
15
23
23
30
35
29
44
19
11
17
21
23
15
33
54
10
40
17
10
34
23
23
17
31
15
23
23
54
23
46
34
17
38
34
65
57
67
52
42
72
40
79
15
50
50
40
52
54
27
52
39
42
80
25
27
36
13
31
73
52
48
27
25
35
30
23
52
52
36
17
31
32
15
48
60
26
52
34
57
50
11
19
15
48
59
21
38
21
8
10
17
10
6
12
10
15
13
4
6
10
15
12
6
13
10
8
2
6
8
10
12
6
6
10
6
6
8
4
4
10
10
8
8
10
10
4
10
2
19
6
8
6
10
15
23
8
6
13
6
10
19
6
21
6
12
4
4
13
10
4
10
13
12
8
8
12
10
4
12
8
13
6
6
6
10
12
10
6
10
19
10
10
8
12
6
6
11
4
12
8
10
8
10
6
4
8
13
8
10
5
15
8
4
8
2
6
6
4
4
13
6
12
4
11
4
4
8
4
8
4
10
6
4
12
6
12
10
4
2
12
6
4
12
4
8
6
6
6
6
4
2
8
2
8
6
8
6
8
6
4
0
0
16
12
4
6
8
16
6
8
6
10
4
2
12
8
10
12
9
6
6
8
6
2
12
8
6
12
6
4
4
6
6
12
10
6
10
8
8
14
16
17
8
8
12
31
4
17
12
6
8
4
8
12
8
6
22
10
14
6
8
10
6
6
10
8
12
6
6
6
14
8
6
8
8
8
6
6
6
6
6
8
4
8
8
6
10
6
10
10
6
6
4
10
12
2
6
10
8
8
12
9
8
12
8
12
8
15
6
10
12
10
16
10
8
8
16
6
16
4
10
20
8
12
14
10
6
21
6
12
4
8
19
14
18
10
10
18
6
16
14
10
25
18
19
19
27
27
15
15
13
40
33
13
27
19
19
44
36
27
40
19
19
23
15
29
33
59
15
17
33
17
56
25
21
23
23
15
36
13
15
14
19
27
21
6
38
19
15
23
32
27
21
8
38
23
29
29
36
29
27
25
23
29
21
17
8
19
25
19
10
13
8
27
17
13
15
10
12
25
15
6
19
19
19
23
15
21
11
19
13
12
10
13
21
10
10
13
21
8
19
25
8
25
10
33
10
21
15
8
4
4
4
21
12
17
21
17
15
33
10
23
15
19
27
10
21
25
27
10
13
25
21
6
4
4
6
6
0
4
2
4
4
2
6
4
2
0
0
10
6
0
2
4
27
27
4
6
2
6
2
4
4
0
2
4
4
4
8
8
2
6
4
4
2
2
4
2
4
2
2
4
6
2
6
6
10
4
0
4
2
4
4
2
4
4
4
2
6
6
2
4
10
6
6
2
4
4
8
4
10
8
12
8
6
2
6
14
2
2
8
10
10
12
14
6
18
15
10
16
10
12
4
16
12
6
14
12
8
16
6
8
12
10
10
14
12
17
6
8
2
16
10
12
6
6
25
18
8
12
12
8
12
20
18
8
20
6
12
8
12
16
10
16
8
8
16
8
16
12
14
8
12
14
4
4
4
6
4
2
2
2
8
14
8
8
4
12
6
2
2
10
6
2
2
6
4
2
4
4
10
8
4
6
6
8
6
6
6
6
7
2
4
6
4
4
8
4
8
6
10
6
5
4
4
6
10
6
10
8
4
26
2
27
6
6
4
6
2
16
6
2
2
6
6
4
12
6
8
4
4
4
2
2
4
6
4
4
6
4
10
10
2
2
6
4
8
4
2
6
2
16
6
6
2
6
2
2
4
6
6
6
0
2
2
4
4
2
4
6
2
4
4
2
0
8
4
4
6
4
2
4
6
10
6
2
13
2
8
6
4
6
29
12
12
9
10
6
14
10
6
4
12
14
8
14
6
8
8
17
8
6
10
10
18
4
14
8
22
4
14
16
10
2
10
4
2
8
6
6
18
6
6
8
14
8
8
6
10
18
12
10
24
10
8
10
19
14
4
4
18
10
10
10
10
11
12
14
29
12
12
12
8
12
20
25
12
8
8
18
10
12
8
8
20
11
18
8
8
14
25
10
14
16
8
25
12
10
12
14
8
6
8
10
18
10
12
10
14
12
8
12
2
6
24
24
14
8
6
8
31
12
21
12
22
12
12
10
12
16
14
2
8
12
4
8
16
2
6
0
4
6
6
2
4
4
2
6
8
6
2
8
2
2
8
6
4
6
6
6
4
10
4
0
10
6
6
6
2
4
4
8
10
6
2
2
4
0
4
4
2
2
6
8
29
6
2
6
6
6
8
2
6
6
8
6
0
6
6
8
4
4
4
2
6
10
6
4
6
8
4
8
4
12
2
6
10
10
9
6
8
4
8
8
2
0
2
0
4
4
2
8
8
2
2
6
4
6
2
12
6
4
4
2
4
12
6
4
10
6
2
2
6
2
4
10
4
4
0
4
0
4
6
2
2
4
2
4
2
4
0
4
4
2
8
14
2
14
6
4
4
14
4
12
4
10
6
11
14
