26
23
0
32
0
18
17
0
21
17
0
19
22
10
0
17
0
20
24
0
1
19
0
19
23
20
0
27
0
17
19
0
1
22
19
0
21
21
24
2
0
15
16
10
8
22
12
0
7
0
17
0
11
21
26
25
0
26
16
0
4
20
23
0
1
0
2
0
0
25
0
3
17
17
44
1
3
0
16
0
0
19
0
11
17
18
26
0
2
15
0
10
0
22
22
0
6
16
0
20
12
0
0
18
16
19
11
20
12
0
30
26
4
1
8
18
2
12
0
2
37
21
0
1
17
14
0
0
4
29
18
0
16
16
18
0
0
18
0
33
2
18
15
0
19
15
20
0
0
19
0
0
36
20
20
0
14
21
18
0
0
14
0
0
24
23
17
1
10
22
0
0
0
15
0
5
23
0
1
52
12
20
0
1
18
1
6
0
6
18
0
24
23
18
22
0
0
14
0
20
0
18
0
19
15
4
0
26
66
2
13
19
0
19
0
12
20
21
31
22
0
0
0
11
0
2
22
0
1
10
16
32
0
0
17
0
21
0
0
0
1
0
0
0
1
0
17
0
16
0
21
0
0
0
0
2
0
10
36
0
0
4
3
0
0
0
0
5
0
20
0
2
0
25
13
0
12
0
15
2
10
0
0
24
18
2
16
3
21
14
0
0
0
0
0
21
15
23
24
24
17
18
0
0
0
0
20
26
30
0
25
45
15
12
0
0
0
0
14
21
20
0
9
16
19
0
10
0
15
15
0
0
18
0
21
16
4
0
13
0
21
0
19
16
1
0
2
17
12
4
15
0
16
3
9
16
18
0
17
20
22
0
15
0
45
0
21
17
35
0
14
19
0
25
14
0
16
14
0
17
31
0
24
0
22
18
3
0
15
0
0
0
16
1
0
0
16
11
16
0
18
0
0
29
29
1
20
1
8
23
0
17
0
1
31
1
23
21
0
18
38
15
0
17
19
0
11
21
25
20
24
1
30
14
17
20
0
0
0
18
22
22
20
21
22
26
0
0
0
0
19
22
21
2
11
19
0
27
15
0
0
0
4
23
3
22
24
0
15
2
15
17
20
0
1
0
10
18
19
1
0
12
16
17
0
0
15
26
20
23
17
8
3
14
14
21
0
0
0
15
20
22
0
3
1
39
24
0
0
0
2
21
17
20
0
0
16
0
24
38
0
1
13
20
22
0
5
24
23
0
17
19
0
0
25
29
0
1
23
24
0
3
7
19
16
0
18
0
1
22
23
0
0
10
15
19
0
0
0
12
19
30
39
24
31
17
0
1
0
0
0
20
20
0
20
25
3
3
1
13
18
1
20
10
0
29
1
4
17
0
23
0
23
16
0
17
0
17
0
18
0
20
0
13
0
22
1
16
25
1
19
0
0
18
1
12
3
0
12
8
2
1
17
23
0
22
13
0
14
3
0
16
13
10
2
18
15
23
0
13
0
2
2
0
19
17
0
0
4
24
0
21
14
0
0
27
0
0
23
0
15
12
2
0
17
2
19
30
0
19
0
24
18
4
18
0
0
4
19
0
21
19
1
0
2
13
0
0
0
0
23
1
22
26
2
0
0
2
14
12
13
0
22
25
27
1
22
23
15
2
14
5
0
5
20
20
0
24
15
0
14
13
0
0
26
12
18
0
18
23
25
20
16
6
10
2
20
25
2
20
19
15
25
20
14
4
16
15
0
0
2
19
0
4
26
20
0
4
0
16
19
0
17
0
25
17
22
0
1
0
12
15
19
0
0
0
20
21
29
19
28
10
21
12
0
0
2
30
0
20
36
0
1
9
15
11
23
0
1
13
0
15
1
0
26
0
23
0
0
17
0
0
0
0
3
19
29
13
4
14
0
33
18
18
21
16
19
19
0
5
15
17
0
0
29
22
0
16
20
21
16
13
0
0
0
0
8
18
0
17
23
0
0
3
14
24
0
3
2
1
18
26
19
17
0
0
18
24
8
0
0
11
7
0
27
18
27
0
13
13
15
17
13
15
16
0
27
0
0
0
13
15
25
18
15
12
15
11
16
0
0
0
22
16
17
19
15
15
16
32
0
0
0
2
27
13
16
34
14
1
11
16
20
0
0
0
11
23
22
20
16
1
7
12
26
0
0
0
18
21
19
21
21
12
0
35
0
0
0
0
9
15
17
17
19
9
11
22
14
0
0
0
34
45
16
16
12
15
0
5
6
0
0
0
18
17
19
19
13
17
0
13
27
0
0
0
18
17
6
38
14
16
0
43
0
0
0
0
6
13
18
20
0
1
2
8
0
23
16
18
0
0
0
0
0
0
0
0
0
0
0
0
3
18
17
0
15
14
1
1
15
17
0
20
0
0
0
0
0
0
0
0
0
0
0
0
0
20
16
26
0
0
13
20
0
20
14
0
0
20
16
16
0
25
0
13
0
14
24
30
18
0
0
0
0
0
0
0
0
0
0
0
3
0
13
15
0
32
0
14
11
0
10
0
24
0
1
14
0
0
18
0
10
13
0
0
0
16
15
3
12
0
13
0
11
0
24
0
18
0
0
0
0
0
0
0
0
0
0
0
0
10
20
18
0
40
0
16
22
26
0
0
16
0
0
17
17
7
1
11
15
33
21
23
21
17
30
0
0
4
0
1
0
19
0
1
0
15
18
16
0
21
15
0
0
26
0
20
14
0
19
21
3
24
12
0
15
0
0
40
19
5
0
23
14
11
0
14
0
19
0
3
20
35
0
15
13
1
0
15
24
0
10
0
16
19
13
23
0
1
3
17
1
22
0
17
0
29
17
15
0
0
0
18
0
8
25
0
0
0
18
22
15
0
16
0
22
26
0
1
18
0
30
15
2
1
4
15
0
11
0
28
16
10
1
0
16
19
0
0
15
0
0
36
20
16
0
21
0
18
15
0
12
7
0
0
1
15
0
27
0
15
23
0
1
25
0
0
22
18
19
0
19
1
13
14
0
2
19
22
0
0
0
63
22
1
0
17
0
11
19
0
26
16
0
16
0
12
1
12
14
12
6
1
16
14
0
1
19
3
40
11
10
0
17
0
1
19
23
0
1
0
13
0
2
0
20
0
18
16
19
17
0
0
2
0
1
0
17
21
0
10
19
17
0
0
20
0
8
0
6
23
16
0
17
14
16
0
28
0
0
2
17
23
19
56
15
17
23
4
14
12
0
15
20
21
45
0
21
24
0
19
20
7
0
25
14
8
2
15
17
17
0
18
10
0
16
1
16
0
16
17
14
15
0
3
13
15
16
52
