38
85
37
43
44
45
26
20
45
52
34
88
28
72
26
54
37
27
36
42
39
75
33
11
25
60
57
45
52
44
33
31
21
30
35
82
41
50
44
38
40
40
16
87
27
79
52
48
46
43
48
72
26
32
28
27
25
33
48
21
43
52
33
30
44
43
31
25
39
54
38
67
47
44
36
35
31
44
23
28
29
48
37
71
43
49
26
32
39
65
32
28
25
40
49
70
74
55
25
50
42
82
36
42
38
70
38
52
24
32
37
30
67
66
25
23
20
79
40
44
81
20
36
34
53
49
33
45
39
74
27
75
17
36
45
36
42
49
28
19
33
56
33
58
40
26
24
69
28
57
33
29
33
59
25
37
39
56
34
39
47
70
27
41
38
77
55
88
45
58
43
56
50
31
39
43
37
45
70
72
41
25
29
52
39
33
50
34
27
43
34
67
44
40
47
46
25
53
49
21
40
34
24
82
20
41
32
31
23
9
27
35
76
69
33
67
41
44
30
84
63
34
36
23
30
57
30
13
53
50
12
41
35
31
49
44
29
42
23
25
36
53
50
77
25
23
27
44
21
16
12
11
10
34
39
24
21
31
54
34
81
24
30
42
22
27
30
18
15
20
10
28
45
37
71
39
77
49
18
24
17
42
77
35
23
43
40
36
29
32
36
19
34
33
43
29
23
42
25
42
17
10
27
4
24
29
38
44
42
32
29
19
12
45
27
38
72
36
54
39
87
30
43
73
48
43
27
47
41
66
33
35
39
39
37
27
52
43
60
78
69
46
46
30
42
34
45
40
54
55
45
23
34
37
44
37
27
45
39
17
23
91
31
23
65
52
50
25
29
32
26
17
52
58
34
27
51
37
89
41
37
73
23
46
44
33
39
48
32
49
32
26
33
31
17
31
30
87
50
42
39
66
45
34
41
32
24
25
27
27
45
36
75
43
39
29
31
28
36
53
39
40
60
77
32
58
26
39
41
34
25
31
52
27
96
58
60
54
26
31
29
43
23
40
22
31
46
58
70
38
31
44
26
37
25
29
49
16
73
50
43
77
61
41
42
57
47
49
44
46
15
46
50
49
99
43
50
26
34
46
51
55
66
37
22
88
25
38
42
39
26
41
51
65
46
27
64
43
50
29
41
27
34
45
45
42
79
52
48
50
31
72
40
27
35
17
30
47
29
27
29
73
30
34
44
46
34
35
25
39
42
38
49
44
73
45
65
37
42
53
29
41
49
47
59
58
39
52
96
19
40
51
84
25
32
38
26
25
32
58
34
37
33
47
81
14
33
51
31
32
38
45
37
35
33
42
59
25
21
61
49
57
23
32
40
29
57
38
40
49
57
18
61
47
21
60
27
38
18
18
32
19
55
33
31
60
12
62
14
42
37
35
41
22
30
36
57
55
74
27
41
23
32
22
73
38
42
35
11
29
26
19
19
24
12
29
47
37
23
26
19
31
46
32
67
20
31
49
14
30
36
29
38
23
33
39
20
29
45
39
36
48
21
17
30
40
23
35
49
41
51
34
32
61
36
36
42
21
40
34
15
66
55
46
31
25
36
21
16
32
49
50
50
46
59
14
27
39
49
43
67
31
43
62
43
26
40
26
30
52
44
61
50
38
22
61
20
52
58
33
54
55
64
68
52
37
23
52
63
73
39
54
51
42
59
51
22
45
67
57
50
45
59
40
56
23
65
44
38
51
27
63
54
46
53
40
57
35
53
26
75
28
39
51
47
19
36
40
69
53
56
55
67
47
59
44
48
43
37
44
51
34
58
45
41
34
43
24
36
47
35
13
33
49
36
14
26
16
25
18
18
47
18
16
20
34
24
21
36
37
45
12
31
23
24
31
32
80
27
14
17
31
19
18
43
18
20
10
29
21
17
18
19
10
9
2
10
38
4
14
12
9
7
4
9
0
8
11
8
5
6
9
10
12
3
5
2
5
7
7
7
19
9
20
19
13
22
3
15
18
5
26
13
11
9
23
16
14
19
14
7
23
14
14
2
9
9
9
14
7
12
8
2
11
27
9
12
11
20
10
7
16
31
13
9
21
10
5
15
36
25
23
14
33
12
20
10
33
8
37
5
24
26
14
27
15
12
16
18
19
14
46
17
25
24
36
22
18
21
26
40
19
26
27
39
31
38
35
28
31
41
35
55
40
26
46
43
53
35
42
42
38
45
32
28
42
37
47
30
43
48
54
37
47
23
44
39
64
13
27
45
66
47
30
53
43
41
48
66
50
45
52
66
41
38
57
37
17
55
49
13
56
43
49
68
48
75
21
52
51
64
51
51
26
48
46
63
43
33
48
50
25
36
61
43
41
44
36
36
34
33
60
45
55
44
59
47
33
30
36
43
44
52
46
50
41
33
37
42
51
43
34
42
58
41
48
52
53
43
24
73
73
51
72
52
38
15
33
48
35
18
51
56
42
44
27
42
40
48
49
15
35
21
43
26
32
47
19
28
47
79
23
38
26
65
48
15
39
40
74
31
40
32
44
25
43
40
16
29
25
59
25
18
28
24
30
20
23
18
31
18
10
41
12
11
9
16
17
17
30
26
13
23
11
13
3
19
18
19
12
10
28
30
19
37
18
6
18
33
24
14
20
33
25
49
58
32
39
32
50
45
40
49
29
31
29
38
51
32
49
28
38
47
35
27
50
66
35
53
68
56
36
58
40
41
45
32
38
12
33
34
26
43
30
37
44
20
29
29
56
81
31
34
54
54
36
51
52
42
32
19
48
55
16
46
35
31
39
33
19
41
63
44
37
73
40
26
34
27
42
25
58
30
53
54
61
15
17
42
48
63
43
37
40
15
43
50
44
44
49
46
36
56
43
49
76
42
26
22
44
21
43
47
45
51
56
34
44
32
29
47
61
46
36
67
40
50
35
36
61
48
51
41
53
18
47
53
68
43
31
51
64
33
53
17
52
60
62
26
31
48
39
51
60
41
51
54
59
53
50
49
32
62
41
60
28
43
20
51
46
35
55
49
66
43
49
34
26
60
65
57
47
47
46
69
40
75
41
36
57
45
49
36
53
39
60
56
55
49
28
57
64
52
46
55
83
38
41
54
43
30
55
50
39
45
32
40
59
28
54
62
63
41
60
39
67
35
37
45
51
28
42
48
17
23
41
26
33
68
80
23
33
14
31
27
24
52
57
39
35
18
17
36
18
34
25
14
26
39
12
41
38
23
14
28
21
29
34
21
26
19
20
43
18
12
62
34
37
26
18
39
27
30
18
32
32
11
27
49
22
