8
8
8
0
0
8
5
0
0
33
0
0
7
0
0
8
8
8
3
35
8
0
8
8
0
5
0
5
39
31
4
0
5
0
8
0
8
0
3
6
8
22
3
8
0
0
8
24
7
8
0
33
8
59
8
0
0
0
8
8
8
0
0
67
8
0
24
8
0
8
8
8
0
8
0
8
8
7
8
0
8
8
0
3
15
0
0
0
8
0
8
8
1
2
8
8
0
5
8
0
8
14
8
8
8
8
0
0
28
8
8
19
26
0
0
0
8
0
2
8
8
0
0
8
8
7
8
0
0
8
1
0
8
8
2
0
20
8
0
8
8
8
26
0
0
0
0
0
47
2
0
8
8
0
8
8
7
44
8
0
29
7
3
8
0
8
5
8
8
0
0
0
8
0
8
24
0
8
6
43
0
7
8
8
8
0
8
8
0
8
8
8
8
25
7
42
8
0
8
2
8
0
0
8
8
8
8
8
8
77
0
6
0
8
3
7
0
0
0
3
8
0
8
0
8
8
0
0
8
8
0
4
0
8
8
8
0
0
2
8
17
8
8
0
8
0
0
8
8
8
8
0
8
8
0
8
66
16
2
7
8
0
8
8
28
43
8
47
8
0
32
8
8
7
13
41
0
8
7
31
0
8
0
8
8
8
8
0
8
8
0
8
24
8
8
8
0
5
0
8
8
8
0
0
89
0
2
0
7
0
5
2
0
8
8
8
0
8
0
21
8
0
8
8
0
2
8
8
0
0
8
0
8
0
8
0
8
8
8
0
0
8
8
8
0
8
0
0
29
8
8
25
0
8
8
7
8
0
8
8
0
8
8
0
90
7
8
5
0
0
0
0
0
0
0
0
0
91
0
0
8
8
8
31
8
0
8
8
8
0
8
8
0
44
8
0
8
8
0
33
0
0
8
8
0
8
0
0
7
8
8
8
0
24
0
8
0
8
8
0
8
0
8
8
8
0
8
0
0
3
0
0
8
8
8
0
8
2
3
0
8
0
16
8
8
8
8
8
18
0
8
0
8
6
30
5
7
8
2
0
8
1
8
66
0
0
8
8
8
8
8
8
40
8
0
8
34
43
8
0
8
33
14
0
3
0
8
8
15
0
0
0
5
18
0
8
8
5
8
0
8
0
0
0
3
8
0
8
0
8
3
0
8
0
23
8
8
8
0
2
0
8
0
0
8
43
8
0
8
0
8
8
4
0
8
8
8
8
8
0
8
8
0
8
8
8
0
8
0
48
8
0
8
8
0
8
8
8
0
8
8
0
5
8
33
0
8
3
8
8
0
8
8
5
0
8
8
8
0
8
0
3
7
0
8
8
8
8
0
5
7
0
8
8
8
8
0
7
8
8
7
8
8
38
8
8
8
0
41
8
8
0
0
8
24
8
0
6
8
8
0
8
0
8
0
8
0
8
8
8
0
8
2
8
8
8
0
8
0
0
8
8
8
8
8
8
0
8
8
8
8
8
0
0
6
8
8
7
0
8
0
7
0
8
0
2
8
8
8
8
8
8
8
8
0
8
0
0
8
8
8
8
8
8
8
0
0
7
25
7
8
7
8
0
6
0
8
0
0
8
0
8
0
8
8
8
8
5
8
8
0
0
8
8
8
8
8
8
8
8
8
8
25
0
8
8
8
8
18
0
8
10
0
8
8
8
7
8
0
7
24
32
14
3
42
33
0
0
8
8
8
8
8
0
8
8
0
8
8
8
8
17
31
8
2
0
69
8
8
8
8
7
8
7
8
24
6
0
8
8
26
0
8
0
8
8
3
0
0
8
8
0
47
8
0
8
8
3
8
8
0
0
8
0
0
8
30
2
78
0
8
8
7
8
8
25
41
8
8
0
69
2
25
8
8
0
8
16
8
8
8
8
6
8
8
7
8
7
7
0
3
33
0
3
0
28
0
8
8
8
5
8
8
8
0
0
0
8
8
8
8
8
8
8
8
8
7
9
9
8
9
8
8
9
5
9
9
7
8
9
8
9
9
8
8
9
9
0
0
8
0
0
5
0
0
9
8
8
17
8
8
5
3
8
9
9
0
8
0
8
9
8
8
8
0
9
9
9
8
5
8
9
35
9
8
9
0
0
7
8
8
0
9
8
8
0
0
8
8
8
9
7
8
8
9
2
3
9
3
9
9
9
9
0
9
6
9
8
7
9
6
9
2
7
9
9
0
7
8
8
0
8
2
7
8
9
3
9
7
8
9
8
9
8
0
8
0
8
8
9
9
8
8
7
9
9
9
8
0
9
9
8
9
9
8
8
9
8
8
9
7
3
0
8
9
0
9
8
9
0
9
7
9
8
41
0
8
9
8
8
8
9
8
8
8
0
9
0
9
8
9
5
9
8
8
8
9
9
9
0
8
2
6
0
8
9
9
0
9
0
5
9
0
8
9
9
9
39
9
0
9
0
7
8
9
8
8
9
9
9
9
9
8
0
0
3
7
9
9
2
0
0
9
0
17
9
0
8
8
0
9
9
9
8
9
3
0
0
0
0
8
9
9
9
8
8
9
8
9
9
8
9
9
7
0
8
0
8
8
8
9
8
8
9
0
8
9
2
0
0
0
8
8
7
8
8
9
7
8
9
8
5
9
8
9
24
9
7
0
9
9
9
8
9
8
8
9
8
9
9
8
0
7
9
8
9
9
9
8
8
8
9
8
9
40
0
9
0
14
8
71
16
9
9
9
0
11
16
22
8
9
8
9
8
8
0
8
9
9
9
8
9
9
5
9
16
17
2
8
9
8
7
0
40
9
0
3
6
7
10
8
9
8
8
41
8
8
9
0
39
9
0
9
9
7
0
9
9
9
8
9
3
9
9
2
8
9
24
9
2
9
9
54
0
9
8
9
9
9
0
3
2
9
8
9
0
9
9
8
8
5
8
8
0
8
24
3
8
8
9
3
18
9
8
9
33
9
8
9
2
8
8
9
7
13
8
9
6
12
2
9
9
9
7
8
35
9
8
8
8
0
0
9
7
9
8
2
0
8
9
8
9
9
8
9
8
9
9
9
9
0
8
9
12
9
0
8
9
9
9
23
9
0
8
27
7
9
3
8
8
8
8
0
9
9
9
0
8
0
9
9
9
8
9
8
5
8
7
0
9
9
9
9
8
8
8
2
5
9
9
9
9
9
12
9
9
9
32
8
9
40
7
8
7
8
40
9
0
9
9
8
3
9
8
8
9
10
9
9
9
9
9
8
9
0
3
9
9
8
9
0
8
9
9
28
8
8
9
9
8
