20
21
19
11
17
14
16
11
9
15
15
17
21
12
24
24
20
25
25
16
25
21
11
23
21
17
13
9
13
10
8
15
15
11
15
19
19
19
23
20
26
13
22
21
17
15
17
23
21
23
25
17
15
17
19
17
27
15
22
17
24
27
11
18
33
16
21
15
21
13
20
19
13
27
15
0
23
17
17
22
15
11
15
20
25
17
23
21
23
15
13
23
17
13
13
13
23
21
31
24
0
20
15
22
17
22
31
8
21
17
23
20
26
19
21
23
24
17
22
24
23
11
20
27
21
13
20
23
25
17
26
20
32
43
13
26
25
23
32
13
23
32
16
7
19
13
11
17
21
15
21
27
18
20
20
20
25
21
27
20
18
21
20
17
24
14
24
20
11
13
25
14
11
15
23
17
22
17
15
19
29
9
23
23
11
15
13
25
19
15
13
26
19
19
9
20
20
20
17
20
17
20
20
16
13
30
11
0
15
17
17
31
17
25
29
15
27
13
13
15
18
15
17
23
15
21
9
13
7
15
13
9
16
10
15
21
20
13
10
25
23
12
17
18
15
16
12
25
12
29
19
21
13
17
13
15
13
18
14
15
11
10
22
20
9
17
18
17
23
13
17
17
29
15
18
16
17
18
21
23
19
11
18
15
11
18
15
17
10
15
10
9
18
7
32
12
11
8
15
17
15
11
13
14
13
25
17
11
19
17
8
17
13
21
17
17
11
20
15
17
22
13
9
15
25
13
12
7
9
14
12
19
19
5
15
12
13
33
13
25
19
12
11
12
12
17
19
15
25
8
17
17
19
7
12
11
13
22
27
21
17
17
17
12
11
22
17
15
22
14
21
25
12
15
20
18
11
7
21
19
19
25
16
13
8
26
25
22
10
20
9
17
9
18
15
20
11
27
21
19
21
13
26
24
19
21
21
10
13
32
8
14
15
27
18
15
7
12
23
10
11
21
26
13
18
10
7
19
13
7
11
11
15
19
21
15
18
21
17
17
19
15
28
13
15
17
17
27
21
12
5
11
11
4
15
12
15
17
17
10
18
18
13
25
19
17
27
19
13
17
11
17
13
14
7
14
8
15
13
13
19
8
13
15
7
14
10
11
14
10
18
11
11
17
19
9
12
9
14
7
11
8
13
13
23
8
23
17
12
17
17
15
9
9
7
11
15
15
9
7
20
7
17
7
12
16
12
10
19
8
10
11
16
10
19
8
15
9
13
11
15
18
8
22
11
10
11
15
11
15
9
15
15
11
23
13
7
11
8
9
17
10
19
11
11
23
11
19
9
15
21
13
11
10
16
7
11
8
13
11
5
17
11
5
8
13
11
9
10
8
17
16
9
11
17
7
11
9
9
7
14
11
7
15
3
18
21
16
16
26
10
11
11
11
17
13
15
14
11
5
15
14
9
23
6
8
8
6
9
17
15
12
19
11
22
17
13
15
9
8
11
10
9
13
20
17
21
27
24
13
13
20
12
13
11
9
29
15
2
21
3
31
18
13
5
14
15
21
16
9
13
9
13
17
7
16
16
15
13
6
25
18
15
13
18
20
12
13
17
12
33
11
10
16
15
5
20
29
9
9
22
16
13
12
13
13
15
27
13
13
7
17
12
9
16
11
15
17
22
13
5
13
18
27
15
13
11
11
13
15
10
17
8
9
14
21
22
11
8
20
16
7
9
13
19
10
19
7
10
14
19
6
13
17
10
10
5
22
7
13
8
25
11
15
7
10
8
15
11
3
10
13
17
15
7
23
14
17
14
8
5
8
19
19
13
10
20
9
16
15
17
11
11
23
18
16
18
14
10
17
12
25
17
11
5
8
9
15
16
11
8
9
9
10
11
8
11
26
22
13
8
13
8
19
15
11
10
11
4
6
14
13
7
17
10
6
6
19
16
11
21
15
20
13
13
24
21
13
9
10
8
11
7
15
7
8
13
19
15
14
15
11
9
10
12
4
6
2
6
2
8
4
2
4
4
4
6
4
3
0
4
4
8
6
2
8
4
8
2
4
6
6
8
5
2
6
0
4
6
6
4
8
6
4
4
12
4
6
4
12
2
0
7
4
9
2
6
6
71
2
6
4
8
6
4
4
6
2
2
10
8
2
4
2
4
8
6
6
6
4
6
12
2
6
2
2
4
9
5
2
5
2
6
5
17
6
4
2
10
8
8
4
6
6
4
4
6
12
10
4
4
6
3
2
11
8
7
4
8
2
4
4
6
15
5
6
8
6
6
9
8
12
8
4
4
7
4
8
9
4
4
6
6
6
10
6
10
9
3
17
4
12
9
7
10
6
4
5
6
4
10
8
4
7
4
4
9
4
5
7
3
30
8
5
11
9
12
7
6
4
4
2
8
6
11
9
5
6
2
3
4
11
2
8
9
8
8
6
4
5
4
0
5
8
2
7
8
7
8
10
7
6
7
14
6
12
6
9
5
6
11
0
6
7
7
2
4
6
4
2
4
4
5
6
5
8
4
9
6
4
6
8
5
6
8
27
8
5
3
3
4
4
11
8
2
6
13
8
6
6
7
9
4
12
2
6
6
12
4
12
2
8
5
8
7
11
6
15
6
12
10
2
7
4
4
6
6
6
8
8
10
8
17
11
9
11
14
11
8
12
8
5
9
6
7
7
16
22
10
5
15
7
13
22
19
27
16
16
16
11
22
12
25
13
23
11
20
11
14
14
16
10
7
13
25
11
38
14
23
11
13
19
16
16
19
18
15
11
13
15
13
13
18
19
9
13
23
12
16
11
31
11
13
16
7
17
9
13
18
11
20
20
16
21
17
19
12
10
9
7
13
21
26
17
24
26
11
11
20
13
15
19
10
15
5
15
31
11
12
8
8
14
18
20
13
9
6
13
9
9
16
22
12
13
17
9
9
18
11
13
17
10
13
10
13
11
10
9
11
11
6
16
5
13
13
15
19
11
15
13
11
11
11
11
4
13
17
10
19
12
11
15
11
15
10
19
6
17
14
7
12
11
9
7
8
23
13
20
21
21
13
16
9
23
16
16
18
8
14
18
15
16
12
11
16
17
50
48
20
15
27
17
18
13
5
14
11
9
8
14
11
7
12
9
15
11
13
9
11
10
11
18
14
11
18
6
8
11
28
8
5
12
17
16
8
18
16
17
12
11
9
13
13
13
5
19
7
6
11
7
9
9
21
15
15
10
5
8
17
7
11
9
8
9
9
7
10
7
3
7
7
12
13
8
25
9
13
9
9
7
14
19
22
11
3
10
17
14
12
10
