0
0
0
0
0
0
0
0
0
0
0
0
0
0
0
0
0
0
0
0
0
0
0
0
0
0
0
0
0
0
0
0
0
0
0
0
0
0
0
0
0
0
0
0
0
0
0
0
0
0
0
0
0
0
0
0
0
0
0
0
0
0
0
0
0
0
0
0
0
0
0
0
0
0
0
0
0
0
0
0
0
0
0
0
0
0
0
0
0
0
0
0
0
0
0
0
0
27
13
11
38
10
12
13
31
12
11
11
10
14
19
38
15
10
7
14
9
17
14
17
17
14
17
15
9
19
14
11
12
17
14
24
25
14
29
8
5
13
12
3
11
5
7
15
14
12
11
9
14
11
7
22
8
15
14
12
17
12
10
11
13
9
8
14
30
8
13
14
10
18
32
11
8
15
9
11
14
13
14
8
18
8
9
16
27
26
12
13
22
20
12
14
29
9
24
6
37
12
13
10
11
14
17
8
23
16
13
13
23
12
12
11
13
18
10
23
15
32
16
16
23
15
14
13
36
10
8
23
5
19
8
33
12
10
11
6
14
21
11
13
25
17
13
8
6
12
21
20
20
22
15
23
17
8
23
39
15
12
22
19
15
34
20
19
31
23
12
30
8
10
13
26
24
19
23
25
18
28
28
13
15
11
22
23
23
25
19
33
10
1
16
18
8
11
15
4
6
12
12
9
18
9
9
12
8
0
11
9
12
6
15
8
13
14
9
8
31
4
13
10
12
9
8
10
17
5
14
17
25
11
16
16
49
13
0
9
10
15
12
24
25
16
8
28
13
16
15
17
39
17
12
27
17
12
11
9
8
13
9
7
34
12
22
14
22
44
8
12
24
6
12
11
4
11
8
15
14
42
6
9
11
24
16
9
22
8
34
7
11
6
6
22
15
18
12
28
15
15
25
20
10
4
21
11
9
14
12
24
13
14
8
26
5
26
6
18
12
7
24
9
21
8
16
12
9
10
8
14
7
17
9
15
15
9
19
14
0
5
16
19
11
10
10
21
19
17
13
39
6
17
6
12
8
28
14
8
12
10
6
11
30
11
16
10
12
19
6
30
10
1
13
12
10
9
6
8
42
12
17
30
10
11
9
8
15
7
11
22
22
18
19
14
7
35
11
9
21
3
8
12
5
27
16
12
7
13
13
10
31
6
8
10
10
7
7
23
11
12
33
13
0
0
0
0
0
0
0
0
0
0
0
0
0
0
0
0
0
0
0
0
0
0
0
0
0
0
0
0
0
0
0
0
0
0
0
0
0
0
0
0
0
0
0
0
0
0
0
0
0
0
0
0
0
0
0
0
17
16
15
33
9
8
9
11
10
22
16
12
21
6
12
10
9
8
13
10
22
17
15
10
21
8
9
22
8
22
9
10
12
16
16
10
12
8
13
17
7
8
12
21
13
13
19
22
13
16
16
21
7
13
11
16
15
20
18
12
14
10
14
8
5
22
15
16
11
16
18
11
8
21
15
20
8
20
16
14
19
6
12
14
10
21
15
26
19
11
8
16
13
17
12
74
18
10
12
42
17
5
15
12
14
8
15
9
15
14
24
11
8
12
11
12
14
16
28
19
9
12
14
11
6
8
10
14
2
43
33
13
17
11
9
12
2
7
11
14
18
14
12
11
7
14
10
7
16
7
9
6
16
15
18
8
15
9
17
27
9
10
5
10
18
12
12
3
8
10
15
6
64
8
6
14
15
13
12
20
13
16
10
20
7
22
11
9
18
9
11
10
12
13
16
22
9
6
8
12
20
16
10
9
13
6
38
10
9
6
38
11
16
12
11
17
17
12
22
38
5
6
10
17
9
15
10
20
16
7
12
16
12
9
22
12
10
22
9
14
15
16
9
14
9
3
11
1
17
21
20
16
18
9
11
14
10
11
9
8
10
11
10
8
15
9
12
21
7
10
11
12
19
16
21
16
10
16
22
12
2
8
14
12
10
17
12
10
30
33
12
29
21
33
26
30
16
28
10
29
25
24
12
23
32
14
31
14
33
31
18
28
31
21
39
12
23
34
34
26
21
33
30
27
34
27
34
30
16
19
7
18
22
13
16
25
20
17
14
15
18
28
21
26
24
20
24
27
17
15
19
22
25
37
3
26
29
17
19
20
16
9
12
7
29
27
99
20
34
23
33
30
7
12
23
7
25
29
21
27
28
19
30
20
20
22
26
10
15
33
15
29
28
14
16
13
26
37
18
37
29
17
34
12
32
22
16
31
37
29
29
33
32
34
15
22
16
34
29
29
29
32
36
33
12
23
18
28
28
33
12
22
35
19
23
10
13
31
30
28
15
18
24
31
19
19
36
17
20
30
28
20
27
18
34
35
36
15
32
38
12
25
17
28
26
19
23
24
18
23
34
25
15
23
25
25
23
17
12
32
19
33
28
35
0
19
18
10
28
28
13
28
14
22
14
20
29
25
34
16
16
35
30
21
24
19
24
36
18
23
18
17
28
28
28
14
31
27
33
31
22
26
25
33
21
29
22
33
25
34
10
21
11
20
25
32
8
15
32
24
31
24
20
29
23
15
15
27
24
28
22
10
12
16
20
27
18
27
24
10
26
24
11
31
31
28
28
17
37
31
32
22
14
24
12
33
29
25
28
13
28
15
20
10
22
21
33
30
19
0
15
35
23
19
17
20
27
23
19
16
28
20
26
26
13
18
19
27
27
32
25
20
25
12
21
28
14
29
17
10
26
17
20
20
28
35
27
28
16
25
13
19
21
17
19
13
20
16
30
24
26
9
15
10
18
19
32
29
19
22
25
21
24
27
24
26
29
30
27
38
19
21
19
20
13
26
26
13
19
16
25
30
28
9
25
32
29
15
19
30
13
14
18
18
13
25
18
27
28
22
19
28
39
14
5
33
24
17
24
34
26
29
20
29
32
25
17
38
24
35
22
30
28
19
24
30
28
25
38
33
20
27
32
31
35
29
19
15
16
0
20
26
31
44
33
34
52
48
4
23
19
16
21
9
14
21
23
30
12
12
17
29
20
23
26
32
18
31
22
16
29
16
28
32
2
17
12
10
16
16
26
22
12
15
21
28
15
27
27
28
26
22
24
35
29
14
10
17
29
20
18
14
16
25
33
11
24
16
29
21
27
9
30
23
27
15
22
32
19
30
21
27
28
25
27
24
24
23
16
7
14
20
19
22
22
3
21
10
14
25
19
24
24
9
15
13
15
16
18
23
21
22
4
19
16
15
17
9
23
11
21
10
18
21
14
29
12
33
18
16
22
28
16
21
