89
8
6
10
4
8
6
6
2
4
70
2
8
6
6
8
21
8
10
8
8
8
6
8
4
6
4
4
10
6
8
4
7
11
8
2
2
4
8
6
8
6
2
6
6
6
4
8
6
2
4
6
8
4
6
10
10
10
6
8
8
8
10
8
4
8
9
12
12
6
10
10
10
4
10
12
8
4
8
4
8
10
4
2
4
8
4
2
10
6
8
8
6
4
6
10
4
4
8
10
2
4
4
6
4
8
6
6
8
2
6
6
2
6
4
8
10
4
4
10
8
12
8
12
6
6
6
12
23
8
8
11
10
6
10
10
6
10
6
8
6
5
8
4
8
10
12
8
10
11
4
6
10
6
6
6
10
8
11
6
11
16
4
8
6
6
8
10
10
10
10
10
12
8
10
10
6
8
10
10
10
8
8
8
10
14
15
16
15
10
20
10
12
12
11
16
8
6
8
10
12
12
19
15
12
12
10
6
6
10
8
8
6
10
7
8
6
9
4
14
18
7
10
10
14
11
11
8
8
10
8
12
12
8
8
10
6
8
8
10
8
4
8
11
14
8
12
4
8
8
14
6
12
8
10
12
10
10
12
12
14
11
8
8
4
8
6
8
6
14
10
12
5
32
18
8
6
8
10
10
8
10
8
16
13
6
4
6
4
4
6
6
6
8
6
4
10
8
6
10
8
8
4
4
6
4
6
4
6
6
4
4
6
8
6
6
8
10
6
6
4
8
6
8
12
8
6
8
4
8
4
6
4
6
6
6
4
6
8
4
6
7
8
4
4
6
6
2
4
6
10
6
8
10
6
6
6
8
6
4
2
6
6
4
10
6
4
4
2
8
6
8
8
4
4
2
2
4
2
8
6
4
4
2
4
4
2
2
4
6
4
2
6
2
4
4
2
4
6
6
4
2
2
4
2
4
7
8
6
5
4
4
8
2
6
4
4
4
8
6
12
7
6
4
2
2
4
4
4
6
4
4
4
2
2
6
4
4
2
4
6
5
4
6
6
2
4
4
2
2
10
8
6
4
8
4
6
4
10
10
6
6
4
2
0
4
4
6
8
4
2
4
6
4
12
4
4
6
8
8
6
6
10
6
8
4
8
4
2
4
11
4
4
4
4
6
4
8
6
12
11
10
8
4
6
6
6
4
8
8
6
6
8
4
10
8
4
4
8
6
6
6
4
4
6
4
4
6
4
4
5
6
6
4
2
4
4
4
10
6
4
10
6
6
8
6
4
4
4
6
2
6
8
4
4
6
4
12
4
18
8
4
8
6
6
4
6
8
4
10
6
6
10
6
10
2
10
8
5
4
8
6
8
8
4
8
4
8
8
8
16
12
8
4
4
8
10
8
4
4
6
6
8
6
4
8
6
4
6
8
6
6
6
6
10
6
4
4
10
4
10
6
10
4
6
10
8
6
4
5
9
5
8
6
8
12
4
17
8
6
8
7
14
8
10
6
17
8
8
11
8
13
12
19
6
8
8
6
2
9
4
10
12
6
6
6
4
8
8
10
13
4
10
10
8
10
6
12
9
12
6
6
8
12
8
8
8
4
10
8
10
8
10
8
11
13
8
17
10
6
8
14
18
6
10
8
6
10
11
8
13
15
9
10
10
10
4
6
8
13
14
5
12
12
8
17
12
8
13
8
12
14
8
8
10
6
13
6
8
13
8
12
15
8
12
8
4
12
7
7
10
44
13
5
12
16
19
10
6
14
11
7
12
20
15
6
10
15
8
8
10
18
6
7
10
8
10
31
12
15
11
10
12
7
8
8
15
12
21
17
11
7
12
6
10
10
6
2
6
16
6
9
10
17
16
6
4
2
4
2
12
4
0
4
2
2
0
6
4
4
0
8
2
4
2
2
2
6
4
2
2
2
0
2
4
2
2
6
4
2
4
8
4
4
2
2
2
6
0
2
0
6
4
4
2
4
4
2
4
2
4
4
0
4
6
6
2
2
2
2
4
4
4
2
2
2
4
10
8
8
4
2
2
6
6
4
6
0
2
4
2
2
2
6
6
6
6
6
6
4
6
8
4
8
4
2
2
8
2
6
2
6
2
6
4
2
2
2
2
6
0
2
0
2
4
4
2
6
4
4
2
2
2
2
2
0
4
2
6
2
4
2
2
2
2
2
2
4
4
2
4
0
2
4
0
2
2
2
2
2
0
4
4
4
4
2
2
4
0
0
6
4
2
4
0
2
2
2
0
6
4
2
4
4
2
2
2
4
2
2
4
2
6
6
6
2
6
8
4
8
2
2
0
4
2
4
8
0
6
2
2
2
8
6
2
2
4
2
2
2
4
4
2
2
2
0
6
0
4
4
4
2
2
4
4
8
0
4
6
6
6
6
6
6
76
6
4
2
6
4
4
2
0
2
6
2
4
0
2
2
2
4
4
0
0
2
2
2
2
6
0
2
6
4
6
0
0
4
4
4
0
0
2
2
4
2
2
2
2
4
4
6
4
2
6
6
2
4
2
2
2
6
4
6
4
2
6
2
4
0
2
2
6
8
4
2
2
4
2
6
4
4
2
2
0
2
2
2
2
2
2
2
8
2
2
2
0
2
2
4
2
2
2
4
2
2
4
4
2
2
2
4
6
2
2
8
6
10
4
8
4
8
4
8
6
14
8
6
16
8
10
6
10
4
6
6
4
6
8
4
10
15
4
8
8
4
10
10
6
6
8
12
6
10
14
16
22
12
10
6
10
6
8
6
10
10
8
6
8
14
8
6
8
8
4
6
4
6
6
12
14
6
18
8
8
4
2
6
8
10
8
12
4
8
4
6
6
8
4
8
10
8
8
4
8
6
4
6
4
9
4
8
8
6
8
8
6
22
10
10
10
6
6
10
6
10
10
8
12
16
10
14
8
8
12
8
6
6
2
4
10
9
8
16
8
10
10
4
6
8
6
4
12
6
8
13
6
4
8
21
6
8
10
8
10
12
10
6
6
10
10
4
10
10
10
8
25
6
4
10
14
6
6
14
14
2
19
10
12
8
10
2
6
6
10
8
6
2
10
8
6
6
8
6
4
10
4
8
4
8
4
8
10
20
10
12
8
6
8
6
4
8
6
4
9
10
4
8
14
4
6
10
16
8
8
18
6
10
14
6
6
92
8
6
8
4
10
6
8
6
14
11
16
12
4
4
8
8
6
10
4
8
25
6
6
8
6
10
6
6
6
12
6
4
6
4
4
10
10
2
8
2
10
6
4
8
14
8
4
4
4
6
2
10
4
6
8
10
4
10
