25
0
18
3
28
1
25
36
25
1
35
39
62
37
5
6
40
40
14
20
50
37
39
41
1
40
32
38
38
0
26
25
19
29
23
20
37
5
62
37
3
16
36
34
29
21
22
14
33
14
40
26
15
14
38
23
39
5
16
3
17
23
22
1
20
24
38
1
21
29
32
6
21
30
22
12
26
25
0
17
33
1
25
10
17
14
22
1
19
21
14
32
20
29
34
19
26
25
7
17
27
9
29
32
21
10
39
43
28
27
32
39
0
34
18
3
27
20
0
21
26
18
10
18
3
19
34
40
0
12
12
15
14
14
1
18
18
31
11
23
29
0
19
0
13
0
34
16
25
1
21
42
18
14
17
12
14
1
14
31
22
15
34
26
27
5
15
0
34
1
10
1
38
22
3
27
30
18
9
4
23
25
53
1
0
14
30
25
26
1
20
6
40
0
20
37
0
22
12
19
1
6
16
16
15
14
0
22
14
30
0
20
20
3
20
20
19
1
18
12
3
0
1
26
1
19
24
3
24
27
10
13
1
29
24
15
17
22
24
13
10
28
16
26
12
3
1
14
0
6
25
28
3
30
3
24
10
30
3
15
14
1
29
12
0
29
30
30
19
3
1
14
9
12
1
28
31
9
13
21
17
8
0
30
31
22
0
2
1
38
15
8
22
20
1
26
3
3
17
0
15
32
12
13
1
25
17
32
0
36
17
43
28
19
12
29
17
0
20
17
23
20
0
14
20
0
40
20
1
34
49
18
37
4
23
19
38
14
0
31
1
29
28
28
11
26
34
0
17
32
14
0
50
37
34
0
17
3
22
0
35
0
31
41
35
1
31
40
15
26
33
14
29
1
16
42
0
0
30
22
0
8
38
34
0
14
23
0
0
0
40
0
40
21
21
0
38
1
19
40
1
33
13
34
1
27
21
33
38
16
12
13
20
28
21
27
38
25
41
34
1
13
0
0
23
24
39
30
21
36
19
29
24
35
38
0
14
21
36
7
21
37
25
0
27
35
0
23
17
19
31
19
31
30
36
32
21
32
15
3
21
20
0
0
28
55
34
15
40
28
29
1
48
38
18
5
1
25
30
1
52
37
25
20
23
0
15
18
24
0
49
18
40
0
21
48
24
31
23
24
3
18
35
0
22
5
56
0
7
35
1
0
36
0
0
37
22
0
28
36
18
30
29
21
3
22
35
35
0
12
53
3
0
15
29
5
20
3
1
23
22
30
1
1
1
1
33
0
21
18
38
32
28
27
21
22
1
44
16
24
32
31
38
0
0
26
0
13
38
27
32
33
32
20
24
3
37
0
1
28
18
0
20
27
0
16
32
1
14
31
12
19
0
21
35
19
25
24
15
13
15
0
0
18
17
25
1
34
35
12
19
10
13
0
8
26
24
30
35
18
29
24
0
25
20
28
1
38
33
1
7
1
23
8
21
24
0
23
17
12
22
9
23
40
3
8
36
35
36
30
10
1
39
21
0
29
34
32
40
29
0
27
5
0
24
29
3
11
25
39
38
17
15
23
0
25
0
29
20
15
21
1
22
24
6
15
23
23
9
10
30
38
22
39
1
25
21
0
25
19
4
36
0
24
22
1
33
0
10
1
12
1
17
37
33
0
30
31
27
16
20
5
7
5
25
26
20
19
23
14
35
26
16
15
30
3
15
18
17
3
11
24
17
12
7
1
13
16
32
23
20
39
0
29
21
41
18
17
22
24
1
34
0
3
15
14
18
26
21
0
9
25
0
19
28
0
22
26
10
0
16
23
29
14
21
25
27
18
1
14
37
1
11
21
33
16
1
12
12
12
1
18
1
9
0
1
16
31
35
0
35
26
30
34
24
12
16
32
3
29
31
16
14
16
16
25
1
21
10
26
3
14
4
23
23
0
13
1
21
13
3
1
21
1
22
23
1
41
29
5
17
14
0
24
14
36
4
17
33
35
11
1
15
19
30
0
0
3
31
3
0
1
42
43
1
0
1
0
0
0
0
2
27
13
5
1
3
3
0
3
5
34
3
0
1
0
0
5
16
24
0
0
1
0
3
0
0
1
5
3
21
7
3
35
1
1
5
0
6
1
53
5
0
0
1
1
11
1
0
0
10
1
5
1
3
33
0
0
24
0
4
5
0
1
1
3
5
0
40
0
0
29
26
5
0
14
1
0
37
1
39
0
0
3
3
3
0
1
3
0
9
21
16
11
1
1
53
0
1
1
1
0
0
0
0
1
1
0
17
11
0
0
1
0
3
26
1
58
5
54
0
3
0
34
4
4
0
29
1
5
3
0
0
5
0
5
5
5
29
0
19
16
27
3
5
1
0
18
35
5
27
24
0
1
50
0
3
1
1
15
15
51
10
30
14
35
1
0
0
28
20
1
0
16
16
26
26
16
0
1
26
0
27
27
29
32
0
3
49
0
5
0
11
16
18
1
1
0
3
42
43
0
3
1
22
35
3
18
35
1
18
52
5
0
23
3
0
1
19
3
1
5
29
30
50
1
10
26
3
31
11
5
20
25
6
0
3
0
5
5
20
3
39
18
0
3
0
26
25
1
6
16
23
0
3
1
0
13
17
14
6
3
37
1
3
1
1
18
23
36
0
0
18
0
3
0
10
0
1
1
0
0
22
23
0
5
3
1
0
22
0
3
7
3
22
1
67
1
0
29
1
1
71
0
29
0
0
43
1
0
16
51
0
1
42
0
0
1
0
43
0
11
39
0
9
20
35
49
46
0
1
1
1
0
1
0
0
0
50
1
0
5
0
0
1
7
0
3
0
19
0
0
1
53
1
0
53
0
1
0
14
1
0
5
3
0
0
1
0
14
29
0
1
1
0
0
3
1
0
0
45
13
1
0
48
1
1
1
26
0
1
41
49
1
27
0
1
0
0
1
29
1
3
1
5
11
3
0
0
20
0
41
18
30
5
28
1
1
16
1
0
0
16
5
1
52
0
3
52
1
3
1
0
26
33
5
1
46
3
1
9
1
0
30
18
14
31
0
45
14
5
31
0
0
0
1
1
26
17
38
0
0
20
26
0
0
42
0
50
1
3
0
1
1
29
1
21
29
3
20
21
0
1
0
3
28
30
1
45
38
3
3
0
0
25
0
36
24
1
43
0
0
18
0
0
1
1
1
0
1
24
22
5
47
14
1
0
3
33
35
0
0
0
50
0
0
3
0
25
4
13
11
0
3
3
3
5
0
43
0
0
1
1
0
28
0
1
23
1
25
1
49
5
1
1
0
7
1
15
49
