7
0
1
3
3
5
3
3
1
3
6
3
1
0
5
5
1
3
1
3
1
3
1
3
0
5
3
1
5
1
0
3
1
1
3
1
5
21
1
0
35
3
3
1
50
3
1
0
0
3
1
3
0
3
1
1
3
0
7
3
36
5
5
0
0
1
0
1
1
1
3
0
0
1
1
44
1
1
19
1
0
1
0
7
0
5
3
3
1
3
1
3
3
5
0
0
7
3
1
1
0
3
3
0
3
1
1
1
5
1
7
44
1
0
3
1
1
0
9
3
3
1
1
3
1
0
5
1
0
3
1
3
3
1
3
1
0
3
5
3
5
1
3
1
5
5
3
3
3
1
3
4
45
3
3
1
3
3
3
1
3
5
1
1
3
1
7
6
1
5
50
3
1
7
1
1
3
1
3
3
1
3
3
0
4
3
3
3
7
1
1
0
3
3
1
44
3
1
5
3
1
0
3
5
3
14
3
1
1
1
1
0
1
3
1
5
5
5
3
3
1
3
1
1
1
3
3
3
3
1
5
3
0
5
3
1
1
1
1
3
1
1
3
1
12
1
3
5
1
5
1
5
1
3
5
9
10
1
3
3
3
1
1
3
5
3
1
1
1
6
3
1
3
0
1
3
1
3
3
1
3
0
1
3
3
0
1
3
1
3
3
1
3
1
5
0
5
3
6
5
0
1
3
3
1
0
3
1
3
3
3
3
1
3
5
6
5
0
3
3
1
0
1
3
1
7
5
5
1
8
0
1
0
1
7
0
5
3
3
7
1
0
7
0
1
50
1
1
6
8
5
3
3
0
5
1
1
3
5
1
5
1
48
5
3
3
5
3
3
1
1
1
1
1
1
1
3
3
3
3
1
3
0
5
3
1
1
0
0
3
3
45
0
1
0
3
1
6
3
30
1
1
1
1
0
1
8
1
0
0
1
1
3
0
1
5
1
0
7
1
5
47
5
3
32
1
3
3
3
1
3
3
1
5
1
0
3
5
3
3
9
1
0
1
1
3
3
5
0
3
3
3
1
46
3
3
1
3
1
5
4
3
1
1
3
3
1
7
3
0
0
1
5
3
3
1
10
12
9
1
5
3
3
3
5
1
1
3
1
4
3
1
3
5
3
1
3
0
7
5
1
1
1
3
1
3
3
1
3
1
9
46
3
0
44
3
1
0
5
3
1
3
3
3
3
3
3
3
3
1
7
1
3
3
1
1
1
3
1
3
3
1
8
1
1
4
1
1
7
0
5
7
3
5
3
3
4
1
1
3
0
1
5
1
1
3
9
3
3
7
3
3
3
5
5
1
1
3
5
3
3
0
3
3
3
3
1
1
1
3
3
3
3
1
1
5
1
3
3
1
1
3
7
1
3
3
3
1
3
3
3
3
1
1
1
3
5
1
3
3
3
3
1
1
3
3
5
3
3
1
5
1
1
0
1
11
3
1
5
1
1
1
5
3
3
1
3
0
3
0
3
3
1
1
3
1
9
0
0
53
1
1
3
3
1
3
0
0
3
1
9
3
3
0
3
0
3
3
0
1
0
0
0
1
1
1
3
0
1
1
1
0
0
3
1
1
3
0
0
1
3
1
3
3
3
3
0
1
0
3
3
42
3
3
5
3
1
1
1
3
0
1
3
0
1
3
0
9
3
5
5
3
1
5
1
1
1
43
1
7
3
1
3
5
1
3
3
3
3
3
1
0
1
3
1
3
1
1
0
1
1
1
1
0
1
3
3
1
4
0
1
3
1
3
3
3
5
1
14
3
1
1
5
1
11
5
1
5
0
1
1
1
1
0
0
3
1
5
1
5
1
3
3
1
5
3
1
3
0
3
0
3
3
1
3
5
1
3
3
3
1
5
5
10
1
3
3
3
1
3
12
7
3
7
3
0
0
1
3
3
3
3
3
5
3
5
5
4
3
3
1
1
3
1
4
1
1
3
1
0
3
5
0
1
4
1
1
3
3
1
1
10
3
1
1
5
3
5
3
1
3
1
3
1
1
3
0
3
3
5
3
3
3
3
3
3
5
0
3
3
3
5
0
43
3
1
5
11
3
3
10
5
3
3
3
3
3
3
10
1
3
1
7
1
3
1
27
1
1
0
1
0
1
0
5
45
1
3
3
5
1
3
3
0
3
3
1
1
3
3
3
3
0
3
3
1
5
9
7
3
1
0
3
0
1
3
3
3
3
1
1
0
1
3
1
30
1
1
3
3
1
1
3
5
1
1
3
1
4
3
1
1
3
1
0
3
1
1
3
1
3
3
3
4
3
1
1
3
3
41
1
3
3
3
1
5
1
3
3
1
6
39
6
0
1
3
0
3
3
3
4
1
1
3
3
1
1
3
9
3
3
6
5
1
3
0
3
1
1
1
1
5
11
1
5
3
0
5
1
1
0
1
1
3
3
5
3
6
3
9
3
12
1
34
3
3
1
3
5
5
3
5
1
5
1
1
3
3
5
3
3
1
0
1
3
3
1
3
3
3
5
3
3
5
1
7
3
1
5
1
1
1
5
0
3
1
0
1
1
33
1
4
1
3
3
3
1
0
5
3
5
3
1
1
3
1
1
1
3
4
5
1
1
1
3
5
1
3
1
1
1
1
5
5
5
1
3
1
5
5
3
5
1
1
7
5
7
5
7
7
5
1
7
3
0
5
7
5
1
3
1
4
3
0
7
3
0
5
3
1
7
0
0
5
5
1
7
1
9
7
1
3
1
1
5
3
3
1
3
1
3
1
1
1
1
1
3
5
1
8
3
3
5
7
3
1
1
3
3
3
3
3
1
1
3
0
3
3
3
4
0
1
1
1
15
5
10
5
1
3
3
3
5
1
3
3
3
11
41
3
1
1
7
39
1
1
7
3
7
7
3
3
1
1
5
9
1
5
0
3
5
3
1
1
3
5
5
1
3
3
1
5
1
6
7
1
7
5
7
1
3
3
1
5
7
5
1
5
7
3
5
0
6
0
5
5
3
1
1
1
1
1
3
3
3
5
3
3
1
1
3
0
0
3
3
3
7
0
3
1
1
3
0
7
1
1
1
1
0
1
3
5
3
1
0
1
3
7
5
0
0
5
5
1
3
5
3
3
5
5
1
5
4
1
1
3
1
1
8
1
3
3
3
1
1
5
5
4
1
3
1
3
1
3
3
1
3
3
3
3
1
1
3
6
7
1
1
35
1
3
1
5
1
3
3
5
3
1
12
10
1
3
7
0
1
5
43
1
1
1
7
3
33
1
3
1
3
3
3
1
