17
5
9
30
6
15
9
9
6
9
17
10
13
11
19
19
10
13
8
6
15
11
11
15
9
10
6
21
11
19
11
15
15
6
11
10
17
11
4
11
2
6
10
12
10
13
4
10
9
9
12
11
6
6
10
6
4
6
13
4
12
4
6
6
4
6
10
4
4
9
6
4
6
4
8
6
8
10
6
6
4
6
6
8
19
11
6
21
92
6
6
8
2
4
13
47
6
12
9
11
9
8
11
11
14
17
6
10
10
13
9
6
12
10
4
12
11
8
17
10
6
15
15
14
8
10
8
11
10
11
13
10
12
8
17
6
8
14
17
8
13
17
13
10
6
4
16
17
10
14
13
4
11
19
12
15
6
6
9
10
12
15
17
17
13
19
17
6
10
4
13
12
10
25
6
8
10
12
6
19
15
10
14
21
13
14
8
10
10
8
8
6
9
14
10
17
23
12
10
13
18
23
6
12
6
4
10
11
17
14
6
10
8
10
6
8
12
4
6
10
8
6
10
6
6
6
8
4
14
10
8
15
12
8
10
6
10
10
15
21
10
6
12
6
14
10
4
8
14
8
8
10
8
14
8
10
6
4
6
8
6
15
10
10
12
10
19
4
6
6
8
10
13
6
12
4
2
8
2
16
4
8
10
8
12
6
13
6
11
9
9
7
4
17
7
11
5
14
9
9
7
4
8
13
13
7
9
7
7
13
11
13
13
9
11
13
8
11
13
15
6
8
21
11
15
6
7
11
8
11
15
9
9
6
13
11
11
14
13
11
25
11
9
15
17
15
13
9
20
17
15
6
9
6
22
14
13
7
11
15
9
15
19
17
9
7
5
11
9
9
17
9
15
13
9
11
13
9
9
11
13
9
7
17
11
7
11
5
9
17
20
11
13
9
9
17
24
9
15
19
17
17
13
25
13
15
13
15
13
22
13
14
21
15
21
26
24
19
7
11
11
7
7
11
13
11
15
7
11
7
9
15
11
15
9
9
21
13
11
17
5
15
16
13
21
19
12
24
17
11
15
17
11
11
9
15
16
9
7
19
21
20
19
23
13
15
15
9
21
7
13
19
17
17
13
9
11
13
17
9
5
13
11
15
15
11
11
11
6
9
11
11
9
17
11
16
11
9
6
17
4
11
7
28
14
20
11
13
9
13
15
7
6
7
13
17
13
11
6
11
9
11
6
12
22
4
11
9
11
7
13
7
5
9
9
9
6
13
15
17
11
17
13
6
9
7
7
7
7
7
7
7
11
7
7
7
7
8
11
7
13
6
10
9
6
6
15
14
9
9
7
9
7
7
11
9
65
5
9
7
11
6
5
7
11
6
9
9
13
16
6
4
13
9
9
15
6
6
7
9
9
11
6
11
7
15
13
11
7
6
8
9
11
9
8
11
10
6
15
17
6
9
6
6
7
8
4
6
10
7
10
9
7
6
4
17
4
9
6
8
11
7
7
8
19
9
15
20
6
7
11
9
11
13
9
6
10
6
12
11
11
10
12
4
20
7
20
19
6
17
24
4
13
19
4
8
11
7
9
15
6
7
13
8
13
15
6
12
7
20
13
11
11
12
7
21
13
21
5
11
15
15
7
7
8
19
13
18
13
11
19
8
7
8
7
7
17
7
17
7
9
17
9
17
21
6
9
17
17
6
7
21
18
9
11
18
9
19
10
9
8
13
20
10
4
4
13
11
13
8
7
6
11
9
11
4
11
9
13
11
13
11
7
6
9
4
6
6
7
11
17
17
15
7
25
9
9
24
8
11
15
13
11
9
8
13
11
25
13
11
9
11
8
11
15
11
8
13
11
7
15
9
6
8
13
10
17
6
7
11
6
9
15
9
13
5
61
6
7
15
17
13
6
8
4
7
9
7
19
4
6
11
10
6
9
6
6
7
6
15
11
9
8
10
17
13
10
13
11
7
13
9
6
8
4
5
11
6
7
6
11
6
9
9
4
8
4
11
2
7
8
6
26
9
8
8
4
9
6
6
2
8
11
11
11
9
11
64
6
9
9
17
6
6
9
6
11
6
8
6
4
9
9
17
7
10
4
6
7
6
8
13
12
9
11
6
4
7
6
6
8
17
13
15
8
6
13
6
4
7
6
9
21
11
9
7
17
17
9
11
8
13
10
11
13
11
8
7
8
11
11
11
13
8
11
8
6
10
7
34
6
6
6
7
8
7
17
13
10
13
11
7
9
6
7
7
13
9
7
11
9
11
15
15
19
19
23
15
19
21
15
9
12
13
19
6
9
4
11
11
9
15
15
11
9
9
8
10
15
4
12
15
11
11
8
15
11
13
8
11
9
13
9
11
15
28
9
11
13
20
8
20
22
15
38
8
9
21
22
9
15
23
7
12
15
20
9
9
6
11
15
9
33
11
11
15
17
6
6
7
6
20
10
11
11
9
21
6
11
8
9
10
11
10
12
11
7
12
11
11
11
10
13
8
15
9
9
15
19
18
18
17
15
9
11
11
14
11
11
11
13
11
17
8
11
15
9
6
15
6
11
10
17
4
17
14
6
9
6
10
4
6
13
13
12
7
9
15
8
8
8
8
8
8
7
9
11
9
6
22
8
8
13
6
9
8
6
7
4
9
13
13
6
12
10
8
17
6
10
6
10
6
12
8
11
12
8
12
6
8
25
6
15
19
10
11
10
8
10
10
10
6
10
10
15
15
8
10
8
6
10
8
15
6
12
17
8
15
10
15
12
13
4
4
2
2
2
6
2
2
0
8
0
0
2
0
2
2
2
0
4
2
0
4
2
0
2
2
2
4
0
2
6
4
0
0
2
2
2
2
4
0
2
0
2
0
2
6
0
0
4
2
0
2
4
4
2
2
6
2
4
6
2
0
2
2
4
2
2
2
4
6
4
4
6
4
2
2
0
4
4
6
2
4
4
6
6
4
12
2
9
2
2
2
2
6
4
4
2
4
4
0
2
8
2
6
2
6
2
2
2
4
6
2
5
8
0
4
0
6
4
4
4
0
2
6
3
2
4
4
4
2
4
5
6
6
2
4
7
4
6
4
2
2
6
4
4
2
6
4
6
10
6
2
2
10
4
4
4
0
2
4
5
4
2
4
2
6
2
4
4
4
2
2
2
2
2
0
4
4
2
58
4
6
4
2
4
2
2
2
2
6
4
2
6
6
6
2
2
6
0
2
4
6
0
2
4
2
6
2
0
2
4
2
2
0
2
4
0
2
4
2
2
0
0
0
2
6
4
0
2
2
2
2
0
2
2
4
0
2
