4
4
8
33
4
6
4
2
0
8
0
8
8
4
0
2
2
8
2
8
10
14
4
4
12
6
4
2
8
6
4
10
12
12
6
0
4
4
4
4
12
6
8
4
2
2
2
4
8
4
4
2
8
8
2
6
8
4
18
16
6
14
12
20
10
10
27
8
8
14
12
23
8
12
16
12
10
16
10
45
14
18
8
14
22
14
16
16
22
10
18
12
12
13
21
19
35
23
12
21
31
22
35
20
24
8
26
10
14
14
12
14
16
16
20
14
8
14
20
22
14
4
10
10
16
8
22
8
22
20
6
35
14
14
19
15
29
20
6
12
22
22
13
25
19
18
29
23
24
8
26
18
16
21
10
14
29
22
25
22
28
18
27
22
29
33
19
22
25
19
14
31
12
27
29
57
18
21
12
10
6
4
14
8
0
6
8
4
2
6
2
8
10
8
8
2
8
8
10
8
4
4
2
2
8
10
6
8
8
0
8
8
4
6
4
6
6
8
6
4
8
0
4
8
4
8
4
4
6
8
4
6
10
10
4
12
6
8
2
2
6
10
8
8
4
6
4
6
2
8
4
4
8
2
4
6
8
6
6
8
6
4
4
4
4
8
2
2
2
6
8
6
4
4
2
6
2
4
4
4
8
0
6
6
4
8
10
2
2
4
0
8
4
8
8
13
0
0
2
8
2
6
8
4
4
2
2
2
8
4
6
13
8
4
8
8
2
2
7
10
2
10
6
12
6
10
8
4
6
8
2
4
4
4
12
2
14
4
8
4
6
16
6
8
2
6
10
15
8
9
8
10
10
8
12
13
6
10
6
8
12
8
12
9
12
6
10
10
10
12
6
14
14
16
19
6
14
17
10
6
6
12
12
16
10
8
12
8
15
14
10
17
12
15
10
10
12
9
4
23
10
8
14
10
10
15
10
10
23
10
10
14
13
15
18
16
11
15
15
19
10
12
18
10
4
10
13
10
10
17
13
17
15
14
21
29
21
12
10
11
10
8
19
6
14
21
27
12
6
6
5
17
8
16
21
0
6
8
16
14
14
14
8
19
14
11
6
12
15
13
17
12
8
23
12
13
35
18
12
14
14
14
12
14
27
6
17
17
6
18
19
6
11
6
12
13
17
19
12
9
12
20
18
13
17
6
10
4
10
6
18
15
10
15
8
17
12
14
8
18
13
8
21
10
18
24
16
23
12
12
10
16
14
13
14
15
13
12
19
23
23
6
21
12
21
8
17
23
25
22
25
23
19
15
16
18
29
14
9
12
10
4
7
23
14
23
19
10
17
13
8
27
16
10
18
10
10
6
15
6
4
11
15
8
10
8
8
4
2
6
4
4
2
4
12
2
2
6
14
10
6
10
8
6
6
4
6
4
7
4
4
12
14
6
6
8
4
6
2
2
2
4
8
8
20
15
14
6
13
14
10
10
12
8
6
10
8
14
10
6
8
10
6
16
13
15
6
10
6
14
15
9
12
10
13
13
13
10
12
12
6
12
15
8
10
10
4
11
31
15
6
9
6
12
10
16
10
14
6
12
19
12
10
8
12
11
10
14
15
10
12
8
8
11
15
19
15
10
21
15
10
10
9
9
12
23
12
14
8
19
16
8
10
13
13
11
4
21
11
21
19
11
15
9
27
19
6
9
6
10
13
8
11
8
8
17
13
10
9
6
4
21
14
21
21
56
17
4
6
17
10
10
6
22
15
4
10
17
4
7
16
10
13
10
17
17
13
21
8
8
19
15
15
6
16
25
12
15
27
13
14
12
11
15
12
9
6
12
21
6
21
18
19
8
8
9
9
16
12
14
12
16
8
25
9
14
11
6
8
10
12
8
2
9
10
6
10
12
4
14
10
4
4
10
8
8
4
4
12
8
11
14
6
2
6
10
8
11
8
8
6
4
16
10
2
10
0
23
4
6
10
6
8
4
6
8
12
0
10
10
6
2
8
8
17
7
13
15
19
15
7
34
12
14
17
11
15
5
7
13
11
9
6
13
9
11
15
17
9
6
6
15
15
9
7
13
17
0
0
7
7
6
19
6
6
21
15
11
9
13
13
8
9
5
6
4
6
8
11
11
6
9
7
6
2
9
8
8
14
8
6
7
18
11
13
13
10
29
14
4
7
7
11
8
17
7
6
17
6
11
4
13
6
11
11
6
8
8
12
10
8
6
9
8
10
8
8
9
4
7
21
8
15
8
9
11
11
10
8
6
11
6
4
17
17
9
15
8
8
4
11
16
23
13
7
26
14
6
7
11
9
11
11
8
21
8
15
13
9
15
11
7
14
7
21
4
15
8
2
11
10
11
17
11
15
11
11
13
10
11
11
21
8
9
11
11
8
8
17
9
23
11
13
7
15
32
14
11
13
15
13
25
15
7
7
11
14
17
16
7
7
7
30
18
13
6
15
25
16
13
9
17
7
21
13
6
17
8
9
10
14
9
15
9
11
8
8
12
4
11
8
10
4
15
6
13
6
8
5
11
11
6
6
8
8
6
9
8
2
7
6
9
9
4
6
2
17
11
4
12
4
4
6
4
2
7
2
0
8
2
0
6
6
2
4
4
0
2
2
2
6
8
6
2
4
0
0
6
9
6
0
6
6
12
2
11
4
7
9
7
6
6
9
9
8
8
4
8
4
8
9
0
10
4
10
12
11
9
4
7
7
12
13
13
24
11
8
6
6
7
8
13
9
16
11
12
12
12
7
21
15
17
17
9
13
8
8
6
15
15
5
19
6
11
13
4
11
7
9
12
14
14
7
13
19
16
13
13
13
16
29
11
13
12
16
26
15
9
7
8
14
17
24
11
4
12
15
18
9
17
23
8
24
5
14
7
15
8
11
12
7
15
10
15
11
15
15
11
19
7
15
21
24
18
11
11
4
27
4
9
11
8
17
25
8
6
4
15
16
13
8
13
6
13
8
4
15
6
15
13
9
6
20
9
23
8
13
7
4
9
4
12
17
15
14
17
15
17
4
11
17
15
8
15
6
8
26
9
7
7
19
13
10
13
11
7
4
11
9
17
15
13
6
5
19
11
19
15
14
26
13
9
9
10
10
15
9
32
8
6
21
9
9
6
4
4
11
8
8
8
19
2
6
10
5
6
6
11
8
15
6
11
6
4
7
7
10
8
6
3
7
2
6
11
13
6
9
0
8
4
7
13
8
9
13
8
4
6
7
4
11
6
4
15
10
11
6
4
7
4
19
2
6
5
9
10
8
11
4
4
6
4
10
4
5
9
14
7
4
12
