32
30
30
22
34
30
28
34
25
33
19
18
20
37
29
38
20
25
32
42
29
23
26
30
26
31
29
69
45
36
30
22
20
26
17
16
21
28
29
19
24
37
3
34
32
28
21
22
29
27
27
30
33
23
19
31
27
24
28
13
34
23
20
31
34
20
40
29
15
21
30
10
32
35
31
20
20
21
34
28
32
32
23
28
26
44
23
33
41
37
33
30
29
17
25
50
27
23
25
43
46
46
28
31
26
20
20
25
30
44
23
34
39
51
34
37
45
22
22
28
26
23
25
32
42
26
27
28
25
27
24
28
24
25
23
29
39
35
2
28
26
26
29
31
26
29
24
31
41
36
35
33
21
19
31
25
20
26
28
25
45
25
45
42
37
22
31
35
29
24
28
46
41
43
31
27
44
28
34
43
87
38
30
27
42
39
40
26
40
33
25
28
25
35
25
31
43
21
6
34
20
20
20
29
28
44
32
22
41
12
36
24
29
22
27
30
27
31
32
43
24
33
30
35
27
30
30
29
20
23
21
38
0
30
28
24
23
21
23
42
39
23
23
38
24
31
27
21
26
24
31
34
28
53
61
37
40
42
39
25
32
17
21
24
26
29
14
47
35
30
35
26
21
22
25
21
53
27
33
35
30
29
42
34
18
24
25
22
27
20
12
32
15
72
36
37
27
32
41
13
23
24
20
15
0
27
28
27
32
24
34
32
38
29
25
41
36
59
25
26
31
41
32
52
31
34
44
49
28
33
28
23
23
26
31
46
27
41
44
20
39
21
32
21
18
15
28
39
34
48
36
36
31
26
30
27
37
22
32
35
31
43
35
38
16
43
34
19
32
41
23
24
35
60
18
44
30
39
22
29
17
23
25
24
38
35
41
20
36
31
21
31
20
28
44
27
34
33
45
43
24
23
21
31
25
18
39
31
32
39
45
35
34
32
27
27
23
23
49
22
36
49
40
26
61
38
29
25
25
31
44
43
31
38
44
49
33
24
28
28
30
27
28
31
16
38
52
28
23
38
33
22
22
27
21
26
26
12
39
47
26
22
23
36
23
56
34
40
0
28
25
34
29
38
26
20
22
20
30
23
33
58
32
24
28
31
29
30
28
20
32
29
29
39
30
30
35
23
27
26
15
45
34
66
22
24
26
0
20
27
27
34
25
19
22
15
31
34
35
32
17
43
25
28
14
40
17
29
21
35
49
33
30
21
22
27
27
21
37
29
34
43
43
35
26
24
29
19
24
42
42
34
40
35
37
30
35
42
37
31
28
40
33
28
50
21
33
38
32
24
22
20
26
34
41
33
37
16
16
11
33
18
30
27
20
21
21
26
11
25
28
17
28
31
24
26
18
28
22
30
32
34
24
14
31
18
38
25
22
26
30
26
35
34
23
25
32
43
41
21
23
37
17
30
18
17
55
21
39
35
40
41
36
26
28
24
25
35
21
20
36
18
26
37
30
30
26
14
22
40
27
20
19
24
38
32
28
30
29
29
22
16
23
38
21
22
49
40
27
24
27
29
31
41
25
26
15
37
18
26
31
36
31
23
31
25
34
27
32
35
33
26
24
32
35
29
38
39
68
52
49
29
41
0
21
20
26
30
36
28
35
36
43
34
23
26
33
28
31
24
36
23
43
35
39
39
46
43
34
41
21
21
23
34
31
47
31
40
31
44
23
26
24
40
22
27
15
27
25
38
30
24
21
34
23
30
29
30
26
44
37
32
42
23
18
17
24
29
41
40
33
45
24
50
24
22
30
30
28
49
42
20
48
43
42
32
44
26
27
23
32
26
21
25
33
47
34
47
39
27
23
44
29
14
28
27
20
9
29
30
29
37
12
22
48
24
43
31
29
24
23
41
41
30
23
34
21
24
28
31
37
30
41
20
29
39
31
26
21
21
39
30
21
49
40
36
36
28
17
26
9
22
24
29
11
30
39
37
29
17
41
26
64
24
20
21
9
26
11
11
40
8
7
7
11
13
8
8
9
3
19
7
4
6
11
9
5
20
4
9
4
5
11
7
26
7
7
9
24
28
2
7
21
9
18
8
24
9
26
13
14
16
27
19
2
15
22
18
19
7
11
9
6
22
28
15
15
17
25
25
7
17
36
15
32
41
17
31
28
35
14
17
17
31
32
39
29
46
41
32
36
24
28
15
34
22
45
41
47
31
32
33
11
33
21
43
30
30
28
34
39
30
14
27
18
35
16
25
20
11
31
37
41
6
23
29
26
46
35
43
31
46
47
34
29
24
30
12
30
17
26
49
29
55
28
26
48
11
46
33
47
23
9
32
14
43
54
36
37
41
37
23
25
47
23
32
15
32
41
26
17
27
38
53
27
13
27
35
40
31
29
17
20
35
21
18
42
16
22
22
52
41
30
55
34
25
37
22
32
36
46
33
26
32
25
33
34
11
27
36
17
37
29
30
34
21
42
9
11
23
19
17
16
23
20
17
29
28
19
24
49
18
25
19
15
24
38
24
13
17
34
30
27
35
18
19
43
21
23
15
18
25
52
7
19
4
19
6
11
18
32
11
15
21
16
31
19
9
7
17
9
4
21
11
19
9
9
8
13
15
13
7
16
7
17
17
5
5
19
5
4
17
26
30
28
48
36
24
28
18
37
20
37
32
13
31
34
19
16
21
27
16
30
17
17
17
29
38
34
24
28
22
31
33
20
27
19
38
15
15
31
26
28
51
58
23
16
21
46
19
36
28
57
41
38
22
46
31
26
36
26
35
25
17
20
22
47
33
42
45
27
40
41
36
24
22
26
34
38
32
46
17
27
42
13
33
38
39
29
43
20
14
19
37
16
26
47
21
11
25
26
26
23
44
25
19
21
29
51
26
12
37
43
35
30
41
19
29
27
43
21
38
13
22
27
26
52
25
51
17
34
38
25
28
29
28
18
34
23
53
11
19
28
36
29
31
25
21
51
23
35
32
36
36
30
28
31
39
38
37
9
39
39
31
36
56
54
36
34
26
34
28
39
47
59
37
49
26
22
44
39
48
22
40
36
32
58
40
34
44
39
43
42
34
64
36
61
44
50
28
23
16
40
38
74
26
35
38
52
44
56
45
44
68
54
50
37
49
32
49
36
34
23
25
23
49
54
62
22
34
15
5
43
34
27
21
24
13
55
35
24
9
21
30
32
25
28
26
33
9
32
32
8
36
19
21
20
11
25
9
45
2
15
17
8
22
15
18
34
13
31
17
18
14
13
26
22
23
34
13
4
11
13
12
17
26
39
23
22
23
