25
11
4
8
6
12
6
12
7
21
4
8
8
16
6
6
10
14
6
4
13
4
19
10
8
12
8
12
27
6
13
9
8
7
10
14
8
8
21
10
6
8
10
8
10
14
12
10
10
12
10
16
12
13
17
17
6
16
16
2
17
8
10
15
21
52
16
19
6
12
20
14
31
15
10
45
10
10
8
6
14
32
23
24
25
26
22
13
27
12
11
31
15
19
14
23
13
29
12
6
14
29
30
25
29
13
14
14
8
28
12
14
21
15
13
35
31
16
10
27
21
15
23
29
33
35
26
41
17
23
19
39
12
10
14
16
14
14
52
8
39
19
35
23
16
37
10
62
8
27
19
41
27
8
35
8
35
43
31
17
15
9
10
8
12
39
45
25
21
35
39
8
19
16
14
4
15
8
52
29
25
50
12
37
8
27
37
21
8
29
31
39
12
15
37
8
21
41
13
7
23
33
13
31
12
11
9
8
23
10
10
16
27
13
9
29
12
21
8
29
8
21
22
16
8
27
17
8
32
19
16
31
17
8
14
25
6
19
8
14
12
10
27
13
12
12
19
19
21
23
31
27
15
13
19
27
8
8
12
27
6
33
25
25
21
17
12
8
10
10
23
12
19
6
8
14
8
6
29
16
23
11
35
21
7
6
23
19
8
15
10
4
6
10
6
8
4
8
2
4
4
10
4
10
6
4
6
4
8
10
2
4
13
6
2
2
6
8
11
17
6
16
8
12
19
4
0
2
2
8
9
15
12
8
14
12
6
10
2
0
4
6
6
8
4
8
6
16
8
8
0
2
2
10
6
4
4
6
42
10
14
12
8
8
8
21
10
11
4
25
8
13
14
8
4
4
4
8
10
6
10
15
2
2
6
11
8
10
40
11
6
8
12
8
12
6
6
9
6
2
6
12
5
4
9
8
6
10
8
4
8
17
6
19
10
9
6
6
14
10
7
12
12
6
0
14
6
10
4
8
10
10
11
15
8
8
8
6
6
21
10
13
10
17
12
10
10
13
5
4
8
6
10
15
8
4
12
8
8
19
27
8
7
8
8
5
14
8
7
13
21
10
4
9
8
19
10
10
15
12
17
10
14
15
11
10
8
13
6
8
19
8
13
9
17
4
8
11
6
8
25
14
12
9
10
11
13
16
10
12
13
15
15
17
19
6
6
12
14
14
4
6
6
11
8
12
23
14
14
12
8
8
15
7
6
8
9
10
11
14
8
8
12
14
13
5
11
23
14
7
15
10
12
10
0
2
2
13
12
10
13
15
4
4
4
6
15
10
6
10
10
6
12
6
10
9
10
10
10
6
8
12
14
4
10
8
4
6
2
10
8
4
6
12
2
6
4
4
4
11
4
10
4
5
10
6
4
5
14
6
10
6
14
6
10
8
4
6
6
10
5
10
9
6
8
8
6
8
8
8
10
6
7
6
6
10
6
8
12
6
13
8
6
4
6
6
11
6
8
10
6
8
15
5
11
4
8
10
4
10
9
10
12
10
6
10
4
14
12
4
4
2
10
4
6
6
8
17
4
10
6
12
6
12
8
13
6
8
8
6
10
6
8
6
6
10
10
15
5
16
10
10
8
5
8
16
4
4
8
8
4
12
8
17
6
21
2
4
14
9
6
10
21
10
6
12
10
8
8
8
8
25
17
6
15
10
21
6
16
10
8
10
21
21
16
8
21
4
11
6
23
17
12
21
14
14
19
8
17
20
6
10
10
31
4
14
17
10
15
19
6
20
14
18
17
8
9
8
19
7
12
4
4
23
5
16
10
37
6
10
12
6
6
17
10
6
17
10
8
8
13
18
14
15
6
12
10
4
17
8
17
6
14
7
7
10
10
14
8
10
10
14
8
14
16
12
11
10
12
9
11
13
16
12
8
4
10
6
6
14
10
4
15
10
15
6
4
4
4
6
12
6
8
4
10
4
10
38
13
6
10
12
8
6
12
12
10
10
6
17
8
10
10
6
12
4
12
7
14
8
6
8
0
14
12
8
12
21
8
50
6
6
8
8
6
4
4
4
8
8
6
4
8
8
14
8
8
8
9
14
5
6
4
2
4
6
7
2
6
4
6
0
8
8
6
6
6
4
6
5
10
2
5
6
9
10
8
4
2
6
14
4
0
8
14
6
6
10
8
8
9
10
6
6
8
14
14
14
8
8
8
6
12
10
10
9
10
8
6
6
10
4
10
7
6
6
10
10
0
8
5
12
8
12
8
8
12
12
4
17
6
10
10
12
10
8
4
7
14
9
12
10
10
4
9
10
8
8
10
10
14
8
10
8
10
12
10
19
8
6
12
2
6
12
10
8
16
9
8
8
10
10
13
12
14
14
15
11
10
8
6
12
13
9
10
12
8
11
10
7
8
12
8
10
7
16
12
10
2
8
8
6
12
6
8
8
8
4
10
6
8
8
2
6
9
4
5
8
4
10
4
8
6
4
6
8
2
8
4
4
10
6
2
6
6
6
6
6
3
2
10
8
4
8
7
8
2
6
10
6
2
8
6
8
10
10
8
62
4
0
4
4
2
8
2
0
4
2
0
0
0
2
2
0
4
0
0
0
2
0
2
4
2
5
4
0
0
2
4
4
4
4
6
27
6
2
6
6
10
10
10
5
10
4
6
8
6
9
13
10
6
12
10
12
10
2
9
12
14
8
12
6
4
2
4
8
6
14
6
4
7
4
6
8
11
6
8
5
14
8
10
6
8
12
10
10
6
8
10
6
8
8
10
8
14
10
8
10
10
14
10
17
6
9
6
12
8
8
14
6
25
12
16
12
12
4
8
4
8
4
8
12
4
10
10
10
9
27
14
14
8
12
14
17
7
14
12
4
17
8
12
14
8
6
15
8
14
25
12
50
8
16
4
11
11
6
25
10
15
4
5
14
4
12
16
6
14
10
12
12
8
16
7
9
12
12
6
8
4
6
4
19
12
42
14
14
15
16
11
6
8
4
15
10
59
19
10
12
14
21
14
8
8
10
15
10
16
6
16
10
16
14
2
12
10
8
8
4
10
4
23
10
10
12
8
13
8
12
14
6
17
17
11
4
11
10
17
8
6
16
12
6
17
6
2
16
5
11
12
9
10
11
9
14
4
7
12
8
8
16
10
7
11
8
4
7
4
6
2
15
2
9
6
6
6
8
12
12
10
4
6
16
6
11
37
14
4
4
4
4
4
6
5
6
4
4
12
2
6
9
6
6
7
12
8
7
10
7
6
10
2
8
4
5
10
8
10
6
4
8
