4
2
6
4
15
8
54
21
4
6
10
4
6
6
42
6
6
2
6
13
12
8
29
6
6
12
17
38
6
8
10
21
46
6
21
23
4
4
4
4
8
21
6
6
6
8
6
42
4
15
10
60
8
12
6
15
4
4
35
52
4
15
13
4
62
10
42
6
6
8
8
44
6
37
8
10
6
2
4
6
6
6
6
4
4
4
6
8
6
8
21
10
4
8
4
4
8
23
46
48
12
6
6
65
6
8
6
33
6
12
4
4
2
6
13
8
10
2
6
6
34
31
12
42
10
48
12
4
8
2
15
69
4
10
2
8
8
15
2
4
83
4
37
8
6
4
8
13
41
46
4
4
12
12
21
6
8
58
8
8
10
12
6
17
4
6
8
11
8
6
56
6
8
8
17
6
13
10
4
4
42
12
4
8
6
66
44
4
6
31
13
8
75
10
6
4
4
6
81
10
6
8
13
10
6
12
15
8
56
6
10
17
6
27
12
10
8
8
6
10
8
58
10
8
12
4
8
8
8
6
10
6
6
10
6
4
13
56
23
10
10
8
13
4
62
6
8
6
6
12
8
10
8
12
6
6
65
6
10
8
42
29
52
8
15
11
11
35
4
8
10
6
12
10
10
8
10
12
36
10
54
17
4
6
8
4
42
12
10
11
8
8
10
21
4
10
6
6
12
15
21
10
10
11
6
15
15
15
10
15
10
19
10
14
8
12
12
17
13
10
15
13
14
15
14
12
86
14
21
14
6
8
12
10
17
8
19
10
6
12
23
10
11
11
15
14
12
12
10
13
8
19
12
8
6
15
6
8
6
4
12
6
6
6
4
6
4
4
4
2
6
35
6
6
6
6
6
6
4
8
2
8
10
8
6
6
4
10
6
10
6
6
4
6
6
8
14
8
14
8
4
6
4
39
8
6
10
4
2
8
6
2
8
8
8
8
6
6
6
8
4
12
46
6
6
8
23
6
8
8
17
6
4
6
12
6
6
6
6
4
2
6
6
6
6
12
6
10
10
4
2
4
10
4
4
8
8
39
15
4
4
8
8
10
8
10
6
13
10
17
8
21
15
17
23
19
23
19
15
25
29
19
19
6
25
19
28
17
10
19
23
21
6
19
6
17
19
15
17
14
14
19
14
19
17
15
8
12
10
19
10
15
12
13
17
35
17
17
17
10
12
12
8
19
6
12
15
10
13
12
17
15
8
19
19
14
14
14
8
15
12
10
13
14
12
10
8
23
14
19
12
8
0
8
6
6
4
8
8
12
15
4
23
6
12
10
8
4
6
8
6
10
14
8
23
10
13
13
8
21
10
8
21
15
21
8
8
6
8
8
6
10
10
10
19
15
23
23
14
13
6
15
12
10
15
29
27
29
6
10
19
17
10
15
15
13
12
14
38
10
17
10
15
11
14
8
10
10
17
10
15
8
12
19
14
12
10
8
13
12
15
4
15
10
6
19
23
14
19
35
10
8
8
29
17
25
29
12
12
12
6
6
29
12
10
23
12
23
25
14
17
15
6
12
12
17
12
10
6
4
8
10
10
8
6
10
8
10
6
6
12
4
6
6
12
6
10
10
8
10
8
12
8
6
10
8
10
6
12
6
8
4
10
8
10
10
8
10
8
6
12
12
10
10
8
12
2
6
10
6
6
10
8
8
6
10
6
39
2
12
6
13
0
6
8
10
6
10
10
15
4
6
4
8
6
12
19
8
21
14
12
10
17
17
15
23
25
8
10
15
10
17
8
8
15
13
6
14
17
10
23
23
6
21
27
19
6
13
19
21
8
13
25
8
14
19
15
17
11
13
19
6
10
13
15
23
10
10
10
12
2
8
17
8
21
8
14
13
12
8
14
8
13
19
12
8
12
12
23
14
6
14
14
12
6
4
21
4
6
8
10
13
15
15
12
8
9
4
10
15
15
13
11
8
10
10
10
10
8
12
6
29
15
13
13
8
10
6
12
12
10
21
10
10
12
8
12
8
10
8
8
10
19
6
6
8
12
14
6
6
8
14
10
4
42
2
15
8
8
8
10
2
4
10
10
18
6
8
6
6
12
12
0
2
2
6
4
4
6
6
12
8
8
4
6
10
0
4
12
12
4
8
4
8
14
12
8
14
10
10
14
10
8
10
8
2
12
6
10
10
4
4
6
10
4
8
14
4
8
10
8
10
6
8
6
10
6
12
4
8
17
8
8
10
12
14
12
10
20
4
10
8
8
21
12
4
2
6
12
21
2
10
8
16
10
8
10
12
14
12
12
10
12
8
37
12
8
13
17
10
19
2
15
25
19
15
19
12
17
15
10
10
12
6
14
14
8
10
4
12
16
6
4
15
8
12
23
14
10
10
12
10
14
4
6
10
8
17
17
8
12
8
8
10
8
15
14
10
6
10
6
10
16
14
12
12
8
14
8
10
8
4
8
8
10
8
8
10
17
10
4
4
8
8
12
4
6
6
6
6
12
6
0
8
2
8
4
12
8
10
6
6
8
6
4
4
8
10
8
8
6
6
8
2
12
2
10
4
10
6
2
2
2
0
6
2
0
6
4
6
4
2
0
0
0
2
2
0
2
6
0
0
2
0
2
0
2
0
6
2
0
0
4
8
14
6
10
16
8
12
19
14
17
8
4
10
10
12
13
10
6
10
2
6
6
12
8
8
12
8
14
15
10
14
10
12
10
10
19
8
6
4
14
4
10
8
10
12
4
6
6
12
4
10
8
8
6
4
10
12
10
4
16
6
25
2
4
8
10
6
4
2
6
0
12
4
6
2
4
12
6
4
6
4
6
4
4
6
6
4
4
2
8
10
6
6
10
6
8
0
4
4
4
4
6
8
10
2
4
10
4
6
4
8
6
10
8
6
6
6
6
8
4
4
4
4
2
8
10
4
6
4
4
6
4
6
4
6
4
2
8
8
10
6
2
4
6
4
2
4
10
6
6
4
4
8
8
2
8
4
8
6
6
6
10
6
4
4
8
6
6
6
6
23
10
10
21
17
15
14
14
16
8
12
19
6
10
14
21
6
10
4
12
8
19
10
10
12
6
14
25
17
17
10
12
8
6
17
12
6
14
8
12
14
8
17
14
6
12
21
10
8
8
6
6
6
6
12
4
10
14
14
8
14
10
4
10
8
6
8
6
8
10
2
8
2
4
14
19
8
14
2
10
8
8
16
21
2
16
4
8
6
2
6
8
2
10
6
19
4
2
4
12
2
12
4
10
6
8
2
6
6
13
4
4
8
8
4
8
6
