3
40
2
0
4
26
2
33
2
0
5
2
3
2
33
7
2
22
23
0
4
32
42
3
10
2
2
0
13
2
2
29
4
4
2
13
0
2
4
7
2
6
24
6
2
0
4
2
2
2
31
2
3
21
1
2
3
6
0
10
5
0
3
0
2
4
7
3
2
6
2
4
4
38
3
2
4
2
2
2
40
2
2
27
2
2
4
1
2
13
3
2
4
4
3
0
6
2
2
1
4
3
8
6
2
31
4
2
3
6
4
2
0
6
0
3
28
39
2
2
2
2
2
30
29
15
2
0
4
0
0
27
2
2
2
4
4
0
2
2
29
2
2
2
4
4
2
6
2
2
12
21
0
4
33
2
3
2
2
0
2
23
1
2
6
8
2
2
6
7
6
26
9
0
30
29
5
4
2
11
0
6
8
2
2
2
4
4
2
4
1
27
2
2
2
1
2
2
3
5
2
3
35
0
13
2
0
2
4
4
7
1
37
2
2
4
5
2
2
5
0
25
4
4
5
38
2
8
2
4
0
2
2
4
2
2
39
4
8
26
2
2
0
29
34
0
6
4
2
2
45
0
0
33
2
2
4
7
2
28
42
2
4
28
2
2
0
3
2
35
4
0
27
2
4
12
4
0
22
27
4
2
8
14
2
2
0
0
6
4
2
6
4
2
3
8
4
7
0
5
4
4
4
3
0
5
2
8
6
0
2
2
0
4
4
2
2
4
0
2
2
2
2
2
6
4
4
4
2
49
10
2
30
0
6
12
4
3
2
4
4
4
2
45
0
12
10
4
3
2
2
2
4
2
4
4
2
13
4
2
13
0
2
4
4
4
2
2
19
4
6
4
2
2
2
2
4
4
0
4
2
8
2
6
2
4
7
2
2
5
13
4
6
13
2
2
2
4
4
2
3
12
9
2
4
5
15
2
6
4
3
5
2
2
40
4
10
2
2
2
4
4
4
2
2
2
4
0
4
7
8
6
4
6
12
4
4
6
6
2
4
6
2
4
3
6
2
3
7
2
2
6
8
4
8
5
50
2
6
4
2
5
4
2
6
6
6
4
2
2
4
4
5
6
47
6
2
6
6
13
29
2
2
47
2
2
2
4
0
4
0
4
3
4
2
0
4
2
2
6
2
2
2
8
13
6
4
2
8
2
2
4
4
2
6
4
2
41
0
5
3
2
4
6
2
0
7
9
2
2
0
4
2
2
2
8
4
6
0
2
2
2
5
4
4
4
2
6
8
10
8
8
4
4
4
4
3
2
5
4
6
4
6
4
4
2
4
2
7
0
2
8
0
2
8
6
7
4
2
4
0
6
2
6
4
2
4
2
3
2
6
5
2
3
2
4
2
2
4
4
4
10
2
33
27
2
5
2
6
2
77
2
2
4
2
2
2
38
2
3
29
4
4
4
4
4
2
0
4
4
2
4
33
2
2
47
4
2
2
7
2
9
3
6
2
4
6
2
6
2
3
2
4
6
2
4
6
6
0
2
6
4
2
5
4
15
4
4
3
6
20
6
8
4
7
6
4
8
4
34
6
6
2
4
42
22
6
11
39
8
18
6
2
4
4
0
4
10
2
3
2
0
3
3
4
2
2
2
2
3
5
0
1
27
29
5
2
4
2
15
4
6
2
4
18
7
0
2
8
67
11
2
6
10
8
35
3
5
37
4
3
6
4
8
2
5
4
30
34
5
28
5
6
4
2
6
5
56
6
3
7
4
4
5
2
11
4
4
2
3
3
13
4
5
4
2
11
4
4
4
4
4
2
3
3
14
4
2
2
4
92
6
2
4
0
2
35
0
4
2
6
12
5
4
6
2
4
14
2
2
2
0
0
0
4
4
2
51
2
4
39
2
8
2
2
3
2
2
70
2
8
40
0
2
91
0
6
0
7
2
4
2
6
75
4
2
0
8
65
2
2
8
4
5
99
5
12
4
8
4
4
7
4
6
4
0
40
4
2
2
4
4
5
52
2
2
4
5
4
2
7
9
0
6
2
4
4
4
6
8
12
16
0
4
2
2
53
17
4
6
6
4
2
4
4
13
6
4
5
7
0
2
2
11
4
6
4
6
4
4
5
2
23
2
4
2
10
2
6
4
2
6
2
4
6
6
6
3
61
4
2
4
2
2
42
4
6
2
4
2
4
4
2
11
4
4
8
2
15
4
7
2
4
4
2
4
8
2
3
17
2
2
11
4
8
0
2
2
8
9
7
4
5
5
2
2
6
2
3
4
5
69
2
8
2
2
6
4
5
4
25
8
2
0
2
12
55
4
6
4
6
9
4
5
5
6
5
2
8
6
2
10
48
6
2
2
4
6
6
8
5
4
2
2
4
2
2
2
6
8
2
0
2
13
2
4
4
7
4
21
3
2
2
6
2
2
5
6
4
4
7
6
6
2
59
3
2
2
57
12
7
4
4
9
40
4
4
6
4
2
5
2
4
2
2
4
2
2
4
4
23
4
6
2
2
4
4
4
6
4
67
4
0
6
6
1
6
4
0
6
2
4
4
4
2
7
4
3
1
10
6
2
5
6
0
4
6
9
5
2
2
8
1
2
31
4
4
4
2
5
9
4
2
9
0
4
6
7
9
6
4
7
0
4
0
6
4
2
0
6
4
0
7
13
2
9
11
17
7
8
6
2
15
4
6
2
6
2
18
2
4
0
39
2
5
2
2
4
0
6
4
0
0
2
7
4
2
4
2
11
4
4
2
10
4
4
11
27
4
4
2
6
3
1
4
2
6
4
7
4
68
3
20
6
2
4
4
4
0
4
4
6
2
2
3
2
6
4
29
11
0
7
6
0
7
12
3
7
6
4
2
4
4
9
2
2
6
4
7
6
2
6
6
0
6
54
2
2
11
17
5
2
7
5
21
3
6
6
49
4
9
6
4
4
2
4
5
1
4
6
2
3
2
3
2
2
0
2
59
4
11
9
4
4
44
4
4
6
5
5
48
8
2
2
5
4
0
2
2
4
2
7
4
13
62
6
2
0
0
4
4
2
10
2
0
3
4
8
2
6
9
4
4
3
4
6
4
10
6
0
41
10
19
2
4
6
4
4
3
13
4
4
2
9
16
2
4
5
5
2
6
4
6
2
0
7
5
6
4
2
4
3
4
2
4
6
2
4
2
2
4
7
0
0
2
4
4
4
2
2
4
4
0
2
6
2
5
6
2
2
4
0
4
0
4
2
6
6
4
8
4
6
4
6
4
6
2
2
5
2
4
4
4
0
4
8
2
24
6
20
