4
6
4
4
8
14
8
8
12
8
6
6
4
8
8
2
8
8
6
4
8
14
8
10
11
6
9
8
6
4
10
4
6
6
2
8
6
8
15
6
6
51
6
6
8
6
6
6
6
8
2
6
2
6
5
15
8
6
6
9
7
6
4
6
8
8
6
2
6
12
2
11
4
4
0
4
4
4
6
6
4
6
4
4
4
6
4
8
2
8
37
4
4
6
7
4
4
2
2
2
6
6
6
2
4
4
4
6
4
5
4
6
8
8
2
4
6
8
8
4
4
4
6
6
6
4
6
10
2
8
6
2
5
4
4
4
6
6
2
2
6
6
6
6
4
4
4
4
13
4
6
4
4
2
6
4
6
4
4
4
8
6
4
40
10
6
4
4
6
4
8
2
4
4
4
15
8
6
2
8
4
8
4
6
2
6
4
6
2
6
4
4
8
6
8
2
6
6
8
6
11
8
6
8
4
2
4
4
4
4
10
6
10
6
4
0
4
4
6
4
12
4
4
2
10
4
8
4
6
4
2
8
4
6
4
6
2
11
2
9
6
4
8
6
10
8
6
2
2
8
2
4
7
4
4
4
6
8
6
4
8
4
8
10
6
6
4
6
4
2
4
4
6
19
6
4
6
4
12
2
4
4
7
2
4
8
4
8
6
4
6
0
6
6
2
6
2
2
4
4
6
5
0
2
6
4
8
2
8
10
4
2
6
4
2
9
4
9
10
6
6
10
4
6
4
4
6
4
2
4
4
8
11
14
8
14
7
4
4
8
10
10
2
6
8
6
6
8
4
8
4
8
10
8
6
8
10
6
4
6
4
4
2
8
15
8
2
2
6
6
8
10
0
8
6
8
4
4
8
8
6
10
8
6
37
4
6
6
10
4
4
8
4
2
10
0
2
10
6
2
0
4
4
6
8
6
6
6
2
4
4
2
4
4
4
8
4
6
6
0
4
4
4
6
4
4
5
0
2
2
4
4
2
8
8
6
8
4
8
2
6
4
4
2
4
8
6
4
6
4
2
6
6
13
6
6
4
6
8
4
4
4
6
2
0
8
4
8
4
4
2
4
4
33
6
4
2
6
0
2
2
6
4
4
4
4
4
2
4
2
6
2
2
0
4
2
2
2
2
2
4
4
4
2
4
4
2
8
4
8
4
6
4
9
4
4
2
6
4
4
2
11
4
10
4
10
6
4
4
4
8
6
6
6
6
8
8
26
7
4
8
8
6
8
2
10
4
9
6
4
4
2
6
6
4
0
6
8
2
2
14
6
6
6
8
8
4
15
4
9
6
8
4
15
4
2
8
29
23
2
10
4
15
17
13
10
10
12
4
10
13
8
14
6
13
13
0
17
17
10
6
10
8
4
17
13
12
12
19
8
15
6
4
10
13
19
17
6
17
17
8
8
6
12
12
29
7
50
21
8
19
8
21
14
19
21
8
15
21
17
14
13
11
31
8
14
6
44
19
6
10
15
12
13
4
15
6
6
17
8
78
21
14
29
19
17
13
13
4
10
17
4
14
12
13
8
12
23
4
4
8
6
10
12
2
25
10
21
10
10
25
15
4
10
15
25
14
19
25
12
6
8
23
11
19
11
21
10
12
10
10
13
12
11
12
8
8
8
21
14
6
14
10
12
8
8
12
17
17
12
12
16
10
10
19
10
19
6
6
15
4
10
2
8
13
6
6
2
6
6
4
9
17
12
8
6
16
4
4
8
10
12
6
19
12
6
9
6
7
4
4
4
9
8
4
4
4
4
10
6
8
6
8
6
8
6
0
2
6
6
8
0
2
8
12
8
8
4
10
12
6
12
12
14
8
8
0
10
4
6
2
10
4
9
4
6
6
8
11
2
6
4
14
10
0
4
4
8
2
8
8
8
2
6
10
6
2
6
4
2
9
14
10
10
6
10
9
8
10
10
6
6
6
6
6
8
4
6
6
6
8
2
4
6
0
6
2
2
9
4
2
0
4
2
2
4
4
4
6
2
2
2
4
0
2
0
0
0
2
2
6
0
4
2
0
2
3
2
0
2
2
2
2
2
2
2
4
4
4
2
2
4
5
11
2
2
4
4
2
9
6
7
5
9
7
6
2
5
6
7
4
5
7
9
6
9
2
5
9
9
9
7
7
9
9
16
5
5
4
5
6
7
4
11
2
4
9
6
2
2
4
2
4
7
7
4
2
7
4
6
9
7
5
2
5
9
2
7
11
4
5
11
5
11
9
4
4
7
4
5
7
2
5
8
5
5
5
9
4
2
2
5
2
7
5
5
5
9
2
7
4
6
5
7
5
28
5
2
11
7
13
7
2
4
7
4
7
5
2
4
5
2
9
2
2
2
5
5
2
9
5
5
5
2
7
4
7
4
5
9
2
5
4
4
7
2
7
5
2
4
4
11
4
9
5
2
9
5
9
7
4
4
9
13
3
2
7
5
9
7
6
5
4
6
4
2
5
7
0
4
5
2
0
5
9
2
2
3
6
2
4
4
4
6
5
5
7
3
2
3
9
6
0
4
2
7
4
2
0
4
2
2
5
2
5
3
5
2
2
2
4
4
4
4
4
4
5
4
4
7
4
2
2
4
0
2
5
5
4
2
4
2
12
8
4
11
10
6
9
8
8
8
20
8
8
6
8
6
6
10
8
9
15
8
2
8
4
6
8
12
6
12
6
4
9
6
4
6
6
4
8
7
9
10
8
8
2
2
6
4
6
9
8
8
11
13
17
4
6
4
2
4
6
4
6
2
6
4
4
21
2
7
4
6
4
6
4
8
4
2
4
2
4
2
4
4
8
8
8
6
8
10
6
8
15
4
8
8
6
8
6
6
8
13
13
6
9
10
10
6
4
4
11
6
8
5
4
8
6
10
4
13
6
6
4
4
0
8
4
2
6
6
6
9
6
8
6
12
8
10
6
17
6
7
4
4
4
21
11
6
6
7
6
13
6
13
11
6
4
4
6
4
12
4
4
8
4
13
15
8
6
6
8
4
10
8
4
6
2
7
15
4
6
6
6
9
8
4
11
4
10
2
2
7
2
2
0
6
8
6
4
2
7
13
6
6
4
6
4
11
7
9
6
8
8
4
6
4
6
5
9
4
10
6
4
6
13
6
4
8
4
4
2
9
2
6
4
2
2
2
8
4
0
4
6
6
4
4
8
4
2
4
4
0
4
2
10
2
4
4
6
2
8
0
6
4
7
8
2
4
8
6
2
11
2
8
6
6
6
0
9
4
4
7
2
2
11
8
8
8
