6
4
36
6
4
8
6
11
34
23
9
13
15
6
8
4
4
13
13
6
20
10
8
43
10
6
33
30
6
19
67
8
6
10
7
4
4
6
12
13
10
58
38
10
4
8
10
4
17
8
8
6
10
6
4
12
8
8
9
8
4
13
10
15
8
6
17
8
6
6
60
4
6
10
10
10
10
42
6
12
6
9
2
4
4
40
49
4
13
4
12
21
4
6
10
6
8
10
10
36
13
4
13
10
12
27
33
4
4
15
39
10
25
12
29
6
6
4
8
52
67
13
6
6
6
46
6
4
26
2
4
69
8
13
25
10
12
60
17
10
6
4
11
8
6
13
4
23
19
4
6
10
62
11
9
12
2
6
8
6
12
9
6
21
6
4
10
4
8
2
22
6
56
33
12
2
36
6
23
7
6
8
2
60
59
6
6
10
11
8
10
17
10
8
4
9
6
6
11
8
12
11
6
42
38
4
15
12
8
9
6
12
10
6
35
27
6
15
8
35
44
8
8
8
4
13
8
2
4
11
4
7
9
15
23
15
8
9
9
17
6
9
10
4
7
2
10
9
16
6
9
4
5
5
19
17
22
4
8
10
5
16
5
8
19
21
4
4
4
6
8
10
25
12
12
11
8
15
19
20
9
10
13
13
20
5
13
21
19
25
25
11
11
19
13
11
25
19
22
15
7
20
19
8
13
13
22
15
23
30
27
23
11
13
13
15
21
27
13
29
25
10
38
27
19
15
10
45
23
25
38
17
23
10
15
24
13
11
22
16
23
15
25
19
10
23
8
21
17
11
11
23
17
17
19
23
13
17
13
28
13
9
15
13
17
17
15
27
8
21
27
13
10
15
23
17
19
21
19
15
15
27
15
11
27
36
38
37
30
26
15
27
13
33
25
11
15
17
17
25
21
12
15
37
17
30
25
23
12
13
23
30
15
13
10
10
15
21
30
30
19
26
34
19
23
12
15
15
34
19
13
27
15
37
25
6
21
33
27
27
24
15
25
17
15
28
42
17
15
35
20
21
21
28
15
37
17
13
19
28
36
30
19
19
17
29
27
16
19
11
17
31
19
26
33
10
32
33
9
23
36
13
31
23
15
15
27
44
26
10
8
15
32
28
27
19
34
12
34
11
30
44
11
40
42
34
30
21
26
12
13
12
12
27
29
45
12
19
21
25
15
17
8
10
19
23
13
20
15
21
22
7
15
18
13
15
8
21
11
14
18
13
20
17
8
13
11
12
15
9
14
8
27
22
15
20
10
25
13
10
8
17
8
17
20
27
15
13
29
11
19
12
6
17
6
6
10
23
24
11
8
18
8
9
6
17
9
13
8
13
11
11
9
8
6
6
6
13
11
8
11
10
29
10
4
10
6
11
13
13
13
15
11
8
4
11
12
9
13
13
8
11
6
19
6
20
6
8
10
23
10
8
8
15
15
13
11
15
14
13
0
6
11
17
25
17
31
21
17
29
19
25
10
26
23
19
31
15
13
10
11
23
29
10
11
30
25
23
25
17
10
39
33
19
21
35
29
34
52
38
29
34
13
27
11
42
15
29
21
50
23
34
15
26
23
46
29
33
29
38
13
21
23
15
28
31
17
4
31
11
32
15
8
43
44
37
29
28
17
36
23
29
29
9
17
42
47
35
13
29
25
22
37
24
10
55
35
11
38
8
21
44
49
48
38
36
25
33
50
24
13
30
25
24
15
24
15
10
13
19
49
42
9
29
21
42
25
11
29
15
15
17
34
33
36
15
15
12
40
46
17
38
48
25
29
44
42
67
63
23
25
32
29
25
58
42
29
30
13
14
19
28
35
23
10
27
19
48
19
53
9
15
21
39
50
23
11
19
9
40
49
28
13
42
19
9
23
50
15
60
27
19
21
19
32
19
12
7
15
15
13
8
19
21
41
28
12
22
15
13
28
21
0
12
58
9
21
17
10
11
11
23
21
15
13
11
9
8
14
11
15
11
13
15
11
10
10
23
12
15
19
11
10
20
13
11
6
12
4
13
13
48
8
10
14
10
8
11
13
13
11
17
8
12
13
11
4
8
11
4
21
13
15
23
21
12
12
21
12
19
23
10
17
13
12
29
15
8
19
9
8
19
11
12
15
15
11
11
17
8
28
11
11
11
8
19
13
22
13
8
12
17
15
13
17
10
13
13
19
17
14
25
19
15
19
14
20
13
19
15
33
21
11
21
21
11
11
13
10
15
13
13
23
6
7
17
19
25
29
6
19
8
11
10
27
33
17
17
10
6
17
19
18
8
17
4
21
19
33
12
26
29
17
15
8
16
8
17
13
27
8
19
15
8
17
34
31
10
17
13
12
22
23
25
16
25
10
21
45
26
17
13
15
15
17
34
8
35
16
18
23
17
60
36
12
15
13
38
15
34
23
22
23
15
21
15
8
12
11
20
23
10
15
13
21
11
17
15
32
6
35
13
19
22
30
13
10
21
28
26
27
8
8
29
12
9
26
46
15
26
6
12
13
8
23
29
13
6
28
31
22
18
22
11
15
21
13
11
18
17
18
20
15
13
27
16
19
33
15
21
23
10
13
15
27
12
31
28
17
8
2
8
9
8
12
12
8
13
19
10
8
13
11
25
9
9
10
12
6
13
4
4
6
11
13
44
10
10
14
11
6
4
8
28
9
9
15
25
12
11
9
7
11
17
13
8
13
8
9
6
10
11
8
11
10
25
11
23
11
9
11
13
17
13
15
13
11
15
15
13
13
13
8
8
9
11
13
9
8
17
76
13
15
15
12
21
11
10
15
6
11
7
13
10
13
4
13
15
6
8
6
6
17
17
11
13
6
13
8
8
6
6
4
8
11
17
13
10
15
19
10
15
11
10
15
11
21
17
19
17
21
11
7
19
30
21
7
7
13
11
28
10
21
34
13
15
23
10
11
22
10
25
23
21
25
9
21
7
9
13
23
20
8
24
19
10
22
19
4
20
23
20
7
9
17
21
23
17
28
23
14
21
15
10
20
21
38
15
9
17
23
11
20
15
23
26
29
23
25
12
8
11
32
10
18
13
30
16
31
15
13
36
25
8
34
19
21
13
21
23
6
30
21
13
34
8
10
15
19
11
9
24
29
11
10
15
23
13
15
11
19
15
11
11
25
0
13
15
15
13
13
15
11
25
11
17
17
19
11
7
11
13
13
13
10
11
17
13
27
11
11
10
11
6
15
11
4
23
8
17
13
9
9
11
13
13
11
6
17
17
8
11
27
8
11
13
15
6
13
15
