56
10
33
65
46
32
54
46
43
59
52
28
46
36
38
37
27
33
25
24
36
46
67
62
53
24
50
46
64
51
57
46
39
40
46
38
12
50
41
74
29
32
35
30
16
22
23
11
42
33
60
23
49
39
56
15
52
37
48
51
66
28
66
29
20
29
47
39
48
26
23
33
29
17
40
30
64
64
27
18
32
42
31
48
48
20
48
58
12
27
28
27
62
38
32
39
58
32
53
33
26
46
58
52
46
34
46
30
50
28
58
38
35
41
52
43
57
43
48
20
57
34
56
31
36
15
46
19
54
48
52
33
58
48
48
43
50
29
67
51
29
30
69
72
50
43
43
39
32
70
71
35
56
48
42
58
38
28
52
22
46
41
41
27
41
36
42
46
42
26
62
25
43
12
16
28
26
61
20
43
92
32
25
28
37
50
45
44
60
22
56
61
50
35
51
46
36
54
37
15
49
49
49
52
66
15
38
53
56
44
41
19
27
37
66
52
15
40
36
34
70
24
60
19
46
11
34
25
29
25
40
64
64
51
43
61
44
58
73
46
54
50
60
50
34
44
20
10
39
77
28
40
66
70
54
67
31
57
24
44
27
52
23
52
50
17
66
34
57
40
71
63
35
44
25
60
45
33
61
34
50
49
44
48
52
30
32
42
73
50
66
38
56
66
19
48
64
52
46
29
22
68
35
44
22
58
46
39
28
64
52
74
57
43
57
26
57
44
39
55
52
54
26
30
60
58
27
36
44
37
55
50
51
56
29
15
50
32
51
31
55
30
25
39
30
66
37
54
34
72
55
19
50
60
54
25
70
24
33
32
34
24
72
39
39
43
47
56
62
32
46
31
45
47
51
31
51
19
43
44
41
23
53
58
17
58
45
45
39
64
33
53
64
52
27
34
50
53
39
39
42
61
70
34
28
42
43
36
37
28
21
63
50
39
52
43
29
62
53
20
31
47
45
56
66
32
43
72
27
54
50
37
48
51
62
73
26
41
70
39
36
34
39
39
37
24
57
48
63
61
51
49
39
39
28
58
54
23
54
41
52
59
42
45
72
37
72
41
71
14
34
52
68
35
50
56
18
60
48
47
47
56
39
66
41
82
31
29
41
41
29
58
32
68
27
22
58
22
62
35
55
19
51
44
59
49
51
36
52
52
45
58
47
70
48
38
39
22
66
46
31
58
38
32
73
45
54
60
55
56
38
70
18
74
68
44
56
45
62
55
40
36
70
48
5
64
51
60
58
29
48
44
60
20
13
58
21
50
58
56
71
43
60
25
20
38
56
28
31
60
68
70
48
52
16
24
40
37
24
50
34
57
25
39
58
32
14
60
70
29
66
61
24
40
45
51
60
62
42
42
52
56
56
44
30
34
43
66
41
37
60
46
49
39
33
21
44
37
34
56
21
41
36
62
19
52
41
55
48
36
50
63
39
60
42
34
47
39
45
56
46
29
23
54
11
21
46
31
43
48
50
51
25
47
73
42
27
48
44
27
46
27
58
35
58
33
20
21
26
50
26
31
24
63
21
42
70
24
52
34
56
49
54
68
34
29
44
25
35
48
68
66
57
56
34
45
52
44
43
56
45
49
48
58
33
50
33
21
27
13
37
52
57
54
41
35
38
28
66
80
54
44
53
30
27
59
56
55
54
45
37
54
36
27
48
43
38
37
46
38
66
43
22
30
62
40
62
30
65
38
34
60
47
54
62
41
64
25
37
69
27
54
31
64
56
23
23
32
47
50
70
24
60
35
65
36
58
59
25
72
18
16
19
53
66
36
60
27
51
56
43
23
51
48
39
35
48
30
61
43
58
38
43
58
64
45
60
56
36
48
61
39
54
44
32
48
46
23
31
55
30
62
23
62
58
34
60
28
46
42
37
42
59
58
44
62
42
34
44
44
62
44
48
46
51
31
19
42
65
54
54
31
58
43
39
33
42
46
48
46
43
44
41
43
23
2
2
16
24
12
17
3
2
19
23
22
23
29
21
2
12
29
21
19
3
24
0
21
19
17
2
3
17
0
0
23
17
2
20
2
25
26
19
23
19
17
19
34
3
25
17
25
21
24
0
10
18
25
2
9
0
0
3
15
23
2
2
21
22
2
14
2
0
27
3
3
15
23
2
0
2
2
26
21
0
25
33
13
18
17
2
0
3
2
2
3
21
2
2
2
3
16
19
13
0
9
19
25
13
21
27
0
28
3
20
0
3
19
29
21
17
2
14
17
19
28
21
0
0
0
2
19
18
15
2
2
17
23
18
21
2
29
12
30
16
0
16
23
2
2
18
24
2
27
2
19
0
13
0
21
2
14
17
0
19
19
15
3
15
16
23
24
15
19
14
21
17
21
22
24
24
23
3
14
25
16
31
16
13
12
17
33
2
17
17
19
18
25
21
21
19
23
21
2
17
19
22
31
13
24
27
10
21
15
0
2
11
15
25
21
23
2
16
19
27
28
0
21
22
25
15
21
0
0
17
10
19
27
17
0
22
29
2
25
23
19
15
13
19
13
23
28
21
0
19
2
3
19
19
14
23
24
2
27
21
23
19
27
2
15
2
23
14
27
2
11
25
10
16
27
17
27
0
21
26
24
24
12
17
17
19
19
14
16
26
26
27
15
18
12
17
15
20
21
14
11
21
17
17
25
21
13
10
23
17
22
16
25
18
13
21
23
25
24
14
19
25
25
16
19
14
19
23
16
25
14
10
21
14
9
22
16
12
23
13
21
15
21
16
19
25
21
16
11
19
21
11
25
15
19
18
25
25
14
21
19
19
20
22
20
28
21
25
21
21
19
15
17
25
27
19
25
18
17
17
20
21
20
21
14
22
13
20
15
17
18
17
23
22
20
23
21
14
25
25
23
20
25
27
25
18
19
14
18
25
17
23
14
23
21
20
21
23
21
13
20
13
23
25
14
17
19
14
19
11
15
21
23
21
21
16
23
23
13
21
22
17
17
18
19
11
16
11
27
18
9
23
18
19
25
19
20
22
16
31
26
21
21
15
15
17
13
24
22
23
20
17
15
18
14
12
15
25
25
27
22
17
20
21
15
15
17
15
7
12
17
15
17
13
21
21
23
22
12
25
21
16
25
13
16
21
23
16
25
18
19
17
24
17
15
17
16
21
21
20
21
19
21
18
17
18
17
15
20
14
15
12
20
18
12
16
20
21
22
21
20
18
10
15
23
23
24
27
14
22
23
15
24
16
5
21
13
25
11
18
15
33
19
17
17
21
19
11
14
21
10
21
16
19
29
