17
8
15
23
9
9
13
9
19
8
15
11
21
8
18
17
6
13
10
25
10
10
10
4
14
14
7
10
19
19
31
14
19
19
21
13
11
12
12
6
10
15
21
17
13
29
29
29
21
17
7
25
14
9
6
10
6
10
21
10
13
8
13
13
7
27
6
17
29
10
8
6
12
8
30
25
27
21
38
27
8
4
38
23
8
11
17
15
12
21
25
13
23
29
25
10
21
19
12
23
25
17
17
12
19
10
23
10
17
23
26
12
17
8
19
21
38
19
11
17
25
19
32
19
19
23
27
12
17
19
15
29
12
24
17
29
22
19
44
14
28
17
13
41
22
24
28
19
27
22
11
33
22
21
17
20
25
28
20
30
29
12
33
23
15
38
10
19
35
35
34
15
27
27
17
36
34
38
12
19
27
10
8
4
6
6
13
13
28
8
13
21
6
7
22
10
4
10
8
7
15
8
15
4
12
4
6
6
2
12
6
6
13
4
6
4
0
19
7
6
8
12
8
7
2
4
6
44
2
4
7
6
6
6
17
11
8
4
8
6
9
6
6
8
12
6
8
6
4
6
6
4
8
12
10
6
8
8
10
8
10
8
4
8
6
4
6
10
12
8
6
8
8
8
4
43
11
2
8
6
8
4
12
6
12
19
4
6
12
10
6
6
2
7
10
11
11
4
4
2
8
6
10
4
10
10
6
8
4
4
4
8
6
10
15
12
8
6
6
4
19
6
6
15
6
6
31
8
8
4
12
8
12
12
2
8
12
8
10
9
6
13
6
13
8
13
10
12
10
13
15
15
15
13
15
10
10
19
12
15
10
17
6
29
38
8
20
21
25
27
41
21
2
35
8
17
11
25
22
29
25
10
15
28
65
23
18
6
34
10
31
39
21
25
32
19
38
31
37
8
12
21
32
12
40
15
38
27
15
29
19
21
25
41
28
19
10
46
10
29
13
9
19
21
44
51
48
11
23
46
19
58
56
57
31
42
42
43
43
8
52
28
17
46
10
23
17
69
34
36
55
21
52
46
34
58
15
45
17
8
8
10
7
10
16
10
29
15
8
23
10
7
6
4
12
42
10
6
8
8
4
4
4
8
10
12
10
6
2
6
6
2
8
8
4
4
8
10
2
8
10
8
6
8
10
8
4
4
7
8
6
10
4
4
4
6
4
10
4
4
6
9
10
6
8
4
8
4
6
6
6
6
2
8
8
13
12
10
12
6
6
8
10
8
6
6
6
14
6
8
8
8
6
8
6
6
10
6
15
4
6
2
8
6
6
8
8
10
6
4
10
6
14
12
56
4
5
19
7
4
8
16
4
9
8
13
10
2
7
10
6
4
6
4
4
6
4
12
7
6
4
6
4
4
6
0
15
4
7
9
7
8
6
7
0
4
4
10
6
8
6
4
4
7
14
24
8
8
4
6
5
5
4
5
6
7
6
4
6
0
6
7
4
19
4
6
13
24
8
7
14
8
9
9
11
8
11
12
9
6
8
17
5
6
6
8
7
4
12
8
6
10
8
8
9
7
9
4
0
15
11
6
6
10
7
12
9
14
10
4
9
13
9
7
4
15
13
8
21
9
10
15
10
9
6
7
16
18
5
7
11
15
4
10
13
4
10
31
13
4
13
49
13
28
15
4
15
0
4
4
7
12
9
10
11
7
9
8
10
9
13
10
14
6
6
11
11
13
15
0
14
17
8
5
0
9
34
21
32
20
5
18
26
36
11
19
13
18
17
12
9
11
21
13
5
6
11
18
13
9
16
6
19
26
13
20
9
15
6
7
19
17
6
13
15
13
14
2
17
20
23
26
6
10
9
21
26
5
9
6
7
26
2
11
13
13
13
4
4
11
6
4
7
8
9
6
11
11
8
15
9
13
7
22
6
6
10
6
12
4
9
7
6
6
13
13
4
2
11
8
13
15
4
9
4
9
6
6
4
11
9
5
9
6
6
11
8
5
6
4
11
5
4
4
6
4
8
7
2
8
6
16
7
6
2
8
6
9
13
6
8
5
5
4
8
9
7
8
6
8
4
4
6
5
7
11
4
8
8
7
4
6
9
13
10
11
7
4
7
6
11
7
0
6
6
6
7
6
9
2
7
6
15
4
4
2
8
4
2
4
2
4
2
5
4
0
7
4
6
4
6
7
5
5
7
7
4
4
6
4
6
6
4
6
5
5
6
4
9
8
6
4
8
17
8
7
11
10
9
9
9
6
4
9
11
11
11
15
13
4
7
14
8
11
11
7
9
9
4
12
13
8
7
13
7
9
9
11
9
6
6
13
5
15
14
6
25
2
4
9
6
17
7
10
9
32
6
10
11
9
7
9
11
10
10
10
11
10
9
6
15
9
7
17
13
15
2
9
9
5
9
8
4
11
11
6
10
17
9
9
13
21
13
17
7
15
10
23
9
4
13
11
22
13
10
13
13
4
5
8
12
11
11
11
9
18
18
13
18
11
11
11
6
8
6
7
7
7
14
6
7
12
8
8
12
13
15
8
7
9
11
4
11
11
4
4
2
4
13
11
8
6
4
4
4
4
10
13
4
6
7
7
7
7
8
7
8
8
9
4
4
4
12
6
6
7
10
11
6
6
6
10
4
4
4
2
4
4
4
10
4
2
2
4
2
4
10
6
4
2
0
4
4
8
4
4
2
2
4
2
2
2
2
0
8
2
2
4
6
2
0
4
4
4
0
2
4
0
6
2
4
2
6
6
2
4
0
2
2
2
2
2
2
0
0
2
2
2
0
0
6
2
0
2
0
4
2
4
6
4
4
0
6
8
6
4
4
2
0
4
4
0
2
4
8
6
0
0
0
0
0
4
0
2
4
2
4
4
4
2
2
4
2
2
6
0
6
2
4
2
4
4
0
0
2
6
4
6
2
8
4
6
8
0
6
4
0
2
6
2
4
0
4
10
6
4
10
4
2
14
2
8
2
8
2
2
5
4
2
2
4
4
10
4
2
4
10
6
6
10
4
6
6
8
6
8
4
2
0
2
0
6
2
10
4
2
6
14
4
10
6
8
2
4
2
6
4
4
23
4
2
6
2
2
2
8
8
4
6
0
2
12
2
6
13
2
2
6
0
10
2
2
0
2
2
2
2
8
2
2
0
0
6
2
0
4
4
2
2
4
0
14
4
12
0
0
2
2
0
2
0
21
2
2
2
4
2
2
0
2
0
2
6
4
4
2
2
0
0
0
0
0
0
2
0
0
0
0
0
4
2
0
2
2
4
4
2
5
0
2
