6
6
0
4
8
6
2
4
9
6
4
7
4
6
4
6
4
8
4
6
4
4
6
11
4
6
4
15
4
6
8
8
2
9
4
6
6
6
6
8
8
6
2
6
2
4
8
9
2
2
2
8
4
2
9
4
2
8
4
22
6
4
8
6
8
6
7
4
6
6
8
13
2
15
4
2
6
13
6
13
8
11
2
13
2
6
7
4
4
7
4
4
13
4
6
6
4
6
6
6
6
2
6
17
0
6
6
4
8
0
2
0
4
6
10
2
8
6
6
4
11
6
5
4
7
2
4
4
6
4
6
11
2
8
6
4
6
4
4
6
4
8
6
6
6
8
4
10
12
4
8
4
2
6
4
2
4
8
4
10
2
13
6
8
2
8
2
2
4
4
2
2
8
9
6
10
8
2
4
6
6
2
6
12
4
10
8
6
8
6
6
11
4
2
10
6
2
15
6
6
4
10
4
11
8
6
2
0
6
15
4
4
2
8
6
4
2
2
4
6
2
6
2
8
8
2
8
5
4
4
6
6
4
10
16
13
6
7
6
6
4
11
2
14
6
4
8
4
2
6
20
8
6
0
7
6
4
11
6
4
4
6
0
6
6
6
6
2
6
4
0
2
2
6
4
2
4
4
8
4
2
2
6
4
2
11
6
13
6
6
18
4
6
2
5
4
6
7
6
13
2
6
6
8
4
8
4
2
15
6
6
4
0
2
4
9
6
4
9
6
4
9
10
29
6
6
9
17
4
4
2
6
4
4
4
8
8
6
4
4
13
6
4
4
9
10
6
11
4
6
13
6
4
4
12
2
2
8
8
4
2
4
13
15
2
6
2
11
6
12
8
2
6
4
8
3
6
4
11
2
2
16
4
10
2
8
0
6
4
6
6
4
6
10
8
6
2
4
6
11
2
10
4
22
10
8
4
4
8
11
15
15
6
4
4
6
17
3
6
10
2
15
4
4
6
4
4
6
8
6
4
4
9
2
7
10
7
3
8
6
4
4
6
6
4
6
8
4
4
4
4
5
8
15
6
4
6
11
4
8
2
4
4
8
4
0
4
6
6
8
14
8
13
6
10
6
6
11
2
4
2
6
8
6
6
4
2
4
10
4
5
8
6
4
5
15
4
8
4
15
2
4
15
6
0
2
7
8
4
14
2
6
0
6
4
4
2
4
8
0
8
2
2
2
4
2
4
6
8
2
4
13
17
7
8
10
2
10
6
2
6
10
2
6
14
6
4
6
2
6
2
4
2
4
10
13
6
6
16
4
8
12
11
0
4
4
8
11
6
8
4
8
20
4
15
6
4
10
6
10
15
2
6
4
6
4
2
2
14
6
6
15
8
4
2
2
6
6
4
6
4
6
4
0
22
2
4
6
2
6
4
2
4
4
6
2
10
8
13
6
4
4
8
10
8
8
2
20
2
8
8
6
4
6
8
2
4
4
6
2
4
19
4
6
6
6
2
4
8
10
6
6
6
13
6
4
6
8
4
12
6
3
12
6
6
11
8
2
12
10
6
13
4
4
10
13
2
10
2
2
2
15
4
4
13
15
6
4
8
4
19
4
8
8
4
8
2
6
8
6
11
8
6
10
10
2
6
6
6
15
8
4
8
8
4
6
4
0
5
2
4
6
28
6
8
19
11
4
17
5
2
6
8
4
11
2
4
4
4
4
6
10
8
4
7
9
13
6
8
10
19
7
2
20
6
19
2
15
6
2
2
9
12
10
4
17
6
18
4
6
12
18
4
13
6
6
7
6
4
14
4
6
2
2
17
4
8
8
12
4
8
11
9
17
6
6
6
20
6
2
8
4
4
8
4
6
2
8
4
4
11
9
2
6
15
6
6
6
4
6
6
6
4
2
4
4
0
5
6
4
4
4
6
6
6
13
6
9
4
11
4
4
4
8
4
8
4
4
10
17
2
8
10
6
0
9
6
2
6
3
8
8
4
4
2
8
6
6
10
6
0
8
11
12
7
5
4
9
6
10
15
4
6
8
6
8
3
2
4
15
4
4
0
6
8
6
2
2
10
8
6
4
10
10
6
2
4
0
6
8
11
6
6
4
8
4
4
4
4
4
2
4
9
17
2
4
8
6
2
8
4
4
7
6
8
8
8
8
2
6
11
10
2
4
2
4
20
2
4
4
6
6
6
2
6
8
11
0
4
6
4
4
13
6
2
2
8
8
12
12
8
6
4
10
4
4
12
6
4
5
15
13
4
4
4
10
11
15
11
6
4
2
8
15
4
6
8
21
6
7
2
10
6
4
2
2
4
6
8
4
4
4
13
6
5
2
22
3
0
5
7
6
6
7
4
18
6
8
7
8
4
6
4
6
12
8
6
10
17
18
10
8
11
7
7
3
11
6
6
8
4
11
6
6
4
4
7
2
2
4
6
3
6
8
8
2
6
10
4
2
4
6
10
2
4
2
3
10
5
8
6
3
27
4
6
2
4
4
6
10
4
2
4
4
11
17
19
5
10
4
6
6
4
6
8
5
5
7
4
10
4
4
3
2
2
23
8
15
8
6
4
9
2
5
4
11
4
6
7
7
8
4
6
7
8
7
2
8
4
2
6
7
6
5
12
4
7
0
4
13
6
10
15
10
11
2
4
10
6
6
6
14
2
2
2
8
6
6
8
6
6
14
6
4
10
7
4
2
6
13
2
6
2
0
4
6
4
22
15
15
8
10
6
13
2
4
0
6
6
2
6
6
2
2
7
8
13
0
5
8
6
4
2
8
4
6
6
8
12
4
2
4
6
8
10
2
6
6
4
4
13
6
8
6
8
2
2
6
25
8
4
6
2
34
6
8
0
12
23
4
4
17
10
2
2
8
12
15
6
4
2
4
6
4
2
4
6
8
21
8
15
8
6
2
2
8
4
8
2
6
6
10
2
8
6
8
4
2
8
2
4
6
6
4
11
8
6
13
2
2
6
6
3
5
17
8
8
4
8
8
6
19
6
5
2
8
6
8
7
4
4
2
3
6
6
0
4
17
2
10
12
4
8
10
15
4
9
8
6
6
4
4
8
23
4
8
8
8
6
2
10
6
19
4
10
15
8
4
10
11
26
6
4
8
2
2
8
6
8
4
10
4
2
13
4
8
2
4
6
6
5
11
8
4
6
6
2
6
8
13
6
6
8
2
2
6
10
0
6
15
6
4
2
12
6
6
8
8
7
4
12
2
6
2
7
11
10
2
2
4
4
6
4
19
6
4
12
2
6
6
11
6
11
4
4
8
11
0
4
6
