17
11
12
17
17
4
33
10
12
6
15
11
15
10
17
19
10
13
6
10
13
9
15
12
9
14
11
17
15
21
6
17
17
17
12
16
13
13
2
10
15
4
8
2
14
10
17
23
10
8
6
21
4
67
6
21
21
13
6
15
15
6
17
8
9
14
8
15
15
15
10
13
13
16
2
18
17
8
10
5
14
8
13
15
14
13
8
14
0
4
6
17
6
10
10
17
10
15
0
10
9
8
11
15
16
12
12
4
6
8
15
15
0
16
19
13
15
10
2
16
14
11
0
12
19
2
13
19
10
12
17
17
10
13
13
15
8
4
12
10
14
6
10
19
15
17
0
10
7
29
13
8
17
12
12
10
13
16
15
17
12
10
15
23
25
14
23
16
10
19
13
4
4
12
19
34
25
19
14
12
6
26
11
21
10
23
8
12
17
33
31
10
0
17
13
6
36
6
6
6
8
19
8
14
25
17
25
8
2
4
10
13
21
16
13
13
6
23
12
17
10
15
20
15
15
10
15
9
13
10
12
14
23
12
9
12
14
6
10
12
8
23
8
17
37
25
15
12
15
21
19
27
17
6
15
10
12
19
8
8
12
12
19
19
0
21
13
6
11
8
8
11
4
10
8
12
12
8
8
12
16
10
10
14
19
12
9
12
15
15
7
17
7
8
8
8
8
32
10
10
16
0
7
9
10
10
6
12
12
9
15
8
8
0
0
0
0
0
0
0
0
0
0
0
0
0
0
0
0
0
0
0
0
0
0
0
0
16
10
2
4
0
7
17
4
10
8
4
10
14
8
28
7
25
11
26
15
12
15
12
19
19
17
10
5
17
19
19
15
10
10
16
17
12
13
17
10
21
10
12
15
19
17
6
19
12
21
13
12
10
15
17
16
7
17
13
18
8
8
19
17
15
4
21
14
27
22
8
15
15
25
12
6
21
20
8
12
19
15
16
4
15
21
10
13
19
17
17
15
17
10
11
14
15
6
17
8
14
17
25
13
11
16
10
7
21
13
11
8
50
25
7
35
9
16
17
18
23
21
0
22
27
13
27
17
12
6
14
25
23
19
24
10
6
21
12
12
19
12
15
14
19
15
21
13
12
10
11
15
19
17
19
11
12
10
8
25
16
17
10
21
25
12
21
8
12
15
2
19
8
6
17
22
41
12
11
13
0
0
29
12
19
15
0
2
8
6
17
10
6
21
0
2
10
0
4
13
0
10
4
4
11
4
10
17
10
8
6
0
10
10
19
6
23
6
4
8
4
15
28
12
2
4
2
9
10
6
6
10
0
11
2
19
2
0
10
0
0
4
0
12
11
7
65
19
6
13
6
9
11
4
10
4
10
14
6
11
10
11
12
10
15
27
6
6
14
17
10
8
11
2
6
4
8
2
2
13
10
15
17
8
6
10
10
11
0
0
0
0
0
0
0
0
0
0
0
0
0
0
0
0
0
0
0
0
0
0
0
0
0
0
0
0
0
0
0
0
0
0
0
0
0
0
0
42
8
4
10
16
6
8
17
10
6
0
21
21
19
13
18
27
24
13
21
10
17
25
12
17
21
17
13
15
13
12
34
4
0
27
34
8
23
17
12
12
10
17
14
29
9
19
13
14
21
12
14
15
15
6
0
21
12
15
6
25
21
4
10
16
10
15
17
2
8
15
8
15
21
15
17
16
14
10
19
15
27
18
14
14
17
17
13
15
10
14
24
19
19
42
17
27
23
17
13
10
19
12
48
8
8
34
11
10
15
4
21
16
9
12
14
9
15
15
10
19
17
17
12
6
6
13
4
10
21
12
2
14
17
10
17
14
12
11
8
21
6
14
4
17
2
4
8
15
8
12
13
12
14
0
0
0
0
0
0
0
0
0
0
0
0
0
0
0
0
0
0
0
0
0
0
0
0
11
8
6
14
15
6
38
10
10
12
8
0
4
93
10
10
10
13
12
11
8
6
0
0
0
0
0
0
0
0
0
0
0
0
0
0
0
0
0
0
0
0
0
0
0
0
0
10
8
19
21
17
10
8
4
4
6
12
2
0
0
0
0
0
0
0
0
0
0
0
0
0
0
0
0
0
0
0
0
0
0
0
0
14
8
6
12
8
10
12
6
10
16
6
6
10
12
4
4
10
10
12
10
12
14
9
13
71
17
6
14
17
14
31
23
10
8
10
10
10
21
13
17
8
8
10
14
21
16
8
14
15
10
13
9
19
8
11
11
10
12
12
17
19
14
8
6
13
6
4
11
10
9
10
4
6
8
21
10
6
25
10
17
17
8
14
14
15
66
14
7
10
19
14
4
10
15
10
25
10
8
18
15
15
17
15
19
8
17
23
12
0
6
4
21
19
17
13
20
17
10
23
10
2
17
20
8
6
35
10
10
10
12
14
12
60
12
17
15
18
10
19
11
31
27
12
10
17
8
21
8
9
12
14
12
9
16
17
11
4
6
9
19
12
11
12
17
23
14
14
11
17
13
19
8
21
10
17
23
11
8
8
14
13
15
6
10
4
16
13
14
14
13
10
17
17
21
15
14
12
17
17
15
17
15
9
11
16
24
6
23
9
19
12
17
15
9
10
10
14
4
19
12
12
8
14
12
13
14
12
6
15
13
8
8
9
8
13
13
11
8
8
11
8
13
10
10
25
12
10
17
14
2
10
14
31
27
6
8
14
19
8
23
12
17
19
15
15
14
4
8
8
10
19
12
8
10
21
14
15
24
15
8
10
13
12
29
4
14
14
19
12
8
8
6
8
17
12
17
14
4
19
12
12
15
6
11
13
6
12
12
15
29
14
6
6
10
10
6
8
10
14
10
4
4
6
10
6
10
11
13
11
17
12
15
6
10
15
8
12
8
10
10
6
4
15
12
15
8
6
15
12
11
14
17
9
12
10
8
12
17
25
21
13
12
8
23
28
12
7
17
15
19
17
8
10
15
19
21
17
8
17
12
21
13
15
12
8
15
10
18
19
6
23
15
11
25
12
25
15
13
11
10
15
21
10
15
21
8
4
31
19
10
23
21
16
25
19
23
15
13
19
19
17
17
23
10
8
9
25
10
15
19
21
15
10
12
21
15
10
29
6
29
17
8
12
15
15
13
21
10
13
14
12
12
10
10
13
9
15
13
8
15
10
15
23
15
12
12
10
19
8
12
17
13
29
6
13
10
12
8
6
8
14
15
14
10
15
13
15
8
10
13
6
15
13
12
17
13
13
6
8
12
6
8
10
12
21
10
25
15
12
15
19
8
8
19
17
