11
22
9
3
67
16
31
14
34
11
19
38
6
9
15
3
40
7
11
12
36
24
26
11
8
25
3
3
38
11
19
0
56
8
30
18
7
23
17
31
39
73
18
16
38
7
28
5
11
16
21
26
66
15
8
17
7
26
58
5
11
16
12
0
4
10
14
1
43
5
15
12
5
7
3
7
66
6
8
3
16
13
6
12
9
13
7
3
52
7
15
11
32
0
5
6
27
9
3
10
10
23
8
3
3
7
1
27
10
33
16
11
9
7
25
27
25
7
9
7
10
3
7
26
68
12
8
39
3
46
7
10
13
61
72
54
16
8
8
24
4
37
7
7
11
1
7
3
7
18
6
4
3
3
60
7
11
35
9
5
7
82
17
9
32
20
26
1
8
16
39
7
16
66
20
12
16
28
22
12
9
5
7
18
0
0
0
0
0
0
0
0
0
0
0
0
0
0
0
0
0
0
0
0
0
0
0
0
0
0
0
0
0
0
0
0
0
0
0
0
0
0
0
0
0
0
0
0
0
0
0
0
0
0
0
0
0
0
0
0
0
0
0
0
0
0
0
0
0
0
0
0
0
0
0
0
0
0
0
0
0
0
0
0
0
0
0
0
0
0
0
0
0
0
0
0
0
0
0
0
0
0
0
0
0
0
0
0
18
5
15
41
37
15
18
15
34
26
11
8
21
16
0
0
18
15
18
32
32
23
5
12
11
45
8
18
36
60
39
15
1
24
21
7
16
30
24
30
15
12
27
39
11
22
16
1
26
14
20
23
40
25
13
24
39
26
7
13
20
7
30
5
24
25
37
47
41
12
28
26
26
8
10
15
26
43
22
0
21
13
24
39
19
18
20
20
18
26
20
22
28
43
23
14
26
16
15
15
18
47
22
57
12
17
11
34
10
27
21
52
38
27
9
7
12
24
14
12
9
28
31
25
38
0
32
43
21
23
0
51
7
19
3
14
21
12
17
14
35
1
0
42
19
37
0
31
36
1
31
60
47
22
37
12
21
7
13
57
41
27
18
32
24
52
24
12
3
8
6
35
9
22
30
33
31
25
8
44
17
0
47
41
17
75
31
32
37
32
14
58
9
16
40
21
32
24
18
35
54
0
0
0
18
25
75
24
57
36
52
0
61
25
30
38
9
14
10
17
18
61
28
30
20
30
19
32
32
15
21
24
15
27
28
8
16
24
25
15
9
12
29
18
19
0
13
35
24
20
18
37
20
8
20
33
0
29
15
15
12
37
33
39
9
10
5
29
37
31
10
13
9
25
10
25
16
12
8
4
6
13
10
15
6
1
5
0
0
0
0
0
0
0
0
0
0
0
0
0
0
0
0
0
0
0
0
0
0
0
0
0
0
0
0
0
0
0
0
0
0
0
0
0
0
0
0
0
0
0
0
0
0
0
0
0
0
0
0
0
0
0
0
0
0
0
0
0
0
0
0
0
0
0
0
0
0
0
0
0
0
0
3
27
1
20
22
31
10
17
18
45
0
1
23
15
38
51
39
63
1
14
18
43
57
34
20
16
30
24
17
50
27
9
21
20
26
42
26
11
45
53
46
40
31
8
18
13
20
28
30
8
12
20
28
10
24
26
36
13
8
14
0
1
20
21
14
26
28
83
45
24
12
31
26
29
19
20
38
1
0
31
45
9
12
1
10
15
6
32
31
13
37
32
14
26
29
20
30
5
12
25
22
34
31
13
27
18
37
43
54
6
27
25
32
1
16
13
34
19
15
35
24
12
8
16
29
33
8
23
30
24
23
20
15
17
37
19
13
44
28
54
22
25
8
17
5
22
47
16
29
13
64
1
16
24
0
21
20
23
28
66
51
22
34
37
35
28
47
32
28
37
9
18
63
21
28
36
11
32
25
8
14
0
0
14
33
22
14
15
0
12
28
13
13
26
19
38
21
12
21
26
25
20
21
7
17
6
24
41
31
4
17
8
10
43
13
10
13
18
8
12
7
7
5
10
11
14
12
11
5
11
11
66
21
61
10
6
12
30
11
14
12
13
13
15
11
5
9
17
12
6
11
16
1
18
23
9
11
11
19
14
11
6
7
11
11
1
0
16
9
17
12
15
15
8
8
3
9
14
21
8
15
13
14
21
10
14
7
1
1
5
11
74
8
22
19
38
54
21
9
11
0
3
62
29
14
20
26
33
29
18
7
18
16
42
77
18
32
23
36
9
60
39
9
10
10
15
39
41
15
46
33
60
63
69
50
11
11
12
17
40
53
18
13
32
51
1
9
22
35
32
32
32
22
0
26
19
35
0
37
31
18
18
7
24
16
0
9
40
18
26
53
10
10
11
72
18
55
11
13
15
32
51
50
39
12
21
54
33
47
39
29
36
21
51
26
19
22
9
38
3
22
13
8
20
24
40
42
16
18
13
7
23
38
3
13
9
16
10
10
11
25
31
18
44
23
20
65
37
38
35
8
9
25
16
49
35
37
21
72
8
20
34
17
17
38
36
28
27
11
36
21
12
26
28
9
20
9
5
22
23
28
22
20
18
27
7
1
7
47
17
27
16
20
13
9
27
8
13
27
25
15
30
14
3
7
22
30
16
24
19
1
4
54
29
32
35
40
17
59
6
9
15
0
0
0
0
0
0
0
0
0
0
0
0
0
0
0
0
0
0
0
0
0
0
0
0
0
0
0
0
0
0
0
0
0
0
0
0
0
0
0
0
0
0
0
0
0
0
0
0
0
0
0
0
0
0
0
0
0
0
0
0
0
0
0
0
0
0
0
0
0
0
0
0
0
0
19
9
15
16
17
8
10
7
11
10
8
8
15
7
9
11
15
12
11
15
0
10
11
13
1
8
11
25
10
10
25
10
17
12
19
23
14
10
13
16
17
20
10
13
22
29
4
1
4
6
15
17
15
5
10
7
8
10
0
12
8
5
17
23
6
10
10
16
13
22
14
7
9
12
11
11
17
5
11
16
3
11
14
21
8
13
16
20
23
18
24
19
14
15
16
27
6
9
20
23
32
26
22
33
15
24
33
0
15
9
16
19
9
1
6
20
20
21
18
26
15
2
17
15
14
23
6
14
10
14
30
1
18
10
9
8
26
29
6
31
21
20
23
27
33
6
11
13
15
5
19
28
0
10
10
12
12
15
22
11
18
5
10
6
9
15
19
11
10
10
13
12
9
13
34
8
16
1
12
8
6
9
13
8
12
21
9
23
9
9
25
15
12
11
8
11
13
17
8
19
23
10
15
11
17
8
31
13
11
8
13
7
18
12
