37
35
30
22
29
36
22
35
42
38
35
36
35
26
30
34
39
41
28
37
35
32
10
25
31
31
36
30
23
26
27
23
24
19
39
31
35
21
32
33
31
33
25
28
26
27
27
30
31
32
27
17
29
20
32
16
31
23
22
32
18
14
20
18
33
31
16
32
32
32
33
26
31
29
29
21
29
23
13
25
29
22
34
39
32
39
28
24
10
31
29
30
29
26
32
32
36
19
27
12
34
36
31
34
31
27
32
28
33
12
18
24
31
24
17
30
19
27
30
37
34
23
31
32
34
29
31
27
35
33
15
32
30
34
17
30
29
0
13
34
31
33
30
30
36
35
36
35
35
39
38
12
36
36
37
35
34
36
39
24
36
27
21
19
31
30
31
22
37
20
34
21
24
34
36
34
28
34
35
31
24
36
22
25
38
41
36
25
41
34
34
35
39
12
22
37
24
39
37
21
23
29
34
26
16
22
21
28
33
35
36
34
33
38
36
35
13
29
22
27
15
18
18
17
22
27
36
25
34
38
38
34
31
43
37
31
37
19
38
33
19
37
28
31
33
38
20
36
23
38
39
32
36
36
20
22
33
33
27
36
33
33
32
36
40
25
31
32
27
34
37
37
36
33
38
20
35
34
43
27
34
29
33
15
23
32
38
33
27
16
31
31
33
23
19
23
37
32
25
27
16
35
29
33
64
35
25
23
28
30
31
25
24
36
22
34
29
12
23
35
24
23
12
30
28
36
13
42
15
29
46
39
27
24
31
40
34
32
38
17
37
29
34
20
32
12
33
34
26
10
13
32
34
19
38
32
28
20
38
36
29
21
36
28
35
37
18
32
34
31
24
31
13
28
37
28
37
35
25
39
37
29
30
20
41
32
32
17
29
24
33
31
27
27
20
34
21
14
21
16
23
32
39
33
28
23
37
39
25
34
23
27
37
33
28
40
27
32
15
35
41
15
35
31
36
36
34
21
34
31
29
35
26
37
33
35
21
33
22
30
36
19
29
29
34
36
34
28
37
22
38
34
34
14
29
27
33
31
26
21
20
32
25
18
25
23
19
20
26
23
25
15
22
29
42
15
33
25
21
30
29
21
24
34
33
25
34
34
32
36
31
16
20
40
27
30
32
36
25
21
27
27
33
30
14
31
35
25
28
14
18
38
34
31
35
25
36
40
29
40
36
33
37
30
41
22
21
38
30
20
25
20
25
39
40
34
28
31
31
35
1
19
36
13
28
38
36
26
22
38
40
21
34
37
34
36
34
38
33
36
26
41
39
34
18
34
39
34
41
37
36
11
39
34
17
39
36
30
40
34
35
38
40
38
30
27
37
28
39
37
25
41
41
32
16
18
28
26
37
39
38
41
36
42
36
22
20
41
33
36
37
42
19
34
37
36
42
26
39
40
39
15
38
36
32
40
10
23
24
23
28
38
29
15
40
37
38
31
40
25
40
26
35
44
38
36
39
37
28
22
29
40
43
34
45
41
23
33
40
42
42
30
43
22
25
38
27
31
36
34
25
40
33
31
33
38
25
42
36
40
35
41
44
43
29
27
27
40
38
40
39
21
39
44
28
42
37
33
34
35
43
35
32
25
40
23
38
38
37
42
39
35
28
33
41
37
32
41
27
37
37
40
27
41
40
38
25
40
40
33
38
40
27
35
38
38
40
37
45
37
39
28
27
39
34
31
37
36
13
24
19
37
36
39
40
40
36
39
40
33
35
26
30
21
37
38
36
35
40
37
39
42
10
26
37
37
24
24
38
33
39
26
36
16
33
28
35
43
37
29
18
23
38
30
36
43
31
37
18
37
20
37
35
37
27
25
38
41
33
38
27
32
34
20
40
32
30
40
39
40
33
28
12
19
41
14
15
6
23
34
21
33
20
12
9
10
8
18
14
14
12
23
1
3
7
5
10
7
27
11
10
5
6
7
9
8
6
9
5
1
7
3
3
12
24
19
14
33
22
18
36
10
12
13
11
29
21
7
8
11
15
17
6
0
10
16
12
19
6
36
17
21
9
1
17
25
10
24
36
22
12
15
14
10
19
14
34
12
14
11
19
35
28
26
5
18
32
39
13
15
21
10
40
39
21
17
8
17
13
42
25
27
33
35
41
32
24
11
36
37
37
40
22
44
40
28
36
26
42
29
42
40
42
37
24
31
33
39
39
29
47
21
41
30
25
27
37
40
34
35
28
22
40
42
42
16
34
38
21
27
24
42
35
30
23
39
41
32
40
37
39
22
25
36
32
40
39
39
22
46
35
42
32
39
42
34
31
41
29
16
31
41
24
39
36
46
39
22
21
27
16
30
40
42
29
44
34
35
34
42
29
32
41
41
37
37
32
27
37
32
12
38
42
24
35
41
25
27
38
42
30
35
17
23
34
23
42
37
34
42
24
41
42
34
42
27
42
42
29
43
37
43
27
38
29
38
41
40
27
34
40
24
42
20
30
32
42
39
30
40
42
24
31
17
25
28
26
42
26
38
30
38
33
34
42
41
33
27
37
39
36
25
32
19
17
25
28
19
18
34
18
16
27
12
30
37
22
13
21
24
8
33
22
10
11
10
42
13
32
24
31
11
23
15
12
16
8
17
26
38
3
15
22
29
36
40
39
38
37
29
39
24
32
32
37
17
37
37
42
38
37
25
40
42
33
32
25
37
44
27
36
39
25
39
39
41
35
41
39
46
40
42
28
25
37
25
19
18
26
34
29
30
30
23
37
27
44
34
30
32
43
40
44
12
20
10
37
37
34
37
45
19
36
38
40
38
33
40
38
36
37
43
38
43
27
23
38
24
32
35
21
20
21
40
37
40
31
47
22
38
39
36
44
33
35
38
40
35
42
23
37
27
26
28
39
51
40
36
45
23
35
44
25
35
46
39
37
34
22
37
22
33
40
35
20
40
31
25
44
37
33
30
42
36
40
43
27
42
25
40
29
26
39
31
36
35
32
32
38
24
36
38
40
26
41
34
45
38
32
43
32
41
40
36
35
42
38
41
40
36
26
37
44
45
40
36
42
42
40
39
31
42
27
21
34
38
40
39
39
42
40
38
46
23
38
33
34
32
31
39
41
38
37
33
23
44
33
22
39
42
31
23
43
39
41
26
45
43
35
31
42
19
25
27
24
44
24
28
38
44
38
41
21
38
12
21
39
40
28
17
20
29
43
35
16
29
24
23
43
23
38
35
40
31
36
24
44
39
19
40
27
34
41
13
41
39
36
21
30
18
38
34
41
11
36
20
35
28
21
41
