17
6
14
10
17
17
17
17
12
25
12
10
17
8
19
10
16
8
15
14
12
8
19
25
14
12
6
12
10
21
14
31
14
21
10
17
14
16
29
8
12
17
10
29
17
27
17
10
29
12
23
47
17
27
16
10
16
17
25
35
41
6
25
6
15
25
8
12
21
14
10
23
19
16
10
21
17
27
21
16
27
23
6
21
16
21
19
14
16
17
21
21
14
37
14
37
15
14
12
16
14
16
6
8
14
14
6
8
6
19
14
6
8
8
21
8
12
10
10
4
17
11
10
8
14
6
8
14
17
17
10
12
14
4
14
10
16
10
21
6
12
15
21
10
19
4
8
10
14
23
17
14
6
10
16
17
14
15
16
4
19
12
12
8
21
6
16
17
17
12
10
8
10
14
21
17
16
6
19
23
14
16
14
15
21
6
31
19
19
10
58
14
17
39
52
10
37
47
21
39
37
37
47
12
25
8
23
39
14
31
27
33
16
35
25
16
17
19
23
29
31
43
29
31
27
48
19
21
40
29
27
54
31
21
23
25
23
23
33
31
23
27
27
10
8
52
12
31
31
12
29
27
56
64
19
31
14
25
31
19
8
8
23
54
21
25
27
12
25
15
16
25
41
19
12
17
21
19
8
4
17
19
12
23
12
15
25
15
31
21
23
17
58
25
12
11
27
19
13
8
15
8
8
4
8
16
21
52
14
19
35
21
15
19
21
21
27
17
19
25
33
15
25
39
29
16
12
27
31
12
25
39
31
14
18
10
10
21
21
19
10
14
6
17
19
17
19
14
12
8
10
35
17
19
17
23
19
17
31
21
10
19
12
12
14
23
25
17
14
31
14
47
14
15
23
27
25
29
39
15
21
14
14
6
27
8
8
10
17
6
8
14
16
12
14
8
10
12
4
21
14
14
17
8
12
4
15
12
19
8
12
27
10
14
17
15
14
14
15
8
10
31
16
10
23
6
14
12
14
10
10
16
25
10
19
14
21
23
10
23
10
10
29
12
16
23
19
8
14
15
17
19
14
4
17
12
23
16
10
23
15
14
16
8
23
8
10
12
16
19
10
4
29
12
6
19
19
41
14
15
31
37
27
10
81
10
58
25
29
77
64
47
31
10
52
10
23
44
14
12
41
19
10
31
27
29
35
8
10
10
43
8
39
25
37
10
12
21
10
8
46
17
25
21
27
27
23
19
19
41
14
21
14
17
29
19
29
23
25
33
23
21
14
14
19
16
23
12
12
12
16
12
14
33
8
12
14
56
19
27
25
12
17
25
17
23
14
16
23
14
25
12
6
14
8
21
27
17
73
31
27
15
39
54
13
31
44
35
29
14
4
12
16
8
14
12
16
25
8
17
12
17
12
31
19
33
12
21
16
25
14
25
21
35
8
16
15
23
35
10
29
17
16
23
48
17
25
27
19
27
23
27
17
23
23
14
21
12
17
25
31
27
29
49
23
14
17
52
27
29
43
25
12
29
12
12
27
23
27
16
23
10
16
21
23
8
17
25
6
25
19
10
10
14
10
12
21
10
14
19
16
12
14
17
12
14
12
10
14
8
14
2
14
10
8
6
8
10
8
17
15
4
8
10
6
8
8
10
12
15
16
8
12
19
17
14
14
4
8
8
14
8
11
12
17
8
12
14
8
8
8
10
17
4
12
8
4
12
10
12
21
6
8
10
16
8
6
14
14
17
14
21
12
6
10
21
17
16
12
6
16
12
14
8
37
17
25
23
25
19
14
31
23
39
31
15
27
48
16
19
16
31
25
12
19
10
29
33
37
23
35
14
35
17
31
17
39
21
35
10
17
10
41
8
39
27
27
27
21
23
17
23
25
45
10
27
35
45
17
19
21
27
19
10
19
37
17
15
33
6
14
8
10
14
12
17
25
17
21
17
14
10
31
10
23
8
10
25
19
15
21
27
12
17
10
14
25
8
21
21
29
19
33
8
8
8
4
6
6
6
2
6
6
6
6
4
2
6
6
2
4
6
4
4
2
4
4
8
2
6
6
10
6
8
2
4
5
52
0
2
4
4
2
6
8
7
2
2
4
4
6
2
2
6
2
4
6
6
6
4
6
4
0
6
4
2
0
4
4
4
2
8
6
8
6
8
6
4
6
4
6
8
8
8
16
10
8
6
8
8
8
8
6
6
4
4
10
10
4
4
2
8
4
4
9
6
4
4
6
0
0
6
4
6
6
8
4
6
2
4
6
8
6
6
6
4
6
5
6
4
6
8
4
10
6
7
4
6
6
6
6
2
7
12
6
5
6
8
10
10
6
6
9
14
4
6
6
8
8
8
4
10
4
9
4
4
2
6
6
12
5
2
4
7
8
8
12
8
12
8
10
8
14
8
4
11
10
10
4
10
4
4
8
10
6
6
6
8
4
5
8
2
12
9
10
6
7
9
8
4
10
8
6
4
4
4
4
4
6
6
6
4
9
6
4
4
4
4
2
4
4
2
2
5
4
4
2
2
6
2
6
6
4
4
8
2
4
2
4
2
4
4
4
0
2
2
5
4
4
0
0
0
0
0
0
0
0
0
0
0
0
2
0
2
0
0
0
2
8
0
0
0
0
0
0
0
6
2
2
0
0
4
5
0
4
6
0
8
8
6
6
4
4
6
4
2
6
2
4
4
2
5
4
8
8
2
2
4
4
2
2
0
2
2
4
4
6
4
6
0
4
2
8
4
4
6
4
4
2
4
2
6
2
4
4
4
2
4
8
2
5
4
2
6
4
4
2
6
4
4
6
4
4
4
6
6
4
6
4
2
2
0
4
4
4
2
5
4
4
4
4
6
2
6
2
4
55
4
2
5
2
4
6
2
2
8
6
4
4
4
6
6
4
2
6
4
6
4
7
2
2
6
2
4
4
2
6
6
4
6
5
4
7
8
4
12
6
6
0
2
8
2
4
8
4
35
10
4
5
8
7
6
7
6
12
6
4
6
4
4
10
8
6
8
2
4
4
6
6
8
7
6
9
14
8
12
8
7
4
6
5
6
4
4
4
10
0
8
8
2
8
8
0
4
10
10
8
10
4
0
4
8
14
2
6
7
8
8
10
8
0
10
8
8
10
8
6
4
16
15
6
8
6
6
2
8
6
8
6
4
8
10
4
4
2
4
2
8
4
6
6
8
6
6
6
2
7
6
4
10
4
4
8
6
4
8
6
4
2
6
9
7
4
6
2
4
2
4
4
7
4
8
0
4
6
9
6
4
6
6
6
4
4
6
4
6
2
4
4
8
