1
0
0
0
0
0
0
1
0
0
0
1
1
0
0
1
0
0
0
0
0
0
0
1
1
0
1
0
0
0
0
0
3
0
0
0
0
1
0
1
1
84
0
3
0
0
0
0
1
1
0
0
1
0
0
0
0
3
7
1
1
0
3
1
3
1
1
0
0
1
3
0
0
1
5
0
1
1
3
1
1
0
3
0
3
0
1
0
0
1
0
0
5
3
1
1
0
0
5
0
0
5
0
3
1
0
0
1
85
1
15
1
3
3
1
0
0
0
0
1
0
1
0
5
1
3
1
0
1
7
1
5
0
0
0
3
0
3
7
1
0
1
0
1
3
0
0
1
3
1
1
1
3
0
0
1
1
5
0
1
1
0
0
0
1
1
1
0
3
3
3
1
7
1
7
0
1
1
3
7
9
0
1
3
3
3
1
3
0
0
1
1
3
0
0
3
1
0
1
1
5
0
3
0
9
3
0
1
1
0
3
3
3
0
0
1
1
7
0
5
1
3
1
1
1
3
0
1
1
0
3
0
0
3
0
1
1
0
0
0
0
0
0
0
1
0
0
3
0
0
0
1
0
0
0
87
1
1
1
0
0
0
0
1
0
0
0
1
0
0
0
0
0
1
1
3
1
3
0
0
0
0
1
3
0
1
0
0
5
0
1
3
0
1
1
3
1
3
0
0
1
1
1
1
1
1
3
5
5
1
0
1
3
5
0
1
1
3
1
0
1
3
1
0
1
3
3
7
1
3
1
1
3
1
7
0
3
0
0
1
0
7
1
1
7
0
3
1
0
3
1
5
3
1
5
8
15
1
1
0
5
0
3
0
1
0
3
3
5
1
1
0
1
3
0
1
91
3
0
1
1
3
1
0
1
0
12
0
1
0
0
0
0
0
0
0
0
3
0
3
0
96
0
1
0
1
3
1
3
0
0
1
0
5
1
3
3
0
1
1
1
5
5
0
7
76
9
3
1
11
1
0
3
0
1
0
1
5
5
1
1
0
1
1
1
57
3
0
3
0
0
0
1
1
1
0
1
0
0
1
1
3
1
1
1
3
0
1
0
3
0
1
1
1
3
3
0
0
1
1
0
0
0
1
0
1
0
1
5
0
3
3
0
0
7
1
1
0
0
1
0
0
1
0
0
3
1
1
0
1
7
3
15
1
0
1
0
0
1
5
1
1
3
0
1
0
1
5
1
1
0
1
1
3
3
3
0
0
0
1
1
3
64
0
7
0
1
1
0
0
13
1
1
0
0
7
1
0
7
3
11
7
3
1
8
0
3
0
1
1
1
0
0
0
3
0
1
1
3
3
5
1
3
5
0
0
0
5
1
1
0
0
1
1
1
3
1
0
97
1
0
1
0
0
0
0
0
0
1
0
0
1
0
17
0
3
0
1
0
0
0
0
92
0
1
9
0
1
0
0
0
3
17
3
1
5
1
0
1
1
1
5
0
0
3
0
3
1
0
87
1
1
0
3
1
0
0
1
0
3
0
5
1
0
5
0
0
3
0
1
0
3
3
11
1
1
0
1
77
1
3
1
1
1
1
0
1
1
0
1
3
3
88
3
5
0
1
0
1
0
3
0
1
1
0
1
1
94
1
5
0
5
3
88
1
5
1
3
0
1
1
3
0
1
3
0
1
0
0
0
0
0
1
0
0
1
1
0
1
3
1
1
0
1
0
3
1
3
3
0
3
0
1
1
3
3
1
1
3
3
1
0
0
0
0
0
0
0
0
1
0
0
1
1
1
1
5
13
1
0
0
1
0
0
1
1
3
1
1
3
3
3
3
1
1
1
1
8
0
0
7
1
1
0
1
3
3
5
1
1
1
0
3
0
1
1
12
5
0
1
0
1
0
0
0
0
7
1
5
0
1
0
1
1
0
3
0
1
1
1
0
0
3
1
3
3
1
1
1
0
1
0
0
3
1
1
1
1
0
1
3
1
3
1
1
1
0
1
1
0
0
3
0
0
1
1
5
3
3
0
1
0
0
0
7
0
3
3
3
1
0
1
84
1
0
1
9
3
0
1
0
1
0
0
1
0
0
1
1
0
1
1
0
1
1
3
1
0
1
0
27
0
1
1
0
1
0
0
0
3
1
1
3
0
1
0
0
0
28
1
1
9
3
3
3
7
1
0
3
0
1
3
1
1
3
1
0
3
0
1
0
1
1
0
0
0
0
1
1
1
0
3
0
0
0
1
0
5
0
0
1
0
0
1
90
0
1
3
1
5
3
0
0
0
3
0
3
1
1
1
0
3
1
1
0
3
1
0
0
94
1
0
3
1
1
1
0
1
1
1
0
3
1
1
1
0
0
3
1
1
0
0
0
1
1
0
1
3
0
1
0
1
0
1
0
3
1
1
1
0
0
1
3
3
1
3
1
0
3
3
1
0
0
88
17
0
3
1
77
0
7
3
1
1
0
1
3
3
1
0
5
88
1
0
5
3
0
3
3
1
1
1
1
5
1
1
0
3
0
1
1
1
1
1
3
0
1
1
1
1
1
0
9
0
0
0
0
0
0
3
0
1
1
1
1
0
0
0
1
3
0
1
1
3
1
3
1
0
1
0
0
1
5
1
7
5
94
1
0
3
0
5
0
0
1
0
0
3
0
0
1
3
0
3
3
0
3
7
0
3
5
3
0
0
1
0
1
39
0
1
1
0
0
5
0
92
3
0
1
1
7
0
0
0
5
1
0
0
0
1
3
0
1
3
0
1
1
1
20
0
3
3
3
1
0
1
0
9
1
3
0
3
1
0
7
3
0
0
0
5
1
1
3
1
3
3
1
0
1
1
7
1
1
1
1
1
7
0
0
0
1
5
1
1
3
1
1
7
0
1
94
0
1
0
1
1
0
1
1
3
9
1
0
0
5
1
1
3
3
0
1
0
0
1
3
1
1
0
0
0
3
1
0
3
1
3
1
0
0
1
1
1
1
0
1
5
1
1
0
37
5
7
1
1
0
1
0
3
0
5
1
56
0
1
0
0
1
1
1
1
1
1
3
0
1
3
3
0
0
1
3
0
0
1
5
1
1
1
0
0
1
3
11
0
0
1
5
1
0
0
0
1
1
3
1
0
1
1
0
0
0
0
1
5
0
0
1
0
3
9
1
3
0
0
0
0
0
0
83
0
0
1
1
1
7
0
1
1
0
0
1
9
0
1
63
0
1
0
1
0
1
0
92
0
0
5
1
1
3
1
1
3
0
7
0
1
3
0
1
1
3
1
0
1
0
5
1
1
1
1
