0
2
4
2
3
0
0
0
0
5
0
2
1
0
0
2
4
0
2
2
4
9
0
2
0
4
0
0
0
2
2
2
2
2
2
5
4
4
0
2
4
2
2
6
4
5
0
6
0
0
0
0
0
16
0
3
4
4
5
2
2
2
4
1
3
4
4
0
4
5
2
4
6
0
4
2
3
0
4
0
2
0
0
3
2
6
9
0
2
0
2
2
0
6
5
5
2
0
4
0
2
3
2
0
4
2
0
2
2
14
3
0
0
4
4
2
0
0
6
2
0
0
2
0
2
4
2
4
0
0
0
4
2
2
0
2
2
0
4
0
2
0
4
2
0
2
2
2
2
2
2
2
0
2
4
2
2
2
0
0
2
1
6
2
3
4
4
2
0
0
0
4
4
4
2
2
2
4
0
0
4
2
2
2
2
0
2
4
4
5
2
2
0
0
17
2
3
2
3
2
2
0
2
0
0
5
2
0
2
2
0
1
2
0
2
1
4
7
0
6
5
0
5
2
4
2
0
25
0
18
2
0
2
4
4
2
0
0
2
2
0
0
0
0
0
2
4
2
0
0
0
4
0
4
2
0
2
4
11
4
2
3
0
5
2
4
2
0
4
2
2
0
0
0
2
3
5
2
0
2
0
5
6
4
4
2
2
4
0
2
5
0
2
0
2
5
90
2
6
7
5
2
4
2
0
6
2
2
1
2
0
2
3
5
0
4
2
2
74
2
4
2
7
41
2
0
2
2
2
79
2
2
0
4
4
5
2
0
0
0
75
0
4
0
4
4
10
2
0
4
43
5
2
0
0
0
2
0
10
0
4
2
0
2
2
0
2
2
2
0
0
2
1
0
6
0
3
2
57
2
2
0
0
2
4
49
4
2
10
2
2
0
54
0
2
2
6
0
66
0
4
6
0
2
16
0
2
13
12
13
0
4
6
70
2
2
2
4
2
2
24
0
3
0
0
5
4
2
2
0
4
0
0
4
2
4
17
2
2
0
2
0
0
2
2
2
0
0
2
0
0
0
0
2
2
5
1
2
2
3
2
5
5
2
2
0
3
4
2
2
2
35
0
4
2
2
0
0
2
2
5
0
0
4
4
0
2
2
3
0
2
92
0
0
2
2
0
2
2
0
0
2
5
4
0
2
64
0
0
4
3
68
10
0
0
2
0
0
0
0
17
2
0
4
0
0
2
2
2
3
0
0
33
0
0
2
4
2
0
0
11
13
26
4
2
4
23
2
2
0
2
2
4
61
4
4
66
3
2
2
3
0
2
2
2
0
0
2
0
0
2
2
4
0
22
2
5
0
6
2
2
0
7
2
2
4
0
2
4
3
0
2
4
2
4
2
2
1
3
2
4
4
0
0
2
2
4
0
2
0
2
2
0
0
5
3
0
15
4
0
2
2
4
0
12
3
3
2
5
0
4
3
2
2
2
0
0
2
0
5
2
0
2
2
2
0
0
2
4
2
0
2
2
2
0
0
0
5
2
3
0
4
2
0
8
2
0
4
3
7
2
2
4
3
3
2
5
0
3
5
0
0
3
0
3
3
2
1
5
1
2
1
2
4
2
2
4
2
2
0
0
7
2
0
3
0
2
0
2
2
12
0
2
2
2
0
0
2
0
3
3
4
0
0
0
0
6
2
4
5
0
3
4
0
4
4
2
0
2
2
3
0
5
3
2
0
7
13
2
2
0
2
9
4
4
2
0
2
2
0
6
2
0
2
2
0
2
2
2
5
2
4
2
7
0
0
0
2
0
0
3
2
3
4
2
0
0
3
0
4
0
3
4
2
5
6
0
4
2
2
0
5
3
2
2
2
1
0
2
0
4
2
1
2
0
4
2
0
4
2
0
2
3
4
2
0
3
2
0
2
3
5
4
3
4
1
0
1
1
2
2
0
0
1
0
2
2
2
5
0
0
2
3
2
4
4
8
2
2
0
2
3
0
2
9
11
2
14
3
13
7
12
19
12
5
15
11
7
27
2
10
38
27
10
32
7
31
13
4
5
9
0
14
22
24
7
21
21
7
15
7
13
21
19
7
0
10
5
27
2
14
10
7
5
14
0
11
18
16
15
0
17
14
9
10
14
38
24
10
13
16
17
14
30
10
5
21
24
5
7
4
19
28
2
12
19
20
17
11
11
5
34
2
10
19
18
5
0
14
14
8
33
26
2
23
2
7
3
10
8
4
19
0
4
2
12
14
11
11
14
9
8
2
0
92
0
5
2
21
2
0
15
19
12
0
21
7
6
17
9
7
7
12
16
10
0
22
36
18
53
13
16
28
2
0
9
75
12
9
66
4
2
10
0
2
2
19
9
0
7
10
2
8
2
6
15
27
0
0
5
12
17
6
5
14
15
28
2
11
4
4
5
18
2
9
2
14
8
11
70
28
12
12
7
5
7
0
5
3
7
7
17
28
0
36
21
13
11
3
16
21
5
12
73
20
0
8
10
0
14
17
9
17
67
6
26
58
14
19
14
9
20
12
8
0
23
22
0
36
5
15
26
5
17
29
78
14
72
8
12
8
10
12
0
9
19
17
5
3
7
11
11
5
29
5
19
7
3
85
14
16
9
8
17
7
3
17
14
8
9
12
19
2
7
10
14
5
17
10
21
9
23
6
17
12
10
21
21
19
21
22
7
12
10
18
19
10
14
17
7
7
36
20
4
12
0
2
17
8
23
14
18
7
16
6
13
15
18
10
42
5
10
7
9
6
8
2
11
20
18
7
19
9
11
9
17
13
10
13
2
2
7
16
18
5
3
10
12
16
10
3
14
9
12
9
11
0
19
28
7
22
0
7
2
10
15
19
21
12
14
11
0
12
7
24
19
7
9
20
24
9
26
12
31
9
19
19
4
12
12
11
9
14
6
31
31
7
0
2
4
10
8
10
33
10
5
13
18
15
12
0
4
19
17
7
18
10
12
9
15
0
25
12
15
13
16
7
18
21
28
7
7
24
21
2
0
2
4
14
5
8
12
3
20
14
4
12
14
12
19
11
15
7
15
6
2
2
0
14
22
8
4
2
2
6
17
5
0
0
9
18
5
6
9
2
7
15
76
5
0
16
16
12
12
14
4
0
23
5
7
9
14
6
9
15
19
17
24
5
18
16
12
5
6
10
8
17
23
24
4
9
24
75
14
23
14
5
12
10
26
9
24
14
9
12
16
9
16
12
12
8
14
0
0
7
20
21
10
4
14
13
9
15
21
16
10
20
9
12
7
12
10
2
4
2
11
8
16
13
21
