11
19
19
15
9
19
17
31
11
17
27
3
13
25
19
3
19
11
3
17
5
15
15
27
29
9
7
25
17
23
13
33
13
27
7
11
9
9
29
23
13
68
9
31
9
5
5
2
15
9
9
15
3
25
3
7
7
29
3
15
9
7
21
3
3
17
21
9
5
5
15
13
13
7
3
9
3
13
9
5
3
17
5
19
9
7
7
7
2
3
19
9
11
7
3
17
7
3
9
5
3
19
13
5
21
11
15
5
15
15
7
7
7
7
11
2
19
5
7
13
9
11
11
9
11
13
11
7
3
7
7
9
11
9
5
5
15
7
5
5
9
5
9
9
2
7
11
11
5
13
7
5
2
9
15
15
15
82
27
29
9
21
23
33
23
17
17
68
21
11
68
23
25
31
29
21
11
15
29
27
11
19
42
33
45
13
35
17
62
21
23
15
9
11
11
23
35
39
21
76
25
29
11
60
33
23
41
21
49
35
21
62
45
13
37
13
19
27
70
27
31
23
15
50
30
25
37
21
31
30
17
31
52
31
48
7
11
21
13
13
39
13
33
23
13
21
33
17
29
19
27
33
21
15
23
21
13
19
15
25
48
13
13
23
11
29
35
13
13
9
11
58
13
25
41
11
27
9
13
23
15
21
23
27
29
29
21
21
11
11
9
19
11
0
19
15
23
3
17
21
7
27
17
7
7
21
21
21
11
7
9
11
9
17
15
11
23
15
17
21
11
9
15
50
21
27
31
19
15
19
46
15
13
23
29
3
7
13
13
9
11
7
5
13
5
5
7
9
3
9
5
3
9
9
7
11
5
9
11
13
7
15
2
17
23
9
7
15
3
7
7
15
15
13
17
15
17
7
5
5
21
9
7
15
11
23
19
9
3
35
7
7
5
11
15
3
19
7
25
17
3
25
13
9
7
1
7
23
7
19
2
19
11
13
5
11
21
15
11
5
7
23
13
11
19
13
13
21
11
11
9
9
13
5
13
11
3
23
13
29
0
2
11
25
47
13
11
43
9
21
17
37
45
9
33
41
27
52
11
68
19
1
42
44
13
11
66
31
19
41
19
13
41
21
25
68
45
31
33
21
15
7
13
15
21
47
48
5
5
25
21
35
31
7
21
19
11
37
41
60
15
9
21
11
21
64
31
19
35
19
11
76
39
5
39
13
21
46
35
39
9
33
7
29
39
50
7
7
11
11
0
13
11
15
25
9
15
7
21
7
15
45
21
17
5
7
37
25
23
17
3
11
13
11
9
7
37
3
19
11
11
7
23
27
11
19
29
17
23
31
15
31
11
15
27
23
9
5
9
3
19
13
11
13
11
11
15
19
15
19
11
9
17
7
15
13
11
19
15
7
5
2
7
3
23
19
11
9
19
13
17
13
5
7
9
11
7
2
13
7
9
13
5
35
15
2
7
9
21
5
27
35
7
39
13
38
19
11
5
9
5
29
7
9
7
2
7
9
13
3
5
9
3
5
7
3
7
15
5
1
3
15
5
13
15
25
25
9
13
7
13
5
7
17
5
7
5
3
13
7
11
7
25
23
5
13
7
17
17
5
19
9
7
25
7
9
15
13
27
15
15
7
9
5
11
9
9
5
25
9
9
5
15
7
7
5
2
25
19
19
13
19
17
19
13
9
41
19
17
23
15
7
9
27
17
15
11
9
13
19
13
11
7
7
15
25
7
21
21
17
19
13
23
13
17
23
15
13
39
11
27
21
23
11
7
25
17
21
15
29
11
11
17
11
27
21
35
11
13
9
23
7
19
37
27
7
11
23
11
5
37
19
21
15
11
29
60
9
17
21
7
23
11
13
17
17
5
5
13
46
5
17
5
11
5
11
41
13
11
13
31
25
7
5
7
9
23
11
11
5
13
13
13
21
23
7
7
15
3
23
25
25
33
9
5
7
7
35
23
5
11
21
9
9
17
11
15
19
58
7
13
7
11
19
25
17
39
39
11
5
15
19
13
11
29
15
11
29
9
3
19
13
7
25
3
13
25
21
7
5
9
7
21
17
5
21
7
3
3
9
5
3
13
5
19
13
9
9
7
3
17
21
9
13
17
7
9
3
25
2
9
19
19
9
27
33
0
9
3
15
11
9
5
15
17
9
15
2
3
9
19
9
15
11
49
5
27
9
7
5
2
9
13
9
15
25
9
15
9
5
5
5
3
5
25
7
9
7
11
11
19
15
21
9
13
9
23
17
15
7
7
5
11
19
37
7
37
9
9
31
21
33
5
5
11
5
17
13
11
43
19
9
19
11
13
11
23
17
7
13
23
5
21
25
17
17
21
5
17
15
5
5
13
21
23
23
27
36
45
15
9
7
19
13
21
11
13
17
25
7
13
11
7
9
25
64
11
13
11
31
17
19
15
13
33
15
19
9
9
15
17
31
17
15
9
31
19
7
23
17
11
35
3
7
23
9
35
5
21
23
15
11
25
9
5
5
5
7
7
19
15
13
9
5
5
5
27
9
7
9
5
9
3
23
5
3
9
5
9
19
31
11
9
7
3
9
13
3
5
7
5
7
2
5
5
9
5
2
3
11
7
5
5
2
5
7
3
7
2
7
5
0
5
5
9
5
3
9
13
15
2
5
5
7
19
0
7
13
2
5
5
15
9
3
17
7
11
7
17
15
3
7
2
2
7
19
9
15
3
3
2
4
15
11
2
9
15
2
7
2
13
5
11
5
7
3
11
7
5
9
7
7
5
9
13
3
3
5
2
3
5
19
9
15
3
7
19
2
5
0
0
9
9
5
5
15
4
2
7
9
13
5
2
15
7
17
2
5
3
7
9
5
13
5
11
11
11
9
5
9
7
7
7
3
7
17
2
3
7
13
3
7
13
7
5
7
15
2
19
3
2
3
3
11
9
3
5
3
23
0
7
5
5
11
11
9
9
3
3
11
9
19
13
7
9
19
9
11
9
7
15
13
23
9
15
23
5
11
11
19
15
11
11
13
17
5
5
13
13
3
11
9
5
23
11
13
21
15
5
11
15
5
5
17
17
9
5
2
9
15
11
17
11
15
15
25
27
5
29
9
3
7
9
31
9
23
5
21
17
25
21
15
9
3
11
11
9
9
17
11
11
23
9
11
11
27
11
9
15
15
11
9
2
7
15
13
13
7
21
33
5
15
7
11
2
7
9
5
11
5
19
29
5
7
15
9
15
7
7
7
5
9
7
9
5
7
25
9
17
3
23
15
2
3
7
2
19
5
13
9
3
5
7
3
5
3
13
5
5
7
