48
61
74
49
35
31
62
59
69
44
48
63
59
46
66
60
39
20
26
64
55
69
54
58
26
66
37
31
56
35
79
68
52
41
31
39
20
68
43
60
17
34
38
13
50
49
42
41
51
45
52
39
36
35
50
77
72
42
41
81
59
34
22
24
54
64
54
63
36
44
48
29
52
69
68
43
59
47
71
53
73
77
25
64
64
21
59
59
50
48
66
73
82
77
75
75
67
72
31
33
31
56
25
78
57
45
66
71
20
61
64
23
56
68
60
26
36
63
32
39
52
68
74
66
60
73
64
78
63
71
57
61
29
74
71
73
26
70
51
60
43
37
53
37
56
75
71
73
37
46
74
66
57
28
65
35
34
58
77
60
41
73
36
76
69
51
62
72
81
62
71
78
62
79
42
56
71
34
44
63
66
65
72
74
55
81
60
66
62
66
76
55
67
75
71
70
35
22
76
66
68
39
69
77
39
47
38
49
50
42
60
32
39
33
50
35
48
34
48
32
27
30
50
49
22
46
68
39
52
52
55
56
23
59
42
70
41
26
58
41
63
46
40
29
48
23
21
49
40
35
57
60
43
34
52
52
35
32
41
45
39
37
42
38
49
44
52
76
45
24
36
20
58
28
52
46
53
32
37
24
62
35
58
37
45
63
78
17
22
42
10
9
15
58
21
24
13
27
17
14
22
11
12
14
17
36
11
22
21
25
27
24
22
26
20
18
18
24
31
26
32
24
20
18
41
32
15
13
28
35
22
38
19
36
27
56
43
25
21
40
51
57
59
25
33
58
66
65
37
57
37
50
35
76
39
79
45
70
67
69
42
63
48
32
73
53
72
54
66
75
62
69
68
62
65
62
32
74
69
65
72
69
74
52
72
70
66
74
75
77
73
78
41
65
70
51
76
70
64
77
72
62
68
70
33
67
75
77
80
79
36
77
78
70
75
80
66
81
56
77
73
74
50
74
76
62
32
78
73
70
49
71
63
74
58
68
71
50
70
71
69
74
40
66
41
68
63
61
59
59
60
53
59
61
65
71
64
78
60
36
74
44
70
44
72
47
54
47
67
50
68
65
54
53
72
53
42
45
60
33
77
69
59
66
59
73
55
72
36
62
55
58
34
39
35
54
27
61
78
41
77
76
59
22
75
74
54
65
78
56
56
46
59
61
25
69
76
72
82
63
77
38
68
78
74
57
48
71
69
39
66
73
73
71
72
74
72
80
54
73
68
65
56
61
59
74
47
33
73
74
45
74
68
59
69
64
41
56
54
65
39
53
47
34
68
43
34
28
25
55
56
32
41
31
66
48
39
28
15
50
41
28
44
32
20
28
19
32
26
16
21
15
26
24
58
43
31
49
25
47
27
33
36
57
29
48
38
44
35
42
59
19
45
55
82
32
21
17
26
14
25
11
20
30
59
17
24
15
31
25
15
9
18
20
25
43
26
45
23
16
11
24
28
34
15
39
24
25
13
38
25
23
18
75
32
17
23
60
9
43
18
44
15
14
34
33
24
21
38
17
11
44
23
28
48
27
45
36
53
42
43
23
36
53
32
72
26
51
27
32
56
36
30
45
43
33
29
29
53
27
26
28
36
42
32
33
30
58
28
18
37
31
28
60
32
50
19
66
49
42
43
64
75
68
69
31
68
47
34
35
50
47
46
53
61
61
69
60
46
36
68
30
34
53
71
54
64
70
32
68
63
73
38
3
27
23
60
43
31
49
57
68
63
53
45
31
60
51
59
26
40
35
48
20
23
43
62
8
51
34
65
43
66
33
53
24
55
65
74
59
70
71
20
38
65
50
48
39
50
26
24
25
18
44
35
26
54
51
64
22
44
50
42
62
39
55
45
39
34
47
23
27
22
51
59
32
59
48
44
63
36
19
45
44
51
36
36
43
42
40
58
56
63
22
70
28
48
56
49
26
55
29
19
59
32
39
45
53
61
57
38
46
40
55
38
28
62
19
18
38
19
45
25
30
26
25
30
34
29
31
54
19
21
9
50
23
15
19
28
13
15
37
33
27
19
33
22
30
32
23
15
22
26
45
19
55
47
38
28
32
63
22
67
48
55
56
48
69
52
72
56
21
40
34
59
60
53
27
49
39
36
32
26
47
55
41
40
64
48
19
52
58
53
27
11
20
41
9
53
36
53
19
28
39
54
38
15
20
41
24
32
28
61
28
32
40
40
51
53
24
28
15
39
50
50
54
21
34
22
47
25
52
15
56
56
30
44
39
41
32
56
19
52
51
49
66
49
56
52
59
56
30
60
40
75
23
37
29
63
64
29
65
31
57
44
40
65
57
59
62
54
47
52
35
51
44
62
60
54
59
58
50
69
66
43
55
50
60
60
60
47
30
59
47
45
64
48
48
70
76
50
58
64
57
51
58
49
60
61
41
47
55
70
56
34
48
58
59
54
33
42
59
59
37
20
61
74
64
52
58
49
45
32
40
50
57
20
52
37
63
37
34
66
50
65
48
61
44
57
51
43
60
55
41
47
56
43
51
56
27
32
51
58
57
57
29
36
30
46
42
28
28
27
13
38
24
53
16
45
31
14
36
32
45
29
45
29
30
27
49
60
42
33
20
13
12
20
44
11
48
30
32
41
21
32
23
23
21
40
23
55
29
33
21
37
50
35
36
31
35
36
33
25
44
38
39
13
40
49
15
15
21
28
19
13
15
9
15
62
19
27
25
19
21
25
36
17
24
21
25
45
25
58
29
27
21
13
26
42
29
23
86
43
27
29
25
35
26
47
18
31
27
25
47
42
26
39
39
21
39
17
31
25
27
27
39
21
27
27
40
40
34
58
35
15
26
24
19
29
33
19
51
52
38
37
29
15
19
22
35
43
42
57
17
19
45
33
22
23
20
46
13
46
20
31
25
41
36
32
34
27
39
41
24
17
35
41
33
36
56
41
20
46
34
20
44
58
11
19
70
29
35
26
52
51
26
21
26
65
37
27
23
29
19
29
59
35
17
33
42
50
40
66
49
57
27
39
27
45
27
40
59
27
37
34
57
35
19
42
40
61
80
36
50
45
24
50
33
69
43
32
67
24
25
22
41
42
29
55
30
44
47
36
33
30
49
18
30
44
49
33
43
54
28
43
26
28
28
45
21
24
21
48
52
31
31
19
15
56
23
22
29
25
41
17
17
28
37
29
19
19
32
48
7
17
26
13
27
26
9
20
11
17
3
55
7
57
29
28
15
25
27
7
11
44
30
17
12
34
17
11
9
27
7
13
19
18
25
28
13
