27
12
19
17
23
8
10
17
14
8
17
8
8
8
12
4
6
16
8
10
14
18
8
29
18
23
14
27
14
19
14
14
12
14
16
23
25
27
25
29
12
6
14
16
56
31
25
23
18
16
25
12
21
27
27
53
16
16
18
19
29
21
16
10
23
8
10
29
25
14
19
8
16
19
21
21
23
17
25
10
37
2
29
33
17
21
12
14
19
12
16
19
12
18
14
17
25
16
47
17
25
33
72
12
19
21
37
37
12
14
27
23
12
33
21
14
12
39
39
2
0
35
27
27
14
25
19
41
39
33
53
37
29
52
12
45
64
25
12
39
29
14
6
25
53
10
14
41
21
12
31
10
35
0
25
12
14
31
14
10
21
12
18
25
18
10
33
12
12
31
31
25
33
33
18
12
10
12
18
23
37
14
33
12
10
29
19
14
14
23
12
29
33
12
23
35
19
10
49
17
18
18
29
21
60
49
60
64
10
18
14
35
17
10
23
41
12
19
16
10
10
25
8
6
21
8
27
10
8
8
23
21
21
12
4
16
6
18
35
14
19
19
4
10
4
6
31
6
16
8
8
19
10
6
29
14
8
35
14
25
21
10
14
12
10
23
6
14
10
16
21
12
12
10
8
6
49
18
14
8
12
31
60
49
21
16
23
27
41
12
10
14
10
15
15
10
15
17
37
17
23
16
23
21
17
25
19
25
21
14
8
12
19
47
41
25
54
21
14
54
14
23
8
27
12
14
0
27
16
14
19
18
14
35
14
12
16
48
16
23
19
4
19
21
25
16
12
25
29
16
21
21
31
43
14
53
53
45
29
14
46
76
17
45
47
23
66
89
27
64
21
10
62
10
62
16
8
41
49
35
25
10
35
39
29
14
49
43
43
39
33
31
10
14
66
14
47
10
12
10
41
39
43
54
23
37
23
49
12
47
8
23
39
41
39
19
25
58
31
68
37
45
37
10
35
45
19
6
21
23
17
35
31
48
45
50
19
17
33
10
54
49
33
31
25
14
17
60
64
12
25
33
31
29
43
14
19
39
43
18
12
19
43
18
10
12
8
14
10
10
12
12
12
29
6
16
8
48
10
8
25
25
56
10
12
10
8
14
16
14
41
10
12
21
10
6
10
8
12
6
45
10
35
17
41
21
6
23
6
12
16
4
17
12
10
16
12
43
13
10
8
2
27
27
41
19
15
23
8
10
14
12
8
6
10
6
6
6
27
27
12
19
10
37
17
14
27
10
49
8
10
21
12
25
12
29
12
6
8
8
18
8
29
12
18
23
14
19
27
6
18
33
17
33
18
16
8
8
12
8
15
12
6
8
8
23
8
6
12
11
8
13
12
12
19
11
10
19
35
6
10
8
14
14
21
8
10
19
10
25
4
8
6
8
4
6
21
12
12
12
8
4
19
8
10
10
6
8
6
12
8
16
23
17
19
23
14
19
19
12
23
14
16
21
15
14
19
43
35
21
14
21
23
16
29
35
23
31
12
10
43
16
35
33
33
0
33
35
29
35
35
66
37
17
25
19
25
35
35
60
27
29
27
21
56
17
43
43
35
18
23
37
35
45
17
37
41
37
62
8
70
12
17
17
43
54
76
27
12
52
12
14
70
17
18
18
27
41
31
21
51
14
12
18
55
25
37
12
12
8
62
23
33
14
23
19
33
47
43
46
56
16
33
47
16
33
8
55
12
78
15
19
37
23
18
18
12
6
8
8
10
6
8
14
12
16
14
10
16
14
4
25
39
4
10
14
8
10
12
12
6
10
8
8
18
19
14
8
25
18
31
15
8
14
10
17
37
18
23
16
8
10
43
12
60
18
12
4
16
10
10
8
23
8
6
21
16
14
17
16
33
12
14
19
8
21
33
6
10
18
8
47
33
19
29
8
10
29
8
12
27
14
21
10
55
8
14
19
12
10
23
6
19
14
48
18
14
23
29
41
58
25
16
23
6
12
10
8
12
21
12
8
8
10
12
37
4
6
8
8
10
12
2
14
6
10
10
12
8
8
6
8
10
10
12
8
10
2
18
20
10
8
6
2
14
29
8
6
8
14
14
12
8
14
21
12
10
10
16
18
10
14
16
10
20
14
6
8
18
14
12
2
12
12
12
18
10
10
20
4
12
14
4
6
4
6
39
6
14
12
8
10
16
12
8
6
4
8
18
10
14
8
14
4
14
12
18
18
8
12
16
8
14
16
12
10
14
14
6
12
20
14
25
10
18
16
16
10
16
33
18
14
18
14
27
19
23
37
14
12
18
12
20
16
16
8
10
18
16
20
14
8
14
16
12
12
18
20
14
18
16
16
21
14
29
23
25
16
19
20
29
14
29
23
21
25
20
29
21
14
33
14
16
14
16
25
19
25
16
19
25
18
14
29
25
12
18
16
27
10
21
21
16
21
18
23
23
14
33
25
14
25
25
20
29
23
20
18
12
58
14
16
16
27
10
23
20
18
14
12
27
18
43
19
12
23
8
6
14
12
20
8
10
14
23
8
35
4
8
23
12
10
14
18
14
10
4
12
12
14
8
10
12
14
10
12
10
2
12
14
10
18
20
8
6
12
12
10
14
10
8
16
12
14
20
8
14
12
12
10
16
16
2
0
2
2
2
27
2
2
4
2
2
2
4
6
2
2
2
6
0
6
4
6
4
4
2
4
2
2
0
4
8
4
0
2
2
4
2
4
6
6
4
0
2
4
4
4
2
0
14
4
4
4
2
2
2
2
6
6
4
2
6
4
4
4
4
4
2
2
2
4
2
4
2
4
6
2
6
6
4
2
4
0
6
6
2
2
2
2
4
2
4
6
2
2
4
4
6
2
4
4
2
2
4
6
2
4
4
4
4
4
4
6
2
4
6
2
4
4
0
6
4
2
4
2
8
4
4
4
4
4
4
2
4
6
6
4
4
2
2
8
25
6
4
2
4
2
2
2
4
18
2
4
0
4
6
6
6
20
8
4
4
4
2
4
8
6
8
4
6
4
4
6
4
4
4
2
6
2
2
4
2
2
6
4
6
4
6
4
2
2
4
6
4
4
6
4
8
8
6
8
4
8
4
4
2
4
0
6
6
6
2
4
4
4
8
4
2
2
4
8
2
2
2
4
0
4
2
2
4
4
6
4
6
2
2
2
4
4
4
2
2
2
4
2
6
4
2
6
2
2
2
6
2
4
4
2
4
0
6
0
0
2
0
6
6
4
4
2
4
6
2
2
4
31
2
0
2
2
6
2
2
2
4
2
4
2
0
4
