11
9
10
10
13
9
13
33
34
11
12
11
12
10
15
10
5
13
14
13
15
9
13
12
13
12
14
9
12
13
12
13
10
24
27
14
9
12
18
15
17
12
10
12
12
17
13
13
18
13
20
18
13
30
18
13
18
30
11
28
12
16
16
13
8
8
10
12
10
10
13
11
11
11
18
15
12
11
18
16
13
16
31
30
15
22
15
11
13
13
17
9
17
15
17
12
13
15
14
14
10
7
15
15
14
6
14
18
27
26
14
10
10
12
13
10
9
10
8
10
8
15
11
13
10
15
11
19
8
17
11
25
18
12
12
15
26
25
13
24
18
21
11
15
11
18
8
15
6
17
24
11
11
8
15
15
15
11
12
13
20
15
10
14
12
30
11
16
20
8
9
13
11
15
18
10
14
12
16
11
19
17
17
16
25
11
15
14
11
13
13
25
32
33
10
27
40
22
16
17
16
22
20
9
12
15
16
11
13
9
20
13
14
15
11
6
19
13
10
16
30
8
12
17
14
16
9
13
12
10
14
17
12
16
3
13
15
12
8
9
8
26
22
11
10
10
10
6
11
15
13
18
10
10
11
10
10
13
11
8
11
12
13
11
13
10
10
8
10
17
13
10
10
10
13
27
14
19
12
10
15
10
11
15
14
16
12
15
23
14
23
21
25
17
25
16
23
23
17
21
22
16
23
17
28
19
19
28
24
27
20
22
21
27
18
22
19
14
23
18
23
23
20
18
21
19
14
17
21
26
27
19
27
13
24
19
23
17
17
21
25
25
15
30
23
30
21
20
21
24
20
22
24
24
28
27
25
19
22
23
25
26
28
32
34
33
23
24
25
20
26
33
33
29
30
29
25
34
28
22
21
16
25
21
29
27
17
30
29
22
28
31
25
23
28
16
19
22
24
21
32
24
23
26
23
21
28
30
17
28
20
23
32
22
25
28
28
21
20
21
19
27
24
21
21
22
20
23
28
21
25
23
19
23
17
34
23
24
22
21
21
36
27
30
24
28
23
26
21
28
35
27
25
28
25
37
25
24
28
24
38
23
31
25
38
21
23
22
23
21
21
28
30
24
24
21
32
21
21
21
23
28
25
24
21
19
23
23
22
29
22
23
21
24
20
28
31
25
20
29
16
27
20
17
19
22
19
22
23
19
23
24
20
20
19
32
30
30
22
24
26
27
29
32
24
26
28
21
27
22
25
32
28
24
26
25
23
23
17
22
24
23
23
21
23
20
21
29
25
19
27
23
30
24
25
28
24
33
31
19
21
15
14
24
11
18
27
26
22
23
26
15
20
19
27
18
7
5
7
8
3
5
11
3
5
7
32
5
3
1
5
7
5
7
7
6
9
5
9
7
7
9
7
9
9
7
9
5
9
11
3
9
15
5
5
7
9
15
9
7
3
11
13
7
26
5
73
0
3
1
5
3
1
7
7
7
9
7
7
3
1
7
9
5
5
1
3
5
1
1
3
7
1
9
3
3
7
3
5
3
1
1
0
3
3
3
5
0
7
1
3
3
11
5
5
3
3
7
1
7
3
11
3
1
1
5
3
3
9
1
3
5
3
1
0
5
1
1
3
7
1
7
3
7
4
0
5
3
5
5
9
7
5
7
7
5
5
3
7
3
9
5
5
1
5
5
1
3
5
5
7
7
7
7
1
5
5
3
5
5
3
5
1
5
5
5
3
7
3
1
1
5
3
5
1
0
5
3
3
1
3
3
1
5
5
3
5
3
1
0
5
9
5
5
1
1
1
5
1
3
0
1
1
3
5
5
1
1
0
0
3
0
3
5
3
1
0
3
1
1
0
3
3
1
3
48
1
3
3
0
1
1
5
3
1
5
3
3
0
3
1
1
5
1
1
0
3
7
1
1
1
1
1
0
3
0
3
7
0
1
3
3
5
0
1
1
1
1
3
3
1
3
3
3
3
5
0
3
7
0
5
1
0
1
5
10
13
15
11
11
15
7
7
9
11
13
11
3
13
9
17
5
11
11
36
11
10
13
11
9
11
11
11
7
11
9
22
24
9
11
9
5
13
9
11
11
19
17
17
13
11
17
20
13
16
45
15
25
9
73
11
24
10
19
13
13
13
9
12
10
12
17
9
13
9
7
21
11
25
30
26
8
19
21
9
11
12
13
13
28
10
11
11
17
11
19
28
17
13
9
17
5
31
5
29
15
14
13
14
13
1
9
15
11
7
11
3
15
9
16
3
9
10
16
11
13
15
14
15
18
14
17
13
12
15
17
15
9
12
11
5
7
5
14
15
11
16
17
13
18
11
19
17
19
23
73
9
18
12
31
15
19
12
19
15
36
27
9
17
13
7
21
22
13
15
13
20
14
9
17
17
17
11
12
15
10
9
20
19
3
13
19
3
11
54
16
13
22
11
15
9
3
5
5
17
5
5
5
7
1
3
5
7
3
13
5
25
3
5
9
3
5
3
3
1
7
1
15
15
9
14
13
5
52
5
9
10
3
3
17
13
13
13
5
15
11
15
5
9
7
3
3
11
9
5
9
1
3
18
11
1
3
5
3
3
3
1
1
7
3
0
3
1
9
3
5
7
5
7
5
3
1
9
3
7
3
3
1
1
11
3
5
17
21
13
15
5
17
11
12
11
15
13
7
11
3
7
11
11
25
9
24
23
22
52
16
17
19
23
22
19
21
13
9
22
23
24
27
34
14
14
38
32
23
16
20
24
13
15
18
30
17
19
25
28
32
18
15
34
13
22
21
9
19
21
32
19
20
15
19
17
14
16
18
14
20
12
13
15
17
15
9
21
17
17
10
12
7
12
22
18
19
21
34
31
9
26
13
45
14
22
27
22
11
33
25
25
22
23
36
38
13
13
17
9
12
13
13
10
11
20
7
11
16
10
12
11
17
30
20
19
15
16
19
5
28
17
7
3
19
21
15
7
8
11
12
15
27
7
17
9
9
17
22
3
9
9
11
14
9
9
16
12
11
24
19
83
19
38
32
15
21
12
23
26
22
7
5
9
5
12
5
11
20
16
12
20
13
7
13
26
15
9
23
13
17
7
19
12
9
22
25
5
12
11
15
13
14
13
13
17
15
15
13
17
11
12
16
11
7
12
15
17
9
5
11
11
15
17
9
14
12
56
18
13
21
26
19
24
13
11
21
14
11
13
15
11
5
11
9
11
9
5
13
13
15
11
13
18
16
9
18
18
18
17
30
16
31
20
28
29
23
9
9
9
20
5
17
9
10
7
16
8
9
9
9
3
18
17
30
