21
21
20
21
10
16
21
27
15
35
34
23
39
11
17
17
21
21
28
23
31
25
15
15
17
23
31
22
25
15
29
40
21
23
14
23
33
17
7
19
52
11
15
21
37
23
30
6
30
19
24
20
19
31
27
26
22
29
23
21
19
15
35
31
42
33
39
24
49
21
29
18
17
25
36
23
17
29
23
12
18
25
12
17
25
24
20
25
46
34
27
30
17
12
10
46
34
12
20
27
14
17
17
39
21
41
33
35
16
47
31
23
23
27
30
50
27
21
27
42
15
12
22
15
21
22
56
33
48
44
31
13
21
20
34
36
50
27
25
27
37
39
38
27
20
21
17
27
39
10
23
52
25
15
40
17
19
27
24
27
19
27
23
41
21
11
19
25
44
12
34
27
23
11
19
17
12
19
46
24
23
36
27
27
34
46
48
44
25
17
21
42
29
42
35
29
23
15
29
40
39
48
25
22
27
33
23
23
52
18
11
32
13
20
35
31
17
26
7
29
15
19
20
23
46
52
49
13
23
41
21
38
32
44
39
27
17
12
43
17
15
31
28
15
25
38
35
19
36
15
8
28
12
19
32
17
17
23
25
29
27
19
19
19
36
21
22
21
17
17
17
21
13
23
29
10
17
10
26
12
11
8
23
15
19
8
25
15
23
31
29
17
40
15
24
48
19
25
22
36
28
34
25
21
4
19
23
19
37
25
44
17
21
41
28
15
24
30
22
35
46
39
33
41
17
34
68
20
10
35
57
50
33
41
21
29
25
46
21
35
38
37
50
31
42
43
13
50
31
38
30
35
13
35
15
17
23
21
11
33
11
29
30
16
41
21
37
33
29
25
15
23
40
12
7
17
27
25
33
23
14
79
15
25
24
19
29
21
27
41
15
27
19
43
27
20
52
28
29
15
23
19
35
35
25
46
39
29
31
38
39
41
50
40
95
35
75
62
52
31
17
17
15
36
13
15
21
38
17
31
27
33
37
27
7
46
25
12
23
24
17
21
14
35
35
22
33
28
40
19
27
17
16
13
11
25
39
33
27
15
9
44
43
64
60
17
33
34
61
21
12
24
23
39
33
14
17
29
25
22
58
26
28
13
41
58
33
12
9
14
39
39
15
14
34
24
19
15
13
25
50
30
48
27
50
14
33
35
42
29
37
17
36
40
35
19
43
17
20
32
31
23
29
42
46
27
40
44
25
19
19
31
21
19
17
14
27
22
13
33
24
27
30
31
21
17
23
29
10
17
21
26
19
43
38
41
31
17
19
21
19
31
19
29
29
23
34
21
17
21
27
29
28
43
27
25
10
13
21
14
12
15
21
2
14
15
16
6
12
15
13
24
9
16
17
10
14
10
16
13
14
10
14
9
23
17
21
12
16
12
17
21
14
25
19
12
21
13
21
14
9
13
11
27
19
13
4
19
23
41
21
15
13
17
14
23
39
32
37
29
29
17
12
33
35
23
27
51
21
40
23
13
17
36
34
32
27
60
17
28
12
7
10
33
33
29
17
14
17
9
25
13
37
37
33
23
21
27
37
23
16
29
37
36
25
19
17
83
12
21
36
19
62
16
54
15
17
42
45
56
19
34
25
16
23
43
53
19
27
17
19
37
21
25
10
35
31
17
17
17
44
11
32
16
27
23
21
15
19
64
15
33
33
45
15
13
50
29
17
39
14
64
32
34
41
16
21
36
15
19
21
25
15
25
35
36
14
46
12
34
29
23
24
39
31
29
15
27
17
49
34
40
42
12
39
50
55
39
33
43
21
39
21
21
43
33
47
45
39
12
37
35
27
27
33
43
34
35
27
35
23
23
62
23
15
21
21
15
29
15
21
41
21
17
14
24
72
21
25
23
19
41
17
34
26
26
29
21
46
22
17
17
33
19
26
13
19
14
21
13
41
19
35
21
25
40
19
12
29
37
17
36
36
28
31
12
54
30
20
46
17
32
31
32
17
26
9
8
17
12
8
24
8
21
15
17
10
21
21
14
23
23
10
21
31
37
10
23
12
12
16
21
17
12
43
6
31
14
25
19
12
16
15
12
15
12
16
12
23
25
10
13
25
15
16
10
16
0
14
10
12
21
23
27
40
17
12
19
27
25
25
25
33
27
19
29
52
16
17
23
10
23
47
17
33
17
19
17
17
17
4
23
29
38
38
27
14
23
39
15
36
64
19
70
19
33
31
12
23
31
21
19
25
19
21
43
15
32
27
15
23
19
6
35
58
43
17
33
31
16
39
17
33
33
38
23
31
20
33
19
37
16
43
27
10
14
17
23
58
29
19
24
27
35
33
33
19
42
50
21
19
32
27
37
21
35
21
47
31
31
14
44
13
23
38
37
62
52
23
16
37
25
56
15
13
52
31
25
30
17
19
66
42
30
25
12
45
33
29
35
49
75
48
19
27
24
21
27
13
14
15
12
10
23
37
27
45
14
31
14
27
21
16
29
19
25
14
33
23
16
35
35
39
30
13
31
27
16
30
31
25
17
31
29
48
30
27
29
10
25
11
38
39
21
39
10
14
23
12
34
8
25
25
33
29
45
12
38
15
23
67
16
37
34
19
27
27
27
19
23
17
31
37
17
25
19
11
16
12
29
15
16
23
23
29
15
27
15
15
45
11
9
10
12
12
11
12
14
6
10
13
19
11
14
17
35
12
19
13
15
17
22
8
12
8
15
25
8
17
31
17
16
21
21
21
17
33
14
30
19
40
23
21
31
17
21
38
21
17
23
30
52
33
12
17
17
14
9
27
23
12
21
16
23
14
19
6
15
8
17
10
6
12
14
15
12
19
11
4
10
4
29
7
17
9
19
23
19
12
36
13
4
14
21
23
32
69
14
17
14
89
13
19
41
19
34
25
18
58
25
9
53
47
32
27
4
17
39
30
25
17
15
15
31
33
35
25
49
8
36
19
37
27
27
39
49
33
29
35
12
6
12
25
13
32
46
8
33
17
42
38
14
10
15
40
35
31
35
12
38
33
46
15
38
43
14
21
30
17
35
27
10
24
31
35
29
37
38
21
71
17
21
27
27
37
33
15
19
25
39
6
50
41
48
31
55
18
19
10
46
13
25
79
4
19
29
36
10
29
27
23
14
17
13
8
31
25
36
29
23
17
45
15
17
14
19
25
14
10
17
21
8
23
8
17
13
19
16
15
21
8
21
25
12
27
19
19
27
16
13
21
21
11
31
21
12
25
16
14
8
17
17
12
27
17
29
19
19
21
19
11
15
23
8
23
12
17
15
25
23
