4
10
15
19
14
6
9
14
14
8
11
12
12
13
10
9
11
13
9
7
8
10
8
7
9
11
10
11
17
8
6
8
13
7
15
10
7
10
14
10
11
17
9
7
10
8
9
15
9
12
12
12
12
15
7
8
17
11
22
8
7
10
14
8
11
11
11
17
7
9
16
14
10
10
23
21
19
13
7
18
8
8
9
7
26
14
13
9
14
11
10
10
14
11
19
18
10
9
19
12
13
15
22
7
9
20
26
17
18
16
17
11
26
9
9
25
23
12
10
9
15
14
13
11
11
11
7
22
10
22
24
10
16
12
10
14
9
10
8
13
10
8
12
20
26
17
10
17
14
11
11
14
20
16
13
11
13
13
7
14
9
14
11
13
10
4
7
13
9
7
9
14
19
17
8
10
14
9
13
13
11
8
14
9
9
9
11
15
22
4
16
10
12
13
7
14
10
11
9
13
8
12
10
17
10
10
9
7
7
17
16
8
14
9
12
11
8
16
11
19
11
13
7
9
10
19
4
14
13
8
9
10
17
10
13
10
10
11
10
17
11
11
14
12
10
19
11
16
13
11
13
10
10
9
9
9
8
13
10
11
8
11
17
14
8
11
8
13
11
12
16
5
18
20
27
16
11
13
8
16
6
14
15
10
10
10
8
10
14
10
9
8
13
10
8
14
20
13
14
13
14
16
10
10
10
12
18
13
20
11
17
12
17
10
14
10
8
16
13
23
19
7
25
10
16
15
9
18
9
9
19
15
8
13
11
14
14
13
17
11
15
13
8
12
15
11
11
11
16
8
10
17
8
7
14
14
20
12
14
17
6
17
14
16
9
10
14
11
12
10
13
19
8
7
14
11
8
13
12
9
9
6
11
11
9
12
14
11
6
11
20
12
13
17
7
8
15
11
10
12
9
7
7
18
14
7
10
16
10
14
11
10
18
8
6
9
16
13
12
14
13
13
14
13
11
25
24
19
19
14
13
12
5
10
9
13
14
21
12
10
14
7
12
13
13
19
10
10
15
11
8
10
10
11
8
8
10
14
22
10
15
11
11
12
14
6
11
17
10
6
7
7
15
8
12
8
16
13
10
10
13
12
10
9
7
10
12
16
7
14
4
9
9
18
10
16
9
12
16
11
9
9
11
6
9
8
16
19
10
9
15
5
5
11
7
6
11
11
15
13
7
4
8
8
7
6
3
13
9
8
17
12
17
8
8
8
7
9
6
9
8
10
10
13
6
10
12
13
8
11
12
9
16
7
13
7
12
7
6
11
10
7
8
7
8
8
12
9
7
7
8
4
11
10
10
9
6
7
5
10
8
6
4
6
11
11
5
8
6
8
6
9
8
10
3
8
8
10
13
8
11
6
10
14
10
7
8
19
13
11
7
10
12
10
12
3
6
10
15
10
15
6
6
5
19
8
8
5
10
12
12
6
10
8
8
13
4
11
8
11
2
4
7
16
4
8
11
10
8
16
9
5
15
7
6
12
9
8
8
8
7
10
8
7
7
8
11
10
6
8
16
13
16
10
3
3
15
9
6
10
9
15
19
8
13
9
8
10
3
10
6
11
13
14
10
7
5
5
6
10
6
8
17
16
5
10
3
5
3
10
7
8
4
9
13
78
8
7
7
11
12
5
5
7
14
8
5
5
8
16
8
8
11
9
10
10
12
8
8
6
11
11
8
6
7
11
16
7
11
10
10
7
10
7
9
10
3
6
10
13
8
8
19
13
5
9
8
8
14
9
9
3
10
8
13
10
10
8
13
3
3
8
7
5
12
5
11
5
4
9
13
16
7
18
8
8
3
7
7
10
5
5
8
10
5
6
5
3
6
8
6
7
8
4
11
9
13
6
8
10
10
6
10
10
19
11
8
14
3
11
7
5
6
4
7
5
12
5
5
12
4
6
3
5
3
5
7
8
7
11
9
6
7
8
13
7
5
10
6
7
5
7
11
15
3
6
7
7
8
7
5
7
8
6
5
5
5
7
5
6
8
6
5
5
5
2
7
10
3
6
8
3
10
7
6
8
8
6
8
3
4
3
3
3
3
7
7
5
14
7
3
10
5
8
6
5
10
7
7
5
5
11
10
6
8
4
3
6
12
3
10
9
8
5
5
5
6
6
5
5
9
3
7
8
3
6
3
7
7
5
6
5
3
7
5
11
7
3
8
12
7
6
3
3
3
5
5
8
3
5
5
5
12
3
5
5
3
7
3
4
5
3
8
5
5
3
9
5
8
9
5
8
6
5
7
8
3
4
3
5
9
7
8
3
3
3
6
6
3
8
6
6
5
3
5
5
5
3
5
3
19
8
6
8
3
8
8
8
6
3
5
3
5
4
10
5
5
8
8
3
3
5
5
5
10
7
8
3
5
6
7
11
8
3
4
18
7
13
5
4
8
4
69
4
3
6
7
9
8
5
9
16
5
12
8
11
8
5
7
7
5
6
8
6
7
5
6
7
9
5
7
5
6
12
7
5
3
10
6
6
8
8
10
15
8
5
8
7
11
6
7
10
3
8
7
6
5
6
5
5
6
7
8
5
5
6
5
7
7
8
3
3
10
2
5
7
5
3
8
5
5
5
10
5
10
10
5
7
10
5
5
6
3
2
3
3
4
2
3
2
3
2
3
2
4
2
5
3
2
3
2
2
2
3
2
3
5
2
2
3
2
9
2
2
3
3
5
3
3
3
5
4
5
10
4
2
3
5
2
3
8
5
2
12
4
2
9
2
2
1
3
3
1
5
4
5
8
2
8
3
2
4
2
2
1
2
5
2
2
3
2
2
2
2
2
3
2
3
4
3
2
4
3
2
76
4
6
2
2
3
5
1
5
2
3
3
5
5
8
2
5
3
4
5
2
2
5
5
5
3
5
5
3
3
3
3
8
5
3
3
16
13
2
3
5
5
7
2
5
2
1
3
3
2
0
4
2
3
5
7
5
9
2
2
3
3
5
3
3
2
2
4
3
2
2
8
7
3
6
5
3
2
3
6
2
2
3
5
3
3
8
4
3
3
0
3
3
3
3
12
11
10
10
5
7
10
7
3
3
5
9
5
3
3
3
2
3
5
3
3
3
3
5
3
2
4
2
3
7
5
8
3
2
3
3
1
3
3
8
2
3
3
3
3
3
5
3
7
2
3
2
7
4
2
3
7
2
3
3
3
1
4
7
5
2
2
5
2
2
3
3
3
2
4
3
2
3
2
3
2
3
3
2
2
3
7
5
7
5
9
3
4
4
2
9
2
9
3
3
1
