0
6
4
15
11
9
19
5
7
7
16
11
13
9
8
9
17
11
13
4
13
19
9
12
6
19
4
15
6
11
13
7
4
4
11
15
8
10
8
6
11
11
11
11
13
4
8
9
6
6
6
8
4
11
10
11
4
10
11
11
7
8
10
7
9
10
7
6
15
13
10
11
4
11
11
13
9
10
8
11
4
7
15
13
12
9
11
8
17
6
6
13
13
15
15
17
11
9
17
9
11
17
17
26
13
9
13
28
21
25
15
17
23
19
32
22
26
17
23
13
26
13
16
17
29
37
15
4
17
15
19
0
25
28
31
19
30
11
36
22
17
20
28
22
6
26
30
11
24
14
40
19
30
9
12
21
28
9
19
23
23
9
27
34
26
25
21
36
8
8
15
10
22
13
31
15
16
11
15
26
19
25
29
11
26
27
33
31
9
27
6
17
22
17
13
4
29
27
25
24
13
19
24
21
30
19
17
13
15
7
9
15
14
31
12
29
25
28
19
6
15
13
19
21
19
32
23
9
27
21
32
11
26
11
12
32
21
16
6
15
17
30
22
12
11
19
15
21
17
8
11
19
25
19
26
15
11
10
19
6
11
13
6
8
0
6
4
10
13
9
11
9
12
21
17
6
15
11
13
6
10
8
4
26
2
10
15
15
47
9
7
27
15
5
9
11
11
12
7
9
17
34
13
9
15
6
15
12
7
13
20
13
4
13
6
7
13
9
11
6
13
7
11
6
8
15
7
10
11
15
11
11
9
29
11
7
11
10
9
9
19
11
16
13
4
11
10
11
11
9
4
9
9
9
13
15
5
9
2
2
7
9
11
9
18
19
10
7
15
13
13
12
7
11
14
19
15
17
8
15
19
9
14
17
17
19
19
30
8
38
19
30
24
17
35
17
17
11
35
6
35
37
39
39
24
36
17
41
21
23
13
22
24
27
37
17
26
39
33
28
30
29
29
26
15
13
21
19
38
15
17
15
17
17
26
19
17
17
9
17
30
20
8
25
34
6
11
15
22
26
30
11
36
14
13
22
25
20
26
15
0
13
22
22
16
25
9
17
36
36
27
17
11
4
4
2
13
10
8
10
18
23
9
17
26
19
17
13
20
19
16
13
6
13
12
25
9
20
24
9
34
13
11
25
24
22
27
7
24
17
9
8
22
21
21
8
30
7
15
21
11
4
30
22
18
10
23
8
13
11
15
12
26
8
13
13
9
9
13
15
13
8
17
23
7
13
8
7
8
9
12
15
17
6
5
6
19
6
11
9
13
8
15
13
9
8
21
8
21
13
23
9
24
23
25
21
6
6
6
7
5
5
7
9
4
6
7
4
5
0
6
6
2
6
4
33
6
4
9
13
12
2
11
4
6
4
10
0
6
6
6
4
4
6
6
4
8
6
6
4
6
4
4
4
6
8
8
2
7
2
6
4
4
5
4
2
6
7
6
9
4
8
6
6
4
6
6
4
4
6
8
4
2
4
10
0
7
6
6
2
6
2
6
8
25
24
25
10
31
15
15
34
15
17
13
11
27
23
30
27
37
19
13
13
30
25
28
8
29
15
13
15
57
34
19
33
24
17
17
57
21
35
32
24
13
17
17
13
19
9
43
23
38
34
32
14
17
32
28
28
23
42
35
16
30
19
30
41
39
27
24
36
29
25
36
43
11
26
13
31
18
35
26
41
36
30
15
44
10
40
32
37
35
34
47
38
38
23
42
29
24
41
13
43
28
28
34
17
13
52
15
29
37
8
15
8
45
24
40
35
44
21
20
47
15
30
44
36
24
53
43
43
22
36
15
13
36
2
4
7
7
2
4
4
4
4
6
8
15
4
10
4
4
6
9
8
2
6
6
4
8
40
8
9
8
2
4
7
8
6
2
4
6
8
2
8
2
2
8
8
6
0
9
6
2
6
7
2
4
5
8
11
4
2
15
8
8
6
6
8
6
5
2
4
4
11
7
6
7
11
7
8
7
9
9
11
6
9
4
8
6
6
12
8
6
9
4
6
6
7
0
9
4
15
8
11
11
17
8
14
10
14
9
10
4
6
9
17
4
15
0
10
4
0
11
2
2
6
9
18
4
4
8
25
17
17
8
9
6
15
13
4
10
13
11
15
6
6
6
8
10
6
4
7
15
22
13
4
12
13
6
9
13
19
10
4
18
8
13
7
12
10
9
24
17
22
26
9
25
6
19
19
13
31
9
11
24
14
25
13
16
23
29
10
8
6
15
15
13
19
7
9
21
30
8
15
13
23
23
25
21
13
25
22
34
6
27
16
13
25
17
30
34
24
33
11
4
10
23
19
30
28
24
33
31
18
15
21
19
13
27
34
12
41
30
20
15
27
30
26
34
13
28
26
22
37
45
21
11
13
38
24
28
11
23
9
43
8
22
17
24
13
22
21
34
30
38
10
32
6
32
30
28
29
28
19
13
33
47
19
17
37
30
13
27
39
7
6
17
19
11
27
21
25
25
34
13
10
17
8
11
28
20
29
10
9
9
25
13
13
17
13
26
39
30
9
27
23
15
19
30
23
8
9
6
8
25
19
9
15
23
4
24
17
9
13
15
34
29
12
16
25
30
6
13
13
19
20
11
13
11
13
9
11
7
10
8
21
13
32
13
9
21
15
9
7
10
6
9
13
11
11
6
8
15
7
19
15
13
4
13
24
6
21
17
2
11
9
9
19
8
13
11
10
9
13
8
15
15
11
7
26
6
8
11
6
11
13
9
5
4
2
30
4
0
4
8
9
8
11
9
10
16
15
8
17
6
14
9
11
4
11
8
6
11
11
6
13
11
10
5
8
6
4
7
10
14
15
6
9
13
9
9
9
9
10
19
11
21
17
6
34
11
8
18
13
13
13
9
11
8
11
22
6
15
17
9
9
11
6
9
21
17
11
15
19
4
15
13
15
14
13
13
13
11
9
21
15
15
11
9
28
11
15
24
11
9
11
21
11
9
25
11
13
11
11
16
15
19
11
13
8
11
27
24
16
9
13
21
18
19
15
9
34
17
27
22
15
11
15
37
16
22
21
40
7
13
15
24
13
32
24
16
9
7
30
25
20
4
11
13
6
7
9
6
8
15
7
10
9
17
7
16
6
5
10
2
6
19
6
2
4
11
7
9
5
7
11
7
15
11
4
4
11
11
9
5
6
5
9
7
6
4
13
5
2
7
6
6
2
4
9
2
2
6
0
0
0
2
2
0
4
4
2
0
2
7
6
19
0
0
10
4
0
2
2
2
4
2
2
