0
8
0
0
0
8
0
8
0
0
8
8
7
0
8
8
8
0
30
0
0
0
0
5
0
0
0
8
32
0
7
8
8
0
0
8
8
0
0
6
8
8
8
0
3
0
8
8
8
8
0
0
8
0
7
2
8
8
0
8
8
0
0
7
8
0
8
8
0
8
0
0
8
8
5
6
0
0
0
8
0
0
0
0
8
8
8
8
0
8
0
64
7
0
8
8
8
0
8
8
0
8
0
8
8
8
34
0
24
0
8
8
0
8
0
8
8
8
6
0
8
8
8
27
8
7
8
8
0
0
0
8
8
0
8
33
8
0
0
8
3
8
0
8
8
8
0
8
0
8
8
8
8
8
0
8
8
0
0
0
2
7
8
8
7
21
0
8
3
8
6
38
8
8
8
8
0
8
0
0
0
0
8
8
5
8
8
8
0
8
8
0
8
0
7
8
8
0
42
16
8
0
41
8
0
0
0
8
0
8
8
6
0
8
8
0
8
8
0
8
0
0
6
0
8
8
8
0
8
0
8
7
7
0
8
0
0
8
8
0
22
8
8
8
8
0
3
0
0
8
0
0
8
7
8
8
0
16
8
0
8
8
8
8
0
41
0
6
0
8
8
8
6
0
34
8
8
0
1
8
6
8
8
0
8
8
3
5
8
8
24
0
6
8
8
8
8
72
8
7
8
8
8
14
8
8
8
41
7
37
8
8
5
8
8
8
0
8
0
0
8
8
8
0
8
76
41
8
3
0
8
0
0
8
74
8
8
8
36
8
8
8
37
0
0
5
8
38
5
0
0
8
21
30
8
8
0
8
8
8
0
0
25
75
0
0
8
8
7
0
8
8
0
0
0
0
0
8
0
0
8
8
8
8
43
8
3
6
8
34
8
8
0
8
0
0
8
8
0
8
8
8
0
8
8
8
8
0
3
6
8
8
8
0
0
8
0
8
8
8
16
8
8
76
8
0
16
8
8
7
8
6
0
8
8
0
8
8
0
0
8
0
0
41
8
8
8
0
23
45
8
0
8
8
2
8
7
8
8
70
8
7
0
0
8
2
0
8
0
0
8
11
8
8
0
22
8
0
0
0
8
8
0
0
0
5
8
8
8
8
0
0
8
0
0
8
0
8
8
5
8
5
7
8
0
0
0
0
7
2
8
8
5
0
19
0
25
0
8
8
8
8
7
0
0
8
8
0
8
0
5
8
43
36
39
0
8
8
8
8
0
31
7
0
8
8
8
8
8
40
0
72
0
3
8
2
0
8
8
8
8
8
0
8
8
0
2
0
0
8
8
0
8
8
8
48
3
0
8
8
0
0
0
8
8
0
0
0
7
8
7
8
8
5
8
5
8
3
5
8
0
0
8
8
8
8
8
3
8
0
8
8
7
8
8
2
8
8
8
0
8
8
8
0
5
26
0
0
0
8
0
8
8
0
0
8
8
6
0
0
8
0
8
8
8
8
8
8
8
0
0
8
0
8
8
0
8
7
8
8
8
7
8
8
8
0
8
8
8
8
8
8
8
8
0
8
0
0
8
8
0
0
0
0
5
8
8
0
8
7
8
7
8
8
8
8
8
8
0
0
2
0
8
0
0
0
8
8
0
0
0
8
8
0
2
0
8
8
0
8
8
0
8
8
0
0
0
8
8
5
0
8
0
43
8
0
17
7
7
7
8
8
17
8
8
8
8
38
8
7
8
8
8
0
0
49
8
0
2
0
2
17
25
75
8
7
8
2
0
5
0
7
8
3
8
0
8
8
70
8
5
0
0
5
24
8
0
0
0
8
8
0
8
8
0
18
8
3
85
0
0
8
8
8
7
0
0
8
8
8
8
8
7
24
8
8
8
0
8
0
8
14
8
0
8
8
0
0
8
0
8
8
14
8
5
6
8
4
7
8
7
6
8
7
0
24
8
8
8
8
8
8
8
5
8
8
8
3
0
0
53
8
8
8
8
10
0
9
9
0
7
0
8
0
0
3
9
4
8
9
8
9
9
8
0
9
9
0
9
8
0
8
9
8
9
9
8
8
15
8
8
0
9
2
9
7
0
8
3
8
9
8
8
8
8
9
9
0
0
0
0
9
8
0
8
9
0
2
6
6
8
9
0
2
8
8
9
8
8
8
9
9
8
8
9
9
0
9
8
9
9
9
9
2
9
0
9
8
8
9
0
9
9
0
9
0
9
7
3
8
9
8
2
8
0
9
9
9
7
0
9
2
9
0
0
7
0
8
8
9
9
8
8
7
9
9
2
8
9
9
9
8
7
9
8
8
9
7
8
9
7
9
9
8
0
8
0
6
0
0
0
3
9
0
9
8
8
7
8
8
8
12
8
5
0
9
9
9
9
8
9
9
9
0
8
0
9
7
9
8
8
9
8
0
8
5
9
0
0
0
8
3
8
8
9
9
9
9
10
9
0
9
1
8
0
51
8
3
0
2
0
0
8
8
8
24
7
9
9
9
9
6
9
5
8
9
0
5
8
9
0
5
7
0
9
8
9
9
0
8
0
0
9
9
8
8
0
8
9
9
8
0
0
4
8
8
8
8
5
3
9
2
8
0
9
8
9
0
0
0
8
7
8
7
8
8
9
0
8
0
3
8
0
8
9
9
9
7
0
9
7
9
8
0
8
0
9
10
9
9
5
9
9
9
8
9
9
14
8
5
8
9
8
9
9
9
0
0
13
8
8
9
9
2
9
9
15
9
9
10
9
8
9
16
8
8
8
9
9
5
8
9
9
9
14
9
8
9
8
0
8
9
0
5
9
0
9
8
0
8
8
2
8
8
9
6
8
9
7
8
9
9
9
0
7
8
9
5
9
0
9
9
9
9
9
8
9
2
9
9
9
9
9
8
9
8
9
9
9
2
8
9
3
8
7
9
9
9
8
0
8
8
8
8
8
8
8
6
5
9
9
8
9
17
9
7
9
8
9
9
2
20
9
0
7
8
7
8
9
9
9
0
9
7
8
9
9
8
7
8
3
9
9
32
9
6
9
2
8
7
0
9
9
8
0
0
0
9
9
9
8
8
9
9
9
8
8
3
9
9
8
9
8
6
8
7
0
9
8
0
8
8
2
9
9
9
9
8
0
9
0
7
8
5
11
9
8
7
8
9
9
9
9
8
8
8
9
9
9
9
9
9
9
9
9
0
0
7
8
9
9
7
0
7
8
9
3
7
9
7
8
0
9
7
8
7
17
0
9
9
9
9
8
17
3
9
9
9
8
9
9
8
9
9
9
8
8
9
9
8
