0
2
29
2
2
48
4
2
34
3
3
0
2
0
0
33
47
0
2
6
3
2
2
2
7
2
4
2
4
5
4
0
8
2
41
3
2
31
4
4
3
2
2
2
0
0
3
0
2
0
4
30
4
0
2
4
0
0
2
0
2
2
32
2
6
4
2
0
0
0
2
2
6
2
0
2
2
1
2
2
4
2
2
4
31
0
0
5
5
4
1
4
4
4
2
2
0
6
6
2
0
2
3
0
4
2
4
4
0
3
0
36
2
2
26
0
2
2
3
2
4
2
0
0
23
2
4
6
2
1
7
0
2
4
2
2
0
4
0
0
2
2
2
3
10
0
2
1
4
2
36
2
2
2
4
1
6
0
2
2
0
6
2
2
18
0
4
0
4
0
2
2
32
6
2
4
2
4
3
2
25
8
2
39
5
0
2
0
2
4
4
0
4
0
2
2
2
0
6
4
4
4
0
2
4
0
0
4
4
5
2
2
2
0
2
0
2
31
9
6
4
0
2
4
2
2
36
2
15
3
2
0
2
2
7
6
0
40
2
0
0
0
0
14
5
4
4
2
2
4
2
37
10
2
2
0
2
0
4
2
2
2
2
0
0
4
6
2
6
4
2
2
2
0
2
2
0
2
4
4
2
0
56
4
4
0
38
0
4
46
0
3
1
0
0
5
2
5
4
4
2
2
2
7
2
0
0
2
44
2
4
0
0
0
2
6
0
2
2
2
5
2
5
15
32
4
0
4
62
2
6
6
0
4
4
0
0
2
2
2
4
2
2
4
2
2
2
0
4
0
2
2
4
4
7
2
2
2
2
0
0
2
66
0
2
59
7
0
2
2
4
4
2
2
2
3
0
3
7
2
4
3
2
2
4
4
6
2
0
2
3
0
0
2
14
2
4
4
0
0
2
0
0
2
4
2
3
2
2
4
2
2
6
0
4
2
0
2
24
2
2
0
6
0
4
2
2
4
3
2
2
2
2
28
4
2
2
9
0
2
2
2
4
11
4
8
2
4
4
4
4
0
4
4
0
0
0
2
4
0
4
2
0
6
2
0
2
0
49
4
0
2
0
0
2
4
0
2
4
2
11
4
0
0
4
0
6
4
4
0
2
0
0
2
4
0
0
4
2
2
2
0
4
2
0
2
2
2
2
4
0
2
0
2
7
0
2
2
0
2
2
2
2
2
2
0
2
0
2
0
0
30
0
2
2
2
2
0
4
4
0
2
2
4
33
0
4
2
2
5
4
0
4
2
7
4
6
2
2
8
2
4
2
4
2
4
38
4
2
4
4
4
4
2
2
4
18
3
0
35
0
2
2
0
1
4
23
4
5
4
2
2
27
6
4
31
2
4
2
2
2
2
6
2
0
2
1
0
2
39
9
0
0
0
6
10
36
3
2
0
2
0
0
0
2
0
7
0
2
43
8
2
0
0
2
2
0
10
2
2
1
2
4
37
2
2
2
2
2
5
29
2
3
4
0
2
11
6
2
4
2
3
2
0
0
2
6
8
2
2
2
2
0
4
5
0
2
39
0
2
42
2
3
0
2
2
4
2
0
5
2
2
0
4
36
2
2
4
2
2
2
4
2
4
2
0
2
30
2
2
0
1
1
1
4
4
2
7
0
0
4
3
2
4
9
5
0
52
2
6
4
4
2
0
0
7
3
4
2
2
4
6
3
35
3
3
28
2
13
2
0
3
7
6
17
0
4
3
0
2
2
4
0
4
5
9
2
0
2
2
2
2
2
9
2
4
44
4
5
5
2
4
5
4
4
2
37
9
4
19
0
0
5
1
13
2
4
5
6
4
0
4
0
2
2
0
1
4
2
4
0
0
3
11
5
4
0
0
4
0
0
0
3
2
2
2
31
0
5
31
4
0
4
4
2
2
2
2
4
5
3
2
2
2
2
2
48
6
2
4
2
2
2
0
5
6
2
0
0
5
2
2
0
0
7
0
6
4
4
0
46
2
0
4
2
2
2
4
2
0
9
2
2
8
2
6
0
2
6
0
0
6
4
0
4
0
2
6
0
2
2
2
2
2
2
6
2
34
44
4
2
4
5
11
4
61
0
2
9
4
5
2
2
4
2
0
2
11
2
0
6
40
2
2
4
2
2
6
4
4
5
2
4
2
2
2
2
2
2
4
2
4
2
0
2
0
0
2
0
5
4
9
4
4
33
0
2
2
2
0
2
6
0
44
40
0
6
6
4
6
2
4
13
4
2
0
40
2
2
2
2
2
2
2
4
2
0
4
0
4
2
4
6
4
0
2
6
4
0
2
4
4
0
3
2
3
0
11
0
4
0
6
7
4
2
0
0
4
4
6
6
0
3
2
4
8
2
6
8
2
6
2
2
5
2
0
6
6
4
0
2
4
6
3
2
6
2
4
2
4
2
0
2
4
2
39
0
0
2
6
2
2
5
26
2
5
36
31
12
4
4
2
2
34
4
4
8
4
2
6
7
2
13
4
2
5
4
4
2
7
0
2
2
6
2
2
4
0
2
6
39
4
0
8
4
2
4
2
6
2
0
1
2
2
4
2
5
2
0
4
4
5
2
0
0
2
4
12
2
1
0
2
0
6
6
2
0
5
1
0
37
4
2
0
2
6
2
4
0
0
8
2
4
2
4
2
2
2
4
50
0
4
4
6
10
2
2
32
0
4
13
2
4
5
2
2
0
8
4
2
2
2
4
0
4
4
0
2
0
2
6
6
2
4
2
2
0
2
2
9
4
2
6
0
51
5
4
6
2
4
6
4
2
2
3
0
2
40
6
2
4
2
2
2
9
4
4
6
4
2
2
9
2
2
4
4
2
3
2
4
4
8
4
4
34
2
2
2
1
2
4
6
2
2
2
4
0
39
2
2
10
6
4
5
2
4
0
44
4
6
4
2
2
2
2
2
2
49
4
4
4
19
0
4
2
4
4
0
6
2
3
6
4
44
2
2
6
0
15
4
4
2
4
4
2
1
4
4
0
39
0
0
6
6
4
0
43
0
0
0
2
2
2
2
7
11
8
2
2
2
6
4
0
2
4
39
4
2
7
4
2
2
42
57
2
2
12
8
4
37
4
4
2
37
2
0
4
5
4
4
0
4
31
6
4
5
2
5
0
2
7
2
6
8
11
53
4
2
2
52
2
0
4
4
0
2
6
4
2
0
4
0
2
4
4
0
4
33
0
0
5
4
2
2
4
6
6
4
10
11
4
4
2
64
5
3
37
2
10
4
2
4
2
4
5
4
2
0
4
5
