0
1
1
0
27
31
1
32
23
0
14
1
0
3
12
18
31
3
3
19
0
0
1
16
3
1
1
0
21
6
3
4
23
0
4
3
21
0
21
0
1
0
1
8
14
3
10
3
24
1
1
26
19
1
2
12
24
1
1
21
30
3
30
4
1
4
21
3
19
3
2
19
20
1
1
0
1
23
1
20
4
6
18
20
3
18
29
3
7
3
31
3
35
15
1
1
36
32
38
1
18
25
21
33
1
26
15
34
28
0
3
1
1
1
5
17
19
15
1
26
18
3
0
1
17
15
3
31
30
6
8
15
3
4
26
4
2
0
26
18
2
3
14
21
4
1
3
1
23
30
23
33
3
1
27
4
0
3
1
5
1
13
17
0
14
8
23
1
1
2
16
4
31
5
29
2
4
17
15
15
3
3
1
2
3
10
19
4
0
3
28
3
1
1
1
11
23
18
4
13
21
2
10
1
0
27
1
6
16
9
3
13
3
3
18
17
0
1
2
2
0
9
16
7
16
3
4
19
16
4
4
1
1
3
15
1
1
24
12
4
1
15
2
0
1
0
1
11
26
3
9
2
2
18
0
10
3
3
2
1
2
19
2
1
14
10
2
6
12
17
14
18
4
2
12
1
8
4
1
1
16
17
11
3
12
10
23
1
1
0
5
0
5
1
1
41
0
11
1
0
0
1
3
0
3
0
1
0
7
0
0
0
1
0
1
0
0
0
1
3
1
0
1
1
0
0
8
0
1
0
1
0
1
1
0
0
1
0
1
0
5
1
0
1
0
0
1
3
7
3
1
1
1
23
0
1
3
1
0
1
1
0
0
0
0
37
33
0
0
0
1
0
1
0
1
17
14
0
3
1
0
0
0
3
1
1
1
1
6
1
17
0
1
3
18
1
16
1
0
0
16
4
6
1
1
15
24
0
0
17
0
3
2
19
1
1
1
11
6
14
1
1
0
0
3
5
0
0
0
1
25
1
18
1
1
0
0
3
1
1
5
1
17
0
30
0
1
7
1
1
1
2
0
14
18
15
3
0
0
4
0
0
0
17
1
0
0
0
3
19
7
3
3
3
1
0
1
16
18
1
0
1
4
1
16
4
0
0
3
14
3
1
1
1
0
25
2
0
22
15
0
0
0
16
1
3
1
0
0
3
1
0
1
1
14
13
13
3
0
18
3
1
22
1
4
0
0
15
5
1
1
0
18
1
8
16
0
0
0
16
3
1
1
0
1
1
18
1
1
1
29
0
20
20
4
1
0
3
1
3
15
0
0
1
1
1
5
17
3
15
21
1
0
13
9
1
0
1
0
0
1
0
1
0
1
0
1
0
3
1
1
0
1
0
1
0
0
0
0
0
0
1
0
1
1
1
15
0
0
1
1
0
1
3
0
0
0
0
1
1
0
1
0
0
5
1
0
0
75
1
0
0
1
0
1
0
0
1
3
1
3
3
0
0
1
0
1
0
0
1
1
0
0
0
0
1
0
3
0
1
0
1
1
0
36
0
0
0
0
0
0
0
1
0
5
0
0
1
0
1
1
0
1
1
1
0
1
22
3
0
1
0
1
3
1
1
0
13
0
3
1
1
1
1
0
1
0
0
0
0
0
0
0
0
0
0
0
1
0
0
1
15
1
1
1
0
1
1
0
0
1
1
49
9
0
15
5
3
1
4
1
1
1
1
0
1
0
3
0
1
0
1
1
3
1
0
0
1
1
0
0
37
1
3
1
1
0
1
1
3
0
0
1
0
64
0
1
1
1
30
3
0
0
3
3
1
0
1
3
1
1
0
5
0
0
0
0
1
26
1
1
0
1
1
1
1
0
1
3
1
1
3
0
0
1
1
0
3
0
0
3
0
1
3
1
0
1
0
0
86
0
3
0
1
1
0
1
1
0
1
0
3
0
0
1
0
0
5
0
3
0
1
3
58
0
45
1
1
1
1
0
0
1
0
3
0
3
0
3
0
1
15
9
0
1
0
1
0
1
0
0
3
1
0
1
0
1
1
5
11
1
0
0
1
1
1
1
1
1
1
0
0
1
1
1
0
1
11
1
0
0
0
3
1
1
3
0
0
7
16
1
1
3
1
0
0
1
45
0
0
0
0
1
0
0
0
0
1
0
0
59
16
1
1
7
0
1
0
0
0
0
3
0
0
0
1
0
0
0
0
1
0
0
0
0
0
1
3
0
1
0
0
5
0
0
59
0
1
0
0
9
0
0
0
1
3
0
1
0
1
0
1
63
3
1
0
3
7
1
0
0
1
0
0
0
1
62
0
0
0
0
0
3
1
1
0
3
1
61
0
1
0
3
1
1
1
1
5
0
14
67
5
0
1
0
1
0
5
0
0
0
17
1
1
0
0
0
0
1
0
0
0
0
0
18
0
0
1
0
9
1
0
0
0
0
0
1
1
0
1
0
3
1
0
0
0
1
0
3
9
0
0
1
1
1
0
1
1
0
13
1
1
1
1
0
0
1
1
1
0
0
0
1
1
1
0
0
3
0
3
0
1
1
1
0
0
0
7
0
0
0
0
1
1
0
0
0
0
0
1
0
1
1
0
0
0
1
0
0
1
0
1
1
1
3
1
3
1
3
0
0
1
1
0
1
1
0
0
0
1
15
0
1
1
0
0
1
1
1
0
3
0
1
0
0
1
0
0
1
3
1
0
1
0
3
0
3
0
0
1
1
0
0
0
0
1
1
1
0
1
5
1
1
1
1
1
0
0
0
1
0
1
1
1
1
3
0
1
3
0
0
1
1
0
1
0
1
1
1
0
5
19
0
1
0
0
1
11
0
0
0
0
5
3
0
1
0
0
1
7
0
1
0
1
1
34
0
15
1
1
0
3
0
0
0
0
0
1
3
0
1
0
19
0
3
1
3
1
3
0
0
1
1
57
0
1
3
1
9
0
1
1
1
0
61
0
1
0
15
0
0
0
3
1
1
1
1
0
3
1
0
1
5
0
55
1
0
0
0
0
1
0
43
0
0
0
0
1
3
3
58
1
0
1
0
0
0
0
0
0
1
0
0
0
0
3
1
3
0
3
5
1
1
0
1
0
1
0
3
1
0
0
3
0
0
7
0
0
1
0
3
1
1
0
1
1
3
0
3
0
1
0
0
0
1
1
0
0
0
0
0
0
1
0
0
3
0
0
18
0
3
11
3
1
0
89
1
0
0
0
0
1
0
0
1
1
1
0
1
0
3
0
64
1
0
5
0
5
1
1
0
1
5
0
0
1
0
1
0
1
