0
8
6
2
2
0
2
4
4
4
10
6
4
2
2
2
6
16
4
2
2
6
27
0
0
0
6
2
4
0
0
4
2
8
4
2
8
8
2
0
6
0
2
6
2
0
4
2
4
4
2
0
0
0
2
6
4
4
2
4
4
2
2
4
4
0
4
6
2
2
2
2
4
0
2
0
6
6
8
2
6
2
0
6
8
4
2
10
10
0
2
12
2
0
2
4
4
2
4
2
2
2
6
0
2
2
6
2
2
0
0
2
0
2
2
0
8
0
2
6
2
8
2
0
0
4
6
8
0
0
2
6
4
0
0
0
0
4
6
8
4
2
8
6
0
4
4
0
0
10
2
0
0
6
0
0
4
4
4
6
2
2
0
6
6
4
8
2
2
0
8
6
6
8
2
0
0
4
0
0
0
0
4
2
0
0
0
91
2
4
8
4
4
2
12
2
12
2
0
2
2
2
8
2
0
6
2
0
0
4
2
8
2
2
6
0
6
2
4
8
2
4
0
4
10
8
6
0
4
8
2
4
2
4
0
4
6
4
8
4
2
6
0
2
4
27
6
8
4
2
6
2
0
2
2
0
6
2
0
4
0
4
4
6
2
2
10
0
0
2
20
0
4
6
2
0
0
2
12
4
2
4
2
8
6
2
6
6
13
7
11
13
9
15
11
9
13
9
8
13
16
7
13
13
13
11
15
13
6
15
11
13
12
7
11
9
9
13
11
9
13
10
7
11
15
9
17
10
15
11
16
13
13
6
11
13
15
13
15
9
11
12
11
4
11
15
11
11
13
13
8
13
9
13
9
11
11
9
16
12
6
6
13
11
10
9
11
9
9
10
11
8
10
13
7
11
15
13
11
13
13
13
10
9
9
19
11
21
13
10
61
10
10
11
11
19
11
12
13
15
8
10
11
8
22
13
8
6
9
8
10
7
17
12
11
34
15
9
9
10
12
15
9
9
13
25
12
9
12
8
6
17
15
15
13
13
14
11
14
10
13
12
10
13
7
8
13
8
21
10
9
7
6
13
11
4
14
12
9
17
10
9
11
16
12
5
61
14
14
11
6
10
9
8
13
7
9
17
9
10
9
13
10
10
13
9
15
9
51
15
10
11
15
11
15
11
15
16
14
11
22
11
8
8
9
8
9
8
10
7
9
13
9
13
11
37
9
7
6
11
11
10
8
9
13
10
40
8
18
11
11
8
12
13
35
13
11
7
9
15
9
13
7
11
9
8
9
4
11
13
6
13
14
11
9
9
4
6
8
10
9
11
11
17
8
10
6
11
11
7
13
13
12
7
11
15
8
7
15
10
13
7
9
13
6
9
14
14
6
6
2
4
6
4
7
12
9
15
6
13
8
2
0
9
9
10
13
11
8
8
9
11
10
9
4
6
7
7
5
10
9
9
8
6
10
10
6
10
17
11
8
2
2
11
7
7
11
8
8
4
8
10
11
8
7
9
6
7
8
11
2
6
7
9
12
8
6
11
10
7
22
11
9
10
9
7
13
10
13
11
7
11
8
8
11
5
10
9
9
11
11
14
11
13
9
15
9
4
10
11
6
6
9
8
13
11
11
10
15
10
11
14
11
8
10
8
10
7
9
9
6
18
13
6
4
11
13
11
9
12
11
7
12
7
8
16
11
10
13
9
11
13
12
9
14
6
20
11
15
9
9
13
9
8
16
13
6
11
6
13
6
6
9
11
10
10
13
9
11
9
8
9
11
9
11
13
9
18
7
13
9
12
13
9
10
6
17
11
17
13
9
6
15
9
10
9
11
11
10
11
10
7
9
4
8
11
11
11
10
8
9
10
8
7
18
7
12
11
11
11
11
13
18
6
8
8
16
8
6
8
14
21
4
6
6
8
4
11
4
10
11
9
9
4
2
8
8
8
11
9
13
13
15
13
13
8
9
16
6
8
6
6
8
13
13
11
11
9
6
6
6
9
6
7
8
4
4
9
7
6
2
6
13
11
11
10
4
6
2
2
6
8
8
11
6
8
10
2
0
2
2
6
12
8
13
15
7
8
8
13
4
8
4
4
0
2
6
10
8
4
11
13
4
4
2
2
2
11
15
7
11
11
13
8
4
8
6
2
11
0
4
11
14
9
9
9
4
8
8
8
4
6
11
13
13
8
13
9
4
4
4
4
6
6
12
11
6
11
12
9
13
6
2
6
4
6
9
11
6
13
8
13
6
5
10
4
8
10
4
11
11
11
10
10
11
6
8
21
6
8
9
9
19
4
7
15
7
4
2
2
2
6
2
6
9
12
9
10
4
8
0
0
0
4
5
10
8
8
4
5
4
10
0
2
9
2
2
4
2
6
23
4
6
10
2
8
4
2
2
2
4
4
8
6
10
2
6
2
6
4
4
2
2
2
6
2
2
4
2
4
0
4
6
0
2
2
4
4
11
8
10
2
2
6
6
4
10
8
4
2
9
8
9
4
4
4
2
4
4
8
8
9
11
8
28
0
4
2
0
8
4
4
2
9
8
4
6
6
66
2
4
0
8
4
6
10
7
4
9
8
6
4
6
2
8
2
9
8
14
7
9
6
4
4
2
4
8
2
5
9
8
8
11
11
4
2
0
2
2
0
6
2
2
2
2
6
0
6
11
2
4
11
2
2
6
4
6
2
2
4
17
10
0
4
4
0
0
4
4
15
2
2
8
4
9
2
2
2
4
6
10
14
2
2
6
8
6
4
2
6
6
15
2
2
0
6
13
6
2
9
0
10
2
13
0
2
0
6
8
8
4
2
2
6
13
17
0
2
0
6
8
8
2
8
0
6
8
4
14
15
4
4
6
2
2
6
10
2
4
4
2
6
10
6
6
4
2
6
6
2
6
2
2
10
8
12
6
2
0
4
8
0
2
2
19
4
8
8
13
4
8
14
2
4
6
2
4
4
2
8
4
4
10
2
6
2
2
2
4
2
6
2
2
4
6
4
2
8
4
2
8
0
0
9
2
8
6
4
0
0
2
0
0
0
2
2
4
6
6
10
10
4
2
4
2
6
2
2
2
11
11
2
2
2
4
2
0
2
2
8
2
10
6
4
0
13
6
2
0
4
2
2
13
16
12
4
8
2
6
4
0
4
6
2
10
2
10
13
2
0
6
2
2
6
2
12
6
0
2
2
2
4
6
2
4
2
0
2
12
8
2
0
6
2
9
10
0
2
4
4
6
8
0
2
12
4
12
0
2
4
2
13
6
8
2
0
2
12
6
2
2
0
4
2
2
19
2
0
2
7
