10
6
10
6
12
2
6
8
12
61
8
13
0
8
6
4
8
12
8
12
10
6
6
8
8
10
6
14
10
10
8
14
6
8
2
6
10
7
11
6
8
0
2
4
4
6
8
8
12
14
6
16
2
8
6
8
10
10
4
8
12
4
6
0
6
11
8
2
10
10
12
8
10
6
10
6
6
4
12
10
13
4
0
6
8
10
6
10
2
10
8
6
10
4
8
2
2
11
14
6
8
99
2
2
4
6
10
12
8
2
6
6
8
2
12
10
10
0
12
8
6
8
4
8
12
2
10
4
4
4
6
8
4
8
12
10
6
30
11
6
8
10
2
6
8
12
10
10
6
6
8
8
10
6
2
8
8
62
6
8
6
7
10
7
6
8
4
8
11
2
2
8
8
30
11
0
67
8
12
8
10
10
6
0
4
10
6
10
67
10
6
8
6
6
8
10
10
2
10
6
6
10
68
6
7
8
10
8
10
0
8
10
4
4
8
8
4
2
0
61
8
8
59
8
10
10
10
8
58
6
0
12
4
8
69
8
10
55
6
4
6
6
8
4
10
11
12
8
8
12
10
0
12
8
9
8
14
6
10
6
0
10
4
8
7
14
2
6
6
8
8
14
13
2
8
8
10
8
10
8
6
8
10
54
12
10
92
31
0
7
9
0
0
65
2
8
0
0
4
4
0
4
2
0
0
0
2
10
6
0
4
2
0
63
6
6
2
0
8
6
0
0
59
2
4
6
8
4
2
2
4
0
0
0
2
0
80
2
12
4
2
2
21
8
0
6
0
0
6
2
0
0
6
2
11
0
2
0
0
2
8
4
0
0
2
2
8
0
2
2
2
0
6
8
36
0
2
2
8
0
4
2
8
0
0
0
4
0
2
2
8
8
4
2
0
2
59
10
2
4
2
2
4
0
0
6
2
8
12
2
8
0
2
0
6
0
67
2
2
6
2
64
0
0
4
4
2
0
8
6
2
0
55
4
0
6
6
6
10
2
0
2
6
0
66
6
8
8
6
2
25
2
8
0
6
4
0
6
0
0
4
0
2
0
0
0
6
2
0
12
0
0
7
54
11
0
0
6
6
2
2
0
0
2
6
39
2
6
4
4
0
16
8
0
2
2
4
56
4
4
8
4
2
2
4
4
2
4
6
6
2
6
4
6
4
8
6
6
4
7
2
7
0
6
32
8
0
0
0
2
46
4
4
29
4
14
6
8
8
10
4
0
2
7
6
4
6
4
6
6
0
2
6
6
8
10
4
0
2
4
8
6
6
8
6
6
36
8
2
14
0
0
8
10
6
6
10
21
23
42
31
55
47
24
0
21
11
2
17
29
44
0
0
37
15
2
8
2
2
42
2
42
2
0
10
14
0
0
0
34
38
2
24
0
13
2
48
0
2
17
2
73
16
21
0
4
30
19
21
36
15
0
66
25
0
0
0
0
16
2
23
0
14
27
44
4
59
13
2
13
31
0
0
0
2
39
21
65
2
0
9
50
4
11
0
4
0
2
9
0
8
8
53
17
6
0
2
0
29
2
2
45
2
41
10
0
0
12
4
13
17
2
44
50
26
25
32
2
27
2
0
32
66
21
24
0
16
22
2
25
7
17
0
2
2
2
19
0
2
19
2
4
0
0
13
12
0
22
2
28
2
0
57
34
46
42
0
0
4
56
0
0
0
0
28
61
13
0
50
35
0
0
2
23
2
11
43
17
10
0
2
21
2
2
3
0
13
29
17
2
19
10
0
0
2
0
0
0
9
25
44
0
2
14
0
16
23
2
4
18
26
15
0
2
0
17
2
19
0
0
19
19
40
0
25
0
2
36
21
4
15
0
40
2
0
0
0
25
17
2
0
14
36
15
4
0
0
10
2
2
0
64
0
0
0
0
0
2
0
0
31
0
0
0
5
0
0
25
0
12
22
19
0
9
0
0
0
0
2
55
40
0
17
16
6
0
14
30
2
32
46
19
8
0
0
15
29
27
0
15
35
8
0
40
12
40
0
35
23
13
18
10
9
13
0
2
23
42
14
15
10
0
17
4
28
2
4
47
9
8
23
15
8
4
8
20
19
43
0
15
57
47
17
23
0
0
2
2
13
2
6
2
21
15
0
2
10
31
0
8
0
13
13
0
48
4
50
44
21
4
0
2
25
2
0
72
26
2
38
2
77
10
2
0
2
0
29
0
4
4
44
21
10
7
0
18
0
4
0
0
6
0
46
15
4
22
6
0
23
23
2
4
11
36
0
67
4
0
0
21
16
2
2
0
17
48
0
2
0
15
40
23
0
14
4
7
17
4
31
26
0
2
13
0
10
0
0
24
29
35
13
36
0
10
27
10
25
26
0
15
2
0
47
32
15
4
25
21
82
2
18
13
26
0
33
0
13
25
15
8
31
2
2
15
27
0
17
17
15
24
0
0
15
31
15
2
0
42
0
15
0
36
15
28
2
25
31
0
7
56
27
0
0
25
2
14
0
0
23
21
21
11
21
2
23
15
31
21
15
49
15
8
29
0
25
15
23
0
25
2
13
23
27
0
42
30
17
0
2
22
19
0
0
34
35
27
14
17
2
21
4
28
19
4
0
0
23
34
16
46
0
10
0
29
2
0
0
13
23
6
0
0
35
18
4
0
27
0
23
6
0
27
0
4
25
0
2
34
0
15
0
0
13
23
2
0
25
64
0
2
16
0
2
21
70
0
4
2
6
4
2
23
0
2
37
0
12
2
15
0
0
27
48
2
2
53
4
41
32
0
0
31
12
0
19
0
16
4
0
2
0
36
2
0
11
50
0
13
40
0
2
0
32
19
56
0
0
28
4
0
17
21
2
0
14
25
4
36
2
0
2
2
19
0
0
28
13
6
41
40
19
17
8
0
49
22
26
2
6
0
35
0
4
42
25
48
33
2
26
0
0
36
23
78
39
23
0
46
2
2
30
0
19
0
7
75
8
2
0
21
13
25
44
2
2
11
2
2
71
0
19
5
16
19
32
13
71
4
21
32
27
0
2
2
13
27
2
0
0
56
45
2
0
61
8
19
19
0
43
4
18
0
25
31
0
2
15
0
19
23
2
15
27
8
35
42
24
10
4
2
2
34
2
0
17
0
13
0
0
21
9
0
7
23
13
0
2
4
12
2
10
15
4
13
0
17
0
2
26
25
24
2
44
47
0
58
6
2
60
35
24
27
0
0
0
37
25
16
2
4
14
15
2
12
11
2
17
0
13
15
2
51
0
0
0
10
34
35
4
0
