17
13
23
34
14
24
25
28
19
15
35
27
21
27
17
18
30
29
15
34
19
25
17
39
11
14
23
16
25
25
17
21
19
23
14
11
31
10
11
13
39
30
17
50
45
25
27
42
46
40
19
84
63
54
31
57
41
32
49
58
29
57
81
52
43
65
27
92
44
40
44
37
75
78
77
33
80
31
38
21
68
62
31
92
53
46
80
50
94
45
77
29
38
33
85
84
83
68
51
50
45
58
23
43
21
64
48
52
68
71
58
43
44
42
50
52
66
45
66
35
93
37
73
37
59
67
37
18
31
39
41
24
74
25
41
49
98
47
44
72
33
65
44
66
25
31
65
51
60
55
58
50
66
83
86
28
87
53
70
86
35
35
33
40
42
53
32
62
62
71
83
43
31
44
27
37
53
29
14
52
44
44
78
32
33
31
43
35
49
51
21
19
17
26
34
35
21
46
27
77
54
73
95
53
61
54
33
26
62
71
73
50
65
35
61
27
47
37
28
45
32
46
87
44
55
81
51
97
94
50
47
45
36
32
24
19
48
36
42
29
36
45
32
37
25
39
33
40
35
76
39
61
38
14
16
15
38
28
22
18
39
20
21
29
43
46
17
25
44
35
22
22
23
32
27
28
46
11
35
60
35
22
15
18
28
30
34
42
42
20
19
34
25
43
30
19
33
34
32
33
24
15
44
31
29
36
38
17
19
17
46
38
27
32
23
46
59
70
45
33
23
39
56
15
37
37
23
41
26
31
17
25
48
16
13
42
21
30
49
84
65
34
34
19
38
61
53
49
31
22
55
39
71
46
22
17
57
48
43
48
13
17
69
40
32
35
23
21
41
40
63
42
30
25
37
23
30
51
30
27
27
15
49
60
59
58
23
52
58
59
38
40
33
38
58
46
51
29
64
42
52
25
67
42
68
48
67
44
63
38
34
29
44
46
40
50
29
52
37
27
32
19
68
34
24
56
36
33
36
73
58
53
58
55
62
35
46
18
43
62
52
48
38
39
54
29
39
60
86
63
40
43
40
28
40
39
82
25
55
45
59
46
12
40
29
39
91
35
54
81
44
58
50
83
69
75
23
71
45
32
65
69
73
39
48
33
85
73
52
30
39
42
58
31
41
53
29
55
56
41
50
53
43
64
28
46
47
37
51
46
62
46
60
37
40
44
46
40
52
63
26
49
68
55
61
16
19
30
42
44
58
46
44
37
31
17
31
27
39
79
70
70
55
58
38
50
56
62
46
29
35
44
10
84
70
21
42
71
61
88
19
57
42
15
74
8
52
23
13
67
15
14
19
31
13
26
57
34
44
28
36
48
33
48
15
63
29
35
30
23
11
56
19
29
85
31
21
43
15
23
23
17
36
36
27
22
13
64
70
90
73
9
45
34
7
28
42
60
32
17
11
47
35
27
34
21
31
20
24
39
11
24
17
70
15
32
17
26
23
13
15
40
6
29
15
32
47
19
25
15
27
29
59
44
30
49
64
46
69
30
38
67
11
17
32
51
43
15
55
21
70
66
34
39
57
48
23
57
19
23
23
33
33
28
30
15
45
31
19
60
11
21
60
67
37
28
37
25
17
30
44
37
80
32
30
75
33
26
19
37
52
34
40
20
87
74
13
20
72
46
50
50
80
21
67
50
28
74
32
65
21
44
44
74
44
23
29
22
11
39
46
45
51
21
34
28
72
35
36
55
59
39
27
16
58
17
45
77
45
15
15
47
40
45
52
15
66
17
21
33
43
59
17
67
50
76
63
16
39
38
77
23
42
32
27
60
40
62
25
26
37
43
37
24
39
15
14
22
4
48
13
37
20
31
23
19
11
24
7
11
9
28
20
28
31
43
18
13
54
23
21
31
38
26
33
34
48
6
49
20
20
42
9
4
2
18
4
24
2
2
10
2
4
5
13
12
2
4
12
5
2
2
4
5
8
2
0
9
9
4
9
6
7
6
32
19
24
9
28
15
9
8
6
0
9
11
13
2
9
4
12
30
2
6
11
10
10
8
10
2
6
17
15
17
6
8
6
17
11
11
19
0
7
10
65
27
11
8
23
9
4
18
13
10
6
17
30
15
21
13
16
11
15
9
48
10
22
9
15
48
10
19
17
19
19
15
13
27
45
18
19
11
23
25
10
27
22
32
32
16
37
20
15
53
30
30
54
32
62
28
36
62
47
49
30
45
31
20
21
48
41
61
32
27
46
28
17
30
33
26
24
13
19
8
34
30
39
32
30
20
45
36
44
34
46
85
28
30
47
76
33
65
58
43
9
23
17
57
51
23
47
23
58
46
16
52
77
19
13
81
82
55
58
20
42
50
66
58
23
71
79
65
82
34
75
44
35
45
63
49
36
17
13
44
19
72
67
61
77
29
70
48
70
74
66
23
72
42
74
45
29
41
36
37
43
11
6
56
78
32
43
56
19
75
29
63
50
41
56
22
17
28
20
37
35
60
53
19
13
32
72
58
28
32
15
42
59
54
11
30
17
33
41
24
29
28
27
20
37
25
21
8
32
22
21
2
6
30
17
9
11
13
15
17
13
48
19
43
16
31
21
6
22
7
15
8
38
6
13
21
22
17
24
13
15
11
18
24
34
19
20
17
48
7
43
26
23
68
67
38
71
21
43
6
37
56
29
29
11
41
42
30
38
20
17
36
48
28
41
7
27
15
59
19
8
13
21
30
8
23
22
9
28
0
27
32
18
23
17
33
43
17
21
13
17
19
43
22
28
52
22
28
63
19
15
15
13
51
37
27
72
38
42
22
17
19
23
26
26
17
17
9
33
21
31
23
19
10
35
33
13
44
23
43
31
17
17
26
30
29
21
17
45
24
23
39
32
7
28
22
35
15
40
11
37
20
34
53
21
21
18
11
33
29
28
39
26
41
24
34
34
26
15
23
21
43
32
13
36
26
10
9
9
67
24
45
11
55
45
38
29
41
26
26
34
18
43
26
15
29
29
45
28
44
46
11
36
38
30
55
25
15
45
50
51
38
79
17
36
34
39
39
23
13
38
44
45
44
35
15
45
30
39
43
55
40
41
61
43
37
22
21
33
43
38
11
17
17
47
63
25
39
19
11
66
32
19
25
18
26
49
27
44
33
22
52
29
34
10
23
24
23
11
13
19
24
26
41
13
36
28
11
19
45
30
11
27
50
13
37
16
58
22
15
76
17
18
28
13
7
32
17
15
31
24
26
11
53
16
33
8
20
32
15
17
39
13
8
40
27
27
31
18
36
13
34
51
30
35
33
