6
4
7
5
11
10
6
13
9
4
6
10
6
10
4
8
5
4
4
4
8
4
8
4
4
6
2
4
6
8
8
4
4
6
6
6
2
8
4
13
6
4
4
6
11
2
4
10
6
6
8
6
4
10
6
6
8
4
2
8
4
8
8
4
4
2
4
4
6
4
6
2
3
4
4
4
4
8
6
8
4
6
8
10
6
4
6
9
6
13
6
2
8
3
2
8
2
8
4
6
5
5
11
8
6
22
8
6
6
5
5
8
10
6
9
4
6
7
20
4
9
7
7
4
2
13
8
8
10
4
4
4
4
13
8
8
4
8
6
6
2
4
4
8
8
2
8
10
4
8
17
15
9
9
4
6
4
4
6
15
8
9
6
6
9
15
6
4
2
6
10
11
5
10
13
5
4
4
4
12
4
9
2
10
13
9
6
6
4
10
13
11
9
8
6
12
4
6
7
7
15
9
10
2
14
2
6
9
11
8
6
5
5
8
4
6
10
9
6
8
6
6
8
4
6
7
12
4
6
11
10
8
10
6
6
7
13
11
10
6
4
83
4
10
10
9
4
2
10
6
9
10
4
8
4
6
6
4
6
6
7
6
2
6
6
6
10
4
6
6
4
4
6
9
6
6
4
6
2
8
4
11
8
11
8
2
6
6
6
4
2
0
3
2
2
2
4
2
2
2
6
5
2
4
0
4
2
4
4
2
4
2
7
7
11
9
10
8
11
10
13
9
9
42
9
11
8
7
11
9
11
15
8
9
9
11
15
13
9
9
11
9
17
11
11
7
11
13
9
13
8
13
9
11
5
9
11
10
15
7
10
63
9
9
11
11
8
5
6
7
9
7
8
9
17
6
9
7
10
9
9
11
15
8
14
11
12
10
11
12
11
11
7
9
11
11
9
7
35
11
9
11
13
13
9
9
9
11
11
15
11
15
18
13
11
11
11
36
11
9
11
8
11
9
15
12
11
9
13
7
7
6
9
8
11
11
31
15
13
17
7
9
11
13
15
11
10
11
11
13
12
11
13
15
21
11
15
11
16
8
12
11
17
13
11
13
9
18
11
14
9
9
16
38
17
14
17
15
7
11
7
13
13
14
10
9
14
10
7
9
7
11
15
39
5
2
5
7
11
13
11
8
11
9
11
7
11
9
11
8
11
9
13
10
15
5
19
40
17
9
13
10
11
9
9
9
9
13
10
27
11
11
7
13
8
6
9
11
5
9
5
8
6
10
2
8
4
4
8
13
7
11
11
10
5
10
10
6
15
11
9
10
3
12
9
12
13
11
11
9
11
10
7
7
13
14
2
0
2
2
4
0
2
2
4
2
2
1
0
2
2
2
2
2
0
0
2
0
0
0
0
0
2
2
2
2
2
0
2
4
4
2
2
0
2
2
0
0
4
2
2
2
2
4
2
2
2
0
4
0
0
0
4
2
6
0
2
0
2
0
0
2
2
0
0
2
0
0
2
4
2
2
2
4
6
0
4
2
2
2
4
2
2
2
2
0
2
0
6
2
0
2
4
0
8
2
0
0
2
2
0
2
4
2
0
0
2
2
0
2
2
0
2
2
2
2
2
0
8
2
2
2
2
0
2
2
0
2
0
2
2
0
0
2
0
0
4
0
0
2
2
2
0
2
2
2
2
2
0
2
2
2
0
2
0
0
2
6
0
0
4
2
4
6
2
4
2
0
2
0
0
0
4
2
2
2
2
2
2
2
2
2
2
0
2
0
0
2
0
2
2
4
6
2
2
6
0
2
4
2
2
0
2
2
0
4
4
0
2
4
2
2
0
4
2
2
2
2
0
2
0
2
2
0
0
0
2
0
2
2
2
2
2
0
2
0
2
2
0
2
2
2
2
0
0
0
2
0
2
2
0
0
2
0
0
0
2
0
2
0
2
0
2
2
0
0
0
0
0
2
2
2
8
0
2
0
2
4
0
4
2
0
0
2
0
2
2
0
2
2
2
2
2
6
2
2
0
2
0
4
8
6
4
4
4
4
2
2
4
2
2
0
2
2
4
0
4
4
6
2
4
4
0
4
4
0
2
2
4
4
2
2
2
4
2
4
4
4
0
4
2
4
6
4
6
2
0
6
2
0
4
4
2
4
2
4
2
4
2
2
2
4
2
8
2
2
6
2
2
6
2
6
2
4
2
2
4
2
4
6
6
3
2
2
2
8
4
2
4
4
0
2
0
2
2
2
0
2
8
2
6
4
4
4
9
2
6
2
8
2
4
2
2
4
2
2
2
2
4
0
10
0
4
2
0
2
2
2
2
2
8
4
0
2
2
4
4
2
10
4
2
2
2
2
2
4
4
2
0
4
0
2
4
2
4
4
4
2
4
2
3
2
4
2
4
6
4
0
4
2
4
4
3
4
2
2
2
8
2
62
6
4
2
4
2
4
2
2
4
4
2
2
2
2
4
2
2
4
4
2
4
2
2
6
2
6
8
2
0
4
2
0
2
4
2
2
4
7
2
0
2
4
4
2
6
4
4
0
2
4
3
4
2
4
2
0
2
2
2
4
2
2
2
2
2
2
2
2
4
2
4
2
2
2
2
4
2
0
6
4
2
2
2
0
2
2
2
6
0
8
4
2
0
2
2
2
4
2
2
0
0
0
2
2
4
2
4
2
2
0
4
4
6
2
2
2
2
0
2
6
2
2
0
0
2
2
2
2
0
2
2
4
0
2
2
4
2
4
4
2
4
2
8
4
5
2
4
2
2
4
2
4
2
2
0
0
6
2
2
2
2
2
4
0
2
2
2
2
2
4
0
2
5
4
2
2
4
4
2
4
6
4
4
0
4
2
2
0
4
2
2
2
4
2
2
4
2
2
6
2
0
4
4
4
2
4
5
5
2
2
2
2
4
2
4
2
4
2
2
4
2
2
6
2
4
2
4
6
4
4
4
2
4
2
6
4
2
4
2
2
6
4
0
2
6
2
6
2
6
0
2
4
4
4
4
4
6
4
2
2
4
2
2
6
4
2
2
4
4
2
9
2
7
2
2
4
2
2
4
2
4
12
7
4
2
0
2
4
2
5
2
0
2
0
6
2
6
0
2
4
4
5
6
2
0
14
4
2
0
4
2
2
4
0
2
0
2
2
0
11
2
2
2
0
4
2
2
4
4
2
2
4
4
4
2
2
2
2
4
2
0
2
7
6
2
4
0
0
2
2
2
4
4
0
2
2
2
2
0
2
2
2
6
2
4
0
4
2
4
4
2
4
2
6
2
2
2
2
4
2
