10
6
10
12
10
6
39
8
18
4
6
10
6
6
6
8
8
6
8
8
8
18
6
8
16
14
10
10
10
14
8
12
8
12
8
16
12
10
12
10
8
10
39
41
8
10
12
16
12
14
14
16
10
12
12
16
22
6
12
10
16
16
6
8
12
16
8
12
30
14
18
20
12
14
16
14
16
10
10
16
14
10
14
12
18
26
12
14
12
14
14
18
18
14
26
8
12
12
8
6
6
10
14
10
6
14
12
12
8
8
18
20
14
10
16
18
16
20
26
20
12
10
8
14
18
6
20
8
16
22
8
20
43
6
24
10
16
20
22
6
12
26
18
20
10
18
16
10
6
10
28
12
8
14
26
14
16
6
18
26
18
6
12
8
8
10
26
20
12
6
4
16
18
4
8
10
6
24
18
12
12
14
6
6
20
14
20
6
4
14
20
14
8
8
8
16
18
8
12
16
14
14
8
12
16
6
14
8
22
12
16
6
8
28
8
16
20
14
18
6
20
8
12
10
16
10
6
16
10
14
8
8
10
10
14
12
22
8
18
8
10
12
12
12
12
12
14
12
10
16
14
10
10
12
16
8
16
26
14
10
10
14
18
10
10
12
16
6
10
8
20
10
20
14
16
6
22
10
18
10
12
8
10
10
12
10
4
14
6
8
12
8
6
6
6
8
6
2
6
2
8
8
8
6
8
14
6
6
10
6
8
4
6
6
4
6
10
8
8
8
4
8
10
12
12
6
8
12
8
8
6
14
6
12
12
6
10
8
10
8
16
12
12
10
10
2
16
10
10
14
6
2
14
12
14
10
10
4
12
14
10
10
4
12
8
10
16
10
18
31
24
22
8
43
14
20
12
8
16
14
24
10
25
12
22
24
20
6
10
10
12
8
14
26
18
8
14
8
20
8
10
12
20
24
16
25
20
31
10
8
29
22
24
10
14
8
12
8
10
8
20
10
10
8
6
10
8
12
22
16
27
18
27
6
6
20
35
20
33
22
6
10
20
6
27
20
16
10
14
31
12
10
14
18
8
20
12
24
18
12
8
20
4
18
14
12
41
12
18
20
24
10
20
8
12
12
12
10
10
8
27
12
18
2
14
12
10
10
12
18
22
12
14
4
8
16
27
16
12
12
8
6
26
10
12
22
18
20
16
16
4
14
14
20
18
10
14
16
8
14
12
24
16
6
12
16
16
18
20
22
8
22
14
35
8
10
8
29
24
18
20
14
22
14
12
24
18
18
12
14
14
16
26
16
8
8
14
14
10
10
16
27
20
14
18
12
6
10
8
12
43
10
12
14
16
10
12
10
10
6
6
6
12
6
8
12
10
8
10
10
6
6
8
8
4
8
8
12
6
6
4
29
2
8
8
18
8
12
12
4
12
14
6
6
8
6
10
8
10
8
8
12
10
10
16
12
6
6
14
6
8
8
8
12
6
18
6
8
6
10
8
18
14
6
8
8
12
10
14
6
12
8
10
8
12
0
8
10
8
4
6
8
6
6
10
10
12
4
6
10
8
8
8
10
6
6
12
8
8
16
6
12
8
12
8
8
8
6
8
10
10
8
6
10
6
12
12
10
10
29
12
10
8
14
8
10
12
10
12
10
18
10
14
10
12
20
8
10
12
8
10
12
8
10
12
6
12
16
10
10
14
47
16
4
14
12
12
12
18
12
8
16
10
14
12
24
26
10
23
10
12
10
10
10
14
20
12
6
18
8
12
14
24
8
22
14
4
14
16
12
27
12
12
14
25
10
12
12
8
22
10
14
14
12
8
12
43
14
24
6
20
12
16
16
10
20
12
18
12
8
12
6
8
16
8
14
20
41
6
8
14
8
8
8
10
14
4
10
16
22
6
6
16
16
20
8
12
4
20
6
10
6
12
16
6
6
16
8
4
14
4
16
6
12
12
12
10
8
12
20
8
10
4
12
10
6
8
4
6
10
8
14
10
6
4
8
2
2
8
4
10
8
10
8
8
12
12
8
4
6
2
12
12
6
4
10
8
8
8
4
6
6
10
6
8
6
4
8
31
10
12
8
8
10
8
6
10
2
6
4
6
8
8
10
8
10
8
10
12
10
10
8
6
10
12
10
10
6
10
12
12
10
8
8
10
10
10
8
12
6
8
10
37
8
10
10
4
6
6
8
2
2
12
8
4
4
6
4
8
12
6
4
10
8
8
4
4
6
14
6
8
6
6
6
10
10
12
10
12
10
8
12
6
12
16
4
12
14
10
31
10
8
12
14
8
12
10
2
14
10
6
8
29
8
10
6
12
10
16
22
10
4
14
8
4
14
12
28
12
14
18
24
16
24
4
10
20
4
6
22
4
20
22
8
14
18
10
25
18
16
18
14
6
10
14
8
10
6
14
12
6
10
6
10
10
6
8
14
6
12
4
16
16
10
12
10
12
12
10
10
16
6
14
18
4
20
14
4
12
35
14
10
10
8
20
10
12
12
6
22
8
39
6
12
10
26
12
6
10
8
4
12
8
14
12
6
14
8
12
10
10
6
8
14
2
6
6
10
4
6
6
8
8
4
8
12
18
6
8
12
14
20
6
10
8
16
18
6
8
8
8
8
14
14
14
10
12
8
12
2
8
12
6
6
6
2
8
4
4
2
6
4
4
2
4
4
0
4
2
0
2
6
2
2
6
4
4
2
0
8
2
4
2
0
6
4
4
6
4
2
6
8
4
4
4
4
8
6
2
4
4
4
0
2
8
6
2
2
8
2
4
6
2
8
6
4
4
6
6
8
6
8
6
8
4
12
6
8
8
10
4
8
8
8
8
14
18
16
8
10
8
6
10
6
8
8
8
10
8
12
12
16
12
8
6
14
6
6
6
10
6
8
8
8
6
8
12
6
6
4
4
10
6
6
10
4
4
8
8
12
8
6
10
12
8
6
10
12
18
35
10
10
16
10
8
12
14
8
10
6
12
16
4
6
10
14
6
12
12
10
12
12
12
12
10
8
6
12
12
8
10
8
18
10
8
6
4
10
10
16
6
33
10
8
10
12
10
20
12
14
10
10
12
12
28
6
8
14
14
4
10
6
16
6
10
10
6
14
10
10
10
14
8
12
16
8
12
8
14
8
8
2
12
10
12
10
6
8
10
10
14
8
10
8
12
8
6
4
10
8
14
8
12
8
10
6
6
6
8
6
16
2
8
6
6
2
6
6
6
4
6
6
6
6
4
2
8
6
2
0
8
2
10
2
8
6
2
8
6
10
4
2
16
8
6
6
6
4
4
6
