30
24
25
26
15
3
31
31
44
3
41
46
13
19
17
16
20
16
26
31
21
18
46
31
27
3
12
12
0
18
33
25
8
30
31
37
29
13
17
36
32
30
25
21
18
36
30
4
23
19
27
21
14
43
8
34
35
23
33
42
17
27
29
27
29
32
4
25
13
30
2
28
32
21
3
15
26
5
14
7
22
27
42
3
33
24
18
2
33
31
40
1
29
31
34
3
16
14
16
14
1
54
16
7
15
32
36
6
37
33
27
24
24
30
51
5
40
38
45
7
26
35
36
23
24
2
22
19
17
36
29
34
31
29
35
23
1
37
33
34
40
20
17
35
41
25
29
18
2
30
51
35
32
15
18
3
42
36
41
40
29
19
38
32
31
33
33
4
39
40
23
31
9
17
20
36
3
62
17
3
4
65
38
31
2
29
29
30
2
35
24
2
55
61
30
4
16
55
41
10
35
30
25
32
26
39
22
1
27
33
41
2
17
39
1
10
48
35
42
1
22
30
15
37
3
23
42
35
2
33
2
14
4
29
38
33
3
31
43
23
26
30
30
27
38
3
32
23
10
29
44
34
4
43
27
22
25
41
1
23
10
17
37
34
46
37
45
19
12
30
11
25
3
34
32
5
50
57
34
3
21
32
38
41
26
21
18
35
2
44
22
28
23
9
51
32
15
1
26
18
31
55
34
26
23
45
15
38
25
25
24
7
18
16
3
14
41
32
35
20
35
49
26
26
0
17
28
21
12
40
5
27
36
34
37
19
29
32
27
1
12
1
16
22
53
25
15
7
25
23
1
25
0
12
27
21
22
29
38
22
5
15
29
23
29
25
7
44
44
29
9
21
9
35
19
7
21
16
6
47
40
82
14
1
18
2
21
16
38
27
25
29
27
13
21
19
16
2
32
18
24
35
28
27
35
31
19
1
21
4
21
38
7
0
22
38
23
2
26
29
34
17
50
14
37
12
4
47
32
41
9
16
26
46
21
41
43
28
29
33
39
52
38
2
29
22
40
24
18
59
32
37
36
22
1
38
24
30
4
32
46
55
4
18
28
37
25
29
24
23
25
35
30
3
24
25
35
21
20
26
30
36
23
0
36
31
23
2
27
11
15
14
41
41
40
7
23
27
37
21
23
30
20
42
23
7
11
44
7
36
44
0
17
22
51
1
23
21
7
37
37
27
22
4
16
20
20
34
4
40
28
3
36
41
12
4
19
15
14
6
32
28
33
10
17
6
20
10
1
41
20
37
28
17
4
24
34
37
39
4
25
17
26
31
36
3
15
4
47
14
30
39
32
4
33
17
28
38
32
30
29
22
25
24
2
25
33
9
29
18
31
15
35
36
16
47
27
17
30
2
30
34
22
7
29
22
37
4
11
34
32
32
28
1
45
20
33
2
27
23
20
27
34
17
2
35
30
36
22
16
29
22
17
11
13
25
23
3
43
43
28
22
21
33
65
27
16
28
43
31
35
4
18
27
33
6
13
1
40
33
20
31
48
18
24
23
33
29
1
15
14
2
44
39
35
20
31
9
40
26
20
19
40
21
30
23
31
40
59
0
27
25
9
12
22
24
31
2
43
27
50
0
32
30
62
3
25
13
2
24
31
43
31
1
18
25
39
2
23
17
30
29
22
30
40
52
1
29
24
17
7
22
25
16
32
0
11
6
27
29
5
12
28
23
9
33
37
24
14
25
17
22
34
18
27
30
6
15
41
19
26
38
34
22
1
8
26
29
3
29
36
16
30
2
37
9
18
4
36
23
27
27
31
41
30
40
2
26
35
16
21
21
34
34
1
37
37
36
40
20
0
8
58
2
52
13
3
5
74
17
23
39
25
26
37
4
57
33
27
48
42
29
17
28
32
31
56
29
3
36
4
41
9
23
3
45
41
22
0
17
23
35
34
33
37
41
2
29
37
30
2
30
16
50
26
48
29
37
4
31
35
12
0
39
38
0
6
91
62
2
6
59
0
40
53
2
2
0
49
44
2
2
37
0
70
0
2
3
2
2
48
59
16
34
48
50
0
2
2
0
4
2
2
2
58
24
0
57
0
0
66
46
39
2
2
0
51
2
68
2
0
47
4
0
5
3
40
0
2
2
19
0
40
2
0
3
2
2
0
2
2
31
0
36
44
2
0
2
70
7
0
2
0
50
22
0
71
62
53
0
41
27
0
42
0
16
36
75
0
89
4
0
2
56
9
42
0
4
64
2
61
0
2
2
2
2
2
2
7
62
4
0
4
2
58
0
29
47
31
0
52
2
4
0
2
55
4
2
41
0
0
4
2
52
2
30
2
4
17
65
2
2
84
36
44
0
2
0
0
57
32
2
9
15
2
0
2
43
18
4
2
10
0
76
0
25
4
42
2
48
0
2
2
0
68
2
2
50
2
32
6
37
4
35
55
41
2
2
51
0
48
3
65
26
60
36
0
22
56
33
0
2
57
0
49
2
49
0
0
60
57
0
47
0
50
2
37
3
42
0
55
0
2
0
0
0
70
0
0
60
24
6
44
42
0
2
36
57
2
0
2
12
2
2
32
0
22
59
2
21
0
0
53
0
2
0
0
66
0
55
2
80
75
48
2
0
47
66
2
0
40
0
2
0
0
38
64
0
37
0
54
52
36
47
64
2
28
2
2
62
40
52
0
2
0
53
2
41
0
0
6
0
0
2
0
2
63
2
2
42
2
42
0
0
0
53
0
52
2
2
0
0
69
4
0
0
4
2
58
2
0
2
83
2
80
3
0
0
51
2
2
2
0
55
2
37
4
2
85
2
0
29
0
0
64
2
0
2
0
53
4
2
2
86
0
0
0
49
0
0
60
0
0
2
2
47
2
33
0
49
2
2
0
0
0
55
2
0
9
69
35
0
35
0
2
2
56
39
43
8
57
0
2
5
0
54
0
63
72
38
4
2
41
2
38
0
4
0
2
2
2
0
42
0
0
2
70
0
4
59
0
2
0
67
0
2
0
3
21
0
55
2
0
2
55
52
4
5
39
33
48
47
2
66
0
32
2
58
0
41
64
31
0
48
62
2
73
0
52
2
2
2
41
2
6
0
42
0
0
68
50
57
50
46
46
52
2
44
37
0
27
0
58
0
4
33
2
0
41
44
2
0
2
31
2
2
52
2
36
55
42
0
2
49
48
2
42
0
0
72
30
4
0
46
52
90
2
46
48
56
0
2
26
24
0
0
2
42
0
63
44
0
23
2
38
6
6
0
49
25
69
41
50
0
0
66
40
2
2
39
