12
15
9
10
10
15
12
15
10
17
10
6
16
12
23
19
11
16
4
6
16
6
14
11
16
12
6
23
17
10
6
10
14
4
10
8
16
4
14
10
17
8
19
12
6
9
8
6
10
6
8
14
17
16
12
16
8
19
21
14
21
18
16
17
18
14
27
32
27
36
16
12
17
23
10
6
21
12
7
13
14
14
31
21
19
10
12
19
19
12
21
18
41
39
25
21
19
25
21
18
17
19
31
18
21
19
9
6
41
29
8
23
29
21
29
25
10
35
19
29
39
21
16
37
18
21
39
39
33
18
17
12
19
45
29
56
29
37
19
8
29
25
8
12
24
25
21
25
39
10
21
18
19
35
33
29
25
20
12
14
15
19
17
14
17
21
17
25
21
15
19
8
29
27
17
31
17
31
14
14
21
16
16
25
31
21
39
16
33
29
19
29
25
21
43
29
31
41
23
19
14
10
12
45
21
16
19
25
17
14
23
14
37
16
29
10
17
19
21
37
33
4
11
9
6
33
14
19
31
29
17
14
21
21
22
36
29
4
11
18
25
14
15
33
9
31
27
23
32
43
21
19
10
29
13
19
20
12
31
8
19
31
29
54
18
29
9
14
15
14
15
21
9
29
14
16
21
15
7
12
16
4
25
31
16
13
16
12
12
12
0
15
16
10
10
6
4
8
10
12
6
29
6
8
14
8
6
12
14
8
2
6
8
6
6
6
10
4
4
15
8
8
10
12
8
16
10
8
2
6
4
8
14
10
8
12
12
12
17
8
23
6
19
12
6
6
8
10
8
14
18
13
10
14
19
10
4
15
14
15
8
6
6
12
10
16
8
23
4
23
12
10
8
21
8
4
14
14
8
16
14
8
13
8
10
17
10
25
17
10
14
27
17
6
21
14
10
8
16
12
11
12
12
13
23
15
12
8
17
15
17
33
23
23
17
17
15
4
13
15
10
27
12
12
19
15
6
33
14
7
17
12
21
23
12
14
8
23
25
16
8
10
16
4
10
6
6
6
2
17
19
12
10
11
17
12
4
10
35
12
39
12
23
27
6
0
10
21
8
12
21
8
8
17
23
17
12
4
19
17
12
50
19
21
8
8
23
8
6
10
17
4
19
17
33
17
21
14
74
15
10
23
8
12
21
17
12
14
15
14
14
27
10
23
19
0
4
19
19
12
19
21
2
25
6
29
10
21
14
25
12
17
14
18
19
14
8
23
8
16
19
6
17
12
31
6
2
8
19
21
6
6
8
12
19
14
12
14
8
17
6
10
25
14
8
33
14
12
19
12
4
21
10
25
8
14
2
6
8
8
17
10
10
19
17
12
10
6
10
12
12
8
8
10
10
6
19
6
12
10
6
12
14
12
21
23
8
10
12
6
18
12
8
6
12
14
8
16
4
10
8
10
12
16
6
23
14
6
10
17
12
14
14
10
27
14
16
21
14
18
16
12
8
14
14
10
18
12
16
12
12
6
18
12
19
12
14
14
16
6
19
12
19
19
8
12
10
10
8
12
4
4
8
10
0
8
12
15
19
8
6
8
14
8
10
10
12
15
17
17
6
17
10
19
10
14
4
12
16
8
17
19
8
10
27
55
17
4
18
21
25
12
14
31
10
16
6
8
17
6
6
14
8
10
21
17
10
21
23
6
21
25
6
12
17
16
19
14
21
12
11
6
23
14
23
27
23
23
27
8
14
14
19
14
20
10
16
16
18
18
10
37
18
18
29
8
4
23
23
10
6
19
20
6
14
6
29
21
16
11
23
16
14
16
10
12
17
14
25
4
16
12
10
12
17
16
8
41
8
8
14
8
8
21
8
25
18
19
10
10
10
10
4
6
8
14
8
12
14
14
12
17
16
14
8
18
10
8
8
19
16
10
12
6
6
8
0
12
23
23
6
14
15
10
15
17
16
17
16
12
15
10
14
16
17
31
21
4
11
15
10
10
10
14
0
0
0
0
0
0
0
0
0
0
0
0
0
0
0
0
0
0
0
0
0
0
0
0
0
0
0
0
2
0
0
0
0
0
0
0
0
0
0
0
0
0
10
10
18
8
16
10
14
4
4
16
4
8
12
6
12
4
12
6
12
16
10
8
16
8
8
10
6
10
14
8
6
8
10
8
20
14
18
14
16
6
18
16
10
6
10
10
10
12
14
6
14
10
8
12
22
6
10
8
12
12
14
16
4
20
16
20
8
13
21
10
20
12
14
10
24
14
18
14
6
12
22
10
12
29
4
18
10
14
14
14
20
4
20
14
43
10
10
10
18
10
21
8
12
14
16
8
18
31
6
16
16
20
19
14
12
12
8
10
6
18
20
18
8
14
10
8
33
14
6
23
41
10
27
20
14
20
33
6
4
8
12
8
21
6
14
12
18
6
6
8
4
16
6
6
8
0
14
12
20
10
12
18
6
20
6
6
18
16
10
10
6
8
29
14
18
12
14
8
8
4
2
10
6
21
14
8
8
4
8
4
4
12
19
18
18
8
8
12
6
6
6
14
8
4
74
16
6
6
18
2
6
14
12
10
4
4
8
12
16
6
8
2
2
10
6
6
6
4
8
4
2
16
14
10
10
8
4
0
6
8
4
0
2
4
2
6
10
12
6
10
4
12
12
8
6
2
12
2
6
8
10
4
2
4
10
6
20
6
4
10
12
6
14
2
14
6
6
18
6
8
10
14
25
10
10
8
16
6
6
12
8
10
2
10
10
2
16
12
4
2
8
14
6
10
21
8
8
6
13
2
20
21
16
12
20
18
21
14
8
14
10
16
18
16
10
10
4
21
23
14
10
27
8
10
22
16
8
10
14
16
10
16
14
12
21
18
14
14
14
12
19
4
16
25
23
10
6
12
14
14
10
6
6
18
18
21
6
18
12
14
16
8
10
31
6
18
10
10
12
10
12
16
20
33
6
10
10
6
18
19
10
12
10
6
18
14
27
25
23
8
16
4
16
12
14
20
17
20
16
20
2
19
16
6
10
2
16
4
16
27
8
10
10
2
10
18
12
14
16
18
16
18
6
16
10
8
18
10
8
14
10
22
21
8
12
12
18
14
12
10
20
10
19
14
8
6
4
10
10
16
23
12
12
22
20
12
12
18
14
8
8
6
12
16
12
12
19
8
10
12
10
4
8
6
8
6
4
6
4
4
6
4
2
14
4
10
2
12
12
8
12
12
12
8
10
4
8
4
10
16
8
2
2
12
10
4
8
10
10
8
4
2
12
21
6
2
6
4
6
8
10
8
8
6
