2
5
2
9
33
7
2
33
2
35
2
5
5
4
2
4
9
2
2
0
4
2
2
4
5
5
0
0
0
31
2
0
2
3
0
5
41
17
4
37
2
0
8
2
4
5
9
4
49
0
2
0
4
3
5
0
0
3
2
3
37
0
0
0
2
33
2
4
0
5
7
2
3
4
0
2
5
2
2
0
2
0
27
2
0
0
2
3
2
2
5
2
4
2
3
27
3
2
33
3
2
0
0
3
3
2
4
2
2
4
5
2
5
0
0
2
5
0
9
3
5
3
0
2
7
2
4
3
2
5
0
3
7
7
0
2
0
5
5
4
2
0
17
4
0
0
2
5
0
5
3
4
2
2
0
2
2
2
3
0
1
7
27
7
0
2
2
2
5
4
4
5
2
6
0
2
4
39
0
5
0
4
0
2
2
4
4
1
0
2
2
2
2
0
2
27
4
2
4
2
3
5
2
31
35
2
4
2
0
2
5
0
2
4
23
3
3
5
3
0
2
2
0
2
0
4
4
3
9
5
0
5
4
6
2
0
2
4
4
3
2
2
4
3
3
0
3
3
0
0
2
2
3
2
4
4
2
5
2
4
4
2
0
37
2
2
0
0
4
0
2
3
0
0
5
37
7
35
2
2
2
35
4
2
2
0
33
2
0
5
2
0
2
0
41
6
4
0
7
3
4
2
2
5
36
2
9
3
3
4
2
2
5
6
5
4
3
2
2
2
2
0
0
5
0
7
2
2
35
2
2
2
4
2
2
2
0
0
2
4
3
2
3
5
4
7
5
37
2
4
2
2
3
2
0
7
2
7
7
0
3
9
4
2
2
2
5
2
0
4
5
4
37
2
9
3
3
4
3
2
4
4
2
0
3
2
2
2
2
2
2
80
0
2
3
3
7
4
6
0
0
5
4
2
0
2
4
2
2
7
3
2
0
37
2
7
2
4
0
4
2
43
0
3
3
2
2
2
4
25
3
3
2
0
5
2
2
2
4
9
2
6
2
3
5
2
3
3
4
5
2
7
3
2
0
2
5
3
7
0
2
5
7
3
3
0
0
2
2
3
0
5
4
2
4
2
2
5
4
0
0
0
0
2
4
5
2
0
5
0
4
2
4
2
5
2
2
0
3
2
5
2
2
5
7
37
5
4
2
5
2
4
2
5
4
0
5
0
4
2
4
5
0
7
2
9
3
3
5
3
0
7
9
2
4
6
0
2
3
2
0
4
4
4
7
2
2
9
3
2
4
0
2
2
7
4
5
3
0
0
2
2
41
4
2
2
2
0
2
5
2
3
7
5
5
4
3
5
3
2
7
2
3
9
4
0
5
2
2
2
11
3
3
0
4
2
3
4
9
5
5
2
2
7
5
3
3
3
0
2
0
3
7
5
7
0
0
9
4
5
2
5
5
3
4
0
2
4
4
4
2
21
5
0
0
5
0
5
0
2
4
5
2
2
2
2
3
9
5
2
5
2
4
4
2
0
15
2
0
0
4
4
7
2
2
0
3
2
2
0
2
4
0
2
4
7
2
3
4
5
2
0
3
15
9
5
0
2
5
6
0
3
7
3
5
2
2
2
5
4
2
2
2
2
2
3
0
2
3
5
5
0
37
2
4
9
2
7
5
2
2
5
2
2
2
6
9
0
5
25
5
27
2
4
0
2
3
2
6
3
2
4
5
4
0
0
3
3
7
35
13
3
4
2
2
2
2
2
2
7
4
2
2
11
0
2
2
2
2
5
9
4
2
5
3
4
2
3
2
0
2
4
2
5
4
2
5
5
4
3
2
2
4
3
2
7
0
4
0
39
4
5
2
5
3
5
3
7
5
5
5
9
4
23
0
9
0
3
4
3
5
4
2
3
4
2
2
2
2
9
5
29
2
2
23
5
2
4
2
4
4
3
7
2
4
5
2
2
5
6
4
4
2
0
2
3
9
6
2
5
4
4
0
2
2
0
0
45
2
5
3
2
2
0
3
4
1
3
4
33
3
2
3
2
3
43
4
25
5
4
5
0
2
5
5
2
2
0
0
3
5
0
4
2
29
2
7
0
2
2
2
39
3
3
3
2
5
37
1
2
0
2
2
2
2
6
2
2
2
4
2
3
0
0
2
0
5
4
2
2
2
5
41
0
5
2
2
3
2
4
4
4
4
0
4
5
2
5
7
5
3
3
3
5
4
5
7
2
33
4
4
4
7
2
2
0
3
2
37
3
4
4
2
3
3
0
4
3
2
3
0
0
5
5
2
3
5
9
2
4
4
2
37
2
2
3
4
4
4
2
2
3
0
2
2
4
2
2
2
17
2
0
8
4
5
4
13
0
4
2
2
0
6
2
4
4
2
4
2
5
3
4
4
4
4
23
11
3
4
4
4
5
5
4
0
3
0
2
0
2
2
5
2
2
3
3
2
0
2
2
2
4
2
2
5
3
5
4
2
7
1
3
2
37
2
11
5
2
2
3
9
3
2
2
2
3
2
0
3
3
6
5
3
4
2
2
5
4
2
0
0
2
7
2
4
5
5
4
4
2
4
5
3
3
4
0
2
4
2
0
0
0
0
0
0
0
0
0
0
2
0
0
0
0
0
0
0
0
0
0
0
0
50
2
4
47
0
6
7
41
2
3
0
2
2
3
2
13
2
2
2
2
3
3
2
3
0
2
5
6
5
2
4
5
2
4
2
5
0
7
4
4
0
25
4
3
2
39
2
7
29
2
2
7
15
2
3
0
4
3
5
4
0
5
33
2
4
23
4
4
4
2
7
39
4
0
2
2
4
5
2
9
15
5
0
1
5
5
2
43
4
21
2
5
9
2
4
2
2
0
0
2
23
25
2
0
5
2
2
5
41
0
7
2
3
6
3
2
2
9
7
2
0
7
7
2
2
3
4
4
2
42
0
5
3
3
4
2
5
9
2
2
1
17
43
4
0
2
2
3
2
5
2
7
2
4
4
3
2
7
19
7
2
6
2
0
0
7
0
0
0
0
7
2
5
2
2
2
2
2
3
2
2
4
2
2
2
4
39
0
2
0
3
5
3
0
4
2
2
3
4
4
0
3
3
0
6
0
2
0
2
3
3
6
0
2
2
4
6
4
4
2
2
6
4
2
0
2
3
2
0
7
5
0
0
4
4
4
5
4
2
2
0
0
0
2
2
3
2
2
2
37
5
7
7
4
4
2
2
2
3
2
41
4
3
2
3
2
4
0
0
2
3
4
41
2
4
3
5
2
4
4
8
0
2
5
7
2
4
0
