40
13
12
17
31
26
7
16
29
23
27
15
27
17
16
4
20
23
11
27
16
23
16
11
25
15
35
14
31
16
16
32
29
17
28
27
34
32
20
16
25
9
21
20
21
31
31
32
24
33
30
56
25
26
27
14
39
18
12
33
17
7
11
11
35
35
20
21
11
9
35
32
16
41
27
34
23
34
18
26
24
31
23
32
15
21
33
39
25
29
30
27
26
38
23
24
16
24
16
26
25
19
13
20
26
25
33
35
20
17
20
18
22
22
19
22
18
28
21
29
11
15
16
31
25
14
28
31
24
38
22
16
10
13
34
10
24
16
30
26
30
25
17
23
40
27
23
28
28
33
26
38
38
24
26
14
35
33
37
37
31
39
33
26
12
22
22
38
35
31
26
32
23
26
19
28
24
15
11
16
15
22
28
19
20
17
14
11
16
23
30
40
10
20
23
14
25
14
25
14
24
33
41
14
16
24
9
27
27
34
30
23
27
32
11
33
24
22
16
25
16
26
16
9
21
13
19
30
25
21
25
27
20
26
28
25
34
27
14
28
17
22
38
37
26
43
22
15
31
39
30
21
30
7
20
14
30
25
28
30
24
15
13
20
12
29
12
9
33
26
17
21
16
7
26
35
17
36
31
15
19
18
28
21
20
35
33
11
5
4
21
9
12
5
5
10
20
7
8
11
5
3
12
7
10
9
5
7
9
12
12
4
13
5
5
19
10
13
12
7
12
19
7
10
12
3
23
9
12
7
10
11
12
16
5
20
7
7
11
13
9
13
12
13
17
18
11
18
24
23
11
16
25
25
35
12
20
9
30
13
17
23
24
20
25
29
12
14
24
22
49
11
23
23
25
20
45
19
26
10
28
31
24
41
38
16
29
28
34
28
31
36
27
38
37
29
24
37
19
43
20
20
18
32
29
30
30
41
24
29
14
36
41
40
29
31
27
31
31
36
24
28
27
26
43
28
35
14
28
37
35
14
19
32
21
21
26
37
47
32
36
24
39
34
22
24
35
29
30
32
21
30
30
21
43
22
17
11
32
11
17
21
35
16
11
24
27
31
26
16
35
32
11
34
12
21
41
50
36
33
32
23
16
36
23
40
29
36
26
48
36
31
24
48
31
37
25
25
18
25
50
37
30
22
27
29
17
41
5
21
27
44
33
29
25
16
20
35
30
28
41
28
7
17
23
23
13
24
18
12
22
22
13
28
22
24
22
15
11
23
44
34
7
28
23
21
24
21
25
28
30
19
21
33
22
18
10
25
16
9
22
25
20
12
36
17
22
28
30
20
37
33
42
23
22
30
31
16
16
7
8
15
9
23
7
12
9
14
19
10
9
16
7
2
13
9
5
9
5
19
5
16
6
29
5
7
14
18
5
9
9
7
13
29
11
9
3
11
9
10
11
34
9
14
11
7
13
21
14
14
19
11
10
23
17
21
13
26
9
9
19
12
12
11
16
5
5
9
2
11
11
9
12
24
9
11
7
9
7
18
10
18
9
22
11
16
21
12
12
23
12
13
9
6
16
8
14
14
14
13
12
4
12
27
5
9
24
13
18
15
3
17
7
9
27
14
11
14
14
27
7
18
7
5
21
10
20
25
37
27
20
22
17
25
34
7
19
7
5
20
11
32
10
12
28
25
27
25
24
22
9
17
19
16
31
23
13
22
17
12
21
37
24
17
22
7
24
24
10
12
22
28
28
27
21
34
21
25
24
22
25
8
36
21
23
24
25
5
31
7
20
21
36
17
22
33
29
26
21
20
29
23
3
7
33
28
20
30
25
17
17
42
32
27
31
30
9
8
14
9
20
19
16
30
24
20
7
7
17
18
10
5
8
20
11
10
17
9
9
10
10
7
16
11
18
13
12
10
14
7
19
39
14
7
9
7
8
24
10
23
13
17
9
18
14
9
13
9
3
17
23
21
11
9
12
16
12
22
16
20
12
22
13
13
25
15
12
19
21
15
13
23
28
21
17
8
8
40
12
10
8
17
23
40
34
8
19
13
6
25
21
7
25
10
15
19
40
2
21
6
2
8
11
10
13
9
10
19
16
6
10
19
4
6
8
4
6
8
11
6
24
12
12
10
15
4
8
31
6
10
15
8
9
15
6
12
12
10
13
13
10
15
23
10
13
13
15
13
0
10
13
6
8
6
4
9
14
16
6
17
8
15
8
11
15
7
10
10
11
19
17
8
10
22
17
10
6
9
8
13
14
38
11
25
19
11
19
31
15
13
6
8
22
11
13
8
8
6
12
15
15
13
6
28
18
12
15
29
10
13
13
19
19
7
13
7
11
5
5
30
20
36
25
31
27
8
19
27
58
13
25
15
33
17
21
25
10
13
9
46
14
12
8
19
17
23
6
10
21
9
15
19
17
13
4
12
8
24
25
17
27
12
12
21
19
9
10
13
10
17
13
17
6
14
15
17
16
15
12
13
25
17
15
21
10
22
15
11
10
21
6
7
13
6
6
11
15
11
4
16
19
13
20
7
58
13
9
9
7
9
22
4
10
9
14
11
12
12
35
9
16
4
0
4
5
2
7
7
2
4
0
0
0
3
2
5
0
4
2
2
22
0
0
4
0
3
7
4
0
2
2
5
5
15
22
28
19
11
25
13
23
13
7
9
24
26
15
4
11
7
9
29
24
18
17
23
13
6
25
2
6
13
5
9
20
7
12
6
7
17
6
15
15
11
6
13
8
8
4
6
18
6
9
13
9
20
13
22
42
4
30
6
20
15
6
19
17
6
13
9
5
22
17
11
10
24
9
9
17
20
7
13
7
9
29
25
45
15
26
31
18
24
11
15
37
36
21
27
57
5
17
13
26
22
11
7
25
16
16
11
40
26
2
15
26
5
7
14
7
20
27
26
54
16
9
9
9
21
25
17
22
15
13
9
41
23
31
30
16
7
7
13
11
16
22
9
13
20
6
26
15
11
32
19
16
18
20
20
13
18
32
16
21
30
7
13
13
13
11
18
6
23
30
6
14
22
4
19
26
13
20
28
11
6
19
14
14
11
15
24
11
9
9
11
13
18
24
18
19
4
0
4
2
13
9
26
13
18
17
19
22
14
20
27
21
23
19
18
13
19
11
17
9
9
13
9
18
19
23
15
16
21
11
22
21
11
22
13
13
6
20
6
19
4
7
19
19
28
6
11
14
18
11
15
17
15
13
26
26
11
6
9
11
20
14
7
17
13
14
15
6
6
4
20
13
16
30
6
18
9
11
7
16
11
13
7
9
11
10
11
