10
9
8
65
62
72
10
7
12
8
52
51
59
10
57
31
10
10
11
10
51
11
58
11
51
58
10
69
50
61
9
35
11
10
49
58
46
76
54
78
56
8
66
6
59
9
10
31
53
69
10
55
48
7
8
10
57
9
10
8
7
29
63
67
10
66
9
52
66
16
12
48
5
56
56
50
28
10
10
10
15
14
10
11
11
46
11
56
9
11
63
8
9
10
45
10
24
59
62
62
6
10
11
10
61
9
8
13
43
42
60
60
62
8
7
58
10
7
14
8
11
55
63
7
70
8
9
63
12
7
10
8
10
74
72
61
10
45
12
8
12
12
33
25
39
9
42
10
8
10
7
53
29
13
7
8
41
10
8
8
7
12
10
29
45
7
8
9
14
8
8
57
7
8
47
55
8
11
47
6
8
10
9
12
8
11
12
56
12
40
10
12
8
28
6
8
6
12
64
8
10
34
10
9
10
11
10
10
8
72
74
65
10
39
6
8
12
37
33
8
10
12
31
7
8
10
13
48
54
9
10
77
6
54
62
8
6
12
9
54
63
10
71
9
8
8
9
10
7
9
10
11
8
67
8
53
12
14
8
26
10
10
10
64
8
9
75
78
57
10
8
6
35
8
9
7
11
12
35
60
47
9
12
12
12
12
55
60
9
38
10
5
31
49
65
59
10
12
8
11
56
50
10
9
8
28
6
81
8
5
10
13
42
9
7
10
10
8
62
6
38
8
8
8
58
10
8
6
58
10
8
8
56
9
8
9
51
10
64
9
48
45
10
10
7
42
10
9
46
10
11
29
63
29
62
51
8
10
9
8
9
12
11
10
47
55
24
65
51
7
18
13
10
71
60
58
51
51
7
35
13
12
60
62
12
9
10
59
59
10
39
51
60
12
8
7
10
10
6
12
56
7
6
39
10
6
26
8
11
10
77
8
54
8
52
13
52
7
51
36
9
8
9
64
49
9
7
51
11
8
55
45
12
56
53
55
61
10
9
33
14
11
62
8
8
7
10
6
44
10
15
56
40
52
51
10
6
5
56
53
46
48
24
7
4
49
12
7
10
61
58
67
8
45
8
8
34
8
48
9
59
72
65
10
7
7
7
41
46
9
8
8
7
69
61
8
10
29
7
75
10
6
60
6
52
6
72
13
31
43
21
77
45
10
51
9
12
59
76
12
6
9
10
50
10
11
10
9
7
55
10
10
10
8
7
69
7
12
7
54
50
8
12
14
12
51
10
61
31
12
12
8
54
57
12
8
10
52
9
56
8
9
7
9
53
10
12
56
61
51
8
44
14
7
11
7
58
0
2
25
76
34
48
38
4
5
2
71
49
2
71
76
0
39
51
26
4
2
58
53
69
2
6
13
67
38
58
4
6
2
69
54
35
54
58
14
69
44
2
52
4
2
4
52
2
53
72
61
53
4
65
2
3
4
68
67
6
53
2
31
61
53
72
2
2
0
73
23
4
72
2
61
63
47
27
53
4
4
79
34
4
2
4
65
33
19
4
62
2
50
73
34
2
2
62
65
66
42
62
2
8
4
22
24
2
2
54
63
23
36
2
55
45
4
45
61
4
58
2
36
78
4
2
2
2
8
43
4
4
4
2
47
28
7
2
4
49
0
65
4
2
61
32
70
30
4
2
2
2
39
4
2
0
2
4
44
2
4
47
2
23
2
2
19
2
4
36
54
55
12
4
2
5
4
40
4
4
48
2
46
0
5
10
2
28
2
4
3
4
4
8
4
50
2
4
2
2
0
36
2
2
5
0
4
0
2
2
2
5
15
2
3
44
45
39
0
4
2
2
4
2
2
0
2
48
2
39
0
5
18
7
0
3
2
4
58
61
51
43
2
2
6
4
2
2
2
2
29
48
55
53
2
53
4
2
0
2
4
4
42
66
50
2
6
3
2
2
34
2
5
4
47
4
49
6
2
10
32
0
34
5
0
2
4
0
0
0
2
4
47
2
0
18
50
67
0
2
0
0
63
2
54
2
0
22
2
0
47
0
2
2
58
4
2
0
0
63
2
20
65
0
4
2
0
2
2
0
0
25
0
0
0
0
0
59
35
0
2
0
0
29
65
0
0
0
2
2
0
0
0
2
0
22
49
0
2
4
0
0
2
0
61
0
0
65
67
0
0
0
0
71
2
0
48
0
95
31
42
0
0
0
0
0
2
0
20
2
2
27
62
2
0
0
62
59
2
63
62
0
72
41
65
25
2
2
65
65
0
0
57
0
0
27
66
2
0
0
65
2
0
0
58
0
89
25
0
0
0
2
0
0
0
0
22
67
64
22
31
40
25
33
4
8
0
4
0
0
2
2
0
22
0
65
69
4
2
0
0
0
2
24
41
0
0
0
2
0
0
0
56
0
0
42
32
0
0
0
58
0
0
0
0
0
67
19
52
56
0
0
0
2
2
0
21
0
65
63
55
0
0
65
65
48
4
0
56
33
51
2
74
4
35
2
2
44
67
37
0
73
50
45
4
33
39
35
81
92
2
37
4
61
35
40
2
4
29
33
25
2
29
46
60
67
34
48
4
40
41
39
71
34
28
34
15
20
52
53
2
22
25
74
27
76
40
43
4
51
30
50
21
37
4
32
34
41
68
0
64
55
2
33
72
15
77
27
2
42
0
35
74
29
29
34
55
35
60
33
45
6
89
72
68
40
52
4
4
61
39
56
4
51
38
85
71
35
36
2
2
0
61
70
38
35
76
36
74
41
31
2
2
71
36
34
41
71
75
71
72
35
38
2
4
67
70
44
37
4
73
82
32
35
43
4
2
55
63
29
0
8
2
66
46
36
71
48
71
75
27
2
73
0
2
68
35
33
0
23
2
28
32
32
36
4
73
70
66
37
60
2
2
33
35
35
36
4
57
2
32
59
2
2
4
33
33
70
4
4
2
64
37
35
34
2
63
59
37
38
72
66
32
68
35
40
6
69
90
29
29
2
2
43
80
38
38
42
33
70
73
42
35
4
38
71
11
38
30
4
2
79
36
33
0
2
10
2
40
23
27
2
38
85
62
47
46
35
69
24
27
39
2
33
75
87
61
36
41
4
83
78
2
49
43
4
6
38
81
36
22
45
2
70
47
35
4
75
68
77
69
30
42
4
2
75
26
41
31
39
73
76
37
37
45
2
6
77
34
32
4
6
2
69
62
4
37
70
44
35
41
32
75
4
84
69
67
29
71
2
77
38
51
41
34
70
84
68
56
39
35
2
69
37
8
40
2
77
78
38
34
44
35
