6
6
10
8
4
4
6
4
6
6
4
6
8
6
8
6
2
8
10
8
6
8
18
8
8
6
10
6
6
8
4
8
4
14
12
4
6
8
6
6
4
10
8
8
10
6
4
6
8
4
4
6
23
8
6
6
8
4
4
10
4
8
14
12
8
14
6
8
14
6
12
2
8
12
8
10
6
10
10
4
12
6
8
4
2
6
6
6
8
6
12
6
8
4
8
12
8
6
6
6
4
6
14
8
10
10
8
8
12
10
4
8
2
33
2
8
12
10
8
10
12
8
6
6
8
4
12
12
10
12
4
14
4
8
4
8
8
6
8
6
4
8
10
6
10
2
8
10
8
8
6
2
8
6
12
10
12
8
6
10
14
10
10
8
14
12
16
14
16
8
6
10
10
27
10
14
8
8
8
4
10
2
14
4
6
12
4
8
8
6
10
6
2
4
4
6
4
0
4
4
4
6
4
4
6
4
6
4
8
4
4
4
8
4
4
8
2
2
4
10
6
6
23
2
8
6
8
4
10
2
4
6
6
4
4
2
6
6
2
4
6
6
6
2
2
4
2
4
6
4
4
4
6
2
6
6
8
2
6
8
4
4
4
2
6
8
4
33
6
6
2
4
10
6
6
4
8
4
6
4
4
2
12
10
6
12
8
12
4
4
6
8
6
4
8
8
6
6
4
2
21
4
6
8
4
6
4
6
6
6
6
10
12
6
6
4
10
12
8
4
10
2
8
8
10
6
4
8
8
4
4
12
10
12
6
4
8
6
4
8
8
10
10
14
8
14
10
10
6
6
14
10
12
12
16
4
16
10
6
14
6
6
8
10
6
16
29
21
10
10
16
16
8
6
8
10
6
14
18
8
16
4
12
14
12
20
6
18
12
10
4
16
14
18
4
14
12
10
4
10
6
8
12
6
12
8
14
0
10
16
8
12
15
14
8
6
16
12
6
14
4
12
12
8
8
2
16
14
20
21
25
23
10
6
2
4
8
18
8
4
6
6
19
10
10
12
6
8
6
4
8
2
6
4
2
4
8
4
6
6
4
8
4
2
4
6
6
4
6
4
0
4
2
2
2
4
4
4
2
4
4
4
2
8
2
8
4
6
0
2
6
6
2
4
2
6
2
4
6
4
6
6
2
4
0
2
4
4
4
6
4
4
6
2
2
2
4
4
4
4
2
2
2
2
4
2
2
6
2
2
2
2
6
2
2
6
2
12
2
2
2
2
2
4
43
4
10
2
8
6
2
6
4
6
6
4
2
6
2
8
6
6
6
8
6
4
2
8
8
4
8
6
4
10
4
8
44
10
6
15
10
10
8
10
17
25
15
15
6
27
44
6
13
8
10
8
8
15
12
8
6
8
12
10
8
10
8
10
10
6
12
11
8
12
13
4
8
10
8
6
10
6
15
6
2
6
8
2
6
6
6
10
8
8
4
4
4
8
4
6
10
12
10
13
15
11
4
6
10
13
10
4
17
8
8
19
4
4
12
8
8
10
8
4
2
17
10
8
12
12
11
12
10
6
11
8
12
8
10
6
8
8
12
13
15
8
10
10
12
6
10
10
4
8
12
6
10
12
15
6
21
12
6
6
10
6
15
6
10
12
17
15
6
10
10
6
8
9
10
8
10
10
6
15
6
17
6
8
8
25
12
12
8
15
12
11
15
4
8
21
8
17
6
10
10
17
8
10
8
8
8
8
13
4
12
8
25
17
10
10
6
8
27
10
4
19
15
10
19
11
13
10
8
15
13
10
8
8
10
10
4
6
15
40
10
11
10
12
8
8
10
6
6
6
4
8
2
8
2
4
4
4
4
2
10
4
6
6
0
4
0
4
2
2
4
6
6
4
0
2
8
6
2
7
8
6
6
6
2
2
2
0
4
2
0
0
2
2
0
2
0
0
0
0
0
0
0
2
2
6
0
0
2
0
0
2
2
2
0
2
0
2
4
0
6
2
12
12
4
6
4
2
2
6
4
2
0
0
4
4
2
17
10
2
2
2
6
2
0
2
10
0
2
2
4
2
4
12
2
4
0
2
2
6
2
6
2
2
10
2
4
8
8
10
10
4
8
4
4
6
4
12
2
2
0
8
6
0
4
6
4
6
8
6
6
6
21
2
4
8
4
8
8
6
10
6
8
12
8
10
10
10
10
8
8
6
10
10
12
12
8
14
8
10
10
15
13
4
10
12
12
4
4
12
10
8
13
4
10
8
12
8
13
13
6
19
10
12
8
10
12
10
10
10
10
12
15
8
4
6
8
12
8
12
10
8
21
6
10
19
27
13
12
4
10
2
8
13
2
10
12
17
6
12
6
17
8
8
12
4
8
14
8
8
12
4
12
15
12
4
10
6
10
14
13
12
4
4
12
21
8
17
14
15
10
6
17
8
10
35
4
6
17
15
12
8
23
8
15
10
6
14
8
10
10
8
6
6
15
10
6
12
10
10
12
17
4
14
10
6
14
8
10
12
6
19
13
6
6
8
12
21
4
4
10
8
6
6
4
8
12
19
6
8
6
6
4
6
2
0
6
2
6
4
4
4
4
2
41
4
6
8
8
4
8
15
8
10
4
4
0
2
4
4
4
6
4
8
8
8
0
2
14
10
10
14
10
8
12
12
6
14
10
12
15
6
8
8
15
8
6
8
8
10
14
8
15
13
17
10
8
10
12
8
12
10
10
8
10
12
8
12
12
2
8
8
8
11
8
4
0
14
4
8
4
15
12
2
2
10
8
8
6
46
10
15
4
14
14
27
6
6
14
17
10
8
4
12
8
10
13
12
14
10
14
12
14
8
12
12
4
6
6
10
8
15
12
6
6
8
10
12
8
10
12
41
8
6
6
8
4
8
12
17
19
4
12
13
4
12
19
6
14
10
17
8
12
10
13
13
15
12
14
12
10
6
10
13
4
27
10
10
6
10
8
14
10
15
10
10
10
8
10
12
10
8
10
12
15
6
12
12
17
10
13
10
15
12
10
2
8
6
10
6
8
10
10
12
10
12
6
12
13
4
8
10
8
6
8
6
8
8
8
6
2
12
10
21
12
6
6
6
13
8
8
6
13
8
15
13
10
4
10
8
8
8
2
10
4
14
2
4
8
6
8
15
15
6
8
10
4
6
4
6
15
6
8
11
10
10
10
12
8
8
15
10
4
12
10
10
4
10
8
8
2
8
10
10
12
4
13
8
10
8
10
4
12
4
10
10
6
8
10
12
2
8
12
2
6
15
8
8
10
6
8
12
6
2
8
10
