0
4
6
12
8
25
4
6
14
23
12
20
27
12
4
17
21
14
16
10
12
10
8
21
20
31
25
12
20
8
37
8
19
45
35
21
31
18
33
16
12
6
12
23
29
10
27
14
12
12
27
6
8
10
6
14
29
20
23
18
27
25
14
14
8
10
10
10
10
8
10
4
6
4
4
4
14
8
4
8
12
10
4
6
4
6
4
6
6
2
4
4
4
4
6
6
4
2
6
6
10
4
2
4
2
2
4
4
8
4
0
2
8
8
4
8
4
2
6
6
4
2
0
10
8
4
4
6
6
2
4
6
4
6
4
8
2
2
6
4
4
8
6
10
4
8
6
10
8
6
6
8
0
6
10
8
6
8
4
10
2
8
0
2
4
4
4
6
2
6
2
8
4
2
8
6
8
2
4
4
6
6
4
6
4
2
2
4
4
6
2
6
12
8
6
8
10
6
21
19
6
18
8
8
14
33
25
18
10
8
29
14
12
37
12
20
20
25
29
16
18
10
14
39
25
31
23
27
14
14
27
8
37
23
19
19
10
8
8
6
12
23
20
6
10
18
8
4
8
33
6
23
23
21
12
8
10
35
20
14
33
12
19
27
18
21
4
21
18
14
8
20
16
12
8
43
21
12
21
21
14
20
23
43
10
27
18
33
6
12
4
6
14
15
19
4
17
10
10
25
8
12
10
16
19
16
10
6
25
16
25
14
10
21
27
27
19
25
23
25
21
37
16
16
10
12
21
8
25
16
21
10
31
19
10
18
23
43
37
33
19
51
10
57
35
37
25
51
12
10
25
37
49
8
31
64
47
25
33
25
21
10
27
29
14
18
27
41
16
10
37
16
27
47
70
4
57
2
4
10
8
4
4
18
8
4
4
4
4
21
8
6
0
16
6
4
10
16
4
10
8
4
6
10
6
8
8
2
6
18
6
8
10
12
4
8
12
10
4
10
4
6
14
6
10
6
10
6
6
12
8
4
12
12
12
12
18
4
4
10
8
10
16
8
4
8
6
10
6
6
10
14
4
6
14
14
4
4
10
8
8
8
6
8
4
12
8
8
4
4
4
8
4
4
6
10
14
10
6
8
8
21
8
12
31
16
21
56
31
27
20
37
8
10
10
10
29
49
31
31
29
21
25
29
18
18
12
12
14
16
18
21
33
12
12
19
20
12
10
29
23
10
12
12
19
31
12
14
23
6
14
21
14
8
21
12
23
19
21
18
37
22
14
16
47
14
33
14
18
21
23
20
18
33
39
23
18
12
25
10
20
25
31
12
8
18
16
10
14
10
12
31
37
2
29
14
10
17
14
14
14
25
16
10
17
14
8
4
4
10
8
6
4
18
27
6
12
18
12
23
16
6
6
46
12
16
6
10
12
10
6
19
16
2
10
16
4
8
6
6
14
16
21
8
19
6
2
4
8
4
8
0
2
4
4
4
6
10
10
6
2
4
4
4
4
6
4
4
2
4
4
6
6
4
2
6
4
4
8
4
4
8
4
8
2
4
8
6
6
6
4
8
6
6
6
4
8
6
6
6
6
12
6
6
8
6
6
10
10
6
8
10
8
4
4
2
2
4
4
8
8
6
21
4
14
4
6
4
4
8
0
6
4
10
6
2
4
6
4
4
4
4
6
2
8
8
16
4
4
4
4
4
8
4
8
8
4
0
10
2
2
8
10
4
2
4
4
2
4
6
4
27
6
4
4
4
2
6
4
6
0
12
4
6
16
18
23
31
25
16
12
29
10
16
37
21
6
14
31
14
4
12
21
31
10
29
18
8
12
25
6
33
8
12
23
8
23
20
12
31
8
16
16
41
16
10
16
37
14
8
41
10
10
21
14
31
12
6
12
18
25
27
10
4
16
27
12
14
18
20
18
31
18
21
23
25
18
33
16
37
19
29
12
16
16
21
25
16
22
18
12
19
21
25
18
31
35
31
18
19
14
14
14
12
6
12
12
6
13
12
8
6
12
33
6
10
31
4
12
10
21
6
29
12
8
8
4
6
6
6
2
18
10
6
10
10
10
15
10
23
27
18
4
27
14
8
16
15
17
12
12
18
12
12
14
25
25
27
25
17
18
18
18
14
10
10
8
23
4
10
0
8
12
6
10
4
10
2
10
12
4
4
4
8
10
0
4
6
6
4
2
8
8
4
4
0
4
6
4
2
6
6
10
6
6
4
6
12
4
4
8
8
4
4
2
8
4
4
6
8
4
6
4
2
20
8
4
4
6
4
10
8
4
2
4
2
2
4
12
8
8
4
8
6
2
4
4
6
6
4
2
2
4
0
0
4
6
4
2
4
14
8
2
8
0
10
20
8
10
10
6
6
4
4
8
4
2
6
10
8
4
41
4
4
8
10
10
8
12
4
6
8
10
8
31
12
16
31
12
12
35
10
27
12
19
25
31
8
39
8
12
27
16
21
25
8
21
21
23
10
12
10
25
31
39
12
21
18
40
27
37
18
25
21
33
6
25
20
27
18
33
10
8
12
37
23
16
21
18
27
18
20
16
8
18
14
21
18
10
25
16
18
31
12
11
18
6
14
0
6
4
12
23
8
18
14
6
12
16
8
2
10
12
27
8
8
23
25
12
10
10
10
10
14
22
12
14
4
22
4
20
12
10
18
12
14
4
18
14
4
6
18
8
16
10
8
12
8
14
14
6
10
13
2
6
21
20
12
13
2
30
8
8
17
10
12
14
16
4
6
18
4
6
6
8
4
8
12
21
8
6
6
8
4
16
18
4
23
8
8
2
16
19
10
6
12
11
10
8
8
8
4
6
15
14
8
6
8
10
6
14
6
10
6
2
14
18
4
27
10
11
10
18
12
10
14
10
8
10
18
14
8
21
4
24
16
24
22
12
6
16
12
10
8
6
6
24
12
8
14
10
10
12
4
14
22
11
18
4
4
6
16
18
8
2
4
8
31
6
6
8
16
10
18
12
10
18
14
17
8
12
12
10
18
24
14
6
12
6
4
22
4
8
10
8
24
27
12
16
14
10
18
8
12
6
6
18
8
4
8
16
12
16
18
14
6
10
6
12
14
10
14
10
6
12
20
6
10
22
8
16
12
8
6
12
6
10
10
8
17
4
10
6
10
10
6
18
13
12
8
6
8
12
14
26
14
19
10
14
12
10
6
14
6
6
4
6
6
2
4
2
25
4
2
6
10
6
16
6
2
10
4
0
8
2
6
6
4
2
0
2
6
4
2
2
12
12
2
2
2
0
4
4
4
6
4
2
8
2
2
