9
5
9
9
6
14
9
7
11
13
9
11
13
7
7
7
11
7
5
11
11
20
9
7
13
19
28
9
9
9
9
9
11
13
18
9
11
14
7
16
29
29
18
28
30
9
29
36
6
24
11
7
24
28
24
32
9
7
11
6
4
11
15
7
9
11
17
21
22
25
7
8
13
13
4
14
11
9
32
7
0
19
4
6
0
9
11
7
17
9
0
10
23
16
15
21
18
6
13
28
21
19
24
15
9
11
22
14
22
19
26
17
15
7
16
20
0
29
27
30
11
23
23
31
30
7
16
15
9
38
22
16
16
19
9
20
8
13
16
0
5
9
17
21
11
9
23
21
23
23
24
4
7
22
24
13
26
33
30
0
9
15
6
17
8
13
15
29
40
33
20
4
16
11
20
19
2
13
18
2
11
4
11
0
11
21
15
25
11
19
9
13
0
7
15
17
20
2
9
7
13
20
20
11
24
24
32
23
29
9
24
6
11
9
7
20
13
13
7
11
13
7
5
13
19
11
8
13
9
9
13
18
11
17
9
9
25
14
17
9
6
7
19
16
14
18
35
11
9
20
23
14
9
11
18
7
16
13
16
21
11
11
21
9
11
13
13
9
9
6
7
7
4
15
13
11
6
9
6
7
7
4
18
13
11
11
12
6
9
11
12
11
2
5
40
10
18
9
9
7
11
3
27
13
7
4
5
5
20
6
6
13
5
9
5
7
11
9
10
7
5
6
9
9
9
21
6
13
11
13
7
7
7
5
7
12
27
11
9
14
9
18
15
11
9
11
13
16
7
15
4
15
11
15
11
13
9
9
11
9
18
9
13
11
16
9
14
23
7
13
13
18
9
13
9
17
18
15
14
18
12
14
17
9
0
8
4
9
13
6
6
4
13
9
9
14
4
9
15
7
20
9
22
11
13
6
14
11
11
11
11
13
11
9
11
20
15
18
14
14
7
14
11
31
26
7
25
36
6
20
37
31
21
37
15
21
24
33
7
20
12
27
14
31
13
31
18
18
27
2
11
21
17
0
30
14
26
11
30
9
19
23
22
23
7
14
15
4
16
29
18
24
26
9
12
21
20
25
12
24
15
24
25
24
20
24
25
26
24
27
24
6
19
11
16
20
32
36
15
22
7
19
21
31
16
29
25
23
18
13
23
14
15
2
9
15
9
15
6
6
7
5
7
7
7
9
6
15
5
5
5
15
4
7
4
16
11
6
4
14
16
19
7
3
7
14
4
9
0
9
11
5
2
9
2
4
2
7
9
5
7
2
13
2
7
6
11
7
7
9
9
7
4
11
9
9
6
6
9
10
12
13
8
6
15
5
11
10
2
13
9
9
17
17
6
13
4
9
7
6
7
8
6
5
15
7
7
4
8
4
5
5
8
15
15
13
8
6
9
7
9
2
6
17
9
13
6
7
7
6
9
4
19
9
7
6
6
4
29
9
0
0
7
6
15
6
10
6
6
7
4
22
2
4
6
5
9
6
11
17
52
4
13
9
7
7
7
13
8
17
7
12
7
7
8
11
6
6
5
11
9
6
16
17
2
6
6
27
6
7
6
6
11
13
7
20
9
6
8
11
15
7
6
7
9
4
15
6
13
11
11
11
8
7
7
19
9
11
13
15
6
9
11
9
13
10
8
6
11
9
6
11
10
8
5
11
9
11
9
13
13
21
13
13
18
20
7
15
24
6
15
7
5
13
21
14
19
11
8
14
18
15
9
17
24
9
34
14
7
21
12
13
5
11
4
6
9
7
9
13
9
17
15
13
5
23
13
17
11
7
13
11
7
4
14
26
9
7
51
7
9
6
5
10
35
6
4
4
9
5
7
11
16
15
12
5
13
2
15
7
7
8
2
14
9
5
7
4
20
7
5
11
7
4
0
21
0
2
5
0
2
2
0
0
2
0
0
5
4
2
3
7
2
4
0
0
0
4
2
4
2
5
2
3
77
8
2
6
2
2
4
6
0
6
3
4
2
2
4
6
0
7
4
0
2
6
2
4
4
4
2
0
2
2
4
2
0
6
5
5
0
6
6
6
4
6
2
9
4
7
5
2
4
5
8
15
6
2
0
13
2
4
4
4
6
11
4
6
7
4
6
11
4
6
4
11
6
8
8
6
6
2
11
13
9
15
7
9
9
4
6
11
11
9
19
11
13
15
6
11
11
9
9
6
6
11
15
9
13
7
12
7
4
13
9
4
9
74
9
8
4
8
10
15
7
15
7
9
6
2
13
11
11
13
9
9
6
4
7
13
19
15
17
8
4
11
7
28
8
13
17
14
9
14
20
11
19
13
6
9
13
46
4
11
25
11
20
11
6
15
7
17
15
6
4
11
6
4
7
19
10
8
7
8
7
13
15
10
21
6
10
7
10
4
11
6
18
9
8
21
4
8
4
6
11
13
6
17
19
6
15
21
6
15
9
6
9
11
11
7
7
22
9
15
9
6
7
11
2
4
11
11
9
19
7
9
9
9
11
15
11
8
9
4
6
8
9
11
7
8
17
7
10
4
9
8
4
8
6
4
7
4
2
6
6
8
6
8
4
4
6
8
6
4
7
2
4
4
2
2
65
6
4
6
6
2
9
4
2
4
6
4
9
11
11
6
9
15
6
14
42
13
13
6
9
15
17
2
9
9
7
8
13
25
9
21
13
9
6
9
13
5
16
7
10
8
8
5
4
7
16
5
4
7
6
0
0
13
11
11
7
8
11
4
32
11
7
13
9
19
6
27
13
21
9
19
9
13
18
15
17
9
17
15
6
19
9
13
25
19
15
13
21
10
9
24
15
7
19
13
17
15
14
8
9
6
8
15
5
11
5
11
11
19
6
8
13
13
9
0
9
17
20
15
6
15
9
9
46
17
6
6
15
9
4
13
13
18
26
7
9
11
13
6
17
13
11
23
26
26
11
19
18
7
7
24
26
15
9
6
8
9
29
6
5
7
29
21
9
17
6
9
4
6
21
7
40
4
7
8
17
13
15
13
19
15
7
13
20
19
13
22
17
7
23
21
19
7
25
13
11
4
18
7
7
22
21
11
7
9
13
8
6
9
15
17
8
9
32
13
26
7
9
15
19
6
6
10
13
7
7
11
6
4
2
2
6
6
5
8
5
7
4
6
6
11
8
13
11
13
13
9
4
6
11
4
8
4
6
8
7
11
6
8
9
4
6
9
11
24
0
7
7
4
6
9
13
9
6
11
2
6
9
8
15
7
15
4
9
7
9
13
9
13
7
7
6
9
10
16
