2
4
6
8
12
12
12
10
8
4
10
4
8
4
4
2
14
10
18
16
29
2
0
14
10
35
16
21
29
14
8
10
16
8
16
10
10
18
14
4
31
4
4
8
8
18
8
10
10
0
8
4
8
8
4
8
12
6
14
12
4
8
14
14
10
18
17
8
8
12
8
6
6
23
12
10
10
23
10
4
8
8
4
12
14
4
21
8
23
20
12
10
12
25
8
10
13
8
18
2
16
17
6
4
16
6
51
8
20
10
17
8
18
8
8
8
6
10
12
16
16
16
14
12
12
23
19
6
8
4
4
6
6
10
4
6
10
8
15
14
8
10
12
6
6
37
14
16
10
25
16
12
12
23
10
14
6
16
16
16
21
6
2
16
16
10
10
4
4
8
10
8
2
17
6
4
8
10
18
12
12
21
8
12
8
8
6
10
18
6
10
0
33
2
8
0
12
8
16
2
23
19
10
8
8
4
12
4
14
33
18
10
18
8
8
6
10
8
8
8
23
14
10
10
4
18
6
10
4
4
16
16
8
6
12
10
4
12
12
8
10
15
8
16
8
6
12
2
16
18
8
10
2
4
6
6
6
8
12
12
8
14
10
10
8
13
12
12
4
4
8
10
0
6
8
6
0
6
6
19
23
17
20
8
10
16
8
16
18
12
6
4
2
20
8
8
4
24
12
6
6
10
16
12
6
4
18
18
16
4
8
16
6
6
14
8
14
10
21
12
6
8
19
6
6
2
6
10
22
4
8
14
10
12
10
18
16
12
10
10
14
10
4
8
10
6
15
20
16
8
14
4
16
6
8
8
6
10
6
4
4
8
4
8
10
6
6
14
8
12
6
8
2
14
8
14
8
2
4
8
2
8
8
6
6
10
6
6
6
6
8
8
6
6
6
4
8
4
6
15
8
4
4
12
8
12
6
4
8
8
6
10
14
14
14
12
8
6
10
6
4
12
6
4
2
6
4
16
4
6
2
4
8
4
0
8
10
6
8
2
4
6
8
4
10
10
12
8
6
6
12
10
12
4
8
18
4
12
10
14
16
14
10
6
12
10
2
8
8
12
20
4
12
2
12
12
20
8
8
21
8
6
16
14
12
18
8
6
4
12
10
0
4
8
2
25
6
14
2
19
20
20
16
2
8
8
4
10
18
16
6
10
4
10
4
8
12
6
8
6
8
10
10
8
4
18
8
4
10
8
14
20
25
12
10
6
4
2
16
10
4
12
16
4
4
10
10
6
22
10
33
10
22
6
4
6
12
4
22
6
6
18
14
8
18
8
14
6
12
2
2
18
6
2
2
12
10
4
14
6
18
10
19
8
8
17
8
10
14
23
11
10
12
15
10
8
16
16
20
17
8
4
4
12
10
6
6
10
10
2
35
16
29
4
18
4
8
19
10
14
6
14
12
8
2
6
8
6
4
4
10
8
6
8
8
0
8
41
6
10
6
8
10
8
12
6
18
16
4
8
4
6
2
12
29
9
18
8
14
12
84
6
8
14
8
8
51
8
10
8
16
16
4
10
8
8
23
10
8
6
16
4
12
14
8
14
6
12
6
14
12
16
25
8
6
10
12
8
10
16
14
14
14
14
25
16
4
8
61
12
12
27
25
6
20
10
8
16
8
2
8
20
14
6
8
12
15
4
10
16
17
14
21
8
19
10
12
15
2
21
15
6
9
6
4
16
10
18
16
14
16
8
12
10
23
14
17
10
8
6
12
12
6
10
4
7
12
15
19
6
12
11
19
15
16
14
16
12
12
8
16
12
18
12
8
15
47
25
8
23
21
12
4
5
6
14
4
8
6
8
12
6
8
8
17
6
4
10
6
17
8
12
10
8
6
18
0
6
6
8
10
10
6
2
16
10
6
10
6
6
14
6
4
2
7
2
4
2
0
2
6
2
2
6
0
4
4
4
8
2
2
4
4
2
2
6
6
4
0
2
2
2
4
2
4
6
4
4
4
0
0
8
6
2
4
10
2
2
4
2
4
2
2
4
0
6
13
8
4
0
2
4
0
4
2
4
13
2
6
2
4
8
4
2
6
4
6
12
6
0
0
2
0
4
2
8
2
2
4
2
0
4
4
4
2
8
0
4
0
14
2
2
2
2
4
10
4
8
10
8
2
6
10
2
2
4
6
12
8
12
4
12
4
8
11
6
10
8
8
2
10
8
6
10
8
8
6
4
10
6
10
4
8
4
6
2
14
4
10
2
2
6
6
2
10
4
8
4
12
8
9
2
2
4
6
4
4
6
12
20
6
12
8
6
8
8
6
19
8
8
8
4
6
8
6
6
12
12
6
12
8
2
6
4
10
16
4
8
10
6
10
8
14
4
6
6
8
8
2
29
2
4
4
10
4
4
4
6
4
6
12
10
10
18
4
2
6
10
8
10
12
4
8
8
16
4
12
10
4
4
2
6
8
8
10
6
6
10
4
4
8
7
6
4
6
6
10
4
6
14
4
8
6
8
8
6
4
6
4
6
6
4
6
4
2
2
4
4
6
0
6
4
4
4
2
4
4
6
4
2
0
6
8
6
4
6
6
2
6
6
4
2
4
13
6
4
4
2
4
2
0
6
8
2
4
4
6
4
10
6
10
4
8
4
4
4
4
6
6
4
4
8
4
8
6
14
6
4
7
25
10
4
4
5
10
4
8
6
6
6
4
6
13
4
14
4
6
2
6
4
4
2
6
0
4
2
6
4
12
4
6
2
6
13
4
4
2
6
4
6
8
9
18
4
8
9
6
4
6
8
11
12
8
12
11
10
10
8
6
8
6
8
6
5
23
16
6
6
8
6
4
8
6
4
12
6
6
11
18
14
10
4
17
2
9
8
4
6
12
6
8
7
6
6
8
2
19
4
8
4
4
8
4
4
6
4
6
12
10
4
9
2
6
12
6
16
14
17
10
16
9
6
6
10
23
16
10
14
6
6
8
8
8
12
8
8
8
6
10
14
10
8
8
4
10
18
8
10
8
8
4
14
12
6
4
4
10
8
8
12
5
10
4
4
10
4
8
6
2
8
8
12
6
4
12
6
4
6
4
5
8
6
2
6
12
14
8
4
4
4
6
6
10
16
6
6
12
4
8
19
6
10
19
4
4
12
12
10
4
6
16
2
6
2
8
14
2
14
4
2
12
21
4
6
6
10
4
4
6
4
2
25
6
4
2
12
8
10
10
11
4
6
4
8
10
8
8
2
6
6
4
8
6
4
6
2
2
0
6
2
8
8
7
2
8
4
8
2
8
4
