38
30
28
22
38
38
30
28
31
31
37
38
39
31
30
28
31
31
39
25
38
30
32
31
22
30
32
22
31
32
38
26
31
31
32
35
39
38
26
38
38
27
38
28
30
31
30
31
39
30
31
22
33
30
37
24
29
30
29
28
38
39
39
39
32
39
38
30
30
30
31
39
31
38
31
21
30
38
37
31
30
32
38
39
26
40
30
22
30
29
38
32
36
30
29
31
38
39
32
22
31
39
38
29
30
39
30
39
30
32
30
27
39
39
29
29
30
30
30
26
37
30
30
22
38
30
39
31
29
32
30
37
38
31
31
22
30
37
29
21
22
29
31
31
36
28
31
22
31
37
38
22
28
37
31
30
37
31
30
21
31
38
26
21
29
31
30
29
37
30
31
20
30
38
33
22
31
31
31
37
37
29
31
22
31
31
25
20
30
30
38
38
38
22
25
27
29
38
38
23
30
29
29
38
37
30
24
24
31
38
26
20
30
30
31
38
26
33
30
21
30
38
30
30
31
30
38
33
38
32
28
24
38
39
39
32
33
31
38
38
18
21
22
22
24
38
31
29
31
26
31
39
31
32
31
21
31
38
31
28
18
36
29
21
30
31
21
28
29
38
28
33
38
31
30
38
26
30
28
21
30
26
29
32
31
30
34
28
31
38
38
23
29
31
30
27
29
30
39
23
38
38
39
19
30
29
30
37
38
31
30
22
35
30
38
22
30
38
30
30
38
19
30
21
39
30
31
27
31
28
38
38
31
31
30
29
39
32
39
22
30
30
32
31
26
30
33
22
39
26
30
39
37
39
30
27
31
30
31
23
30
38
39
34
31
38
29
31
38
30
38
17
31
36
30
22
31
37
32
37
29
37
30
20
29
31
26
21
36
31
38
39
27
31
29
16
38
38
33
21
31
38
29
30
30
31
30
23
31
38
27
39
30
31
38
37
28
32
38
23
30
35
26
22
30
29
23
37
39
31
37
20
31
39
27
21
38
30
31
38
31
31
30
23
37
38
26
25
31
30
30
38
30
30
38
22
31
39
27
38
32
39
31
35
31
31
35
29
39
27
33
38
30
34
37
39
31
39
30
29
37
37
26
21
38
31
31
38
34
31
31
22
34
38
38
26
31
30
37
38
30
32
30
22
39
37
32
18
35
29
22
26
29
32
31
22
37
39
30
24
39
31
39
37
34
37
38
21
26
28
31
19
28
32
38
38
30
30
31
30
39
35
30
38
30
30
38
30
38
34
32
30
38
26
27
35
38
38
38
30
31
36
29
31
39
27
31
28
31
31
38
28
39
23
34
39
27
38
22
23
38
22
38
31
24
23
31
13
39
31
21
21
37
21
31
39
27
21
38
27
20
30
28
15
28
35
24
30
31
15
30
38
22
31
30
14
31
38
22
30
28
17
30
36
19
34
32
14
38
32
21
30
30
15
39
25
21
30
30
35
21
35
34
31
31
16
39
38
20
31
32
18
32
34
23
31
32
16
37
37
18
30
31
16
35
28
19
31
29
23
28
27
28
30
31
21
24
27
25
22
30
22
23
26
32
21
30
21
29
26
39
22
39
23
38
28
31
31
21
29
39
20
27
31
22
35
39
21
31
31
22
21
33
20
32
37
21
21
21
39
31
35
29
38
39
17
21
30
30
20
30
31
21
31
31
15
39
26
22
38
29
14
38
18
14
31
38
17
39
30
23
31
38
39
28
21
34
23
38
22
29
27
27
21
31
29
28
19
31
22
30
20
29
26
31
22
29
35
29
28
32
22
30
33
29
30
31
21
35
37
29
18
38
31
22
21
38
28
29
32
34
31
28
23
33
27
31
22
26
26
31
38
21
39
31
18
27
37
30
17
33
38
18
30
38
31
18
21
19
31
30
23
37
37
31
30
38
37
17
29
30
24
30
27
25
39
30
21
31
36
27
25
22
31
28
21
26
29
30
39
23
38
27
22
37
31
32
22
37
38
30
30
30
31
30
38
38
35
30
22
33
37
31
26
36
31
27
37
38
32
30
20
28
38
26
38
29
30
31
38
30
30
30
27
35
28
27
31
31
36
38
26
38
32
32
16
36
37
38
32
38
38
37
37
31
31
30
21
26
26
29
33
38
30
28
38
39
33
37
21
38
26
34
30
31
30
39
26
33
38
30
28
29
27
30
38
30
28
38
31
30
30
30
24
28
30
30
26
31
32
33
27
38
31
31
29
37
30
30
30
31
34
38
30
37
30
30
25
37
26
37
30
33
31
39
33
38
31
29
22
38
35
30
37
35
38
34
27
39
28
30
14
38
36
30
29
26
37
39
37
38
30
16
28
37
34
32
30
37
38
38
32
30
31
39
22
20
29
30
38
30
31
38
29
38
30
31
19
39
31
31
30
29
31
38
31
35
31
31
29
38
29
29
31
30
37
39
31
39
31
29
22
38
36
29
30
37
38
39
31
38
38
37
22
37
38
30
31
31
37
38
30
39
31
29
23
38
31
31
38
39
38
33
32
38
30
38
21
27
31
30
39
30
37
38
38
38
39
38
14
27
37
31
38
30
38
35
31
39
31
31
15
27
30
31
38
39
37
38
31
32
38
31
14
37
37
30
31
37
38
26
33
37
31
31
22
39
25
30
31
31
30
29
32
30
30
31
21
39
31
31
38
30
39
38
30
31
32
27
22
38
33
31
31
31
30
37
35
32
33
31
22
26
31
27
30
31
26
38
30
31
30
31
22
31
28
32
31
31
31
26
30
30
31
31
22
31
29
31
31
32
34
37
30
32
32
31
21
38
31
32
38
31
38
39
30
31
29
31
22
30
32
39
31
31
39
31
31
32
30
31
39
31
32
30
31
31
39
27
28
31
31
31
20
31
31
32
31
32
38
36
32
31
27
32
22
34
30
29
34
31
38
27
31
32
30
31
20
27
31
31
30
35
38
27
27
30
31
31
24
23
32
38
31
30
38
34
32
30
31
21
14
27
31
34
31
38
38
31
31
31
29
38
15
31
29
32
30
36
38
31
29
29
19
38
15
30
39
28
29
30
37
37
30
29
31
37
16
30
30
29
30
39
38
29
31
31
30
37
16
35
31
31
37
36
37
37
27
32
37
38
16
26
30
30
28
36
37
30
30
30
30
38
19
32
39
30
32
39
30
31
30
29
31
38
13
37
31
37
32
29
39
31
31
30
31
37
14
31
30
32
30
37
27
28
30
33
31
38
27
31
31
29
29
39
30
30
35
31
31
38
27
30
39
32
33
39
31
32
30
