13
15
15
17
10
38
34
21
22
10
15
17
13
15
17
13
8
21
14
11
22
12
17
11
15
13
13
15
21
15
10
19
30
30
29
17
13
19
21
15
26
15
62
17
46
48
65
12
19
8
8
10
13
10
7
21
19
11
25
15
12
10
25
31
28
17
13
11
15
17
12
28
10
17
31
15
36
20
11
9
15
26
12
11
27
17
31
21
56
31
16
21
35
31
37
42
10
19
46
40
15
15
57
33
19
28
15
8
35
52
19
46
25
17
38
17
12
8
12
13
37
17
15
8
8
21
13
12
12
8
8
8
23
17
10
12
37
8
21
6
25
6
17
6
8
6
4
8
12
6
13
10
29
29
10
13
2
12
14
10
10
6
25
29
8
25
25
8
8
17
13
6
15
11
13
12
17
27
15
12
15
19
14
10
25
11
10
33
15
12
13
13
13
19
6
8
25
15
12
12
12
11
12
11
12
13
15
21
7
12
11
12
6
17
6
8
15
32
31
15
12
13
13
14
13
29
13
9
12
8
19
10
13
8
10
8
10
11
6
29
8
8
4
6
29
9
10
25
19
4
12
13
34
15
6
15
6
9
7
17
10
13
6
30
15
4
19
4
13
19
35
19
8
15
15
46
40
42
8
13
21
15
10
15
12
31
17
53
12
11
11
23
11
17
13
15
8
11
12
15
21
8
8
15
10
12
17
12
12
25
8
15
6
6
10
8
21
25
11
8
8
13
27
19
10
14
6
8
8
15
10
21
12
13
11
13
10
11
17
6
15
13
15
13
25
25
14
11
12
12
13
13
8
17
12
10
19
8
14
12
19
15
13
12
19
19
17
17
15
13
15
25
15
13
11
8
15
30
29
17
8
23
17
12
12
27
12
31
11
29
15
50
8
23
17
15
11
19
8
27
17
8
35
12
21
10
21
13
36
13
17
13
37
19
17
14
17
12
26
25
14
8
17
23
13
12
21
25
21
19
21
19
40
31
40
20
38
56
23
23
23
17
15
21
6
8
10
29
33
17
29
17
23
39
17
10
40
14
35
38
17
48
19
19
31
29
35
41
37
25
29
15
10
19
15
29
35
10
37
12
23
35
8
12
31
12
11
14
12
23
16
43
8
38
17
31
72
21
19
14
2
17
14
8
17
16
23
15
27
29
17
15
12
23
41
14
15
8
16
27
19
45
10
10
16
10
41
14
17
12
13
30
12
17
14
12
15
23
21
14
19
35
19
29
27
19
14
14
10
27
19
21
14
10
6
10
17
29
19
10
23
52
10
50
10
10
17
12
15
12
12
12
17
12
14
19
87
5
12
4
12
4
10
8
8
10
7
4
12
2
10
10
10
4
4
10
10
8
10
10
0
2
2
4
4
2
2
6
8
15
6
14
46
4
5
2
4
8
8
5
13
6
8
8
31
2
6
5
8
2
15
4
8
6
4
6
17
6
4
10
8
13
13
12
12
2
11
9
0
4
6
6
12
6
4
4
2
8
2
8
5
8
4
2
10
4
10
4
6
5
8
6
11
8
6
4
4
4
6
10
8
6
8
23
10
10
8
17
4
6
6
8
4
4
2
6
9
4
8
11
9
11
4
10
6
3
8
6
8
10
10
6
6
12
4
8
8
5
11
8
2
6
6
6
4
12
12
8
8
15
8
7
9
6
10
7
8
4
14
13
6
6
15
10
9
11
10
10
8
6
8
8
12
6
6
12
9
9
8
8
9
8
8
10
5
15
8
5
8
5
6
10
12
4
11
6
11
4
6
4
6
8
10
15
4
12
10
12
9
12
4
11
14
8
4
8
6
10
8
6
8
6
10
8
8
4
6
8
12
9
4
6
10
4
4
10
6
4
6
8
5
4
8
5
6
6
4
4
11
2
2
2
10
8
0
0
2
6
0
2
0
2
4
2
2
0
0
2
0
0
2
6
0
4
2
2
2
6
4
0
2
0
0
2
4
2
6
0
6
4
0
4
0
2
2
8
6
2
4
2
2
2
2
2
0
0
4
4
2
2
2
4
2
2
2
2
4
4
2
2
0
2
0
2
4
2
9
5
6
4
2
2
6
2
0
8
2
8
2
4
4
4
4
6
2
4
4
4
6
4
2
6
5
4
2
7
4
6
2
4
12
4
6
10
4
4
10
6
0
2
4
4
5
7
4
4
8
2
8
18
2
5
2
2
4
2
5
4
4
6
10
12
14
6
4
6
4
5
2
4
5
4
15
8
8
4
14
10
5
2
4
11
7
4
8
10
6
6
2
7
8
10
10
4
6
6
5
8
10
12
8
8
8
6
8
10
2
6
12
8
6
2
6
7
5
8
19
6
12
10
8
8
8
10
10
4
16
7
8
4
4
10
4
13
10
6
8
8
12
8
6
6
8
12
4
8
8
14
10
10
8
12
14
10
8
5
5
4
14
10
9
10
7
6
8
7
8
8
9
7
6
10
6
8
10
4
6
6
8
7
10
2
6
2
10
8
4
5
4
6
4
4
14
4
4
12
5
4
10
2
4
4
6
4
8
6
2
5
2
2
2
7
6
10
4
4
4
4
2
9
6
2
2
6
6
6
2
2
4
6
4
6
2
4
4
8
2
4
9
8
4
2
11
4
4
8
8
4
2
10
4
4
21
4
4
14
8
2
12
4
8
4
4
4
4
2
4
2
4
15
4
0
4
8
8
4
2
4
8
8
4
4
6
2
4
2
6
2
4
4
10
15
6
6
6
4
4
2
2
2
7
8
8
4
2
13
2
2
4
2
2
4
2
6
4
19
4
12
4
14
8
6
4
13
8
12
8
2
0
6
4
4
10
6
8
4
4
4
4
4
4
6
6
8
2
6
7
4
5
2
7
14
12
8
6
2
12
2
10
4
8
8
4
8
2
21
4
6
4
17
6
8
2
2
4
2
0
4
6
10
10
9
6
13
6
11
8
6
10
10
6
13
4
13
7
12
7
10
10
7
8
5
8
6
8
8
6
27
9
15
6
6
8
10
8
10
8
10
4
12
8
11
11
12
5
10
10
17
19
7
11
23
6
7
15
12
7
12
8
17
5
10
10
8
12
8
4
8
6
9
4
5
8
12
12
9
11
12
13
8
5
6
11
9
4
6
8
4
6
21
8
14
10
7
9
9
15
6
13
8
8
6
4
4
10
6
10
6
7
10
6
6
4
10
5
8
6
2
8
12
2
7
12
8
4
8
6
8
10
4
8
2
20
8
5
10
6
2
9
10
4
8
10
7
6
4
4
0
6
2
