6
4
4
6
10
8
4
10
4
8
8
6
6
4
6
4
6
4
6
2
6
6
8
8
6
4
0
6
4
6
8
8
6
6
4
6
10
6
6
6
6
4
6
2
4
12
10
14
6
8
6
4
10
14
8
8
10
6
8
10
6
6
8
6
6
12
4
4
8
8
8
8
6
8
6
10
10
13
10
8
8
8
8
10
0
4
4
12
4
12
8
8
15
8
17
12
12
8
8
4
12
15
14
13
8
12
15
12
10
8
19
15
6
12
12
6
10
10
8
10
10
4
10
8
10
12
12
8
8
8
8
8
6
15
8
14
10
6
12
10
10
8
4
12
10
10
8
4
6
8
12
10
21
13
12
8
15
8
6
4
9
17
6
8
10
10
10
17
10
13
8
9
6
10
17
10
15
15
13
10
8
10
4
10
6
14
13
11
17
15
12
14
4
10
8
4
8
10
12
10
12
12
8
15
12
14
8
10
15
12
8
12
12
12
17
14
8
13
21
7
10
19
19
17
19
14
8
12
15
8
9
4
13
9
7
9
8
11
9
10
10
6
7
11
6
10
12
8
12
19
12
12
8
11
4
8
10
6
12
10
13
8
15
6
13
8
10
6
10
13
10
8
15
6
4
8
15
12
4
4
6
12
4
6
8
10
8
8
0
0
0
0
0
0
0
0
0
0
0
0
0
0
0
0
0
0
0
0
0
0
0
0
0
2
21
4
10
14
12
10
8
12
42
8
8
13
10
8
12
12
12
12
12
10
8
10
14
14
8
8
12
10
6
12
8
15
12
8
12
10
8
10
14
10
15
6
6
8
12
10
10
10
10
12
13
8
10
12
8
13
10
6
8
12
4
10
10
4
13
6
19
6
12
4
11
19
4
10
6
8
4
15
10
12
8
10
8
10
8
8
10
12
6
8
12
13
8
8
10
13
6
11
15
4
14
6
8
12
6
12
10
15
8
7
10
12
8
12
42
6
15
14
13
13
11
6
12
6
10
11
10
42
6
10
14
17
6
8
8
17
10
12
11
8
8
8
8
8
6
8
12
6
10
10
10
6
13
12
8
12
8
8
11
8
4
8
8
17
8
12
10
12
6
10
15
13
15
12
6
8
13
10
12
15
10
12
10
8
12
10
10
10
8
48
13
10
8
12
17
6
10
13
13
11
8
10
10
15
8
4
6
6
8
8
6
8
10
8
6
10
2
8
8
10
6
8
10
10
10
8
6
6
6
8
10
6
6
6
10
6
4
12
8
10
6
10
8
4
4
8
6
10
4
4
8
13
6
10
6
10
6
12
6
8
8
6
10
9
9
8
9
8
8
15
13
11
13
15
10
8
10
8
13
10
8
15
13
9
6
15
10
8
11
13
10
8
17
11
13
6
8
15
6
11
11
10
8
6
10
4
9
11
7
11
15
8
13
13
13
7
11
13
10
9
6
17
15
11
5
8
13
10
11
15
11
4
6
10
10
10
5
11
8
8
9
11
15
8
13
8
6
5
7
13
6
11
8
13
9
8
9
48
0
9
10
10
6
8
15
10
6
7
11
6
9
8
6
2
8
8
11
11
13
6
15
13
13
11
11
11
17
6
13
6
13
6
11
13
11
17
6
9
13
9
8
25
8
9
9
6
8
11
17
9
9
11
8
13
8
11
15
6
10
15
10
8
6
21
23
13
9
18
7
17
11
9
17
9
7
15
9
13
9
11
14
7
11
19
17
7
9
11
9
27
8
9
7
13
17
21
23
10
18
15
18
22
24
23
5
6
13
25
4
23
9
5
32
37
23
9
15
9
14
6
18
16
11
13
17
15
9
7
9
9
7
15
13
11
19
9
11
15
6
5
7
4
18
13
9
16
5
9
7
8
9
7
7
4
4
5
4
8
7
8
4
4
7
9
4
4
2
2
4
4
11
7
7
7
5
5
5
4
4
2
6
11
4
8
6
8
4
2
4
2
11
10
13
12
10
11
19
8
13
6
13
10
12
10
7
11
12
10
10
14
19
19
15
8
10
6
27
12
6
10
4
4
11
8
12
13
2
8
13
7
15
6
6
6
12
7
15
10
15
11
13
6
10
2
6
2
8
19
10
6
8
4
10
2
8
6
8
10
13
12
14
10
6
10
13
21
9
13
10
12
12
15
9
17
64
8
6
4
6
8
12
8
12
9
8
4
17
8
13
11
7
4
4
8
23
6
17
10
17
10
13
6
12
10
11
19
8
13
12
4
13
11
19
11
2
8
12
11
6
12
15
8
11
13
14
12
15
13
11
9
15
8
10
11
8
15
13
15
13
11
23
15
6
23
10
13
19
10
23
11
21
25
12
13
19
15
7
15
6
15
11
29
26
25
4
29
20
11
9
19
8
15
15
13
10
15
13
17
15
11
12
19
18
12
13
10
13
4
4
4
13
12
18
4
13
13
17
17
17
13
8
23
10
13
9
15
6
11
13
11
12
19
5
4
10
13
16
7
6
9
8
4
4
7
11
13
11
17
10
11
8
4
2
8
13
4
13
11
9
9
6
6
17
7
16
9
4
8
6
2
0
6
4
4
6
6
0
4
2
4
0
2
2
0
2
6
2
0
2
0
2
6
2
0
8
2
8
0
6
8
11
13
6
12
12
6
10
2
8
6
15
4
13
10
19
7
11
11
12
6
17
6
14
8
14
13
6
6
6
6
6
12
6
8
2
8
9
15
0
11
8
6
8
4
7
6
4
6
6
6
6
8
11
6
4
6
8
8
9
10
4
10
15
11
10
13
6
12
8
10
8
4
6
12
6
13
6
6
6
4
8
15
4
8
6
6
8
6
8
8
6
8
8
8
9
6
12
6
9
6
17
10
8
6
10
9
15
8
10
11
10
8
11
8
6
9
6
8
8
13
8
6
4
13
13
11
10
13
12
6
6
8
8
6
6
10
10
11
8
8
9
10
6
9
4
4
10
10
4
7
2
13
8
17
10
8
12
6
15
8
10
11
11
11
13
12
11
13
10
10
8
15
11
10
8
13
9
8
8
12
6
6
10
4
6
15
8
6
12
8
6
8
8
13
8
13
11
8
6
10
17
13
13
15
14
79
15
9
6
13
6
6
12
9
8
12
11
6
6
96
8
55
21
10
21
10
52
4
10
8
4
6
6
4
8
94
10
10
8
2
78
10
13
21
15
11
6
8
8
6
90
2
3
2
11
6
10
4
13
2
6
6
8
71
9
8
4
6
4
4
8
4
11
4
10
8
4
6
8
6
2
10
15
6
4
4
