7
9
13
3
3
11
14
17
9
5
13
9
10
5
13
11
7
11
5
5
16
9
13
9
3
1
11
7
5
13
3
14
9
18
9
5
16
9
13
9
11
5
9
13
5
9
19
1
13
5
5
7
19
7
3
7
9
9
7
5
13
5
11
11
1
7
15
9
11
5
9
11
5
9
3
5
9
11
7
3
14
5
19
15
17
13
15
7
18
7
13
13
24
11
13
11
13
7
5
20
13
7
14
9
29
10
17
5
15
11
15
9
5
7
11
9
13
9
7
27
24
14
14
15
11
13
18
11
13
15
13
18
17
9
31
13
9
19
49
15
18
13
13
13
11
16
17
3
9
13
3
13
11
38
9
7
15
3
13
1
11
11
13
17
23
7
13
9
7
5
5
9
11
7
19
11
7
19
10
9
25
13
13
20
3
11
11
9
9
17
9
5
11
18
11
13
7
5
9
3
10
17
9
3
11
7
9
9
20
15
9
5
19
14
10
5
7
10
7
9
15
7
13
20
41
14
3
13
7
13
5
7
11
13
13
9
5
13
7
16
7
11
7
11
9
11
3
14
20
5
13
9
5
7
1
11
7
20
3
7
15
3
5
9
9
11
13
15
7
17
5
9
17
9
5
16
11
9
5
7
9
9
43
7
17
38
16
17
11
11
7
11
3
13
9
5
3
32
7
15
11
5
5
11
5
5
9
9
9
1
7
7
3
5
5
11
7
7
9
13
7
9
3
11
5
5
5
1
5
9
3
13
15
7
5
5
11
5
5
11
15
5
9
9
5
13
13
19
5
9
3
7
10
3
5
13
9
1
5
7
5
9
7
5
7
13
5
9
7
7
7
15
15
3
7
5
15
7
15
11
5
5
3
9
11
5
5
11
1
3
17
9
3
5
7
3
5
9
7
9
13
7
13
7
9
11
11
9
5
7
11
25
11
9
9
9
11
13
17
9
15
28
24
3
13
11
11
13
7
7
11
11
21
25
13
15
19
11
17
21
9
11
9
15
14
11
13
11
21
19
13
20
11
11
7
39
11
3
9
11
23
11
13
21
11
28
15
15
11
10
11
21
9
5
13
13
15
7
5
13
19
24
17
24
5
10
5
19
15
11
15
5
11
9
25
7
19
5
11
9
5
9
13
3
17
11
9
17
13
15
5
9
13
16
11
19
19
11
24
15
13
15
13
5
7
19
5
15
3
13
17
13
19
15
9
7
13
11
7
15
9
9
7
15
9
11
5
13
9
11
7
7
11
9
5
11
25
5
11
5
5
17
9
3
7
9
15
17
7
13
7
11
1
11
3
7
50
7
7
9
3
9
5
17
15
11
11
17
5
21
17
5
5
9
7
11
9
13
5
3
7
3
5
9
7
3
3
5
17
9
3
11
2
5
9
5
5
3
2
5
11
3
5
7
7
5
7
3
3
13
9
5
7
3
13
1
5
2
0
9
3
5
9
5
5
11
11
15
3
7
7
7
9
7
9
13
5
9
11
11
13
3
3
9
3
9
5
9
5
13
11
5
15
11
5
13
11
2
13
5
5
11
5
7
9
3
5
9
9
13
9
5
11
9
5
5
5
5
3
5
7
17
9
2
9
9
7
9
11
7
3
3
7
11
2
7
7
9
5
13
5
11
9
5
3
5
11
15
3
9
5
9
5
9
9
3
3
13
9
5
13
2
11
7
5
3
3
13
2
7
15
9
23
5
17
15
13
9
9
9
7
19
17
13
3
9
5
13
19
7
7
9
2
13
11
9
13
7
3
7
7
13
7
7
5
3
5
5
7
13
5
7
13
3
3
5
7
7
3
3
9
7
5
9
13
7
9
9
7
7
7
3
0
7
3
13
5
7
3
9
9
7
3
5
5
1
3
3
3
1
5
7
3
5
3
2
9
2
7
3
3
5
0
0
46
5
0
2
2
7
3
3
2
0
3
0
0
3
5
7
0
3
5
3
7
9
2
3
2
7
9
3
2
0
7
5
3
7
0
0
5
0
2
5
3
2
2
2
7
3
2
3
7
0
5
3
2
1
2
3
0
3
2
11
7
5
3
2
7
9
7
7
3
11
3
7
7
5
7
7
11
13
3
3
9
2
5
3
7
5
7
7
9
19
3
9
5
3
5
5
5
11
5
9
5
9
9
3
13
13
7
11
9
15
2
21
9
9
5
5
9
9
9
11
9
13
15
5
7
5
7
9
7
3
5
7
11
5
11
7
13
5
5
15
3
11
9
11
9
5
15
13
9
5
3
17
15
21
3
11
11
11
13
3
9
13
3
11
11
7
7
9
13
11
11
5
7
17
13
3
23
11
19
7
5
9
7
19
11
2
9
2
9
7
13
7
5
3
19
9
3
11
7
11
7
7
5
5
7
7
19
9
3
11
7
7
5
5
5
5
13
5
13
5
15
5
15
9
2
13
5
13
7
7
15
5
9
9
3
7
7
2
9
5
7
3
9
7
13
5
9
2
5
11
3
3
7
13
11
7
7
5
3
5
2
11
5
13
5
5
7
41
5
13
13
5
5
2
2
2
3
5
5
5
17
11
5
5
7
3
5
3
2
5
3
7
5
9
5
3
5
2
7
3
2
5
7
2
3
7
5
2
5
11
7
2
5
3
7
11
2
5
7
9
7
7
17
5
7
9
7
5
7
3
5
11
3
3
3
9
7
5
7
7
7
15
13
9
5
7
2
3
9
3
7
3
7
2
5
3
13
5
3
7
2
3
7
5
15
7
15
7
9
11
5
3
11
7
11
5
5
9
9
11
13
11
11
17
9
7
13
15
13
9
9
11
7
17
3
11
5
9
9
7
3
11
7
9
9
9
9
9
15
5
13
9
7
13
7
7
11
9
15
5
13
15
9
3
5
5
9
9
15
5
9
5
9
5
9
13
9
11
7
7
13
17
19
9
15
3
13
11
13
11
11
9
11
9
9
5
15
17
9
3
11
15
7
15
13
9
15
7
7
7
15
7
19
11
3
9
21
15
11
11
11
3
11
11
5
17
5
17
11
13
15
9
9
11
9
15
7
7
15
21
13
19
7
5
9
9
9
15
15
13
9
17
11
15
11
7
5
11
15
13
7
11
9
9
13
11
13
11
9
9
9
3
33
9
19
15
3
9
33
9
3
5
7
5
11
11
15
9
3
2
5
3
11
11
7
25
7
11
3
11
2
7
0
7
3
5
7
5
43
5
7
2
5
7
13
3
5
1
13
11
0
5
9
5
1
5
13
7
3
15
2
3
7
5
7
7
