6
8
8
8
10
12
10
10
14
12
15
10
10
18
10
16
8
16
10
10
10
12
10
15
12
14
23
14
12
14
12
12
14
10
14
18
10
10
11
15
13
10
12
18
16
20
17
12
12
21
18
4
14
21
14
12
10
11
16
10
14
12
18
4
12
13
9
14
12
19
35
12
12
14
15
20
18
13
23
16
17
8
8
14
10
18
19
12
10
9
23
17
21
17
14
17
35
25
18
16
2
19
19
15
17
17
16
13
13
23
17
19
4
19
20
27
17
24
15
89
25
12
21
19
27
19
27
31
33
23
19
23
15
23
20
15
33
21
19
21
15
16
15
12
25
29
15
37
23
23
72
30
17
37
29
33
37
33
33
19
27
27
14
21
23
35
44
30
27
25
39
21
29
21
27
27
31
25
33
29
23
23
4
34
2
39
28
27
35
36
21
25
30
25
19
21
0
19
19
17
21
17
0
24
19
21
0
21
23
25
23
21
28
37
25
33
44
25
23
35
21
35
15
27
19
27
25
21
25
25
25
13
25
17
20
23
23
23
15
27
0
57
10
19
22
29
21
27
21
22
14
25
15
19
0
15
23
17
14
15
21
22
15
17
25
15
20
27
23
15
73
23
25
24
25
21
19
14
26
23
24
27
15
21
27
10
14
16
24
30
19
15
22
22
19
24
30
15
20
18
17
13
36
18
31
15
21
17
30
19
17
21
15
13
21
38
27
35
21
20
6
30
33
18
26
34
23
21
16
26
28
22
26
24
34
26
21
23
35
42
29
17
30
29
34
22
41
19
38
28
20
30
37
39
25
34
34
25
38
37
38
30
38
29
28
33
33
30
32
38
30
50
8
19
17
14
11
15
7
17
9
19
15
24
28
21
20
15
21
13
20
22
18
21
20
17
11
26
17
28
32
13
17
15
22
20
20
25
26
13
9
13
13
13
13
11
23
28
27
17
7
15
13
17
13
13
18
15
22
17
11
13
12
17
17
10
13
19
19
18
22
15
24
17
17
13
17
23
21
18
19
15
17
17
9
15
24
23
15
15
13
26
22
11
15
9
10
22
27
13
14
21
19
15
33
11
23
18
19
17
29
47
15
19
41
30
22
23
28
22
15
28
23
18
17
24
22
17
19
27
19
14
23
22
23
23
19
17
27
31
24
25
22
37
19
26
20
26
37
24
24
25
19
20
13
19
30
19
17
17
19
13
28
16
19
25
23
9
18
16
15
13
19
17
16
18
19
23
20
24
17
13
24
17
23
18
21
19
18
18
15
11
15
11
9
18
11
15
17
17
17
13
11
8
13
21
9
20
11
17
9
39
15
13
13
24
21
17
7
12
23
24
15
27
17
13
17
58
15
7
17
21
20
19
15
28
13
13
9
9
22
22
9
17
9
9
9
11
15
17
11
12
17
19
28
18
15
13
13
21
15
23
16
18
15
21
16
15
28
30
16
17
11
17
21
29
20
14
7
24
22
20
32
15
42
21
22
24
28
23
16
15
17
11
14
10
17
15
25
18
19
13
17
24
28
32
32
26
26
22
26
16
28
18
27
15
21
25
17
31
18
19
33
11
19
19
21
20
13
19
22
17
21
25
20
15
15
30
17
45
8
13
9
20
19
21
23
27
12
10
15
11
15
11
7
13
19
12
22
9
11
7
10
17
11
15
8
13
18
28
23
13
19
19
7
24
17
9
29
24
26
23
17
18
26
25
18
22
42
9
19
11
9
18
22
19
19
27
20
25
28
30
11
9
11
19
17
20
22
20
14
8
33
31
31
9
20
10
19
23
23
19
17
11
15
17
7
19
6
16
13
17
11
25
13
9
19
15
15
23
17
38
21
11
29
11
21
20
22
15
15
17
7
18
11
15
23
19
20
17
13
9
13
11
13
21
15
19
11
16
7
16
16
9
13
21
12
11
9
11
9
20
9
23
7
13
15
16
14
13
16
15
11
11
15
18
21
19
22
17
13
21
17
31
15
30
9
21
15
11
9
17
9
10
9
9
9
23
11
18
19
15
15
13
14
13
9
12
15
19
14
16
9
20
20
18
11
21
15
35
23
30
28
23
53
6
6
4
6
9
7
8
4
7
11
12
11
4
6
6
10
8
8
4
6
6
8
5
8
8
6
4
8
6
8
13
4
8
8
3
6
10
6
10
6
9
6
14
13
8
8
6
6
19
14
8
7
11
9
11
6
7
9
15
10
13
7
9
8
12
11
5
14
7
19
7
11
9
13
17
18
19
15
7
9
13
16
8
11
11
13
10
34
14
11
23
15
29
13
15
9
15
9
8
13
9
11
11
14
15
9
15
17
27
21
17
17
11
8
19
9
9
13
21
20
21
20
36
22
31
38
26
18
17
19
24
29
13
11
17
13
21
19
19
13
19
21
17
26
17
18
12
18
15
16
19
17
15
9
15
27
11
45
19
18
15
31
17
15
15
23
24
11
20
13
26
29
18
13
17
13
13
26
24
17
11
16
18
18
6
22
16
10
6
10
13
9
8
8
6
12
8
9
8
15
16
9
10
9
13
9
9
12
7
13
6
10
11
9
15
15
15
13
13
10
8
9
6
11
11
11
7
6
11
5
12
7
4
11
8
12
6
19
4
8
12
6
18
13
12
13
8
6
17
7
7
13
8
11
11
12
28
9
13
10
11
19
11
9
9
13
10
11
15
15
10
15
17
15
7
15
21
11
38
17
21
9
13
30
29
30
23
27
23
21
11
12
30
22
24
20
15
13
14
15
21
15
24
11
30
39
22
24
18
21
13
9
29
10
28
17
21
13
21
9
23
15
16
19
19
22
16
23
17
25
39
44
19
13
12
21
11
16
17
13
8
11
17
19
23
22
17
18
8
38
24
29
28
27
30
28
30
43
13
16
15
13
29
15
51
69
30
13
11
38
24
17
23
21
33
17
19
17
15
13
21
19
19
28
24
43
20
13
25
32
32
17
17
13
12
24
11
11
23
15
12
30
23
17
46
11
28
20
44
39
30
25
20
27
44
26
16
27
31
13
6
4
15
17
13
34
39
13
13
15
8
13
15
23
21
40
11
8
18
15
19
25
24
13
19
17
6
25
69
32
23
11
27
14
12
8
9
7
15
19
14
11
22
27
5
23
12
34
21
13
17
13
13
13
17
21
11
15
17
12
10
15
27
15
11
13
24
5
6
11
5
15
7
8
9
11
21
10
11
17
11
7
7
8
4
14
11
13
9
8
12
9
8
7
15
9
2
2
6
16
6
13
4
11
11
