2
4
12
4
10
8
8
10
8
4
8
6
4
4
10
8
4
2
2
2
8
12
8
6
10
4
2
12
6
14
6
6
21
8
12
15
4
12
10
6
8
13
12
8
10
23
6
15
6
12
12
8
8
17
12
12
17
19
10
21
10
17
19
17
23
12
14
10
21
12
17
21
19
15
10
15
19
14
12
12
12
23
19
8
14
8
14
15
25
15
19
27
21
19
29
39
15
23
10
17
12
14
8
25
35
31
12
23
12
25
23
23
2
2
2
4
2
2
6
2
2
6
4
14
4
2
0
6
6
4
6
17
2
8
8
2
8
2
2
2
4
4
4
8
4
2
2
8
2
4
6
2
4
8
6
4
6
0
4
6
4
2
0
6
4
2
2
8
4
0
6
2
4
8
2
0
0
6
6
4
4
6
8
6
2
15
6
6
2
2
6
4
4
8
4
6
8
4
2
8
8
8
6
10
6
6
6
6
4
6
4
8
6
8
10
4
0
4
4
4
4
4
6
8
6
4
4
4
6
6
4
4
8
4
6
4
4
2
6
2
8
6
6
6
4
4
4
8
8
4
2
2
8
4
6
2
8
6
10
4
8
6
2
4
2
2
10
10
4
2
4
8
8
2
2
6
4
2
2
0
8
2
4
6
4
23
2
2
6
8
10
8
21
6
8
6
12
10
8
10
6
10
6
2
16
4
14
6
10
12
8
21
8
15
58
12
12
19
8
8
10
12
15
8
14
10
6
15
6
8
10
4
16
17
6
14
16
10
6
2
12
12
6
8
12
6
10
17
8
4
17
10
8
14
10
17
10
10
23
19
8
17
21
4
8
8
10
6
19
17
12
8
48
8
19
6
12
14
16
12
14
16
8
17
21
19
19
23
21
10
12
16
21
23
14
8
15
19
19
8
15
16
17
6
16
14
16
19
14
25
17
15
8
27
14
21
15
16
23
21
19
17
17
14
10
23
15
14
17
27
19
25
27
8
23
10
27
15
8
14
29
8
12
27
21
8
33
16
25
25
17
15
8
21
21
10
10
31
21
10
14
25
15
17
33
23
14
23
17
31
8
31
17
17
35
31
12
37
8
14
19
12
10
21
8
4
12
8
6
10
6
8
6
4
2
10
6
4
6
6
10
6
6
14
12
6
6
12
12
10
8
12
12
4
8
10
8
8
12
10
2
2
2
6
2
4
12
4
15
12
2
8
14
6
6
10
10
4
8
4
8
8
6
6
12
14
6
4
10
4
0
6
6
12
12
10
8
10
10
12
8
6
0
8
15
6
16
4
4
10
2
12
6
10
2
21
8
6
6
4
6
10
6
12
10
15
4
14
8
4
6
10
6
4
14
10
8
6
6
6
8
6
12
4
10
6
6
4
4
6
8
12
14
14
6
14
8
10
10
29
19
12
6
17
8
17
12
19
19
21
8
8
15
8
10
6
15
14
27
6
10
8
6
4
21
23
33
6
12
17
14
8
12
8
8
21
12
17
4
8
6
14
12
8
10
8
16
10
8
10
6
12
10
14
8
12
6
12
12
10
12
10
10
8
8
4
8
10
6
4
8
10
10
8
10
12
12
17
14
4
10
19
6
21
16
10
10
19
14
17
12
19
15
27
8
31
8
10
15
21
8
14
14
4
17
27
37
10
27
21
6
25
6
12
35
31
23
23
43
25
21
48
15
17
45
43
14
12
19
25
27
17
14
21
15
6
12
17
29
14
19
10
25
14
17
39
21
27
37
12
14
29
25
12
21
6
4
10
29
37
4
8
4
10
6
16
17
2
6
6
21
14
17
10
12
10
6
6
16
12
8
10
6
12
4
10
4
10
6
8
8
4
4
6
8
2
6
16
4
12
4
10
6
12
8
4
4
4
4
14
14
6
12
6
8
8
17
6
4
14
12
6
0
10
37
16
2
10
14
8
12
8
12
6
10
10
6
2
8
4
10
6
2
21
10
8
6
4
8
4
12
4
0
2
6
6
2
4
2
0
4
2
2
12
27
2
4
2
2
4
4
2
4
2
0
2
4
6
6
2
2
6
21
19
8
6
8
8
4
8
6
4
2
4
4
25
4
8
8
4
2
4
6
2
2
6
6
10
2
21
10
10
4
8
14
6
21
10
6
2
18
12
20
14
4
12
14
6
8
10
8
8
10
10
12
12
8
35
14
14
14
8
14
8
6
23
6
18
23
60
8
23
6
12
31
18
10
4
6
10
49
8
10
6
8
4
43
12
2
8
6
4
14
16
12
6
4
6
39
18
10
6
6
15
4
19
10
4
21
16
8
10
10
10
13
4
21
4
16
14
16
6
8
21
16
6
10
10
28
6
4
14
20
10
21
12
10
18
14
8
14
12
12
10
20
20
12
8
20
8
10
8
10
6
20
10
8
14
14
12
10
21
6
16
13
23
12
25
27
10
10
6
19
6
4
12
4
10
6
14
29
6
8
11
4
18
4
19
11
6
23
17
10
16
21
14
2
20
6
6
4
10
6
6
14
10
14
16
2
8
8
4
2
6
16
4
8
6
4
6
6
10
8
21
4
7
6
8
0
8
12
6
6
6
21
4
4
2
12
8
35
12
2
2
2
4
6
6
2
2
6
12
4
6
6
14
14
37
27
4
4
21
12
25
10
12
72
16
19
29
6
12
10
14
10
21
6
12
23
8
15
29
6
12
16
6
10
10
2
8
14
6
4
18
10
6
20
6
6
33
25
12
12
10
16
8
6
10
19
29
21
8
82
10
10
33
14
21
19
14
14
17
14
15
25
21
8
12
25
11
8
33
6
29
19
17
6
16
14
8
14
25
14
16
27
29
16
6
33
10
27
21
6
37
18
4
8
18
4
14
14
40
27
16
6
16
8
21
15
17
14
12
12
16
8
12
25
31
8
19
12
23
8
10
16
6
8
39
12
19
8
6
12
8
4
12
17
6
8
29
10
6
14
4
21
6
10
25
29
19
25
10
4
6
31
21
6
35
31
6
17
14
10
27
14
41
25
14
16
47
11
8
14
35
4
12
10
21
18
23
4
10
13
16
21
18
12
8
29
16
31
11
14
2
10
6
6
21
12
8
9
6
18
18
29
14
8
25
10
31
13
10
14
10
21
19
4
13
12
29
25
9
21
10
8
6
6
18
35
19
2
21
29
4
6
23
13
2
19
47
23
4
7
2
19
6
6
6
10
10
8
10
2
8
10
10
4
8
6
8
18
4
2
12
6
6
11
10
10
6
16
12
6
12
21
4
8
12
10
10
