19
19
15
13
13
32
19
15
11
12
13
14
10
12
16
9
24
21
13
23
12
16
17
8
14
10
6
27
19
6
11
23
15
8
10
14
17
27
17
14
26
23
15
11
19
27
23
10
35
14
53
29
24
37
15
25
13
13
19
19
15
21
14
17
15
27
17
33
13
15
19
9
17
14
17
21
22
19
13
25
17
29
15
15
25
17
10
21
22
14
11
13
19
8
17
15
17
8
31
17
24
27
25
56
12
15
43
77
33
25
46
30
11
23
23
46
20
54
14
17
21
10
23
19
40
21
11
17
14
18
17
12
12
17
43
36
36
56
15
26
31
16
31
34
25
13
19
21
33
32
24
17
6
29
17
19
13
19
19
17
17
21
32
9
12
14
10
17
12
12
15
6
11
12
13
13
12
12
4
13
10
12
8
10
15
10
32
19
10
8
14
12
19
14
21
17
19
19
10
13
19
10
12
14
14
21
6
11
9
10
15
8
8
8
14
12
14
8
10
14
23
12
19
9
8
6
10
8
15
6
17
6
11
23
12
8
8
10
6
9
12
13
6
19
8
6
12
11
6
8
25
14
6
6
13
25
8
17
8
6
23
6
6
12
6
10
12
12
10
8
17
8
10
8
10
10
10
6
6
4
6
6
6
8
16
10
11
16
11
9
8
8
15
13
9
14
11
21
11
30
9
10
13
7
9
9
7
7
8
9
6
11
14
9
13
7
6
10
28
9
11
8
9
8
11
15
6
7
13
15
26
17
24
24
13
11
4
19
12
8
6
15
4
6
6
13
11
11
11
5
9
13
22
11
15
17
11
15
7
16
7
15
19
7
9
9
10
9
13
9
12
9
20
11
17
11
9
19
13
13
11
10
18
20
30
11
13
11
15
10
12
17
11
8
14
9
21
17
31
13
15
13
5
15
15
9
18
23
28
9
14
20
8
9
15
16
11
11
7
7
19
16
11
12
15
9
16
13
17
10
16
18
24
9
7
15
17
21
21
18
19
13
22
11
17
23
22
9
11
16
8
22
16
11
17
18
8
13
11
9
25
17
17
12
15
13
17
6
28
20
18
13
13
38
13
15
17
7
20
11
25
29
23
18
14
15
15
18
4
9
11
19
16
6
17
21
23
9
13
17
19
22
22
9
25
21
14
22
15
27
19
11
30
23
18
11
13
9
15
9
22
18
9
30
31
24
16
14
20
11
18
13
17
15
11
18
13
6
29
11
20
8
17
9
9
15
14
13
20
21
8
17
14
21
14
11
26
15
14
13
19
46
10
9
12
9
17
17
11
11
13
12
6
11
9
32
2
8
9
28
15
4
4
17
13
11
7
9
4
9
7
4
10
4
57
6
4
8
7
4
7
4
8
4
11
4
8
8
13
9
9
10
4
2
13
9
8
6
6
13
9
7
6
4
4
4
13
2
4
11
8
4
8
4
8
15
19
15
4
13
11
4
8
2
6
2
9
6
7
6
6
10
8
11
10
9
4
11
9
2
4
15
17
6
8
8
11
6
13
6
11
8
8
13
6
6
15
22
9
4
9
10
9
10
7
6
10
13
8
8
11
6
8
6
9
7
13
27
30
25
7
17
11
17
6
13
8
14
11
8
10
9
8
9
8
9
11
13
6
8
15
9
9
11
6
8
8
7
17
11
13
2
2
5
2
4
6
4
6
4
6
7
9
4
14
8
16
11
2
8
12
6
4
4
13
10
2
5
8
9
4
6
8
11
11
6
6
17
7
8
10
2
6
17
6
8
6
55
20
11
14
8
4
5
6
11
6
9
6
2
4
13
9
4
12
11
10
4
2
4
8
6
9
15
9
2
6
6
6
8
2
2
6
2
4
2
13
4
4
12
12
4
8
6
4
8
4
6
4
4
6
6
6
8
6
6
8
4
4
8
6
6
6
8
4
2
2
11
6
6
2
13
6
2
4
8
8
6
4
2
2
8
4
6
10
13
13
11
6
6
9
13
13
14
9
6
13
7
11
10
13
7
8
11
6
9
11
13
24
14
12
8
11
39
13
24
17
15
15
19
11
7
8
11
13
24
11
4
8
16
8
17
19
15
13
7
10
13
15
17
11
10
9
8
20
12
13
11
11
10
4
11
13
19
8
13
18
15
23
8
9
13
11
10
11
15
11
11
10
8
11
21
8
21
15
14
15
6
26
11
9
17
7
11
12
17
8
9
10
11
19
15
11
10
7
27
8
11
7
6
9
13
10
17
11
9
10
6
8
11
6
11
9
10
11
9
13
10
10
9
6
13
13
12
11
11
10
10
15
11
20
15
13
11
11
12
13
21
7
14
13
6
13
29
13
8
10
12
11
17
19
17
13
13
25
10
22
17
12
18
15
20
14
21
17
7
10
12
14
17
9
25
15
9
11
13
13
14
11
9
32
11
17
15
10
11
35
21
17
13
19
13
13
9
27
13
10
14
16
15
9
9
11
6
15
13
8
12
10
13
7
6
17
59
10
11
11
13
8
12
17
12
30
17
10
17
15
26
24
19
10
11
15
9
17
21
19
17
10
6
13
11
9
11
21
8
9
4
13
8
9
13
9
9
11
7
9
8
12
15
10
8
11
11
13
15
9
13
12
13
20
12
21
12
10
13
10
8
18
9
11
6
11
15
9
10
8
11
10
10
13
7
26
8
8
7
25
15
9
9
6
19
18
8
48
13
17
21
11
11
17
15
13
9
32
13
11
15
13
21
15
17
20
16
13
19
19
15
13
17
15
13
17
19
21
15
9
15
10
11
17
11
8
19
9
6
6
22
13
14
21
20
9
13
11
13
11
15
11
17
16
27
11
17
13
13
14
19
13
10
15
15
13
8
35
11
10
9
11
8
6
9
6
8
13
10
11
9
22
11
10
9
17
8
9
19
9
8
11
13
10
13
15
11
21
21
17
9
13
8
26
9
13
15
7
8
9
11
9
13
8
7
6
13
12
26
8
6
6
6
6
9
11
11
11
18
13
10
15
11
4
9
28
9
13
10
19
23
13
12
9
15
11
17
17
4
12
15
9
13
13
9
13
10
15
11
13
15
27
91
8
18
17
11
15
11
9
17
9
33
13
13
29
11
13
12
18
6
11
5
9
11
6
17
14
17
13
6
8
19
54
11
10
19
8
26
11
10
15
15
8
6
10
19
13
9
15
11
15
19
23
20
19
9
17
10
11
8
6
7
7
10
8
6
4
7
6
6
11
9
9
8
21
9
25
13
9
7
9
6
7
15
42
9
12
7
11
9
9
6
