25
24
25
28
26
24
27
31
64
28
25
37
26
22
31
33
21
27
31
24
27
24
34
26
28
28
27
35
31
31
28
28
26
30
26
40
50
33
30
28
30
25
30
28
30
27
34
15
24
35
30
28
28
35
24
30
28
35
34
14
32
34
24
21
19
20
21
21
26
23
17
23
17
17
18
19
25
25
23
22
59
34
28
28
28
24
27
23
24
26
23
27
15
45
31
56
24
13
26
25
22
44
34
30
17
40
20
19
11
26
18
25
32
13
22
33
28
32
33
33
26
17
13
15
18
28
32
35
27
32
33
14
39
37
34
35
34
35
31
33
35
31
36
27
87
32
24
33
38
37
35
28
32
42
31
16
42
33
32
35
34
31
34
32
36
31
36
64
37
30
39
39
40
36
37
38
37
34
42
35
39
35
38
31
36
42
35
35
70
37
44
37
34
35
32
32
36
39
48
56
43
42
41
20
40
38
44
40
40
56
41
33
33
36
41
37
42
33
32
34
56
36
28
37
40
26
27
46
22
28
36
37
33
32
41
45
38
40
44
53
55
37
35
30
39
28
30
37
42
36
36
52
38
35
44
32
33
39
41
30
28
35
85
34
42
38
28
23
19
25
34
36
38
43
32
41
38
39
41
41
36
36
35
28
70
44
34
35
