18
38
25
26
25
25
19
19
26
25
28
23
18
34
24
21
21
18
23
25
22
22
35
28
24
35
28
23
21
30
22
24
20
19
27
24
17
48
31
22
21
31
21
20
27
22
28
30
24
33
30
26
38
19
23
23
21
27
26
30
20
36
28
23
25
23
46
28
36
25
30
39
24
25
27
25
21
27
48
30
23
24
20
31
23
42
25
27
23
25
24
20
22
22
31
27
23
27
28
19
23
28
21
22
17
23
38
27
22
42
35
25
17
35
24
26
21
24
23
33
25
28
30
24
21
27
18
22
21
22
32
30
21
28
32
23
20
26
21
25
31
24
32
19
23
31
30
27
20
24
28
20
19
20
21
27
18
36
42
25
43
30
35
27
47
39
18
41
35
36
16
24
43
40
15
45
34
22
35
40
34
22
21
36
34
27
21
41
36
28
28
22
28
15
20
31
24
23
21
15
21
26
31
30
21
22
32
30
28
25
22
35
23
32
27
30
24
43
28
15
24
25
20
23
17
28
27
42
28
47
26
20
18
28
24
35
32
31
37
93
31
31
22
22
23
39
18
22
25
28
31
57
23
31
28
22
19
26
17
22
28
45
43
50
28
32
24
26
19
32
18
24
21
22
32
39
31
26
23
31
24
34
25
22
24
22
30
32
