52
49
59
49
55
57
60
57
57
56
43
45
51
52
55
61
56
43
57
54
51
56
53
41
55
49
56
55
39
52
61
61
56
59
59
56
59
55
56
24
46
48
35
52
56
56
41
51
37
49
47
56
35
55
53
55
51
57
38
62
55
55
60
57
52
57
56
56
60
52
52
43
57
46
57
54
47
50
59
59
52
59
57
41
48
56
41
49
60
55
40
53
55
42
52
51
55
50
36
49
57
54
56
61
53
50
56
59
55
49
31
47
52
52
44
59
52
53
53
56
40
56
38
25
36
45
45
34
51
43
45
48
42
46
31
41
46
41
23
46
30
37
32
56
44
32
38
34
42
39
32
40
40
35
31
43
30
40
40
37
2
2
0
0
0
0
0
0
0
2
0
2
0
0
0
0
0
2
0
0
0
2
0
0
0
0
0
6
0
2
0
2
2
0
0
2
0
0
0
0
0
0
0
0
0
0
0
0
0
0
0
0
0
2
0
0
0
2
0
2
0
2
0
0
0
4
0
0
0
0
0
0
0
0
0
0
0
0
0
0
0
0
0
0
0
0
0
0
0
0
0
0
0
0
0
0
0
0
0
0
0
0
0
0
0
0
0
0
0
0
0
0
0
0
0
2
0
0
0
0
0
2
0
0
0
0
0
0
