0.246236
0.22965
0.226721
0.210805
0.248607
0.1901
0.222423
0.200913
0.22182399999999997
0.180749
0.219919
0.18497200000000005
0.21511
0.19069
0.213338
0.188897
0.214428
0.186551
0.21271
0.179037
0.22155
0.207244
0.225157
0.188547
0.218846
0.190527
0.225489
0.196077
0.228567
0.184679
0.216901
0.194004
0.214528
0.23754
0.25632
0.190435
0.22668000000000002
0.187682
0.262205
0.23815
0.241552
0.193331
0.22316100000000005
0.187461
0.226733
0.232111
0.22525900000000001
0.180421
0.221975
0.185054
0.222942
0.197148
0.249691
0.185955
0.21279
0.17869300000000002
0.269583
0.191251
0.20505
0.17821399999999998
0.219293
0.180742
0.198665
0.164462
0.230194
0.167468
0.19273099999999999
0.191069
0.21775300000000006
0.14015899999999998
0.170553
0.008487999999999999
0.00935
0.14235799999999998
0.16426300000000002
0.13513599999999998
0.164688
0.137061
0.169852
0.16521999999999998
0.18161
0.13287100000000002
0.013048
0.149535
0.186454
0.14482499999999998
0.172323
0.015265
0.171578
0.136415
0.17825200000000002
0.13786900000000002
0.168304
0.133715
0.160751
0.01007
0.18548699999999999
0.14293699999999998
0.176756
0.010315
0.008789
0.008782
0.177427
0.009194
0.17202599999999998
0.14343
0.17424299999999998
0.00972
0.010254
0.145092
0.204796
0.139226
0.185336
0.138413
0.196466
0.175125
0.007573000000000002
0.16642300000000002
0.233197
0.15860300000000002
0.17471199999999998
0.008892
0.18856
0.165358
0.19536200000000006
0.155538
0.013099
0.185285
0.208303
0.184788
0.20616199999999998
0.191446
0.18746500000000002
0.14921299999999998
0.010239
0.15651099999999998
0.17877300000000002
0.147357
0.178738
0.15773900000000002
0.182636
0.14923599999999998
0.254562
0.009731
0.212019
0.170672
0.219137
0.174148
0.211211
0.2021
0.21590900000000002
0.200746
0.236302
0.200786
0.256211
0.248206
0.269354
0.223613
0.278402
0.211449
0.243002
0.205668
0.242632
0.231172
0.297585
0.21900100000000006
0.237256
0.210464
0.242397
0.205691
0.2443
0.231446
0.265382
0.225366
0.26429
0.226809
0.251069
0.2009380000000001
0.245672
0.24355100000000002
0.266445
0.222422
0.25217100000000003
0.271282
0.310813
0.25443899999999997
0.278158
0.244049
0.286716
0.25662339999999995
0.269168
0.206381
0.237595
0.198659
0.227888
0.202483
0.238933
0.20180399999999998
0.246445
0.208983
0.239069
0.263189
0.268928
0.236149
0.241216
0.201216
0.22215900000000002
0.194201
0.018694
0.223861
0.2757
0.243939
0.292057
0.241106
0.234285
0.187004
0.224264
0.22415900000000002
0.290589
0.229429
0.23470700000000005
0.208283
0.255885
0.200771
0.230484
0.210865
0.255064
0.193897
0.221233
0.20330399999999998
0.23004
0.220557
0.268257
0.21308
0.273793
0.217315
0.26917800000000003
0.247247
0.284072
0.223091
0.258753
0.24340100000000003
0.298274
0.23416900000000002
0.25004
0.189066
0.226814
0.211443
0.233948
0.257863
0.265968
0.21823
0.253305
0.223437
0.284235
0.238631
0.247285
0.251795
0.27892599999999995
0.262724
0.269556
0.224829
0.248363
0.213354
0.242245
0.23863800000000002
0.266284
0.228138
0.291147
0.234188
0.31415587
0.28871399999999997
0.291069
0.25100100000000003
0.282073
0.2438406
0.27671939999999995
0.288174
0.311918
0.28861
0.279623
0.24887600000000001
0.28165745
0.26782422
0.29983305
0.25335724000000004
0.26732829
0.23997229
0.27688629
0.25057824
0.26834833
0.24181829
0.26807129
0.24027033
0.28052219
0.23304706
0.27301329
0.24212538
0.27529633000000003
0.23843848
0.29631133
0.24199038
0.26992038
0.25175338
0.27328938
0.22645147
0.26678242
0.25672233000000005
0.28463838
0.27916129
0.30265124000000004
0.24142538
0.26894742
0.22466347
0.25822942
0.24045142
0.29719529
0.2638573300000001
0.30506719000000004
0.22452529
0.26254438
0.22152642000000008
0.25035533000000004
0.23929019
0.27060933000000004
0.22125238
0.25642529000000003
0.20949433
0.24479542
0.21611238
0.24664938
0.22044942
0.25668333000000004
0.22578429
0.23943338
0.19135542
0.22310533
0.18990638
0.23673429
0.19910038
0.23117629
0.23006219
0.29867710000000003
0.26767205
0.2779541
0.16216042
0.20847233
0.20563319
0.23250419
0.20783229
0.01740229
0.01857524
0.20385729
0.18102529
0.19300029
0.18554324
0.20459324
0.16799333
0.19160742
0.21247529
0.21646229
0.21944115
0.22328119
0.20742024
0.20153829
0.18388024
0.17941838000000002
0.17238433
0.011895239999999998
0.18053629
0.21419524
0.20425824
0.21441724
0.19106424
0.21718824
0.22739819
0.26859905
0.22659615
0.24444519
0.22858619
0.2609811
0.27396401
0.29469487
0.27878796
0.28510505
0.2632541
0.27185909999999996
0.26974905
0.28271415000000005
0.25491415
0.27478815
0.2614771
0.26868315000000004
0.24289219
0.29478205
0.27381615
0.23927433
0.20361033
0.22020542
0.23636329
0.24278029
0.19888042
0.22921738
0.21390738
0.22302642
0.20383042
0.22607238
0.21532838
0.23537938
0.23561229
0.25344829
0.24616719
0.24675533
0.22138038
0.25908133000000005
0.24427829
0.26770119000000003
0.22928324
0.27333915
0.22025533
0.24729933
0.21983338
0.24142338
0.26493315
0.28317415
0.22043838
0.25544429
0.25656905
0.24091729
0.22331238
0.24082033
0.22778038
0.26344629
0.25139129000000004
0.27430724
0.23599838
0.24409342
0.23473238
0.30204224
0.27163424
0.26775633000000004
0.22214542
0.25001642
0.26677529
0.28119233000000005
0.23233638
0.27538333
0.25597933
0.24308252
0.26015238
0.23953856
0.21754956
0.2366976100000001
0.22701252
0.23671052
0.21689047000000009
0.22909452
0.22030447
0.22606856
0.21203261
0.23455456
0.22265956
0.2449185600000001
0.21797561
0.22959056000000005
0.24708547
0.26738947
0.23785052
0.24334161
0.25317696
0.27765542
0.2283435600000001
0.23933952
0.21833556
0.23805652
0.22305747
0.2750134699999999
0.25992347
0.30773742000000004
0.22562856
0.24782656
0.21653247
0.25306447
0.2269674700000001
0.25518347
0.22953538
0.25898233000000004
0.23965838
0.25543852
0.23022352
0.28502138000000005
0.27641924
0.28382833
0.23795138
0.26981138000000005
0.25658938000000003
0.27156538
0.24769833
0.28178224
0.25196429000000004
0.27810829
0.26247529
0.30053029000000003
0.26413829
0.29576529
0.27166024
0.27820433
0.2554332400000001
0.29704124000000004
0.26033933000000004
0.29026529
0.26616829000000003
0.30676233
0.29485329
0.3172303300000001
0.25289733000000003
0.27972933000000005
0.22805238
0.26081642
0.24116442
0.27621933
0.22626938
0.25477396
0.23227399999999998
0.262077
0.24314
0.2599054
0.226685
0.261598
0.254392
0.261162
0.227836
0.256761
0.22134
0.254134
0.226109
0.278591
0.23905
0.257025
0.24840500000000001
0.26363200000000003
0.235141
0.262146
0.235822
0.263361
0.256225
0.32307199999999997
0.27881
0.261612
0.255983
0.29401999999999995
0.276688
0.310261
0.308524
0.332741
0.302141
0.358321
0.318531
0.358417
0.323384
0.365659
0.360797
0.361485
0.292952
0.32089700000000004
0.2902
0.315741
0.277679
0.309526
0.27926799999999996
0.306053
0.280237
0.31126
0.282682
0.311554
0.281167
0.318908
0.283633
0.31302800000000003
0.282193
0.313489
0.26702600000000004
0.297428
0.26466300000000004
0.294031
0.264838
0.27695699999999995
0.25275200000000003
0.28266
0.25766300000000003
0.28738699999999995
0.258716
0.292035
0.254544
0.29000200000000004
0.25513600000000003
0.305456
0.267178
0.292539
0.266781
0.293646
0.257895
0.290635
0.264974
0.299001
0.249553
0.282323
0.248912
0.290299
0.252336
0.29275
0.253006
0.271495
0.264181
0.29983200000000004
0.251216
0.292899
0.237831
0.276253
0.236816
0.27783
0.238261
0.302039
0.241114
0.247054
0.23033299999999998
0.258359
0.25300300000000003
0.272537
0.224313
0.27365900000000004
0.229456
0.244303
0.251961
0.28279399999999993
0.224223
0.28230500000000003
0.225225
0.22740700000000005
0.204759
0.22916
0.198023
0.239293
0.19523900000000002
0.209314
0.17590999999999998
0.205768
0.172432
0.19980173
0.16620573
0.20494501
0.17253652
0.20146456
0.16947847000000002
0.24438147
0.21614647
0.22565147
0.18423842
0.21553747
0.19265638
0.22593842
0.17949847
0.21428542
0.17202647
0.21469447
0.18746838
0.24147233
0.18615142
0.22559942
0.18964238
0.22863342
0.18739847
0.22752742
0.19464338
0.22526347
0.18585242
0.22258747
0.19106947
0.23125547
0.19448147
0.23763752
0.21423947
0.24265047
0.21362342
0.24534852
0.22511842
0.28672229
0.19882942
0.23176347
0.19240047
0.24463942
0.19605547
0.23008642
0.18684752
0.22479347
0.20776942
0.23226947
0.19591947
0.22694647
0.19838747
0.22841647
0.19692047
0.25233142
0.20037847
0.25251047
0.23045838
0.25566547
0.20012361
0.23405252
0.21750142000000008
0.2471296100000001
0.21471961
0.24432256
0.21334147
0.25304156
0.19541356000000004
0.22429756
0.21139056
0.24129761
0.21207556
0.24266961
0.21918856
0.25961952
0.21546952000000005
0.26822551999999994
0.27097138
0.32018438
0.28958338
0.32268929
0.25401347
0.27771042
0.23911347
0.27324847
0.23888142
0.29029238
0.25149138000000004
0.26846341999999995
0.24970133
0.26568642
0.23827847
0.25162442
0.22918738
0.28012933
0.21113829
0.24569438
0.21942933
0.24459942
0.22197033
0.2836802900000001
0.21888838
0.25087338000000003
0.21296142
0.23561633
0.21618829
0.22918233
0.21001024
0.23218629
0.21632624
0.26167419000000003
0.24376319
0.28627229000000004
0.25782229
0.29242633
0.24000833
0.27370833
0.24371924
0.26104838
0.23617833
0.27909029
0.23601733
0.27622133
0.24835529
0.29502519
0.27302319
0.29170929
0.26524924
0.29306819
0.28948515
0.28413029
0.28001915
0.27316933
0.25849024000000004
0.27271233
0.2693872900000001
0.31597815
0.27814815
0.30023424000000004
0.24228433
0.30885429
0.26552029
0.29533524
0.26058324
0.28300129
0.25106233
0.28162838
0.25457933
0.29136833
0.26974329
0.29450329000000003
0.30651605
0.28960438
0.28521029000000003
0.3218161900000001
0.20914842
0.29644224
0.25669524
0.28054133000000003
0.23349742
0.31055538000000005
0.22699133
0.23514538
0.22009029
0.28873215
0.23307324
0.26165033000000004
0.21173138
0.24440442
0.22253033000000005
0.24775338
0.20727133
0.24218438
0.21045938
0.23525038
0.20351338
0.22515138
0.20206138
0.23672442
0.20860633
0.25266138000000005
0.22481429
0.24536033
0.22406824
0.26570133
0.23318729
0.25877133
0.21641833
0.26473429000000004
0.24386629
0.27158629
0.23867424
0.29183109999999995
0.26127515
0.31570605
0.28680609999999995
0.30301519000000005
0.27483415
0.29815715000000004
0.28283101
0.34008492
0.29671801
0.28136824000000005
0.24409924
0.29296319000000004
0.22776829
0.26779219000000004
0.24383115
0.28893409999999997
0.25661605000000004
0.24719919
0.21186524
0.248965
0.24742600000000006
0.268978
0.235623
0.17565999999999998
0.17131400000000002
0.266177
0.258309
0.262922
0.24225
0.23967
0.20160699999999998
0.232757
0.188106
0.228207
0.201375
0.22952899999999998
0.19915
0.23260999999999998
0.218509
0.230796
0.20051400000000005
0.250974
0.211265
0.233608
0.213844
0.247169
0.215345
0.29636599999999996
0.255578
0.281398
0.234104
0.245639
0.206181
0.249065
0.248954
0.297989
0.285819
0.29129499999999997
0.252352
0.278229
0.25217
0.263942
0.243808
0.271395
0.197507
0.20983
0.186389
0.216304
0.16875199999999999
0.185674
0.152336
0.201768
0.189568
0.209547
0.197718
0.22660500000000006
0.176026
0.172956
0.193661
0.262092
0.206675
0.300533
0.213506
0.221098
0.188994
0.221739
0.192135
0.230146
0.214555
0.230362
0.183389
0.220689
0.19203800000000001
0.277677
0.202622
0.262468
0.211366
0.250605
0.22745
0.25928
0.21663000000000002
0.231039
0.205847
0.232839
0.192966
0.237773
0.204601
0.246276
0.211256
0.244831
0.210407
0.248237
0.237738
0.252826
0.203638
0.249922
0.211445
0.247605
0.235311
0.24502
0.214819
0.27727
0.236694
0.290053
0.22603
0.25095500000000004
0.223027
0.25302
0.215432
0.260449
0.233606
0.26855300000000004
0.22877600000000006
0.26355500000000004
0.233142
0.264341
0.230133
0.29604899999999995
0.23215300000000005
0.256
0.226967
0.275862
0.229501
0.257042
0.22589
0.30721
0.26568400000000003
0.266336
0.22465
0.28136700000000003
0.249666
0.2832
0.263178
0.38664
0.307372
0.288489
0.250108
0.309535
0.277025
0.286536
0.242059
0.322843
0.244121
0.262463
0.223125
0.263326
0.22569699999999998
0.270306
0.225438
0.26291000000000003
0.235035
0.26369200000000004
0.219177
0.286097
0.28511000000000003
0.30919800000000003
0.26171500000000003
0.27061799999999997
0.26597000000000004
0.289146
0.245833
0.28203700000000004
0.257836
0.32077
0.2488
0.321841
0.27614
0.258172
0.22871999999999998
0.22307
0.218586
0.233705
0.200064
0.231106
0.206353
0.27670500000000003
0.207187
0.232131
0.207642
0.22560400000000005
0.200721
0.228358
0.203091
0.247224
0.195685
0.225321
0.203809
0.231018
0.198168
0.23003
0.198992
0.237489
0.206504
0.239308
0.21650100000000005
0.267508
0.229656
0.282295
0.231719
0.231822
0.209565
0.236397
0.209375
0.261733
0.265355
0.254433
0.20313
0.23079499999999997
0.18649900000000005
0.228992
0.196441
0.24048200000000006
0.230542
0.25985883
0.21904106
0.24525502
0.2330717
0.24839227
0.1841353
0.2221772
0.1942034
0.22075999999999998
0.19213570000000002
0.2264026
0.1907341
0.23826039999999998
0.21935092
0.23523470000000002
0.21021188
0.2442528
0.21736910000000004
0.25910792000000005
0.23271190000000003
0.28582640000000004
0.23563360000000005
0.25472520000000004
0.185749
0.197594
0.138325
0.196062
0.15245999999999998
0.19274864
0.19435454
0.21587638
0.15242556000000002
0.19663242000000009
0.16680447
0.24714542
0.18266542
0.28776442
0.21429647
0.26379846999999995
0.23317447
0.25930046999999995
0.22669547
0.23953556
0.17955356000000006
0.26796256
0.22985747
0.30106838
0.16402442
0.28038415
0.2760391
0.25075938000000003
0.28202024000000003
0.31009129
0.28581229
0.28776733000000004
0.25641438000000005
0.32772638000000004
0.27105933000000004
0.31092038000000005
0.28521938
0.33454033000000005
0.30343724000000005
0.34174119
0.29181224
0.30878242
0.25556742
0.29865942
0.27414142
0.30963538
0.21545747
0.25515642
0.13571547
0.26815342
0.3141153800000001
0.34272838000000005
0.33617724
0.35617142
0.31063047
0.33344042
0.31535638000000005
0.34659342
0.31253542
0.34662746999999994
0.30333742
0.35561142
0.32196842
0.3643203800000001
0.31672542
0.33407842
0.3291112900000001
0.35871042
0.30268642
0.35243642
0.29864447
0.34212242
0.34426242
0.32513452
0.30716647
0.34430841999999995
0.29988052
0.34544046999999994
0.3251123300000001
0.30495441999999995
0.27397746999999995
0.30949938000000005
0.29545842
0.32262538
0.27853438
0.27525656
0.24729856
0.27817652
0.27616133000000004
0.28924638
0.26034238000000004
0.29175247
0.26286538000000004
0.31249838
0.2850923300000001
0.2808954699999999
0.23184356
0.25525556
0.22426852
0.26165852
0.22376352
0.27954752
0.25062761
0.24825161000000004
0.22397852
0.24781442
0.21579947
0.23153256000000005
0.20806147
0.25235842
0.20777747
0.25009347
0.26164024
0.34499392
0.26628033
0.28215242
0.21932852
0.24783852
0.21382452
0.25704442
0.21097347
0.22866956
0.20638352
0.23644747
0.20504852
0.23405347
0.19702852000000004
0.24150547
0.20635142
0.25625347
0.24174342
0.24904042
0.19840447
0.22612547
0.19181952
0.20777056
0.17521856000000002
0.01069252
0.00754152
0.00939552
0.17572252000000002
0.22186147
0.17263647
0.21103647
0.17380752
0.19788052
0.17373552
0.19481752
0.16807852
0.19799156
0.16584052000000002
0.20210956
0.00891547
0.00814256
0.16982752
0.01221852
0.17121052
0.19689656
0.16783656000000002
0.20277552
0.008599470000000001
0.20241056
0.01100152
0.20416952
0.18145247
0.20234152
0.17274756000000002
0.20555052
0.17757052
0.20211552
0.17494552000000002
0.20239947
0.17680042
0.20048547000000005
0.16616847
0.20566147
0.17597847
0.21423138
0.18912738
0.21047742
0.17960041999999998
0.19546942
0.008872330000000001
0.01000519
0.19656333
0.22812733
0.20368333
0.00802442
0.17332647
0.20355547
0.19988933
0.2640893300000001
0.21357838
0.19670847
0.16220052
0.19637252
0.17773547
0.19841647
0.16364947000000002
0.19634047
0.16500352
0.18968252
0.15851152000000002
0.20232952
0.17635747000000002
0.21485642
0.20107138
0.24301124
0.22176124
0.27065919
0.21755919
0.21455333
0.18605733
0.23659919
0.18029529
0.19960033
0.17959633
0.19991629
0.16998528999999998
0.20379133
0.21823819
0.2461931
0.16982433
0.20984529
0.19685819
0.21891529
0.18795929
0.01431824
0.22591515
0.27648515
0.25947415
0.26157815
0.21354524
0.23646624
0.20086324
0.23309829
0.21540324
0.23627038
0.23054624
0.24533529
0.21444629
0.24445829
0.20910929
0.25142129
0.21699029
0.26671615000000004
0.21842919
0.24008124
0.21975024
0.25885724000000004
0.22786124
0.26045524000000003
0.23468219
0.24837024
0.2438511
0.30560692
0.21807924
0.24981819
0.23312024
0.26090524000000004
0.23304224
0.27693019
0.24720215
0.26197824000000003
0.23315724
0.26341219
0.211038
0.26589
0.234425
0.26715
0.238206
0.26764
0.239963
0.262044
0.22864600000000002
0.257893
0.235079
0.260294
0.248139
0.256866
0.227182
0.248287
0.228251
0.25513
0.20870500000000006
0.263837
0.20422200000000001
0.26555300000000004
0.250784
0.238115
0.219617
0.23718000000000006
0.22597
0.24451900000000001
0.183848
0.211559
0.182
0.21881
0.208184
0.213088
0.21235
0.218349
0.197831
0.240641
0.236792
0.231242
0.19830699999999998
0.229809
0.220563
0.23223600000000005
0.242912
0.256295
0.184062
0.215619
0.184374
0.258048
0.22943400000000005
0.258058
0.245245
0.27614099999999997
0.239572
0.280741
0.248462
0.30385500000000004
0.311807
0.328575
0.292337
0.293173
0.275084
0.25109000000000004
0.212419
0.279901
0.271781
0.270899
0.22655
0.23792600000000005
0.212334
0.237603
0.209596
0.26857400000000003
0.263972
0.27093
0.215278
0.277711
0.219953
0.28827
0.228618
0.231013
0.20466900000000002
0.2927
0.237029
0.269196
0.207724
0.259821
0.244591
0.30514800000000003
0.24812199999999998
0.294367
0.246534
0.274188
0.258041
0.287289
0.274915
0.290204
0.22895
0.241019
0.173664
0.20646
0.188231
0.219728
0.18648900000000002
0.22821100000000002
0.191959
0.216509
0.19638
0.221852
0.197168
0.228259
0.188823
0.232771
0.187299
0.249739
0.188604
0.22208200000000006
0.197251
0.224235
0.21012600000000006
0.26227
0.195498
0.20608400000000002
0.197998
0.21124099999999998
0.183534
0.20840999999999998
0.177922
0.207636
0.012139
0.013946
0.181107
0.22165100000000001
0.239096
0.204139
0.171068
0.21055
0.184507
0.204927
0.177429
0.232552
0.191398
0.220909
0.183722
0.21268099999999998
0.209977
0.228168
0.17058800000000002
0.202441
0.17136600000000002
0.196175
0.194515
0.249675
0.184819
0.22483000000000006
0.21534
0.23585799999999998
0.164383
0.195487
0.158834
0.196373
0.16524899999999998
0.189589
0.17361500000000002
0.184865
0.155602
0.196592
0.014715
0.014102000000000003
0.014049
0.012417
0.20091
0.204848
0.178771
0.229702
0.20945500000000006
0.214861
0.200424
0.236671
0.17174199999999998
0.234348
0.011677
0.204827
0.161486
0.184658
0.158648
0.192017
0.169351
0.195873
0.184086
0.21518400000000001
0.180287
0.250097
0.201435
0.2055
0.21198000000000006
0.23826
0.18466
0.26110500000000003
0.228596
0.277354
0.204298
0.247534
0.234829
0.24001599999999998
0.16917200000000002
0.181538
0.157005
0.216129
0.153294
0.178726
0.147176
0.17992099999999994
0.18178
0.224049
0.174466
0.192421
0.16542099999999998
0.193855
0.008239
0.008664
0.14998699999999998
0.178704
0.009964
0.009537
0.166818
0.200173
0.16506700000000002
0.212442
0.18173699999999998
0.208571
0.192501
0.203987
0.191064
0.224615
0.186927
0.255384
0.195145
0.215033
0.179773
0.21605700000000005
0.181846
0.1989
0.165501
0.198696
0.170223
0.22127
0.168604
0.225173
0.201432
0.244614
0.16958199999999998
0.204904
0.184004
0.217412
0.22444
0.2454
0.211446
0.249553
0.206688
0.22556
0.181055
0.191807
0.013253
0.012809999999999998
0.195376
0.24354
0.194758
0.233631
0.195913
0.249161
0.167438
0.19675
0.174016
0.204612
0.16808800000000002
0.26302800000000004
0.178502
0.200269
0.167104
0.205053
0.012909
0.015221
0.207132
0.235814
0.187979
0.239283
0.21815900000000002
0.23529
0.187827
0.234587
0.167338
0.202676
0.218096
0.220204
0.211304
0.210481
0.181683
0.239144
0.186567
0.20102799999999998
0.164957
0.013909
0.011223
0.190325
0.168939
0.188683
0.17034100000000002
0.193835
0.181006
0.23394
0.2108
0.21151
0.161674
0.191524
0.012916999999999998
0.204473
0.167026
0.017148
0.17246999999999998
0.211156
0.175394
0.202596
0.17137000000000002
0.181067
0.155251
0.217158
0.180241
0.22694
0.21340100000000006
0.277692
0.221905
0.265404
0.255119
0.28869100000000003
0.228243
0.256106
0.190863
0.237555
0.23400300000000002
0.26777500000000004
0.21826500000000001
0.268735
0.22236999999999998
0.272387
0.242831
0.266933
0.267754
0.266388
0.20372200000000001
0.244246
0.212247
0.242769
0.21636
0.23923899999999998
0.200052
0.245856
0.202216
0.231592
0.20276300000000005
0.234323
0.243091
0.24411
0.180306
0.256924
0.22989400000000002
0.24601199999999998
0.184774
0.217491
0.185497
0.215106
0.18287899999999999
0.220842
0.203757
0.241363
0.192245
0.209048
0.17288099999999998
0.235079
0.205929
0.238727
0.185146
0.209334
0.203536
0.209588
0.188878
0.26198299999999997
0.181231
0.206007
0.17369700000000002
0.200128
0.17631000000000002
0.23060799999999998
0.21067600000000006
0.203861
0.185671
0.212209
0.201105
0.24626399999999998
0.196355
0.224807
0.206157
0.231087
0.181375
0.205773
0.173172
0.22043400000000002
0.180346
0.206767
0.177395
0.199412
0.170769
0.255374
0.22642
0.2392
0.184239
0.22009299999999998
0.195807
0.25330400000000003
0.223333
0.19342
0.162466
0.214769
0.015075999999999999
0.015408000000000003
0.184898
0.252195
0.199251
0.203699
0.17871800000000002
0.218117
0.177292
0.198789
0.165655
0.224304
0.193095
0.21022800000000005
0.22211799999999998
0.229235
0.160386
0.189891
0.15876300000000002
0.217783
0.15826500000000002
0.188403
0.159974
0.189524
0.16215100000000002
0.192865
0.17462
0.17651899999999998
0.143175
0.184656
0.156649
0.205053
0.168801
0.212907
0.187559
0.213995
0.189198
0.16669
0.141059
0.179759
0.153144
0.18981
0.009434
0.166655
0.009179
0.008602
0.148394
0.011715
0.136936
0.167474
0.135125
0.168792
0.15302400000000002
0.185552
0.009552
0.008149
0.13752899999999998
0.007797
0.13339399999999998
0.009056000000000002
0.13308
0.008465
0.013381999999999998
0.01289
0.009502
0.01141
0.14788400000000002
0.200631
0.160615
0.011658
0.13503199999999999
0.009213
0.131646
0.166493
0.008496
0.17648499999999998
0.008284999999999999
0.16836900000000002
0.128906
0.17435599999999998
0.138489
0.17764699999999994
0.136191
0.17314100000000002
0.140242
0.174526
0.144951
0.223419
0.194916
0.241654
0.177258
0.170456
0.13830599999999998
0.17557899999999999
0.13359500000000002
0.162993
0.010178
0.181174
0.011528
0.18433
0.012550000000000002
0.17752700000000002
0.012497
0.010475
0.15423199999999998
0.19195299999999998
0.012543
0.195435
0.124085
0.013114
0.011635
0.216877
0.185385
0.175775
0.010628
0.16805799999999999
0.14228300000000002
0.167392
0.14502199999999998
0.180811
0.154528
0.17735399999999998
0.15956499999999998
0.013663999999999999
0.14172300000000002
0.177788
0.013336
0.013175999999999998
0.186369
0.212331
0.158355
0.182201
0.150693
0.011765000000000001
0.15069100000000002
0.190606
0.155144
0.21930700000000006
0.157051
0.014228999999999999
0.015922
0.016352000000000002
0.169229
0.206838
0.17249699999999998
0.228753
0.163943
0.200125
0.17113399999999998
0.206425
0.16248200000000002
0.24201
0.215463
0.238809
0.17498
0.21099600000000002
0.176774
0.222063
0.17671199999999998
0.22339699999999998
0.180318
0.214759
0.178175
0.25354
0.227695
0.2362
0.183216
0.206768
0.17743
0.216234
0.175225
0.198671
0.168754
0.250081
0.18803
0.200624
0.163851
0.207289
0.16950600000000002
0.207972
0.166734
0.232531
0.21236300000000002
0.293373
0.267969
0.27070900000000003
0.21776500000000001
0.241143
0.212895
0.260326
0.21321700000000002
0.241399
0.19837
0.24801900000000002
0.220773
0.261333
0.224748
0.263276
0.222782
0.26458000000000004
0.241644
0.239421
0.205224
0.246932
0.215195
0.28479000000000004
0.23918299999999998
0.23247
0.21945100000000006
0.274448
0.239579
0.233481
0.17907099999999998
0.224649
0.184857
0.219173
0.184745
0.220754
0.189665
0.233244
0.181641
0.227888
0.185225
0.226002
0.189486
0.221716
0.186984
0.228611
0.18676600000000002
0.227782
0.188844
0.227215
0.186159
0.228314
0.192348
0.221121
0.188584
0.232877
0.224593
0.225881
0.16293
0.21425500000000006
0.169836
0.216398
0.16641199999999998
0.20939
0.174782
0.209814
0.173482
0.209983
0.170654
0.237407
0.17416800000000002
0.206397
0.179119
0.218953
0.16498200000000002
0.202676
0.17677400000000001
0.249825
0.211498
0.202236
0.22702
0.252389
0.177279
0.202951
0.172244
0.211552
0.224748
0.207039
0.15995099999999998
0.175701
0.010331
0.187564
0.183585
0.184133
0.14176699999999998
0.011741
0.010513000000000002
0.19376600000000002
0.011779
0.237819
0.162801
0.2053
0.259319
0.184254
0.149825
0.200682
0.011559
0.011002
0.156442
0.199151
0.14750599999999994
0.23648400000000006
0.205844
0.24459
0.204812
0.21924000000000002
0.15173599999999998
0.190512
0.21443
0.244624
0.162432
0.184142
0.15191
0.010098
0.008750999999999998
0.16672
0.143709
0.169682
0.12826500000000002
0.164603
0.134134
0.171895
0.152198
0.178282
0.143425
0.1785
0.008392
0.009842
0.16108599999999998
0.013969
0.13253700000000002
0.16502999999999998
0.12806800000000002
0.17514100000000002
0.144081
0.17041199999999998
0.141558
0.173376
0.14724600000000002
0.184254
0.173165
0.011505
0.170041
0.210963
0.160177
0.20632899999999998
0.165022
0.199311
0.17454299999999998
0.206668
0.15529500000000002
0.21451599999999998
0.199907
0.215698
0.18754400000000002
0.256434
0.195261
0.195442
0.16883199999999998
0.207691
0.18988
0.256049
0.217058
0.225241
0.17747200000000002
0.255215
0.206611
0.21139000000000002
0.176059
0.207494
0.168653
0.21723499999999998
0.16825700000000002
0.203209
0.177054
0.214668
0.17143799999999998
0.234018
0.17443599999999998
0.256329
0.212861
0.21076
0.216858
0.222364
0.169651
0.20583800000000002
0.17899500000000002
0.203867
0.15604300000000002
0.19169
0.151577
0.189949
0.151887
0.20015
0.182919
0.236215
0.190395
0.249148
0.165758
0.180692
0.14172
0.193437
0.175674
0.185214
0.153862
0.18264
0.13928800000000002
0.17923
0.141672
0.011871
0.156314
0.176202
0.151923
0.218162
0.014427
0.210002
0.132944
0.17902800000000002
0.012657999999999999
0.017925999999999997
0.186817
0.232895
0.186627
0.180004
0.156944
0.224636
0.148423
0.184389
0.13506700000000002
0.181511
0.16033
0.194416
0.173318
0.207102
0.153978
0.206193
0.192717
0.195799
0.14946800000000002
0.211123
0.141375
0.18178
0.150608
0.015007
0.149096
0.173644
0.13655599999999998
0.234335
0.133467
0.014466
0.176698
0.199586
0.14311
0.017624
0.168017
0.220834
0.020037
0.178956
0.137178
0.17336700000000002
0.131323
0.015366
0.018087
0.203103
0.018083000000000002
0.184896
0.12778399999999998
0.171152
0.017761000000000002
0.186347
0.13344
0.193773
0.140806
0.019287
0.13251300000000002
0.16137100000000001
0.141262
0.178794
0.014175
0.230161
0.132993
0.16874899999999998
0.11846500000000001
0.014671
0.124118
0.156029
0.129169
0.16128399999999998
0.147517
0.203328
0.140664
0.151213
0.118069
0.154218
0.1248
0.179978
0.159622
0.20158
0.016846
0.20132000000000005
0.198218
0.234095
0.169107
0.198636
0.16546
0.225954
0.202497
0.272311
0.24307399999999998
0.282362
0.22539
0.229722
0.17469600000000002
0.228454
0.2005633
0.237004
0.194305
0.231923
0.195374
0.238474
0.22569
0.273467
0.203987
0.229553
0.288197
0.285769
0.21979
0.23973200000000006
0.18628
0.223364
0.216974
0.241941
0.238738
0.268857
0.249441
0.273905
0.254741
0.32258000000000003
0.25692
0.275726
0.279084
0.32261300000000004
0.29277499999999995
0.35202100000000003
0.330277
0.37104
0.33102800000000004
0.35240799999999994
0.32111100000000004
0.355414
0.3053
0.32710100000000003
0.304755
0.34124
0.31645100000000004
0.347102
0.315268
0.323561
0.295593
0.317177
0.31440500000000005
0.330465
0.282229
0.310129
0.27271999999999996
0.305205
0.268079
0.30181800000000003
0.302466
0.308874
0.30694600000000005
0.338025
0.29625
0.314879
0.29790500000000003
0.31317
0.269972
0.306885
0.258961
0.289114
0.257684
0.278745
0.271827
0.29133200000000004
0.22473600000000002
0.30296
0.258769
0.25066700000000003
0.217918
0.24276999999999999
0.21481
0.24970100000000006
0.21058000000000002
0.237504
0.2008260000000001
0.22845700000000002
0.227127
0.243335
0.209582
0.245685
0.211036
0.23716500000000001
0.17473
0.212884
0.161466
0.208562
0.184945
0.013234
0.153592
0.201244
0.16872900000000002
0.212345
0.165105
0.198306
0.16522199999999998
0.19453099999999998
0.170265
0.009987
0.17563399999999998
0.21219
0.17207
0.215897
0.182208
0.223594
0.185594
0.215652
0.183447
0.229372
0.193161
0.257312
0.23459000000000002
0.26529400000000003
0.220537
0.272423
0.255114
0.282268
0.252081
0.279581
0.246667
0.238129
0.228488
0.22707
0.192194
0.219214
0.18837
0.223963
0.190728
0.230855
0.211711
0.246456
0.217075
0.23642600000000005
0.248641
0.307714
0.240416
0.258808
0.21724900000000005
0.25279
0.217795
0.264768
0.251043
0.268371
0.203964
0.245879
0.215852
0.261929
0.235208
0.27134
0.195282
0.22966
0.195149
0.23060300000000006
0.199282
0.226542
0.205384
0.263608
0.23563299999999998
0.238911
0.191624
0.231707
0.236611
0.2268260000000001
0.208358
0.227011
0.200247
0.234371
0.189638
0.235116
0.193766
0.246069
0.19764600000000002
0.237744
0.199107
0.234111
0.211925
0.25583900000000004
0.263287
0.224615
0.19813
0.244194
0.21545599999999998
0.24855300000000002
0.237964
0.27647
0.215465
0.231347
0.199571
0.231545
0.187452
0.21569699999999997
0.17471099999999998
0.223822
0.190408
0.20213599999999998
0.171205
0.208461
0.185074
0.240857
0.192869
0.213765
0.186801
0.211347
0.173292
0.216211
0.18000899999999995
0.216272
0.183785
0.265973
0.228131
0.235778
0.198532
0.239037
0.200523
0.226724
0.1953
0.241997
0.205882
0.234047
0.21748499999999998
0.247857
0.202244
0.258668
0.230116
0.259737
0.22911700000000002
0.314945
0.244527
0.237464
0.199766
0.240913
0.251058
0.273478
0.224525
0.27401299999999995
0.23568000000000006
0.257203
0.227565
0.27143
0.209183
0.240561
0.23188699999999998
0.22624100000000005
0.191657
0.27653099999999997
0.276253
0.27673400000000004
0.223265
0.235036
0.21076599999999998
0.235546
0.205781
0.279853
0.241182
0.282281
0.226992
0.2468
0.200693
0.253218
0.212354
0.255146
0.212709
0.241498
0.242298
0.283622
0.225966
0.249191
0.182597
0.213461
0.207847
0.241896
0.198555
0.221342
0.188054
0.231268
0.222254
0.271524
0.221962
0.261543
0.222643
0.27882199999999996
0.20346
0.23324699999999998
0.210625
0.254424
0.268948
0.262438
0.250146
0.286029
0.234836
0.245637
0.215401
0.2467
0.220002
0.247491
0.246195
0.25905300000000003
0.17341800000000002
0.22159
0.189462
0.244497
0.210666
0.243722
0.193224
0.292771
0.29558
0.304221
0.270203
0.319881
0.281185
0.276992
0.250825
0.278938
0.235386
0.29066099999999995
0.237117
0.272802
0.228993
0.26908200000000004
0.234926
0.267306
0.269718
0.28919500000000004
0.257341
0.26648499999999997
0.24063099999999998
0.2784
0.244076
0.27440400000000004
0.25577
0.280482
0.264643
0.257471
0.21553000000000005
0.250031
0.22058000000000005
0.248619
0.24776199999999998
0.29434099999999996
0.24284899999999998
0.296974
0.270266
0.248833
0.22863200000000006
0.240189
0.198101
0.222004
0.217369
0.240894
0.218064
0.235487
0.242229
0.256089
0.220796
0.26932399999999995
0.22439299999999998
0.22889299999999999
0.194218
0.216466
0.188152
0.221374
0.18963600000000005
0.241986
0.18852
0.223019
0.193276
0.22385400000000005
0.195106
0.227635
0.206288
0.244094
0.201503
0.261279
0.218733
0.208681
0.189078
0.21049600000000002
0.179633
0.215114
0.19937
0.225691
0.186292
0.226688
0.17456300000000002
0.223284
0.183321
0.217518
0.185409
0.214058
0.184496
0.24519
0.22236
0.21714
0.173007
0.182289
0.009552
0.182049
0.017574
0.013799
0.013285
0.011189
0.16275499999999998
0.180576
0.15190399999999998
0.186789
0.14898
0.171438
0.00925
0.18403
0.00922
0.010578
0.17868599999999998
0.217765
0.196982
0.203287
0.157708
0.190714
0.174702
0.19522899999999999
0.165549
0.187876
0.16728600000000002
0.226149
0.203536
0.242587
0.176047
0.191986
0.166812
0.196846
0.165933
0.21923800000000002
0.16770600000000002
0.19387
0.20132
0.222774
0.175117
0.214096
0.183444
0.204021
0.17668099999999998
0.20523
0.188711
0.22104
0.192818
0.255827
0.228413
0.244997
0.21355900000000005
0.231796
0.211346
0.231241
0.195032
0.247196
0.242792
0.30154200000000003
0.217993
0.248761
0.242948
0.23836500000000002
0.220097
0.281814
0.252884
0.26970500000000003
0.223431
0.24712699999999999
0.225473
0.251
0.222029
0.27037300000000003
0.243868
0.240103
0.206168
0.240535
0.204175
0.23729899999999998
0.20996900000000002
0.24406
0.212162
0.238647
0.208756
0.243396
0.213815
0.237028
0.197338
0.236127
0.22827
0.274917
0.236354
0.287281
0.265448
0.30248800000000003
0.252244
0.28508
0.252988
0.264144
0.254927
0.342953
0.26458000000000004
0.29182600000000003
0.242731
0.266798
0.226059
0.290197
0.27734699999999995
0.28838800000000003
0.24673899999999999
0.327666
0.23721799999999998
0.238456
0.210296
0.242153
0.212845
0.23445700000000005
0.207089
0.234609
0.211959
0.24766
0.221323
0.261692
0.26074800000000004
0.28633400000000003
0.231427
0.257448
0.225282
0.25131000000000003
0.23671599999999998
0.323073
0.255954
0.25413
0.246119
0.28581300000000004
0.21358
0.25141800000000003
0.219482
0.26573800000000003
0.24531
0.24812399999999998
0.229172
0.25394100000000003
0.223481
0.254817
0.220367
0.2484601
0.2208818
0.255253
0.23006100000000002
0.273943
0.24646500000000002
0.253299
0.214276
0.247369
0.214622
0.239533
0.204891
0.259395
0.210956
0.283189
0.25733
0.266867
0.252473
0.307569
0.281768
0.31672700000000004
0.251075
0.28533200000000003
0.295532
0.298979
0.23127
0.261481
0.239892
0.277775
0.210829
0.244463
0.22845700000000002
0.31226799999999993
0.245596
0.227332
0.193255
0.230252
0.254288
0.248525
0.191762
0.235062
0.198344
0.226527
0.23239
0.281431
0.29130300000000003
0.229754
0.197782
0.196088
0.161804
0.195431
0.175299
0.211733
0.173239
0.210436
0.193486
0.236868
0.208762
0.211835
0.179819
0.216234
0.187967
0.20944
0.214495
0.239575
0.19216100000000005
0.206631
0.176475
0.208247
0.173213
0.22253
0.220112
0.239535
0.232293
0.245428
0.204036
0.222138
0.17743399999999998
0.204033
0.17374599999999998
0.219847
0.17308500000000002
0.194262
0.17209000000000002
0.201531
0.185734
0.200485
0.170992
0.224695
0.205329
0.215518
0.197337
0.207194
0.185608
0.21023899999999998
0.189058
0.257479
0.20101
0.20567399999999997
0.179792
0.210983
0.17588299999999998
0.203852
0.171408
0.205755
0.162537
0.219313
0.178812
0.19678199999999998
0.16734100000000002
0.253452
0.17668199999999998
0.247484
0.218254
0.20986100000000002
0.164704
0.194895
0.163233
0.20244
0.175653
0.213902
0.188519
0.2096512
0.200535
0.23952800000000002
0.230518
0.26432900000000004
0.205841
0.251961
0.226781
0.22285700000000006
0.181165
0.216177
0.185043
0.220271
0.190716
0.22276700000000002
0.189481
0.228005
0.21702
0.265662
0.20053900000000002
0.220391
0.18908
0.22596799999999997
0.187903
0.23389
0.195477
0.23223600000000005
0.194079
0.25319899999999995
0.201577
0.227464
0.22071
0.237527
0.2204
0.243024
0.18879500000000002
0.224272
0.20524
0.269011
0.219098
0.260797
0.22955
0.270018
0.204377
0.249149
0.227183
0.271381
0.242302
0.237225
0.231138
0.232331
0.20229000000000005
0.2511282
0.2025599
0.2029745
0.1702003
0.25967949999999995
0.1882122
0.2077835
0.18676429999999997
0.2225125
0.1863853000000001
0.2123993
0.1881152
0.22100949999999997
0.1894313
0.21597159999999999
0.184398
0.245878
0.245902
0.25642000000000004
0.2235627
0.2232234
0.214979
0.2608411
0.21880790000000008
0.26995109999999994
0.2353618
0.2322455
0.19351620000000005
0.2710797
0.23139720000000005
0.2669695
0.2217193
0.25734460000000003
0.26855120000000005
0.2947224
0.2499165
0.2790438
0.3053189
0.26706230000000003
0.263652
0.230609
0.265264
0.23857
0.257763
0.233641
0.263364
0.264245
0.263492
0.239223
0.266529
0.237324
0.253326
0.233744
0.252567
0.237134
0.26969
0.238046
0.279557
0.259342
0.311788
0.271728
0.27768400000000004
0.27287599999999995
0.271552
0.265034
0.29477600000000004
0.280428
0.334673
0.300856
0.28136
0.25163
0.272147
0.250344
0.270342
0.298608
0.31922100000000003
0.286506
0.29538000000000003
0.294373
0.29979500000000003
0.26042600000000005
0.267226
0.250439
0.296147
0.273662
0.267656
0.262434
0.26997600000000005
0.250498
0.290621
0.254863
0.278819
0.246658
0.28256200000000004
0.279505
0.305535
0.270706
0.304421
0.27981500000000004
0.26929699999999995
0.259124
0.264344
0.24368800000000002
0.26970900000000003
0.247499
0.27166
0.263871
0.241112
0.235882
0.249982
0.242081
0.24465599999999998
0.258429
0.262392
0.273055
0.232245
0.287445
0.256251
0.217258
0.230816
0.21542
0.244886
0.222567
0.229649
0.238181
0.255882
0.227452
0.2623
0.241508
0.28733499999999995
0.26031
0.27087799999999995
0.26923600000000003
0.289927
0.263355
0.282515
0.289038
0.309602
0.262035
0.290267
0.27623000000000003
0.393929
0.3098157
0.306285
0.30282
0.309037
0.313474
0.307911
0.282569
0.317257
0.302561
0.25280199999999997
0.288227
0.317921
0.28319500000000003
0.302558
0.297487
0.291691
0.255989
0.30999499999999997
0.284571
0.321527
0.270563
0.265474
0.264459
0.28608399999999995
0.250548
0.275437
0.244937
0.275643
0.2531859
0.3101844
0.238325
0.261387
0.236788
0.251871
0.205477
0.226846
0.208756
0.225169
0.210317
0.230321
0.229784
0.22127500000000005
0.21387
0.22036599999999998
0.199427
0.221387
0.203009
0.236621
0.208514
0.220482
0.219945
0.223879
0.204269
0.214222
0.202011
0.220925
0.202793
0.213659
0.228599
0.257517
0.197659
0.212659
0.19647
0.210281
0.18679
0.204561
0.182381
0.25492000000000004
0.256921
0.255386
0.217869
0.20520500000000005
0.193177
0.20843899999999999
0.194701
0.205885
0.19541
0.188268
0.17580800000000002
0.201484
0.200098
0.196525
0.18519
0.196603
0.17688800000000002
0.195029
0.18416
0.210721
0.190695
0.224246
0.192441
0.23856
0.253796
0.21832
0.201079
0.230881
0.207472
0.214849
0.197191
0.230068
0.23266
0.21880500000000006
0.20382999999999998
0.209425
0.21825
0.21967899999999999
0.196735
0.221837
0.200275
0.256614
0.22241100000000005
0.235575
0.214381
0.230859
0.195598
0.234363
0.22658899999999998
0.243406
0.243937
0.242411
0.233505
0.24465900000000002
0.221835
0.238496
0.21937399999999999
0.237974
0.260279
0.247572
0.21386
0.22831500000000002
0.228546
0.251581
0.268031
0.259152
0.244842
0.25948499999999997
0.238646
0.266424
0.216522
0.27373600000000003
0.291401
0.349218
0.305914
0.310779
0.26582199999999995
0.28539200000000003
0.29724700000000004
0.315085
0.29858
0.300113
0.326448
0.354286
0.33565100000000003
0.30956500000000003
0.304548
0.31470200000000004
0.289867
0.30009800000000003
0.287505
0.299094
0.27010700000000004
0.283356
0.295396
0.320063
0.307458
0.314468
0.30805
0.31070400000000004
0.32258200000000004
0.325299
0.307745
0.33508000000000004
0.32527500000000004
0.310087
0.297727
0.28982399999999997
0.333945
0.323268
0.318823
0.29916600000000004
0.31496500000000005
0.311233
0.307558
0.295167
0.319589
0.329324
0.34057
0.297731
0.312071
0.28730900000000004
0.295925
0.277822
0.311904
0.273968
0.290422
0.27120500000000003
0.312239
0.280161
0.292171
0.27170500000000003
0.27831100000000003
0.262521
0.29698800000000003
0.272099
0.282005
0.27279200000000003
0.28758799999999995
0.28125300000000003
0.30547399999999997
0.281227
0.288318
0.27144100000000004
0.304755
0.318241
0.29446
0.259232
0.281649
0.264787
0.27712800000000004
0.283787
0.286679
0.262889
0.278546
0.268706
0.285729
0.26716
0.281428
0.278586
0.285745
0.259128
0.282478
0.27610500000000004
0.297414
0.26205900000000004
0.311266
0.276685
0.295926
0.27018200000000003
0.287412
0.255322
0.26770900000000003
0.264915
0.276326
0.244031
0.250189
0.237789
0.254541
0.242571
0.24659
0.252294
0.2576
0.234302
0.24887
0.211851
0.223439
0.208398
0.226509
0.211218
0.258396
0.239301
0.250021
0.231279
0.215364
0.198775
0.235524
0.198337
0.243583
0.22814
0.214661
0.200282
0.219209
0.220487
0.216646
0.200382
0.217534
0.198038
0.21088
0.202851
0.22652
0.208798
0.277982
0.274476
0.30898400000000004
0.266588
0.318363
0.257743
0.25317199999999995
0.24063
0.26326700000000003
0.232738
0.265318
0.231035
0.25267399999999995
0.229609
0.25311700000000004
0.233469
0.261219
0.233775
0.263355
0.233843
0.27016300000000004
0.242623
0.29183400000000004
0.25600700000000004
0.253994
0.233636
0.24472
0.238196
0.253923
0.240231
0.25354899999999997
0.234997
0.27154
0.233468
0.250718
0.238802
0.26163000000000003
0.276517
0.264409
0.253402
0.25227700000000003
0.229783
0.244078
0.225257
0.25002
0.185294
0.234778
0.212019
0.205866
0.212694
0.212231
0.206195
0.231828
0.208831
0.22488400000000006
0.2269
0.255031
0.22845700000000002
0.255622
0.199811
0.206479
0.19207
0.222914
0.226571
0.219297
0.187405
0.210734
0.201788
0.222842
0.21941
0.22873400000000002
0.215922
0.222321
0.19955
0.200433
0.17858500000000002
0.264871
0.18657
0.184119
0.177079
0.193125
0.17641300000000001
0.188865
0.186989
0.197715
0.18115699999999998
0.212871
0.19409400000000002
0.23378200000000002
0.218041
0.195742
0.183446
0.202248
0.18073
0.21504
0.22091
0.200188
0.214892
0.236832
0.195654
0.197975
0.183406
0.197223
0.18529400000000001
0.203852
0.184937
0.20005499999999998
0.172539
0.190253
0.18002100000000001
0.197246
0.185424
0.190584
0.185326
0.19487
0.189519
0.190477
0.198504
0.2281
0.177563
0.187145
0.181668
0.198521
0.226174
0.22485500000000005
0.212231
0.206554
0.178809
0.180895
0.175808
0.182018
0.166468
0.185961
0.179649
0.184803
0.220078
0.201047
0.164019
0.21364
0.187253
0.182605
0.197461
0.220938
0.201726
0.197317
0.20265
0.253156
0.243565
0.154282
0.15417899999999998
0.174493
0.163266
0.167624
0.156123
0.169553
0.00977
0.21703000000000006
0.20202
0.17691800000000002
0.155755
0.175395
0.162502
0.204743
0.16558599999999998
0.171532
0.011147
0.17706299999999994
0.14965299999999998
0.175725
0.012215
0.179701
0.01553
0.18438
0.184005
0.184946
0.17609899999999998
0.1788
0.17465699999999998
0.168823
0.17662
0.180911
0.172067
0.173671
0.168256
0.169741
0.16556700000000002
0.178688
0.168381
0.177042
0.191448
0.181223
0.17220100000000002
0.182374
0.170957
0.177
0.171484
0.183982
0.175496
0.22125
0.19366
0.19601300000000002
0.014556999999999999
0.014878
0.170349
0.21871100000000002
0.15696100000000002
0.158902
0.19433
0.217463
0.213537
0.198668
0.205275
0.207771
0.181491
0.17111500000000002
0.014159999999999999
0.016022
0.190878
0.204213
0.241851
0.25051100000000004
0.162235
0.186791
0.231187
0.22210100000000002
0.193621
0.220369
0.170676
0.15443800000000002
0.01345
0.014771000000000001
0.181049
0.16234700000000002
0.1851
0.163829
0.144084
0.199812
0.14922200000000002
0.16423
0.013062
0.173257
0.018322
0.198448
0.162655
0.167684
0.159083
0.012794
0.160244
0.013168
0.162023
0.187289
0.17819000000000002
0.187499
0.192868
0.209111
0.176288
0.159943
0.14995899999999998
0.157094
0.021588
0.019346000000000002
0.157746
0.16003299999999998
0.15594
0.158994
0.14802500000000002
0.011726
0.150402
0.011642
0.15333999999999998
0.012131
0.16243800000000005
0.181721
0.190848
0.245596
0.230435
0.265865
0.253849
0.246465
0.204789
0.225581
0.216308
0.230734
0.227589
0.203013
0.21056
0.216516
0.22427800000000006
0.233574
0.21768
0.28065300000000004
0.229727
0.21233
0.220882
0.220916
0.193269
0.203751
0.200817
0.2077
0.198566
0.208596
0.19979400000000005
0.210432
0.200127
0.203462
0.184623
0.20067
0.23539000000000002
0.254841
0.227416
0.198653
0.180043
0.202856
0.186649
0.199337
0.193724
0.205407
0.222341
0.212277
0.191104
0.205019
0.190991
0.22144
0.207661
0.210819
0.22980100000000006
0.245629
0.2026
0.206671
0.2413
0.181851
0.202889
0.21334499999999998
0.172555
0.179724
0.192046
0.193209
0.16766799999999998
0.185008
0.177701
0.204407
0.221663
0.18825799999999998
0.176341
0.180453
0.189516
0.188888
0.176539
0.202254
0.18065
0.180054
0.180318
0.19255
0.174199
0.188092
0.24307199999999998
0.216231
0.172017
0.183048
0.174953
0.18072
0.17923499999999998
0.206627
0.181001
0.195965
0.17919000000000002
0.182203
0.172598
0.17018799999999998
0.169214
0.18587
0.176723
0.177339
0.166398
0.155418
0.16291999999999998
0.16225699999999998
0.19497
0.19251
0.187633
0.203445
0.18157
0.186267
0.1741
0.182852
0.197575
0.173823
0.16422599999999998
0.170205
0.173018
0.177806
0.164177
0.176035
0.168851
0.16927599999999998
0.16170600000000002
0.17227
0.196524
0.198298
0.16906400000000002
0.201985
0.190975
0.190031
0.171599
0.15848700000000002
0.153455
0.173397
0.180698
0.202871
0.190743
0.15904900000000002
0.15465700000000002
0.175016
0.165218
0.167215
0.162359
0.17288199999999998
0.157998
0.160693
0.157888
0.161247
0.155813
0.159769
0.15699000000000002
0.16172599999999998
0.160396
0.162633
0.158703
0.175824
0.16094
0.17236
0.164987
0.012031
0.008957
0.218169
0.188363
0.17041599999999998
0.16194399999999998
0.173501
0.16584400000000002
0.182531
0.16230899999999998
0.16756400000000002
0.163563
0.166718
0.154825
0.160773
0.154354
0.182295
0.15195
0.163459
0.171356
0.17379
0.180448
0.210088
0.200539
0.177392
0.152324
0.145919
0.16044799999999998
0.014823
0.154598
0.186249
0.012153
0.17510399999999998
0.012635
0.17231300000000002
0.014919
0.014046
0.168647
0.181481
0.17873599999999998
0.2089
0.192689
0.17757599999999998
0.159538
0.012413
0.181383
0.166447
0.147255
0.14888500000000002
0.122522
0.128357
0.017873
0.013763
0.156674
0.14613800000000002
0.124322
0.14237300000000006
0.130349
0.128546
0.014946
0.133447
0.12821300000000002
0.135212
0.016125
0.13616899999999998
0.139504
0.135267
0.144036
0.132942
0.151768
0.151114
0.14484
0.167187
0.15773700000000002
0.152658
0.169743
0.156629
0.134599
0.152059
0.162768
0.157126
0.134239
0.139719
0.15337099999999998
0.14397400000000002
0.179645
0.18891
0.141713
0.111548
0.12200599999999999
0.013663999999999999
0.10273399999999999
0.137602
0.131571
0.134904
0.140315
0.136606
0.14568699999999998
0.016059999999999998
0.185691
0.15693700000000002
0.157893
0.12435
0.107238
0.013099
0.110931
0.118828
0.119978
0.11873299999999999
0.12803699999999998
0.12661899999999998
0.125872
0.013367
0.117382
0.013855
0.134595
0.14913400000000002
0.15551700000000002
0.129643
0.111958
0.1163
0.11589400000000001
0.123782
0.152789
0.158865
0.015144
0.190015
0.17036600000000002
0.172792
0.16425900000000002
0.17369900000000002
0.16307
0.16195
0.184999
0.011459
0.153643
0.010277
0.153538
0.149929
0.168803
0.182502
0.19203399999999998
0.015136000000000004
0.180939
0.013954
0.17364200000000002
0.173327
0.153272
0.151256
0.155871
0.15079
0.16315800000000005
0.15942499999999998
0.169878
0.15923500000000002
0.161447
0.16314
0.16137
0.168704
0.17463399999999998
0.015313
0.01738
0.015029999999999996
0.168324
0.171463
0.016562999999999998
0.16926300000000002
0.016037
0.153054
0.15798199999999998
0.157973
0.197498
0.18783
0.017943999999999998
0.130216
0.155911
0.15545399999999998
0.15506499999999998
0.131384
0.15321700000000002
0.013817
0.133426
0.144177
0.13505
0.128434
0.134774
0.016273000000000003
0.181097
0.158674
0.156573
0.154778
0.148793
0.155513
0.17230800000000002
0.172924
0.15420799999999998
0.205929
0.013977000000000002
0.189176
0.16147899999999998
0.012199
0.158201
0.225643
0.205629
0.015007
0.162313
0.013092
0.013465000000000001
0.213702
0.187679
0.009483
0.145195
0.15743
0.196258
0.195274
0.012482
0.2164
0.216735
0.16466899999999998
0.214519
0.15539
0.144599
0.01004
0.188403
0.013999999999999999
0.162849
0.15899100000000002
0.189116
0.011268
0.209445
0.187707
0.17530600000000002
0.009205
0.177027
0.010628
0.012795
0.14826199999999998
0.14029899999999998
0.14812
0.147482
0.14995999999999998
0.15702200000000002
0.150853
0.145642
0.134987
0.158673
0.14644800000000002
0.010696
0.011669
0.13031199999999998
0.132775
0.136427
0.137125
0.141702
0.130751
0.13036399999999998
0.13151500000000002
0.135578
0.011489
0.114444
0.124917
0.113075
0.009361
0.138948
0.125694
0.144157
0.14135499999999998
0.015343
0.011181
0.11408800000000001
0.106438
0.120273
0.107311
0.009586
0.124822
0.0084
0.097506
0.14014400000000002
0.151418
0.122704
0.011261
0.012508
0.012878
0.114444
0.10355799999999996
0.011269
0.15921400000000002
0.012836000000000002
0.16031199999999998
0.134972
0.14564000000000002
0.20865100000000006
0.18396099999999999
0.011989
0.012142
0.195476
0.235161
0.159942
0.21208
0.183352
0.24925100000000006
0.181427
0.236143
0.180489
0.232656
0.223673
0.278888
0.186448
0.26546200000000003
0.20865
0.231082
0.18806900000000001
0.27204199999999995
0.21236300000000002
0.24161100000000002
0.186949
0.231884
0.173849
0.235453
0.18429
0.264115
0.215581
0.219495
0.26466300000000004
0.206268
0.240506
0.185657
0.264825
0.20555199999999998
0.259861
0.209055
0.251844
0.200838
0.28063
0.232594
0.27606699999999995
0.24889299999999998
0.281499
0.196431
0.256879
0.21497
0.261398
0.217128
0.310731
0.23583
0.286358
0.257435
0.274536
0.193522
0.259525
0.243376
0.26723600000000003
0.21452600000000002
0.255492
0.221826
0.271915
0.263306
0.27323800000000004
0.20971
0.275403
0.222851
0.279936
0.28539200000000003
0.317371
0.219732
0.272755
0.221588
0.278849
0.220247
0.269392
0.229414
0.28014100000000003
0.277515
0.27631700000000003
0.25645300000000004
0.32408000000000003
0.224836
0.31350900000000004
0.263994
0.285221
0.27297899999999997
0.27031999999999995
0.200888
0.249127
0.199424
0.245429
0.19816900000000004
0.284462
0.212273
0.247431
0.21195100000000006
0.244807
0.19150699999999998
0.248194
0.19322
0.247559
0.209785
0.25044
0.196224
0.262322
0.169902
0.248372
0.197149
0.28476799999999997
0.231489
0.235656
0.17958200000000002
0.233491
0.19765
0.246098
0.189123
0.25129
0.19731700000000002
0.267455
0.24301
0.274483
0.20436700000000002
0.247308
0.196514
0.258412
0.227539
0.276769
0.23549
0.266754
0.206609
0.268138
0.210731
0.269158
0.217406
0.2710369
0.2224581
0.285461
0.277887
0.289426
0.25297408000000005
0.3039401700000001
0.23371885
0.25011856
0.19265524
0.25410629
0.19598752
0.25415456
0.20032052
0.25707756
0.20055752
0.25473356
0.19893056
0.23573356
0.21026124
0.22986161
0.17792356
0.28117056
0.20567656
0.25830152
0.20230456
0.25891061
0.20243456
0.26364256
0.21531856
0.30048742
0.21556047
0.24596356
0.18626056
0.26320256
0.19988747
0.25210147
0.19472947
0.24106652
0.17980656
0.24408552
0.18268352
0.27689347
0.20789747
0.24835752
0.19989252000000005
0.26330152
0.20864752
0.27611151999999994
0.25760529000000004
0.31680538
0.22041347
0.28238747
0.22171252
0.27659352
0.23312342
0.28082347
0.21333947
0.26770052
0.20984847
0.26479052
0.20149056
0.26264747
0.19896647
0.25892256
0.19726861
0.28947441999999995
0.21045138
0.27723738000000003
0.20642442
0.26483747
0.20703847
0.27330352
0.22302638
0.29508633
0.22304533
0.23457052
0.17696447
0.23501447
0.16679952
0.22447552
0.14955656
0.21756056
0.16977847
0.25086229000000004
0.17301438
0.25277033000000004
0.18006633
0.22588038
0.15310447
0.25589733000000003
0.15241652000000006
0.25409942
0.24741919
0.23463542
0.13368742
0.20305947
0.13930147
0.23227447
0.17768133
0.22934238
0.15665842
0.22690542
0.15941742
0.22991742
0.17300842
0.2566143300000001
0.20469538
0.25641733000000005
0.17160838
0.22514042
0.16437242
0.22891642
0.18185038
0.23448533
0.17754428999999994
0.24605233
0.19643329
0.25168338
0.18322538
0.27420419
0.20127629
0.25680629
0.19125533
0.25511333
0.21911519
0.27271029
0.22568324
0.28662924
0.21734719
0.27071129
0.17938838
0.24148842
0.19849233
0.25356033
0.21923829
0.26765824000000005
0.21557824
0.26266329
0.20803933
0.27016129
0.21214929
0.27661033
0.23571429
0.30807619
0.29483605
0.33790415
0.2763001
0.26863824000000003
0.25173419
0.32145919
0.24796924
0.30982529000000003
0.25303429
0.34865809999999997
0.24804924
0.31880829000000005
0.23390033
0.28564438000000003
0.21429142
0.26612352
0.22763238
0.28002242
0.21931142
0.26374547
0.21307342
0.28059733000000003
0.21549542
0.27270041999999994
0.21685347
0.28355242
0.25304833000000004
0.27561142
0.22169542
0.3021803800000001
0.25536429000000005
0.32540233
0.27956619
0.29690942
0.25925438
0.31998142
0.26947938
0.30482647
0.25879138
0.30960142
0.27744533000000005
0.32302733
0.24760447
0.30775947
0.25891042
0.31129142
0.27507738000000004
0.36174838
0.25863446999999995
0.31138342
0.25291947
0.3181873800000001
0.25717947
0.30494747
0.2442814700000001
0.31374238000000004
0.25730842
0.29518347
0.23183647
0.28974546999999995
0.23850047
0.29074142
0.23945342
0.29543541999999995
0.24185447
0.29306542
0.23262742
0.29281042
0.2302654700000001
0.29056942
0.25008333000000005
0.29192642
0.23791042
0.3054333300000001
0.28287124
0.32714329
0.27197519000000003
0.3127343300000001
0.26777124
0.30896033
0.24407242
0.29995642
0.23744742
0.30149938000000004
0.24405142
0.30012842
0.23592938
0.30922738
0.23160247
0.29362946999999995
0.22831652
0.28560847
0.21885147
0.28645546999999993
0.23318047
0.28962247
0.23658542
0.29329252
0.23302947
0.29032842
0.22765042
0.31841738
0.25768329
0.32984942
0.25985638
0.2999813800000001
0.26343433
0.2993303800000001
0.21852642
0.27922342
0.23218238
0.30459042
0.19763342
0.25969046999999995
0.19786547
0.26200147
0.20140652
0.29150042
0.21954142
0.28005033
0.20677038
0.24802547
0.18462847
0.279741
0.22220900000000002
0.27595499999999995
0.192228
0.251201
0.180354
0.241078
0.22534899999999997
0.25552600000000003
0.184718
0.261395
0.235338
0.28794499999999995
0.22385700000000006
0.278459
0.190928
0.262406
0.18262
0.248995
0.190524
0.26511841
0.20886031
0.27220933
0.21484033
0.28779629
0.22354624
0.28121824
0.20528633
0.37399682
0.20713733
0.25477042
0.18709452
0.26283542
0.22884029
0.27003838
0.195347
0.29413
0.184437
0.24168299999999998
0.17386500000000002
0.253684
0.190293
0.286092
0.22675900000000002
0.30130500000000005
0.214079
0.318466
0.269436
0.317504
0.253744
0.306819
0.250328
0.305965
0.24961
0.30619
0.253147
0.295532
0.231373
0.302603
0.235932
0.290892
0.23154899999999998
0.29061299999999995
0.24748
0.31655
0.228421
0.299362
0.244466
0.32808000000000004
0.28430900000000003
0.348586
0.235929
0.30901100000000004
0.273716
0.348313
0.256076
0.31826
0.266883
0.34587
0.277149
0.292108
0.255769
0.314249
0.25699500000000003
0.30249400000000004
0.241976
0.284687
0.244046
0.293773
0.210154
0.276475
0.21837600000000001
0.274239
0.21067199999999997
0.265412
0.21017600000000006
0.262871
0.197567
0.30263100000000004
0.30600700000000003
0.27924099999999996
0.2281580000000001
0.269869
0.190143
0.249371
0.18855
0.250821
0.19349
0.24175700000000006
0.186317
0.248752
0.191199
0.243623
0.175271
0.241921
0.179228
0.234091
0.172324
0.236706
0.179631
0.238186
0.186783
0.236809
0.17816500000000002
0.257031
0.188095
0.244838
0.182947
0.246352
0.187938
0.250168
0.190242
0.24067
0.191178
0.251801
0.1887
0.251073
0.219594
0.26690499999999995
0.182181
0.246252
0.18663
0.239424
0.16790200000000002
0.23422068
0.17468864
0.2407640500000001
0.18690956
0.24431652
0.17693342
0.23316456
0.17390056
0.23359956
0.17148861
0.23345861
0.17288756
0.23259956
0.17063261
0.25280652
0.19849142
0.2416385600000001
0.17900755999999998
0.23813956
0.18834652
0.24639052
0.19583547
0.23198252
0.17106552
0.24375252
0.19281638
0.25077847
0.25015824000000003
0.24266656
0.17203256
0.26445438000000004
0.17839052
0.24026556
0.17780247000000002
0.25176338000000004
0.18316747
0.25508538000000003
0.18393638
0.24493942
0.19303742
0.24529747
0.19671142
0.25122642
0.19513247000000009
0.25318846999999994
0.20189438
0.25434052
0.22391042
0.29284147
0.24322442
0.29848938
0.22322742
0.26571847
0.20013852
0.25854247
0.19772247
0.24750747
0.21059142
0.24670356
0.20195142
0.28562138000000004
0.22530038
0.28075638
0.23771642
0.27964042
0.18608952
0.25177346999999994
0.19313747
0.25522041999999995
0.19766842
0.23900852
0.20494047
0.26394542
0.20007642
0.25725042
0.19066647
0.24742852
0.20094947
0.24274356
0.19309447
0.24387747
0.19455052
0.24941747
0.19722947
0.25699447
0.19700952
0.24788452
0.19628952
0.25142852
0.19883547
0.25175942
0.19623142
0.25176542
0.19521447
0.24682152
0.19345052
0.25852642
0.19475947
0.24899547
0.26166915
0.26555041999999995
0.19725042
0.27942942
0.21529342
0.24556152
0.18651252
0.24437847
0.19569347
0.24380647000000005
0.20164133
0.24324838
0.18591947
0.25643433000000004
0.20594738
0.24911442
0.20945129
0.27908924
0.20408129
0.264033
0.21343182
0.26823410000000003
0.23256705
0.31803115000000004
0.25141610000000003
0.25507524000000004
0.19795919
0.25801529
0.21135224
0.26629524000000004
0.2987261
0.23220519
0.18062729
0.25705329
0.20238333
0.24712733
0.20638624
0.242911
0.192629
0.24117315
0.2048511
0.25941524000000005
0.198807
0.240648
0.198096
0.253131
0.216031
0.24787719
0.19473619
0.25987233000000004
0.22397899999999998
0.234335
0.184732
0.249221
0.210097
0.250493
0.189242
0.262545
0.20292
0.245155
0.210642
0.229791
0.188615
0.24788
0.219133
0.288464
0.265037
0.32404099999999997
0.284274
0.329231
0.274466
0.299325
0.278904
0.31306300000000004
0.26007236
0.30148841
0.27216591999999995
0.32399354
0.32955273
0.3436341
0.29965973
0.33521019
0.27334496
0.34134001
0.3132611
0.30668896
0.26370215
0.31516119
0.24375033
0.32707624
0.2951841
0.34812124
0.25310424000000004
0.28786038
0.24305642
0.29213938
0.23085842
0.28152133
0.22919538
0.29234042
0.22265952
0.26140947
0.23080647
0.26756047
0.218722
0.275608
0.22272
0.271411
0.216363
0.263222
0.233502
0.270567
0.20614699999999997
0.25897800000000004
0.209443
0.232087
0.186729
0.25300300000000003
0.231057
0.276539
0.191495
0.243028
0.180977
0.226406
0.177085
0.24363
0.193059
0.235304
0.179135
0.237573
0.176959
0.228217
0.185265
0.231344
0.195124
0.241592
0.211639
0.267457
0.200315
0.250423
0.214977
0.277124
0.23557600000000004
0.254224
0.192071
0.248609
0.191309
0.23905900000000002
0.172585
0.223483
0.183244
0.225973
0.194364
0.249597
0.184436
0.251621
0.242895
0.255945
0.251379
0.283241
0.208754
0.26202800000000004
0.18174
0.233568
0.17371099999999998
0.24818099999999998
0.168215
0.222979
0.174322
0.26649700000000004
0.259954
0.270397
0.199881
0.225241
0.15765099999999999
0.215156
0.168881
0.2191574
0.1640221
0.222802
0.1889308
0.27075520000000003
0.187678
0.2390065
0.17493309999999998
0.2404349
0.23915679999999997
0.23618699999999998
0.16805599999999998
0.22629000000000002
0.175267
0.238794
0.186061
0.25203600000000004
0.19134
0.241566
0.190763
0.235727
0.196633
0.24984800000000001
0.197742
0.241048
0.196996
0.244654
0.21349
0.256232
0.240363
0.264597
0.216438
0.260544
0.304585
0.276495
0.260477
0.262922
0.209147
0.2793
0.245745
0.29773900000000003
0.284761
0.315603
0.286166
0.31006500000000004
0.245326
0.287639
0.29949499999999996
0.29755400000000004
0.251271
0.29541100000000003
0.244072
0.28721399999999997
0.249024
0.296808
0.25132
0.286062
0.247515
0.298205
0.254846
0.32993199999999995
0.233534
0.288008
0.232837
0.277888
0.24303400000000006
0.28820999999999997
0.24537199999999998
0.281386
0.243749
0.28694400000000003
0.243388
0.28537500000000005
0.24949200000000002
0.29750600000000005
0.241544
0.31875
0.262593
0.299956
0.24776900000000002
0.29851700000000003
0.28838600000000003
0.30437600000000004
0.234666
0.285405
0.246081
0.29378200000000004
0.259366
0.293968
0.26978899999999995
0.291633
0.24600100000000005
0.293053
0.23667600000000005
0.279241
0.243044
0.28360299999999994
0.250431
0.288403
0.244698
0.293715
0.263523
0.334254
0.304877
0.346435
0.280748
0.331857
0.274952
0.328083
0.316035
0.328809
0.27289800000000003
0.329205
0.262698
0.306175
0.267905
0.30563700000000005
0.29341
0.331842
0.291655
0.32502600000000004
0.270839
0.28928400000000004
0.219235
0.26011100000000004
0.214435
0.257547
0.221334
0.254863
0.21279499999999998
0.254394
0.213359
0.27797
0.218009
0.25296599999999997
0.226711
0.257298
0.21119899999999997
0.261836
0.233573
0.28336300000000003
0.22562
0.262237
0.210262
0.26310900000000004
0.208275
0.253645
0.202066
0.25141800000000003
0.202758
0.261187
0.218651
0.27166999999999997
0.217412
0.251373
0.25545900000000005
0.24272600000000005
0.20951
0.24877
0.206936
0.25382
0.21352600000000002
0.23542700000000005
0.207555
0.263522
0.209608
0.247177
0.224219
0.29643400000000003
0.260787
0.324696
0.25115
0.30941599999999997
0.28869
0.367451
0.31856100000000004
0.324664
0.28636300000000003
0.325006
0.31061900000000003
0.3438720000000001
0.298484
0.376283
0.351977
0.351746
0.285545
0.313205
0.26783
0.30539900000000003
0.269423
0.327327
0.285667
0.331697
0.31386
0.30929300000000004
0.27531100000000003
0.313565
0.27365900000000004
0.31517300000000004
0.268334
0.315714
0.274683
0.30948299999999995
0.27229200000000003
0.322873
0.27668899999999996
0.304609
0.27170300000000003
0.29940900000000004
0.2651
0.306773
0.273634
0.312231
0.28498
0.357009
0.272704
0.302187
0.265318
0.304396
0.26760500000000004
0.30092
0.26088
0.30253800000000003
0.264495
0.314337
0.267759
0.308361
0.2691
0.29743200000000003
0.26456
0.29426399999999997
0.267104
0.291949
0.255211
0.29483400000000004
0.269972
0.31998600000000005
0.262763
0.29581799999999997
0.260918
0.293109
0.24440900000000002
0.279272
0.260062
0.323861
0.252336
0.28862600000000005
0.260875
0.299447
0.263006
0.295197
0.266859
0.30738899999999997
0.2816518
0.31894959999999994
0.2756853
0.2943438
0.24794320000000006
0.29205970000000003
0.2431354
0.28314090000000003
0.25180050000000004
0.2916138
0.2485322
0.2890439
0.2568553
0.2806188
0.25782330000000003
0.2750658
0.2480764
0.277484
0.2435426
0.280139
0.2389304
0.27776900000000004
0.1927912
0.2440048
0.24494749999999998
0.2724569000000001
0.23008560000000006
0.2714601
0.2387563
0.27406990000000003
0.24099339999999997
0.279105
0.2403132
0.2791088
0.2324664
0.2723529000000001
0.2330903
0.281328
0.23947449999999998
0.277217
0.2411534
0.28022
0.2417853
0.2773078
0.2420563
0.275108
0.2386944
0.2862739
0.24654139999999997
0.2771449
0.2415556
0.3081942
0.28594840000000005
0.2604688
0.2182136
0.25305880000000003
0.2214035
0.25697180000000003
0.2204693
0.2605208
0.2211493
0.25395290000000004
0.2223706
0.2557018
0.2232444
0.2516877
0.2219774
0.25941479999999995
0.2251265
0.2684267
0.2307853
0.2662108
0.257454
0.32165330000000003
0.2213072
0.2517498
0.2142934
0.24994149999999998
0.2193733
0.2536707
0.2192453
0.2845168
0.2274382
0.24168739999999997
0.21264729999999998
0.2420808
0.2121732
0.2437848
0.21212129999999998
0.2437036
0.21992029999999999
0.2482408
0.2223272
0.2524737
0.2402721
0.2633937
0.25524220000000003
0.2690976
0.21904210000000002
0.25306660000000003
0.22759899999999997
0.26909959999999994
0.2585311
0.27137340000000004
0.2252562
0.26508180000000003
0.2295234
0.2668941
0.2328195
0.3049238
0.2679891
0.2666508
0.2359493
0.2804038
0.24771439999999997
0.284526
0.2411654
0.28170280000000003
0.2748963
0.3083058000000001
0.25365610000000005
0.2953377
0.2416642
0.2640617
0.25568630000000003
0.2763857
0.2509754
0.2913998
0.2467682
0.2736177
0.24281220000000003
0.26367880000000005
0.2471822
0.28084950000000003
0.2639951
0.29058459999999997
0.2254672
0.2776866
0.2415462
0.28529750000000004
0.25090520000000005
0.2839206
0.2477611
0.27799559999999995
0.2473411
0.3155006
0.27026
0.2636047
0.23373520000000003
0.2636187
0.2355542
0.2668526
0.2328193
0.2697896
0.2392712
0.2780736
0.2350751
0.2681836
0.24393910000000002
0.2703006
0.2431982
0.2691135
0.2536472
0.27064560000000004
0.2419931
0.27612649999999994
0.2470951
0.268368
0.242171
0.27445489999999995
0.23956889999999997
0.2696243
0.2422781
0.2846183
0.25890300000000005
0.27147720000000003
0.25870210000000005
0.27357639999999994
0.22173890000000002
0.20859210000000006
0.2405463
0.26051799999999997
0.239411
0.26041
0.20969200000000002
0.252346
0.217789
0.247472
0.21599000000000002
0.262146
0.228069
0.270365
0.229602
0.26746800000000004
0.22026
0.260425
0.22402
0.275586
0.237831
0.30323700000000003
0.24976700000000002
0.3027
0.307136
0.343572
0.300061
0.300931
0.26771300000000003
0.297388
0.236418
0.29094600000000004
0.276512
0.293337
0.27077300000000004
0.303308
0.281758
0.309078
0.27204700000000004
0.30609400000000003
0.33321300000000004
0.344211
0.015960000000000002
0.015347
0.015946000000000002
0.043617
0.046489
0.054809
0.052105
0.047047000000000005
0.051671
0.04702100000000002
0.051689
0.044622
0.06775300000000001
0.049757
0.021011000000000002
0.02393
0.024175
0.079434
0.078962
0.07523099999999999
0.067935
0.060658000000000004
0.08113499999999997
0.086296
0.081179
0.083689
0.08496500000000001
0.06676900000000001
0.050294
0.031824
0.038246
0.039761000000000005
0.038448
0.040669
0.04019
0.038669999999999996
0.032489000000000004
0.036542000000000005
0.044487000000000006
0.048657000000000006
0.044979000000000005
0.045099
0.043184
0.04520779999999999
0.064251
0.060663
0.062663
0.061591000000000014
0.061354999999999986
0.065695
0.062495000000000016
0.062792
0.06396900000000001
0.111421
0.054112
0.04915099999999999
0.0435325
0.043101
0.036945000000000006
0.042332
0.041464
0.054121
0.06229700000000001
0.066776
0.056561
0.0622
0.113529
0.07084299999999999
0.064997
0.059003
0.057405999999999985
0.093632
0.099274
0.05957100000000001
0.055490000000000005
0.056783000000000014
0.057111
0.059023
0.057501
0.066324
0.053108
0.058166999999999996
0.051765
0.059101
0.052989
0.05998600000000001
0.058054000000000015
0.059105999999999985
0.055130999999999986
0.061017
0.074663
0.101914
0.08499200000000001
0.083229
0.07760800000000001
0.117941
0.14544400000000002
0.0065
0.155127
0.006744
0.007065000000000002
0.094761
0.091914
0.095603
0.09671
0.165406
0.012169
0.101404
0.007344
0.008468999999999999
0.006591
0.086175
0.077665
0.084704
0.07839499999999999
0.091133
0.087607
0.105329
0.082745
0.090366
0.081747
0.095356
0.084543
0.098639
0.094434
0.104713
0.102528
0.104078
0.089962
0.09955
0.096238
0.18855400000000005
0.011417
0.102924
0.092229
0.009369
0.125135
0.102188
0.087362
0.10256199999999999
0.09645
0.094708
0.08626500000000001
0.110394
0.10298
0.097153
0.10385
0.109161
0.112469
0.101703
0.105128
0.11001199999999997
0.11096
0.11763599999999999
0.119168
0.11494
0.092905
0.12133800000000003
0.081652
0.09560199999999999
0.107264
0.13937999999999998
0.112481
0.105812
0.101401
0.097124
0.092559
0.14693599999999998
0.12625799999999998
0.11121199999999999
0.13936099999999998
0.145295
0.137798
0.10389000000000001
0.100107
0.169465
0.008910999999999999
0.106205
0.009727
0.12854200000000002
0.08946100000000001
0.10663099999999999
0.11289
0.11860799999999999
0.17855100000000002
0.011803
0.115543
0.128905
0.132241
0.012466
0.011726
0.012482
0.147272
0.01845
0.17025900000000002
0.15183
0.169574
0.17175
0.158911
0.15465299999999998
0.016335
0.122202
0.149241
0.012146
0.16911600000000002
0.15842699999999998
0.144708
0.156298
0.141717
0.14715299999999998
0.142285
0.013459
0.16576300000000002
0.185912
0.147235
0.158865
0.14818800000000001
0.170672
0.130237
0.146454
0.13450399999999998
0.147298
0.148224
0.155608
0.132449
0.14765599999999998
0.137467
0.012657
0.014
0.019128
0.16656700000000002
0.16765200000000002
0.17952200000000001
0.199814
0.020082000000000003
0.197204
0.174851
0.014671
0.16292199999999998
0.191925
0.16881300000000002
0.28525100000000003
0.012527
0.012054
0.141752
0.15963
0.144525
0.17587399999999995
0.154978
0.15315399999999998
0.227278
0.1569
0.014488
0.15368500000000002
0.140728
0.188271
0.150384
0.136055
0.118795
0.14993199999999998
0.012825
0.186537
0.160947
0.012772
0.156833
0.19381700000000002
0.192872
0.253861
0.01175
0.012429
0.161276
0.010826
0.208686
0.216137
0.014412000000000001
0.17834799999999998
0.175967
0.016343
0.175866
0.020938
0.01738
0.01706
0.016876000000000002
0.203785
0.201216
0.014153
0.208142
0.211625
0.197286
0.200156
0.203546
0.243265
0.223746
0.21728000000000003
0.15571000000000002
0.178118
0.019608
0.17975
0.16035
0.180229
0.186498
0.193626
0.2481960000000001
0.20311300000000002
0.015335
0.019411
0.174103
0.17058900000000002
0.15229700000000002
0.17216499999999998
0.15763400000000002
0.144154
0.014992000000000004
0.15724200000000002
0.15565600000000002
0.015763
0.171959
0.207975
0.153174
0.17418499999999998
0.17605700000000002
0.170174
0.157762
0.16827099999999998
0.157301
0.163091
0.146049
0.171944
0.1622
0.17442400000000002
0.151811
0.16445
0.148198
0.16314
0.016182
0.175484
0.14569900000000002
0.16577
0.015091
0.015106
0.171474
0.017063
0.153083
0.149096
0.14356799999999995
0.012381999999999999
0.13149
0.145303
0.115512
0.142395
0.12808599999999998
0.161471
0.139556
0.013832
0.14946700000000002
0.012306000000000001
0.012587999999999998
0.175955
0.13216
0.16505
0.141702
0.145263
0.16344
0.176538
0.175805
0.17637599999999998
0.17708200000000002
0.15118499999999999
0.125384
0.17880600000000002
0.145076
0.15306199999999998
0.133745
0.157235
0.14046
0.010567
0.137478
0.15156999999999998
0.14056
0.16946
0.009353
0.159442
0.179267
0.180787
0.14393399999999998
0.15878
0.156361
0.156122
0.15297999999999998
0.146705
0.13579000000000002
0.009072
0.00967
0.008602
0.133716
0.008643999999999999
0.008327999999999999
0.009182
0.12392
0.140206
0.14035
0.139292
0.137363
0.14576399999999998
0.128189
0.15163200000000002
0.13028299999999998
0.163118
0.13988699999999998
0.13836199999999999
0.13284200000000002
0.14840399999999998
0.132442
0.011265
0.009746
0.13247799999999998
0.015581
0.109118
0.114819
0.145342
0.116951
0.100841
0.10594100000000001
0.145957
0.096111
0.102985
0.097633
0.118634
0.10144
0.117704
0.08774100000000001
0.107247
0.117097
0.14179
0.10163
0.124431
0.099659
0.11381
0.127182
0.12718800000000002
0.09994199999999999
0.114508
0.103194
0.12102
0.113455
0.131522
0.139084
0.155392
0.134224
0.158126
0.128966
0.00795
0.150044
0.149446
0.140303
0.011367
0.123402
0.145128
0.16664199999999998
0.012337
0.122238
0.143481
0.127557
0.18671500000000002
0.127057
0.009514000000000002
0.015721000000000002
0.018056000000000003
0.12824000000000002
0.166482
0.113626
0.009567
0.008879999999999999
0.129884
0.134125
0.01355
0.13311199999999998
0.13525399999999999
0.123448
0.121943
0.11085199999999999
0.104893
0.12636799999999998
0.188872
0.010696
0.118567
0.12241500000000001
0.120668
0.015884000000000002
0.14466800000000002
0.11573
0.14367
0.13577
0.136155
0.157401
0.18455
0.165644
0.184883
0.15264899999999998
0.013579999999999998
0.124878
0.157113
0.01371
0.240708
0.015862
0.177949
0.013313000000000002
0.164689
0.126109
0.133474
0.013611000000000002
0.012413
0.152412
0.15826579999999998
0.1300556
0.1827416
0.1868991
0.16945439999999998
0.14988800000000002
0.15958
0.145808
0.181427
0.188818
0.16797099999999998
0.15551700000000002
0.16181199999999998
0.151832
0.164672
0.170645
0.178118
0.139483
0.158749
0.012299
0.155693
0.140984
0.157824
0.011978
0.161302
0.16304200000000002
0.15749100000000002
0.286563
0.296779
0.260012
0.220081
0.292367
0.113349
0.13372699999999998
0.326079
0.286601
0.302732
0.284875
0.318718
0.12837500000000002
0.112742
0.319367
0.312961
0.31957800000000003
0.137714
0.302103
0.31273
0.316458
0.133236
0.296112
0.070371
0.363892
0.35175300000000004
0.312294
0.32521100000000003
0.30928
0.330789
0.146726
0.318483
0.31206599999999995
0.318137
0.305908
0.320872
0.045755000000000004
0.308302
0.30213900000000005
0.31437800000000005
0.138376
0.144973
0.31093899999999997
0.14030700000000002
0.300448
0.309893
0.150337
0.31753600000000004
0.295532
0.143289
0.289935
0.313589
0.2995
0.32505100000000003
0.303913
0.31974
0.30472
0.32054499999999997
0.30756
0.320701
0.142406
0.315072
0.148171
0.31634
0.307863
0.305012
0.294597
0.31771900000000003
0.29873799999999995
0.31891099999999994
0.294891
0.1421
0.15167
0.309767
0.289618
0.310276
0.29179299999999997
0.298949
0.29736300000000004
0.31149299999999996
0.30759899999999996
0.30854000000000004
0.29565400000000003
0.306222
0.199531
0.3088
0.278387
0.288092
0.299991
0.301163
0.284322
0.307904
0.286713
0.311467
0.27953700000000004
0.29466099999999995
0.27955300000000005
0.291719
0.281142
0.298279
0.285735
0.30037600000000003
0.29141300000000003
0.307343
0.285436
0.304639
0.307767
0.132819
0.134236
0.304514
0.322124
0.309233
0.15243900000000002
0.295003
0.273613
0.293925
0.283631
0.296554
0.285157
0.30071000000000003
0.297112
0.31455200000000005
0.29990500000000003
0.319709
0.30625
0.13770100000000002
0.308235
0.322522
0.313864
0.32028
0.30663
0.328297
0.18641
0.228864
0.251465
0.123511
0.321137
0.342574
0.31627399999999994
0.328479
0.321157
0.31037600000000004
0.144474
0.316407
0.31994100000000003
0.306537
0.14756899999999998
0.30583000000000005
0.301152
0.340881
0.32104699999999997
0.143772
0.147331
0.314943
0.310646
0.320043
0.300535
0.13888399999999998
0.133095
0.320915
0.336389
0.137874
0.33651000000000003
0.34431300000000004
0.341882
0.352848
0.307116
0.318384
0.319604
0.335449
0.332677
0.33408000000000004
0.326374
0.317938
0.30912399999999995
0.318338
0.14201999999999998
0.14156300000000002
0.30611
0.322459
0.231995
0.353476
0.138163
0.332583
0.1429
0.133271
0.132744
0.326216
0.338339
0.31546399999999997
0.31998800000000005
0.317601
0.305195
0.31090700000000004
0.30859000000000003
0.34189
0.328665
0.325652
0.30634700000000004
0.147817
0.299004
0.32705300000000004
0.328924
0.360356
0.14774099999999998
0.311717
0.150051
0.308547
0.14685399999999998
0.33369899999999997
0.31933100000000003
0.315705
0.144894
0.323737
0.308784
0.135182
0.144727
0.311909
0.321966
0.323183
0.14969000000000002
0.319305
0.303277
0.29152
0.29878000000000005
0.14414100000000002
0.294512
0.30814400000000003
0.059683000000000014
0.307469
0.292692
0.305318
0.292219
0.301971
0.294064
0.30754899999999996
0.294354
0.30195500000000003
0.296979
0.316626
0.288245
0.13350399999999998
0.304518
0.139938
0.30559200000000003
0.143157
0.14657499999999998
0.140705
0.33855100000000005
0.328812
0.30913500000000005
0.31891800000000003
0.139767
0.325401
0.320938
0.134961
0.148276
0.301978
0.317585
0.312192
0.30437800000000004
0.13489
0.2911900000000001
0.3033
0.138227
0.315209
0.336491
0.132322
0.30808500000000005
0.327918
0.31566500000000003
0.331715
0.141808
0.3557
0.334195
0.2152149
0.204802
0.205578
0.014191
0.207111
0.012863
0.196903
0.313632
0.325741
0.317282
0.331288
0.144447
0.32944
0.31733
0.326924
0.313346
0.13345
0.316515
0.331421
0.329492
0.36018700000000003
0.339012
0.301501
0.14060799999999998
0.30153800000000003
0.316734
0.30561400000000005
0.313444
0.30594199999999994
0.328507
0.13405699999999998
0.32843700000000003
0.314149
0.32968000000000003
0.313214
0.33001
0.32872
0.35238600000000003
0.32781
0.141755
0.32973800000000003
0.342385
0.31133999999999995
0.320998
0.311123
0.144081
0.143299
0.31996
0.23906
0.33216
0.142957
0.139062
0.329955
0.13839300000000002
0.145243
0.314497
0.310517
0.329999
0.3156
0.30820400000000003
0.30272
0.319859
0.28891100000000003
0.310542
0.293018
0.313417
0.302762
0.32159400000000005
0.325233
0.34073800000000004
0.139995
0.325175
0.14534999999999998
0.326415
0.29277800000000004
0.30246700000000004
0.307196
0.29711
0.29401900000000003
0.323301
0.305678
0.31584
0.146226
0.308161
0.30743000000000004
0.30864800000000003
0.327629
0.130174
0.31688700000000003
0.35229299999999997
0.302929
0.321199
0.14663199999999998
0.30962
0.291628
0.31264400000000003
0.24116100000000001
0.143071
0.315096
0.14763900000000002
0.28867
0.313663
0.283602
0.30590300000000004
0.321489
0.332874
0.13914100000000001
0.13801300000000002
0.139104
0.324258
0.126361
0.324307
0.33152600000000004
0.324358
0.329873
0.336458
0.325121
0.31285100000000005
0.14441800000000002
0.31309000000000003
0.322494
0.30870600000000004
0.303053
0.326321
0.293673
0.305539
0.312857
0.318687
0.305531
0.306871
0.328542
0.329283
0.144283
0.315652
0.14113299999999998
0.318089
0.307377
0.31308499999999995
0.274871
0.31538299999999997
0.323788
0.316098
0.13835199999999995
0.342948
0.191455
0.226842
0.232921
0.31360999999999994
0.144076
0.139621
0.309274
0.314925
0.30404600000000004
0.337961
0.130128
0.345098
0.32517399999999996
0.32562800000000003
0.31515
0.312692
0.140741
0.334735
0.309217
0.334959
0.358429
0.118841
0.354206
0.343769
0.332235
0.34059
0.33852600000000005
0.348804
0.336314
0.344713
0.34112000000000003
0.34381500000000004
0.325368
0.372194
0.34679
0.370505
0.335989
0.350909
0.337992
0.340492
0.33685200000000004
0.342825
0.33402600000000005
0.348405
0.355016
0.267354
0.34577800000000003
0.345899
0.225363
0.253502
0.22256833
0.23485452
0.20971733
0.22623052
0.22383456
0.23703556
0.22219152
0.23169756
0.21743656000000008
0.251168
0.361502
0.361369
0.333348
0.34028200000000003
0.362036
0.360929
0.367719
0.361175
0.33829200000000004
0.343645
0.33154
0.344673
0.34421
0.360821
0.34483
0.25689
0.24346252
0.24654352
0.23805552
0.25509642
0.25224956
0.24235252
0.22653052
0.319695
0.32416100000000003
0.358628
0.31769000000000003
0.346869
0.354924
0.365671
0.374636
0.392764
0.350396
0.356491
0.342129
0.348377
0.252379
0.296786
0.26441233000000003
0.26267033
0.27278724
0.2687703300000001
0.25754433000000004
0.23863433
0.23646142
0.24282142
0.25932133
0.25109052
0.25350642
0.26162252
0.29183824
0.29567933
0.28993919
0.3291000000000001
0.36531199999999997
0.361861
0.365027
0.3678130000000001
0.365889
0.366501
0.35313300000000003
0.367007
0.372596
0.355443
0.3645269999999999
0.346293
0.352606
0.37958
0.379891
0.38305
0.3964
0.385138
0.3801049999999999
0.353484
0.375193
0.349856
0.351796
0.363764
0.3617280000000001
0.344685
0.361818
0.356433
0.351028
0.239761
0.23918642
0.258178
0.274368
0.24651924
0.25088042
0.289254
0.312887
0.361444
0.353039
0.378167
0.394351
0.371927
0.381835
0.36702
0.37776
0.35343600000000003
0.38028
0.377408
0.37082
0.359383
0.365107
0.35823
0.35881199999999996
0.351941
0.365899
0.362835
0.37501999999999996
0.352221
0.358498
0.35407999999999995
0.363308
0.361375
0.368489
0.38521
0.39009
0.363925
0.38715
0.39669
0.372235
0.361489
0.377619
0.394297
0.412
0.39439
0.4021
0.41244
0.38316
0.312015
0.389207
0.390798
0.4024300000000001
0.393852
0.40315500000000004
0.3804570000000001
0.393556
0.3839210000000001
0.38697800000000004
0.384747
0.4108060000000001
0.39891
0.386145
0.3823450000000001
0.396781
0.393546
0.38251
0.39116
0.404265
0.3796580000000001
0.394732
0.379792
0.380285
0.3783780000000001
0.3994140000000001
0.40043
0.393804
0.374355
0.384501
0.374243
0.3934289999999999
0.38616500000000004
0.381332
0.375902
0.3887339999999999
0.37927
0.3641680000000001
0.377017
0.383686
0.374143
0.38652
0.385152
0.3932370000000001
0.391061
0.383507
0.372973
0.382641
0.270777
0.29576299999999994
0.279069
0.378498
0.366857
0.373879
0.368165
0.39705
0.384441
0.26435924
0.27343842
0.24965056
0.24162542
0.22824556
0.22697556
0.252592
0.23545442
0.25463142
0.294002
0.369696
0.366788
0.34464
0.33717600000000003
0.349328
0.369435
0.362156
0.34281
0.371462
0.34535000000000005
0.375492
0.357486
0.352717
0.3406
0.342079
0.329812
0.330191
0.3283200000000001
0.348847
0.368637
0.346842
0.349656
0.349787
0.331502
0.33007
0.337416
0.33425
0.338749
0.334301
0.254234
0.33434400000000003
0.323947
0.33943100000000004
0.32740800000000003
0.336035
0.338983
0.346155
0.333466
0.342706
0.331618
0.338021
0.374988
0.357638
0.32258600000000004
0.32597
0.316217
0.3239420000000001
0.326251
0.337405
0.143511
0.13547299999999998
0.317567
0.327835
0.14318699999999998
0.33093300000000003
0.324612
0.137321
0.127874
0.321851
0.31075
0.323939
0.31559499999999996
0.326642
0.31750700000000004
0.327322
0.31756799999999996
0.326511
0.33866799999999997
0.333803
0.328135
0.33831500000000003
0.326687
0.330791
0.327992
0.332836
0.32260300000000003
0.327973
0.232524
0.3319
0.329108
0.331633
0.324693
0.349465
0.331043
0.32902200000000004
0.323669
0.336643
0.360563
0.342764
0.330027
0.35843800000000003
0.350793
0.359974
0.331144
0.322781
0.31781800000000004
0.349439
0.352977
0.330741
0.324927
0.327248
0.32257600000000003
0.332306
0.335463
0.34039200000000003
0.317411
0.33695400000000003
0.353713
0.325349
0.324766
0.328859
0.336044
0.36500900000000003
0.354271
0.344038
0.32421300000000003
0.361058
0.327369
0.340538
0.331488
0.137631
0.33113200000000004
0.327328
0.332063
0.31965
0.21148000000000008
0.275282
0.320389
0.323393
0.31469899999999995
0.138173
0.307029
0.333006
0.12875899999999998
0.334495
0.32306500000000005
0.337237
0.14089400000000002
0.13548300000000002
0.134549
0.340608
0.33745800000000004
0.344733
0.362494
0.314801
0.31742
0.349252
0.35704400000000003
0.353517
0.351879
0.35293800000000003
0.348188
0.35559
0.359771
0.37585999999999997
0.380036
0.37038
0.349101
0.376407
0.346383
0.358041
0.357508
0.387984
0.365048
0.361679
0.369113
0.363997
0.3423350000000001
0.352727
0.351895
0.35056
0.34248
0.342324
0.231824
0.27975500000000003
0.245946
0.269235
0.33382100000000003
0.343986
0.33946
0.33351200000000003
0.33392599999999995
0.33804
0.354653
0.33769799999999994
0.333338
0.363049
0.3184
0.343878
0.304464
0.325552
0.338066
0.327095
0.324116
0.347875
0.34284800000000004
0.334784
0.319515
0.141765
0.271664
0.282242
0.34109199999999995
0.130634
0.349467
0.34178800000000004
0.33322700000000005
0.33814
0.328788
0.33252
0.139022
0.13482
0.337067
0.318583
0.35553
0.373441
0.358218
0.37297600000000003
0.35447300000000004
0.35491300000000003
0.35459
0.35121199999999997
0.244603
0.318967
0.393878
0.3718280000000001
0.356525
0.354671
0.369495
0.387918
0.35890700000000003
0.301541
0.344806
0.356644
0.352128
0.305212
0.33511799999999997
0.320199
0.34145800000000004
0.295871
0.33371100000000004
0.331272
0.245333
0.24648700000000004
0.22049975
0.25671900000000003
0.303416
0.23789
0.21324175
0.249002
0.289112
0.36021699999999995
0.33840400000000004
0.339181
0.324776
0.33775700000000003
0.31848200000000004
0.34577199999999997
0.3347
0.342406
0.33772
0.352681
0.363565
0.326687
0.35294400000000004
0.376936
0.36037199999999997
0.373369
0.34108700000000003
0.34783800000000004
0.241573
0.277405
0.21617642
0.257423
0.246524
0.24377100000000002
0.215106
0.22490100000000002
0.22091
0.2179614
0.216964
0.214469
0.21860300000000002
0.229444
0.24217
0.222404
0.193294
0.17545956
0.220532
0.20391052
0.20544942
0.251888
0.283025
0.32159099999999996
0.214715
0.020889
0.0195
0.19016956
0.01198361
0.296976
0.30829
0.318412
0.312722
0.13918599999999998
0.11095
0.315974
0.265886
0.274825
0.318357
0.306046
0.131504
0.320006
0.31355199999999994
0.27576
0.093546
0.315781
0.29352
0.3258490000000001
0.24131100000000005
0.322326
0.32298000000000004
0.31535
0.320711
0.327409
0.259893
0.310567
0.32129
0.31225400000000003
0.347806
0.313096
0.320014
0.33162200000000003
0.306311
0.307106
0.305656
0.299578
0.144226
0.31316700000000003
0.323658
0.139224
0.328522
0.139042
0.295746
0.147731
0.302056
0.14113099999999998
0.3444
0.319394
0.323008
0.137282
0.29633200000000004
0.33041200000000004
0.283794
0.30393200000000004
0.14513800000000002
0.30234300000000003
0.317206
0.117633
0.329567
0.331376
0.31958200000000003
0.347455
0.336289
0.35100200000000004
0.31740999999999997
0.320123
0.22843
0.251347
0.083393
0.31388299999999997
0.324255
0.226764
0.26671500000000004
0.135522
0.309081
0.32260900000000003
0.303274
0.330042
0.322781
0.336482
0.27870100000000003
0.317869
0.31307399999999996
0.314321
0.309609
0.329644
0.324754
0.279584
0.287856
0.310023
0.324561
0.335075
0.291517
0.28232
0.262311
0.33243599999999995
0.360418
0.34761
0.34479799999999994
0.295799
0.23372300000000001
0.3123
0.318052
0.342613
0.332118
0.358846
0.344337
0.34795
0.35154
0.317322
0.32341600000000004
0.345277
0.354036
0.337823
0.342832
0.37208600000000003
0.35200000000000004
0.361105
0.346099
0.35058
0.312135
0.30708
0.320296
0.323294
0.350102
0.354874
0.354835
0.372401
0.363141
0.363334
0.369404
0.338133
0.35091700000000003
0.36001500000000003
0.298466
0.370704
0.379344
0.337061
0.27621
0.358925
0.354147
0.356978
0.332703
0.3232
0.319518
0.331597
0.310454
0.328629
0.360931
0.33310300000000004
0.34898
0.35697
0.381472
0.38308200000000003
0.289329
0.277422
0.29726400000000003
0.333314
0.270986
0.28612800000000005
0.07465
0.049894
0.26333524
0.24146652
0.34337399999999996
0.35554
0.354636
0.33804
0.33266100000000004
0.34251
0.33672
0.340044
0.356941
0.35173200000000004
0.322373
0.327681
0.31968300000000005
0.30576
0.302485
0.145446
0.150078
0.344488
0.142709
0.313064
0.312631
0.148075
0.300609
0.30406
0.31272500000000003
0.317931
0.320103
0.31513500000000005
0.306485
0.314294
0.313671
0.343912
0.14915599999999998
0.32749
0.321269
0.333809
0.34131300000000003
0.116243
0.367711
0.371678
0.36871
0.375597
0.35978699999999997
0.395817
0.388212
0.377021
0.29618599999999995
0.324969
0.34931999999999996
0.35597
0.29980100000000004
0.243865
0.159032
0.34512200000000004
0.330342
0.142745
0.142781
0.337242
0.142748
0.140868
0.127296
0.365563
0.352616
0.359143
0.35746100000000003
0.35865
0.355576
0.341003
0.346855
0.3628130000000001
0.347781
0.362603
0.36196300000000003
0.3662800000000001
0.341796
0.33614
0.3401
0.369879
0.373419
0.336577
0.33511
0.372493
0.333269
0.334262
0.34342700000000004
0.337602
0.33464099999999997
0.33371799999999996
0.32679400000000003
0.339206
0.33842
0.338393
0.333241
0.33657800000000004
0.334774
0.33048299999999997
0.330491
0.322195
0.320811
0.335374
0.330329
0.353061
0.337298
0.342502
0.331208
0.345621
0.344787
0.368703
0.347418
0.340508
0.366865
0.347264
0.366845
0.382804
0.364706
0.370229
0.360522
0.3690330000000001
0.274415
0.35547399999999996
0.360843
0.364026
0.35937
0.373002
0.372724
0.379036
0.37609499999999996
0.3991750000000001
0.369522
0.3866999999999999
0.384908
0.393629
0.382244
0.38297800000000004
0.390672
0.41651099999999996
0.393041
0.41713199999999995
0.3931980000000001
0.396149
0.385929
0.381074
0.39374
0.401946
0.400305
0.40626799999999996
0.401823
0.31573900000000005
0.321292
0.325021
0.361655
0.366646
0.34656299999999995
0.312274
0.307412
0.240588
0.217631
0.22463699999999998
0.257698
0.306395
0.32477700000000004
0.337141
0.343694
0.31947600000000004
0.354518
0.369933
0.362953
0.35534
0.335931
0.337851
0.338496
0.319095
0.324838
0.341659
0.32524200000000003
0.331744
0.315496
0.362377
0.340483
0.39861199999999997
0.388908
0.365232
0.34689000000000003
0.351387
0.340022
0.363104
0.39875700000000003
0.403384
0.405503
0.38093899999999997
0.400733
0.367849
0.399668
0.392694
0.391146
0.364601
0.399719
0.383652
0.37893499999999997
0.360685
0.382799
0.378193
0.37445500000000004
0.375159
0.37854
0.390609
0.385262
0.387906
0.403123
0.394683
0.398821
0.371641
0.401883
0.40829899999999997
0.407138
0.403929
0.390706
0.382911
0.388684
0.392559
0.398384
0.389852
0.386539
0.360996
0.379154
0.368314
0.37966700000000003
0.368888
0.32793900000000004
0.395673
0.388579
0.371663
0.386747
0.369394
0.392717
0.416462
0.388902
0.369906
0.380852
0.367857
0.36507399999999995
0.373733
0.386292
0.361381
0.380494
0.368183
0.369821
0.385758
0.390822
0.3872040000000001
0.389059
0.357704
0.371988
0.389739
0.37712399999999996
0.39400599999999997
0.419106
0.38193499999999997
0.402465
0.416286
0.36843
0.38169000000000003
0.361926
0.328701
0.351252
0.348953
0.346617
0.32071500000000003
0.361235
0.362822
0.373186
0.32951600000000003
0.36530799999999997
0.3994070000000001
0.388749
0.390979
0.395318
0.376869
0.404512
0.384085
0.360806
0.35629900000000003
0.351288
0.404592
0.388825
0.344263
0.365651
0.361272
0.389718
0.4048680000000001
0.377199
0.35677800000000004
0.407989
0.38228
0.378151
0.35872
0.403019
0.375241
0.354885
0.37997
0.371111
0.36443000000000003
0.375667
0.354099
0.394855
0.405814
0.386109
0.4199250000000001
0.392319
0.40773000000000004
0.406654
0.40656
0.423543
0.4221470000000001
0.420001
0.414257
0.400226
0.388379
0.382115
0.39627199999999996
0.40559
0.402018
0.399836
0.32148000000000004
0.401236
0.349652
0.3734
0.391484
0.38283
0.36354
0.384964
0.34577800000000003
0.328703
0.364786
0.358897
0.341881
0.369794
0.355526
0.348723
0.333428
0.376762
0.37951
0.284777
0.370957
0.322979
0.329895
0.35270999999999997
0.34732399999999997
0.346461
0.368496
0.36841199999999996
0.335456
0.363281
0.35529099999999997
0.370088
0.351078
0.379397
0.35853500000000005
0.3928269999999999
0.378622
0.378751
0.361861
0.399827
0.365863
0.360275
0.403351
0.333929
0.396188
0.364331
0.377707
0.391355
0.355223
0.365579
0.380765
0.413927
0.409815
0.426646
0.42833699999999997
0.43198
0.420805
0.42145699999999997
0.392632
0.411593
0.382236
0.400831
0.375825
0.394842
0.36503
0.37049899999999997
0.347143
0.39509299999999997
0.389607
0.374968
0.364525
0.383825
0.36933499999999997
0.382943
0.379094
0.378179
0.341637
0.3654980000000001
0.351128
0.391531
0.339635
0.348587
0.334445
0.22351100000000002
0.31757300000000005
0.405571
0.40004
0.40778400000000004
0.410312
0.4313320000000001
0.4177590000000001
0.4205620000000001
0.411317
0.4361140000000001
0.413397
0.426199
0.425096
0.409263
0.411092
0.428183
0.41172200000000003
0.413325
0.401776
0.414091
0.423225
0.4253290000000001
0.412879
0.417519
0.407706
0.439869
0.427091
0.43535
0.401203
0.40253
0.413706
0.424018
0.411138
0.417953
0.37898899999999996
0.4209270000000001
0.405779
0.417706
0.411473
0.413536
0.405366
0.425307
0.39914
0.43056099999999997
0.410469
0.41051099999999996
0.41611400000000004
0.4369650000000001
0.424224
0.438802
0.432375
0.427891
0.417667
0.421806
0.439643
0.452195
0.435152
0.445381
0.438543
0.433176
0.422378
0.42793000000000003
0.427224
0.43405600000000005
0.4116550000000001
0.417346
0.42181199999999996
0.439487
0.429429
0.441379
0.4426890000000001
0.449412
0.432123
0.43741
0.407602
0.43792200000000003
0.4142610000000001
0.423622
0.42614
0.435023
0.428853
0.460153
0.43714
0.448456
0.423057
0.445336
0.398646
0.42581
0.409119
0.411161
0.40980900000000003
0.418702
0.4083353
0.3903281
0.3817816
0.4205151
0.4045268
0.41161800000000004
0.40391
0.416625
0.4129390000000001
0.401557
0.408389
0.404169
0.36783899999999997
0.41301099999999996
0.400934
0.411778
0.413179
0.428684
0.392533
0.399632
0.397109
0.403132
0.391053
0.41838
0.390002
0.386529
0.373922
0.402024
0.395949
0.369188
0.36004
0.394598
0.372844
0.37163
0.378341
0.378386
0.370214
0.40813
0.369247
0.389633
0.362364
0.387641
0.381875
0.389499
0.37063
0.382903
0.376624
0.390064
0.3913
0.39318200000000003
0.41011000000000003
0.375532
0.3689980000000001
0.348342
0.355712
0.359304
0.365431
0.357925
0.347233
0.36279
0.335085
0.34427399999999997
0.348695
0.35894699999999996
0.32196400000000003
0.359885
0.30662100000000003
0.314146
0.323056
0.333017
0.321027
0.323384
0.319325
0.321427
0.320873
0.31740100000000004
0.302302
0.330727
0.297611
0.322206
0.324427
0.339505
0.312342
0.324351
0.303667
0.335185
0.31745500000000004
0.329949
0.346522
0.356707
0.32724699999999995
0.34389699999999995
0.324293
0.322336
0.309422
0.341985
0.303937
0.347502
0.305134
0.388175
0.34411
0.390208
0.33974
0.379003
0.34891
0.382748
0.355891
0.387554
0.356629
0.350079
0.312071
0.37259
0.35539899999999996
0.334436
0.305174
0.336301
0.32181000000000004
0.335778
0.338298
0.337075
0.31962
0.358361
0.28203
0.336466
0.284686
0.32873
0.32066
0.32441600000000004
0.27489299999999994
0.31699000000000005
0.29234
0.33570300000000003
0.30501
0.335546
0.292529
0.332669
0.305365
0.315646
0.294562
0.32427
0.294824
0.314284
0.295555
0.31638000000000005
0.27568400000000004
0.292899
0.260914
0.26557600000000003
0.247945
0.277898
0.251525
0.29669
0.275918
0.292061
0.26820999999999995
0.30648200000000003
0.268374
0.302588
0.276303
0.328637
0.27805100000000005
0.33029600000000003
0.28558
0.315017
0.276368
0.31540300000000004
0.27614
0.31183900000000003
0.279968
0.30599
0.261834
0.29970800000000003
0.21790700000000002
0.26102800000000004
0.22752600000000006
0.262627
0.230104
0.261305
0.216387
0.267751
0.240073
0.271862
0.245433
0.26615700000000003
0.249926
0.282474
0.245009
0.273758
0.256632
0.296769
0.24480900000000005
0.30663
0.239835
0.279957
0.237936
0.272906
0.24101
0.275713
0.22143000000000002
0.258838
0.224253
0.270966
0.22122
0.258956
0.220079
0.22562100000000002
0.205602
0.26065900000000003
0.217912
0.263708
0.201912
0.237669
0.201141
0.22985500000000006
0.207798
0.241894
0.19275699999999998
0.22710500000000006
0.192065
0.24596300000000001
0.20235
0.245414
0.20477
0.230672
0.187855
0.197483
0.164207
0.231444
0.16717700000000002
0.210717
0.186037
0.241798
0.198929
0.190964
0.169298
0.23533
0.17747000000000002
0.20305
0.160658
0.195022
0.008609
0.007961
0.159088
0.200976
0.008465
0.247389
0.187583
0.22539
0.202441
0.248212
0.218194
0.238051
0.195281
0.242808
0.23349699999999998
0.287096
0.218781
0.227611
0.233819
0.22302
0.174125
0.207902
0.17641600000000002
0.222104
0.20584899999999998
0.190029
0.153435
0.195822
0.169317
0.19708299999999998
0.16545
0.012066
0.192688
0.21389
0.15532
0.193138
0.15302100000000002
0.181371
0.009487
0.008667000000000001
0.009095
0.008698000000000001
0.15859800000000002
0.199305
0.16327799999999998
0.23465
0.217839
0.187428
0.13571
0.010353
0.190753
0.225927
0.011818
0.223948
0.193408
0.21857600000000002
0.165196
0.177317
0.010727
0.011353
0.202458
0.203775
0.17211300000000002
0.186685
0.011132
0.20294
0.011238
0.254596
0.209216
0.24705700000000005
0.185157
0.196976
0.171766
0.218537
0.171752
0.196459
0.14777400000000002
0.180787
0.011642
0.182429
0.152515
0.18497
0.16575099999999998
0.013123
0.16228299999999998
0.221342
0.013527
0.197174
0.012825
0.197975
0.015998
0.238344
0.212936
0.246915
0.203586
0.195978
0.182418
0.013138
0.199082
0.240625
0.185839
0.205486
0.017384
0.209969
0.160952
0.015533000000000003
0.170173
0.222382
0.19446
0.21955300000000005
0.150618
0.189591
0.017819
0.202806
0.015847
0.18796
0.017306000000000002
0.188539
0.15495499999999998
0.210457
0.144525
0.015244
0.155174
0.223245
0.017929
0.179231
0.014343
0.177316
0.13964200000000002
0.180652
0.1449
0.203227
0.014884999999999999
0.21042
0.171176
0.191193
0.124933
0.191479
0.015411
0.247288
0.210513
0.240067
0.20495300000000002
0.207688
0.16715
0.201327
0.188979
0.198028
0.015396
0.231931
0.157368
0.014297999999999996
0.198837
0.014168000000000004
0.207444
0.24392
0.17266099999999998
0.20845
0.214549
0.23749099999999998
0.190646
0.24955500000000005
0.182688
0.215175
0.021558
0.018585
0.182647
0.025165
0.021715
0.018249
0.017639000000000002
0.20569
0.176874
0.23946
0.023265
0.195138
0.17884
0.019047
0.159185
0.19884000000000002
0.15983999999999998
0.217705
0.20467
0.219698
0.15412
0.192562
0.16301
0.020351
0.1766
0.019929
0.17143699999999998
0.215324
0.16867400000000002
0.194277
0.16626200000000002
0.014763000000000004
0.012398
0.226633
0.012551
0.192155
0.165917
0.018936
0.205316
0.221979
0.181357
0.210375
0.168692
0.192716
0.17436600000000002
0.22052800000000006
0.17246999999999998
0.217537
0.21307
0.224973
0.191988
0.221611
0.200444
0.225061
0.190526
0.22779
0.195925
0.23017800000000002
0.190729
0.229049
0.210427
0.226534
0.202737
0.23190100000000002
0.208446
0.27858999999999995
0.214087
0.25722100000000003
0.211499
0.237768
0.205416
0.245435
0.219606
0.254251
0.191092
0.23033499999999998
0.18957
0.25404699999999997
0.243333
0.265596
0.20380399999999999
0.282486
0.21309299999999998
0.224745
0.20215300000000005
0.23986500000000002
0.181524
0.213585
0.20211199999999999
0.26085400000000003
0.207341
0.217413
0.184559
0.248365
0.24818099999999998
0.2881
0.19424
0.21958699999999998
0.209559
0.218715
0.187028
0.22653
0.187605
0.222228
0.19222
0.224009
0.213366
0.24840700000000002
0.221184
0.226364
0.180081
0.230063
0.17933400000000002
0.251258
0.173873
0.218703
0.181885
0.222448
0.19112300000000002
0.221313
0.216106
0.232035
0.153646
0.190003
0.15517699999999998
0.010712
0.011112
0.203564
0.16805199999999998
0.205023
0.175368
0.240783
0.189286
0.22531500000000002
0.17163099999999998
0.207015
0.014266
0.011364
0.16970100000000002
0.199902
0.168735
0.21290100000000006
0.192853
0.20214100000000002
0.16431700000000002
0.013676
0.173823
0.207328
0.165957
0.00996
0.192429
0.227433
0.19939
0.22703099999999998
0.183602
0.194715
0.194613
0.245876
0.223476
0.241441
0.179655
0.21736100000000005
0.161468
0.210067
0.196122
0.199777
0.203099
0.23135100000000006
0.184291
0.208816
0.150566
0.012635
0.190812
0.217241
0.009804
0.210227
0.17678
0.216713
0.23268200000000006
0.246393
0.22658699999999998
0.21138099999999999
0.178179
0.213712
0.178874
0.206545
0.183586
0.216565
0.178869
0.20808000000000001
0.18845599999999998
0.203657
0.22602
0.252456
0.188845
0.239485
0.20433199999999999
0.217214
0.195487
0.213827
0.201291
0.231363
0.214052
0.255925
0.217874
0.217901
0.202724
0.233561
0.19711700000000001
0.21456999999999998
0.200606
0.223878
0.201651
0.218734
0.22405500000000006
0.245574
0.242927
0.25287000000000004
0.243624
0.289105
0.214192
0.23515500000000006
0.213768
0.230106
0.212182
0.230012
0.206395
0.22228299999999998
0.201193
0.223025
0.200867
0.222811
0.21642
0.227575
0.185021
0.238143
0.220984
0.24248899999999998
0.234741
0.225168
0.180693
0.209801
0.182485
0.016762
0.019527000000000003
0.188459
0.162
0.200862
0.17253
0.19228800000000001
0.011612
0.012901
0.18698
0.216131
0.20922800000000005
0.24184
0.208242
0.253815
0.249725
0.277543
0.244887
0.252072
0.231638
0.267813
0.287712
0.32359099999999996
0.29259
0.27301
0.23492800000000005
0.26597
0.261596
0.265081
0.249433
0.255414
0.231742
0.248459
0.236525
0.261637
0.240112
0.258994
0.235222
0.293533
0.2773
0.274338
0.254804
0.252745
0.25916500000000003
0.26698700000000003
0.23664
0.26621300000000003
0.230019
0.24126999999999998
0.233235
0.25034
0.218064
0.27668200000000004
0.25577500000000003
0.280162
0.29420799999999997
0.317839
0.29314
0.282332
0.266473
0.287439
0.26745599999999997
0.271203
0.26510300000000003
