0.00113401
0.00112315
0.001362
0.007965
0.004044
0.004196
0.003551
0.0033909999999999995
0.004189
0.0032619999999999997
0.0033799999999999998
0.0037229999999999997
0.003998
0.0038640000000000002
0.003597
0.0036810000000000002
0.003624
0.003826
0.0037770000000000004
0.0038909999999999995
0.0036200000000000004
0.003788
0.0036200000000000004
0.003735
0.003826
0.00412
0.0043490000000000004
0.0036659999999999996
0.003822
0.003914
0.004021
0.0038829999999999997
0.004065999999999999
0.0044859999999999995
0.004845
0.00399
0.0037159999999999997
0.003849
0.003796
0.003967
0.003784000000000001
0.003967
0.003902000000000001
0.004013
0.00415
0.003952000000000001
0.004204
0.004005
0.004288
0.004386999999999999
0.004517
0.004227000000000001
0.004059
0.004272
0.0045780000000000005
0.004707
0.004684000000000001
0.004790999999999999
0.004158
0.0044859999999999995
0.004173
0.004189
0.0043490000000000004
0.003952000000000001
0.004265
0.00412
0.004303
0.004005
0.004295
0.004845
0.004509
0.00457
0.00396
0.004082
0.003914
0.004105
0.004753
0.004646
0.004601
0.0045850000000000005
0.004593
0.003819
0.003811
0.003998
0.0037770000000000004
0.003578
0.003773
0.00396
0.003616
0.0035859999999999998
0.003544
0.00346
0.0035670000000000007
0.003689
0.004111999999999999
0.0038799999999999998
0.0043560000000000005
0.003922
0.003819
0.00367
0.003139
0.002907
0.002903
0.00285
0.002975
0.0030629999999999998
0.002903
0.003002
0.002937
0.00346
0.0035549999999999996
0.0031320000000000002
0.0033
0.003101
0.0031780000000000003
0.003201
0.0032310000000000004
0.003052
0.0032270000000000003
0.002956
0.003094
0.003101
0.003246
0.003124
0.0031780000000000003
0.0031320000000000002
0.003078
0.003166
0.002937
0.0030440000000000003
0.003254
0.002979
0.0032689999999999998
0.003204
0.003025
0.00325
0.0032310000000000004
0.003139
0.003307
0.002975
0.0034479999999999997
0.00301
0.0032649999999999997
0.0030559999999999997
0.003326
0.003281
0.0033490000000000004
0.003361
0.003254
0.003368
0.0034289999999999998
0.0034939999999999997
0.003208
0.003189
0.0032159999999999997
0.003544
0.003677
0.003334
0.003136
0.003078
0.003326
0.0032770000000000004
0.003258
0.0033380000000000003
0.0033799999999999998
0.0035210000000000007
0.003662
0.0038450000000000003
0.003952000000000001
0.004158
0.003975
0.004219
0.004089
0.004051
0.004745
0.004372
0.004463
0.0045850000000000005
0.004921
0.005478
0.004784
0.0053560000000000005
0.0054020000000000006
0.005661
0.005455
0.0051270000000000005
0.0060420000000000005
0.005951
0.005737
0.00573
0.006226
0.006241
0.006058
0.0056689999999999996
0.00621
0.0063170000000000006
0.005852
0.00563
0.006294
0.005943
0.006363000000000001
0.006302
0.006476999999999999
0.006615
0.006287
0.006698999999999999
0.006462000000000001
0.006927
0.006843999999999999
0.006615
0.006874
0.0067599999999999995
0.006804999999999999
0.0067209999999999995
0.006790000000000001
0.007026999999999999
0.006592
0.006698999999999999
0.007088
0.006659999999999999
0.00663
0.00695
0.006554000000000001
0.007065000000000002
0.006599
0.006889
0.006606999999999999
0.006659999999999999
0.006622
0.006973
0.00663
0.006476999999999999
0.007042000000000001
0.006927
0.006744
0.006966
0.007126
0.006706
0.007118000000000002
0.006813
0.006737000000000001
0.0062640000000000005
0.006989
0.006645
0.007072
0.006271
0.006668
0.0067209999999999995
0.006561
0.0068969999999999995
0.006476999999999999
0.005981
0.005936
0.0
0.004059
0.0
0.05876254
0.25344242
0.13999529
0.1597651
0.08970234
0.08549544
0.08292246
0.061030449999999986
0.12719396000000002
0.13667208
0.15267676000000002
0.12223806
0.17818161
0.14384170000000002
0.13561729999999994
0.1250678
0.1991711
0.12523019999999999
0.1696664
0.17563030000000002
0.18447300000000005
0.2276489
0.2440513
0.216848
0.2347746
0.2204638
0.2291538
0.3288416
0.3891489
0.3644286
0.224411
0.2218924
0.2288653
0.17131429999999995
0.1702533
0.172
0.19489
0.16965999999999998
0.41594
0.41797
0.22019499999999997
0.2037647
0.17465769999999994
0.174241
0.23041
0.29521000000000003
0.27337
0.2295196
0.17978000000000002
0.11432910000000002
0.10805419999999999
0.20830430000000005
0.1879204
0.2479928
0.2188928
0.2740323
0.2033389
0.2896337
0.2113756
0.20920370000000002
0.2621941
0.28229940000000003
0.3028465
0.18687840000000008
0.3037127
0.2761094
0.32236040000000005
0.2547775
0.2977546
0.2559894
0.3184775
0.3003946
0.32821130000000004
0.3390189
0.4532515
0.4545302
0.4197593
0.2451323
0.2806527
0.24402270000000004
0.2874446
0.2895808
0.2916246
0.2817794
0.2821732
0.2947289
0.319386
0.3680303
0.32385749999999996
0.33143369999999994
0.35256940000000003
0.3410942
0.3531699
0.39112559999999996
0.3724794
0.35196890000000003
0.3461485
0.30705029999999994
0.3153595
0.31246690000000005
0.3166219
0.31637329999999997
0.343654
0.2814697
0.269985
0.2637788
0.266925
0.26520879999999997
0.2735383
0.2690302
0.23377470000000006
0.2112462
0.21060940000000009
0.3611537
0.3638914
0.3794300000000001
0.36539
0.31275
0.23766
0.252629
0.246133
0.24581399999999998
0.248004
0.24529600000000001
0.22882240000000004
0.19308810000000004
0.19352480000000005
0.22517540000000005
0.19041330000000006
0.1923519
0.18904
0.193467
0.193435
0.1930036
0.1894729
0.19439800000000002
0.402582
0.3489199000000001
0.3241045
0.28877309999999995
0.3051157
0.3580534
0.33434240000000004
0.2276553000000001
0.2347538
0.221064
0.197444
0.379695
0.371193
0.3711031
0.3569426
0.3626897
0.3508877
0.2086111
0.2114074
0.2034803
0.19725920000000002
0.18102639999999998
0.1801436
0.1721589
0.20545589999999997
0.2163725
0.2591525
0.26397
0.353868
0.306465
0.28595200000000004
0.290212
0.264863
0.2530779
0.2571943
0.3142629
0.28885359999999993
0.29596120000000004
0.3100684
0.296288
0.29446700000000003
0.322675
0.3039933
0.3110115
0.3743527
0.358115
0.391849
0.356589
0.3605607000000001
0.33108570000000004
0.3217668
0.4495586999999999
0.3852339
0.39732199999999995
0.4024970000000001
0.40193
0.32649
0.27999
0.29049800000000003
0.292863
0.274599
0.26712600000000003
0.2317700000000001
0.28486340000000004
0.268032
0.2877924000000001
0.30463909999999994
0.3137072
0.2963825
0.30633
0.302581
0.282441
0.29262
0.38547
0.412246
0.39281
0.41553
0.39902
0.39042
0.38255
0.3890000000000001
0.38238
0.36874
0.3669700000000001
0.37928
0.33469000000000004
0.36741
0.349204
0.36653
0.32410900000000004
0.34551400000000004
0.34456000000000003
0.331516
0.329434
0.3175890000000001
0.32309000000000004
0.35207
0.34285999999999994
0.35593
0.34553
0.34833000000000003
0.34313
0.33987
0.31987
0.3618799999999999
0.37012
0.35666000000000003
0.32235800000000003
0.31834
0.367084
0.3369570000000001
0.33361
0.33828600000000003
0.357146
0.35180500000000003
0.342883
0.3471400000000001
0.365195
0.376349
0.28754
0.29593
0.42623999999999995
0.45645
0.3741800000000001
0.341208
0.3526670000000001
0.34234000000000003
0.296036
0.36764
0.35799000000000003
0.371141
0.359089
0.34144
0.32302699999999995
0.339713
0.334463
0.3123691
0.3711272
0.3409177
0.3247182
0.3459777
0.39461
0.31097
0.30875
0.39604
0.42222
0.4104999999999999
0.39403
0.36746999999999996
0.35372000000000003
0.37856
0.36749
0.36713
0.36846999999999996
0.36454
0.39365
0.376
0.39835
0.39405
0.40225
0.38726
0.39815
0.4152820000000001
0.38716999999999996
0.373386
0.373224
0.37889
0.37077
0.38208000000000003
0.3951
0.383382
0.38745
0.40561
0.39997
0.37455
0.36415
0.34773000000000004
0.4114900000000001
0.3840899999999999
0.35276
0.36316
0.3422299999999999
0.37942
0.37496
0.36536
0.37475
0.37818
0.36467
0.36421
0.351368
0.27058899999999997
0.28391500000000003
0.313912
0.3699
0.38853
0.38889
0.3507
0.33686000000000005
0.30001700000000003
0.31377000000000005
0.31582
0.348956676
0.37784
0.4099700000000001
0.398606
0.3941885
0.4170960999999999
0.41408659999999997
0.4261349999999999
0.41065
0.4133
0.4137699999999999
0.40376
0.4117115000000001
0.3998739
0.393259
0.394311
0.403342
0.3992500000000001
0.40301
0.375868
0.383038
0.3916
0.4019
0.39639
0.39257
0.38605
0.39871
0.4032800000000001
0.35759
0.35146
0.34200499999999995
0.37139
0.36179
0.33551000000000003
0.36653
0.41184
0.34307000000000004
0.37251999999999996
0.3892600000000001
0.3887499999999999
0.39074000000000003
0.35875999999999997
0.33782
0.32671
0.35231999999999997
0.37638
0.33646
0.31547000000000003
0.34314
0.31461
0.32795
0.32966999999999996
0.33845000000000003
0.38251999999999997
0.36758
0.31519
0.36087
0.34833000000000003
0.3328500000000001
0.31177
0.34163999999999994
0.35998
0.37678
0.37632
0.3392
0.3594
0.32337
0.33490000000000003
0.38989
0.40959
0.35709
0.33884000000000003
0.35674
0.3718
0.33768000000000004
0.33068000000000003
0.3101700000000001
0.29380500000000004
0.35358
0.3387540000000001
0.35483000000000003
0.3760100000000001
0.34418999999999994
0.30383000000000004
0.29305
0.3160899999999999
0.33822
0.36702
0.31966999999999995
0.32514000000000004
0.31004
0.33342999999999995
0.29921
0.3331
0.36545
0.2776
0.25002
0.12421
0.05701000000000001
0.09300019999999999
0.07685299999999999
0.0844893
0.06592
0.04578
0.05145
0.09045
0.11218
0.09973
0.11810999999999999
0.13122
0.11351999999999995
0.13391
0.07042999999999999
0.13007
0.11822
0.12091
0.14773
0.15853
0.0908855
0.25276170000000003
0.1490526
0.15125360000000002
0.2325498
0.2609017
0.28876690000000005
0.19114170000000005
0.1234453
0.1179467
0.1631031
0.2088455
0.08120899999999999
0.0924896
0.15557179999999998
0.1367434
0.0693239
0.05324810000000001
0.014765799999999999
0.07162270000000003
0.29680650000000003
0.2396469
0.1858595
0.1903591
0.2301558
0.2500607
0.29799040000000004
0.030576599999999995
0.0393846
0.028590300000000003
0.0011482
0.0013523
0.0011080999999999999
0.0010128
0.0013732999999999998
0.0011005
0.0011063000000000002
0.0010967
0.0009832
0.00088978
0.00083542
0.00081346
0.0007915099999999997
0.00079061
0.00085162
0.00074386
0.00091732
0.00093932
0.00031762
0.00025752
0.00027856
0.19932669
0.20423125
0.20519865
0.19843389
0.19792579
0.00038336
0.00059893
0.0005216099999999999
0.0006180199999999999
0.0006208100000000001
0.00058851
0.00063615
0.0002451
0.0178208
0.0482427
0.0001192
0.036063500000000005
0.06791910000000001
0.0754966
0.0619444
0.08027480000000001
0.20187517
0.07303352
0.07680401
0.06617736
0.07192031
0.06838549999999999
0.061732399999999986
0.08022116
0.08061711
0.06699706
0.07498662000000003
0.06717567
0.07885703000000001
0.13163594
0.10087442
0.08036677
0.06930477
0.07468077000000001
0.06515016
0.07097453000000001
0.21931555
0.23879649
0.21392429
0.13017223
0.14749778
0.07663321999999999
0.11978392
0.12492680000000002
0.28984709999999997
0.15196369999999998
0.13632459999999996
0.13338139999999998
0.1971852
0.20853000000000002
0.1782684
0.12870810000000002
0.11973039999999999
0.1623059
0.18566647
0.1746547
0.16517285999999998
0.15400792000000002
0.16563002000000002
0.17852695
0.14892441
0.16229002
0.11499871
0.05216030000000002
0.05613894999999999
0.09557945
0.18562321
0.1953657
0.14818945
0.17311854999999998
0.16685912
0.23946332
0.32854289000000003
0.34742569
0.3602001
0.35214395
0.16515803
0.15026186000000002
0.15177845
0.15049201
0.17834655000000002
0.1548865
0.1165757
0.09648351
0.08025746
0.07248479
0.11480818
0.16336033
0.11611278
0.13236498000000002
0.06120006
0.05451997
0.09093847
0.07490656000000001
0.05145542
0.06116237
0.15951618
0.09004142000000001
0.07843142
0.08433857
0.09398232
0.06435187
0.08847756999999999
0.08865516
0.0623623
0.06793019
0.08763081
0.06405885
0.04336905
0.06232160000000001
0.0633071
0.03927769
0.06219335
0.06245279
0.04303429
0.06250815
0.06703495
0.0660944
0.00055885
0.00053314
0.00643279
0.00645034
0.01572005
0.07310211
0.00650271
0.0006628000000000001
0.041811400000000006
0.039439
0.00306049
0.00316434
0.0034691
0.0006666
0.0067572000000000005
0.0130029
0.0133105
0.0152585
0.0187501
0.0071809
0.0060934000000000006
0.0102487
0.008467
0.0101657
0.0092574
0.0187032
0.0042503
0.0187514
0.012160799999999998
0.042158400000000006
0.09303260000000001
0.13096509999999995
0.0961698
0.0361476
0.2146154
0.11618839999999996
0.0842678
0.1456522
0.1392701
0.1309598
0.1323192
0.13201520000000005
0.11171400000000001
0.13011070000000002
0.1299856
0.14604290000000006
0.1469886
0.11189189999999999
0.1191281
0.1346768
0.14154589999999995
0.1262781
0.1459294
0.13975409999999994
0.1935236
0.1213814
0.16509129999999994
0.1273402
0.1659852
0.17713720000000002
0.16367449999999995
0.17739390000000002
0.16282200000000002
0.1548763
0.17092799999999994
0.16500710000000002
0.1815689
0.15675329999999998
0.18483670000000002
0.1679529
0.15809589999999998
0.1685981
0.16867360000000006
0.1821321
0.17517710000000006
0.1816125
0.1592422
0.1598084
0.15098070000000002
0.16932679999999994
0.1701728
0.18007389999999998
0.16652650000000002
0.16022920000000004
0.1703221
0.179101
0.172949
0.12732770000000002
0.1117262
0.174854
0.159495
0.1876856
0.1631266
0.173741
0.13216160999999998
0.11802016
0.08345521000000003
0.11893306
0.12863845999999998
0.09666016
0.10133481
0.14808296
0.10234176
0.07300786000000001
0.15240511
0.06087196
0.05256596
0.0490057
0.0459821
0.07824239999999999
0.06734426
0.09640826
0.10104751
0.10442656
0.088684
0.10571246
0.15261176000000004
0.15717576
0.19582416000000005
0.17209976000000002
0.15374696000000002
0.10375976
0.05107395000000002
0.07138
0.0913345
0.06774540000000001
0.0122712
0.015961600000000003
0.0100346
0.0114817
0.0096081
0.011974099999999998
0.0096413
0.0063901
0.0107177
0.0026598000000000004
0.0671125
0.0679971
0.0642317
0.06713269999999999
0.06685089999999999
0.13423759999999998
0.12976
0.1330364
0.08834229999999997
0.07397999999999999
0.07440509999999999
0.0792107
0.0424596
0.0225487
0.0134805
0.0183563
0.01631916
0.01812896
0.0109446
0.07217521
0.04759239999999999
0.02320805
0.01117284
0.01043055
0.04699766
0.01112165
0.00819504
0.00731825
0.01400975
0.027088900000000003
0.03729725999999999
0.0160293
0.05097101
0.031282809999999994
0.0485334
0.0504982
0.08857580000000001
0.1107431
0.0571547
0.03949304
0.04799056
0.03895541
0.16496846
0.18092416
0.09352785
0.0303736
0.03143635
0.03441126
0.04004516
0.05432726
0.036802999999999995
0.03552456
0.16943772
0.05396076
0.0111034
0.20400562
0.33971849
0.4015457300000001
0.16434422
0.09925781
0.10325201
0.12307886
0.17326372
0.09395061
0.08368301000000003
0.07300475999999999
0.07580571000000001
0.07922766999999999
0.08975221
0.07893686
0.08113200999999999
0.07356950999999999
0.11726822
0.07738151
0.09302396
0.0367603
0.054733000000000004
0.2214907
0.08939939999999999
0.0299246
0.0093791
0.0367211
0.034791100000000005
0.0257066
0.008279499999999999
0.2115565
0.059105800000000014
0.0193012
0.0216493
0.0113317
0.0111881
0.00682935
0.011726609999999998
0.07416481
0.0171893
0.01576795
0.01854502
0.10683621
0.19833409
0.11615262
0.01642213
0.01807002
0.00620246
0.06028149
0.00513255
0.01088045
0.01104471
0.05943782
0.18716309
0.15432228
0.05512443
0.05522276
0.07635171999999997
0.13207507000000002
0.07959300000000001
0.07911649999999999
0.0775271
0.0666843
0.0512634
0.0583298
0.08445269999999999
0.0794536
0.1990455
0.189366
0.2055422
0.2059674
0.2006595
0.1995196
0.1374433
0.1416364
0.1385236
0.1928902
0.16327550000000002
0.14248740000000001
0.1863868
0.2006946
0.1963025
0.22140820000000005
0.1884953000000001
0.1970926
0.17503929999999998
0.1878231
0.1865844
0.1868261
0.2639751
0.284233
0.28050590000000003
0.2738812
0.26954900000000004
0.3737866
0.271968
0.2742391
0.2762468
0.26389209999999996
0.26810809999999996
0.2059645
0.16696890000000006
0.1680504
0.1485348
0.1652274
0.1946828
0.2388908
0.210637
0.1680168
0.2118489
0.2133866
0.2127721
0.31510609999999994
0.2286876
0.2251234
0.2147107
0.2250012
0.18137920000000002
0.1489873
0.1539098
0.17004650000000002
0.094646
0.08868319999999999
0.1129755
0.08143629999999999
0.20018740000000002
0.08469969999999999
0.0519034
0.0758742
0.0774591
0.1077716
0.058540999999999996
0.1042135
0.101727
0.0955317
0.10725029999999999
0.15741339999999998
0.1544964
0.1295113
0.1411396
0.126365
0.0856005
0.1500481
0.14378529999999998
0.008967800000000001
0.0216324
0.033127300000000005
0.022856
0.0618428
0.06536370000000001
0.08518369999999999
0.017512700000000003
0.1023088
0.07486277
0.01092641
0.02119
0.03699672
0.12832869000000002
0.07233498
0.08102448
0.06998298
0.09087348
0.09750913
0.06381178
0.05911682
0.17492349
0.10882852
0.11135902
0.12193938
0.10110232
0.09339942
0.17864408
0.13343243000000002
0.14308379
0.11782923000000002
0.12097779
0.11744989
0.13010988999999998
0.14675133
0.16263138
0.08092638
0.06033828
0.11032747
0.10787897
0.11911748
0.06665009
0.39409435
0.3369543
0.2210609
0.2525332
0.10858817
0.06013227
0.11000301
0.10471593
0.18119524
0.05775098
0.14783318
0.09165613
0.08275442
0.07594597
0.12748842
0.08710314000000001
0.08577036999999997
0.11678783
0.10405971999999998
0.14245902
0.12177467
0.13454613
0.08954341999999997
0.10006557
0.15411903000000002
0.16592428
0.16077308
0.15226914
0.13338059
0.13984362
0.16039752000000002
0.09642957
0.07558532000000001
0.08206942
0.08378977000000001
0.07817632000000001
0.07593297000000003
0.07938337000000001
0.08458662
0.07954212000000001
0.0732109
0.06928730000000001
0.06822294999999999
0.06863382
0.22450527000000006
0.22265897
0.21835427
0.06900852
0.06743921
0.07342001000000001
0.07465661
0.09231666
0.08861986999999999
0.12756903
0.06840977000000001
0.06952291
0.07039457
0.17755373000000002
0.18195797
0.17333347
0.22756219
0.14000624
0.033800319999999995
0.02011485
0.01317801
0.01034106
0.01901595
0.02169115
0.010069250000000002
0.31615174999999995
0.3246013
0.32545576
0.31579125
0.39685521
0.17021489
0.00972819
0.00801198
0.00886828
0.013734379999999996
0.00407053
0.00981115
0.16332139
0.17819100000000002
0.10794184
0.08500653999999999
0.03166999
0.06305572
0.03901162
0.0445066
0.07854900000000001
0.03689213
0.08238228
0.056328519999999986
0.05132157
0.09126359
0.09652683
0.09491458
0.00780781
0.08518756
0.05603977
0.06006361
0.03967156
0.0354031
0.0547
0.1032241
0.09982436
0.12809326999999998
0.06908442
0.017287019999999997
0.015791259999999998
0.01522831
0.03312389
0.14506733
0.11189478
0.13565423999999998
0.16142415
0.10779929
0.07525362
0.07717847
0.15202742
0.09770438
0.07129912
0.01642656
0.01090526
0.08159176000000001
0.03235315
0.18546425
0.041328
0.169697
0.11022300000000004
0.10312100000000002
0.114722
0.0939075
0.100567
0.129583
0.105679
0.0927412
0.038258
0.0184389
0.029602999999999997
0.018275
0.08871799999999999
0.0735828
0.3972328
0.43344134
0.40071269
0.41439611
0.44066265
0.42367571
0.43353785
0.05367535
0.07753023
0.03812178
0.08593112
0.03329611
0.02763841
0.01856691
0.01864021
0.017122659999999998
0.03702256
0.04014752
0.027799570000000003
0.01976632
0.01892122
0.03631533
0.04114852
0.03415728
0.032364420000000005
0.03378127
0.02467682
0.02794802
0.049052620000000005
0.01432867
0.25826301
0.24151719
0.07191238
0.11606233
3.338e-05
0.11395072
0.10339737999999997
0.13751043
0.10024429
0.12635338
0.11855068
0.11263338
0.13315233
0.06090829
0.06217892
0.11143262
0.10913133
0.14435428
0.22934629
0.12266329
0.18157724000000008
0.14655924
0.15919124
0.21537819
0.15690809
0.19255229
0.14156124
0.11925989
0.16780419
0.16322429
0.11516233
0.12611429
0.07627843000000001
0.11200888
0.06950828
0.06335537999999999
0.06709333
0.07015433
0.07076033
0.07835228999999999
0.07387233000000001
0.07819833
0.07435078
0.07206432
0.06562733
0.06064747
0.05825546999999999
0.057973469999999985
0.06323841999999999
0.06588121999999999
0.06326766999999997
0.08292838
0.07673433
0.06616348
0.11784959
0.11168269
0.08537479
0.06873509
0.08227464000000001
0.1463701
0.17129309999999998
0.15220515
0.15454415
0.19242019
0.2029663
0.20077015
0.19972315
0.16526033
0.16739829
0.11440133
0.15437623
0.14041368
0.06493738
0.11563932999999996
0.15618639
0.15936624
0.15941814
0.16383934
0.17176819000000002
0.16649515
0.159905
0.159011
0.15608500000000006
0.15933699999999998
0.137625
0.1025
0.213919
0.21379210000000004
0.17038
0.180564
0.167028
0.121978
0.135708
0.11875699999999995
0.07247
0.122165
0.11559699999999998
0.07212199999999999
0.06332
0.123553
0.10874600000000001
0.16287200000000002
0.145627
0.10883793
0.17995413
0.18492722
0.16031156000000002
0.11743046
0.12412183
0.07284025999999999
0.14219219000000002
0.15032314999999996
0.14130819000000006
0.3863231
0.44318199999999996
0.2856243
0.13848600000000005
0.1199104
0.1259072
0.08123390000000001
0.1129377
0.08114959999999999
0.05630900000000001
0.0699422
0.0738905
0.07048639999999999
0.111051
0.126316
0.122905
0.11171399999999998
0.11374749999999999
0.12760239999999998
0.14681670000000002
0.11428889999999997
0.106597
0.143294
0.1102389
0.1198208
0.119624
0.1264246
0.1068643
0.11574680000000001
0.1028378
0.1037663
0.10437910000000003
0.1108671
0.06066080000000001
0.06661569999999999
0.1265528
0.0990484
0.1598058
0.1837037
0.146001
0.14050649999999998
0.1133443
0.0650093
0.07000310000000001
0.0824979
0.16365010000000002
0.075928
0.12163650000000002
0.07995769999999999
0.1021194
0.1066101
0.06775980000000001
0.0393001
0.0274934
0.0841651
0.0409132
0.07347060000000001
0.0847036
0.017725799999999996
0.0333991
0.0419935
0.0060068000000000005
0.0133233
0.020731
0.0858083
0.0711813
0.07270589999999999
0.0246329
0.0841755
0.0903723
0.07623339999999999
0.06300589999999999
0.062383200000000014
0.07095810000000001
0.07576150000000001
0.08657139999999999
0.0353774
0.14442779999999994
0.1933728
0.1888776
0.171748
0.06517300000000001
0.0498893
0.1008772
0.08361060000000001
0.0942177
0.046258999999999995
0.113617
0.13663409999999998
0.08528670000000001
0.0738528
0.0645044
0.0105745
0.0058032000000000005
0.017990700000000002
0.017311800000000002
0.0504241
0.0379731
0.018443
0.0066101
0.0034311
0.2561506
0.26659499999999997
0.23684120000000006
0.1193293
0.051597599999999993
0.0258327
0.0795678
0.047218800000000005
0.028788200000000007
0.0178801
0.0189358
0.0310643
0.08049899999999999
0.1098319
0.07475180000000001
0.0772953
0.09002489999999999
0.032840499999999995
0.0901227
0.0787018
0.0663181
0.0990159
0.1080077
0.08558400000000001
0.17967660000000002
0.2138632
0.1510192
0.14592900000000006
0.0191438
0.0456184
0.0944551
0.0584177
0.1055462
0.1070863
0.07780020000000001
0.20219779999999998
0.09959332199999996
0.07990139999999997
0.06633939999999999
0.06502580000000001
0.0759179
0.10456669999999996
0.019057
0.0278342
0.08396890000000001
0.07549969999999999
0.082028
0.0634352
0.07538569999999999
0.0732806
0.11219189999999997
0.15216149999999998
0.21368560000000003
0.1808368
0.12004449999999996
0.1158587
0.1088648
0.0676921
0.100589
0.0659259
0.039006599999999995
0.04656371000000002
0.08274290000000001
0.07315350000000001
0.0968067
0.10247680000000002
0.059111599999999986
0.022237400000000004
0.08222389999999999
0.08319560000000001
0.07822269999999999
0.064819
0.07523340000000002
0.09849939999999999
0.1113576
0.093099
0.0191112
0.0382107
0.0228222
0.1147967
0.08203440000000001
0.08304149999999999
0.07608970000000001
0.1008397
0.07578449999999999
0.083261
0.0911491
0.057201
0.0294351
0.1023521
0.1509104
0.1892133
0.14654879999999998
0.1363564
0.13369540000000002
0.14860099999999998
0.1360805
0.205469
0.188391
0.176367
0.2162267
0.224798
0.179524
0.19504029999999997
0.205089
0.1249545
0.1109441
0.122993
0.13156800000000002
0.137796
0.1710804
0.2061973
0.138869
0.168026
0.15988970000000002
0.20533579999999998
0.2470285
0.195906
0.200276
0.172698
0.15446
0.16978600000000002
0.197215
0.16231169999999998
0.18707379999999998
0.187566
0.176148
0.14803899999999998
0.12722899999999998
0.11110239999999999
0.12691589999999994
0.1580329
0.17038620000000002
0.170017
0.18977850000000002
0.1618259
0.1741155
0.1670377
0.1608467
0.15645839999999994
0.110672
0.126367
0.16086760000000005
0.135909
0.135184
0.13126300000000002
0.14382430000000002
0.1053181
0.111923
0.091574
0.096774
0.116512
0.13194109999999998
0.14045000000000002
0.113463
0.1020528
0.11623039999999998
0.1157183
0.1209413
0.1258031
0.13160290000000002
0.1293545
0.1227957
0.12295
0.1139965
0.1280788
0.12504949999999998
0.10949400000000001
0.1207841
0.1201181
0.10933
0.13697089999999998
0.112551
0.1258654
0.111371
0.139316
0.1288083
0.1418698
0.12880160000000002
0.13533810000000002
0.110331
0.11584260000000002
0.111365
0.1327023
0.1237415
0.16156700000000002
0.10922799999999999
0.1490697
0.290849
0.355246
0.3547427
0.2138819
0.0909116
0.1071016
0.138897
0.1425912
0.095024
0.0973467
0.096869
0.09863150000000001
0.1092172
0.1059652
0.1106574
0.0983198
0.10454
0.13678800000000002
0.1146101
0.133262
0.126967
0.134588
0.1667711
0.134748
0.12548399999999998
0.153962
0.0333351
0.035463699999999994
0.0253655
0.048836199999999996
0.0109782
0.017143000000000002
0.019264700000000003
0.0264319
0.043154000000000005
0.0345891
0.0364282
0.0246447
0.009803299999999996
0.029762
0.1931198
0.014787999999999999
0.011735700000000002
0.02699660000000001
0.0281858
0.0311137
0.0158726
0.0187318
0.037781
0.0387419
0.0246664
0.0323774
0.04416540000000002
0.0233933
0.017830600000000002
0.0435165
0.0092269
0.0324618
0.0152718
0.0365607
0.0132876
0.0100078
0.0246352
0.005169600000000001
0.006552700000000001
0.010033
0.0155351
0.0247927
0.2024064
0.0193243
0.0067551
0.0190786
0.023287400000000003
0.0210823
0.0244662
0.034471800000000004
0.0385611
0.0148643
0.041211800000000014
0.019686500000000003
0.0341035
0.027827
0.0230857
0.0194356
0.0142493
0.010786
0.0152439
0.022808900000000003
0.0166337
0.017401200000000002
0.1097491
0.1417268
0.1205185
0.0539236
0.0308209
0.0570984
0.047460100000000005
0.012613
0.009703000000000002
0.023946
0.0367852
0.0176178
0.0194893
0.0401653
0.0629082
0.0372681
0.0260951
0.030133700000000006
0.0243849
0.035511400000000005
0.027867799999999998
0.0531434
0.026849
0.049769399999999984
0.0029623
0.0033968
0.0035097
0.037349699999999986
0.07473919999999999
0.0746876
0.0166263
0.020430900000000002
0.003478
0.023283599999999998
0.14100120000000002
0.07723469999999999
0.0237352
0.0247197
0.0331987
0.122791
0.1000929
0.0946774
0.1012133
0.0611943
0.0116848
0.033127099999999986
0.0368955
0.0107887
0.0219328
0.025823400000000003
0.0190171
0.07744340000000001
0.0912239
0.10458130000000003
0.08366870000000001
0.0887336
0.021231599999999996
0.0315041
0.0383652
0.0164514
0.1279586
0.1782892
0.13861990000000002
0.1447336
0.024217400000000004
0.052948800000000004
0.0493525
0.060082400000000015
0.06394459999999999
0.0513122
0.05958690000000001
0.059672400000000014
0.04770919999999999
0.0344125
0.1014669
0.0474702
0.039731100000000005
0.0318868
0.0468182
0.058391999999999986
0.05962180000000001
0.0713233
0.07130460000000001
0.0585946
0.055044399999999986
0.0415795
0.07047080000000001
0.054109800000000007
0.039926
0.0486087
0.07255160000000001
0.0373241
0.050073400000000004
0.0648658
0.08043440000000003
0.1548604
0.14114079999999998
0.17282460000000002
0.16316989999999998
0.1686221
0.16930789999999998
0.1741363
0.18578570000000005
0.1653871
0.16603310000000002
0.1784569
0.12543669999999998
0.14788500000000002
0.134972
0.151785
0.1333599
0.14060279999999994
0.1570358
0.16939129999999994
0.14597539999999998
0.1345438
0.13241070000000002
0.1330498
0.1300549
0.1335118
0.1458241
0.13843850000000002
0.1496485
0.14382029999999998
0.1356687
0.1437673
0.15539199999999995
0.139655
0.14359229999999998
0.13919360000000006
0.1409282
0.1483168
0.1482913
0.142928
0.16689600000000002
0.14003290000000002
0.1307002
0.11900410000000003
0.1147767
0.1223523
0.15359
0.155791
0.13845000000000002
0.1440934
0.1379414
0.1489386
0.214167
0.15692489999999998
0.13583
0.144756
0.12165199999999995
0.15101599999999998
0.134937
0.115647
0.17238299999999998
0.1856529
0.207852
0.16092499999999998
0.176219
0.165766
0.2207923
0.2062548
0.2206825
0.228528
0.21991100000000002
0.226929
0.23333800000000002
0.23460100000000006
0.191924
0.1913144
0.1657749
0.18684
0.187332
0.1974782
0.186223
0.17611300000000002
0.12735200000000002
0.17837260000000002
0.180778
0.197171
0.193496
0.192914
0.17063599999999998
0.189227
0.17562899999999998
0.16399399999999995
0.1913621
0.12881710000000002
0.1848019
0.12954369999999998
0.219189
0.18112999999999999
0.151145
0.1570314
0.16434189999999999
0.173043
0.127924
0.142474
0.1703095
0.1685978
0.11845510000000002
0.11598
0.121763
0.13733900000000002
0.14383030000000002
0.120223
0.17052070000000005
0.1772029
0.19100129999999998
0.2164598
0.1617949
0.16692079999999998
0.16152300000000006
0.1695995
0.17286759999999998
0.17982279999999998
0.1784932
0.1939599
0.16805799999999999
0.2204826
0.23518560000000002
0.2288193
0.2499377
0.2153048
0.2212823
0.2170311
0.2047652
0.22406379999999998
0.22129610000000002
0.17103020000000002
0.1715011
0.1983284
0.22003960000000003
0.2144848
0.2394628
0.20621810000000002
0.20766040000000005
0.1979174
0.21794320000000003
0.2053805
0.2145996
0.20527440000000002
0.2036783
0.205523
0.2003359
0.2089137
0.13039479999999998
0.16396660000000002
0.1396258
0.14243670000000005
0.1239888
0.1523908
0.1399471
0.1356184
0.1233702
0.14878339999999998
0.14870029999999998
0.1310067
0.1230363
0.13609169999999998
0.14656470000000002
0.14162249999999998
0.14567539999999998
0.1608532
0.1924708
0.1496574
0.16980689999999998
0.1759571
0.16366139999999998
0.13577650000000002
0.1218582
0.14429360000000002
0.1556344
0.19156099999999998
0.1410102
0.17559
0.1497656
0.14198840000000001
0.1273966
0.14640409999999998
0.1477715
0.17790430000000002
0.1838144
0.1760004
0.1776225
0.1632693
0.1722684
0.1416944
0.1523315
0.14256760000000002
0.13837890000000005
0.15081490000000006
0.14297390000000001
0.12606330000000002
0.2080731
0.1223805
0.13999129999999999
0.140078
0.14924779999999999
0.1030075
0.1174475
0.0787636
0.0906601
0.1258336
0.13897479999999998
0.11474769999999998
0.11099149999999999
0.1144299
0.2199225
0.2135853
0.2009014
0.15652449999999998
0.1187126
0.1295357
0.16156670000000006
0.1194885
0.115948
0.126057
0.1401149
0.16336679999999998
0.1285944
0.0072463000000000015
0.2220257
0.051444000000000004
0.0611135
0.055063699999999986
0.0230985
0.0199998
0.025233900000000004
0.0886505
0.10526660000000004
0.127898
0.18576410000000002
0.058875
0.05903170000000001
0.041125999999999996
0.0573185
0.070297
0.0572471
0.0550049
0.0676679
0.08228640000000001
0.054765600000000005
0.0646404
0.14135970000000006
0.16656310000000002
0.2273014
0.2324876
0.23550820000000006
0.2010436
0.0254577
0.2038233
0.2306353
0.0356298
0.13998769999999994
0.14732379999999998
0.092972
0.0974118
0.10307060000000001
0.11559169999999999
0.1190308
0.10704839999999999
0.1074423
0.114367
0.1054095
0.0933867
0.08289379999999999
0.0863429
0.1162223
0.10202539999999999
0.08721709999999999
0.09106449999999999
0.0849763
0.0859965
0.08998830000000001
0.0837569
0.105978
0.10948089999999999
0.13493270000000002
0.1608406
0.12298410000000001
0.1333935
0.13890670000000002
0.18293689999999999
0.149169
0.11998219999999998
0.137016
0.11184100000000001
0.13390639999999998
0.16423100000000002
0.1541246
0.14930300000000002
0.1689908
0.163625
0.184045
0.16090900000000002
0.162325
0.139372
0.219374
0.196927
0.17496979999999998
0.137463
0.1862614
0.1725148
0.138787
0.08292999999999999
0.07116
0.107134
0.102817
0.095112
0.091229
0.093748
0.08933300000000001
0.1063735
0.0981707
0.10956960000000003
0.1117938
0.11681559999999999
0.130718
0.148096
0.16573
0.142208
0.1815036
0.177741
0.184347
0.19280100000000008
0.12134
0.1365934
0.12649699999999994
0.11730100000000004
0.13516699999999998
0.142434
0.1384
0.12964099999999998
0.0959497
0.162999
0.196743
0.13303489999999998
0.10014522
0.10075446000000003
0.16219282999999998
0.18860489
0.11065302
0.13163638000000005
0.07608647
0.07154482000000001
0.09954142000000002
0.11802742
0.15409737999999998
0.13922242999999998
0.14444629
0.15419585
0.20056975
0.14363624
0.15688742
0.16155942
0.06409333
0.06399357
0.11205272
0.12361628
0.12798523
0.16412028999999995
0.09783029
0.062007470000000016
0.05536561999999999
0.06913642
0.07638022000000001
0.05623278
0.16962219
0.14545298999999998
0.22201794
0.22705823
0.20189638
0.21885124
0.240826
0.228817
0.3481
0.4264310000000001
0.3519049
0.28762599999999994
0.168768
0.227755
0.230844
0.186091
0.21680294
0.18944185
0.21542123
0.22310219
0.24756015
0.29215310000000005
0.220829
0.246711
0.21372539999999998
0.16303583000000002
0.21845187
0.10922853
0.09812574
0.08910312
0.09232588
0.09465163
0.09758168
0.10288682999999996
0.15554157999999998
0.16194533
0.07254224000000001
0.07905042000000001
0.07808492
0.06366842
0.28573815
0.42387805
0.15547229
0.15379749
0.06699138
0.22120659
0.23110224
0.18085829
0.17823733000000005
0.18315224
0.13526629
0.13015863
0.13565858
0.16971609
0.11417639
0.10994367
0.10740113
0.10976698
0.07095559
0.07226458999999999
0.07483222999999999
0.09515873
0.09412158
0.11445223
0.11118548
0.15298299
0.18243193
0.16159722999999998
0.16206637999999998
0.19536332
0.15677832
0.13614142
0.17338772000000002
0.20579332000000009
0.13713308
0.15942023
0.12068068
0.16396518000000002
0.14810018
0.15891808000000002
0.16347798000000002
0.16099059
0.15185308
0.21555793
0.10978653
0.10098838
0.11406372
0.15027862
0.13406693
0.10353148
0.12372412
0.14068058
0.15019313
0.15004609
0.12878629
0.14569369
0.07240499
0.10185179
0.10209353
0.06174693000000001
0.10118993
0.13853804000000006
0.15013648999999998
0.05933239000000001
0.13200383999999998
0.17745104
0.12294413
0.14492249
0.14010032999999994
0.13109138999999995
0.09660773
0.10524363
0.14653753
0.11943253
0.10850318
0.07962369
0.11502672
0.11663478
0.10365028
0.09960828
0.10583384
0.11144954
0.11912409
0.15695004
0.15617873999999998
0.13317153
0.11990153
0.11486793
0.13418602999999998
0.15042853
0.14703122999999998
0.15562419
0.14298133999999998
0.12527299
0.14193482999999998
0.15325113
0.09275644
0.15545469
0.16922529
0.13796664
0.13990684
0.15141884
0.14112488999999998
0.12868728999999998
0.13664928999999998
0.08140408999999997
0.11142908999999998
0.15461924
0.14954148999999994
0.11637974000000002
0.16554164000000002
0.12489424
0.13805919
0.14986109
0.14796389
0.12090834
0.16948544
0.13051328999999998
0.13576493
0.11938673
0.059535890000000015
0.08069372999999999
0.16952743
0.13876893
0.12590653000000002
0.14245839
0.13606242999999998
0.12635712999999998
0.14166463
0.16908362999999998
0.12821358
0.11902793
0.14459318999999998
0.20265453
0.18671898999999995
0.24433323
0.18609709
0.18498904
0.24508509
0.17988479000000002
0.25316139
0.19585954
0.166265
0.07096949000000001
0.14506224
0.12587068999999998
0.12342344
0.08489255
0.06943314
0.07921469
0.08409754000000001
0.08397854000000002
0.07079554
0.06554479
0.09886559
0.07926103000000001
0.08645229
0.11645009
0.004158729999999999
0.060698939999999986
0.060801479999999984
0.11790139
0.05072749
0.046663180000000005
0.09831054
0.23725610000000005
0.21338755
0.28021745
0.17031734
0.11543019
0.07652963
0.15274728999999998
0.13795773
0.16898224
0.12904469
0.17667119
0.10543824
0.16889848999999998
0.10328829
0.15474528999999998
0.14462154
0.18424724
0.22929419
0.21131319
0.19240019
0.20044329
0.19281138
0.20872333000000004
0.21046433
0.20185429
0.23220833
0.21465048
0.20074433
0.19124333
0.19393718
0.21078724
0.18073333
0.20177209
0.27230499
0.22288488
0.22175668
0.16050298000000002
0.16238532
0.15934462
0.15846222
0.16281382
0.18955237000000005
0.16738102000000002
0.15431588
0.27204229
0.27290889
0.16992269
0.20509179
0.19317399
0.20980833
0.13759733
0.21795138
0.1917197
0.14880500000000002
0.197083
0.25134
0.224189
0.227472
0.2004874
0.216375
0.166792
0.222602
0.16974250000000002
0.11076400000000003
0.199391
0.2013825
0.206165
0.1759902
0.201783
0.1892601
0.1957274
0.194075
0.20695245
0.24473731
0.29375729
0.20887042
0.18101638
0.15487133
0.20461842
0.15348323
0.25897138000000003
0.18297503
0.21838333
0.16080333
0.16667642
0.18868933
0.19244933
0.194601
0.16186679999999998
0.22016182
0.18241522
0.20487115000000009
0.20289524
0.24303029
0.22457829
0.39171308
0.47499573
0.38598183
0.34197129
0.16020419
0.26923119
0.25695984
0.23153359
0.18964324
0.20380724
0.20551219
0.22282524
0.20375319
0.21327715
0.18357279999999998
0.2050626
0.15551094
0.23187136000000005
0.14595931
0.19118138
0.21598033000000005
0.22663263
0.22193948
0.20723232
0.18429152
0.20214892
0.20929552
0.20765038
0.19168523
0.21072963
0.20372321
0.23106035
0.23190521
0.18438593
0.19936568
0.20065268
0.21487238
0.32813819
0.18953315
0.11133342000000004
0.18873838
0.19130408
0.17038002
0.15690622
0.16801542
0.11858957
0.15056407
0.11715827
0.09405
0.08697
0.11522
0.09726
0.10854
0.12733
0.11652
0.12284
0.12240999999999999
0.26318
0.21411
0.220795
0.192204
0.2045
0.18158
0.18897
0.20959
0.19437
0.32
0.18979000000000001
0.22540000000000004
0.17608
0.18520999999999999
0.19258
0.20395
0.19080000000000005
0.20679000000000008
0.18432
0.17322
0.16995
0.17135999999999998
0.20661
0.20894000000000001
0.19254
0.17411
0.19476
0.18443
0.23583
0.21635
0.21274
0.18689
0.24018
0.21734
0.2072
0.198624
0.209144
0.24339
0.23969
0.21598
0.18066
0.19358
0.16952
0.192595
0.17204599999999998
0.18277
0.19180999999999998
0.19816000000000009
0.13144
0.10818
0.11483
0.12112
0.095393
0.12393
0.0996
0.092483
0.118677
0.152305
0.13363
0.068205
0.1268548
0.06451000000000001
0.11205999999999999
0.061508000000000014
0.054074300000000006
0.056572
0.080079
0.101612
0.12736
0.12603
0.10081
0.10666
0.13430999999999998
0.14490000000000006
0.20576
0.17980000000000002
0.17743
0.17586
0.18487
0.12412999999999999
0.15625
0.1239
0.10929
0.14589000000000002
0.14727
0.18072
0.108279
0.09985419999999999
0.1062249
0.12603
0.08925
0.15588
0.14786
0.148424
0.20081
0.21236
0.196705
0.212498
0.18976
0.18323
0.13778999999999994
0.204886
0.18484
0.16678199999999999
0.15768
0.18893000000000004
0.157531
0.164779
0.16659300000000002
0.14824
0.137382
0.175938
0.159352
0.16793000000000002
0.17246
0.1937200000000001
0.153981
0.4651
0.26948740000000004
0.0979834
0.017192699999999998
0.024417900000000003
0.0429031
0.0307431
0.10852150000000002
0.06338250000000001
0.015456200000000003
0.0274547
0.0106647
0.0009155
0.0073818
0.008555067999999999
0.0079195
0.0359875
0.0075790000000000015
0.0054001000000000006
0.006228899999999999
0.0097645
0.07114619999999999
0.0660654
0.0010948
0.11669010000000002
0.1354225
0.1195329
0.1322944
0.17852300000000002
0.12744319999999998
0.12530570000000002
0.1236924
0.13879989999999998
0.12504020000000002
0.12641019999999994
0.11681910000000001
0.11667910000000002
0.12313219999999997
0.1233715
0.1249452
0.08614169999999999
0.0792336
0.0851403
0.0757853
0.2255703
0.1680507
0.244995
0.1680005
0.16221729999999998
0.19220589999999999
0.1830345
0.15145999999999998
0.1316155
0.17875180000000002
0.1628778
0.20529139999999999
0.17254619999999998
0.1946744
0.16466380000000005
0.15278610000000006
0.1752135
0.17839200000000002
0.17003020000000002
0.1787258
0.16351870000000002
0.15356579999999995
0.15657490000000002
0.181627
0.15177670000000001
0.1364997
0.1381765
0.13989849999999998
0.13827450000000002
0.1363819
0.1358029
0.13937960000000002
0.13597420000000002
0.1375356
0.1366808
0.13819390000000004
0.1390362
0.1377351
0.1342161
0.19503879999999998
0.1949461
0.17679850000000005
0.2550407
0.2402600000000001
0.205244
0.1514917
0.14263370000000006
0.1464034
0.1366292
0.14396140000000002
0.14111400000000002
0.14367149999999998
0.14611770000000002
0.1596815
0.141928
0.1461536
0.14278580000000002
0.1427695
0.1445875
0.14129909999999998
0.14450020000000002
0.1424663
0.14147149999999994
0.1429595
0.14629589999999998
0.14287020000000006
0.14367729999999998
0.1460197
0.15592089999999995
0.15073820000000002
0.14072759999999998
0.1436047
0.14140360000000002
0.1416329
0.1389775
0.1347494
0.2166136
0.21424750000000006
0.25035
0.2237302
0.21156620000000004
0.205565
0.2098667
0.2007502
0.26109360000000004
0.291998
0.1881484
0.025910000000000002
0.03
0.0256
0.004761
0.0714
0.03284
0.09699923
0.11565815999999995
0.1172491
0.2772082
0.1502326
0.11089409999999998
0.16360038
0.1698267
0.16284169999999998
0.2024487
0.1543713
0.16724699999999998
0.2492924
0.216461
0.2185553
0.2080573
0.2141018
0.2494054
0.24899770000000004
0.24233779999999996
0.2669258
0.2318321200000001
0.27447816
0.27299872000000003
0.22875107
0.23038272
0.28369338000000005
0.23021967
0.3780539
0.3154411
0.3779848
0.3304134
0.4103643
0.3781973000000001
0.4268025
0.40126409999999996
0.4040877000000001
0.4188771000000001
0.3990236
0.396244
0.37764748
0.2975015
0.2326633
0.1893679
0.2457559
0.45711879
0.4580245900000001
0.3694550199999999
0.36032992
0.36271352
0.36468787
0.33405167
0.32780596999999995
0.32105326999999995
0.31262696
0.31041836
0.3674002
0.4191710999999999
0.4255207
0.46766579999999996
0.4618239000000001
0.402401
0.4125934
0.4244670999999999
0.4313882000000001
0.4294644
0.4513702000000001
0.4533201
0.431066
0.4426577
0.37552240000000003
0.353714
0.3591663
0.3647284
0.3628723
0.35405559999999997
0.3596236
0.3802023
0.3887285
0.43335799999999997
0.4197465
0.4178437
0.4048729
0.4058871
0.4003533
0.4166474
0.4553395000000001
0.34892870000000004
0.36425632
0.36524
0.3438005
0.32347721999999995
0.27564721
0.2982772
0.3705443
0.3722467
0.4055325
0.3943101000000001
0.3643729
0.3456964
0.3518464000000001
0.3932818
0.3784475000000001
0.41859079999999993
0.3953
0.38505
0.4144100000000001
0.41644
0.39435
0.40102
0.4391600000000001
0.41753
0.43177
0.43302
0.42589
0.43235
0.41358
0.42594
0.40298
0.39915
0.40051
0.38949
0.39478
0.38773
0.40585
0.40755
0.42508999999999997
0.4344400000000001
0.41266
0.408554
0.401252
0.444591
0.417995
0.40647
0.40676999999999996
0.32077
0.39387
0.41173
0.43699
0.40385
0.39973
0.37055
0.39516
0.40595
0.38914
0.3877
0.37818
0.36406
0.39245
0.3728
0.39611
0.40534
0.36945
0.3818
0.37907
0.3751700000000001
0.3856
0.3993700000000001
0.3916230000000001
0.39615
0.40007
0.38772
0.39085
0.38717
0.38165
0.40674
0.4092100000000001
0.38571
0.39148
0.37593
0.39169
0.35441
0.3670000000000001
0.38961999999999997
0.2711716000000001
0.36096
0.38709
0.36985
0.42316
0.38763
0.40455
0.358329
0.3293727
0.2287165
0.2878502
0.32859887
0.314744
0.39513
0.37563
0.4199100000000001
0.39406
0.42198
0.26232956
0.30942242
0.26587242
0.30233052
0.32922242
0.38312052
0.3210000000000001
0.33784242
0.29064242
0.365
0.42028
0.39714
0.37995
0.38064000000000003
0.39007
0.39446
0.39347
0.37206
0.3412741
0.3430493
0.33364
0.3265593
0.34607979999999994
0.3305169000000001
0.352746
0.3479288
0.33536020000000005
0.32701020000000003
0.3464022
0.4066412
0.3518155
0.3791236
0.3865407
0.3826355
0.3676574
0.3620774000000001
0.35394790000000004
0.365135
0.361763
0.31560999999999995
0.41007
0.4152
0.42538000000000004
0.3870295
0.37273740000000005
0.3992802
0.3928888
0.3708874
0.3847245
0.3660817
0.3838645000000001
0.3731817
0.394015
0.44249209999999994
0.3969998
0.392274
0.3975078
0.40350590000000003
0.3873498
0.3776917
0.3925559
0.3969598
0.3928836
0.32993720000000004
0.35840479999999997
0.3433381
0.3472005
0.3397166
0.3473328
0.3577026
0.35867170000000004
0.36065359999999996
0.398835
0.3944021
0.389795
0.374634
0.40514120000000003
0.4180145000000001
0.4392210999999999
0.4349231
0.4339564
0.4458435000000001
0.4364573000000001
0.4269478
0.4208997
0.4164597
0.4266797000000001
0.3648307
0.4273116
0.4133135
0.4113754
0.4176554
0.4128116000000001
0.4220388000000001
0.4049545000000001
0.4048974
0.40696350000000003
0.4095635
0.3988521
0.403254
0.4274469
0.451944
0.3970991
0.4205588
0.4217502
0.4187645
0.4105319000000001
0.4291669
0.4450692
0.4452654
0.4365259
0.4471845
0.4480773
0.4358559
0.4446702
0.4473935000000001
0.4426173
0.4397502
0.4421083
0.4341431
0.4440892
0.436705
0.4405411
0.4292507
0.4403720999999999
0.4483102
0.4439911
0.4495883000000001
0.4226745
0.4092593
0.4212164000000001
0.4446883
0.4460664000000001
0.4445021
0.4493335
0.3843147
0.4339459000000001
0.44634830000000003
0.4505911
0.4059988
0.4112278
0.43016689999999996
0.4338816
0.4304197
0.4118198
0.3833264
0.3987064
0.39593979999999995
0.4215293000000001
0.4250607
0.4239412
0.4284826
0.4609945
0.4465731000000001
0.4393935000000001
0.4255854
0.4247264
0.4166583
0.40515690000000004
0.4255464
0.42185740000000005
0.42627740000000003
0.41218119999999997
0.404165
0.4440878
0.4288316
0.4324697
0.4187793000000001
0.413005
0.4115188
0.3953755
0.3963164
0.3921436
0.3890364
0.38474970000000003
0.3902668
0.3890668
0.4302778
0.4436378
0.4344064
0.4360307
0.4273407
0.4320988
0.3642253
0.3938417
0.3770409
0.3957907000000001
0.4302931
0.44634830000000003
0.4454226
0.4394659000000001
0.4301578
0.4042702
0.4043959
0.3850278
0.4027612
0.40709120000000004
0.44624020000000003
0.4243688
0.40881740000000005
0.4335531
0.42795259999999996
0.4311197
0.4284431000000001
0.4195645000000001
0.4340831000000001
0.4229083
0.4146474
0.4573383
0.42409259999999993
0.4229016
0.4437292000000001
0.4357231
0.438244
0.4386121
0.4277278000000001
0.433785
0.4210807
0.4275078
0.4211778000000001
0.40915450000000003
0.4375459
0.4304939999999999
0.4524859000000001
0.3835195
0.3575755
0.3669812
0.35750740000000003
0.3718907
0.4122112
0.4329478
0.3534973
0.4029607
0.436934
0.4453102
0.4415464
0.4189116000000001
0.427845
0.4257397000000001
0.4139816000000001
0.3795559
0.4010112
0.3957707
0.3780145
0.3792188
0.3685578
0.3856407
0.4268474
0.379874
0.3885198
0.3718026
0.29490599999999995
0.2874069
0.23193312
0.3040502
0.4301774
0.3668086
0.29320032
0.257656
0.2769769
0.3279331
0.3555345
0.34970640000000003
0.3580707000000001
0.3898112
0.3845902
0.4289121
0.4375245
0.45962299999999995
0.4388302000000001
0.4413064
0.4423283
0.35207
0.36175
0.3485169999999999
0.366309
0.271692
0.24998
0.222784
0.258305
0.32607400000000003
0.30206700000000003
0.333921
0.285668
0.22743
0.25818952
0.32496952
0.32234
0.33607
0.3415300000000001
0.36284
0.34245956
0.35173052
0.40572147
0.35033600000000004
0.40608
0.33847051999999994
0.37823
0.31332241999999993
0.3035414699999999
0.3696
0.42502
0.45817
0.4040200000000001
0.407347
0.361222
0.33030052000000004
0.39598242
0.39524000000000004
0.4506
0.45602
0.43957
0.44468
0.41894
0.41868
0.3753800000000001
0.38086
0.43314
0.41006000000000004
0.40483
0.41349
0.39506
0.37087
0.33956
0.40267
0.37971
0.41405
0.33459
0.42212
0.41125
0.355009
0.39428070000000004
0.3375403
0.3108211
0.35517150000000003
0.3661596
0.3259053
0.3260272
0.3864276
0.3342434
0.3578215
0.34588719999999995
0.374161
0.42556049999999995
0.46240470000000006
0.4645571
0.3987257
0.3516171
0.34209389999999995
0.3360419000000001
0.33619720000000003
0.3670943
0.368622
0.3866915
0.3859869
0.34935210000000005
0.3485612
0.3585183
0.4315059
0.4402254
0.4109264
0.36894309999999997
0.3914121
0.3917521000000001
0.3966221
0.395885
0.3919474
0.4170105
0.3888355
0.394169
0.398334
0.3903819000000001
0.3842373
0.3787318
0.37884450000000003
0.29897939999999995
0.3288745
0.331342
0.3619757
0.3638145
0.2508879
0.30052310000000004
0.3581217
0.3477298
0.3503007
0.3951069
0.3918888
0.3821469
0.3933669
0.4193854
0.352624
0.356574
0.3722674
0.3861235
0.4109412000000001
0.38365309999999997
0.3760878
0.38216690000000003
0.40591309999999997
0.4109983000000001
0.42630969999999996
0.4051492999999999
0.3797831
0.38700500000000004
0.3597002
0.3815526
0.4275369000000001
0.4197107
0.402544
0.3693826
0.4101164000000001
0.4200097
0.41067829999999994
0.4045621
0.4118835
0.4366516
0.4127845
0.4159354
0.3919988
0.3825517000000001
0.3907769
0.4018878
0.3708126000000001
0.4117383
0.42308900000000005
0.4150062
0.4011257
0.4139600000000001
0.45767
0.37141
0.36825
0.40092
0.4223400000000001
0.41412
0.4001899999999999
0.39298
0.43167
0.47175
0.42691
0.4379500000000001
0.39771
0.40124
0.40274
0.347536
0.4541600000000001
0.41623
0.43741
0.39587
0.4357
0.44587
0.43189
0.3956500000000001
0.36235
0.32879
0.33057
0.30291
0.39308
0.38395999999999997
0.36831
0.38546
0.40027
0.4311798000000001
0.3738508
0.3478888
0.33462980000000003
0.3786736000000001
0.4106874
0.35331450000000003
0.4033302
0.3651226
0.3539726
0.32776552
0.36234362
0.4198078
0.41587399999999997
0.4218016000000001
0.4244111
0.4102235
0.3895731
0.3692426
0.3757907
0.3610474
0.3708607
0.3790659
0.3782478
0.4400973
0.4052874
0.4116807
0.4038633
0.4170336000000001
0.4113394
0.4219268
0.4138545
0.4116934999999999
0.4238126
0.4328678000000001
0.4385111
0.4224978
0.42225070000000003
0.4313207000000001
0.4231715999999999
0.4119702
0.4266359
0.397915
0.4014759
0.3818917
0.391964
0.35941059999999997
0.3644855
0.3900093
0.4171726
0.4393202000000001
0.4167859
0.4277578
0.40358449999999996
0.41265779999999996
0.4272478
0.40786540000000004
0.4178759000000001
0.364374
0.419325
0.4292802
0.4342411
0.3569336
0.3219341
0.3699117
0.4162488
0.4071107
0.4055364
0.3851678
0.39131309999999997
0.3722578
0.3790698
0.3960512
0.3932921
0.452973
0.4653311
0.4173016
0.4127774
0.399825
0.3980078
0.3839588
0.3671164
0.3813069000000001
0.3780888
0.4147254
0.3990402
0.3819069000000001
0.3424393
0.3916531
0.3494355
0.3268331
0.3234322000000001
0.3310812
0.34002020000000005
0.3558645
0.38786983
0.42944364
0.44331023
0.42924693
0.42791122
0.4529454299999999
0.4491869200000001
0.44172974
0.39250644
0.35408313
0.32527558
0.36551604
0.39002415
0.36967409
0.3927432
0.36157179
0.36480174
0.36601694
0.36733174
0.3768584999999999
0.3883316
0.3712263
0.3625143
0.3801255
0.3969717
0.42359830000000004
0.4206693
0.4259553999999999
0.4017307000000001
0.4059207
0.4374654000000001
0.40429590000000004
0.3913964
0.4086888
0.40490590000000004
0.3422422
0.3709002
0.4212220999999999
0.4014688
0.3859136
0.3873674
0.3702535
0.38784450000000004
0.3738774
0.3864363
0.38798879999999997
0.4138274
0.3905137
0.3654295
0.3792762
0.3852405
0.3993262
0.3777385
0.3758424
0.4052652000000001
0.4102714
0.4134481
0.3959119
0.37118720000000005
0.3756447
0.3601476
0.3993042
0.3538995
0.4011228
0.3167271
0.3113743
0.2771058
0.2925882
0.30857
0.30002340000000005
0.25831049999999994
0.2497053
0.3628766000000001
0.34021090000000004
0.27892859999999997
0.32554340000000004
0.30442199999999997
0.301842
0.2721986
0.2798176
0.2885986
0.25266429999999995
0.2884291
0.2656505
0.3201405
0.2837757
0.279542
0.3041162
0.30395570000000005
0.2957666
0.27901909999999996
0.263672
0.2987191
0.26116100000000003
0.24923379999999998
0.2546148
0.2571877
0.2701667
0.2656248
0.3347604
0.31082469999999995
0.30478759999999994
0.3075319
0.30549659999999995
0.3195638
0.32088190000000005
0.2981685
0.2993195
0.3104695
0.3476353
0.28136189999999994
0.3052557
0.29302670000000003
0.3075047
0.2979696
0.3008524
0.3303848
0.31818379999999996
0.3001515
0.29025139999999994
0.3018176
0.3081886
0.3161947
0.3355729
0.3422834
0.32746190000000003
0.3270167
0.32368379999999997
0.3367019
0.3231967
0.33468190000000003
0.3494038
0.34532909999999994
0.35674
0.3507362
0.35309
0.35039000000000003
0.341619
0.342831
0.3265314
0.3317662
0.3756572
0.3925876
0.3825776
0.3954071
0.3937857
0.423208
0.3678495
0.37697759999999997
0.3513219
0.4172647
0.4177489999999999
0.3610762
0.35357520000000003
0.3511757
0.33526
0.27534049999999993
0.2725305
0.294811
0.3337405
0.3737224
0.34811040000000004
0.3503928
0.3443266
0.34150290000000005
0.3608333
0.3672615
0.33452
0.3494438
0.3069024
0.3245548
0.3146676
0.3694757
0.3129567
0.2799824
0.3141667
0.35434570000000004
0.3724352000000001
0.3897814000000001
0.4146494000000001
0.3944500000000001
0.3816271000000001
0.3168134
0.3940085
0.3700848
0.30203909999999995
0.32255860000000003
0.2707167
0.2830419
0.28956620000000005
0.298011
0.3976814
0.3893499
0.4224481
0.4012023
0.3788347
0.34970290000000004
0.2927367
0.2978682
0.2987981
0.29041669999999997
0.3060433
0.31901139999999995
0.30407629999999997
0.33928
0.30597909999999995
0.3291176
0.2978263
0.2837082
0.30111140000000003
0.3062772
0.3123724
0.30768720000000005
0.3040001
0.3114301
0.3068734
0.3119105
0.3487234
0.357319
0.3286386
0.3756166
0.3429914
0.3458948
0.3339009
0.3380515
0.30316570000000004
0.308931
0.296921
0.3157434
0.3314895
0.32534759999999996
0.3438857
0.3051244
0.2933824
0.3255886
0.2965453
0.3172472
0.3251266
0.31913139999999995
0.3001305
0.2882281
0.31119240000000004
0.34419
0.3471538
0.3754014
0.3437
0.31250290000000003
0.3051276
0.3020724
0.31323140000000005
0.3038186
0.349446
0.36174
0.32576000000000005
0.3604100000000001
0.34577
0.34820999999999996
0.33127
0.31587000000000004
0.32606
0.33144
0.32378
0.33396
0.33634000000000003
0.3318800000000001
0.35093
0.37089
0.37591
0.34428000000000003
0.33823000000000003
0.3314900000000001
0.3161
0.30211
0.30613739999999995
0.31320000000000003
0.29444000000000004
0.27956000000000003
0.2843
0.26728
0.23334
0.26161
0.26424000000000003
0.25082
0.27179000000000003
0.27858
0.27173
0.26736
0.26500999999999997
0.28049
0.28817000000000004
0.31086
0.34166
0.35965
0.33434
0.31642000000000003
0.33191000000000004
0.31296999999999997
0.26256
0.268146
0.2738889
0.3028712
0.2663541
0.33103259999999995
0.3017435
0.2951815
0.28721089999999994
0.2902685
0.27411840000000004
0.2881627
0.27931269999999997
0.2964697
0.29724709999999993
0.30966429999999995
0.3344905
0.3404105
0.3436376
0.3391576000000001
0.3233256
0.2959771
0.3021243
0.2994909
0.28846809999999995
0.3140653
0.29829900000000004
0.3247576
0.3328747000000001
0.3219267
0.3171776
0.31913959999999997
0.3201215
0.3182143
0.295721
0.2872672
0.286501
0.28977240000000004
0.265691
0.28232099999999993
0.3474047
0.3195734000000001
0.2952553
0.33544240000000003
0.3100015
0.3102652
0.292649
0.3001328
0.3012643
0.2865091
0.28437290000000004
0.27898379999999995
0.27902859999999996
0.39003140000000003
0.4299285000000001
0.4365209
0.2569195
0.25125239999999993
0.2308352
0.229622
0.2266643
0.21707240000000005
0.235111
0.28656
0.3325257
0.2947519
0.31661100000000003
0.36610370000000003
0.35596809999999995
0.2751485
0.35066660000000005
0.3291914
0.2580071
0.2483672
0.2854647
0.2838067
0.24912240000000002
0.2586495
0.2400114
0.23646
0.22240720000000005
0.23876999999999998
0.2822757
0.3168533
0.3227824
0.33790849999999995
0.3359186
0.3496137
0.35451989999999994
0.3677062000000001
0.3613538000000001
0.3446066
0.33785659999999995
0.347139
0.3424185
0.3271486
0.3352815
0.31563
0.3408686
0.3724314
0.3159852
0.30377809999999994
0.29905479999999995
0.30643979999999993
0.28410919999999995
0.3023898
0.2960712
0.3247722
0.29776740000000007
0.2679616
0.2749822
0.2833469
0.28590979999999994
0.2995021
0.331035
0.35828160000000003
0.3084583
0.30373
0.3504
0.3284300000000001
0.30434
0.29456
0.31572
0.32454
0.31212
0.29625
0.27936
0.2978
0.2987
0.31203000000000003
0.31938
0.3234900000000001
0.34001000000000003
0.34636
0.39845
0.33716
0.40392
0.37814000000000003
0.39498
0.3917
0.44638999999999995
0.4263799999999999
0.42008
0.36631
0.35100000000000003
0.3376
0.35033000000000003
0.30004000000000003
0.34458
0.38287
0.37621
0.3848
0.36119
0.37614000000000003
0.37514000000000003
0.35695
0.3572
0.31432000000000004
0.29486999999999997
0.33798
0.34364
0.36578
0.3307875
0.3557517
0.3747681000000001
0.3681153
0.3476991
0.3465285
0.32870570000000005
0.32240949999999996
0.3280876
0.34506859999999995
0.276001
0.29113290000000003
0.2575595
0.2463429
0.247742
0.249542
0.2537091
0.26735240000000005
0.2623882
0.28472809999999993
0.2851263
0.2934314
0.31079759999999995
0.34957809999999995
0.3238147
0.3309881
0.3667047000000001
0.3393253
0.3642747
0.38234429999999997
0.3388862
0.3420443
0.3405371
0.33134709999999995
0.3120257
0.2973685
0.2643
0.2779291
0.3172663
0.2593058
0.2775891
0.2724482
0.24567099999999994
0.24750389999999994
0.23261380000000004
0.2589001
0.2845533
0.31446040000000003
0.3256681
0.3400691
0.33741380000000004
0.3138515
0.3244666
0.29350440000000005
0.3105915
0.3447305
0.2599319
0.27593909999999994
0.2782124
0.27084479999999994
0.2903867
0.2937714
0.27631719999999993
0.29692430000000003
0.3071609
0.29001140000000003
0.3025038
0.30130759999999995
0.2962276
0.28697480000000003
0.3105738
0.33437
0.31379
0.2961467
0.3188371
0.3126796
0.26755290000000004
0.24085479999999998
0.2252567000000001
0.2265386000000001
0.26042239999999994
0.2902876
0.2660505
0.3113548
0.30677340000000003
0.2804615
0.31201
0.27707950000000003
0.30919810000000003
0.2740357
0.25911949999999995
0.28110759999999996
0.24687329999999996
0.300861
0.3435085
0.3036729
0.2929447
0.30383720000000003
0.2839638
0.2522215
0.2659705
0.2575343
0.2625476
0.24704720000000002
0.2367762
0.23714629999999998
0.2245172
0.1985838000000001
0.196711
0.24040860000000003
0.26612579999999997
0.32794470000000003
0.335239
0.3475962
0.32592859999999996
0.32993569999999994
0.3029714000000001
0.3335495
0.3663433
0.34356570000000003
0.295241
0.3207415
0.3561747000000001
0.35426280000000004
0.27070570000000005
0.2656205
0.3313005
0.34229040000000005
0.2976319000000001
0.2739448
0.2533814
0.2610643
0.2773357
0.2478563
0.257747
0.2742832000000001
0.27509540000000005
0.2535786
0.25842859999999995
0.2544939
0.2678257
0.27274190000000004
0.3017097
0.3132537999999999
0.33438739999999995
0.3393702000000001
0.3050349
0.3105005
0.2809866
0.26694009999999996
0.2490644
0.2534197
0.2788443
0.2726019
0.2668085
0.2632015
0.266441
0.2958338
0.2953571
0.27622670000000005
0.2778428
0.2860957
0.28429709999999997
0.2857619
0.2733095
0.3132446
0.35393499999999994
0.26141970000000003
0.2807602
0.3141311
0.2942955
0.32047220000000004
0.2996469
0.3160673
0.29399169999999997
0.2977307
0.27914829999999996
0.31318070000000003
0.2940792
0.329386
0.3021793
0.3044402
0.285995
0.2717016
0.28087690000000004
0.2764298
0.28804029999999997
0.2667579
0.30784829999999996
0.288475
0.2975574
0.3602473
0.35958870000000004
0.30960360000000003
0.29744499999999996
0.30556259999999996
0.2787127
0.3064478
0.296964
0.299115
0.29165399999999997
0.3218045
0.2618236
0.2780466
0.2742136
0.2945755
0.3447706
0.32243540000000004
0.33233979999999996
0.3639674000000001
0.3404982
0.31043790000000004
0.3200612
0.3353469
0.318325
0.334644
0.3307007
0.31748740000000003
0.33515120000000004
0.332975
0.31545310000000004
0.3358212
0.31159020000000004
0.29585500000000003
0.2922227000000001
0.3480016
0.3041184
0.291865
0.29750590000000005
0.30274460000000003
0.2983978
0.29013880000000003
0.2898307
0.3194407
0.2611213
0.2755984
0.2778213
0.3015302
0.3457155
0.3437601
0.3332941
0.3919768999999999
0.34629979999999994
0.307704
0.31499789999999994
0.33981459999999997
0.3082969
0.31417259999999997
0.29696740000000005
0.30982170000000003
0.2907903
0.27937649999999997
0.27147940000000004
0.2769793
0.2785203
0.2755574
0.2760475
0.27968740000000003
0.29918459999999997
0.30399740000000003
0.3133198
0.3221536
0.34863979999999994
0.3444164
0.3406098
0.3387236
0.39607309999999996
0.38588259999999996
0.33444650000000004
0.3037817
0.2977074
0.2915989
0.3057112
0.3102322
0.2720936
0.2912903
0.31000789999999995
0.30795890000000004
0.2875627
0.3081806999999999
0.3202222
0.3370645
0.302508
0.3223641
0.29959600000000003
0.3063232
0.2956988
0.2956198
0.31640119999999994
0.3361873
0.3195845
0.3571888
0.3353893
0.3364368999999999
0.30110220000000004
0.3150465
0.30084219999999995
0.30218169999999994
0.2713388
0.2849513
0.31558270000000005
0.33179980000000003
0.32334309999999994
0.31400370000000005
0.3254093
0.3388035
0.3345045
0.32411840000000003
0.28236219999999995
0.31034409999999996
0.30983599999999994
0.3314618
0.2715993
0.2718969
0.28962019999999994
0.2716622
0.25936929999999997
0.26296020000000003
0.26856220000000003
0.2792955
0.26956269999999993
0.2883861
0.29757890000000004
0.2632423
0.2974974
0.2667974
0.27279990000000004
0.2569117
0.25604979999999994
0.2402465000000001
0.2429855
0.26689640000000003
0.264265
0.2433855
0.32485879999999995
0.312874
0.3073955
0.31567399999999995
0.32958740000000003
0.3155608
0.31508790000000003
0.3366165
0.300426
0.28485309999999997
0.30168449999999997
0.3116751
0.2994604
0.31595500000000004
0.28704939999999995
0.2741794
0.25222799999999995
0.2583236
0.2701642
0.262226
0.2533951
0.25454989999999994
0.2411598
0.261746
0.35856350000000003
0.3271545
0.28673309999999996
0.28763459999999996
0.28000359999999996
0.2756146
0.2717263999999999
0.26920120000000003
0.25676029999999994
0.27487449999999997
0.24032889999999998
0.26533169999999995
0.3242545
0.35235170000000005
0.33518109999999995
0.32504679999999997
0.30892649999999994
0.2936546
0.2410655
0.2293779
0.2302417
0.20413980000000004
0.22681790000000002
0.2074051
0.21081420000000006
0.2826336
0.3092736
0.3042035
0.29272309999999996
0.3328525
0.30753600000000003
0.32074309999999995
0.30542070000000004
0.31190359999999995
0.25653560000000003
0.26903979999999994
0.2318994
0.2232169
0.2341431
0.2394383
0.2715227
0.28976929999999995
0.2848817
0.2884083
0.270835
0.27735879999999996
0.2914593
0.3028446
0.2991554
0.2977035
0.28214310000000004
0.2900707
0.28665359999999995
0.30316779999999993
0.2595856
0.26500450000000003
0.2603284
0.31062449999999997
0.31009640000000005
0.2895821
0.3033817
0.2477603
0.21736889999999998
0.2837278
0.3087508
0.3186788
0.3060855
0.29174209999999995
0.27207879999999995
0.24709410000000004
0.27273790000000003
0.2669807
0.3189817
0.31819640000000005
0.2906559
0.2846578
0.30207259999999997
0.29573309999999997
0.3509268
0.28678359999999997
0.2788698
0.29435690000000003
0.27740970000000004
0.3060574
0.2994436
0.28572359999999997
0.30038790000000004
0.30285929999999994
0.2916964
0.3085255
0.2900722
0.32697209999999993
0.3223997
0.30067209999999994
0.29745639999999995
0.3061908
0.3337159000000001
0.3413693
0.319716
0.3270912
0.2783012
0.29914549999999995
0.29249400000000003
0.28109229999999996
0.23665019999999995
0.2320737
0.2594988999999999
0.2842737
0.3249883
0.34267980000000003
0.32753119999999997
0.3366112
0.31004740000000003
0.3303898
0.2781798
0.27364879999999997
0.30135359999999994
0.2847674000000001
0.2777413
0.3175602
0.37137
0.32885000000000003
0.32561
0.31356999999999996
0.29211
0.28872000000000003
0.29501
0.29683000000000004
0.30502
0.30501
0.2903
0.3239
0.28471
0.31098000000000003
0.29172
0.31295
0.2599
0.27962
0.28711
0.25699
0.30254000000000003
0.31118
0.31503000000000003
0.33158000000000004
0.34775
0.35347
0.36314
0.34491000000000005
0.33394
0.34728000000000003
0.33934000000000003
0.33100999999999997
0.33916
0.32736
0.35055
0.36756
0.33938
0.34605
0.31526
0.33946000000000004
0.33968000000000004
0.34071
0.33438
0.33596000000000004
0.31537
0.30606999999999995
0.31339
0.32698000000000005
0.32003000000000004
0.33686
0.34838
0.34917000000000004
0.3174
0.32767
0.3165
0.31114
0.3136741
0.27752360000000004
0.3122388
0.319415
0.3088541
0.30442499999999995
0.30106409999999995
0.3172722
0.3036969
0.3105569
0.30001880000000003
0.2964455
0.317195
0.296565
0.32547600000000004
0.3154969
0.3054369
0.34703930000000005
0.3718445
0.3618324
0.3222022
0.3346993
0.3528902
0.3558093
0.3538883
0.3467793
0.3503574
0.3768481
0.3586248
0.3718225
0.2887369
0.2598998
0.2605107
0.31808600000000004
0.3990074
0.3947136
0.3941345000000001
0.3842412
0.3736093
0.3886202
0.3886255
0.33891309999999997
0.2910169
0.305026
0.29743070000000005
0.32463600000000004
0.31993499999999997
0.3331441
0.3268322
0.317335
0.32665599999999995
0.314465
0.3183941
0.3401622
0.3149822
0.29422600000000004
0.327996
0.31651979999999996
0.2925998
0.2898098
0.28454549999999995
0.3031045
0.3509779000000001
0.29577070000000005
0.3022917
0.28049070000000004
0.3246869
0.3246107
0.3346636
0.30270790000000003
0.2549555
0.29790359999999994
0.2999926
0.323656
0.310266
0.32107979999999997
0.2613926
0.2831107
0.2799998
0.3261280999999999
0.28971790000000003
0.27334980000000003
0.26706979999999997
0.2493226
0.2696774
0.24990170000000006
0.35459640000000003
0.3530569000000001
0.3127979
0.29751170000000005
0.2723188
0.3034507
0.2998798
0.32445409999999997
0.32252309999999995
0.32049599999999995
0.31240070000000003
0.33146020000000004
0.3049269
0.34249120000000005
0.3343702
0.3156512
0.298005
0.31760599999999994
0.3387255
0.32107220000000003
0.30129120000000004
0.297806
0.2965412
0.29276119999999994
0.32491020000000004
0.3404415
0.4045783
0.3315183
0.30325019999999997
0.2908612
0.2582879
0.2554631
0.2723422
0.2790841
0.2941583
0.287095
0.278725
0.29446120000000003
0.34102259999999995
0.294035
0.29223309999999997
0.2969242
0.27201600000000004
0.2728041
0.2671131
0.27667309999999995
0.2647469
0.241146
