0.16195620000000002
0.1898641
0.1463642
0.2639062
0.1694793
0.1198081
0.16724859999999994
0.07740369999999999
0.12316170000000005
0.11397889999999998
0.1017969
0.1050029
0.0895505
0.18442580000000008
0.13921129999999998
0.1472248
0.15952020000000006
0.12145739999999998
0.1305578
0.1268724
0.0932656
0.15493279999999998
0.18727510000000008
0.18332470000000006
0.16100759999999995
0.133212
0.1439228
0.07519030000000003
0.1771012
0.13939510000000002
0.18671179999999998
0.0961042
0.18995820000000002
0.10820409999999996
0.15795279999999998
0.14687999999999998
0.17054830000000004
0.10712550000000001
0.14510969999999995
0.14338489999999998
0.15146909999999994
0.11151769999999996
0.14924189999999998
0.1275123
0.16279559999999998
0.12928230000000002
0.17433469999999998
0.2175037
0.15395520000000001
0.1412236
0.1881281
0.17949379999999998
0.16550220000000002
0.1206925
0.0680467
0.0858923
0.04604579999999999
0.06463200000000001
0.1338209
0.039843300000000005
0.11996420000000001
0.16971860000000002
0.08098029999999999
0.07137589999999999
0.09539760000000001
0.1235075
0.10499289999999999
0.14506719999999998
0.1334114
0.1183234
0.09630239999999998
0.08850369999999999
0.0986366
0.13595549999999998
0.14069279999999998
0.15918949999999998
0.15595320000000001
0.0831604
0.16787060000000004
0.10816739999999997
0.1992998
0.1195716
0.216776
0.1687249
0.12884769999999998
0.1597563
0.19041530000000004
0.08136189999999999
0.0828558
0.11255510000000002
0.1048082
0.04487229999999999
0.0904534
0.1179317
0.12218219999999999
0.1579992
0.2264304
0.09438889999999997
0.0915025
0.1022472
0.068892
0.058895400000000014
0.040723800000000004
0.1208433
0.0612733
0.08230820000000001
0.08993
0.190736
0.1162192
0.1048281
0.13514959999999998
0.09123939999999998
0.06501939999999999
0.09406560000000001
0.14503649999999998
0.1124842
0.0435538
0.06685440000000002
0.1218688
0.12985510000000006
0.14279160000000002
0.10862650000000001
0.11066429999999998
0.1141497
0.1215124
0.0912408
0.1147048
0.1269877
0.1234046
0.08601389999999999
0.0651056
0.1090454
0.16743850000000005
0.13602609999999998
0.1453773
0.1007485
0.13768239999999998
0.12819149999999996
0.0842075
0.1616214
0.1148988
0.10350029999999999
0.1151949
0.08723589999999999
0.20105620000000002
0.1920024
0.16396920000000004
0.2137144
0.2756305
0.28947740000000005
0.18274620000000005
0.3063635000000001
0.2866646
0.32224899999999995
0.2664944
0.249554
0.2219509
0.27169499999999996
0.2279386
0.2424329
0.25561480000000003
0.3035455
0.2976986
0.3069752
0.27507459999999995
0.3045378
0.2589293
0.3157295
0.3128803
0.31899629999999995
0.1044338
0.16049629999999998
0.07854989999999999
0.1246232
0.1090806
0.14453470000000002
0.15158909999999998
0.19542830000000005
0.24098670000000005
0.187097
0.1877644
0.13837779999999994
0.17877359999999998
0.1643807
0.18093399999999998
0.13676080000000002
0.16588269999999994
0.08965680000000001
0.124374
0.13273970000000002
0.1205572
0.16494470000000006
0.1523141
0.1633072
0.21178089999999997
0.18714560000000005
0.23779230000000004
0.11469870000000001
0.13933459999999998
0.1245619
0.1165162
0.13610979999999998
0.15450709999999998
0.13435289999999994
0.1326424
0.15214029999999998
0.1945425
0.1107039
0.13931500000000002
0.1911365
0.1895182
0.1859544
0.1192843
0.15550150000000001
0.13289060000000005
0.15534719999999996
0.2098901
0.4372918
0.45963930000000003
0.4594388
0.46620079999999997
0.4684024000000001
0.471829
0.129297
0.15160829999999995
0.16446800000000006
0.14719130000000002
0.1708343
0.15363339999999998
0.1865051
0.1974403
0.15641129999999998
0.1915672
0.1749213
0.16539589999999998
0.14264449999999998
0.1756155
0.15299469999999998
0.20434820000000006
0.19658270000000005
0.2047298
0.1842339
0.18663
0.18229450000000005
0.15175580000000002
0.1460935
0.14224409999999998
0.1272608
0.13474180000000002
0.15288239999999995
0.1566419
0.11738519999999998
0.25682590000000005
0.1447648
0.14813629999999994
0.19029939999999998
0.2124892
0.353062
0.360293
0.34773990000000005
0.37073290000000003
0.3733317
0.35125280000000003
0.33673200000000003
0.3485183
0.3235528
0.3501978
0.3382876
0.3260009
0.3416417
0.3416485
0.2979605
0.3059668
0.2987057
0.13210539999999998
0.140257
0.1063934
0.1202228
0.2444632
0.2707781
0.07688650000000001
0.11538910000000001
0.15125360000000002
0.08340579999999999
0.06427690000000001
0.15573920000000002
0.08048340000000001
0.13364820000000002
0.05035700000000001
0.07753000000000003
0.1243424
0.0939118
0.056391
0.23244780000000004
0.16542320000000002
0.237668
0.2252525000000001
0.16550970000000004
0.07674379999999999
0.14893620000000007
0.14513020000000001
0.07297429999999998
0.13385709999999998
0.043372
0.05421560000000001
0.3423217
0.2871538
0.33059540000000004
0.2547935
0.07557680000000001
0.12090609999999995
0.17384610000000006
0.1541595
0.2421135
0.2783733
0.3224361
0.25982150000000004
0.1707797
0.130247
0.0592395
0.09564509999999997
0.1161752
0.0939383
0.1187728
0.1737596
0.1511565
0.16966560000000006
0.1365247
0.0602779
0.0938259
0.1549009
0.07964080000000001
0.15470669999999995
0.1161289
0.09663499999999996
0.0922634
0.1180592
0.0916851
0.1037358
0.1215268
0.1238669
0.055458400000000005
0.0931061
0.098955
0.16149280000000002
0.1662031
0.2869508
0.4528742
0.27796529999999997
0.21237470000000006
0.2981806
0.26896859999999995
0.26251460000000004
0.2770296
0.3951476
0.4002945
0.3071552
0.4611022
0.4650263
0.45664899999999997
0.45235929999999996
0.471894
0.4530061
0.44013209999999997
0.4295563
0.4296844
0.4122446
0.4658734000000001
0.3236486
0.33763350000000003
0.2922815
0.2653206
0.33132140000000004
0.31348619999999994
0.4479285
0.3211138
0.18495280000000008
0.24097689999999997
0.21209650000000002
0.14321720000000002
0.1632843
0.07870980000000001
0.0909691
0.10945060000000001
0.1100221
0.1061223
0.1276532
0.0899272
0.13115090000000001
0.1234664
0.09987180000000001
0.12926859999999998
0.0969838
0.1046179
0.15763110000000002
0.1835038
0.17747249999999998
0.1324058
0.18357440000000005
0.2094314
0.3267123
0.14137850000000002
0.072864
0.1410269
0.0955289
0.1218761
0.1055779
0.14843689999999998
0.13266190000000005
0.10822910000000002
0.1023971
0.07648789999999997
0.160412
0.1585458
0.12976
0.1211452
0.115073
0.16301659999999998
0.1708386
0.1106731
0.14106660000000001
0.06684739999999999
0.08369120000000002
0.1053617
0.1006734
0.0601528
0.12094849999999999
0.0956066
0.1226382
0.1408571
0.11043720000000001
0.1241922
0.0877425
0.1056755
0.05882150000000001
0.07104260000000001
0.09214932
0.10614123
0.142317
0.1092233
0.13320959999999998
0.3937192000000001
0.3398563
0.3526003
0.1967379
0.096063
0.07344500000000001
0.12396199999999999
0.078422
0.157329
0.10791299999999998
0.15402000000000002
0.14717000000000002
0.123355
0.200015
0.09561900000000001
0.166547
0.161659
0.23721199999999998
0.264595
0.246414
0.24378200000000005
0.158754
0.16301300000000002
0.13377899999999998
0.167973
0.15651379999999998
0.175801
0.154684
0.177806
0.20197400000000001
0.20523200000000005
0.15063900000000002
0.233661
0.231292
0.214821
0.212095
0.191616
0.120244
0.17400300000000002
0.17008099999999998
0.096031
0.146726
0.141178
0.16430899999999998
0.196444
0.144044
0.164182
0.122327
0.126589
0.0959139
0.112484
0.112001
0.16913299999999998
0.146808
0.17491800000000002
0.115725
0.1105414
0.158116
0.16408599999999998
0.149048
0.150616
0.113656
0.1230984
0.148082
0.133354
0.10444
0.134811
0.193927
0.187828
0.140534
0.15002390000000002
0.1412756
0.1455537
0.15231329999999998
0.120301
0.13455799999999998
0.1347
0.15321900000000002
0.143285
0.1400415
0.13148
0.11595734
0.12301959
0.22299
0.204664
0.13676300000000002
0.156445
0.090701
0.0777951
0.0456007
0.06412419999999999
0.0534224
0.0762921
0.0997667
0.121984
0.11442169999999999
0.1148653
0.0840479
0.1069966
0.0697306
0.0727816
0.07079959999999999
0.0869669
0.0970239
0.1108373
0.06630029999999999
0.08464369999999999
0.0641156
0.06268560000000001
0.056487599999999985
0.05288119999999999
0.032728
0.029423
0.040411
0.089265
0.083062
0.070474
0.073602
0.0589
0.081898
0.07081099999999999
0.061355000000000014
0.066638
0.07127299999999999
0.130134
0.107696
0.13083599999999998
0.127919
0.04536234
0.091954
0.155173
0.31475
0.09883100000000004
0.11560899999999999
0.156814
0.149509
0.16428299999999998
0.158364
0.145509
0.15522499999999995
0.10913
0.04360699999999999
0.104774
0.13556464
0.04990494
0.07950399999999999
0.223905
0.126993
0.082095
0.14622220000000002
0.07230299999999999
0.135376
0.141779
0.075813
0.136325
0.137881
0.15583199999999994
0.06968200000000001
0.041604
0.040437768
0.042312999999999996
0.08817299999999999
0.07320399999999999
0.10784
0.11427500000000004
0.10157
0.10976099999999998
0.099804
0.061967000000000015
0.056114
0.053512
0.054855
0.064974
0.057249
0.040031
0.05792000000000001
0.05278500000000001
0.07988400000000002
0.120427
0.158889
0.143287
0.075927
0.063752
0.052027
0.051911
0.055637
0.10547000000000001
0.104724
0.107799
0.104412
0.103841
0.113458
0.130807
0.137183
0.140073
0.14924900000000002
0.05753800000000001
0.15116300000000002
0.151239
0.216779
0.197441
0.222229
0.186501
0.151566
0.078998
0.147761
0.13431600000000002
0.13098800000000002
0.07392699999999999
0.123453
0.088129
0.082011
0.052049
0.015702
0.032525
0.19586
0.27602600000000005
0.05710800000000001
0.07124599999999999
0.08569700000000001
0.061964
0.074527
0.12938
0.161824
0.059357000000000014
0.124786
0.20036900000000002
0.200994
0.200456
0.18863600000000005
0.219514
0.181706
0.19300699999999998
0.21064
0.179451
0.19901800000000008
0.21193499999999998
0.203019
0.182946
0.18186997
0.18492202
0.18503197
0.18509483
0.22562583
0.21733883
0.22961178
0.2540072
0.22984611
0.28217751
0.31828778
0.30435988
0.27277374
0.27216302
0.30590383
0.33674560000000003
0.23619878
0.22123797
0.22253097
0.22588688
0.25385165
0.26267855
0.26239559999999995
0.23890574
0.19892574
0.26666551
0.23765055
0.20532065
0.21205374
0.20259065
0.18554983000000005
0.19230992
0.25031708
0.24099678
0.28217755
0.25320769
0.25456368999999995
0.28113651
0.2568266
0.2471216900000001
0.27609950999999994
0.22566988000000004
0.11795215
0.23298574
0.16390669
0.15193583000000002
0.11382929
0.16914691999999998
0.15046706
0.22345411
0.14456606
0.14853206
0.03121702
0.03201134
0.05136343
0.06206525000000001
0.04335593
0.09725677000000002
0.07966559000000001
0.06318716
0.08823284999999999
0.11739992
0.09068915
0.04542634
0.10734925
0.12596192
0.14966311000000002
0.17638310999999995
0.19614088
0.13114992
0.16635010999999994
0.20490692
0.25514274000000003
0.27218983
0.20328874
0.22070151
0.27029655
0.26203974
0.27817855
0.26265678
0.28151365
0.27491265
0.26643965000000003
0.2707456
0.27087965
0.26492569
0.25200883
0.25128178
0.24952888
0.24872188
0.25758178
0.25561083
0.26627065
0.27671265
0.28762469
0.27196265
0.27439765
0.25544578
0.27621474
0.28437774
0.27419369
0.28699855
0.2758616
0.25379374
0.25637069
0.26571869
0.26895565
0.27073465
0.25034078000000004
0.25691969000000003
0.25683474
0.26074769000000003
0.26285874
0.22783383
0.04413943
0.05722829
0.04771662
0.051134660000000005
0.05386171
0.05879653
0.07985425
0.07961029000000001
0.11019102
0.12490806
0.14308611
0.13453178
0.14904897
0.12579292
0.05380729
0.04997043
0.15136683
0.18867851
0.05858892
0.15892192
0.10541211
0.07900615
0.06757225
0.07396415
0.07565315
0.06526439
0.06683025000000001
0.06617729
0.06573015000000001
0.06666397
0.06348634
0.0387282
0.06283306
0.07891011
0.16527974
0.09648963
0.11605346
0.08710755
0.09947751
0.07850902000000001
0.07908496999999999
0.07319511
0.07555996999999999
0.08324488000000001
0.08543796999999999
0.18135197000000008
0.20297606
0.18280906
0.04719029
0.05517625
0.04253243
0.10206925
0.0974772
0.09028334000000003
0.08736139
0.07962343
0.09655965
0.15936469000000006
0.04518211
0.09486688
0.11955888
0.12106791999999998
0.07405502
0.07692502000000001
0.09130096999999998
0.10933397
0.09741587999999997
0.06033934000000001
0.07894878000000001
0.11847983
0.13830469000000006
0.11731492
0.10175505999999998
0.12176682999999998
0.07931639
0.06926147999999999
0.07721653
0.08416753
0.37504415
0.41882625
0.38452729
0.07058671
0.03831766
0.08006897
0.07370215
0.07082411
0.06280015
0.14151888
0.12303788
0.16308588000000002
0.14430006
0.14780015
0.10066506
0.09080525
0.19050534
0.17985429000000006
0.18112239
0.18909734
0.17024971
0.17351165999999998
0.19643929
0.18969571
0.16327585
0.16062357000000002
0.16416276
0.16562576
0.16829871
0.17858034
0.19987911000000005
0.19077529
0.20210015
0.20788611
0.19499034
0.19178619
0.17742084000000002
0.17543959
0.18363954
0.16946946
0.16417675999999998
0.11842459
0.11292298000000002
0.052099120000000006
0.05586669
0.07535459000000001
0.08628203
0.08214671
0.07576609000000001
0.08320836000000001
0.09107287
0.1775297
0.04905041
0.04336671
0.04060276
0.06078276
0.02357485
0.02632793
0.05689229
0.08041988000000001
0.08303838999999999
0.08740921
0.10142028
0.17730646000000005
0.21470597
0.14829078
0.19752969
0.20458078
0.19614694
0.20715392
0.17943133
0.20168265
0.21246283
0.19771478
0.22352983
0.18027162
0.20114906
0.03469862
0.025437590000000003
0.01693585
0.05581962
0.07402070999999999
0.06100851
0.07466186
0.17238679
0.10816604
0.09834532
0.12685628
0.17105766
0.09157792
0.15303702
0.12020910999999998
0.14697653
0.05791075
0.07933571
0.05887325
0.059922759999999985
0.05850211
0.06657273
0.06615456
0.124477
0.12459140000000002
0.12231500000000001
0.0998538
0.09414517
0.06006722
0.05450858
0.07942992
0.10385910000000001
0.05748934
0.06379297
0.07255035
0.0918956
0.10419369999999999
0.08207255
0.1026219
0.0913127
0.07328358
0.07115910000000003
0.0662127
0.10744232
0.0979217
0.0341284
0.0243335
0.04019280000000001
0.06728560000000001
0.04497977
0.004695960000000001
0.01825583
0.09949053
0.00863841
0.30540860000000003
0.15020799999999998
0.02653984
0.053411829999999993
0.08816165000000001
0.06087678000000001
0.01649992
0.032808390000000014
0.03677725
0.014948530000000003
0.02705134
0.06149851
0.017675999999999997
0.01441643
0.01446527
0.02143848
0.032926620000000004
0.08847203
0.2741968
0.3822715
0.3428254000000001
0.3688836
0.12690189999999998
0.08176431999999999
0.05758267000000001
0.13931290000000002
0.0668199
0.05591741
0.045145550000000007
0.056365180000000015
0.04423135
0.04597555
0.04463746
0.02583415
0.04132065
0.06976223000000001
0.06271037
0.05640335000000001
0.05951041
0.05443078999999999
0.1463115
0.16513332
0.07173737
0.037050370000000006
0.12801218
0.11024984999999997
0.02034838
0.10873215
0.10204168
0.09419423
0.09811314
0.09065899
0.11720805
0.10987714
0.1663741
0.12793767
0.10881932
0.11592652
0.11681137
0.10042195
0.10173369
0.1101266
0.10505955
0.11219669
0.09490641
0.06443986
0.032291900000000005
0.08382609999999999
0.14783941
0.09890951
0.2680853200000001
0.19959823
0.26318531999999994
0.23821145
0.17320018
0.2427941700000001
0.24353301
0.07433509999999999
0.07249555
0.07312638
0.07362663
0.07328588000000001
0.14715589
0.12327754
0.12441806
0.08402718
0.12157922
0.11383703000000002
0.1324131
0.33696315
0.4211367999999999
0.44575856
0.41378656
0.34091756
0.4389814599999999
0.3953259100000001
0.45784476
0.36851447
0.43414456
0.46523666
0.33984552
0.39178085
0.47648691
0.37621505
0.38057221
0.42299596
0.42148901
0.42193486
0.42029292
0.37965686
0.37685976
0.37942482
0.42617492
0.42258016
0.42890832
0.42333042
0.42594052
0.42534787
0.4272225200000001
0.41741342
0.42096526
0.42061917
0.42247147
0.39581847
0.27793037
0.3723121
0.44579561
0.29573872
0.37179962
0.3426012
0.35821476
0.3592462
0.36575591
0.34945386
0.34166176
0.35383476
0.32386455
0.40040566
0.38631407
0.32962210000000003
0.30914595
0.35274981
0.43352356
0.061645900000000003
0.09628242
0.07109688
0.07025252
0.11442728
0.09530726
0.07157572000000001
0.07328036
0.11179771
0.17627320000000002
0.27003821999999994
0.20756232
0.47105451
0.47807598
0.31903551
0.23402132
0.16447534000000005
0.22181152
0.14587366000000002
0.1735742
0.11661281
0.15244666
0.0654478
0.04209902
0.08160018999999999
0.032933170000000005
0.050352650000000006
0.24019351
0.22748893
0.06239379
0.02826015
0.02148346
0.02705794
0.01016579
0.11586956
0.05861581
0.047489590000000005
0.23037658
0.24649987
0.25436820000000004
0.24714507
0.2494408
0.30228247
0.24447689
0.23999398
0.25405688
0.24174403
0.22757816
0.2358953
0.2240423
0.22857634
0.23247721
0.23422635
0.23398334
0.23171321
0.25720075
0.25294179
0.24862875
0.24665094
0.2490677
0.25775779
0.24606229
0.28755856
0.27087147
0.28637056
0.28678546
0.2857617
0.28470070000000003
0.28941184
0.28955165
0.28401684
0.28416675
0.25463212
0.24512029
0.27855070000000004
0.24695451
0.31131456
0.3670871
0.25297542
0.25049975
0.24328493
0.25648951
0.30534333
0.31058737
0.2977867
0.28944570000000003
0.28770075
0.28950965
0.28281184
0.09314251
0.1236981
0.10362828
0.05711755999999999
0.030214510000000007
0.09289442
0.01770555
0.06874303999999999
0.06072759
0.14768838
0.187248
0.17507394999999998
0.18160215
0.1864423
0.1906462
0.18263305
0.08473351
0.06845883999999999
0.03265688
0.0713136
0.0779768
0.14203650999999998
0.12622656
0.17758042000000002
0.14863926
0.06404491
0.03564687
0.10761781
0.1112866
0.18231005
0.1659481
0.15961615
0.14858919
0.15599267
0.14814927
0.16019145
0.0994064
0.05842607
0.17710184
0.06978037
0.07381333000000001
0.04996246000000002
0.22596242
0.16950380999999998
0.13652785
0.31008895
0.19743775
0.1978541
0.32213966
0.27270000000000005
0.29966356
0.287002
0.35922146
0.35073346000000005
0.28611256
0.13399285
0.21631942
0.26633701
0.0986791
0.1193192
0.24074081
0.1983331
0.24474852
0.21964901
0.16575495
0.26905461
0.2198077
0.23582325
0.25433295
0.21281295000000008
0.26519885
0.32894285
0.33195051
0.33001585
0.21664915
0.18111589
0.25348405
0.23331220000000003
0.27982071000000003
0.26436695
0.30405656000000003
0.289457
0.34134261
0.23235615
0.26116095
0.12715061
0.25289961
0.18947595
0.24400356
0.14938020000000002
0.27047871
0.22336638
0.24849281
0.21915425
0.25881961
0.27817456
0.19149129
0.25649281
0.13149675
0.059531649999999985
0.15563633
0.13636099999999998
0.15881715000000002
0.17716689
0.07082598
0.07085548
0.1671201
0.09621756
0.15705225
0.08104538000000001
0.19823641
0.11281225000000004
0.09453485
0.0703857
0.07139198
0.17823633
0.17117074999999998
0.18824428
0.17414611
0.15577074
0.14482707
0.23474605
0.1716187
0.2254851
0.15611399999999998
0.1441511
0.14365251
0.25455266
0.05275383
0.17323051
0.26751590000000003
0.15657355
0.17444441
0.16215027
0.11672154999999998
0.297818
0.33050618
0.26894151
0.166797
0.15466860000000002
0.11978833
0.16691317
0.0839785
0.09095419999999999
0.09268645
0.12646586999999998
0.09684922
0.09714268
0.10851087
0.08514777
0.1001144
0.17273971000000002
0.2047091
0.1023152
0.09525802
0.06869815
0.05080846
0.09465897
0.10278811
0.141373
0.1500406
0.07768064999999999
0.0675929
0.08785499999999999
0.11450199999999999
0.0649811
0.07693580000000001
0.08968079999999999
0.04764132
0.1400066
0.1471439
0.26575999999999994
0.15602670000000002
0.200938
0.2811594
0.212875
0.1819016
0.1581595
0.12043709999999998
0.16603990000000002
0.10783432
0.09253388
0.10202078
0.14968869
0.11189264999999997
0.07841619999999999
0.07982437
0.09881578
0.204008
0.10226851
0.13484722999999998
0.08301169
0.1692497
0.17451237
0.16146655
0.10055055
0.09726078
0.16568932
0.1162096
0.029026830000000007
0.1215281
0.27457618
0.21364537
0.223931
0.12968554999999998
0.21322451
0.14420445999999998
0.11518027
0.1846741
0.14523695000000006
0.242977
0.19267818
0.14600970000000002
0.17219554999999998
0.28694840000000005
0.1377481
0.12407832
0.24171910000000002
0.213416
0.2320801
0.10264197
0.10699120000000001
0.13040588000000006
0.13794474
0.14667583
0.13059354999999995
0.17698077999999998
0.14075269
0.14538497
0.13035525
0.14343678
0.07091951
0.06395110999999999
0.1345896
0.12803251000000002
0.15113765
0.12575571
0.12286145
0.08217041
0.17765456
0.02013271
0.024313860000000003
0.04721871
0.08766969
0.05824839
0.03869448
0.03883539
0.10135406
0.05496339
0.04928662
0.05756297000000001
0.05850465
0.07486337
0.06636768
0.06652334
0.07540237
0.06178097
0.05526684
0.04112434
0.04173797
0.06906592
0.0466862
0.04264443
0.04033129
0.03669399
0.07350483
0.07286851
0.17276529999999998
0.1102896
0.1745521
0.16048751
0.1870606
0.2324571
0.14445774
0.09564078
0.08618835
0.07330183
0.09674778
0.113729
0.09464374
0.12752937
0.10004265
0.05803255
0.05758792
0.1393311
0.13316118000000002
0.05977908
0.08334533999999999
0.06141277000000001
0.12035555
0.05325218000000001
0.13181431999999998
0.186204
0.272697
0.22995100000000002
0.09816955
0.09979165
0.09903974
0.1863531
0.1002776
0.14804741
0.18701865
0.22113823
0.11622974
0.11242258
0.15479941
0.2052891
0.20193637
0.16059927
0.14894237000000002
0.13863718
0.13548969
0.15071541
0.14193946
0.2645519
0.15307655
0.13462865000000002
0.12024355
0.17458122999999998
0.16104899999999994
0.14426518
0.30685070000000003
0.3733146
0.3481415
0.27720170000000005
0.17385189999999998
0.1617428
0.11941440999999994
0.10184145999999998
0.08637374
0.006505830000000002
0.009814290000000002
0.04661975
0.09997025
0.09937188
0.13984774
0.13545465
0.12601683000000002
0.14525937
0.13597665
0.12592869
0.16155088
0.16164569
0.09635597
0.10344597
0.15436092
0.09348978
0.14985474
0.21540527
0.17012365
0.15983469
0.15556274
0.1597276
0.14212460000000002
0.16636859999999998
0.16060674
0.16033165
0.14758574000000002
0.10643483
0.1539966
0.11251369
0.09267078
0.234066
0.17659409999999998
0.10253937
0.1535631
0.14429818000000005
0.22898718
0.1930891
0.14147031999999998
0.13267246
0.11092876
0.11868141
0.11435746
0.18535623
0.12764132
0.09011888
0.08529892
0.08526883
0.11727632
0.11925227
0.10274937
0.08997565000000002
0.08064778
0.05952092
0.08153183
0.09450274
0.08965455
0.08959750999999999
0.08438469
0.11158400000000004
0.08583223
0.127143
0.08056031999999999
0.07865932
0.04790164
0.06424275
0.09120819
0.08013696000000001
0.08103328000000001
0.059820509999999986
0.05480969
0.11266255
0.06840069
0.06564927
0.0634461
0.131269
0.1246817
0.10678800000000001
0.17293646
0.08117359999999997
0.06071469
0.09473737
0.08324165
0.10604723
0.08265169
0.09285841
0.09802365
0.08407469000000001
0.07120077999999999
0.0836346
0.09068755
0.08340550000000001
0.07431544
0.08056142999999999
0.06589632000000001
0.06943552
0.06334665
0.09012937
0.017120109999999997
0.01444448
0.05459929
0.05774745
0.02187669
0.1015158
0.05173165
0.05508901000000002
0.05889679
0.1232761
0.16111389999999998
0.1715619
0.12741331
0.12024081
0.12237026
0.1763034
0.18297158
0.13527571
0.2017232
0.2141792
0.20500810000000005
0.1159873
0.0990359
0.06513397
0.0794188
0.07945210000000001
0.0746503
0.08531803
0.06033878
0.06336162
0.07668359
0.0789217
0.0906273
0.115334
0.0976471
0.1161019
0.11606939999999999
0.07943417
0.07914079
0.07638432
0.06234209999999999
0.07874581
0.07491799
0.06754328999999999
0.06688543
0.076455
0.08629350999999999
0.09899527
0.11258801999999997
0.10437169999999996
0.17355478000000002
0.14719591999999998
0.07718554999999999
0.0705068
0.14139975
0.13967637
0.06403927000000001
0.17663470000000006
0.20998193
0.19057493
0.16951783
0.1967403
0.16823493
0.1597521
0.11761616999999998
0.11461347
0.14230056000000002
0.11607903
0.11133919
0.13552775
0.30222401
0.31151128
0.26814901
0.09152568
0.03437102
0.04520675
0.06483268
0.0848099
0.18546500000000002
0.0997498
0.19745473
0.15356436
0.12876417
0.09483866000000002
0.13019631
0.07474195
0.10833861
0.09790365
0.13352197
0.07302510000000001
0.04022892
0.1055045
0.056990510000000015
0.04233891
0.03784371
0.05602849
0.05651828
0.04503055
0.09187499
0.07164538000000001
0.11479351
0.04020076
0.09179278
0.1318459
0.10167489999999998
0.10867269999999998
0.08144142
0.0211428
0.01119665
0.01107523
0.01734211
0.00947765
0.01047314
0.01432589
0.012903579999999998
0.03324575
0.10253256
0.05264432
0.02430209
0.01430251
0.01109141
0.01140703
0.01312195
0.01049846
0.01228898
0.01032073
0.0078859
0.01035511
0.00883556
0.02936685
0.04218054
0.051182910000000005
0.03709772
0.02047524
0.01197302
0.016680590000000002
0.01156641
0.0094467
0.01391883
0.06974158999999999
0.01509019
0.08965863
0.15076313
0.08280625999999999
0.1695991
0.08337147
0.09790239999999999
0.04032423
0.0234351
0.06165446
0.03551037
0.08362297999999999
0.02683509
0.06361865
0.16782527
0.07378241
0.02665407
0.07739056999999999
0.08747005000000001
0.209557
0.07651960000000001
0.0504911
0.09261288
0.08389088
0.16579831
0.09259442
0.031849470000000005
0.10705517
0.10664927
0.1434349
0.08770647000000001
0.11638110000000006
0.16228189999999998
0.08806650999999999
0.06887682
0.1406422
0.06477385
0.05144876
0.06063245
0.3825115
0.18133063
0.11112497
0.12299241
0.1274431
0.2678503
0.16711789999999999
0.09304818
0.1100147
0.1645438
0.07840236999999999
0.07403831000000001
0.05760645
0.17115681
0.18101608
0.04567109
0.13551235
0.13006546
0.07425357
0.17058579999999998
0.09678135
0.14310342
0.06501211000000001
0.08832290000000001
0.14576541999999998
0.07145215
0.14524820000000002
0.13330067
0.180797
0.2542625
0.1987383
0.2327041
0.09134706
0.176792
0.06706886
0.06128271
0.06006319
0.05179662
0.07124644
0.1545205
0.048383270000000006
0.08802431
0.06819409
0.1421318
0.13147089999999995
0.09223146
0.1334048
0.04222233
0.04856549
0.20461870000000001
0.13646413
0.14642503
0.17203429999999995
0.10993808
0.08020474
0.12136861
0.228479
0.11832441
0.11018775
0.13612060999999998
0.13499366000000002
0.08129381999999999
0.08535337999999999
0.14644127
0.11056081
0.06714132
0.168824
0.20959560000000002
0.2455465
0.1668238
0.1502499
0.2004143
0.13188567
0.2096271
0.15940549999999998
0.16092653
0.1992598
0.11680256
0.2247993
0.13608881
0.12614271
0.2617413
0.14090436
0.2142996
0.2155239
0.24249310000000002
0.14991221999999998
0.2551453
0.13761812
0.18234783
0.21410140000000005
0.20156017
0.26379420000000003
0.14063717
0.11703577
0.2078337
0.0951972
0.12532700000000002
0.2288976
0.2195729
0.1685916
0.22675498
0.16797756
0.3318049000000001
0.22097636
0.1889586
0.26439539999999995
0.28187423
0.1181219
0.15436837
0.20959429999999998
0.11978518
0.2373156
0.11385643
0.15249817999999998
0.1841019
0.1017189
0.13467827
0.05696965
0.16494632
0.05482849
0.05778453
0.15833862999999998
0.05069988
0.04456048
0.14598103
0.05366686
0.16853270000000006
0.0670095
0.0388456
0.1422451
0.1062774
0.0611476
0.1514107
0.08197389999999999
0.1545995
0.05321273
0.17887299999999998
0.14120153000000002
0.16283470000000005
0.21305460000000004
0.1549969
0.1889233
0.07260430000000001
0.08988850000000001
0.1681461
0.121279
0.1819088
0.132941
0.188239
0.05423767
0.03064133
0.03922993
0.15476036999999998
0.05289022
0.19227622
0.12459417
0.10037358
0.23356880000000002
0.13990782000000002
0.16786488
0.15511877
0.07748139999999999
0.12786471000000002
0.11202655
0.2050422
0.07468568
0.10140552
0.13141960000000005
0.2000438
0.09185988
0.08871271000000001
0.03769839
0.014859959999999997
0.03149489
0.11099875
0.07708340000000002
0.07575710000000001
0.06090096
0.12693286999999998
0.28438410000000003
0.06107323000000001
0.09167957
0.07462851999999999
0.15697099999999994
0.02295707
0.00533605
0.05262119
0.07795542
0.08089559
0.13689537000000002
0.16947613
0.09105108
0.08162802999999999
0.09641984
0.1654859
0.10033182999999997
0.05326922
0.15902571999999998
0.02748167
0.00586826
0.01155489
0.02643965
0.07215437
0.06943057
0.2234966
0.13737879999999994
0.2466942
0.08824151
0.10221332
0.1413691
0.15783806
0.05948479
0.10587303
0.10858168
0.17915611999999995
0.05819322
0.09815783
0.09918566
0.11617532
0.09169043
0.17271720000000002
0.15213932
0.0594415
0.05950425
0.12828984000000002
0.14814237
0.07908851
0.09706049
0.14008177000000002
0.09889856
0.06613849
0.14794790000000002
0.202919
0.10216828
0.07771115
0.12967352
0.16475065
0.13131039
0.04113316
0.05539654
0.14152045000000002
0.00545046
0.033864059999999994
0.06897373999999999
0.11462817
0.23576149999999998
0.12018122
0.1931338
0.09699768
0.13231679000000002
0.08742855999999999
0.10810603
0.08582561
0.16179556
0.11899493
0.2190445
0.12860648
0.14441065
0.10220842
0.15645061000000002
0.18664443
0.1930599
0.17136479999999998
0.106565
0.24054539999999996
0.05082052
0.06699327999999999
0.08484413
0.18767203
0.16693708000000002
0.03843875
0.09445759
0.180234
0.12017851
0.11483113
0.15033322
0.06168265000000001
0.12235261
0.11696066
0.057896650000000015
0.12708345
0.07583778
0.06210059
0.1595201
0.19911479999999998
0.08273237
0.15075158
0.1283799
0.131966
0.1973127
0.0421011
0.0271304
0.06971592
0.16177728
0.13190878
0.07610537
0.1813741
0.19546288
0.19028397
0.24961529999999998
0.18969117
0.19425787
0.26657859999999994
0.21463160000000003
0.18821327
0.29221820000000004
0.16697368
0.13085531
0.2513271
0.14215201000000002
0.2201621
0.14188037
0.07143583
0.02874109
0.16497462
0.1418046
0.12310948
0.21835
0.2219638
0.2412023
0.2084462
0.13946727
0.16229252
0.1944485
0.18256573
0.214637
0.16540163
0.2440276
0.12722441
0.1705815
0.2270426
0.18170860000000005
0.2493672
0.13442179999999998
0.2408542
0.13242130000000002
0.1833193
0.13123967
0.12388041
0.1933566
0.18576707
0.13267241
0.2784131
0.16229288
0.2341871
0.1689868
0.2458875
0.1866789
0.1416818
0.13408470000000006
0.25770740000000003
0.14893647
0.2284895
0.2002495
0.18013968000000002
0.2027994
0.2288011
0.2157805
0.2876134
0.2198116
0.2091342
0.2571266
0.2298407
0.1995086
0.16362290000000002
0.11418977
0.10906415
0.19791103
0.12585191
0.2074296
0.15932731
0.1900763000000001
0.14426431
0.17359839999999999
0.26875059999999995
0.1734964
0.25811708
0.10288980000000003
0.14675320000000006
0.10126477
0.20999310000000002
0.11885888
0.19865327
0.1181243
0.2048761
0.1310115
0.1903309
0.130333
0.1595707
0.1822715
0.1628405
0.207602
0.14642110000000005
0.2010264
0.159118
0.17857620000000002
0.120492
0.1894014
0.13738499999999998
0.1881082
0.14718723
0.22099888
0.20973161
0.23837894
0.1837192
0.22445505
0.2186591
0.12980480000000005
0.2613923
0.1231757
0.18246070000000006
0.17429460000000002
0.1772888
0.160428
0.1576951
0.2891815
0.2537833
0.32063709999999995
0.2743704
0.298601
0.276667
0.2885993
0.2019196
0.2853266
0.2201554
0.3030126
0.2132822
0.28617729999999997
0.25192590000000004
0.2507212
0.3095033
0.2618747
0.3170018
0.2378673
0.378215
0.3297224
0.3815755000000001
0.3327474
0.35641090000000003
0.3501171
0.33604090000000003
0.395372
0.30827020000000005
0.3774172
0.4685835
0.2744242
0.3057225
0.3376488
0.36203609999999997
0.1860056
0.208799
0.3864097
0.3175881
0.3380173
0.1470143
0.2107587
0.2453363000000001
0.2657544000000001
0.1397299
0.27651770000000003
0.3047688
0.2001444
0.214761
0.2022767
0.4178022
0.3207991
0.31347270000000005
0.2894647
0.360703
0.2753357
0.4293228
0.47279350000000003
0.4770798
0.349515
0.32664990000000005
0.3706658000000001
0.3755478
0.3146715
0.3212454
0.3716035
0.3749767000000001
0.3437605
0.38846
0.3660755
0.32605320000000004
0.35023730000000003
0.3438945
0.3329191
0.4119322
0.3098305
0.3158857
0.3358689
0.3891687
0.29898969999999997
0.310551
0.3022155
0.30433323
0.31466700000000003
0.33570059999999996
0.31232816
0.39500252
0.3743592
0.30790206
0.3737241
0.4035466
0.3376506
0.3073298
0.3694356
0.41680211
0.4368267
0.39287152
0.37784297
0.43352920000000006
0.3640509
0.37481770000000003
0.36802290000000004
0.39679193
0.41260248
0.38122832
0.39479287
0.39666436
0.39693445
0.37749048
0.44228815
0.4012027300000001
0.39777478
0.40849245
0.400872
0.38344888
0.3863173
0.43894327
0.35881090000000004
0.36147258
0.3659455
0.3743166
0.3721443800000001
0.3948693
0.39528639
0.3742918
0.3856619
0.3701324
0.4487488
0.4145573
0.4673468499999999
0.36174587
0.3765225
0.36299126
0.4348379
0.3596008
0.3705038000000001
0.3532042
0.37315479999999995
0.4217392999999999
0.4280179
0.3976606
0.373985
0.35289149999999997
0.46738908
0.46783125
0.43798783
0.3783468800000001
0.41250612
0.3805301
0.39298611
0.40120134
0.36507472
0.32266805
0.42069226
0.3341775
0.38098223
0.36760005
0.31215672
0.31986077
0.28234079
0.20713475
0.26401009
0.2826463
0.32691837999999995
0.27364615000000003
0.4208575
0.07684819999999999
0.061797499999999984
0.3470402
0.3758222
0.42418770000000006
0.206948
0.18176620000000002
0.059155999999999986
0.03960980000000002
0.1621535
0.08246239999999999
0.0434609
0.23481239999999998
0.1317314
0.16823010000000002
0.10067580000000001
0.060184
0.14066219999999996
0.05653900000000001
0.05302080000000002
0.1946583
0.12716789999999994
0.189183
0.1347946
0.1571771
0.174981
0.0895907
0.16832190000000002
0.15556330000000002
0.2386570000000001
0.2531162
0.363593
0.17372159999999998
0.19362520000000005
0.3184169000000001
0.1552367
0.2107283
0.15288010000000002
0.2073262
0.114567
0.1663583
0.2632059
0.1895046
0.28089369999999997
0.17090360000000002
0.2059022
0.16172809999999999
0.2696033
0.2529456
0.31263250000000004
0.2601424
0.1714987
0.2022956
0.1561942
0.168401
0.17547079999999998
0.1319017
0.2240434
0.136133
0.20930170000000003
0.2028058
0.1231173
0.15742630000000002
0.1957732
0.1961866
0.1984528
0.2159205
0.16359649999999998
0.08148
0.2032664
0.1478874
0.23212470000000002
0.2171138
0.22747240000000002
0.13909129999999995
0.1999154
0.16635460000000002
0.1144051
0.11222349999999999
0.11911530000000001
0.11801199999999998
0.1010725
0.09641389999999997
0.0968377
0.11438980000000001
0.0959522
0.12183610000000003
0.0974655
0.0972134
0.1115368
0.1212484
0.1383075
0.1206776
0.1359497
0.1057954
0.0996642
0.11825029999999999
0.10489160000000003
0.0953812
0.08967489999999999
0.14191420000000002
0.14633510000000002
0.1740969
0.15581579999999998
0.1583383
0.15621310000000002
0.15769130000000006
0.1732776
0.1467842
0.1554701
0.1359659
0.15277320000000005
0.13458230000000002
0.135756
0.1327381
0.1624545
0.15807780000000002
0.12834469999999998
0.188214
0.2404734
0.15181170000000002
0.3375613
0.2895424999999999
0.2584016
0.24388
0.17423260000000002
0.1966149
0.32243580000000005
0.279072
0.320393
0.3701066
0.25040860000000004
0.40003679999999997
0.16112100000000001
0.14953989999999998
0.1030734
0.1572427
0.0633066
0.2228765
0.156354
0.208045
0.12816989999999998
0.1979706
0.17454389999999995
0.1421761
0.15670309999999998
0.2578428
0.2254523
0.2039275
0.07614019999999999
0.0533442
0.14036690000000002
0.3160034
0.2217411
0.2380947
0.1978067
0.0898056
0.1797591
0.17511790000000002
0.16399049999999998
0.16400559999999995
0.0961185
0.0974093
0.0656044
0.07547100000000001
0.0942215
0.16664679999999998
0.1160455
0.15721939999999998
0.09000019999999999
0.0611013
0.15744590000000006
0.1709526
0.168343
0.1306855
0.1096682
0.1217923
0.14736020000000002
0.14008990000000002
0.2626902
0.042791
0.1635384
0.06756849999999999
0.32732870000000003
0.24813379999999996
0.2493144
0.20633289999999999
0.128633
0.12763139999999998
0.2348663000000001
0.1963669
0.2120893
0.2128779
0.196029
0.22785329999999998
0.2180723
0.2210663
0.2213817
0.2196264
0.2216634
0.15916770000000002
0.15071629999999994
0.1492888
0.14455769999999998
0.1333229
0.1468269
0.15132779999999998
0.1592116
0.1564828
0.2233426
0.2048123
0.2153067
0.2189022
0.2366508
0.1438896
0.14927939999999998
0.16294129999999998
0.1576925
0.2159718
0.2224113
0.1195355
0.11857460000000003
0.079363
0.13366
0.14494410000000002
0.14125590000000002
0.0928155
0.0665936
0.11545710000000002
0.15233130000000006
0.14923299999999998
0.2080373
0.14636550000000004
0.217592
0.1991576
0.17829889999999998
0.1815465
0.1678132
0.1683509
0.1146525
0.112883
0.157698
0.1460091
0.14907540000000002
0.1440777
0.0891026
0.0192269
0.0195131
0.0118084
0.0048196
0.0053905
0.06581820000000001
0.098845
0.1031014
0.0429358
0.026226599999999996
0.033137299999999995
0.1031522
0.1273892
0.0955554
0.07371889999999999
0.006083300000000001
0.004700199999999999
0.10692439999999999
0.153589
0.14286390000000002
0.14808659999999998
0.08590300000000001
0.2126562
0.1379996
0.0932247
0.1161243
0.1249507
0.182634
0.0650803
0.0595884
0.0105392
0.07082480000000001
0.0065450000000000005
0.0571362
0.071881
0.0953461
0.10700599999999999
0.06916760000000001
0.0831936
0.0882742
0.100134
0.1433875
0.09222639999999999
0.07984959999999999
0.06911160000000001
0.0701533
0.2050449
0.321588
0.3187047000000001
0.1833685
0.23187500000000005
0.2237694
0.17072999999999994
0.259776
0.08025220000000001
0.092929
0.16757099999999994
0.18822070000000002
0.1709582
0.17955859999999998
0.1590044
0.17876450000000002
0.167438
0.2244667
0.2232063
0.215524
0.2185444
0.23512
0.27860099999999993
0.2650551
0.17082089999999994
0.1593177
0.1128029
0.0724921
0.17884769999999994
0.07200640000000001
0.06394169999999999
0.1232961
0.18562790000000004
0.1306272
0.1320317
0.1414977
0.12691229999999998
0.15246110000000002
0.15651389999999998
0.09730710000000001
0.14777420000000002
0.2005472
0.1622557
0.19765729999999998
0.1506135
0.1494885
0.17267770000000002
0.1478744
0.14997819999999998
0.16566950000000005
0.26378270000000004
0.3016804
0.30675109999999994
0.2973382
0.1373319
0.136949
0.1328302
0.135726
0.14638679999999998
0.0998237
0.0979382
0.0918843
0.15716960000000002
0.1115623
0.1414973
0.067497
0.13634649999999998
0.0748919
0.045402000000000005
0.0947939
0.0919926
0.0929245
0.0922169
0.0927786
0.0996153
0.1102319
0.11939549999999999
0.1089299
0.06878580000000001
0.0639596
0.0662436
0.11348429999999995
0.0957602
0.0955027
0.1134239
0.1119736
0.1133275
0.1073839
0.11558799999999995
0.08518719999999999
0.048051900000000015
0.0338665
0.12053219999999999
0.1268606
0.1376253
0.0821828
0.0649089
0.1059358
0.1040985
0.1028782
0.14737120000000006
0.0842871
0.1025411
0.1101715
0.1792634
0.16210990000000006
0.1108207
0.09936
0.17765540000000002
0.12136489999999997
0.2158216
0.032228500000000014
0.10597329999999999
0.2439371
0.0081086
0.13783330000000002
0.3711277
0.283083
0.247267
0.24755100000000002
0.199955
0.290392
0.275042
0.269588
0.2035451
0.2425281
0.2660118
0.213425
0.209891
0.21108
0.167954
0.200771
0.144476
0.232572
0.14719400000000002
0.14254699999999998
0.132486
0.165508
0.1019988
0.1861265
0.14444
0.287018
0.221204
0.2398522
0.16922340000000005
0.232893
0.2171273
0.227269
0.1630479
0.208171
0.2247195
0.335741
0.252287
0.263936
0.3015067
0.16819079999999995
0.3518239
0.2357752
0.2270652
0.18732910000000005
0.25073900000000005
0.2170342
0.2201766
0.1954772
0.24624810000000005
0.262819
0.308493
0.24491179999999999
0.195001
0.136028
0.178081
0.2496427
0.2131984
0.138176
0.1253579
0.2559243
0.08783780000000001
0.027430600000000003
0.0581899
0.0491875
0.0493696
0.1200891
0.23082600000000003
0.2356884
0.1604294
0.0393284
0.0223284
0.040736
0.0828533
0.1838071
0.07944209999999999
0.31195120000000004
0.4590610000000001
0.426839
0.437225
0.387556
0.1935194
0.17990210000000004
0.136957
0.448305
0.4051189
0.3254
0.197658
0.08679500000000001
0.22124000000000002
0.33612600000000004
0.181323
0.208656
0.10232800000000004
0.1137748
0.122966
0.13737660000000002
0.11889849999999999
0.042341500000000004
0.07987500000000003
0.0609036
0.17355399999999999
0.07522999999999999
0.107813
0.20042100000000002
0.145566
0.17744400000000002
0.12699300000000002
0.131057
0.1151939
0.14499699999999996
0.11591799999999998
0.130856
0.111643
0.1193809
0.201817
0.167719
0.174035
0.211921
0.1825297
0.2373499
0.1643738
0.243434
0.13480899999999998
0.18843
0.0910448
0.12784969999999998
0.095317
0.32073379999999996
0.016700800000000002
0.0110347
0.041031000000000005
0.125303
0.111928
0.0789192
0.045724
0.06257739999999999
0.1083659
0.08999270000000001
0.0945877
0.0773268
0.12028980000000004
0.084564
0.044885
0.0450821
0.0512898
0.029035
0.0491106
0.092288
0.15226430000000002
0.11015
0.161593
0.123881
0.11983800000000001
0.127472
0.043211
0.07267799999999999
0.005184
0.019894
0.4069934
0.3867348
0.30185
0.12919000000000005
0.09610599999999997
0.13956000000000002
0.032826999999999995
0.103942
0.05544099999999999
0.056392399999999995
0.042529
0.025831900000000005
0.024427
0.055902999999999994
0.041938
0.018543800000000003
0.048596
0.071484
0.054568700000000005
0.06295369999999999
0.1601982
0.1104764
0.13526600000000005
0.041417800000000005
0.1719477
0.1343907
0.12155999999999999
0.06879779999999999
0.1128271
0.1040063
0.0956443
0.1258975
0.0274747
0.14961180000000002
0.0889095
0.132596
0.0974122
0.11269739999999999
0.1270248
0.08146210000000001
0.18950500000000006
0.084866
0.100578
0.0623597
0.015497899999999997
0.066471
0.08127659999999999
0.020865900000000003
0.0904527
0.12026600000000001
0.1139254
0.0995769
0.149858
0.211775
0.08501500000000001
0.167371
0.1365374
0.076484
0.204484
0.1244172
0.1094278
0.1352483
0.10551279999999999
0.1163876
0.1233284
0.104243
0.1292863
0.0946154
0.094185
0.09151039999999999
0.10352
0.167206
0.1043975
0.159748
0.081242
0.1409369
0.1234816
0.1879887
0.14032299999999998
0.14150800000000002
0.189878
0.206246
0.08999889999999999
0.171455
0.118377
0.16868770000000002
0.2082496
0.17790799999999998
0.17269949999999998
0.17346099999999998
0.20601999999999998
0.187487
0.1633751
0.169076
0.231004
0.19219000000000008
0.228879
0.1834658
0.244939
0.1211126
0.15154700000000002
0.215707
0.1268698
0.195437
0.173454
0.183233
0.06525399999999999
0.18975999999999998
0.1825807
0.225491
0.1833404
0.180695
0.234733
0.1622367
0.16681089999999998
0.14405410000000002
0.0758372
0.1689715
0.14346789999999998
0.1866172
0.16336040000000002
0.1217835
0.13425109999999998
0.14518209999999998
0.1949145
0.15706989999999998
0.22493722
0.17788242
0.11593339
0.2290501000000001
0.18847408
0.14663152
0.15973441
0.19547075
0.12511489
0.18716412
0.17155584
0.1394051
0.1355636
0.12208456
0.18138678
0.2009543
0.13926255
0.12351348
0.13367084
0.18754720000000002
0.15468117
0.13442021
0.12620762000000002
0.0916124
0.1176209
0.1258682
0.1026254
0.17026270000000002
0.0894115
0.1673233
0.212184
0.1154192
0.1634023
0.16514720000000002
0.1372884
0.10995380000000002
0.2424951
0.1984797
0.2286969
0.2875568
0.2624809
0.2767926
0.2273191
0.2273408
0.2784831
0.2380636
0.0065352000000000006
0.11096569999999999
0.08168639999999999
0.1980891
0.08013139999999999
0.1235903
0.07617410000000001
0.0721408
0.10713699999999997
0.2906493
0.2108354
0.2997268
0.1220647
0.28724550000000004
0.2551617
0.2433327
0.2400445
0.21557510000000002
0.21108070000000004
0.2309647
0.17585979999999998
0.035450199999999994
0.1417577
0.1839074
0.25086479999999994
0.3856144
0.3702919
0.4009504999999999
0.24595789999999998
0.14680910000000005
0.12496960000000001
0.1823677
0.15340459999999995
0.34305820000000004
0.4302953
0.3371102
0.27907740000000003
0.25158800000000003
0.3846521
0.3764073
0.385003
0.34319540000000004
0.4053084
0.3771002
0.3695697
0.3972504000000001
0.4072414
0.4158928
0.14606729999999998
0.17394679999999998
0.1690797
0.2190399
0.22152719999999998
0.1848746
0.1813311
0.178494
0.1266757
0.0819261
0.0959015
0.03603390000000002
0.043355300000000006
0.06418170000000001
0.03614230000000001
0.053620299999999996
0.0983032
0.0685682
0.191741
0.1576223
0.092964
0.1537392
0.1151238
0.17414829999999998
0.1097262
0.10640480000000002
0.06251219999999999
0.08951890000000001
0.0681782
0.055239199999999995
0.09059400000000001
0.11982550000000003
0.17765699999999998
0.0584822
0.052006
0.0725777
0.033591199999999995
0.05006299999999999
0.0509658
0.031065499999999996
0.1123258
0.0447489
0.0501904
0.2354217
0.1203098
0.0985096
0.1845812
0.22347500000000006
0.2273880000000001
0.241127
0.14574089999999998
0.17850860000000002
0.17737750000000002
0.1823957
0.05809490000000001
0.0365383
0.1019589
0.0971336
0.1000273
0.12315090000000001
0.1422398
0.14551940000000002
0.12910709999999995
0.1004686
0.1084587
0.0882141
0.0987948
0.04977259999999999
0.0195642
0.028906100000000007
0.2607701
0.2484145
0.1019682
0.05107999999999999
0.05782819999999999
0.0903578
0.067817
0.07511160000000001
0.024778400000000003
0.0290404
0.024435900000000003
0.12474849999999998
0.028178800000000007
0.0267783
0.07632100000000001
0.0378561
0.07831350000000001
0.0344387
0.1127567
0.23320460000000004
0.11614719999999999
0.0125414
0.0566638
0.10961110000000002
0.2472351
0.1911736
0.181136
0.2307406
0.24641729999999998
0.2034177
0.158691
0.2607966
0.0800674
0.0635212
0.10423389999999999
0.015114100000000004
0.1574512
0.2226632
0.046803500000000005
0.0836952
0.08440800000000001
0.1342892
0.1058969
0.1382845
0.1230251
0.09149860000000001
0.07267330000000001
0.1495476
0.1014764
0.1043095
0.1103014
0.1516316
0.1259134
0.1303252
0.1462854
0.13362120000000002
0.12668610000000002
0.1880877
0.1472865
0.1017245
0.1096769
0.1276983
0.10541860000000003
0.1589247
0.1042262
0.13524719999999998
0.17148560000000002
0.14182779999999998
0.1169377
0.07689810000000001
0.07810700000000001
0.07706260000000001
0.0928529
0.14864570000000002
0.1506856
0.1224483
0.1965916000000001
0.10367550000000003
0.1082394
0.15127069999999998
0.1166058
0.1194457
0.0992126
0.1569035
0.14983249999999998
0.1031693
0.15959589999999998
0.1123728
0.109337
0.11080799999999999
0.09861609999999996
0.14156670000000002
0.16667500000000002
0.12421289999999999
0.15193120000000002
0.1349533
0.16601449999999998
0.14357060000000002
0.0942633
0.1422674
0.12438069999999996
0.13314520000000002
0.201509
0.1976388
0.1228316
0.1495642
0.13707999999999998
0.0921342
0.10843620000000001
0.08627270000000001
0.18938129999999997
0.0822762
0.0469181
0.023637900000000003
0.036449600000000006
0.08366330000000001
0.0545061
0.0787337
0.10733510000000003
0.1048636
0.0538647
0.08507750000000001
0.1880857
0.15652220000000006
0.2899962
0.2014228
0.1838853
0.1533654
0.16728640000000006
0.1796374
0.2847358
0.1182822
0.15755870000000002
0.16741799999999996
0.1928366
0.08388459999999999
0.07110340000000001
0.0638996
0.040506
0.0538317
0.0241452
0.030052699999999998
0.0460225
0.1070607
0.0912343
0.0883569
0.0953842
0.0437151
0.06714250000000001
0.0263019
0.058546100000000004
0.07472419999999999
0.05430419999999999
0.0874587
0.1014341
0.07373969999999999
0.07008919999999999
0.0507422
0.0267815
0.0390469
0.096959
0.03465699999999998
0.0541046
0.0788982
0.08982760000000001
0.05688740000000001
0.028072500000000004
0.037562300000000014
0.0340634
0.07231939999999999
0.12658940000000002
0.0740784
0.07954560000000001
0.0944281
0.1084599
0.15930729999999999
0.11187179999999998
0.0931336
0.052128999999999995
0.11150299999999999
0.11841680000000003
0.1023695
0.113652
0.058604899999999994
0.1329961
0.1044509
0.0998042
0.1482224
0.056134800000000006
0.0956398
0.0190893
0.06411259999999999
0.0453795
0.056547300000000016
0.0471411
0.0519247
0.049047200000000006
0.057182
0.0648506
0.1104519
0.0823077
0.06138150000000001
0.06334880000000001
0.06757900000000001
0.06741929999999999
0.06071629999999999
0.08614409999999997
0.0610855
0.08351019999999999
0.0639025
0.0361612
0.04930949999999999
0.046871300000000005
0.06914160000000001
0.1015742
0.0773052
0.07301619999999999
0.04412460000000002
0.09662439999999999
0.07992470000000003
0.04098400000000001
0.095708
0.011292300000000002
0.0149078
0.0361277
0.0375542
0.0435055
0.053610000000000005
0.0784676
0.0718918
0.017486599999999998
0.0636655
0.023644
0.0167192
0.011176299999999998
0.0238343
0.03847110000000002
0.11535419999999999
0.0729496
0.0869355
0.0930683
0.094389
0.041793300000000005
0.007656299999999999
0.0143206
0.052872300000000004
0.025162999999999998
0.03462079999999998
0.032578899999999994
0.0144349
0.0359667
0.05231570000000002
0.12121569999999998
0.0984642
0.0936381
0.052488699999999985
0.046007099999999995
0.0625901
0.06728379999999999
0.0459015
0.049692700000000006
0.07106479999999997
0.0871299
0.06551749999999999
0.08644379999999999
0.11540219999999995
0.12105070000000001
0.08883350000000001
0.1577549
0.17411949999999998
0.08332020000000001
0.0591288
0.10945500000000002
0.07462540000000001
0.043502
0.05671490000000001
0.0546841
0.0721968
0.0563377
0.0827831
0.0724047
0.1097555
0.2441599
0.20133610000000002
0.2055292
0.1253167
0.06694649999999999
0.07171519999999999
0.073395
0.06786869999999999
0.11061839999999999
0.0979295
0.06753250000000001
0.10178459999999998
0.12018569999999999
0.09321489999999999
0.1186422
0.08189729999999999
0.08274069999999999
0.0912019
0.0570962
0.05905990000000001
0.06346990000000001
0.10388419999999998
0.06965509999999997
0.1235095
0.0619869
0.08139149999999999
0.1422184
0.11287089999999997
0.0914876
0.07930469999999999
0.0933372
0.1124769
0.0553809
0.08351450000000002
0.1794292
0.170213
0.08872730000000001
0.0808148
0.15955550000000002
0.135477
0.05933040000000001
0.09519630000000001
0.0971675
0.0548485
0.0739814
0.1222135
0.08534140000000001
0.09790510000000001
0.0682864
0.0797361
0.0875349
0.0912337
0.1303548
0.0740826
0.075629
0.0782499
0.0876907
0.0699926
0.0815635
0.11830719999999999
0.11974349999999999
0.0852968
0.1136542
0.16959839999999998
0.13812860000000002
0.1292706
0.1691547
0.1100224
0.0778836
0.1004202
0.07345610000000001
0.0746575
0.141624
0.1410659
0.0705507
0.08334429999999997
0.0607306
0.1029113
0.08224889999999999
0.077702
0.0403348
0.0927562
0.07310130000000001
0.044082799999999984
0.0628297
0.0374027
0.0215584
0.0937506
0.1012838
0.0599866
0.0929685
0.13251429999999995
0.16525759999999998
0.10973210000000001
0.07009580000000001
0.0556624
0.08280660000000001
0.1465447
0.0677214
0.0604326
0.108116
0.1108473
0.1158339
0.1187368
0.1606164
0.1331515
0.16278340000000002
0.13124249999999998
0.07010169999999999
0.15241400000000002
0.1164007
0.08535559999999999
0.0691235
0.052597000000000005
0.1474065
0.1099617
0.06997610000000001
0.1052826
0.1603143
0.1438931
0.12072929999999996
0.1625988
0.1317679
0.059719100000000004
0.0822301
0.11640330000000003
0.0932608
0.084647
0.0937073
0.07447730000000001
0.08049039999999999
0.2120242
0.10747270000000002
0.09018189999999998
0.08648330000000001
0.07033439999999999
0.0649706
0.07732149999999999
0.0287894
0.0335742
0.040330000000000005
0.0417017
0.014718599999999997
0.0278023
0.0293255
0.012051000000000001
0.0048206
0.027573200000000003
0.0817328
0.1584063
0.1120198
0.0577617
0.08312220000000001
0.041644099999999996
0.0456724
0.1138704
0.10393109999999996
0.050570400000000015
0.1059861
0.137543
0.0899798
0.1200823
0.0730365
0.06780259999999999
0.0553726
0.1286486
0.0980831
0.0327654
0.044258000000000006
0.0592408
0.05940930000000001
0.018043
0.1128302
0.05725490000000001
0.035006699999999995
0.0752925
0.2169448
0.13703120000000002
0.07960740000000001
0.11047830000000003
0.06339600000000001
0.05027090000000002
0.05319829999999999
0.24292840000000002
0.24944610000000006
0.2726618
0.15199240000000006
0.24723710000000002
0.2747658
0.2605233
0.222043
0.3529697
0.3242859
0.3209508
0.0943569
0.07477539999999999
0.0798691
0.11217449999999997
0.1143495
0.0674317
0.046605
0.030974200000000007
0.035798500000000004
0.1501612
0.0895476
0.08606450000000003
0.047487900000000006
0.032312999999999995
0.1038629
0.029383099999999995
0.0489532
0.0380461
0.0090803
0.0191881
0.08219
0.057037
0.1010412
0.0368848
0.0394012
0.0429724
0.048591300000000004
0.0142386
0.0976049
0.0316264
0.051516
0.0372759
0.07874149999999999
0.0256019
0.06762339999999999
0.03580919999999998
0.03686169999999999
0.043905800000000016
0.118411
0.08392449999999999
0.11569940000000002
0.0436892
0.06017060000000001
0.0982698
0.0910808
0.063877
0.047298
0.07298439999999999
0.0544605
0.0529841
0.057374
0.12108499999999998
0.0296046
0.0467231
0.06956280000000001
0.0321168
0.0306606
0.04485599999999999
0.013659200000000002
0.0234338
0.034210599999999994
0.0389705
0.035365600000000004
0.0498812
0.0759158
0.1136858
0.0738837
0.0857004
0.0372016
0.0895609
0.023307300000000003
0.13412490000000002
0.0204107
0.0124105
0.1008115
0.12376019999999999
0.0596127
0.12941580000000005
0.1005305
0.1179386
0.1456122
0.0990373
0.07071859999999999
0.1509719
0.1656246
0.1656906
0.12629300000000002
0.2488974
0.11455019999999999
0.06738809999999999
0.1132131
0.095216
0.0979879
0.1218857
0.09644039999999998
0.0755082
0.09151619999999999
0.0674012
0.06991
0.1020925
0.10367570000000001
0.11367639999999997
0.0699256
0.0755046
0.1282181
0.0846836
0.09289070000000002
0.11068139999999999
0.0621874
0.0643551
0.16700589999999998
0.10916789999999997
0.1299957
0.0603126
0.1672785
0.0793787
0.0511675
0.034016700000000004
0.035719699999999986
0.0443264
0.050056300000000005
0.0679541
0.1036165
0.0794996
0.0669483
0.050626199999999996
0.0897699
0.044917700000000005
0.0320272
0.1720944
0.04403749999999999
0.1001287
0.0318069
0.1573067
0.1248348
0.0986992
0.1018323
0.1080371
0.0983476
0.1204702
0.0728482
0.115674
0.1807566
0.14498270000000002
0.16803629999999994
0.16561560000000006
0.124946
0.1190276
0.07714750000000001
0.1330456
0.1121184
0.16381530000000002
0.1029867
0.1413055
0.14133410000000002
0.1158994
0.18347320000000006
0.19727580000000008
0.15640530000000002
0.1852801
0.1560457
0.13277
0.16293180000000002
0.07916530000000001
0.14361559999999998
0.12798030000000002
0.0966371
0.15117609999999998
0.1613892
0.1541535
0.07933309999999999
0.0355956
0.0182419
0.1124874
0.1275059
0.08940600000000001
0.053211
0.051524900000000005
0.0323574
0.05184640000000001
0.0131514
0.0653148
0.048834800000000005
0.0613274
0.07913139999999999
0.0973408
0.016666999999999998
0.0675277
0.0402156
0.1119779
0.0491535
0.1078489
0.1146228
0.08821120000000003
0.1235116
0.1124672
0.013341800000000001
0.08152269999999999
0.07349679999999999
0.0314483
0.0973144
0.08841079999999997
0.06829749999999997
0.0273142
0.0381441
0.0959301
0.1028016
0.0650886
0.0397737
0.0451816
0.0723307
0.06997080000000001
0.0528439
0.0471746
0.0271273
0.035979399999999995
0.0923891
0.0729454
0.061066699999999995
0.09387949999999999
0.014697
0.015032899999999997
0.1245137
0.10137419999999996
0.0522859
0.0980929
0.08269330000000001
0.14755820000000006
0.15352620000000006
0.0889235
0.0956882
0.12898099999999998
0.0716891
0.07444089999999999
0.0309731
0.1272814
0.029650199999999995
0.07629250000000001
0.1051488
0.08506689999999999
0.08956360000000001
0.075665
0.048667300000000004
0.07086139999999999
0.07115240000000002
0.0865047
0.06765430000000001
0.092979
0.0625555
0.0058571000000000005
0.0941721
0.14369520000000002
0.0809637
0.08312230000000001
0.1150519
0.0857726
0.052000000000000005
0.1169251
0.0646573
0.0904182
0.0363732
0.0786674
0.0530802
0.05106210000000001
0.0403651
0.016675299999999997
0.11893019999999999
0.1511369
0.0743933
0.1014706
0.2025708
0.1812697
0.11545180000000001
0.1472901
0.2110498
0.1312316
0.0740677
0.111675
0.0969211
0.1311442
0.1097259
0.1271886
0.12474339999999998
0.19729529999999995
0.1042624
0.2405581
0.126679
0.12417370000000005
0.0785445
0.1023118
0.1523912
0.0780664
0.1034953
0.1129455
0.10438110000000002
0.0861804
0.1019794
0.15664219999999998
0.1291396
0.1283843
0.0682697
0.0164907
0.0985771
0.09135660000000001
0.1255972
0.10353210000000002
0.1171942
0.10585510000000002
0.09550809999999996
0.1197941
0.14793689999999998
0.159082
0.08302860000000001
0.0521865
0.0550162
0.0431438
0.008843899999999998
0.013030200000000002
0.0356333
0.021017300000000003
0.013077000000000002
0.0389202
0.0405086
0.07255239999999999
0.07697160000000003
0.05799890000000001
0.049823900000000004
0.0486616
0.0376403
0.0568231
0.16447160000000002
0.0844053
0.1136974
0.1627491
0.12602010000000002
0.149424
0.0795193
0.117425
0.096951
0.15282419999999994
0.08141409999999999
0.0953148
0.08277230000000001
0.08111179999999997
0.1412233
0.16919320000000002
0.1367486
0.1947901
0.1509037
0.14456210000000005
0.11444
0.08688880000000003
0.08650460000000001
0.14141779999999998
0.1136782
0.15588069999999998
0.0819465
0.07739299999999999
0.1646309
0.0946179
0.08786759999999999
0.08235110000000001
0.0895704
0.0973942
0.0918891
0.0395902
0.1243923
0.0574827
0.05431999999999999
0.0458658
0.017991200000000002
0.0229834
0.0544452
0.043582199999999995
0.0372082
0.1005741
0.13492079999999998
0.3447471
0.18292000000000005
0.06466169999999999
0.08142869999999999
0.11533299999999999
0.06915299999999999
0.06443869999999999
0.005400299999999999
0.110044
0.008246900000000001
0.0116223
0.07578889999999999
0.14181170000000004
0.14112470000000002
0.36165820000000004
0.34159229999999996
0.25035100000000005
0.1332612
0.10343800000000002
0.1090412
0.1459059
0.1877047
0.17299240000000002
0.0975064
0.2077668
0.20287249999999998
0.1881382
0.2488586
0.1428698
0.16571249999999998
0.188543
0.1608339
0.18808770000000002
0.18279
0.12016279999999999
0.095261
0.08383760000000001
0.131828
0.21504570000000006
0.06721730000000001
0.2132732
0.1838433
0.08692440000000001
0.1097079
0.1022697
0.1139351
0.09993450000000001
0.0882712
0.0922261
0.12542119999999998
0.1557117
0.204121
0.2780875
0.29472940000000003
0.351547
0.2061766
0.1061379
0.0397138
0.1153762
0.1340407
0.1098721
0.0510166
0.1471488
0.0286665
0.05888420000000001
0.0250819
0.037233100000000005
0.0757303
0.0385252
0.0278231
0.0929417
0.056998
0.0629092
0.0551235
0.0355186
0.0508289
0.0912442
0.0191338
0.0985214
0.1297769
0.1010573
0.0440452
0.09857060000000001
0.0984778
0.0805765
0.0831608
0.0600216
0.07471730000000001
0.1794572
0.1875192
0.1012322
0.1189552
0.14499079999999998
0.1478201
0.1256146
0.111945
0.13673049999999998
0.1376491
0.1992481
0.15805020000000006
0.1512986
0.1738615
0.226113
0.1687671
0.21502450000000006
0.2095906
0.16517620000000002
0.1385567
0.141335
0.1844831
0.100994
0.1698168
0.18058010000000002
0.1419864
0.1931274
0.10998030000000003
0.1577247
0.0997614
0.1944867
0.2314708
0.1913903
0.1702141
0.1132347
0.1524698
0.12396619999999994
0.1239316
0.1250113
0.0813518
0.07685169999999998
0.0471881
0.08135719999999999
0.12690739999999998
0.1516
0.12985400000000002
0.1494662
0.1226391
0.16148350000000006
0.1149189
0.1830673
0.1319049
0.1402346
0.205345
0.14960182999999996
0.16032366
0.20457861
0.20228356000000008
0.19420222000000004
0.08904379999999999
0.15643795
0.12430855
0.07774948999999999
0.09730073
0.12951759
0.21022644
0.06522199000000001
0.05392603
0.10203573
0.19490294
0.18370799
0.06612448
0.06394522
0.08221633999999997
0.09184394
0.14469699
0.12367738999999996
0.12364979
0.14483729
0.19808635
0.19679240000000006
0.12549764
0.09172212
0.09729633
0.08540704
0.14728153
0.21916504
0.13822812999999998
0.11696308
0.17747143
0.14843764
0.18194978
0.17176319
0.20304665
0.24971369
0.19097824
0.19653504
0.21733525000000006
0.17940499
0.13113734
0.20320454
0.12297143
0.12507218
0.07182344
0.05063278
0.08691671999999999
0.06886027
0.03688137
0.07002293000000001
0.07209217999999999
0.11046009
0.15001425000000002
0.14170615
0.10878629
0.12986260000000002
0.08724399000000001
0.131577
0.12338095
0.07810822000000002
0.13384409
0.10040742
0.07632688000000001
0.08485027
0.14921858999999998
0.18241999
0.05589664
0.18312029
0.1206557
0.16751055
0.16367445
0.25416581
0.1614941
0.10918489
0.15193115
0.12709139
0.184179
0.2036335
0.10881745
0.13430060000000002
0.1328549
0.1816445
0.18555885000000005
0.18246845
0.12339759
0.09412064
0.14339625
0.13010664
0.10571929
0.12283324
0.10584419
0.11349314
0.10278594000000002
0.09317329
0.08959975
0.12868895
0.11990839999999997
0.16155596
0.29908966
0.3232915100000001
0.31087035
0.25040805
0.24216365
0.28704815
0.2742565
0.19719625
0.21936325
0.25479995
0.26875661
0.36519386
0.36483071
0.34559332
0.34533736
0.28014985000000003
0.27664285
0.24051205
0.26425915
0.17108404
0.12634024
0.09669604
0.13070485
0.1341646
0.21232121
0.20237226
0.15360355
0.12405529
0.15686645000000002
0.11713199
0.20990850000000005
0.20698525
0.14128404
0.13252893999999998
0.13086245
0.11232605
0.17406506
0.11051635
0.0763361
0.09010015
0.055510089999999984
0.056671340000000014
0.04556093
0.09340305000000004
0.03763313
0.03560122
0.11255724
0.07968554000000001
0.07308809000000001
0.06262269
0.06943338999999997
0.08888850000000002
0.06817434
0.08745369999999998
0.10431936
0.07476534
0.04393594
0.03454628
0.05826548
0.07092549
0.08201763
0.06416923000000001
0.04697409
0.0967385
0.10351654999999996
0.12114429
0.14570194999999994
0.02954753
0.02294538
0.08178059
0.01993838
0.04483573
0.03344479
0.11760385
0.06067814000000001
0.07133908
0.08994578
0.09534549
0.12304789
0.14796039
0.10644354
0.10823979
0.11270245
0.12526659
0.14637269
0.05487009
0.07647689
0.14685834
0.07645149000000002
0.05186819
0.08929364
0.10663069
0.08452203
0.12418699
0.09657494
0.09758264
0.09606449
0.11376199
0.13611994
0.10637824
0.11848659
0.19237829
0.09547189
0.12785143999999998
0.18998759
0.100535
0.13017225
0.14671129
0.12768595
0.09043114
0.10267884
0.09335283
0.11070224
0.04374619
0.03636808
0.09964994
0.13525175
0.1745091
0.08546359999999999
0.08809545
0.16185734999999998
0.18662759
0.09002489
0.04092107
0.10022793000000002
0.05007796999999999
0.08575788
0.06222427
0.057295079999999984
0.06565912
0.09148929
0.03863603
0.09839775
0.22305471
0.28495806
0.30110361
0.20032239
0.11680208999999996
0.07641543999999999
0.12372149
0.11195793
0.10512969
0.09940613
0.09367079
0.11466099
0.14208939
0.10549259
0.14448454000000002
0.10165049
0.10024809
0.13297469
0.10248033
0.13738743
0.16650819
0.15162713
0.18385824000000006
0.12664703000000002
0.08613188
0.20101425
0.22073160000000003
0.16593179000000002
0.22717615
0.11397414000000004
0.10687129
0.11569984
0.13024453
0.24674719
0.12159863
0.08419139
0.09629729
0.09874199
0.12477353
0.21924064
0.11905789
0.10077549
0.17961644999999998
0.2443419500000001
0.21577249999999998
0.23065925000000004
0.17061515
0.09926779
0.15818075
0.08056353
0.12739203
0.16831284000000002
0.2036979
0.09627949999999999
0.1391576
0.07531660000000001
0.1058308
0.1014521
0.1079384
0.1137171
0.15990810000000005
0.1587154
0.1019064
0.1674901
0.1234081
0.1337855
0.1254144
0.205208
0.1635937
0.1191035
0.164436
0.13984770000000002
0.17320238
0.15343583
0.13202549
0.08627979
0.11716848
0.14320563
0.16786353
0.20368428
0.20247212
0.19700014
0.18343798
0.18931693
0.21228324
0.19209719
0.14229609
0.1395668
0.1346253
0.10020638
0.11567238
0.09611294
0.09905554
0.07214842999999999
0.18206614
0.07768328999999999
0.32166724
0.34892232
0.25205888
0.10075448
0.16893418
0.15321973
0.13468212
0.09905017000000002
0.11734213
0.14048043999999998
0.3843652
0.18342583
0.13374879
0.16855888
0.1485495
0.14408665999999998
0.07939031999999999
0.14077954
0.08991877999999999
0.09034827
0.08752847999999999
0.19386479
0.10192268999999997
0.11085029000000003
0.11334714
0.18925129
0.08855053
0.13862103999999995
0.11037508999999998
0.12261678
0.09851418
0.28807169
0.15137143
0.07945462
0.14270243000000002
0.08643502
0.07212473
0.11544093
0.10296128
0.09558648
0.12192313
0.06295377
0.05545367
0.02057506
0.00494796
0.06991507000000001
0.12317474
0.06025823
0.06466808999999997
0.09466879
0.16901114999999994
0.21609939
0.029896219999999994
0.02889392
0.04816742
0.01343782
0.02936852
0.01228472
0.04713002
0.07362472
0.08185147
0.03553496
0.04813612
0.09879252
0.04218742
0.09778928
0.11002339
0.18981315
0.1799584
0.07770259
0.04029749
0.11377708999999996
0.07940768
0.05144422
0.08843547
0.10325312
0.004959759999999999
0.04716052999999999
0.15202974000000002
0.17807315
0.1809447
0.24023075
0.16557669
0.02838699
0.08090489
0.11779808
0.13168608
0.03648728
0.04556587
0.02425286
0.01227577
0.02988127
0.08463988
0.035391620000000006
0.07187569
0.08162829
0.07804643
0.10693809
0.03502589
0.05977512
0.08565069
0.05388052
0.12624164
0.15132865
0.060763350000000015
0.05446353
0.05537718
0.13578985
0.15675694999999998
0.13530559000000006
0.12671085
0.06418162999999999
0.18724834
0.12376548
0.09119372
0.10747762
0.08297502
0.09165687
0.11270977
0.10730982
0.13002377999999998
0.20673704
0.13019144
0.10344778
0.07965917
0.04996216999999999
0.14834502000000002
0.08542276
0.11719047
0.14915938
0.06623767
0.08005322
0.10385768
0.14820202999999998
0.06873186
0.09250712
0.07417342
0.09017428
0.11438392
0.12172228
0.06954482
0.10635152
0.11758337
0.06503096
0.05220746
0.09886277
0.08132872000000001
0.12304243
0.12473918
0.14105029
0.09281513
0.18009239
0.16782444000000002
0.07332667999999999
0.06685396
0.08548167
0.07143252
0.07889597000000001
0.13579138
0.13761388
0.05190431
0.09541802
0.09471607
0.13547718
0.11307232
0.09491317
0.15555228999999998
0.14392848
0.10334368
0.12378044
0.07235538
0.07152313
0.12282354
0.06695862
0.15515252000000002
0.18494949
0.12880687000000002
0.10212052
0.11346702
0.08841487
0.11377598
0.09283248
0.08889928
0.13965219
0.13535029
0.13969204
0.10489668
0.13126102
0.18422348
0.15761002000000002
0.10143832
0.07824923
0.15099083
0.03125592
0.11874967
0.07250848
0.10410464
0.19716269000000008
0.13542359
0.19742325
0.13708939
0.14876089000000006
0.25242225
0.09417843
0.07448547
0.08305931999999999
0.03678332
0.10369648
0.16445173
0.22198072
0.226072
0.24473509
0.30653946
0.25927813
0.18536884
0.15420098
0.17484734000000002
0.19454323
0.21437263
0.21298169
0.23943569
0.14647222
0.14518742
0.13248272
0.14628102
0.13557172
0.25132158
0.27290333
0.23553239
0.32394319000000005
0.24062528
0.25248163
0.28216939
0.22846503
0.21977848
0.19861397
0.23296918
0.18466248
0.08876553000000001
0.17150608999999994
0.21781939
0.29415494
0.31138874
0.31988904
0.32992204
0.32112774
0.31617975
0.34448075
0.32876169000000005
0.28047054
0.27329379
0.34529195
0.32708884
0.31232025
0.27234199000000003
0.2977308
0.2884165
0.3098693
0.30637319
0.27038924
0.28011759
0.32586074
0.31552859999999994
0.30491080000000004
0.30029482
0.25490055
0.16988059
0.07236299
0.09903474
0.08154534000000001
0.04422839
0.05645321
0.06401258000000001
0.02512607
0.04412832
0.009374619999999998
0.03591432
0.08706790000000003
0.04499545
0.036176400000000004
0.06289179
0.18448602
0.22540542
0.17218689
0.09672522
0.17880329999999994
0.0849725
0.19672715
0.30220212
0.27161506
0.26718007
0.02545948
0.07567339
0.08317518
0.13562824
0.28231863999999995
0.304967
0.3367717
0.21337605
0.28922174
0.31170719
0.29661399
0.07757459000000001
0.1044387
0.0530922
0.0383357
0.0359408
0.0881907
0.0234155
0.110302
0.0915696
0.09411069999999999
0.1164298
0.08861340000000001
0.11541459999999999
0.1137383
0.07244790000000001
0.08869819999999999
0.045888600000000015
0.062238000000000016
0.059054599999999985
0.0433843
0.026792400000000004
0.045448
0.08611619999999999
0.13183280000000006
0.1436865
0.07397409999999999
0.10053680000000001
0.14234670000000002
0.0914442
0.1234194
0.0105451
0.026319500000000003
0.060941900000000014
0.0645818
0.0475156
0.032390100000000005
0.06500700000000001
0.053002400000000005
0.05044610000000002
0.06009340000000001
0.1287112
0.1274776
0.2669768
0.31092509999999995
0.2868325
0.2623769
0.2747466
0.31898170000000003
0.3007223
0.22445700000000002
0.1186847
0.1071299
0.06284279999999999
0.050861
0.0756955
0.033755699999999986
0.0369595
0.011284
0.031562400000000004
0.059937299999999985
0.0294435
0.0484347
0.0489796
0.0597867
0.0487452
0.029423200000000007
0.0474214
0.041448100000000015
0.1767763
0.18032550000000008
0.1487234
0.0957885
0.05726619999999999
0.10987360000000003
0.08332339999999999
0.1193853
0.179733
0.138917
0.12252559999999996
0.1878019
0.0657735
0.0432864
0.0253545
0.0136767
0.0701009
0.15754849999999998
0.050994300000000006
0.07330590000000001
0.040787
0.08912230000000003
0.12611650000000002
0.1165248
0.07315870000000001
0.1060721
0.06159160000000001
0.0419686
0.0233346
0.0581678
0.07530310000000001
0.06844360000000001
0.035817699999999994
0.024441400000000002
0.05235380000000001
0.1166262
0.056495900000000016
0.0909798
0.041339
0.050192
0.0597258
0.0366706
0.034384
0.1688912
0.12523900000000002
0.14968689999999998
0.1179005
0.14044489999999998
0.058541399999999987
0.0318428
0.0997477
0.0401267
0.044043300000000014
0.0269591
0.0814488
0.08032460000000001
0.035079400000000004
0.0429704
0.0440692
0.07993879999999999
0.0994039
0.04032919999999999
0.0560321
0.07270059999999999
0.06326749999999999
0.0757039
0.0959094
0.1060578
0.07117739999999999
0.050897000000000005
0.0331904
0.0378612
0.2092331
0.1086953
0.0710418
0.07807689999999999
0.040624
0.0498107
0.0184233
0.23398400000000003
0.2359951
0.0478207
0.0414529
0.022317
0.0498861
0.0798551
0.12419460000000002
0.1465479
0.07114680000000001
0.04959670000000002
0.023109900000000003
0.0794937
0.08380399999999999
0.051022000000000005
0.0476435
0.07751500000000001
0.0898106
0.0506108
0.18009760000000002
0.312738
0.30935619999999997
0.335293
0.04173
0.286812
0.3635928
0.31181030000000004
0.3214767
0.335646
0.034066
0.06535540000000001
0.138733
0.20228770000000001
0.1906656
0.2654383
0.20359620000000006
0.27433650000000004
0.34623770000000004
0.34129160000000003
0.3332492
0.32095500000000005
0.3023107
0.2707197
0.32353380000000004
0.2954341
0.2162886
0.27443700000000004
0.338505
0.273935
0.27187890000000003
0.21966460000000002
0.1062958
0.198598
0.1182087
0.2274319
0.14638020000000002
0.0820666
0.0141021
0.188103
0.08303139999999999
0.10732730000000001
0.12286869999999997
0.1831807
0.15013410000000002
0.176319
0.282301
0.21887800000000002
0.17515760000000002
0.16518
0.2399417
0.213621
0.239979
0.21485668
0.27879964
0.23397173
0.24620964
0.19771763
0.09474063
0.22381289999999998
0.1062151
0.134993
0.047219
0.1004489
0.1386842
0.16834100000000002
0.13744469999999998
0.18229870000000006
0.1190684
0.1198993
0.1333974
0.1119912
0.1684328
0.1350759
0.10348749999999997
0.16735799999999998
0.1191276
0.1050546
0.1027931
0.103908
0.0988133
0.0557274
0.06216689999999999
0.07976520000000001
0.053234199999999995
0.09603970000000002
0.1067379
0.125567
0.07888630000000002
0.06354480000000001
0.10053560000000003
0.0983572
0.1316974
0.0914159
0.22415810000000003
0.191097
0.149329
0.289315
0.28605499999999995
0.28066199999999997
0.204032
0.29727990000000004
0.23940100000000003
0.198685
0.1286463
0.163877
0.19149600000000008
0.0776955
0.060994500000000014
0.2915875
0.2432055
0.4120127000000001
0.13206020000000002
0.2684567
0.3552105
0.37418559999999995
0.353375
0.412112
0.276156
0.215472
0.35136009999999995
0.349146
0.317685
0.0961169
0.1063827
0.07783079999999999
0.08750900000000003
0.08286669999999999
0.1293405
0.049652
0.09918939999999998
0.0636056
0.0651977
0.0769307
0.131894
0.116164
0.16101159999999998
0.0903293
0.1193246
0.11002259999999996
0.0969189
0.10279819999999999
0.1096839
0.109799
0.07019310000000001
0.08125779999999999
0.09590110000000003
0.130524
0.12620979999999998
0.06268499999999999
0.08644120000000001
0.07905190000000001
0.08127990000000003
0.190391
0.1641392
0.170829
0.1312287
0.13525299999999998
0.13897320000000002
0.1349685
0.1600152
0.1354534
0.1240452
0.11095610000000003
0.1259252
0.15980279999999994
0.1521285
0.159384
0.156601
0.11493099999999999
0.14848999999999998
0.10264100000000001
0.15501800000000002
0.12566000000000002
0.133394
0.1081637
0.111207
0.07893330000000001
0.132779
0.16349
0.10356999999999998
0.10391
0.08630600000000001
0.1176556
0.0976171
0.0867839
0.08068960000000001
0.0911396
0.1051116
0.118086
0.141681
0.22054718
0.1736301
0.17967
0.16141451999999998
0.15661132
0.13945245999999994
0.1263991
0.21483841
0.22867665
0.24807227
0.195217
0.2101348
0.1737059
0.1377349
0.1824736
0.1707401
0.1008628
0.0955731
0.12899860000000002
0.13891789999999998
0.08450679999999999
0.11244400000000004
0.08075949999999997
0.12087810000000004
0.2242868
0.21712510000000002
0.2204904
0.271306
0.14646530000000002
0.15953989999999998
0.0939727
0.1179254
0.1094752
0.1165187
0.15984320000000002
0.2152042
0.31571130000000003
0.260516
0.18332000000000004
0.182653
0.172574
0.21654400000000001
0.212389
0.04977300000000001
0.13906300000000002
0.07214
0.1380915
0.047173
0.128423
0.216784
0.1339598
0.198229
0.0697422
0.2119155
0.168694
0.11547349999999999
0.18621351
0.1940444
0.1418115
0.2465096
0.19928099999999999
0.22103299999999998
0.27858799999999995
0.302978
0.282235
0.290269
0.242042
0.2299561
0.195328
0.222013
0.253215
0.118202
0.1220146
0.105579
0.13418899999999995
0.12062169999999997
0.157582
0.1909304
0.213556
0.2055424
0.16768369999999996
0.167477
0.20434000000000002
0.21609090000000009
0.21908429999999998
0.2429811
0.219293
0.19283699999999998
0.202561
0.17062299999999994
0.251548
0.23131999999999997
0.239248
0.187444
0.219085
0.185341
0.25550470000000003
0.2245653
0.1946465
0.21262399999999998
0.24933199999999994
0.1241902
0.16997700000000002
0.206183
0.14527840000000006
0.178339
0.197841
0.12456500000000001
0.13570100000000002
0.17609100000000005
0.111518
0.040095000000000006
0.07378190000000001
0.08815830000000001
0.1119517
0.08034859999999999
0.11338800000000002
0.1154687
0.208091
0.247296
0.32593
0.209639
0.181717
0.16121300000000002
0.177336
0.169997
0.261853
0.24817600000000006
0.17436899999999994
0.21711400000000008
0.207637
0.234065
0.18199
0.21943200000000002
0.23584400000000005
0.253895
0.260902
0.284517
0.211011
0.18765
0.1719424
0.13800389999999998
0.19130550000000002
0.203229
0.213679
0.185413
0.2209644
0.1973342
0.1505495
0.1779456
0.1861405
0.165713
0.1155824
0.14366500000000001
0.1547201
0.17094439999999994
0.15752930000000004
0.25726073
0.3405056999999999
0.27047530000000003
0.2884604
0.2947652
0.3435422
0.2141305
0.1941415
0.2664224
0.2124565
0.2146055
0.2106933
0.17108199999999998
0.2425896
0.240654
0.22089770000000006
0.1877679
0.20765570000000005
0.2005567
0.2182219
0.3328134
0.29711170000000003
0.321512
0.3779333
0.2804251
0.287433
0.26703520000000003
0.2571549
0.22600170000000003
0.2257698
0.27440820000000005
0.2270399
0.2394951
0.2214708
0.21977170000000001
0.2048416
0.24464
0.2825276
0.2482593
0.2018944
0.2244170000000001
0.2298721
0.2546491
0.2626681
0.2066782
0.219646
0.2999255
0.22605319999999995
0.2859109
0.26017510000000005
0.2935459
0.198667
0.1856843
0.17963080000000006
0.13345610000000002
0.15231570000000005
0.1947109
0.16666720000000002
0.2261003000000001
0.13814300000000002
0.2246728
0.190483
0.20333320000000002
0.2195452
0.17977459999999998
0.14911019999999994
0.1588205
0.2257944
0.17259780000000002
0.1686372
0.14047150000000005
0.15837779999999999
0.18801150000000005
0.1444522
0.13204470000000001
0.1339246
0.1674298
0.1307794
0.1850555
0.1350191
0.14265970000000006
0.189342
0.0739661
0.08737610000000001
0.07400770000000001
0.12359160000000002
0.1138231
0.07097980000000001
0.092778
0.05984870000000001
0.06618610000000001
0.0510798
0.08744629999999999
0.11093050000000004
0.0912307
0.16585479999999994
0.0937052
0.1213144
0.15186329999999998
0.1172282
0.1416438
0.124511
0.0532996
0.0806531
0.08067080000000001
0.08118339999999999
0.1491815
0.14665160000000002
0.1367461
0.0943938
0.0526078
0.0399436
0.08606920000000001
0.0351666
0.11706130000000001
0.049710800000000006
0.041261900000000004
0.0708386
0.1050514
0.24599040000000005
0.26611399999999996
0.19725720000000002
0.10827260000000002
0.0679712
0.05708290000000001
0.10574669999999999
0.0484781
0.0635102
0.0370347
0.033976400000000004
0.0889933
0.0716118
0.0927698
0.11324760000000003
0.1052161
0.1032038
0.09037339999999999
0.1308076
0.1415712
0.1271099
0.0352661
0.050887
0.08646319999999999
0.0902221
0.0792101
0.064786
0.14256529999999998
0.256792
0.25557640000000004
0.14316490000000004
0.0969965
0.12008250000000002
0.051553000000000015
0.0608572
0.1248872
0.11995630000000003
0.13503700000000002
0.1334912
0.1743928
0.1848331
0.2849639
0.2150813
0.17245660000000002
0.163502
0.2520948
0.1813771
0.12704200000000002
0.17252630000000002
0.17435460000000005
0.11330370000000001
0.13076919999999995
0.1709675
0.16183889999999998
0.1785185
0.2409453
0.1392092
0.15308650000000001
0.1408003
0.17234970000000002
0.13739400000000002
0.16469579999999998
0.1694174
0.12011279999999999
0.2393943
0.2469254
0.2584889
0.300659
0.2440132
0.17192939999999998
0.16660030000000006
0.1650554
0.1736868
0.14663299999999999
0.2109566
0.1934563
0.1493146
0.1361799
0.14430479999999998
0.16628910000000002
0.17045760000000001
0.15934890000000002
0.1448512
0.16168970000000002
0.1283538
0.14969870000000002
0.21440340000000002
0.1923015
0.17579979999999998
0.2550045
0.2512132
0.14913700000000002
0.172734
0.17249420000000001
0.18324970000000002
0.2103185
0.1659655
0.15574839999999998
0.1893187
0.1318608
0.1944634
0.21326650000000005
0.1218235
0.12779590000000002
0.13664379999999998
0.055324600000000015
0.0946622
0.1707114
0.1438936
0.17434639999999996
0.16897430000000002
0.14722420000000006
0.11445070000000004
0.10883169999999998
0.1057003
0.1366675
0.0511962
0.047687699999999986
0.0926797
0.1539379
0.09625060000000002
0.08181870000000001
0.11378189999999999
0.17342229999999995
0.17581929999999998
0.20737840000000002
0.1811762
0.1980441
0.205517
0.15506869999999998
0.1351723
0.13556279999999998
0.14945899999999998
0.16436240000000002
0.1575089
0.26377300000000004
0.262394
0.2511195
0.226086
0.2076611
0.17254370000000002
0.1908934
0.2093522
0.218777
0.2090598
0.1781944
0.14556559999999996
0.15805279999999994
0.19719009999999995
0.2845266000000001
0.25316150000000004
0.22593000000000002
0.26841740000000003
0.2513779
0.2308136
0.20846729999999994
0.20626710000000004
0.13977499999999998
0.1528521
0.16541799999999998
0.14828
0.1867331
0.17346499999999998
0.137624
0.11405330000000001
0.1086902
0.1140039
0.1187942
0.10816469999999999
0.16578550000000006
0.2040478
0.1745751
0.1965243
0.1899888
0.2251145
0.2582991
0.2636998
0.2807187
0.27331880000000003
0.23948049999999999
0.2337065
0.2475973
0.2462382
0.2330728
0.2176996
0.19771529999999998
0.22615259999999998
0.2437787
0.22443220000000005
0.2324884
0.19480390000000009
0.2410303
0.19089289999999998
0.2134988
0.17489739999999998
0.194435
0.2208529
0.1990036
0.23684090000000002
0.17407550000000002
0.2080479
0.18416770000000002
0.2557148
0.2854495
0.25116890000000003
0.22739050000000002
0.28157459999999995
0.2615928
0.185375
0.1728752
0.17700899999999994
0.2420354
0.1911219
0.1439177
0.1292125
0.07372680000000001
0.0772922
0.12026089999999998
0.1219175
0.2539241
0.17471679999999998
0.26674000000000003
0.1149675
0.236645
0.30587200000000003
0.287169
0.0934647
0.09098929999999998
0.15760539999999998
0.125871
0.2697254000000001
0.34747490000000003
0.3473755000000001
0.09689300000000002
0.1350049
0.14746579999999998
0.2652744
0.2953599
0.2915738
0.2777671
0.1130348
0.17324669999999998
0.12197329999999999
0.15389770000000005
0.1386946
0.1545146
0.1550214
0.1384649
0.12969
0.08404089999999999
0.16142959999999998
0.1196085
0.0889305
0.1324766
0.1499834
0.14872120000000005
0.06742100000000001
0.0836495
0.11748029999999995
0.09858380000000001
0.1016838
0.14447300000000002
0.11401459999999998
0.07874919999999999
0.1177493
0.091399
0.08972920000000001
0.1875388
0.08898710000000001
0.1209885
0.0441198
0.07903059999999999
0.0451864
0.07085130000000002
0.0994834
0.1001319
0.1293252
0.0923306
0.17458089999999996
0.09466370000000003
0.1583191
0.1766012
0.1610251
0.14623669999999994
0.1862149
0.212553
0.21390660000000006
0.1953241
0.2481194
0.203613
0.2606444
0.251604
0.2123658
0.24976170000000006
0.2265744
0.1958808
0.24318829999999997
0.2905165
0.1852848
0.18420970000000006
0.2341724
0.2423705
0.2660276
0.25283989999999995
0.2771849
0.2485886
0.2928947
0.2196325
0.2221433
0.2225154
0.21137609999999998
0.2192893
0.239279
0.24361500000000005
0.2620533
0.07677270000000001
0.11834830000000005
0.2068331
0.181015
0.1783422
0.1533487
0.16266570000000002
0.1456914
0.12759669999999998
0.1283703
0.1359072
0.13883370000000006
0.1283349
0.16557699999999995
0.18081440000000001
0.12215960000000001
0.12106480000000001
0.0915432
0.08757820000000001
0.0761922
0.09455039999999999
0.0497092
0.13085059999999998
0.095296
0.1087687
0.1348953
0.1281154
0.1381531
0.1831354
0.08013310000000001
0.0891444
0.08113880000000001
0.0867441
0.11258
0.1052897
0.1087041
0.15500250000000002
0.1133378
0.12578140000000002
0.1207971
0.124342
0.1446922
0.0929373
0.1281991
0.08294100000000001
0.08144870000000001
0.1307169
0.15726939999999998
0.16666470000000005
0.1898432
0.09721239999999998
0.0415611
0.0329281
0.0549497
0.0034933
0.04818780000000001
0.0950219
0.0953349
0.1090962
0.2111062
0.14089400000000002
0.1040302
0.1973739
0.07231130000000001
0.1243771
0.1604114
0.10894719999999998
0.06406279999999999
0.07813039999999999
0.04665340000000001
0.0874157
0.1196174
0.04643769999999999
0.050206699999999986
0.13005280000000002
0.1297757
0.07787969999999997
0.1129938
0.1152046
0.13029880000000002
0.0943418
0.0869448
0.08807519999999999
0.2269165
0.0611172
0.07744060000000001
0.1331751
0.0913203
0.09352619999999999
0.08884260000000001
0.0805585
0.09277730000000001
0.0696009
0.08689510000000003
0.07916010000000001
0.1129124
0.1269922
0.09997670000000004
0.143902
0.1137121
0.1233658
0.2831281
0.12173219999999998
0.09758419999999997
0.07617779999999999
0.1801743
0.1713353
0.179911
0.14539720000000006
0.16754049999999998
0.1529434
0.1342402
0.1198739
0.189651
0.1785527
0.2135443
0.2308609000000001
0.2523805
0.2324243000000001
0.23244740000000005
0.140578
0.1338219
0.2019312000000001
0.09009550000000001
0.107355
0.15860470000000002
0.1123087
0.0615062
0.07750239999999999
0.10357419999999999
0.04847800000000002
0.042723199999999996
0.097216
0.08038490000000001
0.08215850000000001
0.0581535
0.0972925
0.0993206
0.1106918
0.23977510000000002
0.2489528000000001
0.21888040000000009
0.1870419
0.25674810000000003
0.2379868
0.2197926
0.2330228
0.18429879999999998
0.1939282
0.2102328
0.195504
0.2118343
0.23882240000000002
0.305087
0.3042407000000001
0.29800909999999997
0.29017589999999993
0.2745669000000001
0.2354409
0.3330852
0.3018018
0.2188156
0.21135
0.2012263
0.2090222
0.3334711
0.30221809999999993
0.3222839
0.2967587
0.2795824
0.2768664
0.34052020000000005
0.30708270000000004
0.2640062
0.2313464
0.12562510000000002
0.17935040000000002
0.2009824
0.21795889999999998
0.2490465000000001
0.1965555
0.2390025
0.2556467
0.2365016000000001
0.2875275
0.222683
0.2749051
0.2358709
0.2161617
0.3100864
0.1999819
0.2347686
0.2750112
0.2978044
0.3067034
0.28009670000000003
0.2949662
0.2869724
0.2859604
0.2387313
0.21809699999999999
0.2001873
0.2285259
0.2332636
0.2038613
0.22175860000000006
0.2183449
0.2263736
0.21919629999999998
0.2304025
0.2253864
0.2058949
0.2310735
0.21077390000000001
0.2072099
0.22206959999999998
0.2100864
0.2320408
0.2660256
0.219363
0.21085650000000009
0.27786809999999995
0.23205660000000006
0.15430950000000002
0.2492324
0.2404738
0.23414369999999998
0.24462410000000004
0.2242136
0.2721551
0.24805729999999998
0.2418235
0.205034
0.25716839999999996
0.2737277
0.2516166
0.220385
0.2415004
0.2104055
0.19065739999999998
0.34223210000000004
0.2259635
0.2088284
0.2006851
0.2191279
0.2320439
0.2188861
0.2126243
0.2289917
0.2733116
0.2812942
0.27841950000000004
0.238393
0.2807186
0.2101144
0.1968174
0.2199026
0.2250926
0.2032978
0.22674610000000006
0.2525546
0.1993968
0.2297193
0.2667711
0.2090286
0.22730630000000002
0.2185184
0.2106248
0.27254480000000003
0.2329077
0.1848222
0.0872961
0.1107756
0.14717850000000002
0.2075666
0.19503299999999998
0.20915010000000006
0.2467823
0.2611235
0.2253219
0.23635660000000006
0.2092114
0.1926989
0.19169370000000002
0.1981815
0.2285334
0.221898
0.2309091
0.2326705
0.2428509
0.317185
0.33068790000000003
0.3151172
0.32843130000000004
0.28706570000000003
0.2620555
0.3161542
0.333338
0.34860209999999997
0.34608890000000003
0.37002090000000004
0.3269
0.299027
0.3803391
0.385031
0.4043652
0.34472280000000005
0.2674385
0.340913
0.2838084
0.321479
0.3729723
0.3728241
0.3693918000000001
0.3770179
0.3825947
0.3731328
0.3671082000000001
0.3728159
0.2690258
0.3640434
0.3430847
0.22702
0.22109770000000006
0.2603996
0.2382687
0.2100806
0.22368109999999994
0.27253740000000004
0.22560360000000002
0.204795
0.24516420000000005
0.24913629999999998
0.2095235
0.2505777
0.1961568
0.2780017
0.3118413
0.2929392
0.26248720000000003
0.29023190000000004
0.21790990000000002
0.209445
0.2410652000000001
0.225663
0.2544931
0.2374263
0.2433879
0.27390440000000005
0.2340676
0.24617089999999997
0.20537870000000003
0.2009526
0.2242522
0.22890460000000004
0.2616529
0.2449445
0.21716190000000002
0.2319164
0.2694778
0.26967689999999994
0.2658948
0.262169
0.2620038
0.2370161
0.15330649999999998
0.24189520000000003
0.30052860000000003
0.30734890000000004
0.3728384000000001
0.3075735
0.26713800000000004
0.3900322000000001
0.3351825
0.1852414
0.2117567
0.2564969
0.2174795
0.2387417
0.22758470000000006
0.2058728
0.2142366
0.233814
0.2631325
0.2694901
0.26456230000000003
0.2428262
0.23233209999999999
0.2393803
0.2072644
0.2103044
0.2158862
0.2077265
0.2400322
0.2546377
0.22844250000000002
0.2513488
0.28700289999999995
0.3298098
0.3358724
0.3435649000000001
0.2532472
0.3671828
0.34834190000000004
0.30943370000000003
0.3525515
0.33333959999999996
0.3563345
0.3528639
0.3360019
0.2143003
0.2939364
0.3679644
0.3000366
0.2406041
0.2520886
0.3426808
0.4003634
0.3481533
0.2980079
0.3906028
0.3920164
0.2765018
0.4058256
0.3484786
0.31521560000000004
0.31358059999999993
0.2743168
0.2983638
0.34872960000000003
0.3399235
0.3227555
0.3031896000000001
0.2973953
0.319835
0.3364205
0.3349988
0.3374904
0.2669391
0.243907
0.3560164
0.4350814000000001
0.35532040000000004
0.3310039
0.25030549999999996
0.27298690000000003
0.273331
0.25938102
0.42282646
0.40824628
0.30403025
0.33113704000000005
0.29007973000000004
0.2845439300000001
0.27774185
0.25050065000000005
0.43488045
0.26882029
0.35325543000000004
0.38507043
0.26230126
0.28610917
0.22030082
0.08581748
0.21259283
0.35734993
0.32619237999999995
0.32945978
0.34739198
0.34121113
0.34691423
0.20449624
0.22183413
0.30329603
0.29484633
0.24575382
0.22614742
0.25392952
0.29237969
0.28663204
0.3477558900000001
0.27121123
0.26124488
0.22274592
0.22405092
0.24113183
0.22850282
0.22554368
0.18783532
0.21082202
0.18703922
0.17116652000000002
0.21054818
0.21814393
0.37082509
0.34355839
0.43555109
0.40281139
0.32497704
0.25451588
0.24123627
0.23397272
0.24759917
0.24643698
0.38493293
0.44357558
0.43342623
0.37968769
0.27900159
0.26531454
0.26256382
0.28527929
0.47000093
0.46721349
0.4694318300000001
0.20818519
0.44189524
0.46134664
0.4047466
0.47120809
0.4721891
0.44910365
0.4342559
0.45101795
0.47197455
0.47400975
0.45688595
0.47456445
0.38977415
0.47090884
0.45898964
0.47601119
0.47474255
0.4524598
0.4746077100000001
0.46949025
0.47227271
0.46812685
0.47076755
0.45239739
0.46696739
0.45488795
0.44756769999999996
0.47280515
0.4683893499999999
0.46899001
0.46400596
0.47245965
0.4398423500000001
0.4649385999999999
0.45841205
0.46387945
0.46995475
0.43381255
0.4697156
0.46712395
0.47462205
0.43147615
0.43861835
0.41961227
0.45336352
0.34377636
0.47609235
0.47199185
0.4736653
0.4747242999999999
0.4325590999999999
0.4678831
0.4232797999999999
0.4715787
0.46968625
0.47218921
0.4740964
0.47599741
0.4714336
0.45799185
0.4563801499999999
0.4722089
0.47153685
0.47296705
0.44448104
0.43800684
0.45928064
0.46546609
0.46214389
0.45733165
0.44264259
0.45919529
0.4638939999999999
0.43191209
0.44442429
0.46276859
0.43656139
0.46559529
0.45737649
0.44927264
0.45111549
0.46394564
0.46707494
0.46584179
0.46614489
0.46592855
0.4635951
0.37127511
0.45952569
0.46286315
0.33935315
0.35482281
0.32358017
0.34724380999999993
0.32556811
0.30163535
0.45087865
0.44666777
0.44069791
0.37908394
0.35765506
0.3566074
0.46045228
0.41540878
0.46916997
0.46263513
0.45671018
0.44026743
0.4562794200000001
0.40403284
0.4636654700000001
0.42799198
0.45706568
0.4728378299999999
0.47125233
0.47231708
0.4050103400000001
0.40159295
0.4103735
0.4245072
0.42919009999999996
0.4263954800000001
0.43128524
0.4304939
0.42257474
0.46891598
0.46390309
0.42092958
0.42856673
0.47723963
0.47653052
0.45075141
0.4749292299999999
0.43160943
0.46955903
0.46898718
0.47373017
0.47461191
0.46774468
0.4692622300000001
0.4097936299999999
0.16504425
0.2290923
0.27062976
0.32678787000000004
0.07870148999999999
0.06902748
0.13587954
0.17221148
0.29630608
0.15315007
0.15720961
0.14072062
0.18547445
0.23490288
0.3284322
0.31285797000000004
0.4325996799999999
0.44547616
0.42646602
0.3746920699999999
0.32413792
0.3410016
0.35199348
0.34648086999999994
0.13771438
0.14714863000000006
0.31635402999999995
0.31155563000000003
0.26156408
0.29103699
0.3049472400000001
0.29119913000000003
0.28926898999999995
0.2977807999999999
0.28109951
0.26520562
0.26131701
0.27603191000000005
0.2632373
0.2614064700000001
0.31188056
0.32121567999999995
0.29617168000000005
0.33456285
0.16045922000000004
0.23260429999999996
0.20877842
0.26227711
0.21588247
0.21383626
0.24838068
0.31614433000000003
0.34661177
0.36150827
0.36027378
0.3472706099999999
0.43953745
0.46126779
0.41442923
0.3957346
0.38405627
0.38288777
0.3940347699999999
0.35705703
0.3460600600000001
0.36661847
0.38796322
0.38683498
0.34352213
0.36370868
0.35496212999999993
0.3900288
0.39087385
0.3617257
0.34895023
0.3472135
0.32965664
0.31510725
0.4501014999999999
0.4542771
0.4345373400000001
0.43555094
0.42617910000000003
0.38517414
0.44682954
0.43056854
0.38055169
0.33181133999999995
0.37856189
0.40506644
0.4245564399999999
0.4386536
0.33857229999999994
0.4187371
0.41097384
0.31837044000000003
0.36620784
0.31384928999999995
0.33291154999999995
0.32314410000000005
0.32800259
0.34101829
0.44002534
0.41044495
0.42879315
0.45506905
0.4172627500000001
0.44339795
0.4269406
0.40960954
0.4282482
0.44227314
0.46329994
0.4591153
0.47334551
0.4715702
0.4665984
0.4481203400000001
0.42457134
0.26099004000000003
0.24821908
0.25205688
0.25724938
0.32565074
0.37830959
0.27496278
0.27566813
0.32248429
0.29106113
0.31032579
0.33684154
0.29942099
0.4022002
0.32913484
0.32189564000000004
0.36765834
0.36411804
0.36752014
0.35867524
0.3643515900000001
0.21021985
0.2614482
0.24301291
0.35694894000000005
0.3889144000000001
0.40704319
0.41170605
0.40231244
0.38721859
0.23916495
0.26074989
0.23595459
0.19474583
0.21784684
0.22173928
0.25715284
0.22830734
0.19352928
0.25325945
0.33838609
0.31812939
0.33400859000000005
0.31046943
0.30086418
0.29751438
0.29963733
0.27927702
0.31391843
0.32335538
0.31091998
0.31477473
0.41611525
0.4089203
0.42677735
0.37766659999999996
0.3716036
0.33966334
0.28769753000000003
0.25824267
0.27021402000000005
0.31273094
0.32859054
0.40759024
0.40684564
0.29650698000000003
0.30864564
0.34212594
0.34028139
0.26445401
0.32539609
0.28370088
0.25672699
0.27510028
0.26548618
0.27242418
0.25890663
0.24295198
0.29400043
0.33568324
0.24955915
0.28305764
0.25360464
0.28198773
0.29816613
0.27567718
0.29235433
0.25043174
0.25343533
0.30697428
0.32417158
0.35631338
0.34993084
0.34277640000000004
0.37581801
0.35361739
0.33731130000000004
0.35656189
0.33180874
0.31972758
0.23728248
0.22817872
0.2670344800000001
0.28243898
0.22504554
0.33168023
0.35473144
0.34775958
0.32991073000000004
0.27246618
0.25796358
0.28194548
0.30131013
0.34714337999999995
0.36048284
0.37653234
0.3681126000000001
0.19597714
0.34759579
0.28648114
0.20202443
0.33511392
0.33231178
0.33192253
0.33126423000000005
0.30956528
0.32522848000000004
0.18942988
0.36623248
0.35845638
0.36181224
0.37027628
0.36677934
0.30246794
0.34949898
0.32686428
0.33256163
0.35198538
0.33372863
0.26923588
0.28098433
0.19780888
0.20260353
0.30867954000000003
0.22180449
0.37141759
0.3526100400000001
0.35217644
0.32456559
0.33387058000000003
0.33161653
0.34264258000000003
0.31525053000000003
0.32931938
0.33274858
0.33423798000000005
0.33289618
0.33765093
0.3060311800000001
0.32184928999999995
0.34790644
0.34713203
0.32764633
0.35654283000000003
0.33051268
0.18740358
0.26961608000000004
0.30202533
0.31398793
0.33211348
0.30833303
0.32007033
0.33784524
0.32282678
0.35943498
0.34975868
0.32442418
0.36325398
0.32706373
0.33094858
0.32985528
0.32648397999999995
0.33703403000000004
0.32351548
0.32600343000000004
0.28990853
0.29660454
0.36665639
0.3254528800000001
0.34018768
0.32647069
0.35344814
0.33151398
0.34052608
0.36538023
0.35404498
0.32906658
0.33363462
0.34435858
0.33510082
0.33144628000000004
0.34497343
0.34923038
0.33625488
0.3456833300000001
0.34078613
0.33627458
0.36822998
0.36660244
0.33968291999999994
0.33759128
0.33003502
0.32912748000000003
0.20123239
0.26406295
0.14703561000000004
0.12925231
0.24544188
0.36006051
0.26424639
0.24489453000000005
0.22125128
0.32091144
0.34329654000000004
0.25315718000000004
0.28234987999999994
0.27844703
0.21881878
0.23511344
0.26569684
0.3339185
0.3810162
0.32376645
0.31680434
0.26496224
0.25901438
0.28016839
0.26301683
0.30071854000000003
0.21175198
0.22017048
0.31602883
0.27988743000000005
0.28083238
0.34814874
0.3438936
0.36339861
0.3199180100000001
0.32133141000000004
0.36533635
0.24667763000000004
0.2714384400000001
0.24333089999999996
0.20972399000000005
0.27569724
0.25156854
0.27291190000000004
0.32822534
0.3908011100000001
0.32613821000000004
0.29256144
0.14026451
0.20092870000000002
0.26081989
0.33310441
0.41454211
0.4536629
0.46025109999999997
0.41430146
0.4677458
0.33473385
0.41254155
0.4463634500000001
0.39585515
0.32210259999999996
0.29687561
0.34868631
0.35944070999999994
0.26539026
0.39900975
0.29929989
0.51287839
0.37592189
0.41836914
0.42781791
0.42025091
0.46390027
0.43892437
0.37827326
0.27189665
0.34251994
0.33902863
0.23837548
0.31897811
0.3461991
0.3313322
0.24690164
0.23620849
0.22897418
0.23449429
0.22287924
0.22049972
0.21907604
0.29919664
0.3438586
0.33652028999999994
0.3408213900000001
0.32828479000000005
0.37841771
0.24301296
0.23407231999999994
0.14486897
0.20226016
0.07271597999999999
0.07124333
0.03243165
0.06873035
0.10798459000000002
0.11467469
0.10171734
0.11226354
0.12078545000000004
0.07070155
0.12982330000000006
0.0961548
0.10821275
0.07833067000000002
0.09748454000000004
0.06795550000000003
0.09090544
0.17736323999999998
0.25335749
0.24737434
0.08617145000000001
0.08539250999999999
0.10888381
0.12545006
0.08467182
0.18632564
0.19669382
0.20807778
0.21069478
0.20479278
0.16177443
0.24546272
0.21858014000000006
0.1861063500000001
0.2905223
0.27573735
0.27596649
0.20176134
0.20009779000000005
0.17611870000000002
0.08728143999999999
0.15384673
0.18511813
0.21992053
0.12657110000000002
0.24202504
0.23885979999999998
0.25266196
0.22225545
0.19570734
0.14172494000000002
0.14922373000000005
0.20226762
0.21335658
0.23560923
0.18417597
0.22259502
0.22438094
0.22895798
0.23032539
0.20157399
0.22628654
0.20788248
0.22411104
0.22196823
0.2209822800000001
0.21537443
0.21254653
0.24557908
0.22727494
0.2252923
0.28323051
0.29647959999999995
0.23968199
0.25901398
0.25199878
0.27460054
0.29156764
0.24635029999999997
0.2867172
0.29307551
0.28162196
0.40948486
0.38246667
0.41866111
0.4196463600000001
0.1116714
0.0679297
0.28959071
0.16908945999999994
0.18445426
0.16685929
0.09287504
0.14425744
0.15894988
0.22869088
0.23215833
0.08801669
0.11066633999999996
0.20814488
0.23912999
0.32539559999999995
0.36237605
0.3597165
0.42351199
0.31859474
0.24963064
0.27544524000000004
0.29394449
0.20668184
0.2106106
0.27703598
0.25170443
0.18942194
0.25282659
0.25776004
0.25806959
0.27813574
0.27335843000000004
0.20145978
0.18792133000000005
0.22848938
0.30196489
0.31339498
0.32214824
0.280778
0.21818161
0.30051494
0.25159586
0.27766664
0.28820504
0.29379671
0.32603441
0.30853076
0.28119531
0.27801536000000004
0.27548293
0.29246574
0.30725863000000003
0.22944964
0.24897364
0.23375674
0.27106794
0.31839701
0.2883743400000001
0.31756994
0.29628697
0.27138846
0.28212956
0.19983096
0.25937945
0.32099231999999994
0.36827141
0.36199413
0.34453967
0.31430882
0.33851555
0.21501094
0.27560154
0.25046344000000004
0.11794028
0.25952848
0.22225438000000008
0.26049479000000003
0.15167321
0.22343334
0.25694844
0.27143905
0.27819025
0.26700081
0.25499379
0.2517461400000001
0.22702639
0.20670918
0.20662602
0.19309244
0.23575589
0.23924254
0.2992059899999999
0.22262224000000005
0.20865804
0.1577036
0.28490394
0.24707898
0.20308219
0.17412834
0.2374493
0.19475761
0.19108525
0.20557822
0.25955331000000004
0.25400864
0.29897864
0.30165298
0.2963743299999999
0.26055784
0.26903978
0.26160754
0.21040524
0.27137404
0.30075264
0.190497
0.21408445000000004
0.31927485
0.3516308400000001
0.30293444
0.29580724
0.24751624
0.27017168
0.29586299000000005
0.26887048
0.29531048
0.34274509
0.32064609
0.27767339
0.24446319
0.29485528999999994
0.38560124
0.28083614
0.35839596
0.30675774
0.29153784
0.26296169
0.30448649
0.29074113
0.30967774
0.31619293000000004
0.38356404
0.24812128
0.34194284
0.31391015000000005
0.3645432
0.40955949999999997
0.30572704
0.2776249
0.3201619
0.2382683
0.34843209
0.34638749
0.37041809
0.35418424
0.33310008
0.26348058
0.24062108
0.25858144
0.27002804
0.27173464
0.30090604
0.29336099
0.29793079
0.26852092
0.26632612
0.26804287
0.25775627
0.26760112
0.27345893
0.28638168
0.27983138
0.28627959
0.24919574
0.26811688
0.26990833
0.26104848
0.24505424
0.25137692
0.24514918
0.23870792
0.23948432
0.26363598
0.27486214000000003
0.28199848
0.27753802999999994
0.28526923000000004
0.25934108
0.25248552
0.25315752
0.2435758700000001
0.25521578
0.27768308
0.25787772
0.28305268
0.27588388
0.26166373000000004
0.27639443
0.26876018
0.28405342999999994
0.22224612
0.23562927
0.25209876
0.25294031999999994
0.23465327
0.23360422
0.25540237
0.26462911999999994
0.2915241800000001
0.28697423
0.25624477999999995
0.24444257
0.26205448000000003
0.26086528
0.26067307
0.22344762
0.25822727
0.24351517
0.27068432
0.24843908
0.25427058
0.28306428
0.16411593999999996
0.21250048
0.24222892
0.25073968
0.23617142
0.23023537
0.23606442
0.24475708000000004
0.25394972
0.25946033
0.28886473999999995
0.26169709
0.28016309
0.26441324000000005
0.25526818
0.24249842
0.25296702000000004
0.24595068
0.24246442
0.23753802
0.25252247
0.24863332
0.26936018
0.27919134
0.24774848
0.25913853
0.27261813
0.24162767
0.24177136
0.08444322
0.08037918000000001
0.07959933000000001
0.07941033000000003
0.06930158
0.13458099
0.1319509
0.10136034
0.12949080000000002
0.07546699999999999
0.09031544
0.11573715
0.08910093
0.08010198
0.07853953000000002
0.08246944
0.07177174000000001
0.10957839
0.13755661
0.12463720000000005
0.1296662
0.11364864
0.08474414
0.08351024
0.08803938
0.07696428000000001
0.08105167999999999
0.07593059
0.11711014
0.10374073999999996
0.1378991
0.09381554
0.11498554
0.08413394
0.08915144000000001
0.07323423
0.08861448000000001
0.13102874
0.11434474
0.08391498
0.09586453
0.09102113
0.08494558
0.08751553999999999
0.11776588
0.08323462000000001
0.07333693000000001
0.09937648
0.12091819
0.08945962999999997
0.09235214
0.08729948
0.10491128
0.08467914000000001
0.09109929
0.07889908000000001
0.10207179
0.08190778
0.12682514
0.08448203
0.07695968
0.09570614
0.09250484
0.07771054
0.10636474
0.09080303
0.10220063
0.12751049
0.13664679
0.12110749
0.09668508
0.09725663
0.09372164
0.09846633
0.09654424
0.07923453000000001
0.08535754000000001
0.08482788
0.13124973999999998
0.1295404
0.15706671
0.11357524000000002
0.11362894
0.08495478000000001
0.09242144
0.09646694
0.12566894
0.08642947999999999
0.09011768
0.09345494
0.1407481
0.11632244
0.20432376
0.20012261
0.15355561
0.12667087000000002
0.20127167
0.15775435999999998
0.11962071
0.06536574
0.08957112
0.07087687999999999
0.07766929
0.12389506
0.25035577
0.25683067000000004
0.17070503999999995
0.11599661
0.08175018
0.10684254
0.10882544
0.08886579000000001
0.08694504000000003
0.12580444000000002
0.13336759999999998
0.14278304
0.21486481
0.21355431
0.23025817
0.13619351
0.13681505
0.10824284
0.10819575
0.0906336
0.10074044
0.1075685
0.15354715000000002
0.1693106
0.19679201
0.14776932
0.10279496
0.13815122000000002
0.14089517
0.06757765
0.06324570999999997
0.13109261000000005
0.10444145000000002
0.09401245
0.19170047
0.16801001999999998
0.13152987
0.19003973
0.14601042
0.14981527
0.45635528
0.45207127
0.43734728
0.43475563
0.13747177
0.13710611
0.08415435
0.11833995
0.16752825000000002
0.25057852
0.23124361
0.24842637
0.25856647
0.25280407
0.26277757
0.13142451
0.15533771000000002
0.20892441
0.24606581
0.25710895
0.24181627
0.21850866
0.24949507
0.15276322
0.17092073
0.26740872
0.26811839000000004
0.18316597
0.17148997
0.15028651
0.12455602999999996
0.12195113999999994
0.14910096
0.16462759000000002
0.14694123000000006
0.11991702
0.20418693
0.22072234
0.22705659
0.27440564
0.23729287
0.19397857
0.14882018000000002
0.18763008
0.22148554
0.29601039999999995
0.24524339999999997
0.19141463
0.43581227
0.41228152
0.41494417
0.38699627
0.40429132
0.33951060999999993
0.31129301
0.31343681
0.32845971
0.25360805
0.33408641
0.4070331500000001
0.35866021
0.33730121
0.29066361
0.37906637
0.34780141
0.35963921
0.24906356
0.26996461
0.21692711
0.22390481
0.20662217
0.18483876
0.13798051
0.31000227
0.16459493
0.15700821
0.18441065
0.12064034
0.24908624
0.14495423999999998
0.14785575
0.16139396
0.23859707
0.18100117
0.09113021
