0.036448900000000006
0.03792
0.039249000000000006
0.2725141
0.2781998
0.28350559999999997
0.1985988
0.06556689999999997
0.07412569999999999
0.0917862
0.15386480000000002
0.11668119999999994
0.1001659
0.08994579999999998
0.073668
0.072201
0.07345189999999999
0.1263446
0.07088580000000001
0.11684180000000001
0.06625009999999999
0.0708105
0.10897160000000002
0.10068019999999996
0.06906509999999999
0.0813742
0.08549419999999999
0.082623
0.08545710000000001
0.0838835
0.0832577
0.0925847
0.08266230000000001
0.13839780000000002
0.0880081
0.051082499999999996
0.0746032
0.11638620000000002
0.12371179999999996
0.1224473
0.10860630000000003
0.10491829999999998
0.11065530000000004
0.1093747
0.1115131
0.101918
0.08760480000000001
0.0953299
0.1240387
0.106714
0.0925607
0.1225093
0.1148839
0.1314509
0.06685489999999998
0.06697129999999997
0.057825899999999986
0.0640761
0.04354030000000001
0.048473400000000014
0.051806300000000007
0.07309639999999998
0.1899224
0.0923157
0.10688230000000001
0.1148116
0.25621439999999995
0.14442879999999994
0.13335020000000006
0.07001660000000001
0.05240259999999999
0.0481584
0.0430116
0.041898500000000005
0.0453214
0.0439217
0.0477755
0.07007589999999997
0.058546700000000014
0.0899655
0.1080295
0.0893867
0.17020320000000005
0.1852599
0.20663409
0.143099
0.11643309999999996
0.09310829999999998
0.07105519999999999
0.05802060000000001
0.1172247
0.1070653
0.14401789999999998
0.16977950999999994
0.15793390000000002
0.16404570000000002
0.1529818
0.13803739999999998
0.10766310000000001
0.08421400000000001
0.0759886
0.0570592
0.07333610000000003
0.06258319999999999
0.05683580000000001
0.06675139999999999
0.07947640000000003
0.17265689999999995
0.1697769
0.08486139999999998
0.14940209999999998
0.1138938
0.10657060000000003
0.1386188
0.13343500000000005
0.112424
0.1184124
0.09100989999999999
0.08821649999999999
0.103633
0.16515609999999994
0.15807759999999998
0.16575550000000006
0.1903019
0.0990735
0.1257039
0.12271959999999996
0.22118690000000002
0.209698
0.1953436
0.1738445
0.169495
0.13116989999999998
0.1048879
0.0984829
0.1151237
0.1138078
0.1107843
0.14242359999999998
0.06533869999999999
0.08323900000000001
0.0579474
0.08918859999999999
0.055391100000000006
0.05719039999999999
0.04458509999999999
0.0466702
0.04388179999999999
0.07614619999999997
0.04306529999999999
0.09551569999999998
0.10694749999999999
0.12813339999999998
0.08135509999999997
0.146515
0.11444120000000002
0.08512539999999999
0.04959339999999998
0.10031010000000001
0.09587269999999999
0.098545
0.1403527
0.11401509999999995
0.13604819999999995
0.13667490000000002
0.1126075
0.12156030000000002
0.261497
0.23376799999999998
0.13821930000000002
0.085846
0.12978599999999998
0.11458110000000002
0.1110309
0.105707
0.1006952
0.11129569999999996
0.1641744
0.15728610000000007
0.16480029999999998
0.10204119999999996
0.0927338
0.06029209999999996
0.06244319999999999
0.062096999999999986
0.1121355
0.0689341
0.0941982
0.07993379999999997
0.05879200000000001
0.059818399999999994
0.08607459999999997
0.1443795
0.14975970000000002
0.13812480000000002
0.10364529999999998
0.17153110000000002
0.11615609999999996
0.14069009999999996
0.13449509999999998
0.13227790000000006
0.0951063
0.13287520000000005
0.1577093
0.05973340000000001
0.05940009999999999
0.08961209999999999
0.08970649999999998
0.1746169
0.2028219
0.2270793000000001
0.1215407
0.1884863
0.15165269999999995
0.1223788
0.13408669999999998
0.1822639
0.1932047
0.17325770000000004
0.15781289999999998
0.15998289999999998
0.19631729999999997
0.1143092
0.193072
0.3560382
0.3144968
0.3477103
0.3532657
0.29705289999999995
0.26464639999999995
0.32423559999999996
0.35416309999999995
0.32935679999999995
0.29614250000000003
0.33014590000000005
0.13320789999999996
0.186191
0.1704185
0.12283339999999998
0.12662539999999994
0.12564639999999996
0.17304350000000007
0.42499220000000004
0.41485070000000007
0.41763690000000003
0.4416242
0.4249447
0.469971
0.31033189999999994
0.35001750000000004
0.2636528
0.3746095999999999
0.3106159
0.21718890000000002
0.4224079000000001
0.4596726
0.41885779999999995
0.4542043
0.4675317
0.46466199999999996
0.4698727
0.4568363
0.46629
0.4301778000000001
0.4635221000000001
0.468236
0.4674856000000001
0.4683799
0.4173828000000001
0.4630418
0.4219443000000001
0.4666057
0.4669521
0.4609579000000001
0.2551762999999999
0.1795177
0.4638072
0.4653996
0.4587021
0.4558977999999999
0.12517650000000002
0.12639679999999998
0.1564306
0.1478924
0.1961427000000001
0.10349819999999996
0.08680229999999999
0.16532950000000002
0.15080090000000002
0.1325138
0.1330426
0.1828988
0.2462305
0.14420650000000002
0.3996989
0.30162940000000005
0.4249746
0.175886
0.17607330000000002
0.22767779999999999
0.1001319
0.205943
0.13281629999999994
0.1777822
0.2901322
0.2971518
0.4120699
0.426365
0.33453890000000003
0.1132046
0.17472469999999998
0.299833
0.3975284
0.32095830000000003
0.10521299999999996
0.12240359999999995
0.11218529999999996
0.12638489999999994
0.19290079999999998
0.1931507
0.1606504
0.06078630000000001
0.0898152
0.11572349999999999
0.2228793
0.20978255
0.20885775
0.20244789
0.20035024
0.12755343
0.09560818
0.14569887
0.12918747
0.14367068
0.14614168000000002
0.14784069
0.11990162
0.15345224000000002
0.17054424
0.15644262999999994
0.09807873000000003
0.13548588
0.10374426
0.09514064
0.11036257
0.09537767
0.09487860000000001
0.1291856
0.20067079999999998
0.161297
0.11986280000000002
0.16945490000000002
0.1023651
0.12251494
0.10765719999999998
0.1121526
0.1223404
0.107241
0.10565999999999999
0.10394589999999998
0.118446
0.150402
0.137847
0.15993269999999998
0.1672846
0.0936607
0.2348485
0.2361134
0.17223739999999998
0.1742382
0.092329
0.0961692
0.1175854
0.1174188
0.10376422
0.11608969999999999
0.3063723
0.3120415
0.23927730000000005
0.2234743
0.2270399
0.1407091
0.0964651
0.06290470000000001
0.0475964
0.0544011
0.05067110000000001
0.051169900000000004
0.0626714
0.0823797
0.1336878
0.15682349999999998
0.20421000000000009
0.17882250000000002
0.057701800000000004
0.16142279999999998
0.1622489
0.17359419999999998
0.1805212
0.1532815
0.1452355
0.0782625
0.1084387
0.2090863
0.2271216
0.16145160000000006
0.1808567
0.17268740000000002
0.13873770000000002
0.06660809999999999
0.0533101
0.0706191
0.1283581
0.1160721
0.1537076
0.1204525
0.100899
0.08909510000000001
0.1077359
0.1094933
0.1183818
0.112343
0.0725529
0.0585337
0.06604600000000001
0.05711
0.0499903
0.07091500000000002
0.0864515
0.064151
0.012034399999999999
0.07310159999999999
0.07190609999999999
0.0833419
0.07598569999999999
0.0664748
0.04127387
0.03756437
0.05341860000000002
0.07269810000000003
0.2393244
0.3906053
0.3863251
0.3621196
0.19103589999999998
0.09419090000000002
0.0919392
0.06248570000000001
0.0595904
0.0615828
0.05881990000000001
0.08332089999999999
0.10767850000000001
0.07605289999999998
0.07865000000000001
0.11276069999999999
0.1271022
0.1783193
0.15805750000000002
0.16627280000000005
0.1038303
0.1262598
0.08198580000000001
0.1148854
0.1073075
0.11643510000000001
0.1138855
0.1197141
0.1126454
0.1440438
0.17532949999999994
0.1050202
0.1550839
0.2276947000000001
0.2514493
0.1649153
0.07923790000000001
0.10738920000000003
0.11454440000000002
0.1854906000000001
0.13689420000000002
0.1075319
0.1069388
0.15207079999999998
0.1715422
0.19934220000000005
0.1923689
0.1587692
0.1613844
0.0951879
0.0908447
0.08792829999999999
0.0610601
0.0970472
0.08953900000000001
0.09737539999999999
0.08639619999999999
0.1441657
0.1943511
0.18464580000000005
0.15834540000000005
0.14626989999999998
0.1388681
0.10295610000000001
0.06846369999999999
0.05258009999999999
0.11572359999999995
0.13204720000000006
0.22415660000000004
0.1908813
0.1299941
0.060423499999999984
0.07519830000000001
0.06501480000000001
0.1176658
0.1028115
0.0894207
0.1058618
0.13474760000000002
0.1151624
0.1132948
0.07317620000000001
0.06461360000000001
0.1251088
0.2589914
0.15341090000000002
0.06555010000000001
0.0544025
0.11665169999999996
0.1576491
0.139762
0.1423116
0.17902679999999999
0.18317049999999999
0.17561079999999998
0.2001451
0.12038760000000005
0.07978670000000003
0.1115468
0.1296715
0.11672370000000001
0.1325752
0.1225532
0.13699999999999998
0.13690090000000002
0.15892520000000002
0.1583879
0.1520979
0.1286318
0.0770389
0.0984157
0.08145469999999999
0.07880390000000001
0.14196470000000005
0.1823318
0.2197068
0.20983890000000002
0.20434610000000009
0.2911982
0.1843609
0.1997495
0.1836689
0.14755
0.15382630000000005
0.17296489999999998
0.12085490000000006
0.12703179999999994
0.18896960000000002
0.1283938
0.11573709
0.1226607
0.2416192
0.1064991
0.12597139999999998
0.1318429
0.1894429
0.1405743
0.14501229999999998
0.1897324
0.2090742
0.1048243
0.070454
0.0632314
0.3029362
0.4062827
0.4023749
0.3808488
0.3442052
0.08291950000000001
0.08677069999999999
0.1294661
0.16277049999999996
0.1847431
0.1822623
0.17780710000000002
0.2349281
0.18910520000000008
0.2233363
0.34565429999999997
0.3505684
0.34328440000000005
0.2433493
0.2028023
0.24765929999999997
0.26384680000000005
0.27291950000000004
0.13278820000000002
0.1005631
0.0998763
0.1376463
0.1239889
0.1136619
0.1673155
0.3206586
0.3218244
0.3318065
0.2972736
0.308748
0.398749
0.4002408
0.37964580000000003
0.3118527
0.2964595
0.3148645
0.1791364
0.07209940000000001
0.0493858
0.0498309
0.059816199999999986
0.05977800000000001
0.046517
0.0455224
0.07655759999999999
0.09116449999999998
0.1101468
0.0814772
0.07286849999999999
0.07280360000000001
0.0673773
0.07675049999999999
0.06431709999999999
0.1388065
0.0987021
0.08875419999999999
0.1121113
0.15140140000000002
0.16632580000000002
0.17199799999999998
0.169846
0.1295636
0.1160828
0.105699
0.1014912
0.044673000000000004
0.05282200000000002
0.0878659
0.3295928
0.33550349999999995
0.0965041
0.08372189999999999
0.1336629
0.08559309999999999
0.07978229999999999
0.0742635
0.0401476
0.032486
0.0577242
0.07304049999999998
0.084227
0.044706699999999995
0.0359621
0.031731100000000005
0.047534700000000006
0.0837064
0.11144970000000001
0.1087106
0.08977339999999999
0.08997360000000001
0.074613
0.11483643
0.12733153
0.10557225
0.10988455
0.1124328
0.1254577
0.1373954
0.1034829
0.1456225
0.182624
0.0878544
0.16991979999999998
0.14660499999999999
0.12614699999999998
0.1073496
0.08075510000000001
0.09938370000000002
0.1055966
0.1134788
0.1183451
0.11177000000000001
0.1354992
0.16016550000000002
0.1162356
0.12676669999999998
0.11994829999999998
0.11578669999999999
0.0786298
0.0873688
0.1137656
0.0886557
0.16568170000000002
0.1717967
0.17071770000000006
0.14692829999999998
0.1429828
0.128656
0.1251121
0.12415799999999999
0.13407380000000002
0.1058606
0.1045907
0.1384106
0.1280615
0.13174470000000002
0.15129349999999994
0.1531787
0.1428976
0.1243987
0.1141917
0.1672807
0.16114779999999998
0.1744886
0.17804360000000002
0.15928360000000005
0.1701265
0.0979927
0.1180867
0.14246349999999994
0.1369206
0.1006957
0.08461590000000001
0.1037259
0.1333758
0.15994760000000002
0.14118039999999998
0.12487639999999997
0.12695769999999998
0.12294149999999998
0.1217218
0.12489960000000001
0.10726159999999996
0.09432389999999999
0.07983420000000001
0.08938589999999999
0.0789029
0.09066189999999999
0.1030367
0.1591185
0.2300673
0.1849966
0.1621487
0.1696776
0.1521135
0.1699317
0.16622469999999998
0.14890770000000006
0.14277250000000002
0.1257547
0.14904579999999998
0.1643717
0.1814016
0.1941315
0.2092375
0.1840827
0.18475170000000002
0.18001660000000005
0.2017016
0.1673566
0.14252679999999998
0.15157469999999998
0.1464397
0.13965790000000006
0.1337549
0.13894369999999998
0.15036259999999999
0.16023579999999998
0.17719469999999998
0.1868896
0.1841475
0.1541654
0.14771189999999998
0.1537498
0.1435938
0.1670786
0.1568746
0.16062549999999998
0.16566270000000002
0.13913879999999998
0.164535
0.16140159999999998
0.15469370000000002
0.15512579999999998
0.16093459999999998
0.17468050000000002
0.1643476
0.1748866
0.1644787
0.16574560000000002
0.0718047
0.0894749
0.13816789999999998
0.3639057
0.34479049999999994
0.2710843
0.13651429999999998
0.1260442
0.09081130000000001
0.08092429999999999
0.0701455
0.06769040000000001
0.06395150000000001
0.0687425
0.06451749999999999
0.15461990000000006
0.11114729999999999
0.1172573
0.14447220000000002
0.1326523
0.1644151
0.14840710000000001
0.14108530000000002
0.16358399999999998
0.161274
0.120708
0.14833799999999994
0.13535799999999998
0.161381
0.140828
0.120653
0.159729
0.182814
0.236934
0.169269
0.10492160000000003
0.16135870000000002
0.1189645
0.1693696
0.16429870000000002
0.0963455
0.1184595
0.1113667
0.0678589
0.0671158
0.11051869999999997
0.08498960000000001
0.115978
0.08237099999999999
0.16447
0.123797
0.08743300000000001
0.087517
0.13519682
0.11860799999999999
0.193986
0.1535519
0.133968
0.114427
0.048051
0.061390999999999994
0.07191399999999999
0.06589199999999999
0.052065999999999994
0.269522
0.275789
0.33123400000000003
0.136533
0.13966750000000006
0.060527
0.097957
0.185052
0.118841
0.309526
0.316977
0.326972
0.32275600000000004
0.181545
0.11979100000000001
0.17856899999999998
0.201439
0.178818
0.153885
0.1903888
0.11182650000000001
0.07718989999999999
0.0809368
0.0920481
0.085839
0.083347
0.078577
0.07520199999999999
0.090667
0.15386999999999998
0.145177
0.168001
0.161149
0.17202699999999999
0.16885999999999998
0.15072059999999998
0.16730710000000001
0.1536285
0.13364110000000004
0.1166515
0.1321734
0.11173210000000001
0.10045650000000003
0.1261418
0.1130514
0.1866835
0.17011779999999999
0.12066930000000002
0.13079349999999998
0.17661870000000002
0.16345989999999996
0.1616118
0.1201663
0.09618110000000002
0.06655069999999999
0.056835599999999986
0.1083721
0.1255229
0.1090646
0.12572260000000002
0.12027049999999999
0.14980439999999998
0.164713
0.163381
0.137329
0.203896
0.175523
0.10612200000000002
0.115042
0.130922
0.13708199999999998
0.1495785
0.14876209999999998
0.15810699999999994
0.1650291
0.130736
0.06977
0.0495366
0.080501
0.06541799999999999
0.059838
0.066682
0.049062
0.039899000000000004
0.049844699999999985
0.0952496
0.12400050000000001
0.1597986
0.09592599999999996
0.087897
0.064612
0.050679000000000016
0.08625200000000001
0.091235
0.11302899999999999
0.08656799999999999
0.057875
0.047269
0.036903
0.076859
0.103508
0.103381
0.110608
0.10533900000000003
0.07173700000000001
0.07310000000000001
0.06755900000000001
0.064323
0.06503300000000001
0.049134
0.0452494
0.057360899999999986
0.062497
0.10992
0.16509000000000004
0.12116
0.108889
0.106607
0.096161
0.103085
0.165159
0.138202
0.07904800000000001
0.05339100000000002
0.06984599999999999
0.114114
0.092012
0.096937
0.09922
0.16462000000000002
0.115564
0.253658
0.09508
0.067451
0.05967000000000001
0.054143
0.07944599999999999
0.08745899999999998
0.072349
0.076793
0.069244
0.10033500000000001
0.140742
0.173428
0.135695
0.127942
0.124196
0.07645700000000001
0.130468
0.21261999999999998
0.24529600000000001
0.2370750000000001
0.189985676
0.11901099999999999
0.173231
0.155888
0.163104
0.127838
0.142237
0.14790599999999998
0.169274
0.17524299999999998
0.143535
0.157829
0.143537
0.16281500000000002
0.145341
0.17472599999999994
0.14071999999999998
0.113164
0.15076099999999998
0.192761
0.205858
0.22511399999999998
0.24513600000000002
0.165616
0.14926
0.128003
0.14368699999999998
0.159893
0.194627
0.17856
0.181685
0.135577
0.15701099999999998
0.137379
0.12841
0.155829
0.174394
0.151642
0.130805
0.15148599999999998
0.132954
0.13456700000000002
0.14133400000000002
0.155576
0.101154
0.244691
0.28270300000000004
0.10238400000000004
0.085969
0.132912
0.103256
0.183695
0.18056671
0.17265225
0.12239825
0.17546539999999994
0.14683819
0.1430661
0.15011619
0.16106705000000002
0.13586501
0.20142505
0.15870715
0.15913909999999998
0.13512709999999994
0.15817705
0.15458409999999995
0.14701519
0.14969319
0.12161029
0.12259533
0.12677515
0.15245305
0.13048924
0.14963218999999994
0.1976401
0.20426482
0.15143410000000002
0.18536678
0.13995124
0.10752133
0.11944128999999998
0.09827929
0.12030419000000002
0.18273719
0.12612419
0.11964524
0.16446719
0.32332918999999993
0.33862615
0.32539215
0.33299805000000005
0.35315105
0.32866405
0.34244396
0.33297892
0.35284178
0.32223592
0.33955192
0.33634396
0.32668996
0.29171605
0.34646896
0.36146992
0.35263482
0.32067787000000003
0.37467273
0.36828187
0.35688587000000005
0.34167687
0.37037882
0.35302278
0.34212178000000004
0.35943078
0.32916582000000005
0.37650168
0.35528178
0.35618592000000004
0.3298781
0.2993971
0.30139415
0.3302451
0.3534071
0.34915705
0.34859609999999996
0.34495909999999996
0.35377105
0.33959815
0.29712715
0.33041315
0.3509831
0.35402201
0.33604301000000003
0.35189101
0.34132401
0.3406361
0.10133301
0.09384600999999998
0.17390996
0.09470496
0.09199192
0.13466978
0.11309196
0.11592005
0.0888331
0.10206315
0.08451215000000001
0.08030919
0.10620015
0.09887015
0.09206915
0.09130915
0.08843615
0.24386696
0.28497887
0.28049096
0.13410196
0.11846410000000004
0.13224001
0.14502092
0.10732505
0.13102801
0.13687596
0.13431101
0.29318101
0.23371205
0.24537601
0.19453292
0.11416005
0.10595901
0.07522719000000001
0.09597915
0.10652541
0.11338096
0.09796805
0.07798119
0.10975715
0.11529296
0.14037927
0.14608802
0.14491551999999994
0.15263927
0.09582615
0.11007166
0.14020387
0.15064302000000002
0.11953586
0.09565660000000001
0.09244730000000001
0.06839815
0.07283189999999999
0.08129354999999999
0.09296465
0.08904989999999999
0.08469295000000003
0.14121546999999998
0.16409513
0.14738498000000005
0.14428848
0.14760718
0.10924086
0.10787755
0.14313210999999998
0.09762201
0.16335932
0.11763255
0.06779639000000001
0.0668725
0.06924689999999999
0.08664951000000001
0.08232265000000001
0.10571005
0.12068296
0.14520592000000002
0.15467987
0.12418487
0.12649722000000002
0.12155152
0.10356112
0.10488221
0.09720775
0.10348105
0.10590701
0.0875201
0.09966305
0.09184105
0.17029005
0.15689809999999998
0.20671892
0.17489905
0.16972810000000002
0.1707681
0.15259414999999998
0.14726215
0.09281515
0.07536915
0.08010228999999999
0.10412515
0.16702092
0.18586578
0.17510682
0.16662382
0.17973092
0.11915205
0.14189601
0.13465805000000006
0.1326731
0.13307201000000002
0.10648105
0.0989931
0.08793919
0.1184651
0.10567719
0.14910101
0.11343815
0.10269119
0.08596823999999999
0.08679224
0.07383424000000001
0.06948429
0.06870924
0.074051
0.07424700000000001
0.2120930000000001
0.160254
0.19051600000000002
0.165188
0.154251
0.14022800000000002
0.157392
0.195912
0.21970057
0.21387276
0.21524778000000008
0.1921812400000001
0.19740924
0.12043019
0.11095424
0.10165629
0.09841929
0.10858615
0.11804015
0.09765819
0.10459424000000002
0.10206719
0.15354719
0.13992919
0.12809619
0.11173324
0.09762429
0.10201928999999996
0.16162296000000004
0.13804814999999998
0.13348718999999998
0.16405005
0.13760101
0.11755910000000001
0.21752405
0.15928719
0.12915619
0.13004805
0.10692715
0.11289924
0.12113424000000005
0.13437818999999998
0.16410352
0.1831819600000001
0.15486005000000005
0.15661101
0.13140205000000002
0.10961710000000001
0.13778605000000002
0.14433401
0.11730915
0.12210114999999998
0.10295415
0.11318019
0.11633624
0.10524097
0.13635909999999998
0.13888905
0.11875815
0.13242719
0.11488719
0.10378910000000001
0.06525629
0.06474629
0.09097733
0.08457629
0.08407832999999999
0.08663833000000001
0.09273919
0.08238828999999999
0.07538838
0.17850814999999998
0.17016292000000002
0.22725387
0.22835292
0.11611396
0.189835
0.10337799999999996
0.150451
0.14811300000000002
0.13170199999999999
0.134849
0.143538
0.27712800000000004
0.278192
0.231031
0.22193000000000002
0.14373400000000006
0.140596
0.199054
0.165382
0.140178
0.11263
0.13326300000000002
0.142216
0.3176
0.31711
0.27209000000000005
0.16170199999999998
0.161023
0.120924
0.16139199999999998
0.167745
0.13936400000000002
0.136849
0.26542
0.276617
0.249615
0.11190499999999999
0.11749
0.13337300000000002
0.124532
0.124046
0.13172799999999998
0.101731
0.117124
0.130411
0.15422
0.14758000000000002
0.151201
0.172076
0.19673
0.10221
0.143846
0.192934
0.197835
0.163487
0.206091
0.174927
0.13492700000000002
0.09453500000000002
0.0733225
0.061200800000000014
0.0481241
0.04811409999999999
0.08610509999999999
0.16303199999999998
0.230177
0.20008
0.202433
0.166926
0.149417
0.123405
0.125334
0.125822
0.182901
0.133036
0.140262
0.065424
0.14400999999999994
0.161194
0.059381
0.060573
0.083504
0.09734
0.105572
0.13972899999999994
0.127137
0.085239
0.08545100000000001
0.08601800000000001
0.07280299999999999
0.0831376
0.24828119999999998
0.233714
0.09687099999999996
0.045661
0.07913500000000001
0.077947
0.17768299999999998
0.1278
0.14241900000000002
0.138464
0.147544
0.153918
0.135483
0.116045
0.11302100000000001
0.112795
0.124066
0.13805699999999999
0.155042
0.15862800000000002
0.175478
0.136446
0.12109600000000001
0.133655
0.10607799999999999
0.145243
0.13372699999999998
0.12809600000000002
0.12858499999999998
0.190247
0.16523899999999994
0.112108
0.1183596
0.12566300000000002
0.139177
0.150463
0.14869609999999994
0.15744437
0.179073
0.1713324
0.17752299999999996
0.16681010000000002
0.07674
0.136575
0.14139100000000002
0.13203800000000002
0.14619100000000002
0.174755
0.14294400000000002
0.120505
0.159156
0.17021599999999998
0.090121
0.131931
0.119901
0.123741
0.105539
0.11921199999999997
0.124947
0.10843
0.128458
0.150082
0.1907500000000001
0.165005
0.068127
0.128131
0.117084
0.12643599999999994
0.08900110000000001
0.06527609999999999
0.077503
0.071298
0.0757244
0.0802092
0.07585399999999999
0.07779259999999999
0.14603999999999998
0.186753
0.184765
0.170318
0.099275
0.129973
0.116241
0.10929200000000001
0.129356
0.157802
0.151831
0.14407999999999999
0.1261
0.188906
0.21526
0.232757
0.15373199999999998
0.13286499999999998
0.16214299999999998
0.135783
0.07425799999999999
0.06666799999999999
0.068387
0.108048
0.108173
0.110856
0.102622
0.118475
0.123913
0.14211
0.194277
0.28499800000000003
0.24708400000000005
0.21291500000000002
0.115202
0.120532
0.097335
0.116107
0.137896
0.14015999999999998
0.09221
0.051420000000000014
0.044341000000000005
0.07421
0.080991
0.235367
0.293511
0.266471
0.066343
0.095434
0.104606
0.097803
0.140847
0.073135
0.08788699999999999
0.11154
0.07092399999999999
0.079697
0.06451699999999999
0.08172000000000001
0.07248700000000001
0.052605999999999986
0.052750000000000005
0.086132
0.07743
0.069618
0.049254000000000006
0.051383000000000005
0.075889
0.089357
0.089876
0.154873
0.140402
0.061413
0.10524772199999999
0.15348699999999998
0.235426
0.170648
0.156721
0.15846200000000002
0.115076
0.102015
0.118703
0.126006
0.118366
0.118566
0.13065
0.13852899999999999
0.136365
0.137974
0.13488699999999998
0.127911
0.129321
0.12853499999999998
0.13691099999999998
0.167883
0.176238
0.12893200000000002
0.11554500000000001
0.145797
0.15374000000000002
0.152428
0.123397
0.118864
0.11689000000000002
0.142481
0.14460699999999999
0.114558
0.113657
0.11867
0.11326300000000003
0.113133
0.11631099999999997
0.128187
0.132331
0.136735
0.133767
0.137493
0.120999
0.11170800000000004
0.110382
0.115053
0.126118
0.127075
0.121537
0.115378
0.119059
0.118134
0.13001300000000002
0.154418
0.155403
0.148055
0.142276
0.171012
0.174782
0.16883
0.154642
0.16549000000000005
0.217526
0.213515
0.176581
0.182559
0.20697100000000002
0.22096300000000002
0.211101
0.20745400000000008
0.18418
0.18988
0.189265
0.15833
0.103275
0.124902
0.168254
0.23117
0.23966500000000002
0.226972
0.252498
0.251723
0.24818500000000004
0.254074
0.23980500000000002
0.228217
0.21885900000000003
0.223682
0.199512
0.189628
0.175199
0.16217700000000002
0.16431300000000001
0.16445810000000002
0.192629
0.201247
0.20655
0.189369
0.181006
0.18393099999999998
0.17848830000000002
0.1629979
0.16693429999999998
0.171147
0.172611
0.180516
0.17801370000000002
0.17247700000000002
0.19219
0.206687
0.20976599999999998
0.21130900000000002
0.186963
0.185024
0.191311
0.182073
0.1826750000000001
0.170369
0.158576
0.176126
0.11609499999999998
0.118316
0.18271700000000002
0.186244
0.176181
0.183074
0.18169787
0.184471
0.16808599999999999
0.155253
0.16725099999999998
0.18546600000000002
0.188053
0.330975
0.116209
0.0917923
0.1210348
0.13807239999999998
0.14897480000000002
0.13627029999999998
0.17055099999999995
0.17108900000000002
0.181721
0.16304300000000002
0.099213
0.10349900000000001
0.10158
0.12631099999999998
0.13682
0.154238
0.187372
0.134141
0.144957
0.167489
0.215145
0.136248
0.11645799999999999
0.11126500000000004
0.137903
0.125423
0.14901699999999998
0.15472799999999998
0.14180900000000002
0.126555
0.210989
0.223747
0.234263
0.17524299999999998
0.146431
0.13289600000000001
0.12698700000000002
0.17767900000000006
0.17164
0.15027400000000002
0.14983999999999995
0.13305299999999998
0.13203700000000002
0.200521
0.22097100000000008
0.195814
0.1830675
0.14286100000000004
0.13974389999999998
0.14220899999999995
0.149846
0.15292
0.1398955
0.1407395
0.125556
0.13056739999999994
0.14720699999999998
0.166616
0.168767
0.182098
0.181902
0.149698
0.158335
0.16643
0.15795599999999999
0.142361
0.118523
0.110892
0.096296
0.13734600000000002
0.107765
0.134148
0.20519899999999996
0.15077999999999994
0.213222
0.225309
0.187363
0.12461300000000003
0.124205
0.095452
0.125146
0.12727739999999998
0.11338499999999999
0.147668
0.17551299999999995
0.14702
0.15802350000000004
0.12429649999999999
0.13269
0.11469749999999998
0.15243579999999998
0.14208510000000002
0.06742609999999999
0.06321630000000003
0.0791686
0.0923349
0.09328440000000003
0.1258214
0.1471797
0.12604279999999998
0.08859139999999999
0.06902559999999999
0.0735055
0.09040010000000001
0.13247699999999998
0.09969510000000001
0.07615859999999999
0.08190399999999999
0.142237
0.10896800000000001
0.1037321
0.11087960000000001
0.121821
0.15772200000000006
0.13727679999999998
0.083011
0.13383299999999998
0.122846
0.095989
0.108899
0.12439
0.08938700000000001
0.0750579
0.07365150000000001
0.0721253
0.056986399999999986
0.08293589999999999
0.08337
0.1116991
0.107688
0.1007273
0.0993812
0.0863995
0.087772
0.071672
0.068426
0.099233
0.10431300000000003
0.108131
0.084413
0.120949
0.07497600000000001
0.06653300000000001
0.07750900000000001
0.08739200000000001
0.094139
0.09247
0.1031516
0.102794
0.10571300000000003
0.094676
0.07615
0.06966699999999999
0.093128
0.069869
0.07911099999999999
0.07946299999999999
0.063461
0.072716
0.08852499999999999
0.107103
0.112474
0.11510799999999999
0.128274
0.10972
0.079808
0.09181
0.11658000000000004
0.11911800000000004
0.100324
0.1183
0.092389
0.105498
0.09469
0.16307900000000006
0.157577
0.15037299999999998
0.11063699999999999
0.095498
0.110707
0.094748
0.06577899999999999
0.08996900000000001
0.068702
0.058952
0.160437
0.092932
0.07563999999999999
0.10873299999999997
0.07372899999999999
0.090085
0.08428000000000001
0.11226099999999996
0.143098
0.107325
0.09849
0.111917
0.08810699999999999
0.121994
0.114454
0.12992599999999999
0.099813
0.093069
0.08469499999999999
0.107558
0.092217
0.16974799999999995
0.187918
0.196678
0.136323
0.1348966
0.15103099999999994
0.123428
0.14946199999999998
0.14040899999999998
0.116181
0.144986
0.15070799999999998
0.169931
0.156976
0.17622900000000002
0.171522
0.14668399999999998
0.19296
0.117225
0.145349
0.11495699999999998
0.11921600000000004
0.127012
0.145872
0.151047
0.06827699999999999
0.080251
0.046235000000000005
0.06347699999999999
0.08417200000000001
0.097087
0.077535
0.07942300000000001
0.07599299999999999
0.08723999999999997
0.106582
0.07719200000000001
0.07626799999999999
0.072857
0.072686
0.07548300000000001
0.118739
0.13646699999999998
0.110854
0.117224
0.118128
0.108177
0.12669199999999994
0.13141099999999994
0.14404999999999998
0.110877
0.092665
0.064198
0.076073
0.097791
0.070009
0.047379000000000004
0.07309299999999999
0.10256300000000002
0.092555
0.100306
0.097811
0.099314
0.098414
0.075521
0.104208
0.13009800000000002
0.10868500000000003
0.091351
0.13480699999999998
0.15272399999999994
0.155221
0.145475
0.146075
0.16001600000000002
0.13685
0.145124
0.14972500000000002
0.210764
0.157476
0.12347999999999998
0.16980499999999998
0.14996099999999998
0.125617
0.100462
0.07904299999999999
0.10573620000000004
0.227614
0.181868
0.0999
0.098764
0.154944
0.128672
0.110244
0.13431900000000002
0.087535
0.073358
0.098642
0.142525
0.07453299999999999
0.08522
0.085329
0.111831
0.07048299999999999
0.08032900000000001
0.10918900000000001
0.11776299999999998
0.143282
0.14422200000000002
0.28365799999999997
0.118305
0.103224
0.072555
0.047428
0.054810000000000005
0.069472
0.0406713
0.0634787
0.0940965
0.1240052
0.121996
0.167273
0.16185000000000002
0.132436
0.100958
0.0964664
0.12019629999999999
0.09656130000000004
0.06990460000000001
0.07240739999999997
0.092419
0.1236088
0.12726569999999998
0.083438
0.042194999999999996
0.0505357
0.0510962
0.0651954
0.077735
0.06176
0.066276
0.099958
0.093781
0.069463
0.06980399999999999
0.092503
0.08067300000000001
0.101035
0.08502499999999999
0.078798
0.084198
0.064637
0.040294
0.135186
0.07644799999999999
0.08238599999999999
0.060288
0.08168240000000003
0.05445300000000002
0.11888
0.116684
0.079275
0.086384
0.08251299999999999
0.092281
0.163719
0.16658399999999998
0.10138
0.095562
0.06994299999999999
0.120705
0.134467
0.127718
0.091458
0.121552
0.07144500000000001
0.068261
0.091955
0.060479
0.04335371
0.03998
0.07605200000000001
0.113269
0.15216799999999994
0.156383
0.162953
0.180201
0.189616
0.13932
0.14923
0.18648
0.126191
0.08994100000000001
0.08595
0.067975
0.066486
0.134547
0.21016000000000004
0.169101
0.21732100000000001
0.217048
0.262839
0.198486
0.209501
0.202263
0.228017
0.211357
0.17576789999999998
0.14319826000000002
0.15259366
0.06047159000000001
0.10631871
0.09911948
0.11761085000000004
0.08111655999999999
0.11105238000000002
0.17250937
0.15952821
0.21553327
0.24862266
0.13469415
0.10599813
0.06872613
0.10430799
0.09164762
0.05955599
0.07009808
0.08265527
0.05828622
0.09468027
0.07114899
0.11157027
0.08680476000000001
0.10768199
0.09690722000000004
0.12517627
0.1220309
0.14654604000000002
0.08459527
0.07950159999999999
0.10307614
0.06247968
0.07736433999999999
0.05134717
0.09525203999999997
0.110375
0.0594448
0.14171915
0.11000678
0.12368106
0.15259583000000002
0.06971062
0.12453965
0.08378588
0.05997083000000001
0.09230197
0.10873569
0.08830911000000001
0.11957243
0.06788934
0.1088162
0.20191725
0.29122651
0.11672057
0.09826866
0.12261962
0.11010606
0.09515415
0.09570897
0.09880883
0.12750766000000002
0.11040976
0.08255934
0.14378883000000006
0.10929311
0.10066994
0.11126389999999999
0.15470439
0.16284011
0.16470248
0.22013153
0.14023029
0.14670829000000002
0.10704833999999998
0.10031551
0.08725545999999999
0.08458383
0.09394315
0.10794734
0.13065662
0.17652034
0.20476829
0.19679315
0.19802492
0.17900452999999994
0.17070929
0.12775629
0.1154642
0.1087522
0.11709515
0.10816946
0.13212787999999998
0.14204888
0.13487361999999994
0.12934488
0.13636202
0.20252711
0.20724011
0.19301011
0.13971039
0.14557369000000006
0.09322062000000003
0.14870725
0.12944439
0.13755014999999998
0.16282111
0.12690843
0.08823115000000001
0.10853137
0.16053792
0.14522188000000005
0.18548202
0.12387038999999996
0.08503153000000001
0.07194834
0.08956825
0.05686353
0.07840134
0.07497566
0.07590933999999999
0.10988248
0.09166457
0.14948153
0.14857215
0.15884725
0.13819857
0.11751748
0.17723071
0.14794026
0.12253657
0.13055629
0.13666948
0.14012248000000002
0.11929257
0.11438043
0.12330643
0.15874678
0.11313288
0.14707388
0.16060511
0.13199111
0.09379119999999999
0.10343548
0.12960248000000002
0.14403657
0.12259866
0.13786866
0.11684343
0.14402315
0.13954025
0.10921648000000002
0.10582534
0.12367562
0.11744694
0.10557071
0.13024139
0.15523292
0.10732306
0.17171860000000005
0.11818610000000002
0.13010388
0.13325274
0.10629997
0.24141876
0.12127662
0.13235134
0.12857897
0.10651188
0.14886688
0.10357829
0.07200643
0.08021105999999999
0.09982248
0.11352057
0.15086915
0.14637725
0.1109842
0.14170834000000002
0.12525676
0.10385738999999998
0.13509674
0.112803
0.060620580000000014
0.05914332
0.08007420000000001
0.08732825
0.07178078
0.12529073000000002
0.12977949
0.135164
0.15258341000000006
0.16063334
0.16357934000000002
0.13864910000000005
0.15096086
0.13131615000000002
0.10878448
0.18439626
0.17295184000000002
0.16520724000000006
0.15217066
0.19576539
0.19677189
0.18526127
0.20053927
0.21697528
0.19147738
0.20048119
0.18663358
0.19360487000000004
0.16826089
0.16867307
0.17351889
0.16446131
0.10855083
0.13186139000000002
0.14349853
0.20314633
0.17816551
0.1958486
0.15882359
0.16526703000000004
0.16377182000000004
0.13459182
0.13000817
0.11818735
0.12803782
0.11803759
0.13020039
0.12822534
0.15952233000000002
0.16759157000000002
0.17852536000000002
0.18987031
0.13923917
0.15526161000000002
0.12972957999999998
0.13339549
0.14442418999999998
0.12433044
0.14287582
0.13239567
0.12394758
0.15586133000000002
0.17768732
0.17419051000000002
0.16036829000000002
0.15139423
0.16607142000000005
0.15066433
0.14256576999999998
0.15032401
0.13881582
0.12598925
0.04490546
0.062117710000000013
0.06870836
0.15294319
0.24658235
0.22270281
0.1421871
0.1304414
0.12566880000000002
0.10794997
0.10361760000000003
0.08485080000000003
0.1149034
0.07981980000000001
0.05801735999999999
0.06591243000000001
0.07444943
0.09937749
0.12738869
0.11460521
0.21769244
0.2099514
0.18686953
0.10829690000000004
0.0670818
0.06293894000000001
0.12685986
0.11046701000000002
0.12593327
0.09328418
0.10536969999999997
0.05809828999999999
0.06309734
0.04983015
0.05611793
0.10692825
0.10810983
0.05815819000000001
0.10984389999999998
0.09982087
0.09576643
0.13345544
0.12720211
0.10833664
0.13583085
0.10727209
0.15250933
0.15589691
0.20016929
0.20783922
0.14975496
0.12180842
0.11571953
0.13819739000000006
0.13652411
0.10316369
0.14062978
0.08575090000000002
0.0743046
0.08386822000000002
0.16663634000000002
0.10651703000000004
0.11874844
0.14279357
0.09241296
0.10774772
0.1128588
0.17099146
0.15754444999999995
0.13044786
0.170237
0.07865199
0.10454515
0.13543715
0.15199994000000006
0.12254005
0.12034368
0.11763110000000002
0.1221442
0.13091501000000005
0.17081856
0.19746552
0.20613092
0.17537417
0.18475789000000006
0.20847988
0.18685358
0.15402092999999994
0.12451024
0.12715180999999998
0.15338175999999998
0.17170399000000006
0.17421451999999998
0.14594855
0.14549853000000004
0.14859164
0.14690047
0.16696023000000002
0.1778293
0.1527987
0.1239473
0.11479860000000001
0.11663119999999999
0.117796
0.1131674
0.08537059999999999
0.1086281
0.09356808
0.12236878
0.14973034
0.14589813
0.12553947
0.12309999
0.11216583
0.11907138
0.12816494999999994
0.12484035
0.11922425
0.12361313
0.12008510000000001
0.14311615000000005
0.14360169000000006
0.11228247
0.12781968
0.09710265
0.09862950000000002
0.11730121
0.08803702
0.10943218000000003
0.0870931
0.14255610000000002
0.14252710000000002
0.0981299
0.08192123
0.08080455
0.08063015000000001
0.08911349
0.07526606
0.13338561000000002
0.11745947
0.13157843
0.13489839999999995
0.14069321999999998
0.16275702
0.11303489
0.12615300000000002
0.12110522
0.10438650000000001
0.15292817
0.16004748
0.1487696
0.10979083
0.10588323999999998
0.1349648
0.12426323000000004
0.11233394
0.18652009
0.18224946
0.1468796
0.10315930000000001
0.1208062
0.10729097
0.08888797
0.08890988000000001
0.1002305
0.080354
0.07258338
0.1299789
0.1145557
0.14130120000000002
0.0934215
0.09838213
0.10169457999999998
0.1062032
0.0908165
0.2295043
0.4023077000000001
0.4241927
0.4138906
0.41514639999999997
0.12685530000000006
0.1236673
0.1105183
0.09844208
0.1062203
0.08080630000000003
0.07226340000000002
0.0972629
0.0675071
0.1235185
0.09207860000000002
0.1202249
0.1103447
0.1157556
0.11536299999999998
0.13035960000000002
0.09510409999999997
0.1173649
0.18174831
0.0916708
0.07698572
0.07849653000000001
0.09794375
0.0887554
0.06869642000000001
0.06646332
0.07650131
0.20962555
0.31657549
0.31890384
0.31612788
0.29351515
0.11077942
0.09755558000000003
0.11519549
0.12443173000000002
0.10337976
0.13369620000000002
0.11902542
0.13397818000000006
0.1256257
0.1104707
0.081872
0.07356493
0.07408610000000003
0.0735918
0.08764284000000001
0.13291407
0.14178828
0.13081662000000002
0.14735288000000002
0.16349097999999998
0.17403107
0.14293540000000002
0.15955679
0.17728597
0.10574898
0.15853755000000005
0.15258907000000002
0.12843352
0.12873778
0.11425333
0.12457670999999998
0.11965225
0.11821626
0.13173147000000002
0.17805298000000006
0.16065918
0.2288403900000001
0.25573787
0.22374705
0.12095604
0.10455182
0.08518302
0.11685601
0.13450090000000006
0.13978707
0.10866459
0.13398464999999998
0.14147763000000002
0.13584745
0.20326804
0.17414290999999998
0.17265772
0.13924431
0.13377280000000005
0.12143711
0.10813768
0.11174722
0.08572335
0.0707259
0.07291515999999999
0.15644215
0.09289836999999998
0.12623465000000006
0.21147136
0.26190701
0.15782390000000002
0.16785940000000002
0.09744217
0.08021059999999999
0.07395220999999999
0.12745859
0.13342744
0.10667411
0.07561498999999999
0.12539274
0.11284983
0.17832139000000002
0.13706049
0.17591824
0.26639345000000003
0.25724150999999995
0.14426448
0.08332297
0.057032199999999984
0.10071553
0.14196125999999998
0.1567239
0.12910412
0.06824527999999999
0.18502313
0.15328513
0.20404042
0.21507143
0.15751941999999994
0.14991742
0.14906899
0.1095624
0.11919460000000001
0.19140714
0.25648385
0.18641687
0.10390171
0.11606323
0.08501679999999999
0.08290370000000001
0.11592865000000002
0.08591335000000001
0.08720011
0.09852441
0.09880554999999998
0.10012268
0.07120388
0.08104656
0.07410732
0.07635899000000003
0.09414702
0.08930643
0.13077005
0.15376075
0.13037475
0.11404795
0.12110970999999998
0.17759045
0.10028084
0.07458324
0.16067562000000002
0.19144687
0.17500443999999998
0.11946237
0.08835367
0.08279700000000001
0.12890300000000002
0.1650469
0.16278470000000006
0.1544808
0.1950148
0.15108020000000005
0.14220670000000002
0.1853807
0.12986190000000006
0.08521229
0.09248157
0.07863488000000002
0.0896004
0.1012897
0.13861060000000006
0.13350279999999998
0.11559163
0.12284881000000004
0.12637863
0.138684912
0.12904411000000002
0.07852790999999998
0.09866964999999996
0.11755795
0.07986984000000001
0.12577169000000002
0.15700121000000006
0.13982930000000002
0.17226820999999998
0.20321501
0.18190254000000008
0.18069002
0.10185907
0.1769094
0.1585177
0.13770578
0.14520034999999998
0.14373449000000002
0.15182535
0.14856439
0.1423067
0.11802851
0.17186307
0.1472763
0.17846225
0.2253992
0.20923369
0.17676227
0.18571875
0.14444083000000002
0.12841861000000002
0.12852400000000005
0.1324577
0.13571529999999998
0.13249812
0.1447021
0.2015654
0.1899402
0.2066581
0.2016154
0.173699
0.1444207
0.10177980000000003
0.1238441
0.1695668
0.16037310000000002
0.1619912
0.17031960000000002
0.10426510000000001
0.11231279999999999
0.09692689999999997
0.1298486
0.1068628
0.13805050000000002
0.1445895
0.13048500000000002
0.190926
0.181579
0.15941800000000006
0.176957
0.11836379999999998
0.08356970000000001
0.11431589999999996
0.1189718
0.14101960000000002
0.1178816
0.09555289999999997
0.14676570000000005
0.1965058
0.2129697
0.15485469999999998
0.16400930000000002
0.12488769999999999
0.1460608
0.16560080000000002
0.1054718
0.13176559999999998
0.07867679999999999
0.1238989
0.0957079
0.1536069
0.1020309
0.12143699999999999
0.16303059999999994
0.1826565
0.20767660000000002
0.14249689999999998
0.1058739
0.1580258
0.15513770000000002
0.1320937
0.09605080000000002
0.1387128
0.0955828
0.0935049
0.07646990000000001
0.12670689999999998
0.1692607
0.16050240000000002
0.16326399999999994
0.132757
0.13788699999999998
0.12779800000000002
0.111945
0.15607000000000001
0.191297
0.164357
0.20591399999999999
0.144044
0.096178
0.07412799999999999
0.0998873
0.1303617
0.1494135
0.008863900000000001
0.1408359
0.4796282000000001
0.4264261
0.443921
0.458276
0.4676760999999999
0.35063130000000003
0.3989505
0.32688759999999994
0.2995494
0.3188907
0.31097070000000004
0.33514999999999995
0.41706
0.458587
0.40084
0.4678600000000001
0.44572
0.410578
0.406674
0.380942
0.395274
0.27288500000000004
0.27123200000000003
0.258391
0.389179
0.371587
0.27464500000000003
0.27939099999999994
0.2193
0.2456194
0.29584900000000003
0.39126500000000003
0.419087
0.399967
0.30251300000000003
0.3997411400000001
0.474147
0.41962313
0.363926
0.4105790000000001
0.35632600000000003
0.25423196
0.37884708
0.39018922
0.25032918
0.31431882
0.28765692000000004
0.26050072
0.26052255
0.2749388600000001
0.32338486
0.33467287
0.32181192
0.29745823
0.30989196
0.34590896
0.36801796
0.26722387
0.32947492
0.40703487
0.46574187
0.41756396
0.30028400999999993
0.31406596000000003
0.29550096000000003
0.35450196
0.28931282
0.33454886999999994
0.37327582
0.4090987800000001
0.43032068
0.37503082
0.26727578
0.28437387000000003
0.37732082
0.44690878
0.3857898200000001
0.25144187
0.3053479599999999
0.30553406
0.34489976
0.33849312
0.3325904599999999
0.32894892
0.31248367000000005
0.2972537
0.3331723
0.480054
0.4687947
0.3905757
0.43881729999999997
0.4767837
0.4724279000000001
0.4723856
0.4421429
0.45908909999999997
0.4173157
0.2901658
0.33916840000000004
0.3449048
0.4421774000000001
0.4356845000000001
0.4752806000000001
0.4741738
0.4097281
0.4775707
0.4095788
0.3347964000000001
0.46228850000000005
0.4735991
0.4305196
0.415145
0.4392027
0.4465774
0.4184755
0.3975679
0.459978
0.4252718
0.378089
0.2757482
0.24472231
0.26674795
0.22052171
0.28148015
0.2999386
0.40820945
0.39417424
0.29155029
0.33940053
0.41925338
0.47766078
0.47160048
0.47155978
0.43407058
0.43528904
0.40354998
0.42018205
0.45421704
0.41873869
0.3837944899999999
0.30977274000000005
0.34244559
0.34617348000000003
0.3499234399999999
0.3835808899999999
0.39264659
0.39454319
0.37692254
0.41624864
0.33012683000000004
0.3554281300000001
0.41241359
0.37135634
0.32131208
0.40417559
0.37872708
0.30512333
0.34902642999999994
0.27916503
0.32299538
0.31612683
0.36821768
0.35432514
0.28290828
0.33764949000000005
0.32274922999999994
0.30474757
0.2510832000000001
0.24983640000000001
0.32276485000000005
0.36789642
0.30035766
0.31748045
0.3031152099999999
0.33435257
0.36778667
0.31659986999999995
0.27315026
0.32799282
0.35398131999999993
0.33889209
0.3739819899999999
0.42264136
0.38110041
0.37656899
0.34905681
0.40339941
0.36648233
0.3971853899999999
0.46208287
0.36994768
0.34467545
0.47388332
0.4758753799999999
0.41665374
0.41785411
0.40629376
0.46652666
0.46032722
0.45284601
0.46338552
0.40610039
0.39133208
0.43357938
0.46932638
0.45872078
0.46774334
0.45551499
0.44524206
0.35861912
0.3838452
0.4529978200000001
0.44828292
0.39259822
0.38022784
0.29260965
0.44696315
0.41487937
0.45512164
0.22371499000000009
0.17787047000000006
0.15847857
0.16106538999999995
0.18879663
0.17547875000000002
0.16981317
0.13384227
0.22217640000000002
0.30985166
0.38188132
0.39570711
0.32437136
0.31304057
0.27272911
0.3052646
0.23543811
0.4186987
0.46364964
0.3879861
0.4027069600000001
0.27229565
0.23131035
0.19185714
0.17253398
0.19495899
0.16888602999999994
0.24997584
0.20623297
0.07262702000000001
0.08611553999999998
0.21299518
0.27277058000000004
0.2677552
0.26458360000000003
0.28716556000000004
0.34404102000000003
0.39636247
0.3977620100000001
0.39840296
0.41305054
0.39072418
0.40753997
0.39472386
0.39315816
0.29867292
0.3883347999999999
0.46535056
0.404769
0.39871387
0.4741194
0.47374815
0.47606401
0.46812567
0.4451928
0.41399104
0.4467715200000001
0.38716694
0.460307
0.47474462
0.47716226
0.47612439
0.4779569199999999
0.42853199
0.4756749300000001
0.43829856
0.3713675500000001
0.43970615
0.44435038
0.4167873
0.41167089
0.39641108
0.45901227
0.44618416
0.46475621
0.45124504
0.40248937
0.40080013
0.4058126
0.37591024
0.40985418
0.45340767
0.42066843
0.42588032
0.45244177
0.38087772
0.28717281
0.40249998
0.3671284
0.33938033999999995
0.29252945
0.45136255
0.4500402
0.46971285
0.45462085
0.36721165
0.4678951500000001
0.41554742
0.34000341
0.38771686
0.33640585999999995
0.3847583500000001
0.37033455
0.42558502
0.43081762
0.39739888
0.27007041
0.39192705
0.33547331
0.39155136
0.47324581
0.47710311
0.4766122
0.47714635
0.47311135
0.43846809
0.45656359
0.37673445
0.4754590400000001
0.4795232900000001
0.47749784
0.45729695
0.45929205
0.44605895
0.4531970400000001
0.44249955
0.37522539
0.31715759000000004
0.41347999
0.40344341
0.44552881
0.40859442
0.39770218
0.47868472
0.47849209
0.47807519
0.4464607800000001
0.47681183
0.4159176800000001
0.4746951099999999
0.46183995
0.40461904
0.4731373100000001
0.4671298600000001
0.47931377
0.47867932
0.4746323700000001
0.4720999400000001
0.47304383
0.4739708
0.4608290199999999
0.3469756499999999
0.44346804
0.47714387
0.47625221
0.47306538
0.44409439
0.46971354
0.4248410099999999
0.4686453900000001
0.44342097
0.38736866
0.47447548
0.43927075
0.4734438
0.46459027
0.39703809
0.4178987300000001
0.33841598
0.34721391999999995
0.4381184000000001
0.45889355
0.45352726
0.3736217
0.35734404
0.4041497900000001
0.44061509
0.45816862
0.45549383
0.3928382200000001
0.38614024
0.4648336000000001
0.4759966600000001
0.47755648
0.47678843
0.47831723
0.43870461
0.47074909
0.43770347
0.39103012
0.43211769
0.47689422
0.47663702
0.4744954799999999
0.47245752
0.39057866
0.43097424
0.41697887
0.4126461199999999
0.4580817500000001
0.45889705
0.44876569
0.3168740199999999
0.40556182
0.45052059
0.41096847
0.31871306
0.41435562
0.4631194400000001
0.47307033
0.47729223
0.4702651200000001
0.40890502
0.47302677
0.39922728
0.3593926800000001
0.3354499
0.30577048
0.30840139
0.3351661299999999
0.35470732999999993
0.36271875
0.36827296
0.33960473
0.35751588
0.35717524999999994
0.36479393
0.37735925
0.33075854999999993
0.38857323
0.35906567999999994
0.3486281799999999
0.35846874999999995
0.39620525
0.3964256
0.30718215000000004
0.3233577
0.40021344
0.40162746
0.29645262
0.34525084999999994
0.34359425
0.37753702
0.39389691
0.34707581
0.3372040600000001
0.28903997
0.29551200999999994
0.29070006000000004
0.39447673
0.45108843
0.40709383
0.3917826800000001
0.3029779
0.18798585
0.20681437000000005
0.23703389
0.25090360999999994
0.17644342
0.1906173
0.11705422999999998
0.14301877999999996
0.21354304
0.3464888499999999
0.35055815
0.46715775
0.44675263
0.47436726
0.33702519999999997
0.33262102
0.3480439
0.28804640000000004
0.295296
0.44252711
0.41694048
0.40484783
0.3509364700000001
0.22429398
0.24392433
0.25696324000000004
0.21972285
0.23916226000000004
0.22790587999999995
0.26106552
0.21013947
0.17842498000000004
0.23364945999999995
0.3424315199999999
0.44045518
0.4488236200000001
0.44606368
0.36213254
0.35089763
0.46102708
0.43786679999999994
0.36229766
0.32920140000000003
0.3709726299999999
0.26757008
0.18339778000000004
0.21992531
0.18828671000000005
0.17221571000000002
0.19604535
0.20726771
0.17666484000000005
0.14913709
0.11969418
0.15656400000000004
0.21517015
0.2788372799999999
0.33178250000000004
0.32448864
0.3849088599999999
0.39211466
0.33211658000000005
0.29393464
0.32412002
0.36628296
0.42327777
0.3225127200000001
0.27183939
0.24652882
0.07729764
0.12050046
0.12602107
0.10508432
0.09582234999999996
0.08967991
0.09001953
0.10866594999999996
0.12886479999999995
0.3080452699999999
0.4010958299999999
0.4346702399999999
0.3921539600000001
0.27149045
0.39772553
0.4157377399999999
0.31800854
0.26518266
0.29461644
0.27223385
0.24795519
0.24403734
0.08897341000000003
0.09826285999999998
0.10750586
0.12642758
0.15836056000000004
0.10136373999999998
0.0679068
0.20391216000000004
0.22939528
0.20149882
0.12722437
0.33633113
0.32080973
0.36140042
0.43009962
0.37729904
0.28155112
0.31904557
0.34487983000000005
0.33926527
0.30360942
0.45203154
0.46503296
0.4255950100000001
0.33146108
0.21507327
0.12005481
0.15495065
0.15801664999999998
0.11190284
0.13786627
0.12694508
0.19751063
0.21078898
0.20003157
0.33052119
0.3382349900000001
0.33657688
0.43280974
0.3990093900000001
0.3953135800000001
0.3883483200000001
0.40178371
0.3425772
0.37944364
0.36929997
0.3969566
0.42972088
0.44600766
0.4168124999999999
0.25152566
0.21982916
0.20213105
0.19874856
0.21966344
0.21620218
0.20409903
0.21622236
0.18493379
0.34562555
0.33150276999999995
0.34434620000000005
0.41499603
0.42006805
0.35298673
0.31473759999999995
0.43458593
0.43677298
0.35874055999999993
0.30536402
0.22735756
0.21373617
0.17191292
0.20422041
0.21482068
0.22907525
0.19659313
0.2441513700000001
0.16370381000000006
0.15348876
0.2649805
0.2322588
0.3344676999999999
0.37560993
0.36971602
0.42539103
0.3948147599999999
0.40655207
0.43912949
0.40221999
0.36565633
0.42810948
0.45540291
0.44305387
0.32020693
0.18061911000000005
0.21778841
0.17936293999999994
0.16136817
0.20957913000000009
0.22222915000000004
0.18477327
0.16742642000000002
0.16420648
0.18368483
0.20500871
0.38726386
0.39313049
0.41579936
0.40941085
0.44963097
0.43723084
0.36086202
0.42792424
0.43204758
0.43839788
0.40459208
0.35098169
0.28999080000000005
0.26664839
0.23672712
0.13986400000000002
0.22286742
0.23394604
0.20611185
0.18855776
0.17959023000000005
0.14767767000000004
0.13621066000000007
0.12421629
0.2670417200000001
0.37993859
0.37062628
0.38784328
0.3399250500000001
0.36484042
0.3360098099999999
0.36148721
0.38923604
0.45659068
0.4241610499999999
0.38399564
0.16781886999999995
0.14686635
0.13067646
0.20680489
0.09010800000000001
0.06398319
0.10978158999999996
0.14039157
0.10563185
0.1208241
0.18195935
0.20561113
0.30603118999999995
0.3932791399999999
0.44066664
0.3782787699999999
0.28300849999999994
0.26221469000000003
0.30292907
0.25079708
0.31888379
0.3094332799999999
0.32558395
0.30217988999999995
0.15368367000000002
0.16984368999999996
0.16966266
0.11382792000000005
0.19334442
0.10254005
0.09766695
0.12016319
0.20858483
0.22300389000000004
0.28824694
0.36029537
0.36419912
0.30374287
0.34538663
0.25663452000000003
0.35157621
0.30635697
0.44950462
0.4521934
0.33237960000000005
0.1706751
0.2742778
0.2623777
0.33779810000000005
0.31363179999999996
0.30095170000000004
0.31929640000000004
0.28275519999999993
0.2569995
0.25388750000000004
0.21643800000000002
0.2278523
0.12205869999999999
0.2761093
0.3952943
0.40589780000000003
0.42645609999999995
0.29311429999999994
0.2891402000000001
0.2761117
0.2416882
0.11836419999999995
0.1185833
0.16936149999999994
0.15305429999999998
0.2336978
0.29729300000000003
0.29886799999999997
0.3326736000000001
0.27015870000000003
0.30099940000000003
0.40892629999999996
0.403535
0.2220094
0.07649299999999999
0.076447
0.1101262
0.0749766
0.0866382
0.2792983
0.3800648
0.42207619999999996
0.34169330000000003
0.2912901
0.2690014
0.3538894
0.44158379999999997
0.3650629
0.244633
0.1712177
0.08936600000000001
0.2475783000000001
0.2520151
0.29487660000000004
0.4068195
0.3547994
0.257829
0.4263433
0.39853920000000004
0.1433354
0.12551379999999998
0.0964365
0.0947862
0.2673062
0.2791387
0.4246876000000001
0.3806694000000001
0.30478520000000003
0.32448390000000005
0.3147569000000001
0.3908529000000001
0.4300464
0.2522586000000001
0.0678416
0.11674669999999998
0.2786253
0.2395105
0.4057199
0.41822950000000003
0.30128540000000004
0.21445820000000004
0.3183627
0.4322084
0.3701582000000001
0.28050420000000004
0.3100564
0.328067
0.31927150000000004
0.27863439999999995
0.29558860000000003
0.3793641
0.4424246
0.3631176999999999
0.3760034
0.4046045
0.39072729999999994
0.20569050000000005
0.092723
0.0920518
0.2933007
0.3004279
0.2470615
0.4190613
0.4281252999999999
0.28226379999999995
0.2965725
0.3900511999999999
0.42513140000000005
0.32881629999999995
0.16517420000000002
0.1119827
0.2803899
0.27785240000000005
0.3434802
0.34623259999999995
0.27108150000000003
0.27007859999999995
0.3633507
0.38016209999999995
0.41482820000000004
0.31069449999999993
0.1965609
0.1665549
0.32168270000000004
0.2696114000000001
0.30333950000000004
0.2654553
0.344869
0.4428374
0.3507137999999999
0.2325623000000001
0.1887783
0.12330230000000003
0.1395274
0.11912459999999996
0.12580400000000005
0.3144637000000001
0.3158621
0.34406459999999994
0.3125662
0.3452466
0.3940902
0.4526683
0.2299401
0.1452558
0.2079245
0.14692149999999998
0.14322069999999998
0.31016350000000004
0.3782928
0.37935399999999997
0.4079868999999999
0.4189249
0.4349375
0.463479
0.4571116
0.3677829
0.2423064000000001
0.16731659999999998
0.2141196
0.3966297999999999
0.367531
0.3607342
0.437966
0.4248864000000001
0.4570221999999999
0.382735
0.2497131
0.2417433
0.2257524
0.2379245
0.2446919
0.43521000000000004
0.4325388
0.4130072
0.42777200000000004
0.43671049999999995
0.4024311000000001
0.4553974
0.44488779999999994
0.3707173
0.3757293000000001
0.4122019
0.3950415
0.3700013
0.3826751000000001
0.38397159999999997
0.4160941000000001
0.2914594
0.4423453
0.4462758
0.41021579999999996
0.3581922
0.26490050000000004
0.2664437
0.17008930000000005
0.315697
0.4419681
0.4419385
0.35467000000000004
0.2929619
0.4441155
0.4229954000000001
0.4145696
0.3175446
0.1665017
0.19927910000000004
0.2293754
0.3281848
0.4308227
0.4390278
0.3880802
0.2681481
0.3395493
0.33975279999999997
0.3502352
0.34148300000000004
0.3273557
0.3577066
0.3335285
0.3739992
0.3997039
0.45252529999999996
0.4509871
0.34338
0.2062266
0.1659777
0.16363350000000002
0.2103849
0.3925441000000001
0.372541
0.36618979999999995
0.33201200000000003
0.3421717
0.34828200000000004
0.3773387
0.437029
0.457579
0.460816
0.346656
0.223823
0.31476950000000004
0.3583139
0.30111570000000004
0.3534622
0.4125575999999999
0.4695947999999999
0.154057
0.12958160000000002
0.18758829999999999
0.2909123
0.3593511
0.211335
0.28592059999999997
0.27067490000000005
0.4086225000000001
0.4256651999999999
0.33538480000000004
0.15199930000000006
0.13126310000000002
0.1361374
0.08982570000000001
0.12713039999999998
0.2563029
0.3340115
0.4583644
0.4356623
0.4671099
0.4743954000000001
0.4749892
0.4583281
0.4647915
0.3855333
0.47280920000000004
0.4475519
0.4109144
0.2599533
0.24242940000000004
0.4635313
0.43767429999999996
0.4693747
0.4575823000000001
0.4230665
0.4348505999999999
0.4687943
0.3782731
0.4545298
0.4165564000000001
0.47745479999999996
0.4715097
0.4795388
0.4739620000000001
0.47351679999999996
0.4746492
0.4646507
0.4750374000000001
0.4339287
0.4077277
0.4745881000000001
0.4194241000000001
0.3616223
0.3865241
0.4736283
0.471254
0.4248168
0.4328784000000001
0.4626045
0.4658337
0.4114283999999999
0.3819952999999999
0.4802447
0.4497017
0.34263800000000005
0.4232697999999999
0.4767766
0.4780337000000001
0.4764388000000001
0.4349425
0.4308784000000001
0.4798223
0.4765422
0.4764389
0.47834499999999996
0.4773411000000001
0.4298166000000001
0.4237145000000001
0.447639
0.4790098
0.47720730000000006
0.47895299999999996
0.4708893
0.4347601
0.4155626
0.4581719
0.4437046
0.3804103
0.43595550000000005
0.4582031
0.3802422999999999
0.4484186000000001
0.4755632000000001
0.4751819000000001
0.4756298
0.4751148000000001
0.4737233
0.4482215
0.4299097000000001
0.4552415000000001
0.4486964000000001
0.2796853
0.26478080000000004
0.2876811
0.4694987
0.4716024
0.4657638
0.4752648
0.476712
0.46332700000000004
0.329233
0.4803959
0.4710059
0.44211190000000006
0.3885354
0.4689654999999999
0.4773451
0.4761901
0.47694659999999994
0.4741428
0.4690124000000001
0.4710342000000001
0.4550188000000001
0.3803599000000001
0.4786977
0.4231617999999999
0.3106044000000001
0.4427806
0.4642746000000001
0.4556619000000001
0.4605324000000001
0.46167749999999996
0.4369902
0.4430177
0.4134459
0.4745376
0.3958266
0.3954567
0.471725
0.4761624
0.4765226
0.4782912
0.4396165
0.4760894
0.4773497
0.38610459999999996
0.3842551
0.3538579
0.39634959999999997
0.4226396000000001
0.4441844
0.24657810000000005
0.2088248
0.2226928
0.1509231
0.2306677
0.14339490000000002
0.1659901
0.4506658
0.42410470000000006
0.39457329999999996
0.4070105
0.29133580000000003
0.33100490000000005
0.36898400000000003
0.2954272
0.2592219
0.22643640000000004
0.2345179000000001
0.19965429999999998
0.2092508
0.19000970000000003
0.1865277
0.1706144
0.20085770000000003
0.1715233
0.2524888
0.16363580000000005
0.1913022
0.15869229999999998
0.10245490000000004
0.09939209999999997
0.11124
0.17422949999999998
0.0669753
0.2505325
0.1753938
0.1992714
0.1651575
0.2759644
0.28853249999999997
0.12338010000000002
0.15413680000000002
0.15920910000000002
0.1244096
0.16151699999999994
0.1418855
0.1854019
0.13351470000000001
0.24981560000000005
0.38148350000000003
0.3832815
0.38188
0.34145760000000003
0.3714151
0.2306184
0.2247728
0.3761024000000001
0.2255174
0.16547559999999994
0.17610019999999998
0.0956961
0.1128143
0.10764120000000002
0.1175154
0.11301880000000003
0.0968871
0.11131410000000001
0.1339615
0.14401329999999998
0.135897
0.13416470000000005
0.0968031
0.14731699999999998
0.1449825
0.1469692
0.15211570000000002
0.17906399999999995
0.11343799999999996
0.1297379
0.18735980000000005
0.2145757
0.1382293
0.1936926
0.22440840000000006
0.21556670000000008
0.122199
0.2261067
0.2138752
0.2360667
0.2557819000000001
0.2553269
0.2518113000000001
0.22193220000000002
0.2241058
0.2225756
0.2544748000000001
0.27038650000000003
0.2900919
0.28885320000000003
0.3505303
0.3015957
0.3171349
0.2760652
0.3334434000000001
0.31502329999999995
0.17309769999999994
0.2663146000000001
0.2006047
0.2324328
0.17425919999999998
0.22116100000000002
0.2176986
0.2307203
0.13564919999999994
0.2271978
0.1938937
0.24698029999999999
0.34729970000000004
0.08346751999999999
0.08621208000000001
0.08921086
0.16958204
0.16904249
0.16839924
0.20600268
0.20837155
0.02934028
0.013893730000000005
0.03026178
0.02918627
0.02987848
0.026789330000000004
0.032394
0.06358493000000001
0.08242820000000001
0.00974297
0.08741526
0.014501900000000003
0.038724800000000004
0.02747639
0.07867460000000001
0.05394173
0.09288841
0.1615319
0.3256549399999999
0.22048205
0.23188243
0.4766879
0.414916
0.28092897
0.3374897600000001
0.2554463
0.31162765000000003
0.33205079
0.21391268
0.23449778
0.27253965
0.2695866499999999
0.24402178
0.2244816000000001
0.3271192
0.4618752999999999
0.4364006999999999
0.4552935
0.4136420000000001
0.411586
0.414432
0.4156915
0.4280600000000001
0.4286123
0.36395500000000003
0.34948140000000005
0.367087
0.27366599999999996
0.13230869999999995
0.08795259
0.12536519999999998
0.15144520000000006
0.13037919000000006
0.14758515
0.1662039
0.23517510000000005
0.30520440000000004
0.2953872
0.281772
0.3820851
0.4549011
0.4708251
0.4770196
0.4756326
0.4768745999999999
0.4794483
0.4763963
0.4769990000000001
0.4805369
0.400079
0.37210507
0.48397047
0.47135298
0.44334722
0.47069722
0.34933004
0.47375522
0.46646722
0.45446831
0.46438241
0.40817145
0.47890036
0.47953827
0.47924722
0.47889636
0.28217541
0.48046141
0.44819236
0.48131141
0.45007436
0.48067627
0.4823634100000001
0.48132531
0.4837374099999999
0.48321831
0.48283527
0.47360722
0.48316936
0.48328822
0.47825422
0.46537036
0.34905
0.477235
0.480222
0.476354
0.442236
0.474235
0.483418
0.4806739999999999
0.4767070000000001
0.403363
0.42261099999999996
0.4650780000000001
0.475824
0.43958456
0.3999546399999999
0.43747884
0.41722944
0.45583768
0.47070999
0.45943039
0.43446229
0.39596398
0.47635569
0.46759714
0.42413071
0.43463241
0.40306067
0.37639945
0.39915105
0.36436216
0.40771421
0.42332851
0.38709652
0.3723543600000001
0.39407236
0.38489241
0.42089822
0.39135004
0.41358831
0.39160641
0.32822436
0.32909341
0.33063341
0.40168936
0.4182743600000001
0.40537822
0.31927436
0.44429436
0.45427531
0.34596436
0.40230104
0.4159839
0.3993108
0.3268999
0.30136918
0.33910204
0.27903348999999994
0.36527063
0.39148299
0.3280169000000001
0.25747963
0.31254599
0.35086227000000003
0.37018918
0.47432141
0.45151855
0.47705046
0.47616655
0.3631836500000001
0.45237346
0.47736146
0.4560325100000001
0.47576456
0.47826665
0.4647635000000001
0.45139337
0.47890442
0.41364732
0.47670969
0.4778216
0.47743223
0.47584537
0.47644064
0.47611155
0.47646341
0.4769945500000001
0.47900541
0.47862728
0.4771313299999999
0.44881351
0.4592274100000001
0.44488123
0.4762605
0.47733546
0.47744928
0.47851932
0.47778341
0.4751926
0.47746336
0.47575228
0.45575142
0.45391055
0.4564454100000001
0.41997537
0.47957846
0.47790151
0.47797342
0.47823341
0.47657946
0.4604222200000001
0.46314917
0.47783574
0.47184138
0.4778689400000001
0.398386
0.33257
0.23035500000000006
0.46229876
0.47597531
0.4702129
0.45618014
0.44764883
0.39884922
0.48173867
0.47489977
0.4562233100000001
0.45228757
0.3622610100000001
0.45247667
0.40626669
0.46807838
0.35527104000000004
0.28852808
0.25700471
0.3927541700000001
0.40319122
0.31622907999999994
0.45549408
0.39833408
0.47231670000000003
0.4799394100000001
0.4539741
0.4004081400000001
0.45703676
0.48212289
0.48045434
0.4475079000000001
0.47066925
0.42146024
0.47840425
0.4807948399999999
0.4778303
0.47428904
0.44916124
0.4596336700000001
0.4469013
0.46575055
0.47036555
0.4354765099999999
0.39016419
0.40363795
0.37058317
0.46039453
0.46816739
0.35931607
0.36809756
0.3875420100000001
0.43384737
0.47520872
0.4652841600000001
0.4755035200000001
0.4409194500000001
0.4816155200000001
0.45075352
0.44398357
0.41552983
0.43190335
0.35564733
0.36570735
0.4596975700000001
0.41816678
0.3458968
0.3397151199999999
0.31361841
0.33974171
0.27390916000000004
0.3966618400000001
0.44733147
0.3685844600000001
0.32416384000000004
0.4745515500000001
0.47291628
0.42776533
0.3661929
0.441803
0.40909204
0.46179023
0.4719318
0.47861725
0.44655536
0.46566855
0.33456729
0.33246924000000005
0.26986178
0.25601373
0.2488489200000001
0.28044892
0.23203802
0.28092708
0.26656001
0.15422611
0.12598552999999998
0.18715649
0.18689805
0.16325647999999998
0.09855696
0.11313356
0.12141936
0.10401123
0.1117307
0.11989836
0.21312082
0.31137178
0.30880843
0.3170246800000001
0.34978990000000004
0.44754846
0.4389069599999999
0.25401606
0.36038601
0.34690892
0.34145425999999995
0.34087756
0.13049094
0.12897283
0.18524381
0.18012468999999998
0.10229124
0.21623915
0.08198931
0.06737124
0.09064615
0.11941231
0.09093901
0.08572231
0.21145722
0.30239227
0.25969013
0.20191417
0.33928517
0.26652333
0.27652129
0.26743697
0.30701352
0.28909317
0.24121557
0.24791663
0.34669404000000004
0.4712597
0.39924554
0.19515998
0.12466967
0.09107187
0.13164171
0.04287497
0.12629363
0.11555027999999998
0.11650313
0.12890603
0.19147848
0.26689987
0.22505592
0.35289324
0.42979157
0.47169556
0.30658459999999993
0.24123754
0.4111956
0.44366791
0.42845316
0.28941328999999993
0.22038067
0.4112923000000001
0.44450024
0.2678457
0.35140158999999993
0.4813382000000001
0.48242595
0.48208278
0.47799023
0.4799860100000001
0.4460927199999999
0.42538991
0.47498992
0.4555960200000001
0.45207588
0.47816572
0.46306468
0.47821889
0.38171768
0.44806268
0.4650197099999999
0.33363171
0.47421948
0.42358662
0.47746151
0.46282813
0.39197542
0.4081273
0.4739499999999999
0.47897322
0.46671449
0.41603216
0.44002907
0.35966633000000003
0.46310378
0.47448221
0.47677391
0.47390583
0.42665322
0.44243452
0.32561299
0.26843487000000005
0.3405196199999999
0.34635344999999995
0.29818644
0.36396764
0.41202833
0.4581757000000001
0.47402556
0.47474546
0.40248331
0.44306598
0.38768467
0.47145641
0.47418642
0.47990967
0.46981982
0.46086499999999997
0.44015525
0.3410792
0.42363686
0.47923238
0.44308586
0.4333116
0.44151499
0.36707738
0.27637754
0.31321461999999994
0.31731994
0.37487227
0.4295866500000001
0.39969354
0.27868383
0.44789516
0.4153779799999999
0.28449821
0.45669949
0.4794995500000001
0.48144457
0.47854193
0.46842127
0.46715202
0.45408319
0.48226721
0.48109401
0.4740841100000001
0.3112705
0.37698282
0.33460457
0.08695157
0.37073674
0.28133155
0.29914283
0.36554751
0.29437846
0.34013542
0.32901233
0.33995975
0.33709468
0.38467558
0.34436224000000004
0.38333128
0.3830534299999999
0.37990372
0.38135712
0.38245719
0.38265448
0.36278342
0.32877936
0.36659641
0.37503266
0.38047042
0.33539363999999994
0.34007208
0.33762273
0.32936615
0.3299559
0.32926771
0.32715603
0.33010799
0.33004484
0.3267958
0.344688
0.33913035
0.34628407
0.38990549
0.4730656700000001
0.47525321
0.45707211
0.46598497
0.43265426
0.47675222
0.46776263
0.47329283
0.4198129
0.46996277
0.42250542
0.4494091400000001
0.4762202800000001
0.42350323
0.43282423
0.43489415
0.3831797699999999
0.35850874
0.4243491
0.47071692
0.46973819
0.4137697300000001
0.38287314
0.45726847
0.47044443
0.47587019
0.4444651299999999
0.34533131
0.44324927
0.39214638
0.42601944
0.45130714
0.4161629
0.40241899
0.34325179999999994
0.45711377
0.4507545
0.44218304
0.42606254
0.46758409
0.47031933
0.47715793
0.29574408
0.38409013
0.36021487
0.36114864
0.35779274
0.33745593
0.32552103
0.37265374
0.35683359
0.36790164
0.33371264
0.30924178
0.37978944
0.36448754
0.35458324
0.36838659
0.34294344
0.3884343
0.35788335
0.34748335
0.35580725
0.33423759
0.32966178
0.44526059
0.43062868
0.35423596
0.35214215
0.33366706
0.34067626
0.38457422
0.38583727
0.33297241
0.38043817
0.38056098
0.39861864
0.44134883
0.37121958
0.39307538
0.38973982
0.38345416
0.39196712
0.38458431
0.39062522
0.38897945
0.38111945
0.38105731
0.42530297
0.38550817
0.39411767
0.4294035199999999
0.40756372
0.42185626
0.36665017
0.40717578
0.44937283
0.4073869700000001
0.41974098
0.42894507
0.45724768
0.41263412
0.38338172
0.37946167
0.35413387
0.13028285
0.18150242
0.16316237
0.17782046
0.16459851999999994
0.22074046
0.16473399
0.17537566000000002
0.21143875
0.23909621
0.23593006
0.20070712
0.18823579999999998
0.21644562
0.16846475
0.15445799999999998
0.16510424
0.1816572300000001
0.16243324
0.19539866
0.18062622
0.21684987
0.1649925
0.14748079
0.13184724
0.13849195
0.10320476
0.09952253999999998
0.15587465
0.12128051
0.12864903
0.15138109
0.23713739
0.2511684
0.22086981
0.19861505999999995
0.17789321
0.28975216
0.30268030999999995
0.27609217
0.22240456
0.13991879999999998
0.13075353999999995
0.19012736
0.15755455000000002
0.14432506
0.25856123
0.21561892
0.1656793
0.23024926
0.24497887
0.27949458000000005
0.23886407
0.23917081
0.23617510000000005
0.2797313
0.24137162
0.13043927
0.10595037
0.16450333
0.12522333000000002
0.10518326999999998
0.16362673
0.34908859999999997
0.35373429
0.2725356
0.3477933
0.27876070000000003
0.41182424
0.30701093999999995
0.18900194
0.15216933
0.17475528999999998
0.21144954
0.16118581
0.21677548
0.26349683999999995
0.23516884
0.18347514
0.16010797
0.24938854
0.27975629
0.23577958
0.14836753000000005
0.22240897
0.28583398
0.25031869
0.40888044
0.42398229
0.33228948
0.26716154
0.28095568
0.26536397
0.27044857
0.26746151999999995
0.22863177
0.26759083
0.22324502
0.42299657
0.43109567
0.43707567
0.4496585200000001
0.44578852
0.43930852
0.34401132
0.47072393
0.4717865800000001
0.45514278
0.47258804
0.46746804
0.45965513
0.47112413
0.47254592
0.47153203
0.47061517
0.47170997
0.47267382
0.4727680799999999
0.47228712
0.47356897
0.45051517
0.47171613
0.47309673
0.4446923299999999
0.45534612
0.47149557
0.41650518
0.47193608
0.47375808
0.19716564
0.20422519
0.16197713
0.16249364
0.18234104
0.17901024
0.17756485
0.15128198999999998
0.18326294
0.16589484999999998
0.31294276
0.21043875999999995
0.19667779999999999
0.11021454
0.16606064
0.1956769
0.27375176
0.27288285
0.37503485
0.37087600000000004
0.38270085
0.17371008
0.15848504
0.17517008
0.15203793999999998
0.2310548500000001
0.2082039
0.19389885
0.22047390000000008
0.19194894
0.18884599
0.17601994
0.17292190000000002
0.13044308
0.31102308
0.32713922
0.31662108
0.34752213
0.33234504
0.39154794
0.35757404000000004
0.45495399
0.33565199
0.20363585
0.21665894
0.2110478
0.14383804
0.16615594
0.11897313
0.12764008
0.22191304
0.22761799
0.21095404
0.2348199
0.19254385
0.16373704
0.11755113000000005
0.10928722000000002
0.13576213
0.14668213000000002
0.09929908
0.05573913
0.40281199
0.4525039000000001
0.47695294
0.48152199
0.4806710400000001
0.48056199
0.4483619900000001
0.48054008
0.42784913
0.45783008
0.4459819900000001
0.21650676
0.1811258
0.19207771
0.19935962
0.28447976
0.17980185
0.21609766
0.22708990000000004
0.14811213
0.10451227
0.13942822
0.13566527
0.19963213
0.19115622
0.10991517
0.18576413
0.14889104
0.43784899
0.4701408500000001
0.47276085
0.4408620799999999
0.22513585
0.11985871
0.14409393999999998
0.10026394
0.16353476000000006
0.17039385
0.17044803999999994
0.20523099
0.20733053
0.21780690000000005
0.21395204
0.14850813000000002
0.18171722
0.14593217
0.10109027
0.17499913
0.21273199
0.18678717
0.18631213
0.19606899
0.25098404
0.41003599
0.44804804
0.23737808
0.16431298999999994
0.21612094
0.18172699
0.16572185
0.21900785
0.2514138
0.17911204000000006
0.17407904000000002
0.18015204
0.18492304
0.30582899
0.4611909900000001
0.4363979000000001
0.20030157
0.17140793999999998
0.17591008
0.20459808
0.2308289
0.19031894
0.21452904
0.21724399
0.19807099
0.21893499
0.20548294
0.19155204
0.14296313
0.14008816999999998
0.10252617
0.09989308
0.18307913
0.17507104
0.20177685
0.17694599
0.18949004000000005
0.28313185
0.1995889
0.16459708000000006
0.13641813
0.14889108
0.13175199
0.15828193999999998
0.10991308
0.09592904
0.25957199
0.1835749
0.27365576
0.32236461999999994
0.31768257
0.32581943
0.23986357000000005
0.13737280000000002
0.10943144000000002
0.15504094000000002
0.12879694
0.19965543
0.29899639
0.26249734
0.32498543
0.39935153
0.35563539
0.41185934
0.43255734
0.36937948
0.3558697099999999
0.33136443
0.24196066
0.34074148000000004
0.35871757
0.25072162000000003
0.24645457000000004
0.2926818
0.25991571
0.27096266
0.33726304
0.31276299
0.27143985
0.26538894
0.26507585
0.19807585
0.16736389999999998
0.1929108
0.21888276
0.26688471
0.25776657000000003
0.27245143
0.27674334
0.22450253
0.22029757000000005
0.19924371
0.18657776
0.23447766
0.21673576
0.21750362
0.24321566
0.26812766
0.2926845699999999
0.24115353
0.2307547100000001
0.2294378
0.2412408
0.19161685
0.22592171
0.2210238
0.30234894
0.21620866
0.2038619
0.22796794
0.25180985
0.2487079
0.35277593999999995
0.42309294
0.39805585
0.27812094
0.36459990000000003
0.42507999
0.3002469
0.18045299
0.17856608
0.12621822
0.11627931
0.15951627
0.13399127
0.17340817
0.20680322
0.25401122
0.18717113
0.20839077
0.23066027
0.21147422
0.22725817
0.30778799
0.18418313
0.15839999
0.17500016999999998
0.17369893999999994
0.21583394
0.2816028
0.19408294000000004
0.15584617
0.16631813
0.21926508
0.26517727
0.08862422
0.16305716999999995
0.12038522
0.11967908
0.2741628
0.26870890000000003
0.33893890000000004
0.25899899
0.16519189
0.16564613999999994
0.12765978
0.11953727
0.14422717
0.12427608
0.11870908
0.10627608000000002
0.20187099000000008
0.28701608
0.26759599
0.15912407999999995
0.16372372999999998
0.16638817
0.18556278
0.11989631
0.14300408
0.15054799000000002
0.10736322
0.10578727
0.14298808
0.16112808
0.14814844
0.14943172999999998
0.19487944
0.13737312999999998
0.08333031
0.11534497
0.13346531
0.11104827
0.08952426999999999
0.10142331000000004
0.19178704
0.23185394
0.23365704
0.22503458
0.27946404
0.26809708000000004
0.29815373
0.23650901
0.16145516999999998
0.22380922
0.19403231
0.10785996
0.14675286999999998
0.19872085
0.21361289
0.23133019
0.22891357
0.21587257
0.18739897
0.19253663
0.16289761
0.08970677
0.07481637000000001
0.10373117
0.11939204
0.14796189999999998
0.16785685000000006
0.2293768
0.2076119
0.18788204
0.17754203999999998
0.17556904
0.15848308
0.14856617
0.17335103999999998
0.09177762
0.17300599
0.16831617
0.16368299
0.17393398999999998
0.17136204
0.24644194
0.18679704
0.23188199
0.21331994
0.18391294
0.16127694
0.12884104
0.14157299
0.16730908
0.20908699
0.16208485000000006
0.16210453000000002
0.28153653
0.23816822
0.20261627
0.23500508
0.20192617
0.17149992
0.14844522
0.16860461999999998
0.15103387
0.18180563
0.13166349
0.2303112800000001
0.24383828
0.23560052
0.20750818
0.23998683
0.20977967
0.15910184000000002
0.1847509
0.1886214
0.21438054
0.18243304
0.26685299
0.33041185
0.33745676
0.29133666
0.31916266000000004
0.33208862
0.31899362000000003
0.31940370999999995
0.2388408
0.28987585
0.24189494
0.2276339
0.24757099
0.18333485
0.22191980000000008
0.20805294
0.20203399
0.19224599
0.20279808
0.20725304
0.16404683
0.15805193
0.15108681999999998
0.18849772
0.22498204
0.27872894000000004
0.20754594
0.21688685
0.20131285
0.2213578
0.18829194
0.24906804
0.23782394
0.20651508000000005
0.18330053
0.10998108
0.20904008
0.29772194
0.28517190000000003
0.2494509
0.24756394
0.19259085
0.19135594
0.23896904
0.27046213
0.27825322
0.20899941
0.25016287
0.25252831
0.22699422
0.29288617
0.28115617000000004
0.28917017
0.29784717
0.28883204
0.18217299000000006
0.27066208
0.25129004
0.25025613
0.19274927
0.17798076999999998
0.19162317
0.26210299
0.28949179999999997
0.2704949
0.26280094
0.31084604
0.26775199
0.24027699
0.25175994
0.27070694
0.23603213
0.21225222
0.19770422
0.23073694
0.3132919
0.27710699
0.26272599
0.2907829
0.26969085000000004
0.26753685
0.23072479
0.29900399
0.29672303999999994
0.29995674
0.32475309
0.31656559
0.30911634
0.28920088000000005
0.26887099000000003
0.29548099
0.29866990000000004
0.2250547
0.19741776
0.18533435
0.16208909
0.23194707
0.21919082
0.25613918
0.2709094400000001
0.2547535
0.2426774
0.31747475
0.29578555
0.2739568
0.28570276
0.30315885000000004
0.25201499
0.15705918
0.12213028
0.14812103999999998
0.28686399
0.2861568
0.21661694000000006
0.25978690000000004
0.2202299
0.2423148
0.27577294
0.22548117
0.24042113
0.34429017
0.27433517
0.28820504
0.33475585
0.27983090000000005
0.26463199
0.26384899
0.25072604
0.24294908
0.26470804000000003
0.23384004
0.24366717
0.21628427
0.33178927
0.24575508
0.30605512999999995
0.30598508
0.25154117
0.28440822
0.40969431
0.46125827
0.30505204
0.31823307999999995
0.16668799
0.14200117
0.36636831
0.30162636
0.35007627
0.34143817
0.35264208
0.35038108
0.21623199
0.23134399
0.27181713
0.25782417
0.37247822
0.24678261
0.2324536100000001
0.21558851
0.18729552
0.19056812
0.24939857
0.27057231000000004
0.26357522
0.27693017000000003
0.25001908
0.28608004
0.24852517
0.18965073
0.18509783
0.23106107
0.23902208000000005
0.29915417
0.17477597
0.13432777
0.11979487
0.12979762
0.13024467
0.13308657999999998
0.13297937
0.13030902
0.13511378000000002
0.12396812999999995
0.12206647
0.04976726
0.04762975000000001
0.04494865
0.05964997
0.19485508
0.3152089
0.30550144
0.25705138
0.22284849
0.35168085000000004
0.3683739
0.4098879400000001
0.39317094
0.34560494
0.2894520800000001
0.12962813
0.15006552
0.07540257
0.06854236000000001
0.07878891
0.050872960000000016
0.07711221
0.06060566000000001
0.07808190999999999
0.025245300000000002
0.03671444
0.06638346999999999
0.05173896000000002
0.04581773
0.06547208
0.22176713
0.20184837
0.22164427
0.24728658
0.24682363
0.26126394
0.24765473
0.25304093
0.21619919
0.22076839000000004
0.12256143
0.17966984
0.25832974
0.25697099
0.29903048
0.24099747
0.35020934
0.27100408
0.26471157
0.33740198
0.32364412
0.36152019
0.19052502
0.34490999
0.35726008
0.29980103
0.16670562
0.22362023
0.32625613000000003
0.25913579
0.16885648999999994
0.19144364000000005
0.19512849
0.18436404
0.24866094
0.14375033000000004
0.37086966
0.38668439
0.3370217099999999
0.29766399
0.20860199
0.14567190000000002
0.06821213000000002
0.31990504
0.39933894
0.3301259
0.15954690000000002
0.22981694
0.27907958
0.28673608
0.28429958
0.24958823
0.26837942
0.27329937
0.19840611
0.27887886999999995
0.28744213
0.3838420400000001
0.4424269
0.40967385
0.35017894
0.35636785
0.2848268
0.25583394000000004
0.2488348
0.23595785
0.23441994
0.22371094
0.07242873
0.16814858000000002
0.07148071
0.15624367
0.25712513000000004
0.25950708
0.24338817
0.17044322
0.23286113
0.27177012999999994
0.20659217
0.27125913
0.24717704
0.33247108000000003
0.34528399
0.31938099000000003
0.16559404
0.18763413
0.18384608
0.13990943
0.16782127
0.19749817
0.07288121
0.08737441000000001
0.17817404
0.07741727
0.07711131
0.14949527
0.18967108
0.16304722
0.31786513
0.20161929
0.13754585000000005
0.14286294000000002
0.27854478
0.29143713
0.30101868000000004
0.37007664
0.1882854300000001
0.22390558
0.35326831
0.23364894000000005
0.14790834
0.28405214
0.34226717
0.39480115
0.38924919
0.47710356
0.48001447
0.41035102
0.46506661
0.47271361
0.35668216
0.4809460500000001
0.45211833
0.43425451
0.47693556
0.48139742
0.47990661
0.48047161
0.43439196
0.43880017
0.4316777700000001
0.39894503
0.44077716
0.48040403
0.37553825
0.47876011
0.45814821
0.36252024
0.43968638
0.47659678
0.47813116
0.47861679
0.48053343
0.4797724899999999
0.36334772
0.43519673
0.46610477
0.47898521
0.47842518
0.47897264
0.48191446
0.48060341
0.48103578
0.4163301199999999
0.40445251
0.46707187
0.48114075
0.43577824
0.4165307
0.41816571
0.40414679
0.42999763
0.46331137
0.47967051
0.4813528
0.4788747
0.47981938
0.34928706000000004
0.46639313
0.47983547
0.480588
0.4577397
0.42533156
0.45448091
0.47360898
0.4572550199999999
0.48154575
0.47802179
0.48166484
0.4794918799999999
0.48170353
0.48080039
0.4820468799999999
0.47813533
0.47809056
0.43123447
0.44069114
0.4782204400000001
0.44267339
0.4690397499999999
0.46865284
0.4721281
0.48098419
0.4795101900000001
0.44649979
0.47890789
0.46006887
0.46194037
0.47910169
0.43338751
0.48087669
0.4414528
0.4795128399999999
0.4641110699999999
0.45892407
0.48150093
0.4794313200000001
0.45787191
0.46434832
0.45630574
0.4057241
0.4119457
0.45893975
0.45773479
0.47888826
0.4798125600000001
0.47814022
0.44101821
0.4799743900000001
0.4820450900000001
0.47952496
0.43161405
0.48075789
0.42937356
0.43084698
0.48208639
0.43271861
0.43177579
0.40991642
0.47695129999999997
0.4348282100000001
0.43700502
0.47988017
0.45596765
0.47936347
0.46349784
0.43205274
0.48077874
0.46191015
0.43787782
0.47806607
0.48082623
0.4789202500000001
0.45969189
0.46605178
0.47995412
0.4805041900000001
0.48087223
0.48080601
0.48207619
0.41528191
0.45472951
0.43707543
0.44981561
0.42908084
0.48176383
0.47971774
0.48078882
0.47644764
0.41552982
0.47828779
0.45215142
0.4769843700000001
0.37844761
0.45336365
0.4768598800000001
0.47904684
0.4786984699999999
0.47717837
0.47687829
0.4778844900000001
0.4764538600000001
0.48039012
0.47953417
0.48109098
0.48042642
0.48135474
0.48023342
0.48152708
0.48051634
0.47765207
0.47535345
0.48193649
0.47773018
0.48107306
0.47847463
0.45938166
0.48042726
0.45934835
0.48004805
0.48160939
0.47938807
0.47905143
0.47820674
0.48212942
0.4114565100000001
0.48025652
0.44851386
0.42782356
0.4521264700000001
0.48080100000000003
0.47277678
0.45249193
0.42380289
0.45987838
0.47371623
0.44300947
0.42494128
0.4342428
0.19575143
0.20699944
0.22684843000000005
0.14106513
0.15547998000000002
0.1810525
0.18692369
0.17188004
0.15580932
0.14128717
0.10581777
0.09103497
0.06523810999999999
0.08532436000000003
0.06031791
0.06233245000000001
0.10049673000000002
0.10419236000000004
0.33883914
0.21738934
0.23653794
0.22107773
0.34563838
0.38877839
0.32904884
0.30745955
0.24564270000000002
0.19266726
0.11095937999999997
0.10161548
0.09242977
0.05985657000000001
0.24832744
0.12578517
0.07995975
0.05005471
0.06290258
0.06416365
0.08430367999999999
0.08371136
0.14747877
0.11950767000000002
0.09546531
0.11924136
0.20536556
0.21010942
0.12198005
0.10175037
0.09271861
0.12694106
0.09492819
0.10136509
0.06461138000000001
0.09204148
0.12192479
0.12467051
0.31633605
0.31580803
0.10436441
0.15034314
0.2492384
0.18463905
0.17542418999999998
0.18785998
0.16892463
0.1817944
0.12603602
0.16889808000000006
0.15520023
0.15904887
0.17069431000000002
0.16369349
0.10422414000000002
0.09872875
0.12227614
0.1109601
0.09022877
0.07720541
0.08192445999999999
0.08891778
0.1511864
0.13490509999999994
0.14923128
0.15045418999999996
0.18793776999999995
0.17832566
0.17968978
0.19054577
0.17291869
0.16142917000000004
0.11871194
0.14997831000000006
0.15578522
0.20168435
0.19289659000000006
0.18575173
0.16944424000000002
0.17461000000000002
0.15205406
0.17416554
0.18560539999999998
0.18703728000000008
0.23584722
0.20565998
0.22002456000000006
0.1333667
0.14004723
0.1491949
0.16158
0.15475214999999998
0.10624785
0.08241239
0.0971705
0.09625569
0.09650944
0.12632689
0.12435571
0.12379179999999998
0.14470582
0.12359732
0.13963180000000006
0.14146665
0.10868573
0.12481754000000002
0.13236270000000006
0.11610198
0.10105901
0.12652819999999998
0.15587202
0.122357
0.09771069
0.15432522
0.16953895
0.12760319999999994
0.11060004999999998
0.12069781999999996
0.11270214
0.15173819
0.09717692
0.13365975000000002
0.12645635000000002
0.14189901000000002
0.13292956
0.14731414
0.10650109
0.16119400999999994
0.14321
0.15617419
0.09149778
0.12643094
0.07472523
0.15478919000000002
0.10440155
0.18065426
0.20351599
0.19999045
0.12761978000000002
0.100371
0.13318628
0.14042678
0.13183245000000002
0.19597772
0.14107953999999998
0.17320828
0.14703210000000005
0.11780839999999998
0.12421444
0.13181927
0.10556249
0.13348815
0.16170109999999996
0.17500610000000005
0.15146232
0.10034796
0.11021254
0.11325901
0.13026859
0.12189449999999999
0.11238787
0.11660905
0.12356096
0.11933314
0.12813487
0.16439673000000002
0.14579068
0.14161691
0.11165082
0.13883678
0.14706863999999994
0.17771805000000002
