0.1946708800000001
0.2018461800000001
0.23289622000000004
0.2438412800000001
0.20684804000000007
0.2164090800000001
0.2192847300000001
0.2154180800000001
0.1804415700000001
0.1935523800000001
0.2517757400000001
0.2452590900000001
0.2263899800000001
0.2343183900000001
0.20808608000000006
0.24596959
0.2321951800000001
0.2272147900000001
0.2280020400000001
0.2071789800000001
0.2313439400000001
0.2304518900000001
0.21850554000000008
0.2165785300000001
0.22182458000000008
0.20334803000000007
0.21160293000000005
0.21021768000000007
0.21300753000000008
0.19106652000000007
0.1827838200000001
0.22315813000000007
0.2376452800000001
0.3341133400000001
0.43239463
0.4023022800000001
0.33279793
0.34886248000000003
0.3955281400000001
0.3976260899999999
0.38623864
0.3709104400000001
0.35542097999999994
0.35264578
0.32324503
0.33524653000000004
0.3371217799999999
0.36870583
0.38117418
0.31335823
0.36712543
0.36597988
0.37666323
0.39080598
0.3841188800000001
0.3829574300000001
0.36248978
0.35469937999999995
0.34688768000000003
0.34586462
0.37345033
0.44055314
0.3516667800000001
0.30960842000000005
0.35910851999999993
0.3885705800000001
0.37245782
0.36185043
0.36972803
0.3699151199999999
0.3547270200000001
0.34538637000000005
0.3728410700000001
0.40011987
0.3945420200000001
0.31104827
0.36119702
0.3904682800000001
0.4094647300000001
0.3973490800000001
0.3558618199999999
0.34215207
0.3754848399999999
0.35966188
0.35171768
0.3703638400000001
0.38037643
0.37593438
0.3252348199999999
0.29732247999999994
0.3828791400000001
0.35105804
0.35820162999999994
0.36960764
0.35376728
0.35324213
0.3513448300000001
0.34568763
0.35867193
0.35628428
0.3647790799999999
0.39166203
0.35630948
0.32697143
0.2857185200000001
0.31650803
0.34619058
0.31760878
0.323403
0.32241868
0.23495305
0.27577863
0.35595002000000003
0.36818392
0.3879096799999999
0.37125723
0.33880517999999993
0.35801393
0.35837542
0.35636248000000004
0.3556678199999999
0.37241968
0.38402163
0.38346828
0.33226112
0.2754863200000001
0.28620154
0.3764125600000001
0.33629012
0.3483244999999999
0.4067217
0.4157788
0.367478
0.38648740000000004
0.32908030000000005
0.35448299999999994
0.40867
0.408175
0.414109
0.41174799999999995
0.40744400000000003
0.38976500000000003
0.36301300000000003
0.345859
0.35682600000000003
0.35436
0.358385
0.3712168000000001
0.34753710000000004
0.3374042
0.3312785
0.3554021
0.3768886
0.34939809999999993
0.4027438
0.40126880000000004
0.3950574
0.4075048
0.4044901000000001
0.3474734999999999
0.27276940000000005
0.3560623
0.3758473
0.3801232
0.355892
0.3485270999999999
0.3665422
0.4130925999999999
0.4221926
0.4009585000000001
0.37898200000000004
0.3896048
0.40289749999999996
0.3629737
0.38056690000000004
0.32623030000000003
0.353166
0.3410393
0.4233704
0.3430421000000001
0.3433466
0.3076051
0.22255250000000001
0.20133710000000005
0.20126290000000005
0.213849
0.21373450000000005
0.2644598
0.3496430000000001
0.35608460000000003
0.3360897
0.3807026999999999
0.3731756000000001
0.3631627
0.35302740000000005
0.33029129999999995
0.3841384
0.3556965999999999
0.3657689
0.3633921000000001
0.3436907999999999
0.3193094000000001
0.3279924
0.3702117000000001
0.3311622
0.3732246000000001
0.26313590000000003
0.2405361000000001
0.2481132000000001
0.2790166000000001
0.2729807000000001
0.30495370000000005
0.3825347
0.34623370000000003
0.3791342
0.3858937
0.3720656
0.39407179999999997
0.3928960999999999
0.3759315
0.3648477000000001
0.3581885
0.36893790000000004
0.3779377999999999
0.3702747
0.3836699999999999
0.3872308
0.3774816999999999
0.3551983
0.33567889999999995
0.2368699000000001
0.21773080000000009
0.2500735000000001
0.23583590000000004
0.2510425
0.28134770000000003
0.4060663
0.3961608
0.3833939
0.3890031
0.38152290000000005
0.3654822299999999
0.3510618999999999
0.36268877
0.37614377
0.4056567
0.38910498
0.37462340000000005
0.3886186099999999
0.34787582
0.3790340299999999
0.40457309
0.38515255
0.29599883000000005
0.1946095800000001
0.23364214000000005
0.20504002
0.21453438
0.22840371000000004
0.26930806
0.37047901
0.36388961
0.3384654
0.3270157
0.3655438799999999
0.37428456
0.3538092399999999
0.33965481000000003
0.33901379
0.35268278000000003
0.32993525
0.34189519
0.3367397299999999
0.3648703
0.33758362
0.33589989
0.33122833
0.3630583900000001
0.34257147
0.3322468800000001
0.3586882999999999
0.3612519300000001
0.26999616
0.30606329000000004
0.38298239
0.38697725
0.37187308
0.3746790500000001
0.35504337
0.3538345499999999
0.35471143
0.34769126
0.34231218
0.36936069
0.4183770000000001
0.3630406000000001
0.34778308
0.33519439
0.3478785300000001
0.35525325
0.38022276
0.37565753
0.37357606
0.34666042
0.26682652
0.23794766
0.2366695100000001
0.27534899
0.37394962
0.32971232999999994
0.33248243000000005
0.33139156
0.35645694999999994
0.38609326
0.36747274
0.38216395
0.36268562
0.32393756
0.30970795
0.34413351
0.36075611
0.3620411100000001
0.38289188
0.37353706
0.33346758000000004
0.32388067000000004
0.21742529
0.21863119
0.21598722
0.20150842
0.18398243
0.23077234
0.31715519
0.3737211
0.36879466
0.32250934
0.33537325
0.33730158
0.36253329
0.34873801
0.35823872
0.35254657
0.3393287400000001
0.32339011
0.32830425
0.31831525
0.31956213
0.36647902
0.37337429
0.34923020000000005
0.27311239
0.22862549000000004
0.22450845000000005
0.19734379
0.17184174000000002
0.25537225
0.3413454300000001
0.35476651000000003
0.35184866
0.3259756
0.31661880000000003
0.33373248
0.39071371
0.4173502100000001
0.35369517
0.35828974
0.36676241
0.33608834000000004
0.29854199000000003
0.41625185
0.31054157
0.36368066
0.376631
0.4455538
0.35284452999999993
0.3083176200000001
0.34825599
0.4196148499999999
0.3658091
0.33147664
0.32181529000000003
0.3244401100000001
0.31786915000000004
0.31438734
0.31647585
0.32191866
0.33842086000000005
0.3220318
0.34334676
0.3236609400000001
0.33745657
0.32127444000000005
0.33600878999999995
0.31598148
0.30683434
0.32500248
0.33756232
0.3512537600000001
0.38144243
0.3732161800000001
0.39391702
0.3362541500000001
0.3772982
0.36938959
0.35455325
0.3579681800000001
0.36131924
0.38164425
0.37671248
0.35241219999999995
0.34805466
0.3523987100000001
0.35490183
0.34793585
0.35371399000000003
0.35291022000000005
0.3522841299999999
0.33120127
0.3548928
0.33328085
0.35969276
0.37700385
0.3763869000000001
0.3617836600000001
0.35598352999999994
0.35944233
0.36552776
0.3329698
0.3946318
0.3703697600000001
0.32013647999999995
0.28999852
0.33302425
0.3362524300000001
0.34881071
0.34021466
0.3046456200000001
0.34728804
0.3712347599999999
0.33713200000000004
0.318222
0.40668000000000004
0.41414700000000004
0.4114209400000001
0.3774996600000001
0.34271225
0.34319533
0.34035542
0.32503542
0.32732529999999993
0.3203089000000001
0.36024623
0.3851774000000001
0.3888020000000001
0.3380335099999999
0.33821351
0.3460394
0.35034560000000003
0.35077518
0.34237470000000003
0.34097150000000004
0.33159791999999993
0.36913051
0.34044041
0.34311069
0.34790989999999994
0.34146595
0.34580646
0.34172023
0.34677604
0.3683451
0.36848
0.3784994
0.3996333000000001
0.3863146000000001
0.36997640000000004
0.376481
0.3853913
0.3986504
0.3915198
0.3645271
0.34125547
0.34561261
0.36996888
0.36791452
0.3929361900000001
0.39681527
0.3748126800000001
0.37053759
0.3829195199999999
0.38703338
0.39506624
0.40355717
0.40719507
0.3823640099999999
0.34751119
0.3848176500000001
0.32729765
0.39583965
0.3854941499999999
0.3520317399999999
0.35626421
0.3548864400000001
0.35299822
0.35953374
0.36102106
0.35435311
0.35019661
0.37416925
0.37818892
0.3877836000000001
0.39231251
0.3617094300000001
0.3626274600000001
0.36675774
0.37112506
0.35948537
0.35294469
0.37558641
0.3684280999999999
0.35651032000000005
0.34856722999999995
0.36096288
0.35147297
0.33184729
0.35444831000000004
0.35813310000000004
0.35286296999999994
0.33165692
0.36624202
0.3757200199999999
0.35594388000000005
0.3660446000000001
0.3728362000000001
0.37832392
0.35511688
0.36043669
0.35306792000000004
0.32510778
0.3607880600000001
0.35741392
0.3544224300000001
0.3884726599999999
0.36515953
0.36381825
0.38250511
0.39727439
0.4216758000000001
0.43728934
0.4199086600000001
0.40587297
0.39385088
0.40982788
0.38629992
0.4037582
0.37547957
0.37597429
0.32991279
0.36028106000000004
0.42993506
0.42391725
0.38264743
0.3746812
0.37380869
0.38454006
0.40513866
0.35993725
0.34457511
0.3719961100000001
0.36860392
0.38536297
0.38589566
0.37554811
0.3843274800000001
0.3844639699999999
0.40392439
0.38780153
0.38246243
0.37251262
0.3722084800000001
0.39818102
0.38867034
0.40435729
0.39150266
0.38573976
0.3933137099999999
0.3996421100000001
0.38907176
0.41621151
0.4078453400000001
0.38848269
0.3746028
0.37246399999999996
0.3514187
0.35917637
0.38729145
0.3733362399999999
0.37203523
0.3477937
0.35010927
0.34744153
0.39341437
0.3930277800000001
0.3688823900000001
0.3758950199999999
0.35349683
0.36651343
0.32781415
0.31497674000000003
0.37517588
0.3672772000000001
0.34428088
0.36230474
0.39194102
0.41336715
0.37545441
0.3543872700000001
0.33844597
0.35296411000000005
0.372077
0.37255900000000003
0.3534009
0.3885882000000001
0.3754367
0.35279429999999995
0.37597729999999996
0.33709690000000003
0.3367214000000001
0.3425710000000001
0.34687579999999996
0.3477192
0.347381
0.3497799999999999
0.36535700000000004
0.370131
0.365377
0.3612119999999999
0.3356099999999999
0.34479099999999996
0.356768
0.370138
0.37002
0.3510550000000001
0.3282434
0.32368100000000005
0.35068699999999997
0.361453
0.364545
0.3726589999999999
0.344433
0.27976
0.374749
0.3661130000000001
0.381137
0.403117
0.377904
0.355217
0.34358500000000003
0.3329550000000001
0.369604
0.3622260000000001
0.350161
0.3738369999999999
0.34617
0.37786
0.38935
0.29833000000000004
0.38169
0.377234
0.35356580000000004
0.383169
0.42044899999999996
0.4183120000000001
0.40409
0.36787
0.34913
0.34663
0.37075
0.336828
0.3703900000000001
0.344357
0.33941
0.34686999999999996
0.3630910000000001
0.34321700000000005
0.334017
0.332762
0.32641
0.35212999999999994
0.38058000000000003
0.34642670000000003
0.344458
0.336661
0.325371
0.34556999999999993
0.34889000000000003
0.3806600000000001
0.377321
0.34143300000000004
0.32371500000000003
0.33358499999999996
0.331564
0.34598
0.35609
0.376892
0.381492
0.37562
0.37396
0.39194
0.350741
0.3419519999999999
0.34679000000000004
0.34556799999999993
0.35222600000000004
0.336193
0.36506
0.385452
0.37166
0.34288300000000005
0.33366
0.3527600000000001
0.3741300000000001
0.36737800000000004
0.355785
0.31902600000000003
0.35586
0.362838
0.3888
0.42031
0.40365999999999996
0.36754
0.38150009999999995
0.3245047999999999
0.336468
0.356892
0.35775440000000003
0.3654911
0.3780763
0.3848244
0.31575820000000004
0.33102400000000004
0.32805500000000004
0.35539800000000005
0.35791999999999996
0.35244000000000003
0.400502
0.34048500000000004
0.33650299999999994
0.3319188
0.3631
0.35734899999999997
0.33745
0.34526
0.378321
0.371488
0.372121
0.374213
0.379102
0.366148
0.354984
0.3617440000000001
0.3812
0.37765
0.372363
0.355248
0.35751
0.37669
0.37219
0.3793400000000001
0.38762
0.391738
0.39554
0.38237
0.380381
0.38403000000000004
0.38761
0.40658
0.374615
0.37279
0.356712
0.3632650000000001
0.375917
0.377957
0.37954
0.3913300000000001
0.3662920000000001
0.37341
0.37975
0.35927
0.38337
0.35793400000000003
0.36804
0.36743000000000003
0.37098
0.3797349999999999
0.35751
0.388784
0.37821
0.365107
0.37008
0.369989
0.377031
0.3630450000000001
0.376017
0.400433
0.3734690000000001
0.401
0.36724
0.3973600000000001
0.40433
0.380637
0.3888700000000001
0.264936
0.2473351
0.2444761000000001
0.2475331
0.2747214000000001
0.2877561
0.2541704
0.2449161
0.25674610000000003
0.25486610000000004
0.2026694
0.25385610000000003
0.2343946
0.3567211
0.3726200000000001
0.3528393
0.3689603
0.4019288
0.3710758
0.3761849
0.3674701
0.3689165999999999
0.404289
0.38393
0.40247
0.3964400000000001
0.3747220000000001
0.3682309999999999
0.376608
0.38002
0.3622800000000001
0.253027
0.22787600000000002
0.2465486
0.27034610000000003
0.28334040000000005
0.2383274
0.20586810000000005
0.2344404
0.24110610000000002
0.26408610000000005
0.2895881
0.26708459999999995
0.2285851
0.28218940000000003
0.2367028
0.27613039999999994
0.2657761000000001
0.28476110000000004
0.27239610000000003
0.2421994
0.2600961
0.29256610000000005
0.279001
0.28044
0.31693000000000005
0.33553
0.318294
0.31895999999999997
0.30232999999999993
0.29527000000000003
0.2945
0.29109
0.282979
0.32930000000000004
0.2608478
0.278485
0.25757
0.25402600000000003
0.301318
0.32651
0.326536
0.41387
0.33312800000000004
0.29008
0.33921
0.30439999999999995
0.33265
0.32861
0.34807
0.34674
0.241133
0.25201
0.22441
0.2304975
0.21520370000000005
0.24542399999999998
0.26150999999999996
0.26026
0.31838
0.26279
0.27698
0.2564
0.26022
0.3014600000000001
0.27844
0.27626999999999996
0.26786
0.240727
0.26791
0.28415
0.36614
0.32082
0.31459000000000004
0.31923
0.226861
0.30862
0.32521999999999995
0.22764310000000001
0.254554
0.232039
0.3868900000000001
0.323248
0.23698000000000002
0.22796999999999995
0.23956
0.26906199999999997
0.242225
0.30121
0.25032
0.24052000000000004
0.2342
0.29194000000000003
0.25930600000000004
0.28716400000000003
0.24805020000000005
0.240613
0.260674
0.29486
0.2318627
0.28424
0.23545
0.26383
0.28799
0.22734120000000002
0.2774
0.26603000000000004
0.26078
0.24403000000000002
0.26242999999999994
0.29229999999999995
0.2674
0.26611999999999997
0.29302
0.27818000000000004
0.33331999999999995
0.29875999999999997
0.257794
0.28420300000000004
0.30433000000000004
0.25714000000000004
0.298669
0.33036679999999996
0.4247688000000001
0.40797649999999996
0.411591
0.3209076
0.3084757
0.2905011
0.33241950000000003
0.3279652
0.2813559
0.3472866
0.2990011
0.32979050000000004
0.35618999999999995
0.31820659999999995
0.27134899999999995
0.268546
0.2656803
0.2783642000000001
0.3167184
0.3130141000000001
0.2790336
0.31581420000000004
0.3559489999999999
0.3611499
0.28301609999999994
0.29114710000000005
0.3516596
0.2874584
0.273882
0.2528954
0.2507744
0.28925809999999996
0.36897
0.32096440000000004
0.2396268
0.27342380000000005
0.24398160000000002
0.2160002
0.318363
0.2556407
0.2514757
0.262621
0.29402550000000005
0.3548873
0.3199464
0.2906362
0.2863456
0.2320225
0.31317890000000004
0.2822151
0.3185922
0.3020476
0.3184189
0.3043289
0.281335
0.32330679999999995
0.29929399999999995
0.257444
0.25400399999999995
0.310075
0.28521
0.29312000000000005
0.30605000000000004
0.36653
0.32905
0.2803
0.27424
0.3135879999999999
0.30560000000000004
0.29635
0.31283000000000005
0.28163
0.26953
0.28325
0.31000370000000005
0.28003100000000003
0.30678000000000005
0.3095
0.34054899999999994
0.28948
0.29105
0.33527
0.27205999999999997
0.29766
0.32529
0.32902
0.31274
0.325898
0.31853000000000004
0.29877000000000004
0.32633
0.2902170000000001
0.30442
0.28863
0.32313800000000004
0.3699300000000001
0.30404000000000003
0.31270000000000003
0.31324
0.26313000000000003
0.32203000000000004
0.30803
0.29989800000000005
0.279561
0.3187644
0.416001
0.379134
0.3575130000000001
0.31734500000000004
0.351024
0.413803
0.351721
0.286227
0.253211
0.251257
0.34033800000000003
0.35191
0.2838455999999999
0.3185283
0.3041663
0.3627130000000001
0.32974999999999993
0.33152
0.37981
0.358
0.33968000000000004
0.30026
0.29659
0.28448
0.29884999999999995
0.30223
0.28804
0.25766
0.25727999999999995
0.20957
0.23319000000000004
0.24641
0.2254
0.23081999999999997
0.24854
0.3015
0.28199
0.261816
0.297232
0.31022130000000003
0.3091591
0.2940481999999999
0.299167
0.25983
0.26682
0.28300000000000003
0.34499
0.34365
0.34107
0.29111
0.25945
0.31558
0.30030999999999997
0.26608000000000004
0.30960999999999994
0.28040999999999994
0.222401
0.29684
0.28809
0.29546999999999995
0.27875930000000004
0.2985235
0.2640274
0.2495383
0.2571922
0.27761779999999997
0.2515806
0.2755264
0.247234
0.2721102
0.2620908
0.30086999999999997
0.28922
0.26414000000000004
0.25646
0.2322100000000001
0.22964
0.26252459999999994
0.38312
0.458967
0.4370540000000001
0.463088
0.44000500000000003
0.431804
0.435897
0.4650168
0.47167070000000005
0.4633253
0.46129549999999997
0.4703439
0.26161759999999995
0.2999425
0.26142489999999996
0.2262545
0.2415187
0.2522524
0.27912
0.252506
0.28069700000000003
0.203377
0.227107
0.22585
0.23194200000000004
0.265214
0.27819299999999997
0.258147
0.25259639999999994
0.2332696
0.21260960000000004
0.2029535
0.2355616
0.1853507
0.2696
0.24868
0.20759
0.26266999999999996
0.25811
0.28114
0.2212693
0.21367
0.2141
0.25426
0.24629000000000004
0.24600000000000002
0.24297
0.28169000000000005
0.28934699999999997
0.245243
0.30916
0.224979
0.2226459
0.309265
0.24625300000000003
0.24965
0.21352600000000002
0.20858200000000002
0.208848
0.19143139999999997
0.24754600000000002
0.232164
0.24067739999999999
0.1707418
0.20285179999999997
0.2061002
0.2734536
0.29247
0.2325564
0.287331
0.13316170000000002
0.205256
0.285654
0.287827
0.184576
0.191057
0.1291175
0.15637199999999998
0.141567
0.1810491
0.1257773
0.14172919999999994
0.1533331
0.12894799999999998
0.1502767
0.14979009999999998
0.16474200000000006
0.149593
0.14511
0.14335599999999998
0.16416600000000006
0.1696064
0.1849193
0.1822535
0.15669869999999994
0.1993326
0.1489997
0.1403313
0.21151300000000006
0.16949300000000006
0.15603
0.20257
0.13487830000000006
0.17095029999999994
0.203022
0.1698041
0.1718193
0.1942245
0.1616602
0.1692534
0.181599
0.19099100000000002
0.13764200000000001
0.15002000000000001
0.213031
0.2065139
0.2082159
0.21210549999999997
0.2416521
0.29360390000000003
0.24852359999999998
0.21066700000000002
0.22366100000000005
0.1533386
0.20204409999999995
0.215352
0.1590601
0.15798099999999998
0.14359670000000002
0.12881430000000002
0.11675889999999994
0.10749949999999997
0.14598429999999998
0.17857330000000002
0.14062049999999998
0.14000610000000002
0.1668741
0.17039400000000002
0.14792300000000005
0.425138
0.455499
0.4560545999999999
0.2400188000000001
0.21451929999999997
0.1974387
0.16747210000000004
0.223104
0.2421051
0.19446259999999999
0.17823899999999998
0.1896892
0.2264678
0.1823915
0.15415720000000002
0.189124
0.22324600000000008
0.264826
0.262581
0.272401
0.23816500000000002
0.27307099999999995
0.38785
0.3770129999999999
0.37911817
0.270482
0.27375
0.22919099999999998
0.29618
0.239965
0.262911
0.2565
0.25608000000000003
0.27608350000000004
0.4206707
0.3303069
0.2132601
0.24895720000000002
0.298184
0.203177
0.192833
0.192057
0.341287
0.324965
0.372927
0.3344303
0.30759190000000003
0.31178300000000003
0.31830590000000003
0.3436422
0.34732670000000004
0.346613
0.368127
0.342969
0.31348400000000004
0.358985
0.353538
0.340548
0.350516
0.277942
0.25840100000000005
0.213919
0.268781
0.199568
0.19936
0.27579200000000004
0.375367
0.35172000000000003
0.19229000000000002
0.19454000000000002
0.21431370000000002
0.25372510000000004
0.26624410000000004
0.24876220000000002
0.23777410000000004
0.2691332
0.294327
0.25049410000000005
0.264176
0.2767122
0.2824598
0.2539751
0.22183320000000006
0.2801841
0.2693241
0.2918251000000001
0.2273132
0.2316322
0.2351713000000001
0.2621622
0.25757129999999995
0.2239413
0.254156
0.24243320000000004
0.20871220000000004
0.2570651
0.25706320000000005
0.2645241
0.28109930000000005
0.24812929999999997
0.2287013
0.2603941
0.22700320000000002
0.25896410000000003
0.26184700000000005
0.2765322
0.25416320000000003
0.2593441
0.2300413
0.2662441
0.28125409999999995
0.2317013
0.1912922
0.2161522
0.2531093
0.24755320000000003
0.246196
0.2302122000000001
0.2395732
0.2583613
0.25876129999999997
0.27681409999999995
0.25644320000000004
0.2516313
0.2292174
0.2449151
0.2790979
0.2542289
0.2833717
0.296917
0.2458079
0.2555131
0.1713711
0.2158223
0.2143175
0.21427420000000005
0.237436
0.280197
0.214227
0.2220822
0.1839598
0.21563810000000005
0.2390313
0.1522328
0.24884320000000001
0.21231220000000006
0.2621432
0.2060841
0.17153810000000005
0.271231
0.2321831
0.1681822
0.1488679
0.1816979
0.2726008
0.2012911
0.2389111
0.28477870000000005
0.2839421
0.2837025
0.2531129999999999
0.2658267
0.18342200000000008
0.3846762
0.414171
0.2747237
0.2206647
0.4238073000000001
0.3723664
0.3778165
0.26349700000000004
0.1514731
0.2217679
0.196086
0.19235600000000005
0.21504600000000001
0.17909980000000006
0.23802600000000002
0.17600130000000005
0.1379703
0.2049503
0.1911503
0.24185410000000002
0.2146525
0.26607390000000003
0.29614409999999997
0.31902220000000003
0.3219741
0.297837
0.3270622
0.2794672
0.2695213
0.29084410000000005
0.3177803
0.29931929999999995
0.2262754
0.2771823
0.2404713
0.29668320000000004
0.2941306
0.25468270000000004
0.2741331
0.1973429
0.2210209
0.217937
0.24746420000000002
0.19366610000000006
0.20843299999999998
0.14363420000000002
0.1936961
0.2616309
0.1299122
0.1760499
0.2240651
0.226093
0.1810211
0.16698720000000006
0.1521264
0.16965229999999998
0.2293753000000001
0.16742340000000006
0.21837800000000002
0.252022
0.1855931
0.3189207000000001
0.25868990000000003
0.24924000000000002
0.1951347
0.2156732
0.2349380000000001
0.1842109
0.1742851
0.13619820000000002
0.16581759999999998
0.1137528
0.1359559
0.14493150000000002
0.18756070000000002
0.1486162
0.2261721
0.2592779
0.2372022
0.19180129999999998
0.21081320000000006
0.1867849
0.2366098
0.234918
0.2002959
0.21799360000000004
0.205527
0.2401932
0.13051830000000006
0.23453890000000002
0.16488599999999998
0.17507700000000004
0.11643900000000001
0.42014
0.4307
0.41257
0.41655
0.10960999999999999
0.41507
0.44392
0.37948000000000004
0.38342
0.41448
0.38257
0.3382323
0.31688
0.39804
0.4634
0.45954
0.46961729999999996
0.45758000000000004
0.4622600000000001
0.40913
0.386378
0.4398510000000001
0.41507700000000003
0.31355500000000003
0.4234270000000001
0.396961
0.4299790000000001
0.4194479999999999
0.44803999999999994
0.43924399999999997
0.439751
0.3990940000000001
0.375636
0.414034
0.39279200000000003
0.440184
0.44504
0.398097
0.412527
0.404147
0.4210140000000001
0.415616
0.385577
0.32902329999999996
0.4226951
0.4105894000000001
0.34573750000000003
0.28906659999999995
0.3286799
0.30926040000000005
0.3356499000000001
0.321021
0.31741610000000003
0.3063813
0.4177951
0.429996
0.3961499000000001
0.3901303
0.4109023
0.3933875
0.3824637
0.3711936
0.4233669
0.4080853
0.4133893
0.3928932000000001
0.3559856
0.32503220000000005
0.3617537
0.3780708
0.3573418
0.3334461
0.35053709999999993
0.3858313
0.40867040000000004
0.4109023
0.4134294
0.42136
0.4118
0.38417
0.34765
0.35814
0.3317
0.34242
0.38366
0.35663
0.34214
0.3782
0.38546
0.3636
0.36268
0.34235
0.31724
0.34687
0.32781
0.3669
0.37113
0.3834
0.39414
0.38928
0.40529
0.4078500000000001
0.40953
0.40238
0.38954
0.38495999999999997
0.37493
0.3871600000000001
0.4058400000000001
0.3822800000000001
0.36633
0.3907999999999999
0.3896
0.39685
0.38896
0.38281
0.38496
0.34407
0.34398
0.35743
0.39028
0.3621400000000001
0.367128
0.38439
0.3941
0.36846
0.26873
0.197712
0.2048004
0.21778320000000004
0.32602000000000003
0.35799000000000003
0.31587000000000004
0.32997
0.32572
0.34997
0.32771
0.3738
0.324344
0.30018199999999995
0.33011999999999997
0.36716
0.35520999999999997
0.370867
0.3368589
0.32393999999999995
0.33341
0.36112
0.34917000000000004
0.3427
0.36058
0.3631
0.368849
0.34314
0.29422
0.37924
0.3771
0.35076
0.34985
0.33883
0.35507000000000005
0.31809930000000003
0.35612999999999995
0.39225
0.35631999999999997
0.32313000000000003
0.33814
0.26883
0.3206477999999999
0.36279
0.29949000000000003
0.29047
0.32905
0.18301
0.15865400000000002
0.1992168
0.2037437
0.13215610000000005
0.1492304
0.20458
0.350602
0.3983507
0.4399826
0.32175400000000004
0.21418360000000003
0.2285666
0.1978322
0.21548500000000004
0.187736
0.17193450000000002
0.14839979999999994
0.1551739
0.3309393
0.2315788000000001
0.15773829999999994
0.17223410000000006
0.2188369
0.15466359999999998
0.2712528
0.2913508
0.3203123
0.316788
0.2788042
0.27867699999999995
0.2958575
0.33054079999999997
0.3310651
0.2806499
0.2698799000000001
0.2835213
0.3185441
0.30288699999999996
0.3099108
0.3054146
0.2722604
0.3054003
0.31181990000000004
0.30841699999999994
0.396726
0.4075032
0.34078179999999997
0.2018537
0.2293373
0.2864917
0.24420709999999998
0.1784612
0.1872002
0.193705
0.18553970000000006
0.16256020000000002
0.1994321
0.1924912
0.17696159999999994
0.1763645
0.15815259999999998
0.1835191
0.2957036
0.3346715999999999
0.3065989
0.314972
0.3330507999999999
0.3111008
0.3255452000000001
0.33651040000000004
0.3340263
0.3237493
0.28712839999999995
0.2669684
0.27745250000000005
0.277273
0.2921136
0.31404980000000005
0.2812665999999999
0.2813098
0.29295800000000005
0.35009260000000003
0.3522156
0.32805270000000003
0.2319149
0.1588677
0.295557
0.30829840000000003
0.3555884
0.362307
0.3806203
0.3219468999999999
0.4185627000000001
0.4232203000000001
0.4061734
0.31818759999999996
0.3387776000000001
0.2982676
0.3040492
0.32945840000000004
0.3415656
0.3346304
0.3376537
0.2844239000000001
0.2897823
0.29063750000000005
0.2959756
0.30254980000000004
0.30300990000000005
0.3511856
0.3166323
0.3146200000000001
0.29518419999999995
0.29767940000000004
0.3996922000000001
0.36477509999999996
0.3695113
0.4052317
0.3285351
0.3443509
0.3009573000000001
0.33423079999999994
0.366541
0.3683157
0.3411872
0.3190872
0.309925
0.34789699999999996
0.34681110000000004
0.3075182
0.33332120000000004
0.34984190000000004
0.3691319000000001
0.414471
0.4072289
0.35999990000000004
0.32319640000000005
0.3299268
0.3246994
0.3481265
0.32445939999999995
0.29592889999999994
0.32975610000000005
0.32580749999999997
0.2949492
0.3014165
0.30801
0.3399
0.36425
0.3308300000000001
0.30499
0.34476100000000004
0.37102
0.336708
0.33004
0.2981851
0.344276
0.303693
0.35227299999999995
0.3832600000000001
0.37804
0.28227
0.2783800000000001
0.30736
0.25544
0.31724240000000004
0.33577
0.31164899999999995
0.3186666
0.33567070000000004
0.3614171
0.336919
0.3922199999999999
0.39633
0.32226
0.33175
0.23836999999999997
0.15412399999999998
0.15540739999999995
0.1819604
0.160907
0.1509147
0.2909219
0.30869
0.29145400000000005
0.3242762
0.32909900000000003
0.33669000000000004
0.31765999999999994
0.31995
0.31577999999999995
0.387
0.33017860000000004
0.3483200000000001
0.32174790000000003
0.32357
0.2963
0.32211
0.209297
0.210903
0.1737477
0.2210104
0.2360904000000001
0.1934004
0.21970370000000006
0.1930961
0.16089370000000006
0.2644761
0.1847904
0.21790610000000002
0.2312837
0.2409261000000001
0.2394537
0.2183761
0.1995666
0.21006039999999998
0.2129337
0.2006304
0.2151587
0.2106404
0.1791607
0.2372404
0.1898133
0.26469039999999994
0.2029817
0.2071701
0.23292470000000004
0.27196279999999995
0.2100304
0.1712404
0.1730337
0.1689601
0.2498904
0.2681628
0.177587
0.16623039999999994
0.1950604
0.1780404
0.1887404
0.2064395
0.2275937
0.2150004
0.1655809
0.26501040000000003
0.23763040000000002
0.2281104
0.2475304
0.20661950000000004
0.232107
0.19583280000000008
0.233517
0.17565139999999999
0.1891537
0.1945561
0.17055369999999995
0.23514610000000002
0.2009037
0.1820295
0.2076695
0.17128939999999998
0.2429404
0.1833861
0.2558804
0.1551134
0.17793370000000006
0.1918804
0.2459337
0.1785104
0.2198704
0.1936404
0.1667404
0.17940610000000004
0.201047
0.2156428
0.2091564
0.1991761
0.1955237
0.1924228
0.1879137
0.18294610000000008
0.160707
0.1520904
0.1936604
0.1469714
0.2228604
0.16260610000000006
0.1766904
0.2194604
0.19325699999999998
0.1368866
0.1547037
0.2162528
0.1370937
0.16229480000000002
0.1695604
0.287823
0.34292399999999995
0.31868
0.320537
0.29188200000000003
0.32008000000000003
0.34820300000000004
0.349341
0.3180641
0.36271
0.3198063
0.32996
0.31875000000000003
0.32474780000000003
0.33664
0.327314
0.34648
0.31079
0.34564
0.206641
0.209211
0.211285
0.1918581
0.1740537
0.1936004
0.326517
0.335327
0.3117937
0.1932774
0.24531370000000002
0.2090904
0.15860670000000002
0.1636704
0.1481585
0.29072040000000005
0.33201040000000004
0.35327040000000004
0.31700009999999995
0.4650741
0.321547
0.2919004000000001
0.2432694
0.4511031
0.4656304
0.46664609999999995
0.4613195
0.45334030000000003
0.4677901
0.4692188
0.4665745
0.4611062
0.44715600000000005
0.4246628
0.4726704000000001
0.43018609999999996
0.4661587
0.4673498
0.4679142
0.4681895
0.466314
0.4668401
0.4683204000000001
0.4685832
0.461697
0.4428061
0.469317
0.44710609999999995
0.467561
0.4706861
0.4519304
0.46864279999999997
0.4680764
0.4381795000000001
0.46783
0.4479628
0.4509704000000001
0.4420261
0.4668560000000001
0.4702431
0.469801
0.4729786
0.47399
0.44942
0.473486
0.44638
0.47402
0.4748448
0.436057
0.37345
0.34790000000000004
0.3857
0.38503000000000004
0.3409739
0.367378
0.308686
0.36881
0.42292399999999997
0.43076000000000003
0.3737700000000001
0.3795368
0.40826
0.441
0.438112
0.4358800000000001
0.45365
0.46211
0.4168600000000001
0.4553
0.4463
0.41463
0.40604
0.40302
0.44089
0.43116
0.41854
0.395453
0.330323
0.3064794
0.345472
0.409973
0.40941
0.44256999999999996
0.4216772
0.38951
0.28553
0.32408000000000003
0.3994800000000001
0.36434
0.3294192
0.33444
0.3872900000000001
0.4089700000000001
0.419
0.4072
0.38721
0.297363
0.29637
0.4088
0.322792
0.35151
0.34072
0.408205
0.40446
0.36051
0.45456
0.3889944
0.35590570000000005
0.29039440000000005
0.32523409999999997
0.438191
0.42775
0.442133
0.44251999999999997
0.41
0.39075
0.30935
0.32514999999999994
0.37054
0.3788030000000001
0.3533345
0.32938490000000004
0.32548
0.31354
0.34954
0.36341999999999997
0.37721
0.39342
0.4015
0.353116
0.3527000000000001
0.348142
0.37051
0.33521699999999993
0.357154
0.34656000000000003
0.35117
0.36494699999999997
0.4119640000000001
0.39812
0.38521700000000003
0.390637
0.360032
0.37677
0.39264
0.3697099999999999
0.42161
0.3651700000000001
0.3742
0.3576759
0.33558000000000004
0.37177
0.35236
0.38391
0.357602
0.40446
0.3643400000000001
0.40248
0.3890900000000001
0.39601
0.40152
0.40094
0.370043
0.37815
0.39123
0.3708180000000001
0.34174999999999994
0.41203
0.42271000000000003
0.413
0.33839
0.384
0.39266
0.33978790000000003
0.37415
0.3755000000000001
0.33156
0.41053999999999996
0.40289
0.37251
0.38887
0.40655
0.35722000000000004
0.26315999999999995
0.39937
0.39452
0.35655
0.43644
0.41936
0.39644
0.3705199999999999
0.38596
0.37137
0.38991
0.38489
0.4052
0.41195
0.4034100000000001
0.38235
0.37468
0.36854
0.3306511000000001
0.3872780000000001
0.3490830000000001
0.354696
0.356669
0.37446
0.38971999999999996
0.375446
0.41171
0.43125
0.40253
0.35295
0.38498
0.36375
0.3452199999999999
0.35676
0.3678300000000001
0.321684
0.37542
0.3969
0.41015
0.40501
0.38947
0.3847600000000001
0.310153
0.36829
0.4487100000000001
0.384093
0.39033
0.42959
0.4555000000000001
0.4121700000000001
0.41208
0.40241
0.40495
0.38415
0.32879
0.44237
0.4307760000000001
0.36497
0.41859
0.39033
0.3838361
0.38412
0.2991671
0.35224099999999997
0.33019309999999996
0.3726200000000001
0.44073
0.44153
0.43359
0.21653000000000006
0.14294869999999998
0.1865414
0.14516039999999994
0.1408137
0.1320904
0.13115369999999998
0.1782861
0.19867
0.28834
0.3707959
0.40038
0.4712100000000001
0.46355
0.369218
0.3705335
0.41277
0.38677
0.4305100000000001
0.42581
0.44893
0.406684
0.4725400000000001
0.4505
0.41943
0.3187375
0.184813
0.23885040000000005
0.21903029999999998
0.1393176
0.0
0.065903
0.00912048
0.016654
0.336169
0.329266
0.027389
0.022276
0.021544
0.3198426
0.3278866
0.30049400000000004
0.13353900000000002
0.382285
0.34807
0.32837700000000003
0.34019
0.33263000000000004
0.34513999999999995
0.34275999999999995
0.35332
0.3443
0.33793
0.363
0.37381
0.3756
0.37612
0.32797000000000004
0.32433
0.326672
0.331587
0.3257443
0.329167
0.3312986
0.3285079
0.32278670000000004
0.31961690000000004
0.3141043000000001
0.3094809
0.3175887
0.317599
0.3244341
0.33380370000000004
0.33378379999999996
0.32028860000000003
0.2043792
0.14304289999999995
0.14013250000000002
0.15636789999999998
0.16780799999999998
0.20113699999999998
0.185498
0.27581700000000003
0.1596723
0.10388
0.28845390000000004
0.33091200000000004
0.33571280000000003
0.3315308
0.3306628
0.3336668
0.3256114
0.33816169999999995
0.3381604
0.2323199
0.29275029999999996
0.35579510000000003
0.3555998
0.3328569000000001
0.34454500000000005
0.34447690000000003
0.3308459
0.33520690000000003
0.3410439
0.33359550000000004
0.3304864000000001
0.3634098
0.3461307
0.3387288
0.3260898
0.3205988
0.33171310000000004
0.3294769
0.3352696
0.34139780000000003
0.3350967
0.32210170000000005
0.32344719999999993
0.3261875
0.32605270000000003
0.31442570000000003
0.3203486
0.3198517
0.3187046
0.3229526
0.31986000000000003
0.33073
0.30690899999999993
0.20258
0.147867
0.14172500000000002
0.15723099999999998
0.14532199999999998
0.20836800000000005
0.04962
0.044782
0.0350736
0.0295937
0.026862200000000003
0.0550795
0.0512894
0.08144900000000001
0.08436139999999999
0.0798079
0.058045400000000004
0.1072015
0.2167045
0.1524025
0.1441437
0.1256734
0.1851291
0.229649
0.24240560000000005
0.20824220000000002
0.2010202
0.1917801
0.2046589
0.19777620000000004
0.1985706
0.21220419999999998
0.2605632
0.2589703
0.2596075
0.2574384
0.267636
0.26997600000000005
0.2791137
0.20213750000000005
0.1997056
0.1988775
0.1925846
0.1936217
0.1929522
0.193116
0.1952448
0.19777809999999998
0.198414
0.20147679999999998
0.2027938
0.197927
0.1963251
0.19874229999999998
0.20012629999999998
0.1996572
0.2012481
0.2013955
0.1965201
0.2138078
0.2004869
0.1971169
0.1956538
0.2013749
0.2005358
0.20096429999999998
0.2016603
0.2015194
0.1956175
0.202751
0.220847
0.245133
0.23652800000000004
0.241213
0.235479
0.218444
0.279695
0.12398900000000003
0.1129405
0.1033269
0.09642010000000001
0.1011999
0.14561100000000002
0.15724670000000002
0.2722636
0.3202139
0.28731690000000004
0.3016399
0.26993150000000005
0.198125
0.15119000000000002
0.15385400000000002
0.36489
0.24162
0.106785
0.133578
0.410633
0.34417800000000004
0.3356814
0.3385955
0.368214
0.20312300000000005
0.129572
0.12172600000000006
0.478054
0.4397280000000001
0.4789060000000001
0.47676599999999997
0.471862
0.479159
0.474922
0.4621770000000001
0.45368100000000006
0.437121
0.469268
0.476698
0.228573
0.106312
0.095854
0.078797
0.07441800000000001
0.06281199999999999
0.074811
0.0688615
0.07683759999999999
0.09089320000000001
0.07721589999999999
0.0857746
0.0796666
0.0813008
0.0933497
0.0938939
0.1335639
0.095076
0.1048984
0.08572166
0.3999768
0.21156399999999997
0.16175
0.122302
0.191345
0.183214
0.13025
0.184571
0.18357
0.185616
0.134732
0.15307300000000001
0.132633
0.160222
0.134736
0.388237
0.343071
0.226877
0.21259299999999998
0.20440200000000008
0.155667
0.18254400000000004
0.1598763
0.184998
0.17041289999999998
0.14164139999999995
0.15049
0.196893
0.17045500000000005
0.1906859
0.160019
0.15578219999999998
0.12714730000000002
0.11508240000000006
0.10563940000000002
0.2701712
0.2108625
0.1974133
0.1864154
0.1910826
0.1824865
0.1934813
0.1682884
0.1794074
0.15181549999999994
0.10052330000000001
0.100828
0.4314060000000001
0.362774
0.1314713
0.093426
0.1121559
0.10961110000000002
0.1127067
0.08120999999999999
0.1843704
0.13347260000000002
0.11610589999999996
0.10289380000000001
0.1827466
0.1164145
0.12320999999999999
0.1447476
0.15469100000000002
0.1502474
0.1787391
0.202897
0.12960930000000004
0.1415503
0.189115
0.192139
0.178032
0.433604
0.42728
0.2748970000000001
0.286136
0.462355
0.4751860000000001
0.463466
0.465361
0.3987235000000001
0.441574
0.28406999999999993
0.30226400000000003
0.32046399999999997
0.314899
0.339835
0.320918629
0.323826
0.28873400000000005
0.293526
0.295284
0.3088990000000001
0.29523849
0.269204629
0.304811629
0.334755
0.3452419999999998
0.3534959999999999
0.31576199999999993
0.239581
0.305167
0.3753530000000001
0.383642
0.391471
0.391467
0.388814
0.4153449999999999
0.394456
0.244615
0.282876
0.33315
0.3190020000000001
0.31021799999999994
0.32503899999999997
0.3337310000000001
0.253589
0.29990500000000003
0.266803
0.26942799999999995
0.2877230000000001
0.28462
0.238511
0.311908
0.350473
0.30416
0.459783
0.476216
0.4634599999999999
0.440365
0.4616360000000001
0.349277
0.459565
0.471619
0.4705110000000001
0.4292269999999999
0.4653610000000001
0.373041
0.417771
0.4113020000000001
0.340303
0.272552
0.306051
0.332728
0.375122
0.3820089999999999
0.368515
0.307806
0.111528
0.069494
0.241011
0.26181420000000005
0.1793793
0.1939741
0.2144067
0.07620790000000002
0.0827886
0.17933700000000002
0.27356539
0.2679722
0.381281676
0.403070676
0.4274816289999999
0.443528583
0.351179683
0.31641679999999994
0.4463070000000001
0.426907
0.243038
0.16755
0.10454099999999998
0.1165793
0.11358369999999995
0.1081605
0.095671
0.0893755
0.093092
0.0946173
0.0985887
0.0765031
0.08642099999999997
0.18259
0.275218
0.437249
0.431818
0.274934
0.25758200000000003
0.246693
0.29237699999999994
0.406772
0.4295350000000001
0.319347
0.250815
0.185223
0.107173
0.10941610000000004
0.08678399999999999
0.0756188
0.07403530000000001
0.08177990000000003
0.0770091
0.06825300000000001
0.06463830000000001
0.0892067
0.10374669999999997
0.197339
0.28878899999999996
0.423055
0.429122
0.297792
0.245813
0.29663399999999995
0.287898
0.248258
0.284659
0.27131500000000003
0.3572449999999999
0.4435850000000001
0.392191
0.216739
0.11409799999999998
0.08713099999999999
0.08339300000000001
0.07343190000000001
0.0924298
0.1142163
0.12707539999999998
0.29836300000000004
0.32677399999999995
0.289534
0.29430100000000003
0.35244000000000003
0.43819600000000003
0.384104
0.260135
0.347263
0.339658
0.29877600000000004
0.360472
0.3868570000000001
0.43221099999999996
0.341961
0.173555
0.14387499999999998
0.10654000000000001
0.0836047
0.0592241
0.17834640000000002
0.19180770000000005
0.09003889999999999
0.0914368
0.288934
0.306058
0.34005899999999994
0.20848139999999998
0.2351132
0.2645018
0.2526804
0.220678
0.2680670000000001
0.34242870000000003
0.4033119000000001
0.3466486
0.2959361
0.3210563
0.28977440000000004
0.2870497
0.2654958
0.2677954
0.1616888
0.1026969
0.08467550000000001
0.08346449999999997
0.12693629999999995
0.16722589999999998
0.26536560000000003
0.2508396
0.2351239
0.2502191
0.26866799999999996
0.24603409999999998
0.23895
0.27272110000000005
0.30978409999999995
0.33022549999999995
0.22668010000000005
0.2757948
0.20852849999999998
0.33261549999999995
0.3163308000000001
0.30038000000000004
0.2742564
0.141658
0.0659905
0.08272499999999999
0.2546499
0.20103270000000004
0.10446420000000002
0.08976959999999998
0.2351541
0.2369912
0.25613480000000005
0.26600409999999997
0.2593778
0.2375545
0.226372
0.27974140000000003
0.3864073000000001
0.3617014
0.3850201
0.3961865
0.3739615
0.3890134
0.38440759999999996
0.3867175
0.3723227
0.3403386
0.24572049999999995
0.1967251
0.1911985
0.0744594
0.12660739999999998
0.12066640000000002
0.2273982
0.25288750000000004
0.26021900000000003
0.26362250000000004
0.28133620000000004
0.2919465
0.2533821
0.20864520000000003
0.2566659
0.2542614
0.2491134
0.27101859999999994
0.2234315
0.1082814
0.12129539999999996
0.12065330000000002
0.10238129999999998
0.08668989999999999
0.08438810000000002
0.094826
0.08584320000000001
0.08627
0.0872932
0.08284600000000003
0.23532519999999998
0.2495407
0.26984280000000005
0.27041430000000005
0.3047532
0.2623467
0.198149
0.291671
0.4189929999999999
0.42752299999999993
0.314208
0.232097
0.11427899999999999
0.098289
0.0983556
0.0875301
0.08213290000000001
0.09291570000000003
0.08460269999999999
0.07632399999999999
0.08421870000000001
0.1222767
0.08522040000000003
0.0909967
0.276747
0.313382
0.29239800000000005
0.298261
0.40757899999999997
0.4394350000000001
0.313958
0.26411599999999996
0.30995700000000004
0.313297
0.289326
0.277355
0.374526
0.437804
0.335352
0.150114
0.082501
0.07302899999999997
0.0784056
0.06878610000000003
0.0669969
0.0649691
0.0967354
0.1019527
0.240606
0.31537400000000004
0.298264
0.308524
0.28191
0.25809099999999996
0.408095
0.434658
0.297908
0.25095700000000004
0.31596300000000005
0.26915500000000003
0.202864
0.08787599999999998
0.08849829999999997
0.0774675
0.0750069
0.07034900000000001
0.06725489999999999
0.09278079999999997
0.08909919999999999
0.07573669999999999
0.18222
0.25807800000000003
0.27062200000000003
0.265974
0.339858
0.436372
0.353058
0.25314200000000003
0.242274
0.422752
0.423883
0.205943
0.134384
0.229048
0.390524
0.430797
0.32528300000000004
0.215745
0.267318
0.4011400000000001
0.4025890000000001
0.306634
0.21889499999999998
0.160455
0.19307
0.309653
0.28998
0.453563
0.470336
0.322202
0.4283259999999999
0.4345942
0.308205
0.147572
0.14297100000000001
0.15788090000000002
0.202293
0.300061
0.258339
0.2757879999999999
0.26864000000000005
0.299162
0.441053
0.41278000000000004
0.20355399999999998
0.069744
0.062231
0.0569513
0.07061369999999999
0.08426299999999999
0.327298
0.43323900000000004
0.351514
0.24479800000000002
0.28857
0.4428739999999999
0.435759
0.203712
0.081245
0.118932
0.1087911
0.107259
0.232674
0.233387
0.232677
0.219618
0.223206
0.44250100000000003
0.438173
0.238706
0.08831900000000001
0.06678600000000001
0.0681175
0.07537899999999999
0.25719200000000003
0.25949
0.275946
0.270079
0.4226140000000001
0.431987
0.24725
0.096722
0.07253599999999999
0.062311300000000014
0.07213169999999999
0.06573
0.303779
0.204402
0.24856599999999998
0.2715750000000001
0.30740100000000004
0.244528
0.21086
0.394039
0.463581
0.379649
0.253361
0.06851900000000001
0.26682
0.267867
0.224399
0.244682
0.236802
0.208683
0.410963
0.432184
0.25922100000000003
0.08004800000000001
0.078764
0.08156200000000002
0.3131470000000001
0.290439
0.300707
0.312256
0.426926
0.4332530000000001
0.258409
0.35591
0.44012299999999993
0.341929
0.15073200000000006
0.07969
0.389885
0.432979
0.421709
0.35544200000000004
0.31421800000000005
0.4359859999999999
0.4145120000000001
0.220517
0.12991
0.11279200000000005
0.10849669999999996
0.11840129999999999
0.31077809999999995
0.279681
0.35361099999999995
0.4403219
0.33893029999999996
0.3088457000000001
0.4348993000000001
0.34244690000000005
0.13641170000000002
0.07651499999999999
0.07739950000000001
0.0735912
0.1170904
0.21967950000000008
0.1455749
0.15873790000000002
0.2936831
0.3728725000000001
0.4585809
0.4238205
0.22412929999999995
0.0977676
0.10346500000000004
0.0847155
0.1517683
0.27674740000000003
0.27729970000000004
0.4400193
0.38745609999999997
0.2903760000000001
0.2810073
0.2607906
0.2639896
0.2768673
0.3003159
0.2768637
0.2309437
0.2675709000000001
0.27735770000000004
0.290019
0.26139510000000005
0.3284208
0.3224512
0.2969702
0.14023239999999998
0.1530186
0.16972279999999998
0.10728039999999997
0.1276378
0.29685950000000005
0.35136490000000004
0.31858240000000004
0.3257843999999999
0.30882329999999997
0.2884198
0.2629902
0.317155183
0.3285244000000001
0.3212303
0.2988932
0.19967079999999998
0.2265858000000001
0.25319590000000003
0.25359899999999996
0.2413479000000001
0.27213740000000003
0.28243660000000004
0.24501869999999998
0.3245981000000001
0.31547000000000003
0.31283
0.2423958
0.1316761
0.1984422
0.2354383
0.2424002
0.1805842
0.239135
0.22445679999999998
0.2254349
0.26818000000000003
0.3032328
0.3201988
0.2625658
0.1692527
0.227919
0.2594859
0.2627217
0.2581821
0.2459311
0.25375109999999995
0.3128967
0.28382270000000004
0.3427196
0.3663474
0.32998550000000004
0.2363209
0.2619773
0.2482862
0.2857203
0.2415889
0.2606712
0.2312823
0.24860789999999997
0.3130467
0.35572040000000005
0.3740582
0.2600622
0.14788239999999994
0.2926067
0.2632085
0.2722075
0.2417685
0.3033515
0.2814893
0.29054250000000004
0.2998156
0.2340684
0.11458070000000002
0.1190407
0.16404159999999998
0.23426
0.29966940000000003
0.3152636
0.3139067
0.2830105
0.2559354
0.29015159999999995
0.31285029999999997
0.3178307
0.3425433000000001
0.3160725999999999
0.2379310000000001
0.2689609000000001
0.29481979999999997
0.257373
0.30026090000000005
0.3377506
0.35572869999999995
0.32523670000000005
0.2171279
0.1424898
0.15510779999999996
0.1140462
0.13991889999999998
0.2423410000000001
0.30177859999999995
0.3085986000000001
0.3139947
0.2957769
0.2390008
0.31082209999999993
0.30849309999999996
0.3248771999999999
0.35232909999999995
0.3579481
0.36995009999999995
0.35190000000000005
0.356418
0.349403
0.3319010999999999
0.353138
0.3484071
0.2622172
0.2805033
0.3024013
0.3248591
0.3489311
0.33406509999999995
0.22495489999999999
0.2558783
0.2575211
0.24384909999999999
0.25727300000000003
0.2662159
0.30173390000000005
0.3007652000000001
0.29905
0.3343348
0.30756490000000003
0.326434
0.313654
0.3393259
0.34678610000000004
0.2941638
0.3284437
0.3272188999999999
0.34341679999999997
0.3544088999999999
0.3954337
0.2678072
0.3283469
0.465965
0.4542388
0.3605907
0.31657810000000003
0.29437820000000003
0.3084604
0.34170520000000004
0.33976540000000005
0.3433772
0.34632209999999997
0.3382223
0.3138993
0.2443022
0.282165
0.2808929
0.2520561
0.343415
0.3446539
0.3264696999999999
0.30473870000000003
0.302477
0.300005
0.2968138
0.273565
0.2976339000000001
0.3510769
0.31457270000000004
0.3360195
0.3212217
0.2979639
0.3446287
0.3310927
0.2512101
0.271181
0.2926159
0.2718188
0.28218580000000004
0.39054079999999997
0.2761818
0.2959087
0.304623
0.32200890000000004
0.289273
0.2994164
0.3036762
0.3000434
0.30984120000000004
0.337978
0.3440837
0.3238827
0.2684798
0.2734712
0.24643130000000002
0.2650053
0.3347623
0.2965603
0.24099539999999997
0.2647233
0.290986
0.2852208
0.25996620000000004
0.28551909999999997
0.2853100000000001
0.3054238
0.31760679999999997
0.3305369
0.33554500000000004
0.3311159000000001
0.25181299999999995
0.287294
0.2806759
0.31709469999999995
0.3218629000000001
0.3939942
0.2509322
0.2776969
0.3113709
0.32854690000000003
0.28715690000000005
0.423878
0.4073492
0.3036727999999999
0.3125618
0.30195370000000005
0.293281
0.2620843
0.2661841
0.29815780000000003
0.2793201
0.2834291
0.3450611
0.4527741999999999
0.4441822
0.3213631
0.0795868
0.07346659999999999
0.06928770000000001
0.1056547
0.08555739999999999
0.10303339999999997
0.11828700000000004
0.12265919999999995
0.1472082
0.2463969
0.3810892
0.3567958
0.2988592
0.3072555
0.210601
0.16820410000000002
0.16507659999999996
0.17373129999999998
0.1472963
0.14731680000000005
0.14581829999999996
0.16182779999999994
0.1283922
0.1039094
0.14046240000000002
0.1630132
0.14955759999999998
0.14614940000000004
0.1262886
0.1066719
0.16332099999999994
0.12437160000000001
0.1837372
0.198682
0.2226619
0.1392503
0.24455990000000002
0.2959704
0.1338055
0.1151503
0.10809680000000002
0.1225981
0.1196306
0.12411029999999998
0.14363179999999998
0.1386931
0.2485355
0.250629
0.3293969
0.3264435
0.28911869999999995
0.25857460000000004
0.11074549999999997
0.1403939
0.31173720000000005
0.16678610000000002
0.1359379
0.11631380000000002
0.10418819999999997
0.07254129999999999
0.0634399
0.0885441
0.09737960000000001
0.1020896
0.0818508
0.09819739999999999
0.1100495
0.08923920000000002
0.0893188
0.0816542
0.08758380000000003
0.09328510000000001
0.0994336
0.0908181
0.08796590000000001
0.0903631
0.12004179999999998
0.1030241
0.0955337
0.0959198
0.09154400000000004
0.1254697
0.1232478
0.16975469999999998
0.17389000000000002
0.1883607
0.1657989
0.1785992
0.2242084
0.2303649
0.1642811
0.15103
0.1493263
0.15343900000000002
0.21436710000000006
0.2869171
0.29393709999999995
0.27926860000000003
0.28885429999999995
0.30544000000000004
0.278863
0.2836155
0.27252209999999993
0.3268337000000001
0.2894219
0.2550972
0.24387990000000004
0.2551617
0.2550871
0.22980050000000002
0.2223307
0.23440170000000002
0.2321447
0.2332835
0.219484
0.2217449
0.30655649999999995
0.3978546
0.3808323
0.3246834
0.32702220000000004
0.3844260000000001
0.3077782
0.3566942
0.3423685
0.3421804
0.3316104
0.2595364
0.31187133999999994
0.31158529999999995
0.29105640000000005
0.3292372
0.3634513
0.3731313
0.29249640000000005
0.231083129
0.223995676
0.164687629
0.266518529
0.2655289
0.25383299
0.32223707
0.36547379999999996
0.37446381
0.28586304
0.191536009
0.25766862
0.31534776
0.33567441
0.35120936
0.34055106
0.38353417
0.3956800700000001
0.40361208
0.28213988
0.28554078
0.29310538
0.32579020000000003
0.3415739599999999
0.4067555
0.3957162500000001
0.32760472
0.29806512
0.17162912
0.21105688
0.29160124
0.31063005000000005
0.33003990000000005
0.27746485000000004
0.21147934
0.26757343
0.28544143
0.327263
0.35174938
0.31237399
0.32115509000000003
0.26788848
0.26863673
0.24777048
0.27136978
0.22729578
0.28081553
0.28049944
0.29754973
0.284704599
0.28723078
0.25390795
0.21381619
0.22165319
0.2510221
0.2763443
0.2813967
0.2995262
0.2943685
0.14654524
0.16866462
0.12078065
0.14340662000000004
0.17494647
0.20861536
0.28476998000000003
0.31351503000000003
0.29479943
0.291331463
0.34590376899999997
0.36031694
0.22686924
0.14769822
0.13367602
0.12116621
0.09764475999999997
0.18720983600000002
0.29067178
0.32921338
0.34483118
0.36532869
0.37218511
0.37367341
0.30496535
0.13510281999999998
0.11106691
0.11530821
0.10364915
0.22331772
0.27411583
0.29597354000000003
0.3153474
0.37028355
0.3090348499999999
0.27731774
0.25339928
0.30256134
0.34034925
0.29510951
0.14835508000000006
0.23509934
0.2690077899999999
0.28843038000000004
0.29401778
0.27284182999999995
0.28435588
0.17395097999999998
0.18633658
0.29275382
0.25648397
0.25785182
0.26769462
0.34523503
0.331327763
0.317219823
0.22065692
0.11126869999999996
0.10900275
0.12397045
0.25702507
0.1006958
0.160929083
0.28982443
0.32115222000000004
0.32877037000000003
0.35255828
0.33958447
0.33320928
0.37834342299999996
0.35395664
0.3480750400000001
0.36065375
0.38845141
0.31955134
0.30319154
0.3105156499999999
0.3663121500000001
0.33908124
0.36171659
0.28314668
0.32669004
0.3346412799999999
0.33567458
0.32758588
0.28320799
0.30174627000000004
0.32347017999999994
0.2844477199999999
0.2665098
0.2554994
0.2628
0.29047179999999995
0.2988912
0.3040021
0.23920687
0.22857489
0.24919962
0.30191438
0.3065926399999999
0.33538588
0.2736431899999999
0.24291512
0.26223562
0.24746926
0.28199995999999994
0.30090542000000003
0.25224971
0.26935147
0.25097356
0.28841632
0.28028918
0.27569198999999994
0.31465511
0.30629818000000003
0.37002284
0.30947553
0.26374537000000003
0.29184687
0.31842687
0.31491728
0.313863863
0.26144668
0.25111177999999995
0.25605163000000003
0.28114002
0.27128872
0.27449109
0.28275874999999995
0.25910868
0.26264232
0.25996122000000005
0.33381928
0.33227887
0.29151402
0.30148617999999994
0.28387748
0.32775318
0.29669322
0.29798788
0.27367025300000003
0.27417778000000004
0.27398348
0.27305087
0.30041876999999995
0.28445482000000005
0.28403431999999995
0.2979244200000001
0.31021138000000004
0.28498824
0.26644328
0.27584133
0.24884302
0.28234748000000004
0.36712275
0.38264011
0.27218084
0.14972281999999998
0.14214202
0.137001803
0.23349518
0.29060053
0.33297439
0.3607507099999999
0.39180641
0.3419217
0.256607923
0.30020833
0.34218754
0.32944819
0.27834718
0.15554101999999995
0.09947545
0.09255375
0.09238385
0.19982732
0.24279548
0.29003968
0.34822276
0.357458637
0.3922764
0.40303355
0.42459685
0.44037187
0.40318831
0.33156407
0.30405937999999993
0.22000904
0.13855125
0.25949527
0.34090874
0.38015171
0.32678179
0.254421843
0.26353041
0.28407029
0.29703669
0.32065369
0.23100863
0.11600799999999999
0.174779643
0.24394091999999995
0.24740995
0.27263735
0.20970491
0.22604811
0.24587891
0.24076033600000002
0.29328334
0.27994358
0.25331798
0.16787350999999998
0.19026971
0.24383045
0.28451368000000005
0.32306385000000004
0.22362312
0.198382439
0.24960638
0.27687049
0.29178172
0.27675288000000003
0.32593083
0.23957908
0.23753122999999995
0.39469040000000005
0.42182429
0.27867583999999995
0.2963327
0.27503506
0.23675557
0.11001601
0.0807771
0.09177411
0.10249171999999998
0.09231161
0.23117429
0.25289129
0.24591249000000004
0.29146345
0.31293195
0.32120056
0.25772612
0.25155116000000005
0.26637334
0.28428484000000004
0.3095235100000001
0.27677149
0.22693909
0.25804728999999993
0.33043237
0.3262708
0.2970611
0.27018829
0.27311045999999994
0.30881741
0.28820819
0.3082362
0.28581006
0.20218426
0.22392966
0.23756270999999995
0.24818886
0.26552135999999993
0.25590247
0.27957729000000003
0.25764727
0.28896456
0.32247175
0.3451368
0.32635054
0.24312301
0.14578085999999996
0.17536675999999998
0.14228069000000002
0.12818019999999994
0.22993339
0.12738435
0.15126855
0.3010307600000001
0.28471952
0.2605465
0.27555391
0.28573627
0.28185894999999994
0.31928707999999995
0.33082196
0.4288847499999999
0.33820844000000005
0.31809575
0.26267223
0.09903682
0.08267054000000003
0.07603451
0.22931998
0.2204169
0.26029884
0.27195396
0.25348721
0.27486602
0.26111641
0.25201134
0.26614496
0.26776751000000004
0.26363628
0.30975888
0.31497338
0.31201496999999995
0.32640528
0.34998942000000005
0.28414592
0.28417012
0.3752958700000001
0.40789118
0.41846964
0.38862347
0.4063503900000001
0.3789465
0.4086961100000001
0.41792059
0.42062833
0.42494216
0.3937587400000001
0.4048215
0.4109574
0.38720225
0.40437745
0.4077164600000001
0.4045188400000001
0.39811301
0.41963961
0.4286540999999999
0.41462563
0.39999121
0.39995745
0.40776729
0.38963761
0.35774565
0.40103731
0.41301339
0.42526261
0.41349116
0.40929387
0.399023399
0.39232641
0.40124022
0.42394528
0.41276904
0.39874557
0.38315998
0.4284372400000001
0.40818095
0.41378206
0.40057159
0.40383197
0.40531111
0.4058594600000001
0.42415928
0.39746654
0.41904467
0.3944916100000001
0.42482641
0.42202791
0.41686152
0.38447776
0.28179052
0.27675551000000004
0.26275614
0.25690157
0.22788064
0.26753196
0.32329673000000003
0.32097503
0.33139891
0.26113916
0.1341767
0.14037687
0.1652772
0.17126601000000002
0.16618656
0.25847553
0.31019388
0.2596171699999999
0.27642351
0.28049476999999995
0.30072059999999995
0.26371708
0.27278259
0.28273976
0.27696973
0.31395161
0.23468184
0.19703012
0.22966989
0.21112518
0.19681148
0.28925831
0.34596755
0.28988881
0.29815361
0.27951281
0.31468842
0.24467438
0.30852917
0.33052262
0.33215846000000004
0.29151883
0.24610587
0.28730076
0.32255409999999995
0.23390728
0.38915376
0.28430852
0.28881281
0.24807781000000004
0.27248499
0.32097247
0.35577414
0.35434933
0.22196774
0.26508621000000004
0.27722541999999994
0.28567697000000003
0.33460654999999995
0.27834797
0.29726876
0.24620516999999995
0.27621837
0.26951320999999995
0.29773132
0.33660279000000004
0.30820586
0.26372392
0.32886681
0.29500667
0.28910867
0.32481868
0.30161438
0.35006024
0.2848885800000001
0.28730773
0.2965393
0.21917742
0.12758957
0.25216306
0.22981399
0.24673682
0.32169923
0.31326442
0.28831341
0.31801762
0.34810933999999993
0.32631836
0.29737391
0.27482906
0.18780474
0.26859352
0.20339461999999994
0.22621213
0.24119555
0.25477365
0.22873863
0.24515272
0.29218179
0.3525251099999999
0.3136499600000001
0.31376321
0.27593577
0.25668744000000004
0.2757364
0.31175997
0.29113330000000004
0.35852253
0.32657323
0.25767975
0.31227081
0.33596436
0.34984077
0.30068662999999995
0.10437816999999998
0.06889885
0.12497032
0.21824768000000005
0.21624571
0.2783581900000001
0.35294629
0.37894952
0.37122661
0.23056424
0.13687294
0.14968560999999994
0.14961475
0.13348374999999998
0.18825344
0.28868848
0.35352251
0.26822396
0.25287554
0.24789606
0.22237523
0.27415874
0.3247826
0.34390774
0.32886072999999993
0.22202893
0.17721752999999996
0.21515008
0.24658706
0.22331858
0.21930005
0.19538571
0.19249847
0.47169503
0.4726883800000001
0.47260199
0.46749274
0.37974614
0.34308556
0.35647953
0.2920828
0.26095323
0.29100374999999995
0.2798986599999999
0.2920920400000001
0.31828407
0.30988307000000004
0.23677831
0.30120519
0.29475955
0.30571655000000003
0.2892765600000001
0.28374056000000003
0.28860241
0.30897342999999994
0.24614334
0.23761211
0.2604413199999999
0.24500005
0.28539066
0.29690752000000004
0.20821751
0.25474991
0.3011221600000001
0.3338227
0.33281109
0.28546224000000003
0.27702166
0.2621832000000001
0.2674926300000001
0.2773758900000001
0.28834000000000004
0.27497979999999994
0.35585685
0.43712554
0.35913779
0.26392119
0.12880436
0.13613789999999998
0.20944768
0.22888297
0.16353169999999995
0.14290773999999998
0.14032235999999998
0.32282715
0.2352972
0.28891232
0.37976041
0.37616479
0.1875362700000001
0.26446243
0.31640875
0.30244574
0.31860748
0.34622314
0.37147076
0.31114924
0.30204284
0.37308233
0.15914372000000002
0.09783047
0.11988518
0.13715048
0.21888748
0.19812073
0.13454118
0.11353462
0.10025656
0.12871264
0.12287548
0.10644032
0.12439452999999998
0.08766322999999998
0.10035288
0.09125777
0.06823787
0.06527121999999999
0.06034452000000001
0.05966446
0.06310936
0.07827596999999999
0.06682052000000001
0.06038816
0.06272756000000003
0.06662177
0.12630081999999998
0.14376014
0.13138298
0.07639597
0.06601912000000001
0.21587527
0.24995728
0.25187227999999995
0.27107284
0.29904665
0.30033370000000004
0.21611594
0.26616038000000003
0.23756148
0.25368848
0.28993309
0.31364889999999995
0.41060405
0.34366423999999995
0.30754752
0.33670372
0.34311878
0.35296374
0.33900467999999995
0.28077058
0.07727458
0.06226281999999999
0.07212442
0.07784511999999999
0.09486548
0.23412354
0.42479299
0.41356014
0.40251973
0.4453204200000001
0.37746469
0.45262484
0.46942353
0.46175948
0.45165743
0.29820338
0.31516573
0.29813964
0.27199612
0.27823673000000004
0.25849368
0.25865264
0.27947433999999993
0.24234714
0.24721813
0.32285231000000003
0.42280804
0.34515822
0.2500085
0.25667036
0.23933135000000005
0.25970381
0.2431855500000001
0.2451919
0.17557177999999998
0.28180373000000003
0.35485573
0.30455554
0.28650068
0.24987959
0.2431705
0.24091873000000005
0.30337259
0.3851125
0.3942985
0.36162422
0.37868827
0.29166459
0.25545984
0.28110843
0.28407013000000003
0.33294959
0.30318774
0.16924637999999995
0.11510202
0.11769556
0.14564217
0.13580597
0.17537128
0.21379672
0.33665303
0.40869819
0.42214314
0.43512599
0.439518
0.34942763999999993
0.31626168000000004
0.23409707
0.23411273
0.26592953
0.3883443500000001
0.27463936
0.12660878000000006
0.112755
0.1052216
0.104321
0.11668040000000005
0.13695204
0.15598669
0.06411896
0.12329045
0.08998800000000001
0.09891036
0.16279212000000004
0.33511252
0.30560257
0.34955482
0.29132078
0.26809472
0.29629314
0.44296427
0.41532422
0.29795354
0.36486303
0.32458638
0.20974496
0.09608092
0.11897451
0.11350735
0.1143594
0.07884306
0.06202275
0.08007310000000001
0.10878786
0.09911601
0.0983948
0.10924125
0.21167870000000005
0.31489320000000004
0.2513724
0.2067376
0.2591101
0.294064
0.2726054
0.27781320000000004
0.267328
0.21533220000000008
0.2054495
0.23254666
0.25135707
0.29333221
0.23840078
0.23921444
0.27982214
0.24942284
0.16223524
0.09617587
0.13250366
0.15817502
0.15322142
0.17101155999999998
0.25107203
0.25819478
0.30631703
0.32387308
0.27657688
0.27434358
0.29777964
0.23099113
0.29771368000000004
0.3566175400000001
0.30503349
0.26425842
0.26861648
0.28231714
0.13393076999999998
0.21749812
0.15928296
0.21808347
0.16891937
0.15236926
0.12934801
0.10547456
0.12448182
0.09437541
0.22442038
0.32421633000000005
0.33435282
0.28666122
0.30560413
0.26664927000000005
0.31130723
0.27756482000000005
0.28563397
0.30778611999999994
0.30462382
0.30373642
0.26985688
0.21167487
0.17570271999999998
0.30452312000000004
0.33255316999999995
0.32479252000000003
0.30806052999999994
0.31576794
0.32186883999999993
0.37569239
0.32237024000000003
0.32363783
0.23399659
0.3348076
0.3144790500000001
0.26071928000000005
0.20811788
0.29373274
0.29934464
0.30102994000000005
0.3026321
0.26648844
0.29801818
0.24525569
0.28842139
0.29736419000000003
0.2534369
0.21722838
0.23555463
0.24131847999999995
0.22537982
0.27095069
0.28901054
0.24120269000000005
0.29347028000000003
0.29303004
0.24129974
0.25626364
0.24866679
0.2474786400000001
0.3318362
0.43068205
0.33997196
0.27165434
0.35042500000000004
0.2631814
0.28493895
0.30785136
0.27693391
0.30242559999999996
0.29039244000000003
0.27798908999999994
0.30436595
0.29061906000000004
0.12903341
0.07546341000000001
0.26166038
0.28331378
0.31634368
0.31429968
0.32450488
0.35791254
0.37875809
0.3201738
0.41432214
0.29707441
0.26670544
0.21325158
0.37340064
0.43646922
0.37285445
0.2541685
0.42057817
0.39848027
0.3033825
0.31078164
0.44521745
0.40822304
0.41208644
0.38821224
0.38297934
0.26273854
0.3312662
0.37503641
0.34207390000000004
0.2599041
0.33196231
0.40124017
0.35834831
0.23389754
0.26667864
0.26597978
0.29071378
0.39872764
0.44260899
0.41847195
0.38450654
0.31720709
0.27560964
0.32644334
0.30587854
0.24871873
0.29530868
0.30153068
0.28350563999999995
0.2522302
0.281327
0.384615
0.24184710000000004
0.2463116
0.242015
0.25520590000000004
0.25282990000000005
0.24604321
0.26528431
0.28122504000000004
0.27059934
0.27616518
0.36041668
0.32162968000000003
0.2993385
0.31357954
0.25555948
0.22739178
0.31283436000000003
0.34464236
0.30832350000000003
0.24289304
0.20081583
0.28004159
0.25058864000000003
0.28002349
0.2620709
0.25375863
0.18059423
0.16243918000000002
0.19338374
0.29738231000000004
0.26255711000000004
0.26043231
0.26221154
0.32594145
0.29929227
0.30466696
0.3075082
0.31096949
0.30457063
0.30752834
0.30119744000000004
0.35674539000000005
0.44112606
0.32752996
0.40154722
0.44859794
0.33483696
0.0988619
0.09313168
0.09961269999999996
0.18822052000000009
0.29130859
0.43370154
0.37836407
0.24252477
0.44572043
0.42135591
0.27550077
0.13310905
0.08604698
0.08883297999999999
0.10150813
0.14989773
0.22641264
0.22433234
0.28851459
0.28600198
0.28558235000000004
0.27974445
0.31682355999999995
0.28905261
0.2919865
0.2426545
0.15135995
0.19178764
0.014835129999999997
0.001507
0.06485300000000001
0.06836
0.08277000000000001
0.08478000000000001
0.21591245
0.141757
0.241937
0.44817
0.39818
0.22444768
0.12074005
0.11328153
0.12086539
0.13096545
0.14314406
0.12475052000000005
0.12704880000000002
0.12451532
0.27567535
0.25380535
0.31616906
0.33432591
0.33335356000000005
0.31586182
0.22352616
0.11329343
0.1593214
0.20817011
0.19910917
0.20387861
0.28263302999999995
0.29467072
0.30659878
0.35976637
0.37636314
0.36913968
0.34722689
0.22877183
0.24105526
0.21031621
0.13130916
0.15004299
0.0
0.004051
0.015780000000000002
0.01199
0.01645
0.017759999999999998
0.026489999999999996
0.027710000000000002
0.39889
0.4120600000000001
0.36808
0.046939999999999996
0.01938
0.0174
0.06535
0.02219
0.34785999999999995
0.4349
0.44428
0.43335
0.08051
0.09857
0.13577999999999998
0.1249
0.13244
0.1246
0.13807
0.3935
0.39385
0.28990000000000005
0.186513
0.1633375
0.243802
0.16292600000000002
0.12855999999999998
0.1299
0.24493299999999998
0.157552
0.22195700000000002
0.20524560000000008
0.1644487
0.2549227000000001
0.2221062000000001
0.1601712
0.1906421
0.20451980000000008
0.2352538
0.39454191
0.4175478
0.446662
0.23993
0.23653400000000002
0.217366
0.217265
0.208407
0.202641
0.252679
0.256547
0.3027340000000001
0.31589700000000004
0.270475
0.255388
0.2588506
0.2693419
0.2756292
0.180952
0.188193
0.4564440000000001
0.470616
0.4668669999999999
0.4731070000000001
0.4483310000000001
0.222967
0.21745399999999995
0.190625
0.178333
0.206695
0.22208600000000006
0.2390100000000001
0.248741
0.26129099999999994
0.180875
0.18525199999999994
0.20569200000000004
0.20993500000000004
0.215635
0.26040120000000005
0.24618800000000002
0.271901
0.285762
0.256892
0.247351
0.25705500000000003
0.24015300000000006
0.286174
0.31418300000000005
0.321408
0.3849662
0.37558
0.39261999999999997
0.305735
0.2327979
0.2284355
0.24487109999999995
0.1795071
0.3835420000000001
0.483547
0.480782
0.455019
0.39744
0.47704
0.138132
0.127084
0.4756400000000001
0.44295
0.469447
0.48283000000000004
0.48054
0.46936000000000005
0.43599
0.45735
0.48338000000000003
0.48267
0.4598
0.45832
0.44086000000000003
0.4819600000000001
0.481308
0.44076
0.44499
0.38894
0.47112299999999996
0.472778
0.4375
0.44638
0.3333855
0.3239683
0.2858796000000001
0.3034263
0.2791018
0.277181
0.34842
0.4596600000000001
0.37156
0.46785
0.47339
0.43632
0.46608
0.4190100000000001
0.481776
0.48030900000000004
0.4513017
0.4534801
0.3713573
0.4682111
0.4746829000000001
0.4246234
0.317873
0.3022056
0.3365056
0.48004
0.46751
0.40065209999999996
0.43152
0.35795000000000005
0.37627
0.43545
0.4671
0.45295
0.4761429999999999
0.446982
0.34321
0.44254
0.3872600000000001
0.40186
0.40808
0.44932
0.35396
0.34356
0.46866
0.47083
0.44625
0.44779399999999997
0.330687
0.460686
0.479519
0.475333
0.4303019999999999
0.376756
0.291844
0.289849
0.4150430000000001
0.434503
0.361771
0.380208
0.408814
0.34980599999999995
0.341396
0.3418410000000001
0.405525
0.44309899999999997
0.341776
0.215518
0.205303
0.2138462
0.2872107
0.2535458
0.2506797
0.283094
0.2767027
0.3739910000000001
0.374567
0.4239100000000001
0.37048000000000003
0.385539
0.367641
0.402644
0.370566
0.43472
0.419329
0.4227239999999999
0.42485
0.4666489999999999
0.44887
0.32858000000000004
0.246527
0.29514
0.30529660000000003
0.266167
0.2868704
0.3158808
0.34586809999999996
0.2725875
0.33253990000000005
0.40415
0.43309
0.37831
0.41786
0.44324
0.39293
0.42579
0.37075
0.40345
0.39515
0.40365999999999996
0.4508
0.45934
0.35551
0.279528
0.223495
0.232382
0.2211866
0.226817
0.24025370000000001
0.2273708
0.24475039999999998
0.24176079999999997
0.2259099
0.29863
0.40707
0.35645000000000004
0.42468
0.44955
0.44565
0.34413
0.34767
0.37843
0.41418999999999995
0.3898900000000001
0.40644
0.4169
0.4374700000000001
0.4463700000000001
0.44666999999999996
0.36221
0.38163600000000003
0.3496670000000001
0.3434361000000001
0.3406904000000001
0.2899552
0.2811915
0.2888324
0.360939
0.424682
0.43104499999999996
0.426303
0.4264809999999999
0.406767
0.42524
0.4270229999999999
0.4169349999999999
0.430715
0.44256599999999996
0.417694
0.42763
0.4719749999999999
0.4733459999999999
0.4340810000000001
0.389704
0.371221
0.2498956
0.2557944
0.24595669999999994
0.23495
0.2871808
0.3569664
0.392811
0.435784
0.413466
0.42826000000000003
0.4337
0.42852
0.4529300000000001
0.45314
0.42894
0.44432
0.45714
0.45563000000000003
0.4574
0.463751
0.467382
0.39878600000000003
0.356416
0.3312279999999999
0.33974509999999997
0.3351946
0.34806279999999995
0.33334590000000003
0.33753979999999995
0.41043199999999996
0.478348
0.478929
0.481879
0.473002
0.44304399999999994
0.419947
0.32557099999999994
0.43064399999999997
0.466877
0.408487
0.378983
0.406617
0.400675
0.409415
0.372153
0.4115251
0.3914253
0.381405
0.4376415
0.4631099999999999
0.3714467
0.4227396000000001
0.4792228000000001
0.4808275
0.4806568
0.4561400000000001
0.465559
0.42363
0.46459
0.46714
0.38355
0.42719
0.476505
0.4429
0.42894
0.3789009999999999
0.405947
0.48144899999999996
0.481059
0.4816710000000001
0.47633
0.4800899999999999
0.434942
0.454599
0.474687
0.469846
0.477407
0.476573
0.461247
0.47314399999999995
0.370349
0.336483
0.403828
0.47882299999999994
0.479
0.470975
0.475828
0.4729369999999999
0.458517
0.372996
0.27756000000000003
0.295453
0.345377
0.360005
0.375963
0.4043469999999999
0.472667
0.47912
0.4767661
0.4774889000000001
0.4400242999999999
0.438381
0.343418
0.35986799999999997
0.379031
0.379649
0.4029559999999999
0.3976960000000001
0.32027
0.38378
0.41497
0.4724900000000001
0.45735
0.4161199999999999
0.3670499999999999
0.45991
0.47683000000000003
0.4641700000000001
0.43238000000000004
0.479339
0.482323
0.48193
0.4786540000000001
0.4730940000000001
0.4462266
0.33535779999999993
0.38248190000000004
0.3091825
0.2802912
0.31865150000000003
0.27777379999999996
0.31449590000000005
0.31452470000000005
0.30393400000000004
0.3230050000000001
0.30820800000000004
0.32585
0.2679050000000001
0.246993
0.34779599999999994
0.43564200000000003
0.388011
0.29742
0.47345
0.46045
0.4483
0.47011
0.47243999999999997
0.33814
0.4741800000000001
0.47431
0.47539
0.43621
0.44379
0.46904
0.42937
0.43708
0.4142900000000001
0.44042
0.31804
0.32958000000000004
0.33299
0.41416
0.43324
0.30595
0.36056
0.46488
0.4749600000000001
0.47435
0.45417
0.43119
0.344677
0.479255
0.480248
0.472332
0.468813
0.44686400000000004
0.371349
0.360124
0.390393
0.270375
0.257275
0.30057
0.439723
0.4585199999999999
0.285508
0.313643
0.42709
0.44901
0.33757000000000004
0.1771
0.221386
0.1894123
0.1877465
0.13694969999999998
0.1827358
0.1830244
0.1918192
0.2796463
0.34137369999999995
0.3106454
0.428734
0.439459
0.44868
0.31866
0.36203
0.33453
0.43631899999999996
0.405145
0.23509
0.3359924
0.4727415
0.4570074000000001
0.2162908
0.10703
0.06982340000000001
0.0651252
0.0893823
0.0724766
0.12120630000000004
0.0909955
0.07263439999999999
0.17239520000000005
0.290523
0.260633
0.29132
0.23947
0.26886
0.25466
0.30539
0.30535
0.25105
0.26155
0.27628
0.31142000000000003
0.43387
0.42463
0.25319
0.11565699999999995
0.13416
0.1084404
0.13358369999999994
0.101567
0.0905504
0.11257699999999997
0.12268039999999998
0.22606
0.33203
0.28078000000000003
0.29673999999999995
0.33906
0.35149
0.40412
0.4122299999999999
0.3396678
0.3327765000000001
0.3777902
0.3325883
0.3771691
0.42598199999999997
0.4243105
0.40191479999999996
0.278905
0.2841344
0.25360910000000003
0.21153500000000008
0.1899255
0.2420023
0.3120616
0.2704861
0.3154
0.33381000000000005
0.34608
0.34794
0.38991
0.42312
0.4516
0.4013711
0.350154
0.3500107
0.240472
0.3386362
0.3610062
0.4316867999999999
0.4134134999999999
0.3978274000000001
0.2602487
0.2443151
0.2044729
0.2200161
0.2183737
0.21913280000000004
0.2227437
0.2025161
0.31079
0.23438
0.3396
0.31973
0.3969
0.43646
0.37834
0.33754
0.32836
0.29914
0.29466000000000003
0.26973
0.34897
0.43904
0.43945
0.3757
0.20130000000000006
0.186057
0.09304789999999999
0.0771919
0.0953785
0.0945408
0.1836014
0.28344
0.46952089999999996
0.4666409000000001
0.4625333
0.46861759999999997
0.3708238
0.35026099999999993
0.36382
0.4035562
0.4791747
0.4829919
0.481178
0.46144989999999997
0.4437972
0.4563505
0.4658581000000001
0.430909
0.3898885
0.4796970999999999
0.4824427
0.4810395000000001
0.4661227000000001
0.4080634
0.4816705
0.4817905
0.4824299000000001
0.4746484999999999
0.4312954000000001
0.3702282
0.3792164
0.371
0.3554524000000001
0.38269050000000004
0.46750470000000005
0.4827904000000001
0.4828761
0.4699318
0.469911
0.3868638
0.4430242999999999
0.46240519999999996
0.34953860000000003
0.33216330000000005
0.4489324000000001
0.4585302
0.3830588
0.34473770000000004
0.40261740000000007
0.4530625
0.4613396
0.3916268
0.3691073
0.4004271999999999
0.43336090000000005
0.4761554
0.4451457
0.4034509
0.3921599
0.4655562
0.4589617
0.356283
0.3474697199999999
0.38337681
0.4058259599999999
0.42598056
0.40537146
0.39380526
0.42890777
0.33344481
0.35909306
0.39063076
0.41613252
0.39862197
0.35583816
0.34095156
0.3750581000000001
0.3812586
0.3704558000000001
0.373835
0.3474183
0.4441532
0.46297
0.4722993000000001
0.4747412
0.47270969999999995
0.4747181
0.4600623000000001
0.4365286
0.46732
0.4523148
0.390985
0.3770229000000001
0.3477387
0.3176629
0.3320464
0.3517559
0.439225
0.4298407
0.3982459
0.3213479
0.3334572000000001
0.3070819
0.3416926
0.3661875
0.32612270000000004
0.4187359000000001
0.4597059000000001
0.3920411999999999
0.3871659
0.46089259999999993
0.4256574000000001
0.3929355
0.3538915999999999
0.4312615999999999
0.4629325000000001
0.4583210999999999
0.31843740000000004
0.36113779999999995
0.375373
0.4136106
0.4540887
0.41736019999999996
0.4065092
0.3725788
0.3740618000000001
0.350754
0.4009616
0.3601621
0.42114350000000006
0.4217516000000001
0.4062806000000001
0.450884
0.35321020000000003
0.4775559
0.482688
0.4502502
0.46238270000000004
0.44721312
0.4633087
0.4265062
0.39576500000000003
0.4236659999999999
0.4133647
0.433267
0.4429214
0.4162483
0.4492210999999999
0.42688630000000005
0.43096
0.4615531000000001
0.4626339
0.4279876999999999
0.405769
0.3915339000000001
0.36827
0.4002415
0.4613
0.4093469
0.402202
0.3898771
0.4253924000000001
0.35212350000000003
0.35728190000000004
0.44115109999999996
0.4134755
0.4583022000000001
0.4760578
0.4763807
0.4662372999999999
0.45127259999999997
0.4530851
0.4625935000000001
0.4593892
0.4776689
0.476807
0.4458207
0.4567821
0.4670783
0.4688907
0.47696459999999996
0.46013919999999997
0.4476531000000001
0.4540592000000001
0.3931216
0.4724349
0.4620300000000001
0.4612216
0.4162929
0.4340369000000001
0.45781400000000005
0.4593482999999999
0.4575872
0.4713650000000001
0.4756357000000001
0.4219228999999999
0.43180969999999996
0.4488902
0.4760514
0.4738525999999999
0.411215
0.4669664000000001
0.4725545
0.4532267
0.4065812
0.4125811999999999
0.4491497
0.4744195000000001
0.4742926000000001
0.41928119999999997
0.4300335
0.43532259999999995
0.4321597
0.4258954000000001
0.4404906999999999
0.4677936999999999
0.4697499
0.431385
0.3736045000000001
0.3488217
0.4101564
0.3928526
0.4161074000000001
0.458124
0.4698459
0.4211583
0.3952231
0.4509478
0.4696520000000001
0.443354
0.4035459
0.4580469
0.4577867000000001
0.4304654000000001
0.39654120000000004
0.4197593000000001
0.3897088
0.34052360000000004
0.3696607
0.4545802
0.4674468000000001
0.47943969999999997
0.4157631000000001
0.4391426
0.4592031
0.4696215999999999
0.4740116
0.4466679000000001
0.3493962
0.3908461
0.387706
0.4199688
0.4707366
0.46746570000000004
0.4130515
0.3686659000000001
0.3848419
0.3534448
0.3696443
0.3581768
0.3920088000000001
0.3779020999999999
0.46093
0.4518978
0.4057221
0.3570188
0.4531878
0.4474926
0.4026174000000001
0.395864
0.3739250000000001
0.2947617
0.35315690000000005
0.3828679
0.4007074
0.46212759999999997
0.4782577999999999
0.4351002000000001
0.4526590999999999
0.4671965
0.4560192000000001
0.3831388000000001
0.3819474
0.3626088
0.3648359000000001
0.4067693
0.3520598
0.4131744000000001
0.3903069000000001
0.3603131
0.4679831
0.46373159999999997
0.4413483
0.3646086
0.3703304000000001
0.3769752
0.4167367999999999
0.37856940000000006
0.3899947
0.4349063000000001
0.4190823
0.3811394400000001
0.4099989000000001
0.47815231
0.48118208
0.4828878999999999
0.48066909999999996
0.4628055999999999
0.4732476
0.4374459
0.4780380000000001
0.4831925
0.4830457
0.4559651
0.4802075000000001
0.4571378
0.398104
0.4257604
0.42947240000000003
0.43735779999999996
0.3874848
0.3783988
0.4362456
0.4659572
0.4744972
0.4517467000000001
0.4082763
0.42682
0.42756289999999997
0.48202633
0.4816854999999999
0.4810602
0.4800578300000001
0.44737488
0.46549540000000006
0.4092383
0.45611499
0.47584387
0.48145995
0.48255138
0.45710668
0.48229958
0.4593454899999999
0.35980786
0.45693737
0.4207914300000001
0.47152308
0.4591950799999999
0.47692740000000006
0.46203838
0.39616148
0.44657518
0.45332579
0.4741134400000001
0.43756838
0.44609758
0.45887011
0.48214542
0.48154928
0.4543587000000001
0.4395297
0.44523609999999997
0.42652840000000003
0.46999
0.482249
0.4837921
0.48025500000000004
0.4595802
0.4401623
0.4189335
0.4184554
0.4466629999999999
0.4782883
0.4619145000000001
0.41613590000000006
0.4675973
0.41812780000000005
0.3776221
0.4800849
0.4826039000000001
0.4653988
0.4685397
0.4654854000000001
0.46822349999999996
0.3848531
0.4053926
0.3922859
0.4330259
0.4658607
0.4237859000000001
0.3920116
0.4239116
0.3907859
0.4127211
0.4794878
0.4835288
0.46138290000000004
0.43614529999999996
0.4791218
0.43914970000000003
0.42744055
0.48293923
0.4827673700000001
0.4727988
0.4776381
0.4688664000000001
0.45547730000000003
0.4645487
0.4329097
0.4041254
0.3916093
0.4156826
0.4325978
0.408064
0.4271115999999999
0.4374616
0.4709167
0.4132545000000001
0.4109103
0.4770185000000001
0.4610998
0.4531476
0.4579995
0.3026251999999999
0.3291532999999999
0.3803443999999999
0.432125
0.431343
0.4156708
0.4411607
0.4368913
0.43590829999999997
0.4287846999999999
0.4181172000000001
0.41148959999999996
0.3949321000000001
0.3865108
0.38685790000000003
0.3756738000000001
0.360265
0.4701452999999999
0.4173521000000001
0.45509540000000004
0.4644746
0.3959067
0.3873954000000001
0.3852933000000001
0.4297575000000001
0.4075993
0.4266433
0.4039029000000001
0.3990117
0.3640209
0.3656458
0.3632384
0.37936013
0.39421408
0.34455128
0.32533098000000005
0.33202173
0.34226789
0.31237269
0.3740564300000001
0.4006991799999999
0.39615778
0.41552379
0.41914773
0.42767764
0.30729074999999995
0.3922644300000001
0.40284768
0.36096904
0.32789623
0.32941826
0.30117017
0.3577393
0.4085645
0.4542792000000001
0.3827764
0.4665616
0.44707250000000004
0.4721525
0.4158173
0.45226869999999997
0.36407259999999997
0.45353540000000003
0.4185955
0.3997031
0.3013073000000001
0.3286692
0.41953549999999995
0.3930106
0.4149765
0.41111359999999997
0.35239819999999994
0.367119
0.4138103
0.406982
0.3536381
0.29389802000000004
0.27380609999999994
0.3194818
0.3434821000000001
0.3296274
0.3185774
0.34622390000000003
0.3866872000000001
0.3784498
0.4129896000000001
0.3876714000000001
0.3834768
0.4154602
0.38635490000000006
0.3900178000000001
0.3833527
0.4368494000000001
0.4089627
0.4050318000000001
0.4434243000000001
0.3798953
0.37515370000000003
0.39546196
0.38413815
0.3489115000000001
0.36723340000000004
0.38260871
0.3354558
0.3297896
0.37320152
0.31824246
0.2972712100000001
0.33139176
0.39262787
0.45817738
0.45570314
0.2399208
0.33604589999999995
0.3542251
0.3375768
0.3574002
0.3172187
0.3689073
0.3455068
0.3449653999999999
0.35463259999999996
0.3565596999999999
0.2471835
0.2711836999999999
0.2908977000000001
0.2871492
0.3028263
0.3399328
0.25325
0.29155
0.34949
0.32085
0.32802999999999993
0.33220999999999995
0.38819000000000004
0.37581
0.2901900000000001
0.4014999999999999
0.372452
0.27366
0.459585
0.47123
0.42165
0.22639
0.188018
0.14302299999999998
0.1507416
0.1507761
0.12622640000000002
0.1284261
0.1332504
0.1500711
0.20558
0.29308540000000005
0.37685
0.40294
0.37479
0.38919
0.40465
0.4648890000000001
0.4689550000000001
0.4067
0.33054999999999995
0.31509000000000004
0.31981
0.48034499999999997
0.48139899999999997
0.482005
0.4777970000000001
0.4531000000000001
0.463293
0.478859
0.4818120000000001
0.47553
0.4754506000000001
0.433275
0.48139560000000003
0.4813446000000001
0.4773127
0.477468
0.40573
0.42881
0.4549900000000001
0.464868
0.460022
0.466146
0.454944
0.465358
0.472469
0.4124003000000001
0.369827
0.46004
0.46032
0.47087
0.482587
0.4723000000000001
0.4651
0.41939
0.47724445
0.472604
0.476537
0.437465
0.4225600000000001
0.4441370000000001
0.4087784
0.3943122000000001
0.4145290000000001
0.3756212
0.348896
0.46417700000000006
0.4775854000000001
0.44012870000000004
0.4309822
0.38146009999999997
0.30182430000000005
0.35581430000000003
0.39621969999999984
0.3563341
0.35031090000000004
0.35751279999999996
0.342731
0.3488926
0.26361670000000004
0.29751609999999995
0.3533366
0.314394
0.3233043
0.36010440000000005
0.359216
0.353155
0.384173
0.380862
0.353839
0.27576100000000003
0.286853
0.3013450000000001
0.301694
0.2743002
0.161323
0.177866
0.24088000000000004
0.3930799999999999
0.4008120000000001
0.3911649999999999
0.283099
0.329137
0.13996624000000002
0.18375519000000004
0.13493714999999998
0.1837291
0.35591719
0.3947500000000001
0.37518624
0.34673419
0.128983
0.43173
0.478983
0.468833
0.4683999999999999
0.475999
0.475384
0.439787
0.4773860000000001
0.4777040000000001
0.4778752000000001
0.47812899999999997
0.46474099999999996
0.478201
0.4792190000000001
0.47667600000000004
0.47852
0.478099
0.439219
0.398302
0.476057
0.4723267
0.4647258
0.476213
0.479378
0.478969
0.440419
0.469433
0.459013
0.472401
0.4312020000000001
0.475782
0.452779
0.46042700000000003
0.456208
0.4815430000000001
0.3955409999999999
0.458657
0.4730101
0.47104929999999995
0.46823000000000004
0.4551874
0.47617129999999996
0.4771152
0.4445601
0.459066
0.39221999999999996
0.4778020000000001
0.4745150000000001
0.473372
0.469181
0.474973
0.47707299999999997
0.47802799999999995
0.4746530000000001
0.4422
0.44599
0.45274
0.45878
0.4752420000000001
0.473598
0.437877
0.47454799999999997
0.4719640000000001
0.473291
0.474076
0.4753399999999999
0.456308
0.477361
0.469865
0.477396
0.4787170000000001
0.47453
0.460052
0.4673270000000001
0.471534
0.47222
0.46288199999999996
0.360981
0.473369
0.47655
0.4416390000000001
0.472757
0.455838
0.45498999999999995
0.459412
0.454994
0.451668
0.458358
0.47119700000000003
0.4698165
0.47105
0.471567
0.47137
0.46943999999999997
0.469951
0.47133800000000003
0.473169
0.47297
0.470272
0.471386
0.46971
0.46705
0.46407
0.4494900000000001
0.46790349999999997
0.443943
0.4304190000000001
0.475273
0.478394
0.202325
0.31334650000000003
0.3983594
0.404138
0.398463
0.400726
0.411588
0.398821
0.402656
0.403013
0.360532
0.4122799999999999
0.398842
0.407569
0.360687
0.405252
0.273794
0.362388
0.397601
0.4064869999999999
0.426896
0.401585
0.4092315
0.418129
0.2959870000000001
0.347246
0.4005285
0.4123020000000001
0.305429
0.438837
0.27205999999999997
0.4177540000000001
0.40151
0.40386
0.35801000000000005
0.36236999999999997
0.31545
0.32334
0.41976
0.4165929
0.4152171000000001
0.424139
0.4264771000000001
0.329127
0.3746923
0.4244232000000001
0.35742
0.40271
0.35623
0.39999
0.40248
0.39726999999999996
0.41108999999999996
0.4079423
0.2710123
0.31100890000000003
0.30997359999999996
0.31018029999999996
0.3578298
0.3634193
0.31264000000000003
0.27134
0.30468
0.28973000000000004
0.29403
0.31966
0.13920000000000002
0.16226000000000002
0.26551
0.28355
0.31115
0.29416999999999993
0.30198
0.31431
0.28786
0.31268
0.28860810000000003
0.303659
0.2831
0.30450000000000005
0.283451
0.27854100000000004
0.31075
0.34970100000000004
0.3177550000000001
0.284277
0.31086149999999996
0.32082
0.302317
0.28606
0.25806
0.29878000000000005
0.271812
0.3250458
0.3418919
0.35005850000000005
0.34028
0.30114
0.3629500000000001
0.33792000000000005
0.34246
0.30785
0.33239
0.3262139
0.34665727
0.342541
0.31809
0.33708
0.342792
0.32258823
0.3384359999999999
0.32945399999999997
0.239206
0.26820900000000003
0.33295
0.26119000000000003
0.47936999999999996
0.47919
0.4715
0.4794100000000001
0.4784499999999999
0.38441
0.41668
0.44961
0.3571
0.34436
0.35644000000000003
0.3644438
0.39069
0.2983259999999999
0.33499
0.29149
0.250319
0.28543440000000003
0.2634284
0.2404276
0.1829688
0.2499585
0.27446380000000004
0.3708128
0.386004
0.3608429
0.33554118
0.30238823
0.2904241
0.3076169
0.30427932
0.2850092
0.28690127
0.29791198
0.36147472
0.28769343
0.28433470000000005
0.314728
0.31175007
0.33834723
0.3179601799999999
0.30108127
0.190692
0.2411407
0.1894987
0.188463
0.1684721
0.147612
0.1320442
0.13614424000000006
0.16985689999999998
0.13636126999999998
0.14064846
0.13070918
0.15286647
0.18143252
0.19178299999999998
0.1780759
0.191684
0.15019634
0.2239211
0.18135214
0.21430589999999997
0.34443300000000004
0.4719661
0.46654009999999996
0.35376823
0.1063611
0.3380977000000001
0.3653069000000001
0.4001537
0.4115376
0.4260108
0.44891918
0.47204228
0.47004697
0.42887179999999997
0.4348069000000001
0.4434734
0.4470096
0.4772816999999999
0.45687799999999995
0.4567353
0.4762981
0.4369347
0.4142466
0.4419294
0.4653751
0.4568977
0.47533159999999997
0.3700500000000001
0.4377984
0.4711319000000001
0.47626579999999996
0.4751704000000001
0.4698859
0.40674
0.410495
0.4671278999999999
0.45948199999999995
0.447072
0.4780929
0.404654
0.4419520000000001
0.4764809
0.4740220000000001
0.469653
0.47363
0.4677691
0.465873
0.4501188999999999
0.47697399999999995
0.463986
0.462475
0.472604
0.4494699
0.4343676000000001
0.4292678
0.4731839
0.4750359
0.473245
0.4727119000000001
0.475137
0.4768259
0.4735178
0.4772148000000001
0.4776228000000001
0.4721139
0.4639739000000001
0.4745898
0.478001
0.4774549
0.44156090000000003
0.469476
0.47532263
0.47157
0.441872
0.45355
0.3619619
0.4241417
0.4324098
0.4565399000000001
0.4564619000000001
0.3608918
0.4101687
0.4295135000000001
0.4095759
0.4498887000000001
0.4400862
0.43643059999999995
0.4569897
0.4498658999999999
0.4484706
0.4729497
0.46272159999999996
0.4580909000000001
0.4587389
0.47349600000000003
0.420803
0.4048299
0.4314359
0.464725
0.4597770000000001
0.4497409000000001
0.4481668999999999
0.4119620000000001
0.4305584
0.44721539
0.4731468800000001
0.47453078
0.47033578
0.45136458
0.46830119
0.4720659
0.4026848999999999
0.428079
0.4652911
0.454243
0.46875500000000003
0.4468468
0.44114
0.41900070000000006
0.44425690000000007
0.460633
0.4181621
0.4353019999999999
0.4161982
0.3931895
0.4754867
0.4748818999999999
0.4661858
0.4349287000000001
0.4430168
0.46553869999999997
0.4710068
0.4360659000000001
0.4345487
0.46461779999999997
0.4747787000000001
0.4470936
0.4518606
0.4759577999999999
0.4632168
0.4717068
0.4334168000000001
0.444644
0.3647559400000001
0.460932
0.41357489999999997
0.47036490000000003
0.4482116
0.4602559
0.4322587000000001
0.4709897
0.4595106000000001
0.4695917000000001
0.4710168
0.4770097
0.47467159999999997
0.4745978
0.4790077999999999
0.47010779999999996
0.4771878
0.4778078
0.4760528
0.4363268
0.3285349
0.24958010000000005
0.28202109999999997
0.42838823
0.25149918
0.254
0.33582
0.26384
0.27049494
0.19395214
0.31027
0.35196
0.4094
0.343522
0.34412109999999996
0.38552
0.35666000000000003
0.34042
0.35078000000000004
0.34956000000000004
0.35554
0.30241
0.34056000000000003
0.34479
0.31307
0.35563
0.3638100000000001
0.3606800000000001
0.362127
0.36838
0.30318
0.3239200000000001
0.34329000000000004
0.33995
0.30823
0.38853
0.34730199999999994
0.39603
0.36391
0.3661
0.36121
0.3785700000000001
0.39542
0.33946109999999996
0.37827
0.3321600000000001
0.35655
0.40027
0.34629999999999994
0.35262
0.34658599999999995
0.34526399999999996
0.321272
0.41748
0.34402999999999995
0.37614000000000003
0.3441
0.37248
0.318054
0.2801119
0.2756005
0.28458690000000003
0.2812876
0.3073085
0.3768866
0.39344179999999995
0.31546280000000004
0.31383900000000003
0.32106
0.3100066
0.3217629
0.3104772000000001
0.3216724
0.31880440000000004
0.28116430000000003
0.47598190000000007
0.44588679999999997
0.4755217000000001
0.317923
0.3890145
0.39013790000000004
0.3096920000000001
0.3060507
0.307176
0.3319727
0.3102051
0.34226
0.290169
0.4618438
0.44424589999999997
0.4052232
0.33316640000000003
0.329606
0.3589525
0.3288290000000001
0.31167340000000004
0.32703000000000004
0.408669
0.386865
0.378655
0.3328237
0.2479510000000001
0.27044050000000003
0.3062627
0.231767
0.35729239999999995
0.31243940000000003
0.2974844
0.30143590000000003
0.3029211
0.31400599999999995
0.31238
0.31802060000000004
0.31245490000000004
0.3173362
0.311518
0.3338
0.320914
0.28403
0.25532000000000005
0.24872
0.261363
0.26589923
0.25059827
0.27373000000000003
0.27615
0.2686
0.27045
0.20576999999999998
0.25884
0.24465
0.31004118
0.27294537
0.293652
0.29722800000000005
0.3221620000000001
0.33694
0.42643
0.333984
0.39111
0.44962749999999996
0.4077087
0.44515
0.4521679999999999
0.23388379999999998
0.2402924
0.363225
0.25055000000000005
0.236086
0.23119699999999999
0.330516
0.3152760000000001
0.45251199999999997
0.440463
0.257588
0.29581900000000005
0.29946100000000003
0.151846
0.149409
0.104047
0.07783000000000001
0.0928009
0.131023
0.434572
0.457065
0.406006
0.440675
0.473181
0.474787
0.4749890000000001
0.4756039999999999
0.475767
0.4755140000000001
0.476832
0.345488
0.098625
0.08753999999999999
0.095188
0.079307
0.134711
0.14149699999999998
0.152053
0.10890999999999999
0.1143
0.06011100000000001
0.11733900000000001
0.107584
0.105461
0.127411
0.124377
0.103644
0.151593
0.135168
0.12777000000000002
0.13727
0.47517
0.47578000000000004
0.45395
0.46485
0.46803
0.46697
0.4643000000000001
0.31333
0.358964
0.36589
0.31819000000000003
0.3625
0.42816
0.42145
0.42136
0.21814
0.19849
0.09548
0.07157999999999999
0.18801
0.25361
0.2283
0.20447
0.23065
0.21456999999999998
0.21654
0.18222
0.13366999999999998
0.43957
0.4384900000000001
0.44856999999999997
0.40885
0.343667
0.35117200000000004
0.338631
0.272589
0.304816
0.31499400000000005
0.32707600000000003
0.366304
0.33790999999999993
0.308759
0.302537
0.364955
0.3580919999999999
0.249166
0.23111700000000002
0.235287
0.2388990000000001
0.2582030000000001
0.25637
0.30023799999999995
0.388578
0.38668
0.3895090000000001
0.45394700000000004
0.404513
0.3119
0.24586999999999998
0.30089
0.35139000000000004
0.34709
0.37094
0.36007199999999995
0.31971
0.28148
0.38704
0.45824
0.34647
0.267857
0.231523
0.229019
0.28356000000000003
0.26652
0.30516
0.31061
0.27066999999999997
0.25158
0.31988000000000005
0.281024
0.269863
0.28937
0.30890500000000004
0.33482
0.31471
0.29075300000000004
0.32237400000000005
0.303138
0.34445000000000003
0.351877
0.324889
0.34520100000000004
0.333298
0.314441
0.322433
0.29975100000000005
0.2951340000000001
0.298588
0.326151
0.28536399999999995
0.27693300000000004
0.30298
0.343935
0.33082700000000004
0.333604
0.271415
0.240418
0.323929
0.31465000000000004
0.31026099999999995
0.331982
0.32457800000000003
0.336181
0.357538
0.362088
0.361126
0.370401
0.35390799999999994
0.32775999999999994
0.3576
0.38738
0.380023
0.302543
0.311555
0.316385
0.3712190000000001
0.349035
0.334311
0.298619
0.327726
0.29203899999999994
0.283404
0.27369899999999997
0.244639
0.25710900000000003
0.28336300000000003
0.309093
0.313977
0.30448400000000003
0.267915
0.341243
0.321122
0.27094
0.26130400000000004
0.2756796
0.155005
0.303379
0.27574699999999996
0.4417559999999999
0.466711
0.477033
0.476418
0.475445
0.470453
0.372322
0.20871
0.15622799999999998
0.12844529999999998
0.13393329999999998
0.14676029999999998
0.10927739999999998
0.243391
0.29338800000000004
0.28413
0.39053899999999997
0.38664899999999996
0.401314
0.339405
0.2911421
0.30748509999999996
0.27305
0.27522800000000003
0.28615300000000005
0.266761
0.2324610000000001
0.30941009999999997
0.2734904
0.3890149000000001
0.414561
0.3907817
0.30899740000000003
0.2232728
0.1489044
0.1081769
0.1256583
0.30468520000000004
0.31705510000000003
0.32511840000000003
0.36821950000000003
0.3057879000000001
0.3165116
0.27314400000000005
0.317157
0.244793
0.24432199999999998
0.237181
0.230519
0.24524229999999997
0.24391710000000005
0.25655009999999995
0.226447
0.25158020000000003
0.2710316
0.2406434
0.276442
0.27394950999999995
0.23473964
0.24459994
0.25924057999999994
0.26268233
0.26410238
0.24844570000000005
0.25788619999999995
0.26224000000000003
0.27145
0.28775
0.26758000000000004
0.29113
0.2805513000000001
0.3874086000000001
0.3617021
0.3148238
0.28868000000000005
0.32724899999999996
0.36589
0.3631488000000001
0.38251999999999997
0.35621800000000003
0.41272
0.34651
0.29381999999999997
0.29399000000000003
0.30329
0.37088000000000004
0.37813
0.3100100000000001
0.26946
0.32697000000000004
0.28522999999999993
0.28846000000000005
0.39275
0.38788
0.32321000000000005
0.31639500000000004
0.33105
0.25801
0.255242
0.283501
0.257945
0.22934
0.25685
0.27841
0.260522
0.197003
0.25809099999999996
0.298249
0.297984
0.319378
0.255678
0.270285
0.180735
0.221573
0.285058
0.203001
0.240167
0.283337
0.25406100000000004
0.294665
0.275292
0.2928
0.247265
0.269679
0.287536
0.32667699999999994
0.34500200000000003
0.32814400000000005
0.28078400000000003
0.295696
0.28388
0.298446
0.263087
0.309786
0.33220679999999997
0.3167811
0.32461999999999996
0.32688520000000004
0.2583416
0.2694887
0.2350636
0.23405390000000004
0.2889178
0.299577
0.292502
0.173975
0.270217
0.248979
0.24923
0.322791
0.306254
0.31986800000000004
0.330649
0.31469400000000003
0.243894
0.312792
0.334712
0.305053
0.311014
0.32244500000000004
0.26950300000000005
0.35174099999999997
0.31861700000000004
0.182847
0.24281999999999998
0.37767
0.3690540000000001
0.3361206
0.279174
0.3315789
0.312719
0.218581
0.26874299999999995
0.298981
0.2929919999999999
0.295121
0.31446099999999994
0.317849
0.28850000000000003
0.28722299999999995
0.252143
0.31312500000000004
0.3198530000000001
0.29327400000000003
0.3163350000000001
0.324997
0.287847
0.28936100000000003
0.362589
0.357342
0.365836
0.275973
0.25338299999999997
0.21774400000000005
0.247758
0.28276100000000004
0.301675
0.308079
0.33924000000000004
0.287719
0.263187
0.376744
0.387199
0.3039870000000001
0.29202500000000003
0.292719
0.26765599999999995
0.26411500000000004
0.293473
0.31171800000000005
0.31326000000000004
0.267776
0.343859
0.357536
0.360241
0.33606309999999995
0.416757
0.345045
0.255705
0.2366085
0.16180650000000002
0.164605
0.26736
0.331012
0.35072400000000004
0.34358
0.257995
0.35793600000000003
0.4299560000000001
0.451018
0.409995
0.351562
0.351063
0.3104146
0.31603400000000004
0.37556649999999997
0.35496300000000003
0.32606120000000005
0.273528
0.28592199999999995
0.263071
0.27317800000000003
0.276269
0.292456
0.3049921
0.32540979999999997
0.34658599999999995
0.3747023
0.28615539999999995
0.31852959999999997
0.3610901
0.3684317
0.3029907
0.36020100000000005
0.353648
0.29149899999999995
0.364274
0.36391999999999997
0.330814
0.327448
0.321469
0.336897
0.288641
0.28166800000000003
0.3749380000000001
0.322444
0.318137
0.356136
0.350421
0.3719500000000001
0.373033
0.330886
0.34551000000000004
0.315863
0.350045
0.289611
0.317075
0.384324
0.395256
0.315296
0.32512699999999994
0.39329
0.35549000000000003
0.28639000000000003
0.30861
0.27985000000000004
0.24381000000000005
0.26696
0.228428
0.2010162
0.1350237
0.22333000000000006
0.24539
0.26418
0.22728
0.198239
0.32593999999999995
0.33069
0.34511
0.3101996000000001
0.34507
0.30319
0.32436000000000004
0.33854
0.31322999999999995
0.2887
0.30729
0.28627
0.30399
0.40687
0.4154200000000001
0.43989
0.43796
0.45705
0.455832
0.12826
0.14131
0.26852
0.21833
0.4135533
0.35809450000000004
0.28292
0.16937
0.166455
0.139843
0.1707215
0.1613859
0.215468
0.29091500000000003
0.314039
0.29823299999999997
0.272743
0.264739
0.273794
0.26251499999999994
0.26357
0.223763
0.256402
0.2990631
0.29911600000000005
0.318363
0.334772
0.319942
0.257058
0.3004583000000001
0.3006006
0.2284469
0.2268811
0.23364000000000001
0.2587688
0.26336610000000005
0.2693666
0.22774380000000002
0.2606712
0.3181078
0.28583440000000004
0.1922521
0.1932797
0.1907117
0.21503200000000008
0.30218500000000004
0.26429899999999995
0.28179899999999997
0.3550220000000001
0.377651
0.342212
0.3048234
0.28489109999999995
0.27558790000000005
0.269827
0.215225
0.283291
0.284047
0.30676400000000004
0.41935500000000003
0.408028
0.34778600000000004
0.368158
0.273241
0.31328199999999995
0.13498
0.21015599999999998
0.122086
0.09691749999999999
0.0508523
0.058594500000000015
0.1586
0.275266
0.305114
0.3143
0.306375
0.327669
0.3393704
0.32983
0.2738835
0.30828910000000004
0.3158935
0.27394809999999997
0.3087772
0.2657012
0.2884568
0.30180840000000003
0.2941072
0.3051672
0.3107333
0.2545913
0.2100405
0.33948459999999997
0.3216867
0.2567282
0.2891651
0.33371280000000003
0.3059594
0.26668800000000004
0.222831
0.17206749999999998
0.28457590000000005
0.22708520000000004
0.2547654
0.2816593
0.2389369
0.22515
0.218594
0.21439
0.271717
0.259054
0.217586
0.17516900000000002
0.175222
0.228142
0.16967300000000002
0.18720699999999998
0.291673
0.33802599999999994
0.32518
0.356059
0.30493200000000004
0.35985100000000003
0.35208500000000004
0.370923
0.373154
0.33379699999999995
0.35108500000000004
0.317107
0.26418800000000003
0.27070700000000003
0.243427
0.25865900000000003
0.28826700000000005
0.27836
0.275398
0.31095900000000004
0.31037600000000004
0.30674299999999993
0.3016869999999999
0.344857
0.241538
0.266546
0.29001400000000005
0.304675
0.286433
0.299081
0.31366900000000003
0.338852
0.328913
0.295352
0.27647000000000005
0.137531
0.14695299999999994
0.164246
0.216477
0.091224
0.08719299999999999
0.095394
0.082426
0.088827
0.444838
0.31582
0.11599200000000001
0.114131
0.22600399999999998
0.24814
0.082715
0.195953
0.142754
0.224297
0.24335000000000004
0.21023200000000006
0.15153700000000006
0.209706
0.225815
0.212042
0.201532
0.14424900000000002
0.14125100000000002
0.083829
0.106521
0.191868
0.14707599999999998
0.145189
0.154583
0.141375
0.23829
0.199647
0.215939
0.251236
0.228803
0.242272
0.22370900000000002
0.154564
0.133937
0.161511
0.104254
0.167258
0.17898299999999998
0.171792
0.13906800000000002
0.13591299999999998
0.137727
0.111025
0.10556199999999999
0.114586
0.113101
0.111447
0.108447
0.11035
0.097526
0.134757
0.111977
0.118944
0.08799499999999999
0.155059
0.191529
0.163346
0.17935299999999998
0.215299
0.243693
0.228994
0.213441
0.243775
0.233354
0.163333
0.21545100000000006
0.220333
0.13936199999999999
0.211535
0.208663
0.207823
0.22552600000000006
0.200535
0.200239
0.18563
0.223589
0.193877
0.25938799999999995
0.19793
0.233168
0.2163
0.227012
0.21682
0.154175
0.24523700000000004
0.15790500000000002
0.19278199999999995
0.239778
0.235059
0.257236
0.253971
0.259429
0.24038100000000004
0.235443
0.250522
0.230348
0.197534
0.189351
0.23061199999999998
0.28164100000000003
0.24791100000000002
0.277805
0.249743
0.266549
0.256722
0.239782
0.220032
0.291673
0.402337
0.217192
0.198854
0.24838400000000002
0.191052
0.192391
0.263678
0.227569
0.135827
0.15138400000000002
0.133332
0.144046
0.121479
0.14121299999999998
0.145218
0.135377
0.13742
0.131888
0.152473
0.222919
0.14805500000000002
0.263935
0.301997
0.353215
0.343389
0.282265
0.205237
0.257762
0.246133
0.169204
0.17875770000000002
0.20808490000000002
0.1611533
0.1642114
0.2429718
0.2776866
0.44314
0.469492
0.469387
0.4718520000000001
0.39496
0.385394
0.391836
0.377545
0.391982
0.467559
0.3905100000000001
0.353784
0.372619
0.371366
0.351595
0.368649
0.33174899999999996
0.304739
0.4308531000000001
0.36692800000000003
0.420119
0.397662
0.384786
0.35172800000000004
0.370516
0.355648
0.36712100000000003
0.4264000000000001
0.4158520000000001
0.472189
0.37901599999999996
0.471816
0.415293
0.370873
0.4383510000000001
0.452801
0.370527
0.358797
0.383916
0.41545200000000004
0.431712
0.423554
0.402923
0.3913640000000001
0.397053
0.33923600000000004
0.399754
0.40435
0.390928
0.362551
0.450563
0.44004740000000003
0.433203
0.390234
0.3803949999999999
0.40131999999999995
0.4363059999999999
0.424015
0.380929
0.28322600000000003
0.181971
0.23245
0.242594
0.263741
0.4077400000000001
0.379025
0.474499
0.4814000000000001
0.47557200000000005
0.46225299999999997
0.4387490000000001
0.474588
0.48358500000000004
0.442883
0.469108
0.44727100000000003
0.482312
0.4797677
0.46592330000000004
0.4534411
0.4471649
0.47974399999999995
0.469438
0.445204
0.4672549999999999
0.45165500000000003
0.475653
0.47922200000000004
0.467624
0.45757
0.4796299999999999
0.4808309999999999
0.4806739999999999
0.480928
0.48083100000000006
0.47365
0.4796540000000001
0.442242
0.4337720000000001
0.4787569999999999
0.460263
0.401499
0.471645
0.454275
0.481098
0.4096219999999999
0.478104
0.464394
0.480479
0.481207
0.482185
0.483045
0.453655
0.474754
0.4830930000000001
0.4787630000000001
0.482082
0.482585
0.473765
0.361597
0.4586819999999999
0.462237
0.4514830000000001
0.463208
0.43017700000000003
0.475216
0.4603
0.471313
0.4654100000000001
0.465538
0.460346
0.47753199999999996
0.457349
0.461649
0.446207
0.477303
0.469981
0.483159
0.483629
0.483849
0.4827900000000001
0.482392
0.483303
0.4780220000000001
0.4060874
0.43836099999999995
0.4683350000000001
0.470789
0.473813
0.473473
0.4368580000000001
0.473862
0.47363
0.4730430000000001
0.474394
0.4734220000000001
0.459675
0.4567169999999999
0.43039499999999997
0.47830200000000006
0.481429
0.478054
0.47894
0.481303
0.481712
0.464514
0.4754560000000001
0.476034
0.46675
0.439634
0.472475
0.470261
0.472879
0.471703
0.4715409999999999
0.4503450000000001
0.448593
0.462897
0.482433
0.481971
0.483063
0.482522
0.480434
0.482639
0.483175
0.471045
0.4835623
0.483227
0.482101
0.4795240000000001
0.449914
0.41431599999999996
0.458658
0.481322
0.48227299999999995
0.419599
0.4790430000000001
0.47702
0.471588
0.458511
0.471742
0.471984
0.469684
0.46972200000000003
0.472074
0.463308
0.45356199999999997
0.466424
0.46873
0.466992
0.465276
0.46617200000000003
0.468554
0.43891800000000003
0.465581
0.424904
0.473539
0.47708599999999995
0.46135
0.456399
0.47841469999999997
0.481691
0.4831
0.482544
0.48307
0.482947
0.483407
0.4809100000000001
0.48425
0.476086
0.483348
0.47720200000000007
0.48099899999999995
0.4814350000000001
0.482022
0.482756
0.483343
0.47923
0.48062299999999997
0.48027600000000004
0.4834878
0.483097
0.474637
0.483912
0.4829479999999999
0.481011
0.4727830000000001
0.469527
0.440838
0.478719
0.449123
