0.2029037
0.23229150000000004
0.24538590000000005
0.37761279999999997
0.4013222999999999
0.3738502
0.3573971
0.3715792
0.3110100000000001
0.4013154
0.4039064000000001
0.3992757
0.3836334
0.3968697
0.3698653000000001
0.15814220000000004
0.1622619
0.17583940000000006
0.2518241
0.15450029999999998
0.1826611
0.23928940000000004
0.2438324000000001
0.22593000000000005
0.2001986000000001
0.23150429999999997
0.2192048000000001
0.18375940000000002
0.2107523000000001
0.219548
0.2517988
0.2702277
0.2623724
0.2832835
0.2707587
0.24795240000000004
0.2770367999999999
0.27345259999999993
0.24325060000000004
0.2029874
0.1927886000000001
0.19595270000000006
0.19708600000000004
0.16285390000000002
0.17779960000000006
0.20766180000000006
0.17256720000000006
0.14948210000000006
0.1834108
0.23020560000000004
0.2633909
0.2832006
0.2934105
0.2639034
0.32340499999999994
0.32967209999999997
0.31188020000000005
0.33372820000000003
0.3208242
0.2924099000000001
0.31022530000000004
0.3334537
0.29919209999999996
0.2589937
0.31767150000000005
0.3092397
0.29808910000000005
0.31798859999999995
0.2712981
0.2090413
0.2073335
0.2278436000000001
0.2662164
0.3125815
0.22337970000000001
0.22057130000000005
0.29976290000000005
0.3126627000000001
0.31504570000000004
0.3237259
0.2711736
0.22492000000000004
0.28833609999999993
0.26258410000000004
0.2414609000000001
0.23976510000000004
0.2155697
0.19102449999999999
0.2442426000000001
0.265241
0.22936620000000005
0.2296788
0.2025907
0.2628284
0.28800099999999995
0.2587125
0.28806990000000005
0.229562
0.2868118
0.2595383
0.2470131
0.2695949
0.28084810000000004
0.30216459999999995
0.28444889999999995
0.2855924
0.2381571
0.2862257
0.2585394000000001
0.3304147
0.2122088000000001
0.20002430000000004
0.18081170000000005
0.2195870000000001
0.23799510000000004
0.2683087
0.2438449000000001
0.27458039999999995
0.2392255000000001
0.22838470000000005
0.16566560000000005
0.21978520000000004
0.20313570000000009
0.23407380000000005
0.19950790000000007
0.2263296
0.2332217
0.2302685
0.2964435
0.26905029999999996
0.2831552
0.2417484000000001
0.16130970000000006
0.20103570000000004
0.16856440000000006
0.19326080000000004
0.17753480000000005
0.1771562
0.14712850000000008
0.1694054000000001
0.17065160000000007
0.12639289999999995
0.1426251000000001
0.1365970000000001
0.1506105000000001
0.2484682000000001
0.2532451000000001
0.2326057000000001
0.2390289000000001
0.2525581000000001
0.29174179999999994
0.30738199999999993
0.34617559999999997
0.2435056
0.19323239999999994
0.2327611
0.2404254000000001
0.22927630000000004
0.2381936
0.26254550000000004
0.2345243
0.2792196
0.2930928
0.305568
0.2472664
0.2526084
0.21492600000000006
0.3123623
0.32463210000000003
0.2438926
0.2297198000000001
0.2417982
0.2432596
0.26597350000000003
0.2098634000000001
0.20363610000000001
0.20164310000000008
0.2471877000000001
0.34639650000000005
0.2680949
0.2177357000000001
0.20341560000000009
0.18000210000000005
0.21982450000000006
0.20651550000000005
0.2261067
0.21323980000000006
0.2523354
0.21808870000000005
0.2512255
0.23300290000000004
0.21170570000000002
0.2420355000000001
0.2858451
0.2397293000000001
0.3069628
0.33228319999999995
0.2804935
0.3132393
0.26277290000000003
0.2383895000000001
0.23048610000000005
0.26115740000000004
0.3712307
0.30963670000000004
0.224149
0.21756470000000008
0.21082170000000008
0.3103178
0.3244946
0.3153611000000001
0.23308320000000005
0.21650540000000004
0.3337951
0.3269056
0.3301023000000001
0.21129160000000002
0.3783979999999999
0.4727024000000001
0.3595134
0.4632931
0.4691560000000001
0.4663725
0.39618309999999995
0.29285570000000005
0.4089487
0.4101468
0.4010474
0.36684340000000004
0.3869460000000001
0.372236
0.3723277
0.3802369
0.32274460000000005
0.3308530000000001
0.31515150000000003
0.32698910000000003
0.3562136999999999
0.3628336
0.4084011
0.4170174
0.4251470000000001
0.4097721999999999
0.4352934000000001
0.3323317
0.3382162
0.30738160000000003
0.26961240000000003
0.29216289999999995
0.29128999999999994
0.28078280000000005
0.26687200000000005
0.26329400000000003
0.2401426000000001
0.26718470000000005
0.2310590000000001
0.26006850000000004
0.2976789
0.3021050999999999
0.28730540000000004
0.3232273
0.2332004000000001
0.25197090000000005
0.2674423
0.2597604
0.29318900000000003
0.2977134
0.2863172
0.2801604000000001
0.30242839999999993
0.47105240000000004
0.4787803
0.4755099
0.4763877
0.4767383
0.4733967000000001
0.4778563999999999
0.4787337
0.4793006000000001
0.47850950000000003
0.2832598000000001
0.26113840000000005
0.2848877
0.30658709999999995
0.30404371
0.25522533
0.2486912400000001
0.23759877000000004
0.21982780000000005
0.26331146999999994
0.29806952000000003
0.3328851400000001
0.34499037999999993
0.31845028
0.3165383399999999
0.32038918000000005
0.33472099
0.35129937999999994
0.36797669
0.41914699
0.26406423
0.38774339
0.46984796
0.47555771
0.47689557
0.45942702
0.45727402
0.45729227
0.21114596
0.20599882000000005
0.26158487
0.28974378
0.36830231
0.33159040999999995
0.23450182
0.26964692
0.23125396
0.2235830500000001
0.26457492
0.27070968
0.26986182
0.25533487
0.26751673
0.31227764
0.40176959
0.37922559
0.30156049999999995
0.31838054000000005
0.35577731
0.37641941
0.36852354
0.26649501
0.23067525
0.21772741
0.2076111
0.23394619
0.28591492
0.26833078
0.36635954
0.35527578000000004
0.35859664
0.35234059
0.27222687
0.25376482
0.22301096
0.24322001
0.2473210100000001
0.28111078
0.26101473
0.32299494999999995
0.33133368
0.36017886
0.2440851500000001
0.25274051
0.26928950999999995
0.30754827999999995
0.26226046
0.25104151
0.19918793
0.21364497
0.26872751
0.24893542
0.31080537
0.32194613
0.30270436
0.2698776
0.24330565
0.27988355000000004
0.27092888000000004
0.27219583
0.24880197
0.25700297
0.27209869
0.25564751
0.26578251
0.28366374
0.2810126
0.33421727
0.32878076
0.31139804
0.28355809
0.22918827
0.25337646
0.31377303999999995
0.16313078
0.323327
0.34608249
0.33220686
0.2471305000000001
0.33053494999999994
0.3858714500000001
0.37768149
0.35645243
0.3619459499999999
0.32434795
0.27815822
0.22387951
0.24643972
0.2451879
0.25600309
0.25016327
0.25643523
0.4105073
0.33036252999999993
0.28227986000000005
0.25083204
0.24051499
0.26292118000000003
0.20079536
0.19757051
0.28178113
0.2266725
0.28613831999999995
0.2094726
0.30043665
0.28050778000000004
0.31887783000000003
0.33475978
0.26239988
0.26809692
0.25329679000000005
0.2091068
0.1981157
0.14784897000000002
0.17227874
0.23883078
0.20508983000000008
0.25514626999999995
0.29739832000000005
0.2835826
0.17936097
0.14380505999999998
0.2404016
0.19595264
0.2570583699999999
0.22764265
0.27420879
0.2967916
0.23565588000000004
0.3176436400000001
0.31612860000000004
0.40071932
0.35979455
0.37838332
0.32255765000000003
0.32355532
0.3210464599999999
0.25398183
0.28189274000000003
0.22967201
0.25621662
0.27404228
0.24941424
0.19661775
0.18202297
0.24548270000000005
0.2640225
0.26800423
0.28624132
0.31962156
0.32809855
0.32871228
0.33478146000000003
0.25629073
0.28235869
0.23364215
0.2403126
0.21312396
0.23842369
0.27851241
0.35860195
0.27439334
0.32805518
0.34811595
0.30026531999999995
0.2520986
0.26486754999999995
0.23553674
0.2586926
0.23179551
0.25054360000000003
0.22669210000000006
0.2558233
0.25354164999999995
0.29305937
0.35846395
0.35764095
0.34956418
0.31971786
0.27803327999999994
0.2384835
0.23159951
0.2579917
0.28246446000000003
0.28959451
0.29990704
0.33520467000000004
0.32084762
0.27493875999999995
0.36997353
0.38025004
0.27315409
0.33733544000000004
0.15902964
0.16257883
0.20050065
0.14790392000000002
0.24400451
0.37480104
0.31073813
0.28708308999999993
0.26175536999999993
0.28498523
0.30597032
0.25657246
0.30930455999999995
0.25262765
0.26523765
0.27253640999999995
0.21410265
0.2345917800000001
0.22372997000000008
0.21009492
0.21761083
0.19989774
0.27024646
0.20276788
0.22531617
0.23458772
0.2674497599999999
0.32127631999999995
0.35622522999999995
0.34906513
0.3808610399999999
0.35013114
0.34263917999999993
0.34342146
0.28435369
0.31573078000000004
0.27216374
0.3165367
0.27556051
0.25681969
0.29990550999999993
0.33745332
0.27814667
0.31871637
0.366124
0.30233527
0.30569226999999993
0.30310551
0.31277036
0.2607236
0.21311754
0.23199864
0.27733969
0.27314770000000005
0.3310438599999999
0.30564851
0.28870254999999995
0.31781622
0.30681616
0.34693050000000003
0.40440883
0.28589679
0.33837351
0.28892079
0.32232274
0.34351178
0.34253178
0.21470187
0.27360478
0.29394125
0.27823383999999995
0.24500548
0.22669555
0.24071532
0.29289604
0.3682024
0.30297976
0.30684781999999994
0.25792322
0.3079147199999999
0.3793083799999999
0.39139638
0.3840781099999999
0.37020086
0.4547975
0.40745069
0.37505774
0.26410336999999995
0.22645277
0.24546792
0.35961921
0.25835187
0.22293627000000005
0.32108592
0.31606615
0.18030196
0.17113470000000006
0.14671336999999998
0.15936414000000002
0.17609486
0.17593201
0.18412295
0.25775047
0.27136099
0.2976869099999999
0.31534179
0.33162711999999994
0.29618358999999994
0.27305362
0.23045671
0.25361951999999993
0.23428636
0.23550478
0.23739373
0.25667775
0.31623117
0.28731174000000004
0.25868907
0.23805577
0.23409339999999998
0.23374864
0.29515923
0.2666377
0.21187941
0.23920842
0.25384417
0.26583077000000005
0.25770687000000003
0.24093397
0.23780457
0.26920569
0.24309774
0.22341678
0.2741777
0.27542465
0.2344198700000001
0.20894297000000006
0.20310293
0.18201106
0.23202688000000005
0.2106349200000001
0.24536946
0.24185455
0.25050532
0.26409128
0.27528588
0.24034901
0.15957620000000006
0.16299916
0.18371106
0.18322226000000005
0.20863092
0.19784072
0.40406771
0.41702919
0.18085002
0.16892478000000002
0.19906943
0.36568153
0.27563332
0.1720597
0.12249247000000002
0.1808382
0.18844641000000004
0.19099092
0.20522672
0.20700806
0.13955247
0.17625364000000002
0.18137999
0.35892686
0.23946294
0.32344083
0.2834860799999999
0.29933069999999995
0.29987495
0.32009480999999995
0.32118355
0.26597181
0.29091286999999993
0.25570395999999995
0.21656065
0.25497499
0.2106044
0.25659842
0.32915019
0.32928404999999994
0.27863797
0.35526048000000005
0.30968547
0.18438768000000005
0.20121972000000005
0.21170563000000006
0.23283540000000005
0.25118691
0.22193105
0.27451234
0.31519266999999995
0.31378551000000005
0.32053276
0.31176156
0.2877814
0.30780184
0.2267750500000001
0.23635087
0.2296005700000001
0.2498712
0.22669673
0.23545187
0.22496187
0.21391983
0.21819378
0.20756487
0.2186956800000001
0.19278592000000008
0.22142977000000005
0.17694035
0.17377435000000002
0.21805678
0.23465151
0.2267560100000001
0.23861183
0.28068859999999995
0.36727541
0.38538956
0.28407974
0.25995492
0.26138583
0.29640568999999994
0.26617083
0.28483769999999997
0.24288297
0.23740688
0.25569483
0.25836469
0.23983173
0.26226059999999995
0.21589893
0.18941716
0.20482001
0.1850396
0.17434660000000002
0.24654423
0.23825774
0.26515083
0.27848969
0.29697264
0.30510841
0.26338883
0.27426173
0.25560646
0.22618269
0.23137569
0.27550064
0.30663232
0.29200146
0.29647964000000004
0.3009555099999999
0.30416237
0.32573627999999993
0.31110155
0.32696637
0.2740105
0.24080365
0.24175059999999998
0.23073765
0.2365026
0.24846746
0.27821413
0.27925314
0.28991618
0.29277594999999995
0.29953985999999994
0.28783585999999994
0.26854109
0.24220037
0.23010132
0.17647869
0.21365465
0.19297883
0.22023669
0.25650756
0.26572365
0.28721037
0.29638223
0.23597111
0.2426833
0.19411488
0.18888288
0.20367074
0.27532695
0.26602899
0.27627704
0.28080471999999995
0.26545614
0.2332686
0.33527266999999994
0.28449809
0.2430226
0.24781269
0.2556305
0.23537069
0.26105740999999993
0.25871535999999995
0.22910169
0.18049278
0.12715478
0.31693236
0.28385127
0.32567728
0.29386332000000004
0.20813746
0.20687846
0.25469546
0.29523828
0.2558986
0.28157964
0.29570837
0.30713219
0.33162423
0.37829127
0.3625514200000001
0.30928968999999995
0.29382955
0.29595055
0.29484959
0.33157314
0.37078809
0.376808
0.32727794999999993
0.29895027
0.30570714
0.37268786
0.34709219
0.34167132
0.3017916
0.33525977999999995
0.35241574000000003
0.34638269000000005
0.33281897
0.26231092
0.26285387
0.26559688
0.28267288
0.29428733
0.31647992
0.29979197
0.29782265
0.32320269
0.2892096899999999
0.32940546
0.32372469
0.3355587
0.33573665
0.32302146
0.24775146
0.26672832
0.27049868
0.24708573
0.26157678
0.28963773000000004
0.29796049
0.29275959
0.26962973
0.23961782
0.28002468
0.34743953999999994
0.32731454
0.30121768
0.35046673
0.28571178
0.26878578
0.2451038200000001
0.24560368
0.30775673000000003
0.31145564000000003
0.32368964
0.29076459
0.3613155
0.29122668
0.35517254
0.3863395
0.26137659
0.29560459
0.26211573
0.19697768
0.22386468
0.27870054
0.30279863999999995
0.28610659
0.27519164
0.28228868
0.32755659000000004
0.31060664
0.31413773
0.27200468
0.23977259
0.19818154
0.22420845
0.27735841
0.2486125
0.27150341
0.26506345
0.29398131
0.28091336
0.30071335999999993
0.2651425
0.2852405
0.26284050000000003
0.29234236
0.32055098
0.35912645
0.28784544999999995
0.28921140999999995
0.33203240999999994
0.35501731
0.34839431
0.2899355
0.28563775
0.25835201
0.24768850000000006
0.28879530000000003
0.30245941
0.26211841
0.21929945
0.22748754
0.20910164
0.2502095
0.23727450000000005
0.34573345
0.2795965
0.2736745
0.28863640999999995
0.28369545
0.28516745
0.23688841
0.2368035000000001
0.21965350000000008
0.28993845
0.2960735
0.3226925
0.30169345
0.32264255
0.30919740999999995
0.24945554
0.44560631
0.38584136
0.37098136
0.40210422
0.33618241
0.32210741000000004
0.37375236
0.29934854
0.3742254999999999
0.2982395
0.30279625
0.31420941
0.34510535
0.26659279999999996
0.23013428
0.21654823
0.28010945
0.34127127
0.24165589
0.25447749
0.26399794
0.2885277
0.27170084
0.26770214
0.26595285
0.31826995
0.29589745
0.31263644999999995
0.24919759
0.27764045
0.23822559
0.26749954
0.20618764
0.17025287
0.14823287000000002
0.15117782000000002
0.14687182
0.40861636
0.35237854
0.3618675
0.37158931
0.38032341
0.40678445
0.40777459
0.26142887
0.25464282
0.22663578
0.19751087
0.18047692
0.26413359
0.20437418
0.17543532
0.15379816000000002
0.15823367000000002
0.26303354
0.42737513
0.36556133
0.32606344
0.35111309
0.35356948999999993
0.2392642200000001
0.19987072
0.24860473
0.22158382
0.25332273
0.26510173
0.26299868
0.31044754
0.28492568
0.23724382
0.19659982
0.16991901
0.18638587
0.23473973
0.4675755899999999
0.4693715000000001
0.4462735
0.32048536
0.30188822000000004
0.20663031
0.20174831
0.20426227
0.18540636
0.19480231
0.19996227
0.22964017
0.22442227
0.22926922
0.24040917
0.24768431
0.34273613
0.3376599
0.2940459
0.27350327
0.25869636
0.31511427000000003
0.3182243
0.27496368
0.21595008
0.21325218
0.19094678
0.20070212
0.20884373
0.25202664
0.26115354
0.23237564
0.27144050000000003
0.24231959
0.23989073
0.22964159
0.22415053999999995
0.20656139
0.27132736
0.23400559
0.26773054
0.23590854
0.22633354
0.20321159
0.26666945
0.19964545000000009
0.38966122
0.42521536
0.46856622
0.40300113
0.26699027
0.30167141
0.16182914
0.23955699
0.23088234
0.20828604
0.20679414
0.22226038
0.22086392
0.23231648
0.22378338
0.24815723
0.29296550000000005
0.32272645
0.27321606
0.2492508
0.2280990400000001
0.23199329
0.20073779
0.16698723
0.17585313
0.17399738
0.16710181999999998
0.14908163
0.15646864
0.15075273
0.19108868000000004
0.19790673
0.15816148000000002
0.17252334
0.18631738
0.16631897
0.12670742
0.16606708
0.19102013
0.24000272
0.24882348
0.28279114
0.28260552999999994
0.28974162000000003
0.27751077
0.26213337000000003
0.27336763000000003
0.25195488
0.25811693
0.31236784
0.26028478
0.26428144
0.22933534
0.20656653
0.19334508
0.26034028
0.21145922
0.26780263
0.21574573
0.19744164
0.24439954
0.24556759
0.24103064
0.24059813
0.26447764
0.28390159000000004
0.27514439
0.33150444999999995
0.24111038
0.23982504
0.22818674
0.21103158
0.26928959
0.30277259
0.23266068
0.21320673
0.18519278
0.23479068
0.20625478
0.35171054
0.37760645
0.2733713600000001
0.40699164
0.38714868
0.35963063
0.35241173
0.35625373
0.38242204
0.41638245
0.2826235
0.27010054
0.29493154
0.25540959
0.22398959
0.3261143
0.27027941
0.26925034000000003
0.3959218099999999
0.39591559
0.40105059
0.39739759
0.38806768
0.32642154
0.30380050000000003
0.24060373
0.11711892
0.12515596
0.11986001
0.12100901
0.11086996
0.10250992
0.2343075
0.21877159
0.44609045
0.4238625
0.42374054
0.41139341
0.38455745
0.37783541
0.35731841
0.33448445000000004
0.22863664
0.16629281999999998
0.17409582
0.16988982
0.19687473
0.17479287
0.20790392
0.23085528
0.22202912
0.23631947
0.20587316000000008
0.20718556
0.27043673
0.25292073
0.28634734
0.26029778000000003
0.23450888
0.30189474
0.27010868
0.29010568000000003
0.30267558999999994
0.25056173
0.21833387
0.21665592
0.26196382
0.25113887
0.25242787000000005
0.24144132
0.19790992
0.21365212
0.26410998
0.30958929
0.27274758
0.27284699
0.24475508
0.19915453
0.23771198
0.22718693
0.20674947
0.24541693
0.20562538
0.26558217999999995
0.3657418200000001
0.3724710299999999
0.25594098
0.23907653
0.27535908
0.26490839000000005
0.26465409
0.29360819999999993
0.29369759999999995
0.22619368
0.25809654
0.25398559
0.21910464
0.21057924
0.21997709
0.16934353
0.14630978
0.21134819
0.21338534
0.21491394
0.18569233
0.21046594
0.25513584
0.22854514
0.26173718
0.25834738
0.24260178
0.22700943
0.25691598
0.27024813
0.24150342
0.25347384
0.21817038
0.21226498
0.20209688
0.29641914
0.23823448
0.26308818
0.28482303
0.28519942
0.22992191
0.22764012
0.24828422
0.25745837
0.26417862
0.27153187
0.31425873
0.26161587000000003
0.22985521
0.22011425000000004
0.22505955
0.21471255
0.21376205
0.21960595
0.24724542
0.21478895000000006
0.44022487
0.47025833
0.46659408
0.27800694000000004
0.24571903999999994
0.23581912
0.18016485000000007
0.18850491
0.21696867
0.20975172
0.2289982700000001
0.21704532
0.24321176
0.26267857
0.23433058
0.24899502
0.21776736
0.20419542
0.20236352
0.18255056
0.19988061
0.19737271
0.34126282
0.33096411
0.32956901
0.2091387100000001
0.22974762
0.20589956000000004
0.23903988
0.2082226600000001
0.19304552
0.22110788
0.19799833
0.19575668
0.36397618
0.20674232
0.18033203
0.20499958
0.22107522
0.22023266
0.21984282
0.24821008
0.26078558
0.2504139
0.21504074
0.22228138
0.27120768
0.29544468
0.33148174
0.34938715
0.33780429999999995
0.3092598
0.296033
0.29100814
0.23610138
0.21220034
0.23614764
0.21743888
0.19203718
0.22287422
0.24621512
0.26403803
0.27466802
0.28597722000000003
0.28795752
0.24321467
0.24799267
0.23379707
0.24992242
0.22074497
0.23815468
0.24519982
0.26170278
0.28605508
0.30298723999999994
0.24530153
0.22600231999999995
0.25000148
0.30743628
0.32047153
0.2418663600000001
0.21528342
0.26633328
0.27257669
0.34680694
0.28310718999999995
0.19618408
0.18659678
0.17597257
0.15705787
0.14718241999999998
0.14914202
0.13365472
0.14389926
0.22153024
0.21680424
0.17193203
0.17404648000000006
0.18236797
0.25570267
0.27796387
0.29329712
0.24771501
0.20812577
0.19320291
0.20322786
0.25020978
0.25667042
0.24208506
0.27319602
0.26680297000000003
0.29556062
0.26433576000000003
0.27179286
0.26833162
0.24414846
0.28215177
0.30931692
0.33632468
0.33363213
0.35802451
0.3576095
0.3126379799999999
0.31158297999999995
0.3119166800000001
0.34566754
0.30857764
0.27269753
0.32303953
0.31360638
0.33228441
0.27974578000000005
0.29527378
0.23298322
0.21366772
0.24536388
0.23207372
0.26154028
0.22198822
0.21125687
0.22485677
0.24415037
0.26702307
0.26054202
0.27701073
0.26623373
0.22691807
0.26496932
0.22896112
0.25625117
0.28337053
0.26964302
0.2457641200000001
0.23498118
0.30543744
0.26816162
0.33108938
0.32023378
0.3434909800000001
0.33508753
0.36151898
0.34127408000000004
0.33563698
0.42278829
0.40194308
0.27475602
0.28802963000000004
0.26304888000000004
0.28926332
0.34456272
0.26149053
0.32673009
0.32514489
0.21339147
0.19420142
0.20204642
0.19406402
0.31417233
0.27509286
0.24108301
0.19736396
0.2313988700000001
0.29992373
0.33243698
0.31319008
0.3242898799999999
0.35455738
0.31256778
0.31305149
0.3211819
0.27436868000000003
0.22547482
0.26217211999999995
0.25523016000000004
0.22301451000000005
0.23611156000000005
0.2335696700000001
0.25631597
0.24888928
0.28760958
0.27316788
0.26716793
0.31486024
0.31104437999999995
0.29800968
0.27536592
0.28868598
0.31115884
0.34764138
0.28547938
0.31517803
0.26287197
0.25614246
0.29707013
0.32980608
0.37292793
0.36993543
0.3818736800000001
0.33336283000000005
0.32672632
0.34798433
0.36099998
0.28492292
0.27119291999999995
0.28584648
0.29176818
0.31642718
0.30999173
0.3294987299999999
0.31383869
0.27575043
0.30719308
0.30557564000000004
0.29036337999999995
0.19724452
0.19764452
0.19055302
0.21420003
0.25647224
0.24548959
0.29375084999999995
0.32485554999999994
0.34952485
0.24851122
0.26646174
0.23162343
0.25560048
0.24814204
0.19638872
0.22770158
0.22019252
0.24472138
0.24222288
0.3061184899999999
0.28204284
0.34561624
0.35674659999999997
0.33674884
0.35376655
0.27914664
0.23321908
0.27010518
0.22762973
0.19571977
0.22710947
0.19587822
0.22708928
0.2302812800000001
0.24625663
0.26449704
0.36443939
0.39078059
0.35863514
0.25031034
0.24478642
0.25020532
0.28423008
0.29376057999999994
0.34001859
0.28329542
0.29344912
0.25479641
0.28435187
0.28381087
0.26146101
0.25640126
0.3057931200000001
0.27851116000000004
0.30922377
0.32679537000000003
0.30839535
0.26922256
0.26093205
0.25340945000000004
0.26743501000000003
0.27539701
0.25930122
0.26716081
0.27689737000000003
0.27059307
0.29169922000000004
0.27988922
0.27738973
0.26022112000000003
0.28042662999999995
0.24101472
0.25448782000000003
0.25761186
0.26638296
0.24583492
0.31441238000000005
0.2873597800000001
0.23823812
0.23679052
0.26427138
0.27446482
0.22723317
0.16945225000000005
0.17638575
0.15922424999999998
0.17767231
0.16710172
0.20785437
0.21713061000000008
0.19726366
0.17524332
0.19933982
0.23956748
0.23706697
0.24705157000000005
0.25452762
0.23242852
0.22511537
0.23115252
0.24950003
0.22511822
0.21101937
0.21388462000000005
0.27307368
0.28881964
0.25486482000000005
0.25971067
0.21477632
0.20759392
0.25234828
0.24256178
0.20867657
0.31730484
0.25856612
0.26012244
0.21377943
0.18844878
0.23718708
0.22706628
0.22683458
0.20900233
0.23929403
0.15385166999999994
0.17237082
0.16456897
0.17883157
0.27846143
0.28580778
0.28486273999999995
0.22099787
0.20410762
0.19353147
0.24513184
0.29706308
0.40726601
0.3288397
0.30760100999999995
0.24832934
0.22089913000000005
0.25949973
0.21544467
0.24890663
0.17389617000000002
0.17260132
0.20960722
0.21966718
0.21609168
0.26575208
0.26372088
0.22497377000000005
0.21659042
0.24466993
0.23290133
0.24580133
0.20851127
0.22406587
0.21980482
0.24737427999999995
0.23267253
0.26984633
0.30579948
0.33370058
0.34175967999999995
0.29373534
0.31483664
0.30034498
0.23606633
0.22019423
0.21171258
0.26218134
0.23657313
0.22835708
0.24908858
0.23822483
0.24501544
0.21649588
0.29349395
0.21936193
0.20729398
0.24274804
0.22228158
0.18407577
0.17645377
0.19355808
0.20400873
0.21268818
0.21607703
0.19010543
0.21274118
0.27702688
0.25118109
0.21813098
0.23656078
0.27613988
0.20330504
0.23214569
0.22685862999999995
0.24955428
0.21428718
0.21517883
0.27672964
0.26366568
0.19633888
0.21600848
0.18611993
0.22201114
0.24879884
0.30991325000000003
0.2400638400000001
0.23288829
0.29250598999999994
0.22951788
0.4007304300000001
0.4037579299999999
0.38916288
0.30862199
0.28424934
0.33092941
0.30260554999999995
0.34170864999999995
0.33518671
0.21653064
0.1907076000000001
0.17145502999999998
0.19694163
0.19757393
0.17810578000000002
0.17523978
0.19133028
0.14233602
0.20244873
0.24138909
0.2211557
0.23831544
0.26397819999999994
0.20439434
0.30635124
0.26604354
0.25840854
0.28137359
0.28048173000000004
0.25845963
0.23325278
0.23829732
0.3710095800000001
0.28352828
0.31233543
0.31064073
0.25998348
0.22106937
0.23468718
0.22724688
0.2275611800000001
0.25344228
0.26960518
0.29898932
0.26933717999999995
0.3241210399999999
0.28338073
0.24309408
0.22209212
0.28011622
0.20654352
0.20655387
0.18474206
0.21217152
0.18886832
0.17747192
0.23716627
0.24447946
0.27570817
0.18087032
0.22363593
0.24836268
0.15977692000000002
0.16571541000000006
0.15445977
0.17065062
0.15759357000000002
0.17060432000000006
0.18839752
0.20265616
0.16222605000000004
0.15912656000000006
0.15273335999999998
0.15820012
0.20269252999999995
0.22023583
0.28323983
0.23498972
0.16572576000000006
0.18906818
0.15909816000000002
0.19445881000000004
0.22081958
0.21200782
0.25208277
0.18232292
0.19249412
0.23097198
0.20506022
0.17001797
0.21259043
0.22355363
0.22180348000000005
0.21786458
0.26119018
0.16506886
0.17149736000000002
0.24970167
0.25289032
0.25443738000000005
0.23750824
0.23124788
0.17259952
0.16179152000000002
0.09013031
0.10729161
0.14241503
0.12002976
0.10366735
0.10557215
0.08961984999999999
0.09286504999999998
0.09529865
0.13715281
0.22514242
0.28468918
0.33412533
0.27785927000000005
0.24020107
0.24896102
0.25074122
0.21100342
0.24517432
0.24660115000000005
0.20560745
0.1655969
0.17232750000000002
0.2005416
0.19390465000000004
0.172624
0.20297355
0.21801425
0.24548465
0.26073066
0.21881846
0.22335311000000005
0.23065001
0.20891885
0.26874186
0.28429517000000004
0.25865172
0.2259858200000001
0.1521897
0.1661562
0.15970921000000002
0.15081445000000002
0.14925861
0.16647516
0.15430512
0.21297782
0.22869832
0.20030642
0.1915950200000001
0.20076182000000006
0.16861616
0.14701951000000002
0.14576225
0.1407451
0.13522785
0.1316818
0.14651655
0.14076001000000002
0.12216281
0.17591822
0.26301322
0.28344688
0.25146827
0.18758506
0.15162812
0.20280202
0.28973607
0.23475097
0.23162102
0.25567888
0.25267568
0.23008903
0.26482798
0.31713919999999995
0.31298874000000004
0.28753188
0.27205953
0.21586548
0.22231848
0.20777728
0.13472117
0.22499622
0.20909013
0.18604374
0.20067038000000004
0.23680998
0.21867378
0.22863264
0.18764648
0.15663362
0.12957037
0.11252942000000002
0.12118666
0.09798685
0.12778511
0.26122577
0.20896092
0.21209936
0.20548662000000004
0.24846737
0.24249432
0.26723168
0.27005178
0.29308343000000003
0.23169478
0.21141298
0.22792004
0.13107372
0.18958558
0.17885042999999998
0.17424372000000002
0.13764786000000004
0.17823607000000002
0.18700887
0.15169987
0.18951182000000005
0.19097518
0.26055093999999995
0.23536748
0.20261743
0.17132648
0.17802147
0.13108296
0.12515476
0.13077616
0.15521932
0.14419687
0.17579632
0.15152172
0.14581077
0.09431225
0.12422012
0.14401166999999998
0.17111197
0.15681082000000002
0.20465571
0.19524981
0.20455467
0.15544521
0.18647162
0.17592912000000002
0.16040757
0.18873206
0.15592951000000002
0.15192501000000005
0.20283472
0.19892912
0.20135657
0.23439372
0.21432742
0.19523397
0.25066573000000003
0.25713928
0.20331513
0.14236942
0.14804542
0.16355796
0.18687722
0.16427611
0.24061102
0.18590781000000006
0.18025871
0.23701872
0.29621462
0.27472792
0.20230622
0.23643442
0.26449472
0.22294212
0.25334122
0.26132352000000003
0.25253352
0.27421282
0.26843352
0.22102257
0.25419898
0.21894372
0.21996048
0.19204327
0.23290667
0.28783313
0.26429743
0.28404558
0.36437959
0.3915076400000001
0.36510444
0.37479284
0.21436743
0.17906147999999994
0.18924192
0.18576882
0.18380906
0.19509437
0.25104897
0.40893648
0.27318498
0.27586728000000005
0.26996328
0.20658398
0.14469597999999995
0.15460032999999998
0.27162818
0.32398018
0.33694318
0.34446122999999995
0.27922473
0.19440007
0.16632915999999998
0.20969712
0.31888189
0.33535774
0.27556654
0.26365514
0.28628699
0.23147903
0.23631088
0.25063582
0.23605367
0.16856687
0.16527582
0.19818416
0.20142356000000008
0.23817782
0.22026043
0.24163308
0.21688718
0.25282118
0.19756533
0.18647748
0.22335697
0.15901326
0.19565192
0.21425992
0.18501796
0.21050997
0.22854627
0.19584532
0.21631162
0.13776821
0.15498181
0.14307546000000002
0.15427666
0.16583816
0.18161687
0.17002182000000002
0.19171027
0.17554772
0.16879491000000002
0.18689666
0.20945626
0.24014657
0.19510878000000004
0.27665868
0.23139582
0.18111787
0.17593612000000006
0.21191397
0.23768607
0.22122846
0.20580356
0.2111455200000001
0.21302817
0.23614852
0.19437608
0.28671544
0.21331788
0.21439212
0.21087382
0.23268807
0.17389466999999995
0.24388699
0.14328066
0.16499316999999994
0.14969102
0.18329533
0.18288732
0.19242083
0.36702273
0.4358701
0.40520034
0.30156704
0.28517604
0.23798014
0.13863872
0.15651192000000005
0.17311422999999998
0.19758613
0.20414298
0.21102628
0.22957938
0.24215792
0.33979942
0.31027923
0.33285953
0.29739143999999995
0.26500178
0.27206583
0.24809587
0.30243582
0.35295648
0.33814868
0.30766328
0.3771614899999999
0.31730264
0.26955478000000005
0.25251252
0.24105352
0.26449338
0.29494178
0.26056973000000005
0.27106738
0.23942311
0.22899515
0.22218321
0.29999666
0.31149728
0.28869844
0.28277682000000004
0.21814596000000008
0.20124025
0.18012936
0.14605655
0.20081302
0.25198742
0.17736922
0.17872176999999995
0.20982397
0.23898456
0.20626932
0.21756932
0.23079187
0.19443451
0.18037616
0.20382022
0.21586852
0.21314032
0.2410923700000001
0.23910858
0.25087498
0.23883852
0.28658063
0.26218768000000003
0.23321192
0.20374392
0.20578462
0.17130205
0.17428126
0.18098671
0.24015821
0.23898386
0.24335476
0.23447846
0.24535602
0.20561912
0.26827094
0.27034037
0.24002212
0.22725626
0.23254667
0.26428776000000004
0.29393743
0.27402853
0.24705857
0.27393137
0.27700116
0.23629002
0.21215697000000008
0.17395462
0.21751168
0.18132927
0.19458092
0.18216182000000009
0.21964717
0.21844277
0.30011607
0.24547512
0.27188398
0.27142738
0.25174678
0.18055817
0.2579589800000001
0.30050709
0.26032914
0.25990374
0.28444589
0.19488992
0.16424437
0.17718302
0.15109031999999994
0.13773815999999994
0.14355890999999998
0.17283085999999998
0.19969422
0.26242237
0.29688294
0.30503173999999994
0.31270480999999994
0.28234619
0.24510544
0.16471402
0.22284618
0.16849437
0.18984717
0.21571102
0.2066815800000001
0.20153403
0.21862963
0.27550473
0.25377187
0.22547959
0.26677928999999995
0.28308624
0.28286464
0.27627073
0.27104373
0.22261407
0.19031007000000005
0.13869777
0.16556891
0.19061912
0.19266832
0.21650716
0.21509427
0.20113317
0.22714436
0.18742471
0.18914506
0.17560486000000006
0.19900202000000008
0.17896386
0.21388236
0.22800227
0.2258633700000001
0.20851892
0.21829426
0.18207231
0.24423452000000004
0.29114608
0.23446887
0.24034617
0.16062586000000004
0.22021582
0.20646882
0.22662827
0.22586212
0.24103433
0.29466942
0.26119902
0.22211162
0.23537568
0.21956432
0.22422792
0.17167238
0.20234272
0.18343362
0.19880252
0.16320766999999994
0.21479903
0.22663714
0.24618699
0.25257408
0.2626193
0.24317234
0.21258452000000005
0.23355612
0.18959017
0.21065322
0.22701102
0.27717332
0.29269843
0.28081018
0.18686277
0.20267158
0.19223842
0.19121677000000006
0.23305868
0.36106497
0.35991436
0.4367718199999999
0.30026678
0.19404007
0.14529986000000006
0.20316122
0.11562847
0.10719870000000001
0.18007897
0.15044962
0.19073608
0.25466639
0.33461254
0.29111322999999995
0.25626863
0.27943558
0.27644882000000004
0.29768714
0.26764627
0.30203397
0.26795274
0.26383799
0.18985054
0.20830088
0.24727768
0.20786038
0.29446208
0.31044003000000003
0.36174177
0.28395112
0.24464127
0.24072942
0.27661092
0.26764952
0.18560482
0.19636147000000004
0.24262743
0.19678962
0.23732677
0.25156827
0.27732418
0.29929503
0.22208757
0.22595036
0.25585237
0.22872462
0.19599922
0.21663806
0.22447531
0.24047171
0.28787236
0.2327335100000001
0.18445316
0.21394692
0.27594151999999994
0.23393942
0.21969257
0.22132573
0.2291458700000001
0.20320122
0.19486286000000005
0.17001621000000006
0.19185661
0.21298546
0.18606731
0.25935087
0.19779496
0.26929398000000004
0.26363267999999995
0.28985659
0.31135924
0.19653899
0.21787158
0.20081178
0.22392478
0.20679978
0.26677168
0.26814864
0.21424968
0.23767568
0.24364764
0.26171673
0.24129478
0.19824068
0.18839018
0.29888364
0.27554273
0.25582373
0.27946773
0.28180781999999993
0.25320978
0.21480727
0.27343407000000003
0.23399532
0.26252408
0.30443054
0.30802763999999994
0.29286968
0.29318573
0.24806464
0.29381964
0.25290859
0.3031016400000001
0.25847864
0.25105568
0.19027618
0.19190487
0.2250246800000001
0.27161588
0.27666138999999995
0.29251624
0.35264359
0.36512154
0.36558239
0.29980503
0.23270023
0.20864692
0.20985892
0.20485692
0.21187087
0.22574087
0.21439892
0.21732172
0.20533842
0.19933731
0.19003866
0.19854946
0.22923212
0.21140017
0.23604092
0.23459281000000004
0.18283366
0.20890452
0.23224982
0.23017252000000005
0.29744618
0.24886551
0.25582646
0.25999672
0.27548482
0.3041381200000001
0.24496936
0.21833516
0.25793316
0.25865072
0.25534787
0.26340307
0.25579872000000003
0.24514867
0.18897436
0.22718122
0.23899562
0.22949152
0.22031262
0.17754246
0.18799442
0.23132652
0.19190112
0.21889212
0.33247024
0.28129234000000003
0.30363874
0.29209893
0.24050228
0.21678042000000008
0.14689847999999994
0.19552293
0.23531653
0.26531892
0.27288838
0.29894938
0.30497663
0.30473958999999995
0.31838469
0.31447973
0.30881688
0.31365924
0.29880613
0.29576792
0.28108973
0.22361007
0.24939088
0.21421018000000008
0.23917178
0.29411557999999993
0.32731784
0.27578373
0.30546314
0.29141758
0.30613099
0.30457239
0.22088008
0.21098598
0.18638068
0.28537324000000003
0.22685363
0.17192267000000006
0.12115511
0.12918182
0.17994508
0.26681419999999995
0.21680858
0.22138508
0.21681872
0.22833007
0.25840914000000004
0.22358043
0.3166137299999999
0.23896322
0.19157982
0.22602568
0.20572684
0.21406064
0.20303259
0.18177143000000004
0.20436102
0.22953312
0.22056322
0.20588056
0.18992176
0.20246256
0.20398262
0.25054502
0.21643226
0.24201905
0.19861815
0.24602922
0.16222202000000002
0.14506257000000006
0.17324737999999998
0.16365112
0.25290748
0.28130782
0.2684887799999999
0.28400473
0.31258763999999994
0.25951573
0.23645438
0.24104002
0.21315587
0.25277048
0.26747953
0.22059358
0.22128678
0.20582747
0.21498692000000005
0.22195473
0.24191978
0.29198068
0.23773924
0.17572474
0.16088358
0.20553231
0.16958610000000002
0.21704084
0.30981615999999995
0.16208904
0.14528862999999995
0.15724859000000002
0.14841147999999998
0.16911728
0.17452662
0.20940648
0.21107128
0.20441538
0.20088728
0.22606847
0.20683184
0.19815624
0.29119629999999996
0.2734745999999999
0.24518824
0.22024159
0.25699054
0.22356674
0.18892934
0.21275519
0.14171128000000002
0.20323699
0.16762228
0.18717258
0.22450489
0.2536453
0.3122015
0.22713628
0.23500394
0.2374870000000001
0.3133156
0.22920089
0.25973514000000003
0.16669624
0.19253424
0.38798278
0.39999194
0.3960489899999999
0.23646063
0.16269103999999998
0.16396887999999998
0.16186199
0.21570761
0.23441206
0.24510605
0.27412284
0.30600999999999995
0.35190099
0.3278907400000001
0.28012578000000005
0.24837413
0.30565194
0.28386069
0.28381434
0.27103819
0.21449713
0.22034422
0.24927197
0.17883046000000002
0.2314932700000001
0.40158003
0.32942802
0.25244102
0.18408897
0.23906068
0.22139688
0.20193253
0.23736228
0.30173148
0.36918528
0.3682101800000001
0.38158298
0.27529882
0.24543896
0.1958881100000001
0.21183871
0.23019566
0.19265576
0.22170466
0.24397597
0.22703382
0.26856658
0.26528833
0.22526872
0.20474002
0.22384848
0.22444768
0.30556103
0.27338367
0.22432828
0.21381628
0.21752576000000004
0.20744556
0.22810947
0.19585442000000008
0.27529168000000004
0.31453457999999995
0.24461872
0.29179481999999995
0.25446701
0.22671097
0.25213051000000003
0.26461312
0.18487592
0.18027485000000004
0.19508231
0.21186686
0.24633126
0.24785613
0.19242382
0.22506798
0.24761414
0.20449888
0.19177678
0.18121038
0.21683828
0.25184737999999995
0.17054381999999998
0.21080807
0.24419497
0.28397347
0.27424467
0.25592688
0.32083054
0.35835708000000005
0.31676878
0.30151373
0.19652887
0.16749041
0.18985351
0.17045051
0.16685131
0.14287385000000002
0.15047405000000005
0.17375596
0.20552492
0.25711382
0.28353568
0.28719947999999995
0.25422248
0.22534648
0.23269737999999995
0.22947623
0.20974282
0.31261578
0.31520598
0.31403018
0.26933908
0.24084493000000004
0.20279217
0.20667892
0.20764192
0.23095282
0.24779978
0.21609396000000008
0.20758211
0.22617596
0.20656305000000005
0.20248096
0.25108896
0.24018267
0.27972082
0.28910582
0.25168882
0.24923282
0.26652578
0.30291073
0.29616473
0.3015258200000001
0.27436382000000004
0.26425926
0.25437302
0.26757622
0.28584632
0.31804578
0.26432352
0.31425778
0.28521182
0.26863292
0.27636992000000005
0.26023596
0.25352072000000003
0.23726766
0.24477576
0.25079778
0.23724652
0.20938831
0.21451616
0.2098413100000001
0.22753017
0.2368941300000001
0.28920474
0.31056159
0.32842044
0.38556309
0.36704303
0.37299534
0.31985409
0.21069848
0.22072922
0.27966798
0.26901772
0.30322638
0.22832717
0.29738088
0.30387578000000004
0.31400968
0.32379961999999995
0.27335587
0.23993672
0.22654822
0.26738978
0.21568822
0.23991017
0.25602542
0.24227837
0.23888387
0.27575682
0.25135606
0.26290652
0.29888297
0.30910782000000003
0.26327638000000003
0.31515638
0.3224009
0.35918664
0.27332029
0.22733312
0.19298272
0.17318981
0.18684552
0.23292262
0.27934672
0.32413719
0.32138029
0.35755549000000003
0.36764959
0.35692259000000004
0.34338964000000005
0.23056113
0.22121422
0.22259647
0.20994298000000008
0.18656882
0.24255502
0.2168818700000001
0.17520847999999994
0.20315813
0.24578598000000004
0.27630894
0.29632275
0.19874548000000009
0.15595207999999994
0.15153348
0.17262377999999998
0.25286964
0.28358053999999994
0.25477228
0.16797938
0.15328857
0.26103058
0.2411208399999999
0.21856639
0.24151008
0.24300918
0.38405064
0.3787242400000001
0.35720813
0.30883902
0.33690573
0.32167778
0.23974534
0.22413447999999994
0.2825850299999999
0.23278988
0.24545387
0.21435982
0.21643722
0.19241022
0.2313004300000001
0.2746788400000001
0.30677609
0.26903604000000003
0.27093363000000004
0.24482773
0.27420842999999995
0.30483068
0.27305277999999994
0.24169382
0.24693422
0.23543837
0.22073626
0.20046766
0.21771837
0.32599753000000004
0.30976568
0.34516673
0.29787973
0.2839437300000001
0.26541092
0.24027137
0.27051198
0.21847908
0.22827472
0.29434973
0.25748287
0.26257682
0.18296236
0.27002178
0.23874753
0.33374359000000003
0.33208554
0.28245859
0.26696664000000003
0.23750923
0.31250198
0.28563508
0.30516538
0.3247874799999999
0.39528462
0.33995228
0.25629648
0.31717659
0.25777318
0.30227408
0.20184573
0.22554893
0.21308038
0.23607413
0.20459477999999995
0.29005778
0.24145922
0.25222782000000005
0.29841757
0.29933992
0.3391472300000001
0.4164360799999999
0.41462472
0.44378192
0.42104887
0.46791176
0.45689257
0.37636768
0.25934888
0.27884568
0.3299003199999999
0.26770597
0.31788437
0.33689544
0.30322158
0.28121707999999995
0.28870482000000003
0.30904358
0.21428376
0.27225253
0.32418144
0.24325874
0.23685114
0.23096073
0.23671552
0.26497488
0.27837943
0.32687819
0.3570428
0.35807833999999994
0.34699288999999994
0.30748183999999995
0.32969669999999995
0.29808848999999993
0.30329242999999995
0.33033262
0.30553666999999995
0.21790827
0.22004047
0.23224118
0.2712044200000001
0.27508168
0.23418452
0.29840814000000004
0.29254503
0.2669497200000001
0.26357212
0.2102749200000001
0.21218973
0.20012609
0.16641773
0.2275418200000001
0.21046917
0.1845749200000001
0.34619658000000003
0.35898783
0.34288338
0.39507373
0.3915576199999999
0.37790108
0.38326673
0.29335613
0.27361097
0.32536798
0.32377053
0.21075462
0.23583437
0.28674942
0.28302616
0.36292822
0.31352658
0.28092652
0.26427893
0.27850207999999993
0.30198214
0.24424588
0.25395478000000005
0.26276022
0.23038577
0.30139688000000003
0.30110863
0.18370492
0.22299628
0.31696054
0.31332829
0.28232883
0.26205604
0.27547844
0.29601893
0.28007267
0.27208587
0.30293988
0.30233147000000005
0.27964247000000003
0.26051192
0.25458236
0.25318792
0.24922992
0.26416082
0.25562816
0.28149926000000003
0.3047524600000001
0.27403161000000004
0.30371747000000004
0.35022578000000004
0.34118987
0.35073042
0.27581256
0.26047671
0.24034376000000005
0.23137776000000004
0.22071882
0.27684218
0.28651647
0.26722512000000004
0.26002757000000004
0.27349547
0.23862438
0.21874917
0.24844032
0.22798058
0.2289049300000001
0.21861353
0.22787556
0.24713072000000005
0.28396548
0.26038273999999995
0.21809688
0.2297483300000001
0.20975064
0.25263279
0.22073968
0.19726398
0.22996778
0.22662278
0.22248083
0.21247558
0.14254548000000006
0.19746448
0.21092052000000008
0.24667978
0.26931967999999995
0.26632613999999993
0.27147478
0.26922368
0.30416002
0.23850666
0.23521056
0.25016767
0.2766184200000001
0.25051102000000003
0.23874846
0.23801092
0.26191598
0.26527868
0.28128058
0.30165268
0.32890768
0.3263596399999999
0.30196537999999995
0.31377913
0.27178293
0.29077273000000003
0.26649477999999993
0.28705428
0.28826759
0.26000577
0.30100412
0.24428602
0.22833492
0.24608203
0.24285483
0.30288034
0.2698977300000001
0.29659808000000004
0.31062219
0.28538854
0.31435440000000003
0.30587419
0.23087714
0.18668143999999995
0.14657078
0.15689653999999995
0.18557159
0.16645654000000004
0.13074538
0.15753496999999994
0.20593727999999994
0.19788158
0.19693664
0.26898854
0.22262864
0.25006068
0.29119354000000003
0.3149477299999999
0.26404978
0.23023982
0.23416387
0.23792968
0.18918068
0.18270673
0.21311968
0.22161722
0.22202102
0.23726596
0.22053196
0.2215900100000001
0.21702696
0.21441782
0.25808278
0.25721378
0.24953282
0.23277887
0.26470973
0.22835078
0.23908682
0.27946568
0.27736882
0.2964009200000001
0.24818427
0.22012492000000008
0.24257587000000005
0.24917682
0.24652678
0.24365982000000005
0.24685882
0.23004292
0.24719287
0.22791792
0.24391792
0.21184195000000008
0.25237876000000004
0.22807501
0.23645492
0.23911487
0.27835187
0.26466532
0.26415898
0.23944792
0.26432592000000005
0.29672273
0.31743673
0.30624142
0.26745672
0.22991318
0.22770248
0.29236188
0.28720972
0.31502987
0.30968673
0.23613092
0.27974878000000003
0.28922287
0.27716578000000003
0.27688382
0.30014773
0.26770187
0.26060392000000004
0.23667301
0.27166692
0.24560392
0.27939027000000005
0.31904582000000004
0.33579763999999995
0.30545678000000004
0.37690364
0.30670082000000004
0.29080886999999994
0.29698872
0.31746993
0.34616772999999995
0.34137873
0.18591992
0.28027582
0.19422202
0.21404227
0.28241186
0.14484402
0.17681467
0.16114846000000005
0.17010851000000002
0.22883066
0.25026842000000005
0.16416187
0.16947797
0.22846472000000004
0.25600578
0.33449573
0.32793882
0.34323308
0.29650291999999995
0.32042937000000005
0.32165412
0.32232118
0.32156958
0.34662163999999995
0.34075968
0.28072568000000003
0.29097378
0.29077552
0.27345812
0.23882981
0.17587801000000006
0.24306876
0.23396605000000004
0.23911801
0.22531936
0.1999285600000001
0.23926997000000005
0.18518052
0.23567687
0.28211277999999995
0.28855482
0.27984687
0.2727886800000001
0.2750248200000001
0.2828403600000001
0.30193087
0.24473296
0.23747892
0.17920391000000002
0.21447196
0.36856182
0.35077587
0.33416082
0.35735578
0.34124087000000003
0.32695492000000004
0.32701387000000004
0.32463378
0.32793982
0.31756522
0.3230553700000001
0.33645282
0.35819882000000003
0.24089582
0.28898792
0.31991582
0.25402976000000005
0.15528762
0.20098692
0.21547792
0.16516396
0.22061287
0.22596987
0.22139587
0.2612123799999999
0.24790017
0.26719682
0.33646268
0.28846958999999994
0.22613559
0.22381738
0.15178587000000002
0.24168082000000005
0.20851087
0.23712887
0.19865848
0.20846647
0.20013327
0.22821272
0.25384087
0.30285792
0.28227722000000005
0.30856933
0.3243102399999999
0.32429704000000004
0.2844649
0.25079544
0.19794073
0.21193687
0.19489696000000006
0.31603878
0.32273278
0.33894678
0.23882873
0.24531048
0.21659178
0.24589578
0.20880272
0.21116097
0.18087842000000004
0.21284582
0.24043387
0.25332187
0.27250473
0.2697718200000001
0.25875502
0.26897111999999995
0.24232382
0.25176601000000004
0.22901401
0.27806101
0.27738231
0.29739481999999995
0.21422496
0.25586196
0.26798696
0.30747987000000004
0.29258842
0.30125662000000003
0.29912542000000003
0.30129996
0.28962192000000003
0.28604636
0.29020491000000004
0.27986121
0.26214361
0.27181276
0.40942687
0.43216868
0.32121484
0.30679882
0.31371392
0.30071252
0.28266901
0.28431561
0.28563396
0.29413422
0.28249696
0.25812087
0.27251087
0.2703315600000001
0.31027323
0.32906663
0.3005938300000001
0.30018613
0.29235587
0.30860878
0.26455166
0.25237392000000003
0.26130612000000003
0.28657702
0.27671322
0.31877366
0.27848387
0.27970672
0.32464582
0.30002667999999993
0.33431888
0.32677568
0.30400578
0.29106602
0.32447177999999993
0.31003782
0.24531117
0.24994402
0.29239478
0.27910566
0.25689586000000003
0.29505192
0.32964678
0.26268778000000004
0.30031368
0.30246959
0.23947753
0.21869082000000006
0.23529847
0.22477478000000006
0.25604464
0.2822615900000001
0.23590628
0.2574173200000001
0.29185198
0.3056006799999999
0.33701172999999995
0.30925073000000003
0.34888773
0.2742488200000001
0.21850882
0.19502678
0.20440787
0.18638592000000004
0.18600096
0.20069352
0.25185064
0.25398054
0.20181068
0.16629782
0.19379987
0.21816378
0.23159682
0.21183832
0.19045327
0.17794581999999995
0.21607637
0.22645382
0.30850973000000004
0.2881667299999999
0.28689998
0.28586032
0.30793682
0.28495087
0.25891662
0.28152452
0.29263088
0.3618896800000001
0.32793418
0.30587477
0.31513378
0.29552982000000005
0.27335378
0.2695288200000001
0.31709982
0.32562078
0.33215643
0.3058662200000001
0.32869942
0.26444287000000005
0.25435517
0.24462102
0.27742887
0.29226978
0.33201673
0.24154187
0.21769352000000008
0.23003942
0.22596142
0.20649352
0.25610103999999995
0.34653978
0.28112338
0.2949560799999999
0.21338962
0.23192137
0.24174602
0.23217787
0.32369763999999995
0.29549364
0.25755387
0.22978447
0.25017207
0.23235607
0.2273564200000001
0.21903808
0.21647366
0.27743572999999994
0.26586159
0.32325954
0.31659836
0.27627945
0.18619473
0.21398318
0.18003787000000002
0.18521582
0.16373778
0.21157059
0.24227664
0.19473964
0.23935873
0.27315859000000003
0.27024482000000005
0.28602378
0.30133478
0.40010273
0.36277878
0.2834197299999999
0.24321278
0.20835078
0.23197182
0.18196742
0.24394208
0.25368257
0.14000396
0.14945951999999998
0.13440162
0.14548041
0.20125387
0.16773742
0.24439022000000005
0.29145403000000003
0.26388718
0.2555294300000001
0.25088473
0.22715603
0.16267894
0.23528154
0.27992484999999995
0.26989354
0.26145645
0.26970641
0.2753935
0.24144036
0.28535036
0.2552705
0.23514859
0.27471045
0.29493136
0.27694235999999994
0.30878627000000003
0.28300341
0.24254341
0.26321341
0.22387115
0.24469345
0.20988850000000006
0.24812645000000005
0.26596045
0.3428224999999999
0.31212625999999993
0.31564637
0.30841541
0.30020445
0.27563144999999994
0.26476459
0.26353559
0.26300159
0.25084164000000003
0.25077264
0.23876873
0.23830754
0.26095354
0.29733445
0.31337241
0.29509729999999995
0.26540154
0.24053859
0.22405968
0.23987064
0.26007954
0.23782350000000005
0.2658995000000001
0.23458659
0.27417164
0.23206824
0.21135973
0.24516364
0.27291764
0.30248054
0.24361664
0.19453664
0.15712273
0.17186178000000002
0.16535672999999998
0.27103158999999993
0.20886073
0.24651364
0.23165764
0.28678754
0.29800759000000004
0.26736472999999994
0.23863787
0.23626682
0.22759082
0.20066892
0.22775882
0.29513792
0.24948392000000005
0.21525111
0.24581087
0.31820968
0.24658187
0.30918978
0.28464273
0.27925668000000003
0.3287062399999999
0.3579245
0.3367395
0.25978745000000003
0.19413442
0.20039862
0.2252154200000001
0.20683252
0.18258541
0.22029992
0.23110187
0.28722678
0.30818581999999994
0.3378486800000001
0.29836573
0.29048468
0.24806037
0.24921288000000005
0.24707502
0.25596356
0.26706092
0.24992187
0.23143987
0.2441058200000001
0.24526092
0.28817087
0.25505157999999994
0.25862122
0.24354787
0.22459787
0.23443982
0.23763082
0.22350987
0.21956392
0.19845682
0.26399992
0.22995782
0.22637992
0.23364182
0.2277997800000001
0.25913596
0.26333297
0.24113712
0.23551406000000005
0.25441987
0.29426381999999995
0.25314882
0.24605192
0.25980187
0.25901478
0.23966392
0.26960726
0.26045196
0.28713196
0.27392641999999995
0.29363087000000004
0.29198387
0.26638892
0.25754196
0.21321606
0.24958982
0.25630487
0.26215792
0.25723392
0.22688578
0.21306178
0.24268978
0.18543092
0.25365582000000003
0.26249278
0.24647963
0.26348512
0.2628788200000001
0.26451978
0.3197355899999999
0.32797664000000004
0.26971863999999995
0.25011868
0.24407378
0.2890398200000001
0.28771882000000004
0.28121782
0.2440182800000001
0.1965649700000001
0.24858282
0.25807942
0.2361138200000001
0.25186882
0.33286672999999994
0.29083948
0.30141372999999994
0.32677268000000004
0.31502972999999995
0.26732072999999995
0.2393878700000001
0.22207496
0.29846582
0.20706582
0.23863973
0.20997492
0.21193682000000005
0.23619387
0.24912187
0.27488487
0.26996896000000004
0.26850387
0.27729282
0.24971992
0.27664682
0.21122278
0.21147078
0.23873973
0.23559978
0.23564868000000005
0.23340967999999995
0.24642159
0.27865364
0.28991373
0.29248368
0.27692068
0.3241206400000001
0.35383668
0.31544483
0.28459378
0.24221787
0.23836682
0.19009396
0.16714996
0.20587292
0.21160412
0.23066196000000005
0.16020656
0.19024202
0.19738068
0.18449687
0.24411167
0.24626482
0.21356496
0.22971592
0.20347701
0.1804447
0.22116605
0.20294905
0.24320587
0.26242717
0.20477121
0.21367905
0.21589901
0.21253696
0.21277973
0.19700287
0.14434705
0.16105396
0.24349473
0.2955676399999999
0.27275777999999995
0.30911672999999995
0.27129978
0.23393787000000005
0.24073878
0.23626577
0.23705792
0.19291396
0.20382787
0.21945396
0.22547896
0.17512141
0.22605192
0.15267905
0.15409801
0.23214992
0.27092992
0.26135392
0.26761778
0.27308282
0.25834068
0.25686759
0.25649764
0.23838473
0.21624278000000005
0.20067978
0.22046578
0.24443378
0.21730782
0.25808482
0.24285887
0.23672722
0.23629936
0.27652187
0.25357591999999995
0.19238496
0.29821163
0.28720778
0.27910273
0.28769768
0.19973387
0.21355398
0.27481073
0.28357187
0.25381592000000003
0.25137101
0.25288601
0.22096409999999994
0.22859901
0.27522992
0.27621492000000003
0.25873196
0.27412482
0.32985173
0.25818182
0.1917919200000001
0.27719682
0.25409601000000004
0.20275627
0.16598592
0.20059678
0.26262073
0.26169792000000003
0.29284878
0.2681577800000001
0.24165687
0.20144896
0.21486796
0.21284396
0.20053796000000004
0.24184787
0.2376659200000001
0.19765076000000004
0.37002592
0.28785696
0.20600896
0.25402677999999995
0.31091573
0.26599182
0.23930982
0.22467692
0.20761687
0.25499282
0.21576401
0.18002505000000002
0.18823596
0.27141087
0.20358596
0.18212751
0.27250601
0.19072701
0.20435896
0.20357201
0.22759682
0.23104506
0.35046867000000004
0.31631892
0.17211001
0.17627105
0.20575401
0.23653687
0.23170657
0.20622146
0.19161006
0.24895296
0.22232692
0.28407678
0.27988178
0.24711487
0.19960896
0.25798396
0.24693992
0.22617087
0.22907996000000005
0.24643347
0.23294772
0.21245092
0.22848787
0.2827046400000001
0.30911463999999994
0.24750473
0.25610872999999995
0.17881582
0.3312445
0.26672978
0.30986963999999995
0.19921283000000006
0.24000978
0.29262464000000005
0.28328073000000004
0.25118182
0.24720382000000005
0.19899978
0.21847973
0.24633778
0.27479178000000004
0.22316692000000005
0.19959196
0.26742491999999995
0.21692301
0.22561365000000005
0.2426332
0.23590055
0.23976301
0.26405092
0.26127096000000005
0.25895087
0.30810173
0.28820787
0.26912466999999995
0.24996496
0.24580492
0.29783492
0.29696005
0.31716892
0.25548992
0.25481992000000003
0.25792087
0.25476692
0.29278773
0.23345921
0.24566916
0.30300718000000004
0.32280787
0.22608478
0.24228296
0.20800296
0.20689296
0.18792196
0.19498562
0.18806105000000006
0.20177792
0.23035942
0.24241787
0.22032512
0.26023282
0.24202978
0.24900482
0.25505182000000004
0.24097682
0.21931492
0.22436282
0.27990878
0.28842878
0.26391542
0.28152513
0.27186223
0.25670587
0.25269782
0.24943982
0.26915973
0.2308651200000001
0.25008287
0.22832792
0.24109082
0.24896982
0.27527478
0.29224587
0.28537082
0.24248663999999995
0.28575264
0.33174064000000003
0.32728668
0.31134692
0.28449796
0.28227092000000004
0.27842192
0.30016687
0.28276887
0.2784858700000001
0.27940786999999995
0.28955858
0.29024793
0.35128964
0.29414278000000005
0.32997478
0.36346654
0.22207873
0.26385073000000003
0.27787168
0.30953273
0.3310667799999999
0.31378973000000004
0.30670168
0.34055278000000005
0.27826167
0.30070068000000005
0.29783878
0.29215968
0.28342459
0.26683358999999995
0.29841134
0.26740867999999995
0.28463178
0.32420373
0.33031767999999995
0.32472268
0.30607173
0.29802668
0.30107078
0.33232764
0.34418941000000003
0.2948625
0.27133467999999994
0.22236573
0.24848164
0.27477259
0.24763464
0.25355173000000003
0.27409987
0.27904182
0.2274297200000001
0.17151812000000002
0.19315726000000005
0.18866792
0.18343092000000005
0.18350787
0.25652682
0.19562487
0.14652765000000004
0.17968671
0.18787001
0.19379292
0.22728682
0.25771582
0.19972342
0.24112982
0.19493887
0.22979792
0.24168192
0.22551892
0.22868092
0.24657687
0.28712178000000005
0.25369878
0.26048773
0.27276954
0.33599859
0.3290860800000001
0.32173722000000005
0.3243889200000001
0.32024187
0.27965187
0.26812387
0.24874457000000005
0.24834671
0.25730496
0.31172092
0.26475076000000003
0.28249196
0.23231796
0.28403687
0.27882782
0.30606287
0.13417982
0.18195592
0.12360692
0.10542401
0.11145396
0.11604905
0.12215905
0.10400685
0.10421305
0.0940961
0.39028501
0.35900196
0.46480864
0.45416873
0.44549168
0.43061128
0.39234364
0.45085079
0.43546448
0.43297193
0.44291882
0.42652468
0.31389678
0.07329297000000001
0.06311622
0.07884787
0.34404787
0.40068192
0.11236282
0.42902007
0.43083722
0.42860617
0.26894867
0.45575287
0.46276987
0.37450887
0.40839282
0.29790187
0.30608392
0.15037101
0.12015626
0.07214996
0.11713073
0.3547757300000001
0.45626264
0.4537177299999999
0.46290273
0.47363778
0.47149868
0.46842764
0.47691468
0.42412864
0.28365664
0.48092073
0.47203154
0.4505445
0.29880877999999994
0.45634173
0.47531759
0.47371068
0.47247664
0.47120273
0.45320528
0.19897982000000008
0.46402982
0.43366408
0.2747615800000001
0.44793693
0.46840838
0.46734629
0.46994559
0.4694336800000001
0.4693036800000001
0.29554277999999995
0.33645277999999995
0.46356573
0.41153478
0.3429368700000001
0.4756565900000001
0.47241368
0.47530664
0.47210768
0.47437354
0.47096173
0.20670087
0.4722207799999999
0.43642482
0.36659382
0.47541678
0.47957973
0.47690973
0.47467668
0.47407368
0.4764578199999999
0.35249673000000004
0.37609408
0.47704357
0.42639538
0.32571852
0.4667567300000001
0.47456723
0.4727966400000001
0.47229454
0.46218859
0.4568188200000001
0.29651373000000003
0.48038378
0.41797068
0.32028568
0.43927768
0.47113159
0.46434273
0.47429773
0.47472673
0.47193968
0.28349296
0.16855454
0.32504782000000004
0.33482573
0.33732287000000005
0.23956678
0.08502791999999999
0.10506042000000004
0.14107483
0.22601164
0.18988794
0.20769668
0.11744818
0.08220156
0.07723112000000001
0.024938750000000003
0.02151234
0.035932599999999995
0.02100514
0.033522199999999995
0.10357767
0.12980798
0.46107029
0.46670018
0.45734215
0.19247882
0.08768386
0.08637698999999999
0.08057253
0.08939223
0.09490938
0.10348113
0.11120523
0.10485033
0.08694662
0.07745122000000003
0.09951128
0.11977297999999995
0.12261702999999995
0.09626342000000004
0.10234742
0.06037875999999999
0.05598112
0.05431182
0.08108552
0.21235612
0.33805752
0.19690222000000004
0.11760718
0.11186603
0.11822557
0.07292696
0.03859795
0.04095995
0.04574979999999999
0.05443561
0.46600161
0.45610005
0.40229216
0.40376813
0.29439354
0.36490615
0.30641644999999995
0.20730844
0.11113884
0.11120944
0.29553311000000004
0.14025240000000005
0.11612564000000004
0.10358068
0.09439533
0.09674557
0.10702572
0.12958808
0.11355938
0.11581048000000002
0.13441499
0.13753484
0.14971994
0.14439794
0.14137599
0.13418987999999998
0.12999523
0.12551794
0.12721343000000002
0.12504403
0.11010762000000003
0.11271342
0.12541548000000002
0.11360233
0.08296132
0.10447862
0.10020282
0.052902670000000006
0.04364692
0.05623367
0.04788797
0.05637448000000001
0.05393948000000001
0.04208872
0.09689077
0.13444222
0.15883938
0.07618047
0.07141572
0.06577677
0.07174291999999999
0.10548252
0.09294772
0.10941333
0.14424599
0.14594759000000002
0.15866033000000002
0.19593978
0.14317503
0.11713532
0.13836762
0.14215808000000002
0.10651528
0.09633128
0.16089228
0.17926518000000002
0.08381022999999999
0.08600528000000003
0.10193428000000004
0.09373542
0.16236722999999995
0.29901873
0.40659878
0.3942007799999999
0.4361478200000001
0.38181278
0.42010678
0.42268259
0.36662878
0.45330282
0.42454273
0.45046054
0.42321954
0.45464045
0.33801145
0.26216741
0.30806059
0.28100659
0.28264954
0.30805554
0.30690863999999995
0.31630754
0.20608659
0.11887077999999998
0.07215520999999997
0.08201823999999999
0.04657198000000001
0.08982302999999997
0.07404811
0.12015636000000005
0.16611216
0.28724885
0.29180315
0.27974513
0.26922717
0.26509809
0.16225778
0.24979864000000004
0.42063654
0.37330124
0.19967379
0.28211798
0.37950704
0.4424466300000001
0.4044968199999999
0.24887795000000004
0.16001436
0.16589236000000002
0.2113116
0.35875742
0.35132265
0.31484855
0.42394508
0.4401910399999999
0.26266922
0.26035032
0.4184950399999999
0.41643404
0.27773637
0.20319532
0.37909234
0.3581345
0.25521211
0.39743651
0.40217163
0.34893532000000005
0.2873590999999999
0.3678522
0.34575434000000005
0.30012501
0.43194269999999996
0.31678357
0.20565133000000005
0.26989185
0.29528327
0.38080141
0.20732888
0.18599178
0.29776737
0.47410387
0.40551088
0.20099713
0.21660713
0.32332892
0.3769561200000001
0.40545598
0.4214953299999999
0.42488724
0.28305028
0.40360161
0.35357526999999994
0.17216985999999995
0.07712321999999998
0.06456951999999999
0.045585909999999986
0.05575783
0.30391316
0.33018831000000004
0.27076551
0.3577114
0.41399412
0.31191414999999995
0.26427111000000003
0.3487746400000001
0.41355739
0.38522607
0.21827869
0.15821166999999994
0.28600825
0.3671851699999999
0.34738416999999994
0.40742661
0.43907749
0.26526746
0.26648155
0.28723554
0.29893938
0.41460919
0.30655607
0.1559299
0.1961964
0.30849061000000005
0.33489824
0.30926758000000004
0.27036705
0.31135147
0.38310505
0.43607374
0.3308448800000001
0.27058652
0.28198355
0.27317290000000005
0.28142776
0.29207465999999993
0.3397895
0.27121422
0.32352190000000003
0.40781741
0.31243802
0.2570189
0.18429776
0.25540422999999995
0.43076254
0.4167527899999999
0.39328949
0.3882248199999999
0.35151485
0.21961143
0.36524292
0.35436587
0.31661380999999994
0.3604105799999999
0.31673706
0.3440499
0.28744697
0.30376661000000005
0.31222664999999994
0.30771004
0.25058219
0.25209514
0.40954541
0.4635393
0.4713975600000001
0.44452319
0.32332084000000005
0.34393267
0.43627776
0.33558753
0.4154441
0.46468066
0.46834795
0.45966239
0.34715924
0.36825303
0.44055829999999996
0.31949195
0.34516767000000004
0.47092920000000005
0.4647708
0.47242116
0.47035435
0.36317843
0.33465299000000004
0.32567945
0.4349272400000001
0.32243782000000004
0.3003606500000001
0.39827971
0.41811482
0.3537933
0.27113411
0.28963502
0.29486201
0.30537889
0.34643146
0.35508712000000003
0.26211955
0.42097161
0.45158359
0.43754129
0.45791109
0.34118874
0.31030814
0.43032084
0.2853897
0.24945055
0.29817485000000005
0.25232227
0.27324754
0.29672816
0.36534936
0.36815937
0.26592069
0.23096463
0.19847483
0.28484873
0.32276814
0.32186427999999995
0.31005528
0.24344464
0.22756945
0.32468953
0.29975609
0.36737022
0.37405427
0.33394826999999994
0.31048936999999993
0.33171525
0.31415177
0.28576158999999995
0.30660866000000003
0.33328943
0.33478359999999996
0.36544118
0.34761094000000003
0.31585224
0.24226539
0.146394
0.14368342
0.24101496
0.29269279000000004
0.26982913000000003
0.29845114
0.27114013000000003
0.32490315
0.31889755999999986
0.3696219700000001
0.35995323
0.36907133
0.30160691999999995
0.17804647
0.13254489
0.14497385000000002
0.12573403
0.20951882
0.10763268
0.05454062999999999
0.15563043
0.20225358000000004
0.36207462
0.4493157700000001
0.46106484
0.43684799
0.25716590999999994
0.23157919
0.2050245
0.21529129
0.11703768
0.16087258000000002
0.14711854000000002
0.15834358
0.15863664000000002
0.18324554
0.17012964000000005
0.17355163999999998
0.22235064
0.19061968
0.20545782
0.13798578
0.15407282
0.12510887
0.16965987
0.16149291999999998
0.16935487000000005
0.16060175000000002
0.12612865
0.12971678
0.16753468
0.13890633
0.12852661999999998
0.14878957999999998
0.13477673
0.21318382
0.31388061999999994
0.10104222
0.10315787
0.10319082
0.04341492
0.09128887
0.10492287
0.10807092
0.14392878
0.16595673
0.15150272999999995
0.34971768000000003
0.39968959
0.18718731
0.12503731
0.09508467
0.10720398
0.09279027000000002
0.08885181999999997
0.10454287
0.09924682
0.13836968
0.19911368
0.21738364
0.32430854
0.30762173
0.31648459
0.22863464
0.21395259
0.18215568
0.20579064
0.20765259
0.20202464
0.21812519
0.23339833
0.22805664
0.17795658
0.14408648
0.14930578
0.17625293
0.18245998
0.15433528000000002
0.11107043
0.11894928
0.13550773
0.14786772999999998
0.13381968
0.15055164
0.20190268
0.24714368
0.20698764
0.25252773
0.17421773000000002
0.20571873
0.14558378
0.18664173
0.33756596000000005
0.41520687
0.39056596
0.23072882
0.23480264
0.20406473
0.11848278
0.22041282
0.31303682
0.34571487
0.34056673000000004
0.3722768200000001
0.27619478
0.42494473
0.42993373
0.30778593
0.23232408
0.11348445
0.12366548
0.15017598
0.23978068
0.21785554
0.3885435
0.41501054
0.43633959
0.4273405400000001
0.42187654
0.24567453999999994
0.2564175
0.24577950000000004
0.25581945
0.2497205
0.21263754000000004
0.16071744999999998
0.14956345
0.13388554
0.12509054
0.12983354
0.14660954
0.17063454
0.19423464
0.08572467999999997
0.08601164000000001
0.05521273
0.09420159000000004
0.13783978000000002
0.20304564
0.22807354
0.20955745
0.20948741
0.3657025
0.30524741
0.32661245
0.34880145
0.34199927
0.2916265
0.23480759
0.26771349
0.25876919
0.16008524
0.21030368
0.19738064
0.22561273
0.26215764
0.27748134
0.28155743
0.38956688
0.39917913
0.42915104
0.31361924
0.34153004
0.37156775
0.34152029
0.31532614000000003
0.25305338
0.35637803999999995
0.46764704
0.39807904
0.42648843
0.14835797
0.28619558
0.29961428
0.37476058
0.34296652999999994
0.27520128
0.30966323
0.30713833
0.30495328
0.25887972
0.30233417999999995
0.19524358
0.17920767
0.26515638
0.16365472
0.22482918
0.31931318
0.21430733
0.27985119
0.29537738
0.32748404000000003
0.44029505
0.31053524
0.19595638
0.16564922
0.21412962
0.25690528
0.20046002
0.21963908
0.30248277999999995
0.30445208
0.35168918000000005
0.3526140400000001
0.36588249
0.24651449
0.10469882
0.10524257
0.08797316000000001
0.09074497
0.10078067
0.09332296
0.22697102
0.31088143
0.41097179
0.33432904
0.29460133999999993
0.24265018
0.26098238
0.37354564
0.34697998
0.22230564
0.08998078
0.10356973
0.17524267999999998
0.21809873
0.13561287
0.17484882000000002
0.20638182
0.19668996
0.20690482
0.27008986999999995
0.30094354
0.29890254
0.2994275
0.12438759
0.20544068
0.26759578
0.21069978
0.21636032
0.21054378
0.22982768
0.23389778
0.34605073
0.34711973
0.38557668
0.20363973
0.09333992
0.17969382
0.22589778
0.21898978
0.22904082
0.31083468
0.42209264
0.37703764
0.27370973
0.18808273
0.17287582
0.21801142
0.13420357
0.26486373
0.27146178
0.26420168
0.20710968
0.22625468
0.23309864
0.29572073
0.29585173000000003
0.41302659
0.27702668
0.11324287
0.03707091999999999
0.17123992000000002
0.30937868
0.3335996400000001
0.37157464
0.29267994
0.24396473
0.27535472999999994
0.24772878
0.39909359
0.22706764
0.10518678
0.11549378
0.22667478
0.20086527
0.16355487
0.1843818700000001
0.23204573
0.25974673000000004
0.27597967999999995
0.34337964
0.41796059
0.36495354
0.25292559000000003
0.13718967999999998
0.08626382
0.11210387
0.24776673
0.31480159
0.3637355
0.30324954
0.20842954
0.22815164000000004
0.37127864
0.41113141
0.42840122
0.30334740999999993
0.18424645
0.19170759000000004
0.23177054
0.33504859
0.31678164000000003
0.34296473
0.26559887
0.27643472
0.32612458
0.21069328
0.09549783
0.08208167000000001
0.10901042
0.15881522
0.26732719
0.2936097899999999
0.35567724
0.3655115
0.21647654
0.25685872
0.45153635
0.45823329999999995
0.4559953000000001
0.37267558
0.24815616
0.29855739000000003
0.43204285
0.4179198200000001
0.43872269
0.40370116
0.34703619
0.35420533
0.4238326
0.39095263
0.42361783
0.34223448
0.28566632
0.20050402
0.37706092
0.45970808
0.3639524200000001
0.33266732999999993
0.33351729
0.37618194
0.33867067999999995
0.22218268
0.32270323999999995
0.31996059
0.44615794
0.38644908
0.35075144
0.33017202999999995
0.45263128
0.4015733300000001
0.38802914
0.22246382
0.25566682
0.30759482
0.33330577999999994
0.38108192
0.28754896
0.06126992
0.11863808
0.09996637999999998
0.16321404
0.10357484
0.16502398999999998
0.06756538
0.14495048000000002
0.15991613
0.16611917999999998
0.17703413
0.11357723
0.21801118
0.25833318
0.28088373999999994
0.33469468
0.3639330900000001
0.33064404
0.34888634
0.43879714
0.42845881
0.41941355
0.4447660000000001
0.38352419
0.34802894
0.38085949
0.21801244
0.20537163
0.21172243
0.21868573
0.23137293
0.21831963
0.22356653
0.22917834
0.24947634
0.39286459
0.25236539
0.25857413999999995
0.19626248
0.20702118
0.18621502
0.15930712
0.16416812
0.11080012
0.12976462
0.15472017
0.15838108
0.20771174
0.17406468
0.17324178
0.20415214
0.17908768
0.18638953
0.18482573
0.36300694
0.30625374
0.29149478
0.31488944
0.32866728
0.34408214
0.3281796
0.40430869
0.3743452399999999
0.4154458
0.3716188
0.26300295
0.35416718
0.31441893
0.30160562
0.34290997
0.33324497
0.35393083
0.34367693
0.31567358
0.15935862000000006
0.14992207
0.13901322000000002
0.17688768
0.16743383
0.15401613
0.37030183
0.32427138
0.31254182
0.28079902
0.27643168
0.32307648
0.37265368
0.41311753
0.39939619
0.26248509
0.37257681
0.3954455499999999
0.26867335
0.31583184000000003
0.26933269000000004
0.32479169
0.31474454
0.35570888
0.28067074000000003
0.3954178999999999
0.40883524
0.4051227900000001
0.32564159
0.22868039
0.26291723999999994
0.24747414
0.21514328
0.21766158
0.19952373
0.32431898
0.39269423
0.37352733
0.36500288
0.34474272999999994
0.35157934
0.35661529
0.41644183
0.43514364
0.34918824
0.3523726500000001
0.3561393
0.41756394
0.33664618
0.12328868
0.07801687
0.10162862
0.10902322
0.12179737
0.09550552
0.13215913
0.09364362
0.10643032
0.11217836000000002
0.15390011999999995
0.25604421999999993
0.46246008
0.4677787900000001
0.4731248100000001
0.46165941
0.44036036
0.3087083700000001
0.24106189
0.24737914000000005
0.24036398
0.25591748
0.26582112
0.09193172000000002
0.07654092000000001
0.07632272000000001
0.07170722
0.07092626999999997
0.10422752999999996
0.09733972
0.10612612
0.08084812
0.08460742000000003
0.14936987000000002
0.24051392
0.33315987
0.36076387
0.38661582
0.32431782
0.36641287
0.25367122
0.18966088
0.26419408
0.30363483
0.29131692000000003
0.24620948
0.25800182
0.18275353
0.26239938
0.22912403
0.14166038
0.08725757
0.07696572
0.09356296
0.08599657
0.09904157
0.09258722
0.09920592
0.16262992
0.26509878000000003
0.23377052
0.23700187
0.28656652
0.35270278
0.42765909
0.22819793
0.25174002
0.25319687
0.30431967
0.29527107
0.23395543
0.30010198
0.43243818
0.43935428
0.45680174
0.4574231
0.25559354
0.16003358
0.15278052
0.14675492
0.17153543
0.14879713
0.16116202000000002
0.28506107
0.27075698000000004
0.26090482000000004
0.25494537
0.26914017
0.27278918
0.29382123
0.32019604
0.33745818
0.31979068
0.24722258
0.28859838
0.27766653
0.30076278
0.29684289
0.29981914
0.30181204
0.23275648
0.16776338000000002
0.13727762000000002
0.14756608
0.13090352
0.14969767
0.19847007
0.28270902
0.27192692
0.2422371200000001
0.29458008
0.25519217
0.25620407
0.26737258
0.28610892000000004
0.28375162
0.27500652000000003
0.28899363
0.21016968
0.17813832999999998
0.19497818
0.30659227999999994
0.30412082
0.32680248
0.3276864800000001
0.30109133
0.31381563
0.32549328
0.33494353
0.30697678
0.33043454000000005
0.34157104000000005
0.30559358
0.3307318799999999
0.34563479
0.32227608
0.27645493
0.37249793
0.36426788
0.36577898
0.38811303
0.31233274000000005
0.3216441400000001
0.33747004
0.32184744
0.30884258000000003
0.27489673
0.28496148
0.28600238
0.31868138
0.34809689000000005
0.29805719
0.28015293
0.33803054000000005
0.36204754
0.35036368
0.32162228
0.26295033
0.28541562
0.27359802
0.28038278
0.25400362
0.26007473000000003
0.29549563
0.28213833
0.30866709000000003
0.17729008999999998
0.13994319
0.19657070000000001
0.19798974
0.19395875
0.17082311
0.14442195000000002
0.11190714000000004
0.2301009400000001
0.27679278
0.26533143
0.36411593
0.32734578
0.28054278
0.271241069
0.29178349000000003
0.31265744
0.32320304
0.30272969000000005
0.32831359
0.34960159999999996
0.26641709
0.30207449
0.32581649999999995
0.32736195
0.3195520000000001
0.28176784
0.22607894
0.27655408
0.28018813
0.23227673
0.23906178
0.27220198
0.29442368
0.32348613
0.34682809000000003
0.30021489
0.29910689
0.31457948
0.34113639
0.29223919
0.33828634
0.31985464
0.33548633
0.3662950800000001
0.3718838900000001
0.33206754
0.36442434
0.24718778
0.2901861800000001
0.30455528
0.27322658
0.27857049
0.3237565
0.29234829999999995
0.2994783
0.28871764
0.29330454
0.31159359
0.29502004000000004
0.28790269
0.23911328
0.21894694
0.24653818
0.22472138
0.26641699
0.29467164
0.2783164
0.32997625
0.3871331
0.38299274
0.31549884
0.2828140000000001
0.27611945
0.27969108
0.4595990300000001
0.44617838
0.4385325800000001
0.44477443
0.24127283
0.34266114000000003
0.45739204
0.42028974
0.26779749
0.35314948
0.34876878
0.47628073
0.45746474
0.44105943
0.34407968
0.27304863
0.28808668
0.35275763
0.29850509
0.29246194000000003
0.37148044
0.33283774
0.27476389
0.27747723
0.26857758
0.46131408
0.45340084
0.44746874
0.38113308
0.4247517200000001
0.47161688
0.45989712
0.36111588
0.15498472
0.14050887999999995
0.18949748
0.22008103
0.21846938
0.20666812
0.20339218
0.24223053
0.40428369
0.37270549
0.23753335
0.16204583999999994
0.16401308999999994
0.15459417999999994
0.18957768000000005
0.16421522000000002
0.41613536
0.37824566
0.42253992
0.43477592
0.4662435800000001
0.44824143
0.39212448
0.38296447
0.42027582
0.42154766
0.43358372
0.44127122
0.43138532
0.4460181199999999
0.45254992
0.46296778
0.46725978
0.43729523
0.41930512
0.41707877
0.42100141
0.40966441
0.43138706
0.44511342
0.44321551
0.44771982
0.47065178
0.44277638
0.4578760200000001
0.28429007
0.42221264
0.10488327
0.13999818
0.07131267999999998
0.23443193
0.26707952
0.25250398
0.26467303000000003
0.35188329
0.39593039
0.32661264
0.15763208
0.11243412
0.14726058
0.14830812
0.15739143
0.16635843999999994
0.09831103
0.15395168
0.25723988
0.32126098000000003
0.31373493
0.36932154
0.33703629
0.27002109
0.33321608
0.3441553900000001
0.35513844
0.30313470000000003
0.20228313999999994
0.18197143
0.2543388400000001
0.22815668
0.21913788
0.26608848
0.36635968
0.3455975400000001
0.24997114
0.28910722999999994
0.28716338
0.40368799
0.24742594
0.22153393000000005
0.25611228
0.29012998
0.27533518
0.3102793300000001
0.32397678
0.32454298000000004
0.27783243
0.28820589
0.30032278
0.26878408
0.29758668000000005
0.28230682999999995
0.22152618
0.24150328
0.29840398999999995
0.31328728999999994
0.33001634
0.29316188
0.23019698
0.08511708
0.07507977
0.11675552
0.19103448
0.17991138
0.17778953
0.10469708000000004
0.14568593000000002
0.13411338
0.20934619000000004
0.23216874
0.16022233999999996
0.23441678
0.19268178
0.20454274
0.18805918
0.18116078
0.27516818000000004
0.33772839
0.26231138
0.28379468
0.23964808000000004
0.27166538
0.3395729000000001
0.35971829999999994
0.34953114
0.37762139
0.21087204
0.28387613
0.25690728
0.45631643
0.45579913
0.38074428
0.26797851999999994
0.3795475800000001
0.34792198
0.26753818
0.34364668
0.41505105
0.43191336
0.28810235
0.31789562000000005
0.30490734
0.29186589
0.22717504
0.23088903
0.21979504000000005
0.2271441800000001
0.20234945
0.32110016
0.38630202
0.32314913999999995
0.2361303
0.39135124
0.41575441
0.45011501
0.47536615
0.3921574
0.32725454000000004
0.3635802899999999
0.26975279
0.32667004
0.28800784
0.37676883
0.26914844
0.26469463
0.28692443
0.25223338
0.2378806400000001
0.3178655400000001
0.25476668
0.35766858
0.41343516
0.34221814
0.26554919000000005
0.31908798
0.27277238
0.21511398
0.23201768
0.22205587
0.23013032
0.24960923
0.28802743
0.28446838
0.35178348000000004
0.39923688
0.40806894
0.4232208
0.4191812999999999
0.31974468999999994
0.3647019
0.3321313
0.3737557900000001
0.46152479
0.42798974
0.35798808000000004
0.3185016299999999
0.29333104
0.32737758
0.34974919000000004
0.37247369
0.39222004
0.29934488000000004
0.3724408300000001
0.32849113
0.29717957999999994
0.26975098000000003
0.31379507999999995
0.33550483000000003
0.3403645800000001
0.31066563
0.33747283
0.30982364
0.30397273
0.32973418
0.33028103
0.35650918
0.24924574
0.32860124
0.25221263
0.22548368
0.22936032
0.22934168
0.24034038
0.21955402
0.23491937
0.26043763
0.2617324200000001
0.2838362299999999
0.21379977000000008
0.25516452
0.25148542
0.2295512200000001
0.26019847
0.25311472
0.22564447
0.20580367
0.22358827
0.23850977
0.27387668
0.30898972
0.44487853
0.40010202
0.28750552
0.23147252
0.24737142
0.21703127
0.27113066
0.2490594200000001
0.22082367
0.30177101999999995
0.32644997
0.26484623
0.29745738
0.2842410300000001
0.23979548
0.24664818
0.20853182
0.25517937
0.22303018
0.26808297000000003
0.25395737
0.2288514200000001
0.22101746
0.40942624
0.29293098
0.19973347
0.31490707999999995
0.30684808
0.33641577
0.32024218
0.38822128
0.17055103
0.06816127000000001
0.05819787
0.05172045
0.04233395
0.05639005
0.045856210000000015
0.16401092
0.16242178000000002
0.15783068
0.09845728000000002
0.09199837
0.08697666999999999
0.05899001
0.05011501
0.12197556
0.09606012
0.12563061
0.12497642
0.21408732
0.20022742
0.32203128
0.17660772
0.16466642
0.19095163
0.19736398
0.17237352999999994
0.13195574999999998
0.13472676
0.13662805999999994
0.12665216
0.12097685
0.13612960999999998
0.13582111
0.14504021
0.14845420999999998
0.13103703999999994
0.12578919
0.13740339999999998
0.13651936
0.15441750999999995
0.12902944
0.1312824
0.15078827
0.33858579999999994
0.32035240000000004
0.33367368000000003
0.25909249
0.13953852
0.10030724
0.09697282
0.09603965
0.09589142
0.016064279999999997
0.0168884
0.023452100000000003
0.03685986000000002
0.0325832
0.04304256000000002
0.0377676
0.0312327
0.03117364
0.007287650000000001
0.10719478
0.1686983
0.11653487
0.19939716
0.16626006
0.19341570000000002
0.19550961
0.05722080000000001
0.0410013
0.024959
0.0315911
0.0927477
0.0440945
0.12383073
0.04173607
0.07781519999999999
0.18392697
0.05908405
0.05744686000000001
0.0469471
0.2149986
0.18447270000000002
0.2257915
0.3969375
0.26369790000000004
0.3245750000000001
0.4570873
0.4107094
0.4462366999999999
0.1112426
0.2327544
0.2375799
0.0463606
0.0470154
0.05919960000000001
0.0412403
0.07393091999999997
0.07569012
0.06404992
0.07097068
0.05668858
0.08796778
0.0678613
0.1417523
0.427962
0.4840035
0.4840986
0.41649840000000005
0.4124173
0.34631059999999997
0.468587
0.4628352
0.4319691
0.4135477000000001
0.0895982
0.0833318
0.1299701
0.12935340000000006
0.15517010000000006
0.1365894
0.11007069999999998
0.1031474
0.1013083
0.0991993
0.0421327
0.1211064
0.32744558999999995
0.31846742
0.27719806
0.14694084
0.06859227999999999
0.0896699
0.19820840000000006
0.20455790000000004
0.2097598
0.2148956
0.237734
0.20720189999999997
0.0940591
0.274467
0.32556290000000004
0.41703609999999997
0.248849
0.4617194000000001
0.4678633
0.3753552
0.4124962000000001
0.3687716
0.40834378
0.2973102
0.2477433
0.23044764
0.17341683
0.33654700000000004
0.4189157900000001
0.4748042
0.4762492
0.47279040000000006
0.4298862
0.4722953999999999
0.4745861
0.4485902000000001
0.33498870000000003
0.4582043999999999
0.324011
0.3512915
0.2466065
0.22465320000000005
0.17557269999999994
0.30373095
0.2752573500000001
0.24521865
0.21506945
0.30587085
0.4329232900000001
0.4723993
0.46206915
0.43354377
0.45901202
0.32151332
0.28160359999999995
0.23264135
0.23123879
0.18370659
0.3072882
0.34906970000000004
0.3643078
0.3910423
0.3461752
0.3820984000000001
0.3988343
0.4037800000000001
0.4007763999999999
0.4223013
0.3811615
0.2891385
0.3021281
0.25465229999999994
0.2651294
0.2508617
0.2678659
0.2755676
0.3129446
0.3276467
0.31542709999999996
0.3491077
0.326332
0.3146374
0.3179613
0.3115191
0.2912594
0.3091051
0.3692278000000001
0.33611329999999995
0.3335634
0.21709259999999994
0.21999425
0.2649713
0.26575639999999995
0.24585115
0.23842565
0.24898880000000004
0.3048567
0.342891
0.36734877
0.28351812
0.2837862
0.4445338
0.4746123
0.4465669
0.35752750000000005
0.31765290000000007
0.34260630000000003
0.3356392
0.33069809999999994
0.31059440000000005
0.29586369999999995
0.284296
0.3175264
0.153479
0.2642933
0.2593441
0.2489014
0.1714371
0.1482703
0.1499621
0.1333311
0.122081
0.1347067
0.4341439
0.4756989
0.4756286000000001
0.47668710000000003
0.4764661
0.4711877
0.478242
0.4803742
0.4127773
0.2364636
0.13002100000000005
0.13136350000000002
0.16138429999999998
0.1563493
0.17362020000000006
0.1835554
0.0995547
0.1884448
0.22644660000000005
0.2312716
0.2033106
0.32994939999999995
0.40584309999999996
0.4362736
0.4286610000000001
0.4693334000000001
0.43517669999999997
0.4194099
0.4343632000000001
0.4387720000000001
0.3755443
0.41204929999999995
0.4768525
0.35804459999999994
0.4191375
0.470255
0.4455332
0.4203864000000001
0.4580719
0.4592111
0.4750445
0.2970442
0.4678698000000001
0.17741279999999998
0.2184081
0.2248
0.3797157
0.3819588
0.37381820000000004
0.31125210000000003
0.2988956
0.2905977
0.3851337
0.3620739
0.3561437000000001
0.35629540000000004
0.3657735999999999
0.3847468
0.4786352
0.4193314
0.4755314000000001
0.4436894
0.3724188
0.28147
0.09175609000000004
0.2287405
0.3159718
0.3598272
0.29793390000000003
0.3987118
0.26098330000000003
0.07363314
0.038257280000000005
0.14993598
0.15121279
0.32459531
0.46074405
0.4819270000000001
0.4802921
0.4756232
0.4803954000000001
0.4043910000000001
0.3697905
0.48030439999999996
0.4817101
0.4820529000000001
0.4817751000000001
0.48249
0.48293549999999996
0.47639529999999997
0.48299380000000003
0.4824912
0.4827914000000001
0.4827419
0.4830494000000001
0.4818762
0.4820595
0.4825509
0.4684829000000001
0.48241049999999996
0.4832323000000001
0.4836301
0.48482079999999994
0.4676346000000001
0.4778472
0.4820342000000001
0.4819858
0.4806734
0.4826866
0.4820401
0.1295483
0.4820721
0.4828595000000001
0.4815205
0.4826803000000001
0.4805367
0.4822771
0.48186229999999997
0.4825668
0.4819903999999999
0.4827161
0.4823467000000001
0.48241229999999996
0.4828187000000001
0.4835620000000001
0.4824380999999999
0.4836752
0.4832863
0.4824195
0.4824082
0.4823029
0.48143379999999997
0.4827458
0.4828239
0.4817439000000001
0.4825609
0.4820648
0.4816894000000001
0.4821358000000001
0.4824338
0.4822837
0.48251279999999996
0.4820971
0.4823966
0.48193290000000005
0.4405465000000001
0.4827255999999999
0.4827794
0.4838302
0.484507
0.4663279
0.4823153
0.4813577
0.4831839
0.4829333
0.4817286
0.4787272
0.3055782
0.2753566
0.4831555
0.481556
0.4812862
0.4590785000000001
0.4830851000000001
0.4566375
0.4585251
0.4801455000000001
0.4710342000000001
0.47991759999999994
0.4811538
0.4806492
0.4817468
0.48164090000000004
0.4823999
0.4816126
0.4826102
0.4820757000000001
0.484188
0.4653969
0.48202209999999995
0.4791807
0.4781172000000001
0.4788156
0.4660647
0.4595696000000001
0.14418029999999998
0.4668781
0.4805228999999999
0.4791507
0.48100509999999996
0.4808107
0.3278313
0.4444888
0.34595010000000004
0.2081064
0.461512
0.4817349
0.4807266
0.46790770000000004
0.4594397000000001
0.4551621
0.4098972
0.4452891
0.4295463
0.34604250000000003
0.3911342
0.20776529999999999
0.4013048000000001
0.442951
0.4543313000000001
0.4222798
0.33332969999999995
0.2191575
0.2030137
0.2400335
0.3417175
0.2448794
0.3720405
0.4616002
0.4718012
0.438899
0.4401644
0.4375392
0.4521085999999999
0.375296
0.38848059999999995
0.3496395
0.3714022000000001
0.3525916000000001
0.3839476
0.3423313
0.32599759999999994
0.2409354
0.2846192
0.3488213
0.3924012
0.39108459999999995
0.3850425
0.3806912
0.3754906
0.3787694
0.3709356
0.3780091
0.3836235
0.3845340999999999
0.3739334
0.3376423999999999
0.3776109
0.3280017
0.3810745999999999
0.3850127
0.2833616
0.271793
0.3778212
0.25999570000000005
0.294165
0.14601570000000005
0.16003699999999998
0.2742542
0.31005160000000004
0.31541090000000005
0.293211
0.386537
0.3732233
0.3324437
0.31634650000000003
0.3007425000000001
0.28851380000000004
0.2946516
0.29307130000000003
0.25900500000000004
0.2904321
0.2983039
0.3600003
0.3370196999999999
0.3552695
0.3468065
0.35139450000000005
0.3404133
0.32733900000000005
0.30222330000000003
0.29215559999999996
0.30653830000000004
0.3353784000000001
0.38018029999999997
0.3206041000000001
0.3476528
0.3675908
0.3425674
0.3482894
0.3586733
0.3204618
0.3408845
0.2943969
0.3371037
0.3204297
0.2885843
0.35126270000000004
0.26658259999999995
0.34570860000000003
0.3234693
0.3224655
0.12794790000000006
0.269063
0.3472647000000001
0.16919659999999995
0.4818995
0.4813186
0.4817456000000001
0.4799262
0.48091949999999994
0.4792813
0.4806476
0.4803733
0.48054140000000006
0.4787982
0.4749745
0.46498720000000004
0.4729239000000001
0.4814103
0.48077349999999996
0.4817535
0.4790509
0.4810879
0.4831061
0.47678180000000003
0.4773762
0.4234305999999999
0.136344
0.3272066
0.24758289999999997
0.1820171
0.1875264
0.16348240000000006
0.0999974
0.1274474
0.1134857
0.1153742
0.15988490000000002
0.3403719000000001
0.1444894
0.2595631
0.34029000000000004
0.4556595000000001
0.4624397
0.4637013
0.4292803000000001
0.4339174
0.2579741
0.31013100000000005
0.14336259999999998
0.1670718
0.09180895
0.1798497
0.2122114
0.2115129
0.19408705
0.21895245
0.2361223
0.2005617
0.19705880000000006
0.16170050000000002
0.18204094
0.2813155
0.26486295
0.33680141
0.328312
0.35776156000000003
0.31262159999999994
0.4498267799999999
0.41008118
0.32956409999999997
0.3293586
0.293646
0.220507
0.2304615
0.32277789999999995
0.29980845
0.2219949
0.32503040000000005
0.326328
0.3254715
0.3410185
0.32818420000000004
0.299545
0.365001
0.29913350000000005
0.2747319000000001
0.3886666
0.4169504
0.4248936
0.412948
0.30829739999999994
0.4131925
0.3592136
0.4517374000000001
0.381738
0.446334
0.2305055
0.4052532
0.3796094999999999
0.4289634
0.4185475000000001
0.354024
0.26723620000000003
0.30278190000000005
0.3257736
0.28612030000000005
0.26567500000000005
0.29359070000000004
0.2992502
0.3164411
0.34946970000000005
0.4139909000000001
0.3937284
0.3926865
0.309629
0.35207330000000003
0.3768413
0.3853629000000001
0.4183118
0.4299463999999999
0.4319979000000001
0.33005860000000004
0.3287153
0.3705114
0.2563739
0.24787236
0.1907285
0.24166786
0.30357993000000005
0.30634942000000004
0.27500058
0.33669574
0.31456875999999995
0.33207849999999994
0.4425293100000001
0.44311722
0.43266982
0.458657
0.3576342
0.18678440000000002
0.1490134
0.34986863
0.20200227600000004
0.226000576
0.123379176
0.14281777600000006
0.177688576
0.275887676
0.256278076
0.151952876
0.178085276
0.256173722
0.239828322
0.246200776
0.3912968760000001
0.386056776
0.456765676
0.364365276
0.33715047600000003
0.391344776
0.401178976
0.360871176
0.310246476
0.276922622
0.20547950199999998
0.206033462
0.196321112
0.229200322
0.251918776
0.307371176
0.19890990000000008
0.22222899999999995
0.21690689999999999
0.18726314
0.26409527999999993
0.21715678
0.23220947
0.28589443000000003
0.26526239
0.23619229999999997
0.1164847
0.3230843
0.2706723
0.32714740000000003
0.3660339
0.3950261
0.3878496
0.4043604000000001
0.4221388
0.4276789999999999
0.4130688
0.3491301
0.36290120000000003
0.2959751
0.31973290000000004
0.2581099
0.24163890000000002
0.255682
0.204486
0.23091750000000005
0.29590970000000005
0.2326737
0.2408909
0.24608170000000001
0.3816614000000001
0.3466751
0.3231506
0.4171479
0.4136393
0.4591734000000001
0.4422684
0.3715001
0.27806620000000004
0.3674218
0.30107979999999995
0.3251463
0.1869409
0.33893179999999995
0.4061013
0.3813116
0.31937210000000005
0.29514709999999994
0.3267838000000001
0.33832840000000003
0.32995300000000005
0.2945025
0.3668877
0.3106972000000001
0.30135009999999995
0.4077769
0.32206680000000004
0.33440149999999996
0.30353230000000003
0.3448128
0.3535144000000001
0.3748813
0.3288447
0.3674768
0.3254921
0.3432048
0.29594265000000003
0.30360111
0.3800128
0.437017
0.4276470000000001
0.41393370000000007
0.3788166000000001
0.3565633
0.2855805
0.26789040000000003
0.2883695
0.3345103
0.2829523
0.3616495
0.3354281
0.32634709999999995
0.3223072
0.30908909999999995
0.3179048
0.3125781
0.34146940000000003
0.33472660000000004
0.31309000000000003
0.2950167
0.3022935
0.3480994
0.3644171
0.3558956
0.3471126
0.34733970000000003
0.33829380000000003
0.3420498
0.3978105000000001
0.34649250000000004
0.35766400000000004
0.3330217999999999
0.3011723000000001
0.3361714000000001
0.3528427
0.3068828
0.4038585
0.397767
0.4125755999999999
0.3967196
0.407693
0.3879549000000001
0.3613301
0.3816448
0.1855046
0.1819663
0.3664270000000001
0.3654929
0.3703549
0.3725117
0.37229309999999993
0.4050639
0.4682038
0.46155290000000004
0.3846541
0.3870973
0.3861124
0.4417429
0.34480500000000003
0.1801873
0.101754
0.10921259999999999
0.323171
0.1967814
0.19257
0.1907239
0.2291323
0.2144599
0.14184720000000006
0.1911409
0.2570067
0.2491322
0.46275109999999997
0.4606485
0.35608470000000003
0.2611663
0.27705959999999996
0.2733755
0.2614071
0.24182840000000005
0.2445418
0.29575268000000005
0.28220613
0.28624612
0.27821887999999995
0.28513274
0.36565483
0.42765753
0.42303094
0.47830954
0.4293517
0.48074911
0.48193737
0.46816793
0.47492923
0.33678084
0.30410019
0.29690453999999994
0.29832459
0.29825091
0.3959123
0.42271990000000004
0.4341398
0.4095022
0.45917290000000005
0.4434348
0.45371229999999996
0.4694613999999999
0.4768947
0.4658559
0.4726686000000001
0.3585473
0.39511690000000005
0.3920835
0.3901708
0.3608079
0.33096220000000004
0.274882
0.2611975
0.2296526
0.2494308
0.26744840000000003
0.2825225
0.32716470000000003
0.3110750400000001
0.2519823
0.27790390000000004
0.2420936
0.3797946
0.2442877
0.2425175
0.2387527
0.37167340000000004
0.3746847
0.3821256
0.3959948
0.3741433000000001
0.3708393999999999
0.3986646
0.41347860000000003
0.3848756
0.3995052
0.3731705
0.3601862
0.27417490000000005
0.1356581
0.15278510000000006
0.14939670000000002
0.1322547
0.13129939999999998
0.12241549999999995
0.1425557
0.1151337
0.1160039
0.123434
0.16268209999999994
0.3469400999999999
0.4449998
0.3969519
0.2850518
0.4063724
0.4812732999999999
0.48059
0.4795516
0.4592553
0.4461520000000001
0.17187770000000002
0.13318870000000002
0.1312659
0.1223595
0.16712739999999998
0.1460784
0.1430013
0.1413865
0.10721320000000001
0.13357570000000002
0.2269284000000001
0.22090660000000004
0.3333349
0.35211929999999997
0.3962624
0.4600106
0.4292083
0.27735879999999996
0.45240640000000004
0.44089480000000003
0.4230459
0.4441362
0.4566531
0.4704473
0.4476862
0.3700659
0.3443963
0.2419805
0.2359073
0.1090058
0.14881999999999998
0.08718
0.3833200000000001
0.37764
0.35796999999999995
0.38409
0.21625
0.19086
0.18006
0.15325999999999998
0.15272
0.1521
0.15365
0.24189
0.35803
0.41772
0.42553
0.42773
0.37769
0.32556999999999997
0.211516
0.198405
0.240681
0.20495500000000005
0.202567
0.211959
0.185683
0.186437
0.21457
0.202431
0.20737800000000006
0.229648
0.223768
0.223385
0.231341
0.197271
0.209637
0.249396
0.3382000000000001
0.31525
0.35901
0.23712
0.25049000000000005
0.25
0.2252200000000001
0.24817
0.20124
0.23785
0.21100000000000002
0.20959000000000005
0.25720000000000004
0.38849
0.39476
0.3143
0.302476
0.298845
0.26552
0.33966
0.20789
0.20636
0.18824000000000002
0.19386
0.22431
0.2454919
0.27865
0.19965
0.19843
0.20074000000000009
0.20978
0.2364
0.18982
0.2492000000000001
0.21845
0.21515
0.20704
0.214721
0.234617
0.22338000000000002
0.23249
0.27818000000000004
0.12176
0.13422
0.14508
0.15289
0.16349
0.18849
0.24369000000000002
0.2471
0.23505
0.2106
0.25085999999999997
0.4479
0.42247
0.41793
0.44328
0.19598
0.19153
0.3824
0.38702
0.389909
0.399446
0.39448
0.39791
0.40305
0.4496
0.4486800000000001
0.40252
0.38183
0.32637
0.1941
0.1908
0.19101
0.24781
0.24903000000000006
0.32004
0.32967
0.323014
0.29599000000000003
0.21249
0.235333
0.2091
0.21923
0.24729
0.21540000000000006
0.2573900000000001
0.26842
0.2237
0.25954
0.26264
0.29677
0.27051000000000003
0.26614999999999994
0.30059
0.30817000000000005
0.28693
0.25535
0.27290000000000003
0.28915
0.30203
0.26602
0.26407
0.28018000000000004
0.30255000000000004
0.2994
0.29262
0.27445
0.30353
0.28665500000000005
0.29545999999999994
0.28416
0.2796
0.227444
0.2693401
0.26281
0.47658999999999996
0.47676999999999997
0.397949
0.3710250000000001
0.34547490000000003
0.37522
0.20360999999999999
0.22779
0.22817
0.27325
0.26550999999999997
0.28743
0.30433000000000004
0.33578
0.33139
0.29750000000000004
0.27404
0.22109
0.21729
0.23059000000000002
0.21221000000000004
0.20886
0.21308000000000002
0.27390000000000003
0.26266
0.23858000000000001
0.244873
0.1902065
0.1944625
0.1627087
0.17939000000000002
0.18414
0.19452
0.19464
0.15741
0.16824
0.18236
0.20364000000000002
0.20638
0.16701
0.21581
0.20628
0.28067000000000003
0.27681
0.13815999999999998
0.19335
0.16646999999999998
0.15367999999999998
0.16627999999999998
0.19412
0.2392
0.28006000000000003
0.27704
0.29019
0.29406
0.28917
0.27375
0.26207
0.21974
0.18378
0.20257999999999998
0.23126
0.21335
0.18752
0.20385999999999999
0.19944
0.2200600000000001
0.21814000000000008
0.16249000000000002
0.20293
0.20105
0.20245
0.15865
0.17269999999999994
0.13205
0.11701
0.17023
0.17962
0.23071999999999998
0.20154
0.21948
0.26274000000000003
0.28314
0.20896
0.17422
0.17764000000000002
0.17999
0.18796
0.14312
0.1478
0.15287
0.17110999999999998
0.19485
0.13971
0.13688999999999998
0.12426
0.10958
0.11132999999999996
0.10758
0.13977
0.10943
0.12571
0.12387999999999999
0.13659000000000002
0.12722999999999998
0.20551
0.21225
0.20071
0.19837
0.3349300000000001
0.3213530000000001
0.23483
0.17709
0.1771363
0.14483819999999994
0.1263338
0.133548
0.1455804
0.1497871
0.1418037
0.1436366
0.1349695
0.13512470000000001
0.12851900000000002
0.13518999999999998
0.14315999999999998
0.15035
0.14263
0.1239
0.12672
0.14179
0.14687999999999998
0.14636
0.15909
0.41064
0.18549
0.15649000000000002
0.13901
0.3428
0.30881000000000003
0.29101
0.32163
0.27869000000000005
0.213099
0.2474790000000001
0.1952750000000001
0.196663
0.213683
0.25499
0.18000699999999994
0.16185800000000006
0.185828
0.184333
0.16252400000000006
0.16286099999999998
0.184111
0.184606
0.201176
0.182687
0.18103
0.19460600000000008
0.246302
0.31713
0.32838
0.33214499999999997
0.236758
0.1879
0.17766400000000002
0.175853
0.23607
0.279049
0.244954
0.22619
0.30764
0.33892
0.30555
0.256991
0.24634
0.27426
0.1999
0.19333
0.24963000000000002
0.23931999999999998
0.22004
0.21911999999999998
0.24902
0.2274400000000001
0.23005
0.24359
0.22382
0.22812
0.24051
0.16562000000000002
0.24552
0.31299
0.29418
0.2847
0.29001
0.29132
0.32441000000000003
0.32273
0.30886
0.3227
0.26694
0.20175
0.26538
0.2893
0.29474
0.26228
0.25861999999999996
0.25883
0.28076
0.27965999999999996
0.25914000000000004
0.20457
0.18909
0.24158000000000002
0.33027
0.30731
0.28805000000000003
0.29352
0.30908
0.30705
0.29600000000000004
0.2984600000000001
0.28929
0.30722
0.20117
0.18634
0.182489
0.1911
0.16666
0.27696
0.29323000000000005
0.28824
0.29769
0.316764
0.31927
0.30726000000000003
0.30906
0.32281000000000004
0.30545
0.29270999999999997
0.26941
0.17612
0.17662999999999998
0.15478
0.20738
0.2414
0.24963000000000002
0.25894
0.28437
0.3272100000000001
0.32509000000000005
0.282915
0.25684
0.2398
0.20754
0.23322
0.20737
0.19577
0.21994
0.14985
0.29428000000000004
0.33941000000000004
0.31897000000000003
0.30359
0.30112
0.29764
0.32853000000000004
0.2088
0.17947000000000002
0.198508
0.1948
0.19974
0.20972
0.17872000000000002
0.17162
0.22309
0.22052
0.20745
0.25424
0.28235
0.27297
0.278
0.27769
0.2494200000000001
0.2626
0.16787000000000002
0.20209
0.21759
0.17957
0.17682
0.19073
0.19275
0.21206999999999998
0.35331
0.33827
0.26245
0.28174
0.28461000000000003
0.33289
0.28443
0.21542
0.2092900000000001
0.2337
0.21786
0.21161
0.21795
0.24347
0.17587
0.16876000000000002
0.17337
0.17682
0.19089
0.19989
0.19312
0.13758
0.09561
0.09076000000000001
0.08673
0.08716
0.15
0.22042729999999996
0.2193625
0.2172193
0.2199197
0.25780020000000003
0.2871768
0.3223168
0.2500792
0.26609829999999995
0.26226170000000004
0.248535
0.2989778
0.21888830000000006
0.18647070000000004
0.2627994
0.25300690000000003
0.2380491
0.27444040000000003
0.3667469
0.2284302
0.2755017
0.2217021
0.2432297
0.26741020000000004
0.21166590000000002
0.1680416
0.16482209999999994
0.27002919999999997
0.08327539999999999
0.2425935
0.2371545
0.3205421
0.26752780000000004
0.2163069
0.21611590000000008
0.2431962
0.34235020000000005
0.2905921
0.3655506000000001
0.3667397000000001
0.3443735
0.4007016000000001
0.4444201999999999
0.4336197
0.4339731
0.3046607
0.1202529
0.11486689999999998
0.140461
0.18112820000000002
0.2778502
0.30159020000000003
0.3972288
0.3959196999999999
0.2788278
0.31642590000000004
0.1861317
0.16634119999999994
0.123847
0.16818950000000002
0.16341119999999998
0.1769635
0.18294059999999995
0.1897935
0.2046305
0.1254547
0.1432474
0.15547220000000006
0.16405730000000002
0.1303868
0.13288729999999999
0.17347300000000002
0.14804779999999998
0.13681010000000002
0.16879829999999998
0.23219210000000004
0.3054273
0.30311540000000003
0.4333617
0.42806540000000004
0.3067707
0.2201145
0.2427802
0.2944067
0.328604
0.2808415
0.2591117
0.1509353
0.1616392
0.1165161
0.16810060000000002
0.2089547
0.17120760000000002
0.13982350000000002
0.12699049999999998
0.0797512
0.12174250000000005
0.21976630000000005
0.256429
0.320031
0.30580100000000005
0.153524
0.240924
0.277522
0.33129299999999995
0.2728450000000001
0.4334020000000001
0.429853
0.4334
0.35678000000000004
0.25925
0.23575100000000004
0.13793699999999998
0.1515715
0.194465
0.16981320000000005
0.2102871
0.1895282
0.1890071
0.1698723
0.1490861
0.1529694
0.16227610000000006
0.3680000000000001
0.475642
0.477899
0.47735
0.43618
0.46339
0.38813000000000003
0.39521
0.47432
0.46848
0.45613
0.41424300000000003
0.45108
0.3136036
0.218599
0.205757
0.2276347
0.1714776
0.12472869999999996
0.1188047
0.11490569999999994
0.12839620000000002
0.1531109
0.29181
0.35383800000000004
0.379486
0.378877
0.31607899999999994
0.23025900000000002
0.290596
0.30313100000000004
0.34321199999999996
0.365302
0.364821
0.39028
0.477389
0.4369000000000001
0.466998
0.36113
0.148223
0.14530710000000002
0.1809616
0.1695106
0.1402516
0.1887927
0.1895185
0.14387750000000002
0.1319499
0.274429
0.43127
0.44707
0.3966000000000001
0.31167
0.33681
0.27119
0.33548
0.29412000000000005
0.19357
0.12359369999999999
0.1142413
0.1941104
0.13320279999999998
0.1830575
0.1145704
0.1234156
0.1547637
0.15386039999999998
0.16353610000000002
0.17934039999999998
0.1678213
0.1372237
0.24831
0.29590000000000005
0.39633
0.46346000000000004
0.47198
0.36129
0.20312
0.41698
0.43245
0.37402
0.24996
0.147953
0.13939300000000002
0.1511404
0.13482850000000002
0.12657269999999998
0.13833379999999998
0.26130449999999994
0.2737054
0.30102340000000005
0.2539947
0.2404856
0.2380625
0.39139
0.4702310000000001
0.434994
0.44615
0.44129
0.41087
0.4228
0.39189
0.34834
0.3871
0.4528
0.43685
0.28404
0.224887
0.248841
0.14498570000000002
0.1345189
0.14094890000000002
0.15918269999999998
0.1731404
0.1618156
0.1061147
0.1720737
0.2293151
0.1983504
0.2622009
0.19569370000000005
0.3138037
0.3613356
0.39703
0.38261999999999996
0.34879000000000004
0.1723887
0.28397
0.3828229
0.4436
0.43253
0.32018
0.22474
0.16257500000000005
0.1706542
0.1587866
0.1524789
0.1090785
0.1295856
0.1769251
0.1958684
0.13566129999999998
0.1599854
0.16890829999999998
0.1472096
0.135401
0.15555479999999994
0.1505157
0.1325105
0.30041
0.32802000000000003
0.34541000000000005
0.3288
0.19681300000000002
0.2292618
0.20743040000000001
0.2107595
0.1934886
0.1924508
0.1782818
0.17236700000000002
0.2174404
0.20911559999999998
0.2024004
0.2545797
0.2198537
0.205507
0.26396
0.30349
0.27209999999999995
0.2554
0.2307879
0.201619
0.27852
0.37636
0.434651
0.430986
0.29899000000000003
0.14218999999999998
0.145766
0.1165914
0.1383547
0.15536889999999998
0.236868
0.21995370000000006
0.2340185
0.2324327
0.2113489
0.2576856
0.2846704
0.2312384
0.23607320000000004
0.35917000000000004
0.32718
0.473083
0.476256
0.4366
0.456336
0.36671
0.206702
0.30920499999999995
0.22259
0.18849100000000002
0.2802800000000001
0.3515532
0.3405266
0.22790120000000005
0.15589319999999998
0.1121508
0.14143039999999998
0.290187
0.2974961
0.332787
0.4052595000000001
0.245054
0.1851361
0.28870500000000004
0.40081999999999995
0.3222
0.3049299999999999
0.2581
0.17380700000000002
0.17504260000000002
0.1885201
0.1334894
0.20184
0.164945
0.175469
0.23496039999999999
0.1948961
0.23760749999999997
0.2012461
0.201007
0.22734610000000002
0.20530320000000002
0.37009990000000004
0.32186659999999995
0.3196228
0.27468370000000003
0.2400258
0.261278
0.31885
0.4021490000000001
0.475925
0.47923
0.479599
0.456489
0.463554
0.245861
0.12103200000000006
0.1166732
0.13339950999999994
0.11928519999999998
0.12188219999999997
0.153909
0.17508659999999998
0.220037
0.1849604
0.1483332
0.1785332
0.1666432
0.20066610000000001
0.17922749999999998
0.2374032
0.3219708
0.34164320000000004
0.40977
0.39257
0.44158
0.47875200000000007
0.478148
0.458485
0.4478530000000001
0.41657
0.184408
0.17345300000000002
0.17985610000000002
0.18161660000000002
0.17048370000000002
0.1983304
0.1950275
0.1824132
0.20498320000000006
0.20145610000000005
0.2465404
0.23978320000000006
0.1982075
0.17001319999999998
0.16818470000000002
0.1988099
0.2283408
0.23410660000000005
0.2464675
0.2652428
0.21681700000000004
0.21817319999999998
0.2116804
0.29555990000000004
0.2898132000000001
0.3618723
0.34579989999999994
0.30176990000000004
0.3078099
0.31392950000000003
0.317387
0.3060895
0.2993099
0.1814461
0.1818499
0.2033495
0.202477
0.17056319999999994
0.17976370000000005
0.18980039999999998
0.1844604
0.2857904000000001
0.2749732
0.3092098999999999
0.3493936999999999
0.33096990000000004
0.3228299000000001
0.3660923
0.30052890000000004
0.3021532
0.2738532
0.2278904
0.2286197
0.1791704
0.19185320000000008
0.2035304
0.20239749999999998
0.1878104
0.17824700000000002
0.2030499
0.202237
0.1725999
0.15303039999999998
0.11997039999999999
0.1439375
0.16360609999999998
0.1582304
0.1402866
0.1208037
0.1747899
0.1963699
0.15903989999999998
0.14442039999999998
0.1955961
0.196337
0.3549628000000001
0.299717
0.29912989999999995
0.2807099
0.3307395
0.2674
0.26949860000000003
0.2587282
0.3143295
0.2771849
0.27094860000000004
0.26525370000000004
0.2854528
0.2720804000000001
0.2724516
0.2552452
0.2979966
0.22149320000000006
0.1976999
0.17163470000000006
0.14108919999999994
0.1820075
0.1174704
0.16487320000000005
0.1650132
0.14637039999999998
0.1136166
0.1117037
0.1294904
0.1036437
0.1043299
0.1132875
0.1186837
0.14906039999999998
0.2115141
0.2189599
0.1522332
0.1245275
0.17948039999999998
0.18391749999999998
0.1639037
0.17194079999999998
0.1973216
0.183489
0.15349410000000002
0.22040900000000002
0.2120199
0.2140075
0.2034104
0.1815237
0.1773366
0.13679370000000002
0.1744737
