0.3196393
0.31814000000000003
0.3433453
0.31488020000000005
0.3067589000000001
0.2662886
0.3357951000000001
0.3182382999999999
0.34267010000000003
0.31568099999999993
0.3124224
0.31382459999999995
0.3299920000000001
0.20024579999999997
0.14271780000000006
0.15753350000000005
0.15613720000000006
0.15373110000000004
0.15059430000000004
0.2004862
0.3110175
0.30887180000000003
0.3338477
0.3960337
0.446423
0.314932
0.3310841
0.2923795
0.2961336
0.3236374999999999
0.4395814
0.4461269000000001
0.30964949999999997
0.4427806
0.4294148999999999
0.2908134000000001
0.28546609999999994
0.3083727000000001
0.4374443
0.3986398
0.20043970000000005
0.1277482
0.118028
0.24074210000000001
0.28548179999999995
0.3336079000000001
0.4384976
0.3812694
0.2480552
0.3072154000000001
0.28229839999999995
0.4613977
0.460137
0.4602245
0.4587122000000001
0.4582998
0.4269134
0.42314640000000014
0.43903690000000006
0.3932522000000001
0.20916950000000006
0.35316829999999994
0.4115665000000001
0.4619300000000001
0.454226
0.44409
0.435482
0.43433299999999997
0.440659
0.43995500000000004
0.4384019
0.4310317000000001
0.4378126
0.4436744000000001
0.4408009
0.4405772000000001
0.4335020000000001
0.42881450000000004
0.4375981000000001
0.43510509999999997
0.41076309999999994
0.4046073
0.4230031
0.4211032
0.42090190000000005
0.4178217000000001
0.41432820000000004
0.413524
0.4119235
0.4136826
0.3862814000000001
0.21072950000000004
0.1898442
0.18662770000000006
0.1905541
0.20981770000000002
0.12755670000000002
0.2385547
0.2411969
0.2347611000000001
0.1312214
0.16721740000000002
0.27116529999999994
0.303563
0.32680640000000005
0.2865987
0.2081984
0.2915031000000001
0.16413350000000004
0.4661393
0.46121940000000006
0.4609541999999999
0.4623534999999999
0.4363535
0.4258061
0.3916295
0.2546282
0.2775329
0.4016139
0.4639603
0.4495509
0.4394785
0.4364652
0.4330889000000001
0.4321415
0.4420064
0.4303642
0.43340779999999995
0.4334866000000001
0.440984
0.431518
0.4552479999999999
0.447839
0.442225
0.430873
0.429622
0.407459
0.416929
0.443075
0.4417940000000001
0.391692
0.395775
0.411474
0.433692
0.432358
0.256481
0.21685900000000002
0.218231
0.215777
0.195775
0.194012
0.204055
0.27537100000000003
0.21850300000000003
0.15557490000000002
0.1511418
0.2404926
0.43833859999999997
0.4438422000000001
0.45057600000000003
0.4534196
0.4470344
0.4426606999999999
0.410321
0.4061364000000001
0.1788065
0.3742225
0.467815
0.472772
0.44559099999999996
0.442232
0.44454099999999996
0.4446620000000001
0.4334811000000001
0.43974659999999993
0.4300739000000001
0.4350436
0.4519719
0.4528938
0.456337
0.4482817
0.4453568
0.4549195
0.455716
0.4337815
0.4289952
0.4363760999999999
0.4412876
0.4255925
0.4196729
0.42065109999999994
0.4178742
0.4142242
0.41261970000000003
0.4138639
0.3899847
0.2354835
0.2283706
0.2257416
0.2289096
0.2220467
0.1846049
0.25965829999999995
0.2475899
0.31067680000000003
0.17580990000000002
0.17216340000000002
0.1991866
0.35163690000000003
0.4517737
0.47124799999999994
0.4606236000000001
0.4565887000000001
0.4536925000000001
0.44605649999999997
0.4326082000000001
0.4423843
0.2416403000000001
0.35830700000000004
0.4607386
0.4702711000000001
0.46393379999999995
0.4538643
0.4518917000000001
0.4475588
0.4518062000000001
0.4537101000000001
0.448563
0.4460001
0.4447198000000001
0.4517869000000001
0.4531880999999999
0.4554731000000001
0.4571383
0.4491291
0.441308
0.4433228
0.4454551000000001
0.4491050999999999
0.4473801
0.4437308999999999
0.4235436000000001
0.43096579999999995
0.43027719999999997
0.4282622999999999
0.4271971
0.4274037000000001
0.4314759
0.4296508
0.43186
0.4319838
0.3822011
0.4128235
0.4150955
0.22742860000000004
0.1958856
0.19525550000000005
0.1633024
0.22509970000000004
0.2563146
0.28874380000000005
0.3609392
0.27603360000000005
0.2683477
0.1877366
0.1966256
0.4239677000000001
0.45550630000000003
0.4413681
0.438377
0.4098228
0.40070300000000003
0.3662250000000001
0.3874897
0.13972720000000002
0.3394323
0.4729782
0.4549929
0.4439447
0.4337797000000001
0.4331035
0.4328805000000001
0.3974032
0.4462902
0.4414398000000001
0.446592
0.4526934
0.4470581
0.4467061
0.4469551
0.4369353
0.4437197
0.4493055
0.4481741
0.424671
0.4269641
0.4366491
0.4346264
0.4229937
0.43239540000000004
0.4311569000000001
0.4289007000000001
0.4280462
0.4332065
0.43373829999999997
0.4161498000000001
0.26197220000000004
0.2542711
0.248822
0.2389299000000001
0.2199388
0.2516096
0.25039480000000003
0.3284675
0.17311279999999998
0.1882886
0.17548329999999998
0.13827028
0.14147449999999998
0.12453339999999999
0.1180664
0.11380410000000002
0.1144115
0.1289088
0.2514904
0.18830550000000001
0.1204239
0.1062385
0.10319849999999997
0.0990932
0.1157954
0.1059468
0.1173613
0.1577443
0.16584129999999994
0.11184610000000003
0.0970211
0.1497213
0.2304277
0.3874008
0.1005184
0.09903989999999999
0.0992169
0.1011845
0.2141134
0.12771559999999998
0.13933820000000002
0.153975
0.12146230000000001
0.07679720000000001
0.0818832
0.0602253
0.0467423
0.0421226
0.2295175
0.2284093
0.2278909
0.2272813
0.2255552
0.2053543
0.03576889999999998
0.03702029999999999
0.0375898
0.0375416
0.036584
0.07153110000000001
0.039830300000000006
0.035054699999999994
0.0330854
0.031099
0.031146900000000005
0.0318697
0.0302626
0.0289283
0.1775605
0.21052960000000004
0.21402270000000004
0.2136527
0.2134407
0.2125866
0.213214
0.2125646
0.2148447
0.21451660000000006
0.1967144
0.13002629999999998
0.029703
0.0304529
0.0921275
0.0922213
0.08966850000000001
0.1195683
0.0773054
0.0770767
0.07640880000000001
0.0740329
0.0740425
0.0753697
0.0724786
0.1262181
0.1942519
0.1180444
0.0887282
0.099703
0.06546030000000001
0.06500210000000001
0.0657914
0.08330030000000001
0.050029
0.0563253
0.0295853
0.0862801
0.0873251
0.0779075
0.1763776
0.1420576
0.12814769999999998
0.0927242
0.0384494
0.0585504
0.0413593
0.0944525
0.0931665
0.1276688
0.1139591
0.0810029
0.1711484
0.19270910000000002
0.1060382
0.0989622
0.17662959999999994
0.1097553
0.10308119999999998
0.0996938
0.14719158
0.16290252
0.10252622
0.11978913
0.3900528
0.4035764
0.034032599999999996
0.07429069999999999
0.0533903
0.0568644
0.0662179
0.0847655
0.14262260000000002
0.11410710000000003
0.0718294
0.12997920000000002
0.15648399999999998
0.1776914
0.220493
0.22997510000000004
0.1767844
0.2060404
0.2490799
0.27433820000000003
0.21638750000000004
0.2415869
0.26656610000000003
0.2619635
0.2429762
0.2194084
0.1515645
0.09778130000000004
0.13706970000000002
0.19928133
0.19667281
0.13540989
0.15821946
0.16719415
0.11915331
0.19492945
0.20210374
0.21301979999999998
0.10168879
0.15953774
0.16294959
0.17241735
0.14984599
0.14954874000000004
0.15006208
0.15110314000000002
0.15414708000000002
0.19021771
0.14723906
0.19906337
0.19837126
0.186366
0.17877590000000004
0.1125523
0.15203781
0.17382196
0.19442176000000005
0.1630779
0.16685774
0.15638183
0.19632727
0.15278611000000006
0.198535
0.19243524
0.14046593999999998
0.13600743999999998
0.12734579
0.17679428
0.15144155
0.2531081
0.33373211
0.31948826
0.22716377
0.16326906
0.27132141000000004
0.20115451
0.1925392
0.19478060000000005
0.1426556
0.1785197
0.1517716
0.1599889
0.21346460000000006
0.220797
0.2099358
0.2252186
0.3190605
0.2178013000000001
0.2061361
0.1821768
0.11141950000000002
0.1280023
0.1576172
0.2382068
0.24536639999999998
0.2530076
0.2391644
0.2303139
0.22809050000000006
0.2136512
0.2348686
0.189961
0.18913370000000002
0.20205120000000001
0.26751600000000003
0.26667099999999994
0.1944430000000001
0.190459
0.18525870000000005
0.1867585
0.1681142
0.1874665
0.2009035
0.21494000000000002
0.2071416
0.18256070000000002
0.1193164
0.1204555
0.1109097
0.145983
0.1510868
0.1574392
0.1579119
0.1564355
0.146874
0.1961279
0.1436586
0.1853294
0.15441300000000002
0.1937486
0.15168489999999998
0.12000953
0.1016833
0.1000511
0.17667
0.13154570000000002
0.1530228
0.1902801
0.13215940000000004
0.16788190000000006
0.14778610000000006
0.1399067
0.14699882
0.12641145999999998
0.13347495999999998
0.3436324
0.40953290000000003
0.36162
0.3121698
0.4654467000000001
0.4725326
0.4410114000000001
0.32335749999999996
0.1572429
0.1527317
0.16091016
0.203173
0.34482229999999997
0.1842307
0.17613055
0.30228389
0.30263764
0.30688549000000004
0.1300713
0.1946213
0.25635220000000003
0.25371291
0.08545075
0.07515093000000002
0.07388874
0.07162560000000001
0.0559124
0.04765026000000002
0.05427088
0.047631099999999996
0.08316399999999999
0.09104005
0.08370250000000003
0.08255389999999999
0.17739403
0.37411
0.4550099
0.3650369
0.35501
0.29784597
0.2854398
0.1987755
0.10063429999999997
0.07756289999999999
0.0672107
0.06712910000000001
0.07064909999999999
0.07260950000000001
0.27123509999999995
0.27640640000000005
0.1279115
0.0968132
0.1160637
0.1386977
0.1355502
0.139781
0.24058360000000004
0.2757855
0.272448
0.1551313
0.10729
0.1169405
0.127734
0.1275267
0.1144375
0.14158729999999994
0.1358122
0.1281968
0.1425642
0.1070583
0.12962680000000001
0.1674011
0.14393689999999998
0.2258401
0.22505010000000003
0.1120692
0.16212349999999998
0.2681464000000001
0.35161489999999995
0.2282977
0.1683277
0.15507220000000002
0.1677981
0.1443481
0.1634932
0.17109749999999999
0.1465154
0.16817490000000002
0.1717835
0.21409380000000008
0.33604009999999995
0.2281218
0.17904330000000002
0.08820819999999999
0.0991365
0.091364
0.1516259
0.12209969999999998
0.11210919999999999
0.1068355
0.1122175
0.1892993
0.203958
0.2090221
0.17209770000000002
0.1862541
0.1940866
0.2167962
0.2497431
0.20059710000000008
0.1242441
0.12100419999999999
0.1689098
0.15868010000000005
0.15639029999999998
0.16861389999999998
0.2101518
0.13406839999999998
0.2203986
0.2377883
0.2152467
0.1882496
0.3709705
0.2824921
0.2898347
0.26816599999999996
0.27541350000000003
0.23530570000000006
0.27767020000000003
0.25025790000000003
0.2915595
0.26544429999999997
0.34958720000000004
0.31041490000000005
0.33208000000000004
0.32566880000000004
0.3182636
0.2886787
0.3449271
0.3385189
0.3374858000000001
0.36803359999999996
0.26930190000000004
0.33608560000000004
0.24779659999999998
0.2504554
0.27631110000000003
0.1970902
0.2368393
0.3162913
0.30480820000000003
0.2387311
0.2891637
0.3421599
0.2856141
0.27327100000000004
0.2000367
0.2297434
0.2931443
0.2021629
0.3384614
0.26126889999999997
0.2480464
0.215711
0.224736
0.2234346
0.2574268
0.2914752
0.1948817
0.3251147
0.34473059999999994
0.3735199
0.3403629
0.2225089
0.2361007
0.2258012
0.2416799
0.1860412
0.251895
0.2629035
0.26900430000000003
0.2827442
0.24133766
0.16791015
0.17716579999999998
0.17949286
0.18203151
0.16713583999999998
0.16530503
0.16330944
0.19057996
0.16431099999999998
0.15511751999999998
0.15762563000000002
0.15283467
0.15600693999999998
0.1472619
0.16204728000000002
0.15980002
0.15656043999999994
0.15776623
0.16290664
0.16372348
0.15814353
0.15057526999999998
0.15081802
0.15639108
0.16582629
0.16750263
0.16736450000000005
0.16665614
0.13849527
0.14594776
0.13244181
0.12982922
0.11947360000000001
0.17507820000000002
0.19189504
0.1962807
0.17195043
0.17774250000000005
0.18523909
0.12960543000000002
0.13406441
0.2652693
0.3132789
0.2839494
0.27707750000000003
0.2177674
0.20739179999999996
0.2704745000000001
0.2474766
0.20273650000000001
0.239472
0.21191140000000008
0.1462852
0.1193293
0.12363677
0.12512089999999998
0.17052379000000004
0.15392979999999998
0.18065585
0.1634619
0.21058204000000005
0.1799674
0.16757460000000002
0.15112170000000005
0.1981241
0.23554120000000003
0.1917607
0.16245110000000004
0.19635118
0.2009558
0.21920819
0.13106222
0.11715122
0.06772557000000001
0.07446735000000003
0.15540033
0.18701378
0.18850240000000004
0.18175085000000005
0.1824579
0.11300961
0.2294716
0.2021636
0.10920799
0.12093131
0.1280087
0.12503285
0.09406008
0.09080856
0.06330449
0.06021325000000001
0.0967414
0.0690321
0.06908733
0.16567198
0.17105220000000002
0.12631414
0.10289591
0.10122184
0.06565329999999997
0.07004746000000002
0.06302882
0.04816457
0.4022296000000001
0.46895267
0.34528919
0.08194405
0.077527
0.05621811
0.05329061
0.04958764999999999
0.05236435
0.06332242
0.26546780000000003
0.3041483
0.36003880000000005
0.3205761999999999
0.22544940000000002
0.16130290000000005
0.29323970000000005
0.35172459999999994
0.3447132
0.34987159999999995
0.1913992
0.26715518
0.3757342
0.397665
0.4122523
0.328954
0.2896288
0.3048616
0.2964131
0.31431659999999995
0.2854242
0.31211969999999994
0.2777711
0.31812450000000003
0.288962
0.31096149999999995
0.28525730000000005
0.291912
0.285348
0.3091389
0.3087856
0.3335172
0.32259770000000004
0.33316900000000005
0.27268259999999994
0.2448466
0.320157
0.29225209999999996
0.2903171
0.2460268
0.27341540000000003
0.2440275
0.2804553
0.2561103
0.2620536
0.2249228
0.2549163
0.29682990000000004
0.29745520000000003
0.2923246
0.30107759999999995
0.2470618
0.2590206
0.239864
0.198803
0.26000470000000003
0.2829365
0.1777126
0.2148483
0.14703529999999998
0.2578217
0.1962618
0.27725310000000003
0.1907062
0.2318124
0.1642724
0.2003268
0.1332239
0.180532
0.21101689999999998
0.27981809999999996
0.1546091
0.23198089999999996
0.15620641999999998
0.1760871
0.1834333
0.2752005
0.1580728
0.2381555
0.17393899999999998
0.17764549999999998
0.17109639999999998
0.260624
0.3021893
0.3745619
0.34260300000000005
0.23486210000000002
0.15389813
0.1657939
0.1734955
0.1984885
0.2394541
0.27209120000000003
0.167004
0.204894
0.17489129999999994
0.17805089999999998
0.1640363
0.2666033
0.2279593
0.1771584
0.1816304
0.1412805
0.1829821
0.2753837
0.2239735
0.1930841
0.2216814
0.1856605
0.25163070000000004
0.17996410000000004
0.3052300000000001
0.2060311
0.1933471
0.16154549999999998
0.2178373
0.2679281
0.2604538
0.138949
0.2271587
0.1367515
0.3494362999999999
0.305475
0.20885630000000002
0.13539759999999998
0.1908733
0.23233470000000006
0.1619165
0.166769
0.17503370000000001
0.17395940000000001
0.27648629999999996
0.16932170000000002
0.3085756
0.2409606
0.2129117
0.1566078
0.2655098
0.3042964
0.3469251
0.3853115
0.3353429
0.27662760000000003
0.2208322
0.190298
0.21285389999999998
0.16323310000000002
0.26213400000000003
0.318103
0.24210170000000006
0.2354623
0.22632750000000001
0.2431742
0.29340170000000004
0.2688389
0.3003362
0.1847839
0.21773290000000006
0.1505987
0.277673
0.2527783
0.3187629000000001
0.3609571
0.2186263
0.1953977
0.17313420000000002
0.2330194
0.24830020000000005
0.20916140000000005
0.2779793
0.290842
0.2213215
0.1815429
0.201476
0.16602899999999998
0.2670686
0.2740773
0.2073417
0.1630502
0.2654869
0.27419910000000003
0.2566329
0.24321060000000005
0.22391910000000004
0.26822
0.31567
0.37387
0.259083
0.35184099999999996
0.270433
0.29165
0.29011
0.31265057
0.23239756
0.30303627
0.29833100999999995
0.29895005
0.26706001
0.32041196000000005
0.31114482
0.27073482
0.35342196000000003
0.31544101
0.29339005
0.24831066
0.23826586
0.24946196
0.23144782
0.31077295000000005
0.20569725
0.22428625
0.3008039699999999
0.33974912
0.41779196
0.41420575
0.41665285
0.40607382
0.41049185
0.39513045
0.40977475
0.41321611
0.42384611
0.41001721
0.42735972
0.40601911
0.40966191
0.4140189200000001
0.4303059200000001
0.42872902
0.4039478200000001
0.42287468
0.36035877
0.37163662
0.38103282
0.37499712
0.39112382
0.35834102
0.35166646
0.33504552
0.35884842
0.36477547
0.37193703
0.36417783
0.37574892
0.36578502
0.37873362
0.37758457
0.35315317
0.36778452
0.35811512
0.36074452
0.34843407000000004
0.37119273
0.37062772
0.36847658
0.35436647
0.34814311
0.33642311
0.35963026
0.21688882
0.19809907
0.22158377
0.20709192000000004
0.21113141000000005
0.19305891
0.21939622
0.20570087000000006
0.21118052000000004
0.21234187
0.21703667
0.21953852
0.35752361
0.35335835000000004
0.36390935
0.30830036
0.22314934
0.23105342
0.24379762
0.34627323
0.42724222
0.42981072
0.34039362
0.43415417
0.45408196
0.25486195999999994
0.36846196
0.3258319600000001
0.36442196
0.36555101
0.32917005
0.34681005000000004
0.37672687
0.35571005
0.33233101000000004
0.35507005
0.3663891
0.35274101
0.35110005000000005
0.33687005
0.3737191
0.30322910000000003
0.30778005
0.29118119000000003
0.23027005
0.21394196
0.2092991
0.22901501
0.20889915
0.22445405000000004
0.24415082
0.23806987
0.22715276
0.2209448
0.21551061
0.23176227
0.21531852
0.23105237
0.22776892000000004
0.23768716
0.15171439999999994
0.18030536
0.16682197
0.22298452
0.23988726000000005
0.21698001
0.22145505
0.12088010000000002
0.12230715
0.12038201
0.11817390999999998
0.15818425000000005
0.2128897
0.16694832
0.3342037700000001
0.26930477
0.18327876
0.30390691000000003
0.13259965
0.15618854999999998
0.19296585
0.23635535
0.14438159999999994
0.229483
0.12106619000000005
0.1196769
0.1270471
0.14127089999999998
0.17805905
0.22535909999999998
0.22062141
0.12214346
0.17424005
0.13209103000000005
0.17416294999999998
0.18006491999999996
0.16242392
0.22030401
0.26217015
0.16884306
0.24282592
0.20082302
0.16330485999999994
0.17976306
0.16753375
0.31966919
0.33731196
0.35600205
0.2530809
0.36032005
0.33775910000000003
0.4291700500000001
0.38707101
0.3495091
0.37962196
0.35711196
0.37511292
0.40557292
0.30735505
0.34409196000000003
0.29327195999999994
0.26842196
0.26561766000000003
0.16689350999999994
0.16842071000000006
0.20294719
0.2801001
0.34520196000000003
0.39166387
0.29530815000000005
0.37072815
0.33674815
0.32889815
0.3213346
0.31223815
0.31858005
0.3262610100000001
0.38704101
0.43469196
0.44378196
0.45683292
0.43407101
0.39941901
0.32735196
0.26505201
0.27476535
0.29264936
0.27718481
0.2968949100000001
0.31811705
0.40693505
0.42907701
0.4278689199999999
0.42361405
0.4091511
0.36599201
0.425484
0.350376
0.3885190000000001
0.37195
0.37028
0.37765
0.39591
0.43615
0.44693
0.40636
0.40646
0.38486
0.40518000000000004
0.3862200000000001
0.254162
0.264527
0.21567820000000001
0.275782
0.338585
0.37703000000000003
0.37840999999999997
0.39054
0.3612
0.357985
0.44319
0.40956
0.38431
0.3883
0.34897
0.36815
0.37851999999999997
0.378019
0.36057
0.37653000000000003
0.38277
0.275321
0.25064200000000003
0.2317328
0.2443022
0.25497699999999995
0.2111213
0.28845
0.36439
0.41185
0.34953
0.37718
0.35846999999999996
0.3803
0.31067
0.37345
0.43478
0.42391
0.36477
0.37008
0.3943800000000001
0.38475784
0.374332
0.38224
0.33817
0.24926399999999999
0.227149
0.24678989999999998
0.24511220000000003
0.3105985
0.252166
0.24374659999999998
0.2678114
0.2743585
0.25543560000000004
0.35330130000000004
0.2533027
0.2326351
0.2173213
0.2098851
0.2512169
0.2557585
0.2395184
0.2447098000000001
0.22200799999999998
0.3099699
0.2446927
0.2373999
0.17941210000000002
0.1669701
0.15585890000000002
0.2470351
0.2684222
0.2012173
0.22534749999999998
0.2361689
0.22992889999999996
0.2571384
0.2322383
0.2037406
0.2004497
0.2579158
0.25725079999999995
0.2549535
0.2205278
0.2127889
0.2132216
0.27851980000000004
0.264967
0.2269029
0.32499480000000003
0.31913709999999995
0.27475039999999995
0.2919151
0.2546237
0.3043028
0.3043966
0.1969132
0.16117420000000002
0.142729
0.1861913
0.2226266
0.17015420000000006
0.2002195
0.2337641
0.22870320000000002
0.20996269999999995
0.24340660000000003
0.1989675
0.23720839999999999
0.1757175
0.13481749999999998
0.17865129999999999
0.1860066
0.17295339999999998
0.23386990000000002
0.26319699999999996
0.1081529
0.152227
0.2026895
0.16341879999999998
0.1934499
0.1841394
0.1613932
0.1566141
0.1565851
0.15597599999999998
0.1086023
0.10582269999999999
0.306466
0.3046388
0.2375675
0.19918260000000002
0.35997749999999995
0.4314194000000001
0.3202733
0.2890308
0.3134502
0.3802656
0.29980070000000003
0.3872008
0.22176990000000002
0.1672313
0.20485509999999998
0.17078460000000004
0.15122839999999999
0.0863924
0.09458629999999996
0.1035746
0.1236988
0.2004229
0.1882651
0.13155160000000002
0.1721904
0.1168813
0.11031720000000003
0.10704460000000003
0.1081963
0.1598475
0.1833656
0.092965
0.29625999999999997
0.32241
0.2888397
0.32408999999999993
0.38799
0.3694533
0.3222062
0.30396
0.33467600000000003
0.323002
0.3211906
0.3074048
0.306058
0.33855100000000005
0.30123
0.33521999999999996
0.33483
0.33351
0.29999000000000003
0.271914
0.32755
0.26407600000000003
0.26638300000000004
0.27512000000000003
0.32727300000000004
0.23708
0.24894
0.45111999999999997
0.27164
0.33809700000000004
0.34208
0.31417
0.32799
0.31652
0.28457
0.20081
0.06921000000000001
0.15764999999999998
0.27379590000000004
0.32034
0.2543973
0.26363000000000003
0.28286550000000005
0.2896373
0.23450300000000002
0.268988
0.3078101
0.319713
0.3283672
0.3435263
0.34225609999999995
0.34483400000000003
0.4096
0.43572
0.43166
0.38778
0.408485
0.38931
0.35754400000000003
0.3882600000000001
0.358929
0.40072
0.30512
0.34271999999999997
0.33491
0.328296
0.38095
0.268942
0.35969
0.35500799999999993
0.3557535
0.418
0.43723999999999996
0.442
0.46278
0.45988
0.410286
0.374058
0.28377119999999995
0.31364699999999995
0.358139
0.35343499999999994
0.365159
0.286114
0.2252181
0.23224699999999998
0.23925900000000005
0.2971006
0.25272
0.31795429999999997
0.3893820000000001
0.396826
0.411242
0.410474
0.3650717
0.342375
0.377762
0.422991
0.429299
0.3961629999999999
0.342369
0.2797065
0.2728599
0.3960556000000001
0.3479299000000001
0.30838459999999995
0.3212708
0.3899537
0.3695027
0.3882751
0.32620600000000005
0.3988041000000001
0.3646527
0.3507313
0.4219269000000001
0.3941917
0.3733518
0.4247175
0.4110694
0.402877
0.3860595
0.42399220000000004
0.4036908
0.35919339999999994
0.3469851
0.32621179999999994
0.31155370000000004
0.4244308
0.3619015
0.2998285
0.2631221
0.3075567
0.33463020000000004
0.38157420000000003
0.392567
0.3931043000000001
0.34390790000000004
0.30757870000000004
0.3792975999999999
0.40240390000000004
0.4544008000000001
0.4070671
0.37058800000000003
0.3742394
0.3815173
0.380166
0.4164987000000001
0.3805873
0.4271584
0.4342465
0.35896690000000003
0.3003991
0.2908072
0.2972466
0.29594380000000003
0.33065930000000004
0.37164250000000004
0.3477592
0.35469510000000004
0.3005173
0.4071797
0.4033262
0.4514448999999999
0.4434919
0.4253414000000001
0.4230151
0.3884692
0.4339412
0.3664561
0.4280794
0.4131990999999999
0.4143058
0.373775
0.31338699999999997
0.3890288
0.3662017
0.40307509999999996
0.3358993
0.31041260000000004
0.2846751
0.31253770000000003
0.2899410000000001
0.347564
0.3779716
0.3913427
0.3282004000000001
0.17121509999999998
0.2369543
0.3460636
0.363034
0.385847
0.3693068000000001
0.3933995
0.4223050000000001
0.4205134
0.3284001
0.39565490000000003
0.3800075
0.36077600000000004
0.3293165
0.34413059999999995
0.37957729999999995
0.3029578
0.4034145
0.3836570000000001
0.4281321
0.3637129000000001
0.1909938
0.15861499999999998
0.15424349999999998
0.16348529999999994
0.2115317
0.3237821
0.3715718
0.31801100000000004
0.3423123999999999
0.3581227
0.35281569999999995
0.404837
0.3990204
0.4404463
0.3145986
0.4019207
0.31043659999999995
0.3145813000000001
0.312138
0.2857081
0.3344048
0.2985633
0.269909
0.1870306
0.18687079999999998
0.1886475
0.1961915
0.16711789999999999
0.16665829999999998
0.185673
0.32476399999999994
0.46688999999999997
0.446396
0.4173739999999999
0.26907400000000004
0.232537
0.2605407
0.22114770000000003
0.2797982
0.2159125
0.18378200000000008
0.1914085
0.4109939
0.198623
0.3062256
0.3824785
0.3664541
0.3678788
0.43572799999999995
0.399736
0.34079200000000004
0.453284
0.45859700000000003
0.401895
0.34022600000000003
0.33617
0.3708550000000001
0.38313
0.38964299999999996
0.30724700000000005
0.31029
0.339239
0.354393
0.324981
0.43094
0.41464
0.44335
0.45451
0.38156999999999996
0.3459800000000001
0.18547
0.176769
0.15540740000000006
0.233517
0.1682999
0.162417
0.1542532
0.15484130000000002
0.21605990000000005
0.1838641
0.2018004
0.20661050000000009
0.1894736
0.188428
0.16732439999999998
0.17160499999999998
0.371908
0.33642
0.4096
0.3804300000000001
0.413444
0.39391
0.25116
0.26221
0.25665
0.15361999999999998
0.24249
0.18829
0.18723
0.23878
0.25475
0.20753000000000002
0.19648
0.19666
0.24414
0.26386
0.21979
0.20679
0.25348000000000004
0.15020999999999998
0.23729
0.24170000000000005
0.23858
0.2413
0.2522
0.29734000000000005
0.29134
0.31517
0.17510599999999998
0.24915
0.23978
0.27222
0.20357
0.28132
0.2002
0.24975999999999998
0.24569000000000002
0.24655
0.24871
0.17742
0.26745
0.20477
0.14379999999999998
0.24709
0.24197
0.24756
0.359094
0.36382
0.3473147
0.1888552
0.06571199999999999
0.14898730000000002
0.192812
0.206904
0.262885
0.263182
0.19576400000000002
0.15380300000000002
0.15358799999999995
0.211563
0.21427900000000005
0.189921
0.195989
0.226364
0.187024
0.233978
0.23003600000000002
0.280064
0.269183
0.222203
0.29768
0.26563000000000003
0.18039000000000002
0.19580000000000009
0.26349
0.14087
0.14078000000000002
0.14185
0.13733
0.14501
0.14672000000000002
0.30877
0.12375
0.30149000000000004
0.31258
0.31621
0.31979
0.31556
0.31055
0.30367999999999995
0.30076
0.25549
0.26075
0.27593
0.28189000000000003
0.265214
0.16989
0.13820999999999994
0.126142
0.127423
0.131183
0.14338999999999996
0.11253000000000002
0.10768700000000002
0.11089
0.10983
0.11427999999999999
0.12678799999999998
0.14840699999999998
0.14213399999999998
0.13931
0.162855
0.16305999999999998
0.15747999999999998
0.15924499999999994
0.16563900000000004
0.155573
0.155125
0.17078800000000002
0.17879099999999998
0.19493
0.16774999999999998
0.25074
0.22707
0.20191420000000002
0.2151646
0.1411836
0.14538930000000005
0.16454029999999994
0.13343170000000001
0.13475020000000001
0.13055830000000002
0.12884969999999998
0.13264689999999998
0.1257107
0.130009
0.187716
0.14489000000000002
0.13864500000000002
0.15352100000000002
0.19665
0.229836
0.22328800000000001
0.21579000000000004
0.21481399999999998
0.20356
0.217147
0.226171
0.220378
0.159185
0.161386
0.17919499999999994
0.18006229999999995
0.2183741
0.2187569
0.20279229999999998
0.208127
0.21078139999999998
0.2007761
0.2025671
0.1966728
0.19607950000000002
0.198448
0.1959333
0.19739
0.20056
0.21613
0.22247
0.22839
0.17065000000000002
0.15607
0.105869
0.08832000000000001
0.095903
0.10017000000000001
0.10155
0.111327
0.10986300000000002
0.10951199999999997
0.116504
0.095125
0.086982
0.08956299999999999
0.09805500000000003
0.13696699999999998
0.132998
0.13657999999999998
0.12985499999999994
0.09551799999999999
0.12051
0.095425
0.08741800000000001
0.182901
0.192092
0.189353
0.197105
0.147056
0.143267
0.144208
0.255892
0.18572
0.254927
0.21439299999999997
0.217453
0.166346
0.10407
0.09748
0.18164
0.17434000000000002
0.08774000000000001
0.13467
0.13926
0.14168999999999998
0.14745999999999998
0.14514000000000002
0.14722000000000002
0.14915989999999998
0.10694
0.09932300000000001
0.0948333
0.09589
0.15253
0.158823
0.1960488
0.15325999999999998
0.15894
0.15375
0.10498000000000003
0.1889
0.10132000000000001
0.10199
0.16607
0.17114
0.13214
0.12573
0.11608000000000004
0.11535999999999999
0.10529000000000001
0.0954
0.09955
0.09107
0.1358
0.13568
0.12988
0.14887
0.15417999999999998
0.10748
0.09411
0.0990957
0.370418
0.31966100000000003
0.3785112
0.305205
0.311136
0.34623000000000004
0.14565
0.13053800000000002
0.073295
0.0864
0.22813000000000005
0.223288
0.228387
0.26878
0.28079
0.27104
0.23987
0.20506
0.21286
0.213558
0.19998
0.19337
0.12356
0.0824
0.09857
0.10174
0.12591
0.12708
0.11847
0.09899
0.098469
0.1008
0.15735
0.135265
0.158813
0.2873
0.29395
0.291299
0.27261
0.31195
0.31325000000000003
0.31629
0.31428
0.31536000000000003
0.32535
0.31828
0.29355000000000003
0.29906999999999995
0.285106
0.27879
0.27925
0.28041
0.28469999999999995
0.27799
0.13779
0.14273000000000002
0.1969
0.10376
0.097818
0.09052
0.08294
0.08777
0.13155999999999998
0.20026
0.12097
0.07856
0.07583000000000001
0.0762
0.08072
0.12059999999999994
0.08837999999999999
0.08807000000000001
0.07904
0.27769
0.26607000000000003
0.26153000000000004
0.41844
0.44466999999999995
0.44658
0.36964
0.308614
0.306114
0.21847
0.08288200000000001
0.096083
0.137283
0.17104599999999998
0.16491000000000006
0.167983
0.14797100000000002
0.140248
0.16256900000000002
0.136438
0.123529
0.126527
0.147678
0.10248399999999998
0.18698000000000006
0.22775
0.1416
0.15353
0.12591
0.10468
0.10711620000000001
0.14020000000000002
0.08959999999999999
0.09869
0.15943000000000002
0.1629
0.15442
0.32497
0.23997
0.2087900000000001
0.44049
0.35767000000000004
0.203378
0.26022
0.16195
0.10864
0.11542999999999999
0.09302
0.14542
0.16738
0.16968000000000005
0.23181
0.1533297
0.1787125
0.18037600000000004
0.14999
0.14218
0.12908999999999998
0.13178
0.28615
0.2148
0.34448
0.29962
0.26293
0.22583000000000006
0.261497
0.21528000000000003
0.150089
0.172513
0.163975
0.12263400000000002
0.094881
0.08752069999999999
0.08306480000000001
0.078571
0.0855533
0.08145519999999999
0.12146550000000005
0.0992454
0.2640811
0.3416245
0.33333630000000003
0.212072
0.2067634
0.32816490000000004
0.3278001
0.3478288
0.29241009999999995
0.3237468
0.3261644
0.3303572
0.3310215
0.3306563
0.3318673
0.3410359000000001
0.3370297
0.1002105
0.0956418
0.08837510000000001
0.0903742
0.0982424
0.1069267
0.1142853
0.1418121
0.11393810000000001
0.0999714
0.115821
0.3165775
0.2309621
0.1396491
0.11491869999999997
0.1305424
0.10813039999999999
0.0967926
0.0948697
0.1000324
0.0902981
0.16106900000000002
0.14424669999999998
0.11708629999999998
0.12882020000000002
0.1477374
0.1798217
0.203338
0.1677361
0.1632019
0.16076130000000002
0.10942079999999996
0.1023442
0.1227144
0.1348354
0.13177020000000006
0.1276178
0.29574920000000005
0.283227
0.29213730000000004
0.29110640000000004
0.30604220000000004
0.2947713
0.27735920000000003
0.12710610000000006
0.2404054
0.2939008
0.2766998
0.2728454
0.2784493
0.2711464000000001
0.09433960000000001
0.1232667
0.12575350000000002
0.1042752
0.1027914
0.0950609
0.0935571
0.0953538
0.1064381
0.09733430000000001
0.0936342
0.101591
0.1145082
0.10832989999999999
0.10181810000000002
0.17098139999999998
0.1818154
0.11580739999999999
0.1068861
0.10546320000000001
0.1006855
0.104566
0.11266749999999999
0.1303075
0.12834620000000002
0.1150418
0.1243108
0.13696889999999998
0.12775129999999998
0.1020325
0.1244193
0.15922409999999998
0.15885510000000005
0.14444029999999994
0.10574549999999999
0.2771755
0.2819465
0.2995355
0.2840355
0.2807555
0.29425029999999996
0.10868219999999999
0.14594920000000006
0.2849708
0.3552998
0.36094970000000004
0.35927859999999995
0.3512987
0.34680570000000005
0.3609485
0.35900950000000004
0.3824662
0.3634494999999999
0.3620467000000001
0.3650617
0.3653526000000001
0.35838450000000005
0.3922956000000001
0.4428445
0.4469433
0.4471573
0.4207015
0.2540366
0.1531458
0.1501565
0.1350158
0.1144208
0.1120321
0.10161330000000003
0.1122164
0.2739634
0.2451166
0.0974533
0.1181644
0.0965084
0.08742269999999999
0.08540260000000001
0.13304100000000002
0.23234510000000005
0.2256096
0.22422190000000009
0.103705
0.10341920000000004
0.13363119999999998
0.1209562
0.268113
0.17283679999999998
0.3345031
0.3667482
0.36597820000000003
0.3733199
0.1513899
0.3809257
0.3855556
0.3847118000000001
0.3801939
0.3858087
0.3819719
0.4329381
0.3692247
0.3745398
0.3741188
0.37200279999999997
0.36624
0.3677928
0.37264390000000003
0.3724919
0.3720198
0.3652788
0.3816807
0.4053263
0.4132914000000001
0.3851737
0.3902506
0.3924027
0.3891605
0.3828568
0.3782208
0.3749317
0.3765907
0.3704767000000001
0.3923408000000001
0.4314117
0.3785908
0.3772897
0.3838967
0.3913865
0.3856676
0.3768338
0.3753558
0.3771417
0.3746658000000001
0.3732718
0.3822178
0.3845307
0.43703690000000006
0.37720170000000003
0.3776627
0.3789808
0.3795667
0.3835469
0.38138890000000003
0.3835457
0.3882986
0.3804637
0.3848687
0.31787659999999995
0.44374890000000006
0.3123045
0.34447740000000004
0.34845820000000005
0.3694848
0.3643224
0.3555075
0.3610213
0.3588044
0.3534383
0.3725996
0.3809859
0.3892251
0.3809555
0.3465233
0.3504683
0.3615638
0.3582945
0.3622304
0.3443556
0.3698554000000001
0.36758029999999997
0.3675253
0.3658932
0.4184978
0.37687027
0.3865515000000001
0.34751950000000004
0.35627529999999996
0.35528540000000003
0.3552404000000001
0.3574216
0.3568603
0.34355440000000004
0.35653080000000004
0.3467304
0.3998606
0.33614140000000003
0.3452543
0.34546569
0.38058284
0.38975945
0.40424329
0.35145299
0.36210865
0.3564123900000001
0.33813629
0.34662839
0.3976733100000001
0.3469420400000001
0.37962274
0.38735924
0.39312359
0.40019479
0.40242869
0.35141864
0.35190804000000003
0.35045394
0.36396589
0.4092995
0.41273255
0.39484412
0.35511035
0.3938371000000001
0.34237575
0.37120635
0.30040965
0.37256345
0.08708989
0.14468973999999998
0.09612339
0.10707682
0.08607522000000001
0.13129402999999998
0.08616678000000001
0.13673102999999998
0.08939182
0.07316247
0.05896072
0.13606353000000002
0.06480588000000001
0.16848179
0.16272944
0.14229859
0.13285409
0.13811519
0.14519139
0.15066518999999998
0.09450617
0.06560277
0.07906706999999999
0.09196622000000004
0.04468962
0.05138482
0.08162652
0.03777712
0.06124177
0.10493352
0.14025822
0.02461957
0.02087572
0.03482461
0.14513441
0.14406916
0.25367566
0.25401496
0.26531185999999995
0.0006399
0.003403
0.028810000000000002
0.03058
0.04315
0.06299
0.112
0.11322
0.061570000000000014
0.0804253
0.09024
0.14056000000000002
0.20118000000000005
0.21412960000000003
0.1584676
0.2037331
0.1917905
0.1903285
0.177
0.28935
0.19787
0.20637
0.16217
0.212721
0.248913
0.25635699999999995
0.233643
0.22598400000000002
0.2232641
0.1845361
0.185005
0.177784
0.217619
0.17892200000000005
0.16034600000000002
0.160496
0.174719
0.201018
0.167494
0.181368
0.19156600000000001
0.181953
0.177625
0.169938
0.16535
0.162501
0.170015
0.178508
0.187469
0.215219
0.231102
0.176092
0.202157
0.16282100000000002
0.16535999999999998
0.165702
0.19963599999999998
0.190095
0.181222
0.175359
0.191403
0.163929
0.195626
0.124337
0.0726737
0.0782634
0.11711789999999997
0.05878410000000001
0.0909467
0.13274009999999994
0.1859044
0.09052489999999999
0.13437100000000002
0.14938
0.1785414
0.2294430000000001
0.233917
0.12159600000000001
0.100811
0.128576
0.19886099999999998
0.200937
0.17942300000000005
0.26390800000000003
0.2196369
0.176259
0.1378367
0.0923826
0.08355880000000003
0.0897938
0.1130376
0.1187098
0.2911106
0.1826333
0.1796102
0.15627960000000002
0.2488525
0.2150789
0.2524362
0.259212
0.311603
0.29445
0.293564
0.297211
0.387177
0.3768738999999999
0.333623
0.22664408000000005
0.26823875
0.23822917
0.25424831000000003
0.16094354000000002
0.23279608000000004
0.27098808
0.25528013
0.24638297
0.25446554
0.30340072
0.25868927
0.26936107
0.25457442
0.36223422
0.3719952699999999
0.36431422
0.32078117
0.33444113
0.3299341699999999
0.32857617
0.36998927
0.30528881
0.29219540999999993
0.22123327
0.19899717000000008
0.25194404000000004
0.24351408
0.18500217
0.17856007
0.24040227
0.16873441999999994
0.22001922
0.32755307
0.35886618000000003
0.37070373
0.41968327
0.24847914
0.23290861
0.20985541
0.25290606
0.23540381
0.20361036
0.23752308000000005
0.23443520000000004
0.284358
0.1878798
0.22599760000000002
0.2330249
0.2638702
0.25560846
0.31287759
0.24580199
0.24428078
0.28094396
0.28244727
0.23946714
0.24882978
0.23232948
0.23575728
0.23388544
0.22259098
0.22699238
0.26262294
0.27317376
0.32291250000000005
0.28179540000000003
0.32274465
0.26503329
0.23797478
0.2343304300000001
0.23082788
0.22690219
0.23644363
0.37732284
0.42591454
0.37030504
0.33880401000000004
0.22516186
0.2420952
0.2557247
0.21147884000000008
0.21372004
0.22178014
0.20253146
0.21209841
0.27978323
0.29424113
0.3274777199999999
0.33283802
0.33831456000000004
0.23213032
0.14915056000000002
0.22084505
0.30614775999999994
0.159143
0.154923
0.19415855
0.16332030000000006
0.19447405
0.21533565
0.16005568999999994
0.16908227999999995
0.16930554
0.15237083000000004
0.16066333000000005
0.28429583
0.15462242999999995
0.15922984
0.22188251
0.22113861
0.14185820000000002
0.16497698999999996
0.2753361
0.4289404000000001
0.3709853
0.4332785
0.1787243
0.2305411
0.406203
0.4335992
0.4165246
0.17406530000000006
0.2654683
0.2667319
0.2748359
0.2689722000000001
0.26208560000000003
0.240618
0.18905729999999998
0.2400998000000001
0.1695369
0.3059578
0.27491609999999994
0.29029200000000005
0.32394609999999996
0.30580209999999997
0.26397859999999995
0.2015404
0.2009545
0.2278438
0.2392104
0.22802929999999996
0.2688296
0.27990580000000004
0.3334138
0.254332
0.1679495
0.327832
0.3188047
0.33628179999999996
0.29123899999999997
0.25148545000000005
0.27979854
0.28491645
0.25165854
0.26354064
0.30598249999999994
0.30730259000000004
0.25221259
0.22663268
0.25475963999999995
0.27083564
0.30938944999999995
0.30985841000000003
0.18604841
0.23515713
0.26851022
0.33210361000000005
0.18190594
0.22784251
0.23207336
0.30998554
0.11784941
0.14315265
0.17039101
0.16273544999999998
0.32594094
0.33458339
0.29235648
0.34813663999999994
0.34089934000000005
0.111271
0.26689136
0.15059845
0.11863344999999995
0.17099541
0.23803856
0.34362441
0.26164621000000005
0.25055305
0.29001191
0.1895951
0.20427509
0.16180584
0.24222521
0.27156296
0.27502721
0.30373591
0.14538834
0.28720936
0.32476761
0.28346176
0.18060845
0.26720459
0.22149366
0.24953781
0.25509491
0.19359862
0.2050964
0.12513944
0.25430015
0.22508001
0.19627285
0.27736111
0.17385943999999998
0.23347554
0.28466016
0.27819387
0.29652267
0.16906315
0.2077358
0.18106959
0.16397219
0.3125888
0.17222025000000002
0.25488971000000005
0.13856456
0.18172421
0.1077912
0.28060381
0.18907464
0.28520865
0.16868204000000006
0.22688640000000002
0.17510216
0.23526255
0.1402241
0.116367
0.2301451
0.21213294
0.18553675000000008
0.25552204
0.24835694000000005
0.27765849
0.27889185000000005
0.34635816
0.12838701000000002
0.09354529
0.27003286000000004
0.24647081
0.18242870000000005
0.13342985000000002
0.1532758
0.17765416
0.2619366
0.18071531
0.18538345
0.16002336
0.17919996000000002
0.17366790999999998
0.15968321
0.1110229
0.12265165
0.08604973999999999
0.13834795
0.18236326
0.10927741000000002
0.32680963
0.40044602
0.38113751
0.24605561
0.16487997
0.19436471
0.16123906999999998
0.15534226
0.13669585
0.11476094
0.13305914
0.119245
0.09597214
0.09930024
0.23667600000000005
0.14115764
0.11982299
0.11652424000000006
0.14368874
0.20396796
0.1175827
0.184567
0.312915
0.187339
0.180362
0.097163
0.14859599999999998
0.12336141000000002
0.10848545
0.12615659
0.15019164000000002
0.13689654
0.1213795
0.12239949999999998
0.12935044999999998
0.16834249999999998
0.13946441
0.19167241000000004
0.13279595
0.11666949999999998
0.09549759
0.16242831
0.20961127
0.32909936
0.27067636
0.18996545
0.21421441
0.13277641
0.13505027
0.13124945
0.16222836
0.16018636000000006
0.17839141
0.13962144999999998
0.19211541000000004
0.16685736
0.13206236
0.16610440999999998
0.18688436
0.16188840999999998
0.17592636000000006
0.16308535999999998
0.15204936
0.13680945
0.17811544999999998
0.1731575
0.1927625
0.15864650000000002
0.14793450000000002
0.15396749999999998
0.1564625
0.19474436
0.20277536
0.12346922
0.35814371
0.35952394
0.28816504000000004
0.21918713000000006
0.18987127
0.19315127
0.13091727
0.18024717
0.22919204
0.24693384999999995
0.15227027000000004
0.16084836
0.10724241
0.14246327
0.14163526999999998
0.21902241
0.22296141
0.20970145
0.1882954500000001
0.20111145
0.26799246
0.21998451
0.2005846
0.22063946
0.24369032
0.21059865
0.23888027
0.25065818
0.19527264
0.22321683
0.24178297
0.29663897
0.29050906000000004
0.13915659
0.23231045
0.23710611
0.21146887
0.22136211
0.23665906
0.23683806
0.17880425
0.20633735
0.22266411000000005
0.1999545
0.27535011
0.18239196
0.15630061
0.14429659
0.20893379
0.16194555
0.1654007
0.15979651000000006
0.16763401000000006
0.20407721000000004
0.18676731
0.17798641
0.23801164
0.22438934
0.23555104
0.12395495
0.16809941
0.15333625
0.15622815
0.15329035
0.14926235
0.20958481000000004
0.20387891
0.22568281000000004
0.20840597
0.17306280999999996
0.14170975
0.14025501
0.11284231
0.13494911
0.09609555
0.10406451
0.12980726
0.11679425999999996
0.07331341
0.14647525000000006
0.13763935
0.10064296
0.15157635000000005
0.12034049
0.13015549999999998
0.13403642
0.14659045999999998
0.14492834999999998
0.14492112
0.15684561
0.17357040999999998
0.14992170000000002
0.18306369
0.20043429
0.18291929000000004
0.1919361400000001
0.19483516
0.19568954000000005
0.20693854
0.22997283
0.13003612
0.18654498000000005
0.20469249
0.19699064
0.18483878000000006
0.2138301
0.18895224
0.26350675999999995
0.28857939
0.16942174
0.18491403
0.15839102
0.27283549
0.15405178000000005
0.16169792000000002
0.1926938
0.43369265
0.32760907
0.34301942
0.19097779
0.14280454999999995
0.20353334
0.20819648
0.25592231
0.36942939
0.43942254
0.43434611
0.3644995
0.24033066
0.33460116
0.33165519
0.35851044
0.32590754000000005
0.25279648000000005
0.24008149000000004
0.22342435
0.20019988
0.19632193
0.21420479
0.16271486000000002
0.24703297
0.28239505
0.20554306
0.16959410000000005
0.10430241
0.08507058999999997
0.23603265
0.23491195
0.23656061
0.11197709999999997
0.14678074
0.14476185
0.17268454999999994
0.15054814
0.15484454
0.1408388
0.28775095
0.28892540000000005
0.2856265
0.1619327
0.14620644
0.16066887
0.13681748999999996
0.14762093999999998
0.12485789
0.14382430000000002
0.30375648
0.30502883000000003
0.33910356
0.34914441
0.33006286
0.34004776000000003
0.33371008
0.30668615
0.32109923
0.32332894999999995
0.29544318
0.28729531
0.37310388
0.15094928000000002
0.14718541000000002
0.38431237
0.40576433
0.40656428
0.41036837
0.44823937
0.33030942
0.23545832
0.17070841000000006
0.41542442
0.42378541
0.43769756
0.4376675999999999
0.32674436
0.43512346
0.4427956
0.4240126
0.46547464
0.46743174
0.46337178
0.43454451
0.3795601400000001
0.26052003
0.1531105
0.15714939999999994
0.14798985000000006
0.13845554999999998
0.15863785
0.18315185
0.16393085
0.16875061
0.16979237
0.17190388
0.021284820000000003
0.17352228
0.29268533
0.30820548000000003
0.22382828
0.19163137
0.15836878
0.17860710000000002
0.0498719
0.15374759
0.16350461
0.20908227
0.17176089
0.21425361
0.20216712000000006
0.18752374
0.19840788
0.25151189
0.29130198
0.3472258400000001
0.17043313999999998
0.34120695
0.23144742
0.2572435
0.21593674
0.25829004
0.23545237
0.16777855000000005
0.20290427
0.23851442
0.25992642
0.19548364
0.17433964
0.17487678
0.16441483
0.17262555000000002
0.35182746
0.362379
0.2988731800000001
0.24590833
0.21828932
0.2625565
0.28996565
0.24490583
0.24313169
0.23920764
0.29169455
0.27184032
0.27193237000000003
0.26413351
0.27373833000000003
0.27480918
0.28635823
0.27569837
0.28818228
0.2451616
0.25353159000000003
0.23642655
0.26428474
0.28360646
0.27315237
0.23564359
0.24695951
0.21647518
0.24193109
0.15443128
0.34279881999999995
0.25611832
0.17842831999999995
0.14878342
0.18660046
0.1599065
0.19641337
0.19953928
0.254691
0.28552304
0.24205141
0.20340055
0.20030746
0.24806999
0.21457523
0.2053144600000001
0.23527446
0.20802546
0.21150032
0.25543985
0.26103199
0.23782999
0.24171514
0.22905123
0.22955695000000004
0.14684736999999998
0.3056041800000001
0.36321809
0.409758
0.37900695
0.377793
0.35517185
0.37119833
0.35140555
0.35217142
0.36753132
0.39816809
0.38544614
0.3945522300000001
0.3775722300000001
0.35652642
0.33635258999999995
0.33493965
0.3428825
0.35485750000000005
0.34305741
0.31572459999999997
0.30902623
0.35056295
0.3568669499999999
0.33903095
0.3191213300000001
0.32428333000000004
0.3024570699999999
0.26674282000000005
0.3209253
0.4027769000000001
0.40397921
0.38769391
0.37349779
0.35555019000000004
0.3418883500000001
0.31745164000000003
0.3593865900000001
0.33225774
0.28968840999999995
0.2776695
0.30096863999999995
0.29639655
0.32778131999999993
0.30094137000000004
0.36054128
0.34431637
0.34199014
0.33211609
0.28269028
0.33932627000000004
0.41014214
0.37214618
0.37453395
0.35474614000000004
0.30576441
0.35914954
0.36438154
0.37632041
0.34377654
0.35598559
0.37429041
0.3660163099999999
0.33625145
0.32956450000000004
0.3411095899999999
0.3504975
0.36806559
0.29181049
0.27310884
0.33446673999999993
0.30430820000000003
0.33544061000000003
0.28829266
0.17674006000000006
0.15627884
0.13538854
0.14108359
0.2184459
0.18716358
0.16465175999999998
0.34147566
0.17987827
0.18571448
0.20045021
0.25132336999999993
0.32039348999999995
0.2941690000000001
0.30149392
0.32269408
0.30831708
0.3302876200000001
0.32276826
0.28446294000000005
0.37682447
0.39480541
0.3754058700000001
0.32665998
0.23932335
0.17609924000000002
0.13994949999999998
0.15996711999999996
0.17725199
0.14849678
0.18211761
0.20747781
0.18774589
0.26181681999999995
0.19410292999999995
0.22477204000000006
0.28860603
0.32525283999999993
0.30392887
0.32106099000000005
0.3520295900000001
0.3321613200000001
0.3443006200000001
0.34627937
0.29780474
0.28824151
0.33001019
0.3456994100000001
0.32556366000000003
0.34883768
0.28491736999999995
0.19331455
0.2656614199999999
0.2253534
0.15825254000000002
0.16669469
0.14195974
0.18230141
0.21169208
0.23946623
0.24784466
0.27148124
0.2968152
0.32378377
0.3035501
0.27555824
0.29330739
0.32112729
0.32265170000000004
0.3277489799999999
0.26443577
0.28768525
0.17085195
0.15416515000000006
0.1966804
0.17968035000000002
0.16292099000000002
0.15358399
0.15978777
0.30576433000000003
0.31172805000000003
0.31374659000000005
0.28198954
0.27565214
0.3070203400000001
0.34208815
0.34255308
0.36797175
0.34395165000000005
0.29007981
0.3509238499999999
0.20819309000000005
0.21032899
0.17723292
0.19928684
0.2362525000000001
0.25000229999999996
0.22581153
0.19458065
0.16567575
0.20640767
0.20823513
0.22572314
0.29814961
0.33783461
0.31377326
0.3134732100000001
0.34312998
0.3253252400000001
0.3009543000000001
0.30585326
0.30418103
0.39941827
0.42055646
0.42265642
0.3724472600000001
0.31211186
0.21783988000000004
0.20774951
0.23252943
0.26114335
0.22057070000000004
0.21147453
0.17301635999999998
0.20592613
0.22110178
0.20487038
0.31087832
0.3432254300000001
0.3329127100000001
0.4049025799999999
0.37584939
0.43501597
0.42398464
0.4011956900000001
0.33298388
0.36375991
0.3731823999999999
0.3898187100000001
0.24218265
0.24441338000000004
0.23374498
0.1803229
0.14814789000000006
0.10100834
0.09773139
0.13753071
0.15084641999999998
0.31718282
0.16494659
0.15907473
0.22147591000000005
0.1058331
0.11878429
0.09787680999999998
0.11724391
0.10291182
0.12666167
0.14052922999999995
0.15293318
0.2259729600000001
0.25711292
0.28847176
0.32286451
0.30733811000000005
0.29021805
0.29182092000000004
0.27959736
0.30466612000000004
0.27532651
0.2742578
0.21917370000000005
0.27843417000000004
0.29248791
0.28512545
0.30208725000000003
0.3034991700000001
0.24119272
0.2741851200000001
0.28648708
0.36435562
0.3849632699999999
0.4046811200000001
0.3849641799999999
0.38454053
0.41187823
0.35912038
0.38888406
0.36244726
0.33493842
0.2955820200000001
0.28165178
0.28747002000000005
0.37188968
0.37214757
0.3449076600000001
0.2959041000000001
0.34354077999999993
0.35093853
0.43689484
0.38562694
0.33276297999999993
0.3242379799999999
0.28401607999999995
0.2838391799999999
0.26308727000000004
0.2553624699999999
0.32854818
0.24289706999999994
0.26886836
0.31097095
0.32024790000000003
0.31604561000000003
0.32629915000000004
0.3002241
0.31875495
0.30633675000000005
0.33517091000000004
0.28761548000000003
0.28661478
0.30874333
0.2890758299999999
0.26175478
0.28947528
0.2769182899999999
0.23934808000000005
0.28687548
0.28965512000000004
0.25291087
0.27046232
0.24876105999999995
0.28921882000000004
0.3027163200000001
0.25963288
0.23915697
0.22362726
0.22787051
0.26071332
0.26505926
0.25539901
0.22657205
0.28197057
0.28085062000000005
0.25476420999999994
0.23616134999999994
0.25871785
0.32001715
0.27986775
0.31454067
0.3017473200000001
0.31129596000000004
0.2882626200000001
0.3162179400000001
0.25553862
0.26305752
0.2843925600000001
0.28263791000000005
0.25160196
0.30066858
0.23719937
0.25945378
0.21213528
0.30802455
0.32665819
0.28232873
0.3187528800000001
0.25326002
0.25175779
0.25990705000000003
0.28929154999999995
0.28423489
0.28693775
0.26351108999999995
0.24007989
0.27361279000000005
0.19904379000000005
0.21034063
0.21194105
0.24255679
0.26693111
0.2259430000000001
0.27926065
0.22502498999999995
0.23724160000000002
0.29044596
0.34095617
0.3040080000000001
0.2953983000000001
0.2941524000000001
0.29847650000000003
0.2717042
0.28185019999999994
0.30156619999999995
0.4358874
0.4456627999999999
0.3740645
0.343058
0.3744007999999999
0.30939349999999993
0.27110700000000004
0.2671765
0.3702179
0.3179039000000001
0.3225349
0.2923317
0.3131806
0.3431949
0.33342550000000004
0.27044830000000003
0.2304958
0.2307993
0.24843839999999995
0.24875479999999997
0.21758579999999997
0.2349853
0.25178529999999993
0.2562433
0.301169
0.2925202
0.1908068
0.29481320000000005
0.34900649999999994
0.31254819999999994
0.2639359000000001
0.31152270000000004
0.33896079999999995
0.2918274
0.30113930000000005
0.3149518
0.2761526000000001
0.26710310000000004
0.2973045999999999
0.2999054
0.2658621
0.22861900000000002
0.22308779999999995
0.25007909999999994
0.2385584
0.21128690000000003
0.2652953999999999
0.2900494000000001
0.3086888
0.3098405
0.288046
0.2943133
0.30038040000000005
0.2920277
0.2395636
0.23159949999999999
0.24843469999999995
0.2599212000000001
0.2218174
0.23819369999999995
0.2713290000000001
0.267985
0.2456259
0.2258272
0.26109920000000003
0.23566399999999998
0.37404879999999996
0.34376739999999995
0.2146819
0.2349063
0.2574771
0.29124229999999995
0.2787619
0.2668422999999999
0.28404840000000003
0.2914066
0.28782069999999993
0.28135190000000004
0.30064420000000003
0.3291324
0.35771119999999995
0.28233270000000005
0.3042072000000001
0.2845578
0.2809316000000001
0.3123804000000001
0.3085298
0.29942329999999995
0.2841524
0.3599578000000001
0.3307806
0.0599218
0.0145855
0.014353399999999999
0.0061642
0.031668
0.040211000000000004
0.038159
0.047505
0.11892899999999999
0.10960999999999999
0.0649642
0.053512
0.098967
0.040121300000000006
0.03548899999999998
0.03607899999999999
0.040072
0.05314
0.044302
0.032523
0.036714
0.042632
0.05020999999999999
0.093107
0.08622
0.1139568
0.1005775
0.0399146
0.059189
0.0576404
0.06270490000000001
0.06992100000000001
0.0605395
0.052734100000000006
0.0377258
0.0372994
0.03854799999999999
0.206325
0.33762400000000004
0.329694
0.336165
0.335548
0.33256800000000003
0.32843500000000003
0.34351200000000004
0.34095600000000004
0.353606
0.34712600000000005
0.26724699999999996
0.15925999999999998
0.074851
0.061637100000000014
0.052619000000000006
0.09237099999999998
0.07057799999999999
0.077572
0.035719999999999995
0.050639
0.052764000000000005
0.055903
0.213823
0.188713
0.134024
0.045734
0.042762
0.068298
0.060019
0.095944
0.10681000000000004
0.093172
0.08673099999999999
0.08979000000000001
0.102872
0.111178
0.115452
0.12946300000000002
0.143879
0.152498
0.158318
0.14946199999999998
0.12591700000000006
0.108255
0.096347
0.11558
0.09144829999999997
0.127032
0.08561599999999997
0.11318099999999998
0.08945899999999997
0.14884299999999998
0.19755899999999998
0.12996200000000002
0.12501900000000002
0.15190900000000002
0.080264
0.076076
0.08366799999999999
0.05180459999999999
0.055794
0.04970600000000002
0.054146000000000014
0.053259
0.08351700000000001
0.059197000000000013
0.100689
0.10475900000000002
0.107602
0.304051
0.459247
0.4609200000000001
0.4755860000000001
0.183165
0.3453490000000001
0.338411
0.33413000000000004
0.330087
0.3310469999999999
0.325847
0.32505500000000004
0.32689700000000005
0.325343
0.32600300000000004
0.3303299999999999
0.340246
0.346573
0.34403900000000004
0.338546
0.32711899999999994
0.32953000000000005
0.334687
0.351128
0.417584
0.45985
0.453773
0.421842
0.403897
0.323612
0.325397
0.361214
0.35680900000000004
0.347631
0.36543600000000004
0.33705
0.32613000000000003
0.4121300000000001
0.4169600000000001
0.329956
0.33221
0.31990999999999997
0.3212
0.33090338
0.32142242
0.32319147
0.36635433
0.38303909999999997
0.3826491
0.37320719
0.37017815
0.38533815
0.38805815
0.39214624
0.37876529
0.37425624
0.37385624
0.37810529
0.39586624
0.38889624
0.38884624
0.38820719
0.37379624
0.39286719
0.39423719
0.39820719
0.13207528999999998
0.11905052000000002
0.07706338
0.08641242
0.11153147000000002
0.09210956
0.09880147
0.09095956
0.10250956
0.11161147
0.11672147
0.12039147
0.13277338
0.15779337999999998
0.15247338
0.09836052
0.10495956
0.10539052
0.11584147
0.13109242000000002
0.14835337999999998
0.14331779000000006
0.14875969000000006
0.16266338
0.11439242
0.12304242
0.12022147
0.11892147
0.11001147
0.10681147
0.11479147
0.14475242
0.10498147
0.11798052
0.12002242000000002
0.15355242
0.12818052000000002
0.14019052
0.11508147
0.11100242
0.12440502
0.11515217
0.11182792
0.13567742
0.14182118000000002
0.12320822
0.11243107
0.13136868
0.14522529
0.17691624
0.21619529
0.17644733
0.15118997
0.16596963
0.17015219
0.15862029
0.11804937
0.11515438
0.12153398
0.11612733
0.13012838
0.11896338
0.10713338
0.13654624
0.19623624
0.17976529000000002
0.15393338
0.16931528999999998
0.19638624
0.21461133
0.10070138
0.12112338
0.12718433
0.08748433000000001
0.12832433
0.15395433
0.15208433
0.11986338
0.12040542
0.12046642000000002
0.11646338
0.14643433
0.14315338
0.14746338
0.12963724
0.13599129
0.26252424
0.16731328999999998
0.29727624
0.28445433000000003
0.24328719
0.33042129
0.32618614999999995
0.29579569
0.32600369
0.19932024
0.18911209
0.20757795
0.2073196
0.28676360999999995
0.16481574999999998
0.14973084
0.17954294
0.22501415
0.33650029
0.15969844
0.16477804
0.21029895
0.08578209
0.07137249
0.09190932999999996
0.11456592
0.13887373
0.15802253
0.14377853
0.12610088
0.13330672999999998
0.14359069
0.13912168
0.30149163999999995
0.30579679000000004
0.31982955
0.20867193
0.19461613
0.18444208
0.18805782999999995
0.20038339
0.20266419
0.19293258
0.25180259
0.27391569
0.27924539000000004
0.27004723
0.20007034000000004
0.2066113400000001
0.20284104
0.19085559
0.18641329
0.21433029000000006
0.21280849
0.19976439
0.20249349
0.22639085
0.20570024
0.21292804
0.21977559
0.18768374
0.19608549
0.21829694
0.20640405
0.19877319
0.17857399
0.17576929
0.18562714
0.18191609
0.17775528999999998
0.19817929
0.25134825
0.22374729
0.16716039
0.17557119
0.13658863
0.14409939
0.14406443
0.13224838
0.11452362
0.15429843
0.15935248
0.16340433
0.15544043
0.14504149
0.13461129
0.14863809
0.14785123
0.10415258
0.10241762
0.10157148
0.10684443
0.11807329
0.12755732999999994
0.10747948000000004
0.07192197
0.07495732
0.09450517
0.10220007
0.10291622
0.10690392
0.08752722000000003
0.07688642000000001
0.07615547000000003
0.08121032
0.09653522
0.09803278
0.47242025
0.47187899
0.47044925
0.47371939
0.46889179999999997
0.3703951
0.471132
0.4691621
0.4743665
0.4698285
0.4708814
0.4620511
0.4706330000000001
0.4496011
0.4702802
0.4721373
0.4686969
0.4686978000000001
0.4663892
0.4714159000000001
0.4547916
0.2911821
0.3677721000000001
0.3662988
0.44255730000000004
0.3813564
0.3867174
0.3852007000000001
0.3935116
0.3847231
0.3682059
0.10991689999999997
0.15242119999999998
0.08823310000000001
0.13457650000000002
0.1443165
0.1732774
0.1976321
0.1401284
0.13858040000000002
0.16718909999999998
0.10565230000000002
0.17295549999999996
0.17116679999999998
0.13449029999999998
0.1291963
0.1853344
0.2309801
0.1884655
0.1603394
0.1616955
0.1767703
0.1810564
0.2070701
0.2150784
0.1365654
0.14545640000000004
0.13697610000000002
0.1575691
0.15473440000000002
0.2060375
0.17737860000000005
0.14795529999999998
0.16963670000000006
0.16548790000000002
0.1895872
0.17108020000000002
0.19368
0.1917882
0.19123710000000002
0.1742924
0.1898577
0.17524560000000006
0.1822911
0.1819745
0.1804971
0.16153570000000006
0.1679908
0.1733243
0.17740250000000002
0.198582
0.19197709999999998
0.1573072
0.17005150000000002
0.15913880000000002
0.1693961
0.17336079999999998
0.1838995
0.1688984
0.1556337
0.17621730000000002
0.1830241
0.17491559999999998
0.20296
0.21902529999999998
0.2289846
0.2323101
0.2241479
0.22185900000000003
0.20620410000000006
0.23550700000000002
0.2245016
0.23223
0.23729210000000006
0.2151953
0.2067994
0.16364560000000006
0.17623729999999999
0.2059444
0.2053273
0.15287889999999998
0.1864439
0.2125566
0.1862936
0.18686490000000008
0.21081440000000004
0.17527060000000005
0.1743372
0.23492290000000005
0.2031397
0.2191681
0.2175272
0.1984265
0.17909529999999999
0.1864774
0.2004529
0.2289242
0.20678030000000008
0.1956362
0.2093672
0.2045553
0.2302157
0.2058789
0.220543
0.2078547
0.19864930000000008
0.1865223
0.15678930000000002
0.1625019
0.17003010000000002
0.1842697
0.1887182
0.1876731
0.17547739999999998
0.16002679999999994
0.16370184
0.1969373
0.1582858
0.2050341
0.1443907
0.1530353
0.16912760000000002
0.1834734
0.17872490000000002
0.2042933
0.1851366
0.2084824
0.190263
0.2136256
0.2250572
0.1968556
0.200267
0.2255051
0.16587190000000002
0.1719973
0.2513473
0.2742703
0.29825100000000004
0.2676427
0.18732520000000005
0.189804
0.1634727
0.171827
0.1958701
0.2131233
0.20884589999999997
0.2098846
0.20847420000000003
0.216739
0.2204
0.2290889
0.22411639999999997
0.2078938
0.1988053
0.1995278
0.200256
0.1984354
0.199932
0.2137329
0.2097889
0.20707199999999998
0.2094653
0.2045117
0.2172089
0.2285633
0.26348
0.25073
0.246158
0.206091
0.1942155
0.2317118
0.22092240000000002
0.21511190000000002
0.20807039999999996
0.2129482
0.2192962
0.215169
0.2111469
0.211617
0.1884735
0.1990611
0.2280886
0.2280276
0.1887989
0.1879134
0.1818698
0.2020602
0.1868375
0.1990846
0.20180209999999998
0.2160575
0.2307996
0.22714570000000003
0.21115970000000006
0.215364
0.22557359999999999
0.223071
0.23047500000000004
0.2465337
0.2468341
0.2309342
0.1834
0.1988766
0.228126
0.2257604
0.2091085
0.16930250000000002
0.1809549
0.17577120000000002
0.18617650000000002
0.2174599
0.1878418
0.17224219999999998
0.1675191
0.1629216
0.1678171
0.1950874
0.17219900000000002
0.1792186
0.171139
0.1511701
0.15717690000000006
0.1558136
0.15771010000000002
0.1499683
0.14693489999999998
0.14352720000000002
0.1369525
0.142913
0.148674
0.1428532
0.1485536
0.13780799999999999
0.1614612
0.1748375
0.16346129999999998
0.15590749999999998
0.1361204
0.1271886
0.1419605
0.1548876
0.15556119999999998
0.13355079999999994
0.116541
0.11626379999999994
0.11090710000000001
0.1119202
0.11137459999999998
0.1202733
0.16356929999999995
0.16672659999999995
0.13405319999999998
0.1163593
0.1267662
0.11556459999999999
0.12112139999999999
0.1250598
0.11935919999999997
0.10726500000000001
0.11429410000000001
0.1183428
0.1184689
0.1174923
0.11072830000000003
0.11594460000000001
0.1217519
0.12318519999999998
0.11460630000000001
0.1275712
0.1360841
0.1272451
0.1222713
0.15913729999999998
0.1574741
0.173601
0.12514229999999998
0.12320330000000003
0.1177972
0.1651145
0.12826310000000002
0.1191905
0.1153995
0.1371362
0.13922220000000002
0.12071629999999994
0.1134295
0.154158
0.1582968
0.16196819999999998
0.13249429999999998
0.1121788
0.1075145
0.1152783
0.2141411
0.155043
0.16397889999999998
0.158063
0.1636391
0.1037217
0.1585973
0.16643929999999998
0.1403874
0.1236875
0.1448953
0.1055692
0.1131454
0.11249660000000003
0.10984560000000002
0.09412000000000001
0.1582363
0.1270965
0.14551350000000002
0.14131459999999998
0.1266109
0.1274737
0.13987449999999998
0.1311977
0.15311439999999998
0.1353665
0.1231336
0.2011221
0.21938800000000008
0.2006882
0.1889232
0.1911843
0.2293101
0.1829014
0.17532129999999999
0.2603984
0.1941642
0.2179753
0.201754
0.20639520000000003
0.1993442
0.2103883
0.2041112
0.2053762
0.1971324
0.1827031
0.2379374
0.2447442
0.2273563
0.2182215
0.2357715
0.25876950000000004
0.2344274
0.2090743
0.2286652
0.27516440000000003
0.2832746
0.2632245
0.2665877
0.2309524
0.2565005
0.24263249999999997
0.2074743
0.2226705
0.2659925
0.26090050000000004
0.2075865
0.1959086
0.2391887
0.32945099999999994
0.3861683
0.2010747
0.1991675
0.2021723
0.1895243
0.1975112
0.2094223
0.2065844
0.1954512
0.1989204
0.19871529999999998
0.1860151
0.1989952
0.2296572
0.21396120000000002
0.1996543
0.2165594
0.1975563
0.2109642
0.2064893
0.1990872
0.1883704
0.2326564
0.2027312
0.19505429999999999
0.1936543
0.1986734
0.1914383
0.2107581
0.2192511
0.2279291
0.2062612
0.19943529999999998
0.1989932
0.2006721
0.2149941
0.21036999999999997
0.200677
0.2207581
0.2109662
0.1834154
0.1888294
0.1864563
0.1857941
0.20197120000000002
0.19747520000000002
0.1867442
0.1861814
0.1875314
0.18545520000000001
0.1879954
0.19115520000000005
0.18202630000000009
0.1868703
0.1822173
0.1852842
0.1848072
0.18803950000000005
0.2143861
0.2289743
0.2576834
0.2401087
0.2300034
0.2486453
0.24557420000000002
0.23676329999999998
0.21558320000000006
0.19508020000000004
0.1975682
0.20679320000000004
0.21009829999999996
0.2217072
0.2441004
0.2650522
0.28181110000000004
0.2713752
0.2325172
0.2342939
0.181931
0.19007900000000005
0.199671
0.17675799999999994
0.152132
0.154526
0.217377
0.15510100000000002
0.191185
0.18430100000000005
0.163868
0.185327
0.188304
0.266243
0.169546
0.13233499999999998
0.13059400000000002
0.264889
0.15582200000000002
0.14938099999999999
0.149783
0.14465699999999998
0.13209500000000002
0.13361199999999998
0.149549
0.14033800000000002
0.16235699999999995
0.13142
0.138426
0.139378
0.16672
0.14506700000000006
0.12451300000000001
0.129945
0.126754
0.133297
0.18538
0.27084
0.22898000000000002
0.24947000000000005
0.24375400000000005
0.2746190000000001
0.26441000000000003
0.19888599999999998
0.19003399999999998
0.17253200000000002
0.232234
0.16788600000000006
0.170193
0.21100500000000005
0.208296
0.231582
0.25031499999999995
0.246442
0.22512000000000004
0.19515800000000005
0.206031
0.195435
0.173007
0.192777
0.20550500000000002
0.16876300000000002
0.18914
0.174986
0.169503
0.16678800000000002
0.176144
0.200491
0.19277
0.18427900000000005
0.17151799999999998
0.1672474
0.15976449999999998
0.16080039999999998
0.16059600000000002
0.17054360000000002
0.16779750000000002
0.22430090000000005
0.15352019999999994
0.14610140000000002
0.14437019999999998
0.148802
0.16030500000000006
0.33278800000000003
0.321245
0.278303
0.25001
0.2348800000000001
0.257124
0.242522
0.13612999999999995
0.134411
0.14329499999999998
0.18240100000000006
0.171491
0.170627
0.146258
0.12926700000000002
0.130508
0.120238
0.13434300000000002
0.14302
0.120652
0.13502999999999998
0.138669
0.124758
0.14405
0.14408600000000002
0.131592
0.1586747
0.134278
0.1188296
0.1122738
0.11105819999999998
0.11115889999999999
0.1541999
0.14138499999999998
0.18195
0.16969
0.153883
0.143955
0.18669
0.23054000000000002
0.22701
0.184014
0.14986899999999995
0.15153
0.15596600000000002
0.160478
0.304843
0.247461
0.14161400000000002
0.22710100000000005
0.249115
0.160931
0.131158
0.13347199999999998
0.137701
0.133573
0.142487
0.15931199999999998
0.173582
0.17572400000000002
0.180999
0.18000899999999995
0.18175999999999998
0.171655
0.16613599999999998
0.159494
0.15185700000000002
0.198751
0.17147
0.16969900000000002
0.189404
0.19107
0.188476
0.19498
0.168628
0.177065
0.169697
0.185686
0.166283
0.15685629999999998
0.159446
0.205353
0.22176500000000002
0.20306
0.2229774
0.219107
0.2204327
0.1875516
0.210054
0.2323088
0.20197660000000006
0.1393471
0.17493369999999994
0.17009649999999998
0.1375237
0.1800095
0.17448940000000002
0.173847
0.1784599
0.17090889999999995
0.16032320000000005
0.20916079999999998
0.1801237
0.1970542
0.1336775
0.13896609999999998
0.1349204
0.13694230000000002
0.12930940000000002
0.1243665
0.1363604
0.19635610000000006
0.1484623
0.19407420000000006
0.20381129999999997
0.2054351
0.1299923
0.12591229999999998
0.1433146
0.1260375
0.16335560000000002
0.17010940000000002
0.1703875
0.13316039999999998
0.1802604
0.12712939999999998
0.19499
0.16171800000000006
0.19685400000000008
0.11912360000000001
0.190518
0.1982608
0.134778
0.12451
0.11883
0.109751
0.121426
0.150503
0.14469400000000002
0.14061400000000002
0.12289
0.129338
0.13431300000000002
0.133426
0.136856
0.136465
0.13382800000000006
0.114353
0.13486099999999998
0.14285499999999998
0.15530199999999994
0.137015
0.13204000000000002
0.11261000000000004
0.09647
0.09582
0.1369
0.122288
0.10932
0.10608
0.10061
0.09836
0.09586
0.10199
0.11719
0.12335
0.12812
0.1253
0.13526
0.14161
0.13245
0.11419000000000001
0.11724000000000001
0.13812
0.13635
0.1142
0.10570999999999997
0.11041
0.11731
0.10624
0.10349
0.10114
0.10049
0.11334
0.13135000000000002
0.10052
0.11554
0.15735
0.1554
0.1452
0.13599
0.11065
0.11175999999999997
0.13049000000000002
0.14142000000000002
0.14594000000000001
0.23891
0.27434000000000003
0.2777
0.28464
0.27867000000000003
0.27559
0.1022
0.12988
0.14315999999999998
0.11132
0.11401
0.1308
0.13019
0.12042
0.11286
0.12342
0.10614
0.09522
0.10019
0.10141
0.14989999999999998
0.1654
0.14575
0.16651
0.18555
0.2349
0.38303
0.304
0.4274
0.34891000000000005
0.19782
0.15643
0.19215
0.149611
0.11239
0.096492
0.20715
0.24173000000000006
0.2179
0.362
0.30820000000000003
0.30058
0.31352
0.32655
0.31794
0.15515
0.15149
0.17969000000000002
0.13294
0.13227
0.11444000000000001
0.1059
0.09811
0.09631
0.10656
0.13952
0.11005
0.12963
0.14429
0.10693
0.09668
0.10925
0.10028
0.09594
0.10138
0.08685000000000001
0.08632999999999999
0.0799
0.08288999999999999
0.09244
0.08993000000000001
0.09064
0.09802999999999999
0.09613
0.27168000000000003
0.26456999999999997
0.25816
0.26054
0.26195999999999997
0.05838
0.0541
0.0568
0.08978000000000001
0.06613
0.05429
0.0476
0.04318
0.04886
0.07489
0.08563
0.05426
0.034670000000000006
0.03642
0.0343
0.03362
0.03851
0.03923
0.04355
0.06957
0.0622484
0.0527482
0.08172
0.046504
0.22759000000000001
0.24186999999999997
0.2347700000000001
0.2322
0.05147
0.055720000000000006
0.06006
0.05836
0.21412
0.06966
0.07005
0.17304999999999998
0.19003
0.221
0.23265
0.30498000000000003
0.31487
0.24216
0.18313
0.2381500000000001
0.21895
0.23936100000000002
0.44404
0.4456340000000001
0.4417390000000001
0.41125
0.25657
0.306329
0.3839130000000001
0.283074
0.29111400000000004
0.28303340000000005
0.2742539
0.2793572
0.23841
0.2296819
0.2380891
0.2868544
0.30848799999999993
0.240795
0.2820499999999999
0.266854
0.31083900000000003
0.308888
0.321524
0.320542
0.3118750000000001
0.295613
0.287639
0.31586400000000003
0.269966
0.297503
0.363545
0.4153699999999999
0.41557
0.3862
0.398379
0.32659
0.30295110000000003
0.3053539
0.3809438
0.344672
0.3500247
0.3480191
0.271945
0.27040800000000004
0.252
0.3832449
0.30977340000000003
0.2448489
0.29092470000000004
0.2683688
0.2730345
0.26079389999999997
0.26812290000000005
0.2910687
0.34486
0.37379
0.31743000000000005
0.302342
0.2853
0.28981999999999997
0.28758
0.28588
0.29957
0.2401
0.29690000000000005
0.33117
0.31186600000000003
0.3907
0.33063950000000003
0.32527140000000004
0.31772370000000005
0.3134533
0.3362961
0.29161459999999995
0.29440700000000003
0.3733327
0.3084313
0.3418773
0.3338724
0.34098579999999995
0.3618823
0.371767
0.29168320000000003
0.30802609999999997
0.3358555000000001
0.34296659999999995
0.3880664
0.3443675
0.36066129999999996
0.3798299000000001
0.311414
0.3200385
0.3259289
0.3500930000000001
0.3691056
0.3128391
0.272508
0.3750246
0.4050999000000001
0.3916803
0.282067
0.3016627
0.4038527
0.3167818
0.32764990000000005
0.3220665
0.3699804
0.3848732
0.3835942
0.35229699999999997
0.33089890000000005
0.3159447
0.29656520000000003
0.2843661
0.3500551
0.34923750000000003
0.29120559999999995
0.33044460000000003
0.3167284
0.27603039999999995
0.348076
0.30982459999999995
0.2870337
0.32955320000000005
0.3662684
0.3757184
0.3484427
0.30508040000000003
0.29547320000000005
0.3304949
0.3574532
0.3672778999999999
0.4081069000000001
0.3987647
0.3701356000000001
0.417788
0.419557
0.4320126999999999
0.4134556
0.4138566000000001
0.4006968
0.4399175
0.421548
0.409077
0.369382
0.3894212
0.4082554000000001
0.4024825000000001
0.370722
0.3766042
0.3815669
0.3962825
0.4029596
0.3857571
0.3776153
0.3957027
0.3944557
0.3845037
0.3800138
0.3872182
0.394912
0.3352464000000001
0.4118779
0.3931264
0.4012191
0.3972453
0.3837934
0.299097
0.352398
0.39864320000000003
0.3789832
0.4001594
0.3997851
0.39264509999999997
0.3757152
0.3813782
0.3905738
0.4033238
0.41384499999999996
0.4236299
0.3869261
0.35023459999999995
0.37390650000000003
0.3796189
0.3568037
0.3634199
0.378008
0.36414179999999996
0.3826522
0.3426946
0.3684513
0.3638613
0.3584203
0.3824713
0.4097803
0.3979413000000001
0.4600627000000001
0.417328
0.3948322
0.4071203
0.4021203
0.3934503
0.4119308
0.3978146
0.34924750000000004
0.35744370000000003
0.3544547
0.3857756000000001
0.3939742000000001
0.4037794000000001
0.4165827
0.3459275
0.370626
0.3853884
0.4017703
0.47575320000000004
0.477647
0.4752713
0.4745351
0.3620075
0.4749594
0.4744137
0.4726142
0.4702594
0.4734902
0.473913
0.4745748
0.2699808
0.3714440000000001
0.2331691
0.2621779
0.28214930000000005
0.3672998
0.3768916
0.3724500000000001
0.364886
0.39261490000000004
0.33891990000000005
0.3480442
0.415108
0.37137990000000004
0.403147
0.3604337
0.3757917
0.3589022000000001
0.4706113
0.4623778000000001
0.4308488999999999
0.3913899
0.4016050000000001
0.3938008
0.38507800000000003
0.397938
0.4007841
0.4196427
0.4138275
0.3367544
0.31017370000000005
0.3106991000000001
0.4343524999999999
0.4433676
0.39331170000000004
0.3806728
0.388052
0.3993630000000001
0.3932044
0.4064200999999999
0.4575394999999999
0.3833507
0.3873108000000001
0.2886150000000001
0.4300334000000001
0.4387318000000001
0.2798401
0.3355522
0.33688909999999994
0.35178940000000003
0.3863311
0.3964769999999999
0.398318
0.45909
0.46382
0.45085699999999995
0.4334939999999999
0.4435790000000001
0.324306
0.339961
0.33275580000000005
0.3991033000000001
0.370013
0.368183
0.3959097
0.415528
0.42790600000000006
0.417577
0.417574
0.392708
0.43217
0.401354
0.4402680000000001
0.44109
0.40126300000000004
0.44896
0.43436
0.372225
0.39864
0.2252915000000001
0.3840319600000001
0.26781482
0.29237101
0.40107101
0.40975942
0.4200510100000001
0.33769255
0.29773784
0.3353434
0.326904
0.3435111
0.3744272000000001
0.3669601999999999
0.40395890000000007
0.3655941
0.3396519
0.33731479999999997
0.4272333
0.3813468
0.3915112000000001
0.4084771
0.3874557000000001
0.3545029000000001
0.3339343
0.31217059999999996
0.36030065
0.35699979
0.36975444
0.37845343
0.39836339
0.34316768
0.3650168299999999
0.4387912000000001
0.4358228
0.4604604000000001
0.4455400000000001
0.4583539999999999
0.4494927
0.4702961
0.4574857
0.364507
0.406663
0.393897
0.41705299999999995
0.390665
0.375736
0.3681169600000001
0.3983028500000001
0.38634569
0.37090427
0.37849383
0.37610190000000004
0.29556523
0.30515814
0.28768241
0.34746328
0.30518428000000003
0.27128712
0.30898712
0.34320953000000004
0.34462853
0.35822118
0.3522770000000001
0.30191799999999996
0.27890550000000003
0.3188748
0.404857
0.39736419
0.28673254000000004
0.27309487
0.32861798
0.33018038
0.3752579300000001
0.141287
0.1390516
0.31449039999999995
0.3113134
0.32817470000000004
0.3526946
0.42248
0.4021383
0.4193702
0.426683
0.4108116000000001
0.4050900000000001
0.405674
0.4242610000000001
0.4028143000000001
0.379505
0.4139600000000001
0.439646
0.397918
0.3912538700000001
0.400839
0.377807
0.27063305000000004
0.24550219
0.24758899999999995
0.303697
0.30672699999999997
0.33363899999999996
0.33487
0.3317316
0.42653
0.45341
0.40593
0.42984
0.43612
0.42163
0.4049
0.3593
0.3646900000000001
0.389266
0.38913
0.39965
0.444402
0.44523999999999997
0.43851
0.4429300000000001
0.43362
0.43688
0.44418
0.4365700000000001
0.422753
0.454049
0.466527
0.42841
0.43658
0.463664
0.469509
0.432751
0.46917299999999995
0.46618000000000004
0.4700800000000001
0.4698
0.47025
0.4676900000000001
0.4665300000000001
0.466
0.45532
0.4701099999999999
0.47044
0.47108
0.47004
0.47127
0.47058
0.47121999999999997
0.44915
0.450348
0.408997
0.406805
0.4209100000000001
0.40759
0.396956
0.4079592
0.398493
0.4018323
0.4367093
0.39607559999999997
0.4227884
0.4406708
0.3347989
0.359298
0.4101255999999999
0.3981108
0.4173789000000001
0.4183513
0.4302217
0.4339651
0.42242120000000005
0.4203813
0.412348
0.4148989000000001
0.4282532000000001
0.4111212
0.4002527
0.41382579999999997
0.402673
0.458568
0.448827
0.46014
0.36517
0.34195
0.35743
0.40098
0.37395
0.38798
0.364249
0.33818000000000004
0.354169
0.44213
0.3721271
0.406367
0.391854
0.381826
0.306768
0.2944
0.284293
0.31853399999999993
0.314459
0.30194600000000005
0.2943250000000001
0.2920142
0.290493
0.33633119999999994
0.26758000000000004
0.30943000000000004
0.354
0.440511
0.4438798
0.443948
0.428187
0.255229
0.427163
0.4281643
0.43166099999999996
0.438579
0.443165
0.4376350000000001
0.43577200000000005
0.449295
0.438792
0.434938
0.426703
0.414822
0.453824
0.470774
0.473558
0.434805
0.47087
0.470119
0.4682970000000001
0.4718273000000001
0.46496899999999997
0.416941
0.43629300000000004
0.471051
0.472413
0.4631830000000001
0.46617600000000003
0.46956899999999996
0.472462
0.47289899999999996
0.464412
0.467533
0.472088
0.466936
0.472652
0.4708270000000001
0.468423
0.4674390000000001
0.450225
0.469739
0.47254
0.47087
0.4698810000000001
0.466515
0.473271
0.473279
0.43750900000000004
0.468924
0.471314
0.464433
0.464483
0.46207700000000007
0.459132
0.470872
0.471149
0.47156
0.471081
0.470261
0.469434
0.448697
0.450798
0.445713
0.4497
0.4724189999999999
0.4736199999999999
0.47475
0.47392
0.47301
0.47289
0.47403
0.4455
0.46765
0.47381
0.47464
0.47512
0.47484
0.47229
0.47411000000000003
0.47398
0.47359
0.4738
0.4675800000000001
0.47339499999999995
0.4728700000000001
0.4734600000000001
0.47228
0.4737699999999999
0.47339
0.47353
0.4731800000000001
0.46787
0.47234
0.47317
0.4693200000000001
0.4725920000000001
0.46817
0.4724600000000001
0.4340100000000001
0.43964
0.4734100000000001
0.47359
0.4737
0.47353
0.4087299999999999
0.40676
0.38664
0.40799
0.4136
0.39667
0.33666
0.3504700000000001
0.37874
0.3964800000000001
0.41314
0.38268
0.376288
0.33673000000000003
0.423669
0.37707
0.4339960000000001
0.4422
0.44454
0.43946999999999997
0.43765
0.4277510000000001
0.4088000000000001
0.42902
0.41315
0.3887809999999999
0.406453
0.4577320000000001
0.451717
0.386347
0.39414
0.4277
0.41642
0.41729
0.4300060000000001
0.4368409999999999
0.4169560000000001
0.404461
0.3938275
0.42084
0.4326510000000001
0.4184
0.4102685
0.3543860000000001
0.356318
0.3131045
0.35441599999999995
0.3496774
0.36074559999999994
0.394486
0.434733
0.4274689999999999
0.443207
0.44453218
0.4442022299999999
0.43916946
0.41786637
0.43215946
0.43732741
0.4450218
0.4424660999999999
0.4296354100000001
0.43538655
0.3905923200000001
0.31712741
0.37965141
0.37473855
0.34815206000000004
0.34074925
0.33621143
0.3370707099999999
0.33606335
0.41138139
0.36713706
0.42769746
0.37687169
0.40714715
0.3751007400000001
0.41824269
0.3907719
0.40379978
0.40546765
0.3988440600000001
0.33594528999999995
0.33961473
0.33500165
0.19755188000000004
0.20417355
0.22569297
0.23946678
0.17276665
0.14431874
0.20022122
0.21528715
0.16902192
0.29698548
0.25395168
0.31221970000000004
0.3145905
0.3467025
0.3606111
0.38964137
0.3663652
0.3853757
0.4137197
0.4055592
0.3982263
0.4247637
0.407643
0.4184754000000001
0.4209917
0.3834524000000001
0.4155794
0.42740396
0.38757403
0.43712527
0.44397582
0.44475577
0.43909756
0.4303465100000001
0.3907914100000001
0.37294154
0.35748629
0.40901584
0.4076309000000001
0.4024019500000001
0.43116942
0.44382055
0.40412545
0.35255449999999994
0.35735124999999995
0.44801005
0.4419106500000001
0.37472328
0.40696715
0.3637714
0.36074706
0.11687001
0.11846322
0.3033856100000001
0.25592606
0.42553588
0.21315827
0.37985872
0.34903251
0.2353610200000001
0.25264591
0.27041779999999993
0.30603444
0.29047112
0.2580543
0.24781776000000005
0.2337149
0.31427186
0.26949957
0.26551214
0.22840382
0.29615063
0.33081744
0.14055574
0.16658281
0.11048900000000003
0.16131357999999998
0.09270504000000004
0.09646195
0.06311333000000001
0.04924542
0.06889286
0.11068213000000003
0.09233363
0.09058976
0.15371314
0.06503033000000001
0.08542999999999999
0.00022319999999999998
0.46362700000000007
0.3157428
0.1568447
0.16232
0.1003433
0.31423379999999995
0.2631989
0.2586898
0.247766
0.2894679
0.202285
0.3627557
0.28312750000000003
0.2698571
0.2103151
0.23502270000000006
0.2960015
0.2071317
0.2700828000000001
0.2414381
0.30137049999999993
0.29776579999999997
0.3026787999999999
0.3219145
0.2136399
0.2174109
0.16754560000000002
0.26346790000000003
0.3245672
0.31194479999999997
0.186685
0.2109813
0.4192696
0.3672998
0.38269790000000004
0.36171433
0.22903133
0.22086818
0.14884636000000004
0.22070195
0.2445926
0.15071736
0.25185832
0.28775061
0.28858321
0.31401752
0.36394007
0.3683374200000001
0.42951782
0.33121462
0.32886132
0.29635652
0.32642727000000005
0.2019941
0.4413780000000001
0.42452029999999996
0.26061999999999996
0.2441210000000001
0.28386100000000003
0.300213
0.3095389
0.34777199999999997
0.33049120000000004
0.2831183
0.326901
0.30963
0.324963
0.2978829999999999
0.3089310000000001
0.26051199999999997
0.30542
0.27074000000000004
0.2293065
0.2538077
0.2366488
0.19631221
0.243426422
0.230366668
0.230451422
0.219087182
0.239143332
0.234326108
0.241490528
0.182119738
0.181928082
0.18046
0.46859
0.38368
0.294817
0.28041
0.243859
0.24629500000000004
0.23684299999999997
0.232839
0.31622
0.36615
0.41043
0.33131000000000005
0.22299000000000002
0.3734
0.362976
0.35827
0.36535
0.32416
0.181063
0.33892
0.31453000000000003
0.266008
0.133553
0.22824699999999998
0.301
0.30903
0.22641
0.35104
0.3214
0.35565
0.35623
0.31164000000000003
0.37972
0.29118
0.31405
0.3642918
0.33102580000000004
0.2085048
0.2142195
0.21504070000000003
0.2901568
0.3153738
0.25691679999999995
0.2591158
0.2685973
0.2398658
0.20434023
0.18745772
0.27465290000000003
0.3243786
0.30511000000000005
0.3040173
0.3244143
0.31539280000000003
0.29913759999999995
0.34234819999999994
0.3337619
0.3527305000000001
0.32973810000000003
0.3297733
0.35253680000000004
0.25248809999999994
0.2500367000000001
0.2650447
0.2606724
0.2978161
0.3096114
0.3216143
0.31989
0.33984800000000004
0.36336
0.374519
0.360825
0.31288
0.316289
0.32267
0.31367
0.32514
0.37021
0.32864
0.35748
0.36208
0.320992
0.301858
0.233311
0.340746
0.349104
0.34283499999999995
0.254815
0.339931
0.351059
0.34741900000000003
0.35737800000000003
0.34310300000000005
0.308249
0.339353
0.349236
0.19135
0.26868400000000003
0.35741
0.08147599999999999
0.10241199999999999
0.22016500000000008
0.350376
0.36652399999999996
0.38579
0.4394
0.33206800000000003
0.3777
0.33129000000000003
0.34448
0.32396
0.3409590000000001
0.328254
0.331233
0.33020900000000003
0.31306300000000004
0.316585
0.329597
0.351987
0.362651
0.34315100000000004
0.358648
0.347012
0.336394
0.348252
0.35543699999999995
0.347722
0.322815
0.32599
0.327533
0.31104201000000004
0.30510705000000005
0.29910505
0.29891396000000003
0.31137387000000005
0.35560896000000003
0.42233292
0.45067182
0.44848287
0.44847687
0.46480192
0.43537992
0.46479982
0.44948187
0.46712492
0.32560792000000005
0.30544982
0.30922278000000003
0.33220487
0.35553300000000004
0.4644130000000001
0.338403
0.337208
0.352487
0.334798
0.33771999999999996
0.316735
0.33581
0.300937
0.33965519999999993
0.3236553
0.32812810000000003
0.31561360000000005
0.33410229999999996
0.3378836
0.2208078
0.31204299999999996
0.32807600000000003
0.325085
0.3095131
0.304438
0.26247600000000004
0.250578
0.28830572200000004
0.260525
0.264859
0.273113
0.30934300000000003
0.27276300000000003
0.26010700000000003
0.253012
0.25742800000000005
0.246333
0.272481
0.251795
0.28877800000000003
0.276173
0.267288
0.271015
0.2919350000000001
0.26257800000000003
0.298256
0.296746
0.291997
0.1580174
0.17085840000000002
0.163164
0.132491
0.17843499999999998
0.30659699999999995
0.31304
0.3044060000000001
0.282909
0.125719
0.111085
0.24697800000000006
0.127137
0.13755799999999999
0.327041
0.2991
0.296885
0.315984
0.11383
0.238808
0.186435
0.114489
0.134021
0.14269500000000002
0.098163
0.140056
0.138681
0.10708599999999999
0.112106
0.13713699999999998
0.12456500000000001
0.12134099999999998
0.1337
0.112564
0.11756
0.126135
0.103709
0.18094
0.3741600000000001
0.42315
0.45078
0.46628000000000003
0.46639
0.46672
0.46697
0.376098
0.43926400000000004
0.44363
0.397899
0.37078
0.349191
0.40583
0.249929
0.26187000000000005
0.27936
0.268422
0.190163
0.097302
0.09871100000000002
0.106031
0.10623800000000001
0.088271
0.089086
0.08910699999999999
0.11837
0.14677700000000002
0.139674
0.13608599999999998
0.13552999999999998
0.12836999999999998
0.1197
0.3388100000000001
0.32716999999999996
0.29415
0.27097
0.31471000000000005
0.25509
0.266087
0.32889
0.30506999999999995
0.2156313
0.1538908
0.153
0.18051
0.16214
0.16901
0.14794000000000002
0.14664000000000002
0.15579
0.14887999999999998
0.15256999999999998
0.18884
0.17873
0.23165
0.17289000000000002
0.18507
0.1995
0.15522
0.15114
0.16449
0.19496
0.209633
0.189457
0.20401
0.24347
0.22923
0.24159
0.2468
0.22712
0.169372
0.18783
0.18813
0.15542999999999998
0.1945
0.2199
0.17576
0.19188
0.16837999999999995
0.16559000000000001
0.16818
0.15445
0.1511
0.16982000000000005
0.146241
0.18359
0.15952
0.166228
0.21561999999999998
0.22309
0.16475
0.16541
0.172862
0.17098999999999998
0.18834
0.16521000000000002
0.17848999999999998
0.20885399999999998
0.2
0.2445400000000001
0.25507
0.254
0.27212
0.25859999999999994
0.238277
0.2069203
0.21849
0.220549
0.20448
0.23135
0.20138
0.197789
0.21622
0.23346799999999998
0.2344495000000001
0.23766000000000004
0.245066
0.207505
0.183981
0.25181
0.17539000000000002
0.18653
0.25699
0.27812000000000003
0.26941
0.25956999999999997
0.28639000000000003
0.209772
0.22222600000000003
0.17868299999999998
0.22042
0.175343
0.120067
0.17904
0.17800000000000002
0.1372078
0.15010840000000006
0.1740226
0.2023751
0.1898603
0.20604320000000004
0.1856803
0.19041210000000008
0.1822124
0.17054380000000002
0.1729591
0.20152420000000001
0.1945163
0.2005072
0.22027600000000006
0.2081530000000001
0.2088051
0.22136820000000001
0.21496010000000004
0.1472204
0.1485816
0.17475729999999998
0.1506627
0.12869670000000002
0.13351210000000002
0.14532179999999995
0.13190739999999998
0.13302979999999998
0.22297089999999997
0.3115093
0.22677810000000004
0.1179721
0.13700900000000002
0.2420669000000001
0.15979369999999998
0.12501610000000002
0.11679569999999999
0.0989242
0.1164476
0.1262367
0.1288548
0.159219
0.1457961
0.14050305
0.13542817999999998
0.13638055
0.132954
0.14194743
0.17814837
0.26741240000000005
0.3779705
0.4036226
0.3923443
0.3483734000000001
0.3477229000000001
0.3505777
0.3484972
0.2970468
0.29960770000000003
0.2419505
0.29474240000000007
0.2914819
0.28180279999999996
0.4154444000000001
0.3978206000000001
0.3310424000000001
0.2989305
0.2807405
0.2693112999999999
0.2608067000000001
0.26602202
0.29590419999999995
0.3096663
0.29862339999999993
0.3175909
0.3210386
0.3912251
0.36376
0.36888909999999997
0.32209560000000004
0.3086948
0.3245228
0.30116040000000005
0.34478800000000004
0.35208150000000005
0.3626201000000001
0.3578624
0.343411
0.3414404999999999
0.3602086
0.35404080000000004
0.4018481
0.4071739
0.3202962
0.3090467
0.31273660000000003
0.3155796
0.3157967
0.3217152999999999
0.3101038
0.29477529999999996
0.2748041
0.30554640000000005
0.3079081
0.3029613
0.31741100000000005
0.3235705
0.3538392
0.2977554
0.3123402
0.3130450000000001
0.3197662000000001
0.26923925
0.27690299
0.29243393
0.2772006
0.24949720000000003
0.28315248
0.3086482100000001
0.33048008
0.32425683
0.29750056
0.32128723
0.32561203000000005
0.29682161
0.31312639000000003
0.28777923
0.3094759
0.26033082
0.27531918
0.29205958000000004
0.33021757
0.31240528
0.31438535
0.24585415
0.32409628999999995
0.33483368
0.3260617
0.33154225
0.3270464000000001
0.28704315
0.32108053
0.25848349
0.2721180500000001
0.3301859300000001
0.3660039600000001
0.3386263
0.4652907
0.4290626500000001
0.30677423000000004
0.3272836799999999
0.3681809
0.26063855
0.16041972999999998
0.13608958000000002
0.07930442
0.13135393999999995
0.18398154000000005
0.24053584
0.28345402
0.29785937
0.29367938000000005
0.29012251
0.27190005
0.21625045
0.25016728
0.32059633
0.33559772
0.32827429
0.34028668
0.29689778
0.31374440000000003
0.4351186599999999
0.29179996
0.3098829
0.3259491
0.40259128
0.38932604
0.3897688999999999
0.4017392000000001
0.4039931000000001
0.29979191
0.2369473000000001
0.32160016
0.3822679900000001
0.37040668
0.37840699
0.33374173
0.32296052
0.36562818
0.37738561
0.37026087
0.3567876
0.3661401900000001
0.36033152
0.38622808
0.28603541
0.23381669
0.2439283
0.29448772
0.25938236
0.31783218
0.32576466
0.31380357
0.30165833
0.25663549
0.28587479
0.28323725
0.361218
0.35198609999999997
0.36448600000000003
0.30690972000000005
0.28997428
0.3454772
0.35299949999999997
0.361538
0.38453390000000004
0.37564663
0.33038123
0.32160606
0.34763714
0.17726098
0.13398469
0.1435319
0.30243357
0.29938679
0.31309568
0.34597603000000005
0.30562778
0.22991562
0.32857942
0.31572084
0.35242142
0.34934358
0.34451069999999995
0.3066955999999999
0.29159685
0.23916138
0.33164520000000003
0.32018900999999994
0.32885626999999995
0.3454413800000001
0.31618896
0.32067601
0.34129694
0.3491999
0.3146686
0.28249869999999994
0.29115184999999993
0.31105429999999995
0.3159329000000001
0.3092536699999999
0.3030566000000001
0.3301526000000001
0.31011831
0.2852413500000001
0.32487981
0.27548111
0.23993091
0.32893262
0.3376792
0.34810068
0.3579043799999999
0.3495744
0.3188307
0.31856055000000005
0.34749585
0.30780430000000003
0.2762527200000001
0.17950755
0.20961953
0.25233945
0.26575215
0.15430443
0.15695694999999998
0.29179971
0.32074401
0.33985307
0.34828327
0.32815854000000005
0.30320501
0.31034394
0.31958059999999994
0.25450075
0.27573467
0.29310481000000005
0.28316119999999995
0.25233411
0.28827052
0.3846671600000001
0.34522322999999994
0.30523962999999993
0.40660074
0.40804503
0.36306485
0.3541315600000001
0.34810455
0.34773503999999994
0.35947149999999994
0.37743982
0.23977683
0.14896940000000006
0.20649391
0.28476691
0.30538535
0.3407254699999999
0.33864528000000005
0.33758005
0.33341821
0.35607413
0.3404778800000001
0.28445444
0.21082075
0.21815794
0.37551193
0.42552853
0.30826106
0.32904179999999994
0.22285929999999998
0.21663585
0.32654739
0.26415694
0.28200223
0.28909504
0.30116400000000004
0.3038841
0.17694431
0.32703754
0.32416691
0.34072759999999996
0.32798530000000004
0.31182487000000003
0.27878021000000003
0.2125364
0.2162754
0.21215757
0.20599008
0.15702733000000002
0.18815222
0.19680013
0.20613089
0.11841183
0.23635313
0.08015578999999998
0.07730881999999999
0.07404827000000001
0.18790814
0.22140829000000006
0.22647229
0.35044787
0.26325231
0.32268583
0.28908849000000003
0.29395382
0.29377991
0.25175914999999993
0.25519404
0.23738246
0.24436234
0.24672209
0.28759674
0.2487744
0.2792484000000001
0.3241506
0.3784238999999999
0.35762619999999995
0.3683211999999999
0.3799435
0.3581375
0.3780127
0.4044035
0.3514084000000001
0.3255515
0.3230284
0.3629656
0.3602566
0.36482040000000004
0.340785
0.3484086
0.3299005
0.1939075
0.28784930000000003
0.2857841
0.2931849
0.29128399999999993
0.2744356
0.3101957
0.2994929
0.3393679
0.2958854000000001
0.17397790000000002
0.07428080000000001
0.08093510000000001
0.16131379999999998
0.2533307
0.2668261
0.23534249999999995
0.260968
0.22515270000000004
0.1921481
0.2111472
0.290029
0.28655836999999995
0.26206823
0.27078175000000004
0.31920678
0.33135862
0.31864934
0.29484661
0.33182117
0.34991903
0.3062557
0.36703259
0.32455477
0.30793074
0.31757451
0.30818504
0.28387664
0.31539188
0.3335994
0.28081125
0.23008858
0.34974036000000003
0.33242432999999993
0.33876529999999994
0.3230208800000001
0.29832065
0.30613169999999995
0.24373793
0.29486070000000003
0.35187500000000005
0.35867829
0.358648
0.29419095999999995
0.32820334999999995
0.31695372
0.30648783
0.2564229600000001
0.31955088
0.25225192
0.2806336
0.2969433200000001
0.33844182
0.30387682
0.3217699299999999
0.37558263
0.31423032999999995
0.36181035
0.3804990500000001
0.3636123800000001
0.34810673
0.31674122
0.36362922
0.33537681
0.3044005
0.3029775
0.323141
0.3064909
0.2750145
0.30290320000000004
0.3328415
0.24925920000000001
0.27177690000000004
0.27226259999999997
0.3030217
0.3064002
0.28653860000000003
0.2621341
0.3105318
0.3368283
0.4110281000000001
0.4165092000000001
0.3807447
0.3886872
0.3525435
0.32870400000000005
0.3495435
0.33613249999999995
0.3640007
0.34424409999999994
0.3419844
0.3329469
0.3163692
0.31363060000000004
0.31742380000000003
0.3230686
0.3395552000000001
0.3752083
0.3303940999999999
0.2905181999999999
0.31036649999999993
0.3546555000000001
0.3910147
0.34917020000000004
0.3361360000000001
0.3142322
0.3132429199999999
0.36021142
0.3766187799999999
0.34203282999999995
0.35945219999999994
0.3784669000000001
0.34958710000000004
0.32192909999999997
0.32859499999999997
0.32524615
0.3305045299999999
0.32404686999999993
0.35360250000000004
0.3220949199999999
0.3239405000000001
0.35898179999999996
0.3516957000000001
0.3574723
0.327344
0.29216754999999994
0.27224440999999994
0.3180619
0.2986674
0.32448327
0.34732282
0.37006541
0.34342377
0.29293835
0.28936509999999993
0.31997354999999994
0.31000321000000003
0.32240154000000004
0.33592816000000003
0.33687859000000003
0.34000909
0.32299232000000005
0.34383743
0.31413470000000004
0.35613191
0.3173841599999999
0.33929859999999995
0.31895151
0.2943176199999999
0.24104815
0.29305258
0.33499023
0.30636971
0.34456043000000003
0.31887298000000003
0.31162204
0.33268615
0.3373367200000001
0.3049700899999999
0.3097178500000001
0.31316895
0.28690152
0.33730669
0.3172321899999999
0.3316202100000001
0.32505208
0.3212530999999999
0.3010212800000001
0.22988044
0.17363929
0.1965749400000001
0.16626760999999998
0.17865757000000002
0.17078518
0.13247519
0.16169292000000002
0.21087292
0.21887434
0.18503485000000008
0.15421269
0.1269754
0.13306448
0.12711497
0.13364478000000002
0.17648064999999996
0.16834515
0.25455966
0.20426662
0.21956948000000004
0.18717866
0.24270511
0.20585306
0.18960760000000002
0.24189725
0.22200311
0.24686797
0.19473492
0.21943339
0.18283234
0.23228525
0.26559262
0.20641366
0.22873871
0.22176443
0.23629034
0.21219415
0.21293315
0.23226397
0.24814120000000003
0.21843829
0.2312023900000001
0.27867934000000005
0.25490511
0.16406976000000004
0.13979280000000002
0.22390057
0.20239997
0.19966206
0.23192825
0.21590567
0.25553657
0.23742762
0.19883943
0.20934048
0.23420171
0.21670425
0.21021294
0.22733885000000004
0.2086408
0.2430229
0.26735953
0.27659862
0.28786762
0.26849153
0.34903566
0.23503771
0.14501631999999998
0.13951304
0.09665505
0.11627931
0.11275106
0.10083508
0.1124837
0.16162196999999995
0.20370006
0.26258497000000003
0.16913202
0.12324988
0.17160087999999998
0.18457165
0.17301996999999994
0.12276825
0.16185015000000005
0.17313465
0.16291690000000006
0.19880737000000004
0.18462646
0.20982702
0.21074392
0.25509825
0.21799053
0.29671898
0.19685466
0.14377982999999994
0.17856950000000002
0.15267467
0.17742179
0.19660173000000009
0.22334763000000005
0.24519157
0.32806153000000005
0.21434011
0.23329483
0.20916602
0.13323865999999998
0.18945639
0.24408448
0.13006106
0.1869392
0.17984601999999994
0.17770808
0.16316168
0.17189939999999998
0.24418866
0.25803453
0.18904820000000008
0.22139862
0.19759771
0.22988771
0.25016276
0.28007171
0.23271553
0.20648148
0.27163729000000003
0.20683657
0.2770638
0.22480357
0.23937000000000005
0.23010529
0.28360152999999994
0.23792771
0.24144011
0.14744525
0.22793869
0.20291918
0.23081915
0.22266483
0.28680259
0.24203973
0.18703345
0.20961191
0.23866254
0.22785466
0.2297463800000001
0.24907446
0.23673924
0.23186305
0.21225114
0.21579588
0.18541924000000004
0.20033827999999995
0.18668619
0.22375252
0.2196482
0.31257133
0.23796965
0.26435541999999995
0.26735591000000003
0.22100119
0.24606351
0.32545687
0.28187496
0.20673456
0.18116945
0.18788091
0.19354281
0.17107704000000004
0.11932537999999998
0.14551177999999998
0.2012451
0.13925505
0.13851264
0.16103291
0.29660228
0.16158351
0.21616938
0.25896436
0.26880959
0.21809959
0.22732245
0.24056341
0.18214959
0.21878641
0.2214515
0.27568436
0.21496054
0.25759245000000003
0.24138245
0.24034149999999999
0.39044341
0.33544436
0.20062836
0.21927545
0.22963054
0.23500054
0.28169245000000004
0.2178815
0.45256627
0.45255531
0.44699341
0.4383034100000001
0.44044436
0.35840245
0.41283531
0.45304722
0.43577436
0.42882436
0.45393436
0.38993341
0.37883245
0.4438043599999999
0.45124436
0.43288436
0.44616627
0.40559341
0.43078531
0.44974231
0.44848722
0.41791341
0.45352531
0.40660627
0.38358436
0.43730436
0.45990231
0.44502531
0.41483627
0.45057341
0.36073054
0.45841245
0.45940436
0.43924341
0.37930245
0.39550245
0.34102959
0.3885815
0.44152245
0.45264341
0.43529245
0.42151341
0.38767436
0.4551353100000001
0.45458436
0.43611436
0.43477465
0.41129441
0.42802250000000003
0.43822341
0.44535341
0.43230436
0.4494185000000001
0.38269973
0.41135877
0.43691541
0.4296053100000001
0.4096715
0.42879531
0.40374531
0.42750531
0.44739341
0.45458436
0.4434643600000001
0.43934531
0.38131341
0.4651643600000001
0.45382327
0.45352627
0.44952436
0.41703951
0.43177245
0.44038341
0.4410753100000001
0.41234436
0.43368341
0.38412436
0.4380053099999999
0.4420153100000001
0.43024722
0.40260341
0.4060085
0.4234583100000001
0.24539754
0.20370173
0.28355764
0.41824754
0.4354624500000001
0.4396934100000001
0.3546495900000001
0.43637245
0.4272424500000001
0.44182341
0.3853515
0.45112436
0.3523515
0.43425245
0.43305245
0.45962341
0.39649054
0.44320245
0.34176864
0.45575245
0.4505315
0.44078341
0.36305826
0.41126341
0.30913959
0.4313515000000001
0.4371724499999999
0.41637245
0.386389
0.41185150000000004
0.3918515
0.45402945
0.44960341
0.18376245
0.22369245000000004
0.23882054000000005
0.15639959
0.4292314999999999
0.43294245
0.41166054
0.4013495
