0.08225006
0.13139901999999998
0.11914172
0.12373547
0.06307966000000001
0.10635462
0.17110423
0.16463087999999998
0.13678537
0.13952688
0.20760608000000005
0.08972407
0.07797317000000001
0.09868607
0.09840542
0.10838857
0.10157412
0.10854292
0.10064742
0.10117961999999996
0.15494802
0.22458462
0.15165207000000006
0.11519327
0.11902067
0.11308581999999998
0.07257726
0.10190396
0.09831432
0.29926508
0.25819083
0.11358542
0.07867926
0.09120238
0.16521841999999998
0.30142753
0.13387428
0.09366652
0.10969722
0.0985214
0.15858460000000002
0.12326969999999997
0.1381539
0.1321674
0.18025239999999998
0.15159560000000002
0.13396840000000002
0.13843770000000002
0.1811299
0.182345
0.09112629999999998
0.1132445
0.1523467
0.06507049999999999
0.13372710000000002
0.1607465
0.15610570000000001
0.1648693
0.0886072
0.1632683
0.1536787
0.17599720000000002
0.1813685
0.1331716
0.1363047
0.17196119999999998
0.12133479999999999
0.1748402
0.12232260000000002
0.16242420000000002
0.1384231
0.14458369999999998
0.1944293
0.1489093
0.1540945
0.1158118
0.1466967
0.09197200000000004
0.1802501
0.212063
0.14087070000000002
0.1826784
0.19521880000000005
0.12845230000000002
0.1322293
0.1509003
0.08241620000000001
0.06872349999999999
0.13700020000000002
0.1104104
0.07939969999999999
0.17210910000000001
0.16449460000000002
0.158929
0.166698
0.1740691
0.18611300000000008
0.2018173000000001
0.2423792
0.24199020000000002
0.1789721
0.216716
0.1914315
0.23183510000000002
0.2035999
0.19053370000000003
0.1146609
0.13491239999999996
0.14151919999999998
0.27339833
0.13881121000000002
0.16243249000000004
0.24676992
0.24644567
0.16292038000000006
0.18310873
0.18234742
0.17152995999999998
0.15796576
0.21768156
0.17621942999999998
0.20325623
0.21532478
0.18324986
0.21105201
0.14322716
0.12839699999999998
0.2338125000000001
0.2422023
0.2663085
0.2620699
0.22488249999999999
0.2047184
0.21524169999999998
0.16510279999999994
0.1892532
0.1685897
0.16750520000000002
0.15795450000000005
0.1378846
0.13698480000000002
0.1079579
0.1416846
0.16030740000000002
0.16527399
0.17224250000000002
0.1783058
0.19207759
0.17268003999999998
0.12674877
0.18603511
0.18816955
0.18526675
0.13027505
0.13668144999999998
0.17417488999999994
0.19073296
0.21419573
0.21509151999999995
0.17457241
0.15863026000000002
0.15991476
0.17710920000000002
0.13992545
0.17053290000000002
0.16555986
0.11421545
0.21745412
0.25375592
0.13533219
0.14891620000000005
0.17558960999999998
0.16799129000000002
0.17336645
0.18422192
0.0992618
0.1548615
0.15460809999999994
0.2412075
0.2307862
0.21746330000000005
0.2217623
0.2074178
0.2143813
0.2260473
0.2350466
0.1935229
0.1598324
0.1785187
0.2188965
0.17349489999999998
0.2182245
0.2071964
0.2299382
0.21718870000000004
0.2237067
0.2781636
0.2543878
0.2397232
0.2248694
0.2149375
0.2642401
0.2145304
0.2261673
0.23352910000000002
0.24046610000000004
0.2368061
0.23289320000000002
0.17470410000000006
0.226462
0.20524210000000004
0.2372428
0.23267929999999998
0.23018419999999995
0.21158629999999995
0.22942129999999997
0.25398119999999996
0.225684
0.17873039999999998
0.1970012
0.187342
0.1916485
0.0951879
0.0980048
0.1486519
0.1760846
0.14611459999999998
0.1389798
0.16671170000000002
0.1683998
0.17695360000000002
0.1897736
0.2645446
0.15947360000000002
0.2008546
0.1564585
0.17663810000000002
0.1825145
0.22735
0.2068761
0.22220810000000002
0.25970180000000004
0.28918189999999994
0.1971457
0.18225560000000002
0.16500920000000002
0.1941243
0.1753118
0.1618601
0.2091796
0.1886915
0.18572629999999998
0.23958629999999997
0.16340729999999998
0.2022811
0.17295439999999998
0.15373199999999998
0.10961949999999998
0.23300029999999997
0.187829
0.20119520000000002
0.15547139999999998
0.2167685
0.20990999999999999
0.1285876
0.1013457
0.15816899999999998
0.1332937
0.1800104
0.16605799999999998
0.18508
0.1293251
0.1769328
0.16736710000000002
0.1126028
0.13239179999999998
0.16751609999999995
0.1584928
0.0999931
0.114717
0.15007609999999996
0.1751001
0.11854859999999998
0.1853036
0.13554462
0.09765034
0.19230752
0.21920265
0.15165175
0.18328485
0.15535155
0.14133445
0.14040540999999998
0.10184365
0.17538985999999998
0.12002462
0.16831655999999998
0.08364225
0.17556228
0.16466780999999994
0.19623973
0.22169116
0.17106255999999995
0.14410161
0.12195986
0.09290462
0.29883322
0.31629227000000004
0.25251942
0.12305891
0.07812003
0.17983844
0.19514389
0.14976559
0.1832889000000001
0.0534367
0.13289990000000002
0.11988672
0.24438572
0.2455344200000001
0.19616361
0.11971681
0.15715441
0.102597
0.09779336
0.14774592
0.13201136
0.11052346
0.07973591
0.09385381
0.10299891
0.08560294999999997
0.11091670999999996
0.11702481
0.11749684999999994
0.11077615
0.07639304999999999
0.09261714999999998
0.10181205
0.1113905
0.10584395
0.08521885
0.07854454999999999
0.12378216
0.27234291999999993
0.16378625000000002
0.05897461
0.11319191
0.11456515999999994
0.14601331
0.10988446
0.12604341
0.12341101
0.06820271000000001
0.26000612
0.14527361
0.1458307
0.11820931
0.1428201
0.1531379
0.14710415
0.1134979
0.056637400000000004
0.07174035
0.13762475000000002
0.08738184999999997
0.049116900000000005
0.06596638199999999
0.10280922
0.14165461
0.14683256
0.12115305999999998
0.0604878
0.06175736
0.17685014999999998
0.08205225999999999
0.08037881999999999
0.11020742
0.15180052
0.11345571000000006
0.17305462
0.16969462
0.14658111
0.10540121
0.058535860000000016
0.05743775
0.05996395
0.05408489
0.24138909
0.23826029
0.24542785
0.23787399
0.0531058
0.16041776
0.22008346
0.18466911
0.18704586
0.17011116999999998
0.0936469
0.13039234
0.15253983999999998
0.08208029999999998
0.10384299
0.12062262
0.10036283
0.11501948999999995
0.09653547
0.07868225999999998
0.12074806
0.1203565
0.12552488
0.14724550999999994
0.14679377999999998
0.13542927
0.09069057
0.15513126
0.06863966
0.07556696
0.054478399999999996
0.05651289
0.15632815
0.15748425
0.09867739999999997
0.07269874999999998
0.08520871999999999
0.06970371
0.32032222000000005
0.22775479999999998
0.20394114
0.22803144
0.18639457
0.16426777
0.15715307
0.08232506
0.08179956
0.18640482
0.18291712
0.17408211
0.21119612
0.1926471
0.18227476
0.21260922
0.20389202
0.20208578
0.17832872
0.09173829999999998
0.07978589999999999
0.0653773
0.0772619
0.12658433000000002
0.12480339
0.12546907
0.11818267000000005
0.16190376
0.16126477
0.14156942
0.14543652
0.14988036999999998
0.12085887
0.16456031999999998
0.1950253700000001
0.18243392
0.16520996
0.13302796000000006
0.15645101
0.17855002000000006
0.1592697
0.21697097
0.21886248000000005
0.18355573000000008
0.19137177
0.19778177
0.23816092
0.24816896
0.21376291
0.19880715
0.16750775
0.20861065
0.18101972
0.13904396
0.17872071
0.12573120999999998
0.11637495
0.16002711
0.17323215
0.19495825
0.2098104
0.20433
0.17541615000000002
0.16822539
0.17089920000000006
0.23141115
0.19033961
0.19925385
0.21171722
0.16466045
0.13081625000000002
0.10205795
0.12363095
0.12078025
0.07561675
0.08471416
0.07394870999999999
0.17179366
0.19377227
0.14912916999999998
0.13563122
0.10675662
0.24440548
0.1934865
0.0953758
0.07395199999999999
0.08536223999999999
0.06812889999999999
0.07402230000000001
0.0950603
0.060405499999999994
0.1343703
0.10772189999999998
0.06805459999999999
0.07949930000000001
0.1121455
0.10687730000000001
0.1109263
0.17733789999999994
0.1174779
0.1188212
0.11528150000000001
0.1898998
0.17231029999999994
0.15868020000000002
0.15344029999999995
0.15804980000000002
0.155796
0.16202509999999998
0.15394829999999998
0.1145862
0.1323091
0.16969269999999995
0.1204121
0.13422699999999999
0.1572693
0.1283538
0.13578370000000006
0.17322550000000006
0.115685
0.1191973
0.11261179999999996
0.11052290000000001
0.1094608
0.1279989
0.13330219999999998
0.06174849999999999
0.1150477
0.1398887
0.15458339999999998
0.15411
0.12794139999999998
0.0907924
0.116983
0.10921130000000001
0.08652860000000001
0.1195888
0.1111715
0.105282
0.13513770000000006
0.1635871
0.16222979999999998
0.10673889999999997
0.10253039999999998
0.1118229
0.10813519999999999
0.1057185
0.0993714
0.10627840000000002
0.104873
0.1049572
0.1231883
0.1177488
0.1160317
0.1986126
0.11297639999999999
0.1202347
0.1054234
0.1093114
0.1236999
0.11320739999999999
0.05418220000000002
0.05789762
0.1355181
0.22954720000000006
0.1457176
0.1382609
0.1150312
0.07455010000000001
0.07274270000000001
0.12741
0.1385789
0.094695
0.284727
0.2846658
0.2886154
0.13854339999999998
0.2423234
0.2684538
0.2813914
0.059065699999999985
0.2288245
0.23159169999999998
0.2386686
0.2297379
0.2500159
0.2295499
0.15106570000000002
0.0918483
0.10051423
0.16186029999999998
0.0679276
0.0595467
0.10327309999999999
0.09388570000000004
0.12662249999999994
0.0961528
0.0781428
0.0756689
0.0962862
0.092662
0.08315039999999999
0.0868191
0.0795841
0.1461296
0.1541394
0.1391997
0.1122657
0.07871310000000001
0.0652832
0.07938730000000001
0.075779
0.14218360000000002
0.1440005
0.1257543
0.1592343
0.0897577
0.1049057
0.14946890000000002
0.1056838
0.081338
0.0704386
0.0539075
0.049555699999999994
0.0936053
0.08565239999999999
0.08361310000000001
0.1359879
0.049337
0.0741824
0.16141509999999998
0.1389703
0.06676760000000001
0.08228519999999999
0.08938750000000001
0.0729386
0.1150322
0.1244088
0.0976517
0.1347607
0.1054914
0.1603415
0.1135787
0.1011627
0.0697762
0.1260098
0.0858385
0.0539626
0.0631332
0.067967
0.06480119999999999
0.08330900000000001
0.07191820000000003
0.0604316
0.07275160000000001
0.06032340000000001
0.0463903
0.04576
0.06738150000000001
0.1969398
0.0992648
0.14681410000000006
0.1231884
0.145427
0.1256979
0.13772969999999998
0.13159920000000006
0.1340171
0.13454319999999995
0.1427526
0.1595891
0.1642442
0.1457558
0.155292
0.2286191
0.193489
0.2125
0.23306500000000002
0.1869717
0.2526581
0.202893
0.1468786
0.15734800000000002
0.1161941
0.115934
0.195179
0.16780889999999998
0.16546529999999998
0.048266
0.0404918
0.08910280000000001
0.1208205
0.16995980000000002
0.1915149
0.183115
0.14951399999999998
0.1116681
0.1111843
0.1192525
0.17133310000000002
0.2430723
0.1912728
0.230192
0.20276
0.145634
0.15814280000000006
0.1558806
0.16769019999999998
0.17071160000000002
0.1511799
0.1454453
0.15300560000000002
0.1505375
0.15043620000000002
0.14881560000000002
0.15505099999999994
0.19730999999999999
0.15809250000000002
0.15970479999999998
0.1571104
0.18776529999999997
0.1507189
0.15224880000000002
0.19351600000000002
0.19819546
0.14692639999999998
0.1510376
0.14515299999999998
0.13819759999999998
0.14239309999999994
0.0477224
0.05255220000000002
0.12545499999999998
0.1596611
0.1417071
0.0609932
0.1879242
0.21381
0.237359
0.177101
0.185503
0.1782549
0.1889875
0.16477950000000002
0.18654189999999998
0.17609660000000002
0.183948
0.1921962
0.2081532
0.1931822
0.17445750000000002
0.1723089
0.17167777
0.1842488
0.18579079999999998
0.21204
0.18762
0.1383106
0.1681497
0.1787766
0.183769
0.189034
0.17678010000000002
0.1699369
0.1984756
0.18156700000000006
0.207041
0.2049665
0.1954817
0.202277
0.18165770000000003
0.1672979
0.172171
0.198478
0.187687
0.1906204
0.2099773
0.190582
0.1715659
0.1841297
0.179148
0.15953810000000002
0.1769521
0.1490023
0.1884332
0.305238
0.20958000000000002
0.216107
0.2882
0.194383
0.138529
0.19335210000000005
0.187383
0.1872559
0.1359874
0.0761299
0.0801721
0.1584097
0.1611999
0.218354
0.2043089
0.1098489
0.1413948
0.190677
0.17749
0.120616
0.13349070000000002
0.13912679
0.16942549999999998
0.1212719
0.15446400000000002
0.16129000000000002
0.15800299999999998
0.17597999999999994
0.187878
0.223002
0.08897200000000001
0.0728665
0.12044469999999999
0.17350929999999998
0.19740410000000005
0.187845
0.16958399999999998
0.1173299
0.31924
0.272307
0.13298900000000002
0.1108776
0.1839743
0.0907021
0.16000999999999999
0.13464489999999998
0.1117365
0.0740195
0.0887213
0.08214410000000001
0.12250430000000001
0.2322893000000001
0.22736889999999998
0.23349589999999998
0.2233494000000001
0.2525259
0.170799
0.17954879999999998
0.17453880000000002
0.2009039
0.13867780000000002
0.10343190000000002
0.10820969999999999
0.1197647
0.1564942
0.1572568
0.15736979999999998
0.12154769999999998
0.11585699999999999
0.12967950000000006
0.1294961
0.13619299999999998
0.138812
0.150035
0.1287774
0.12223599999999997
0.14175439999999995
0.2391936
0.2565969
0.1681539
0.14747680000000002
0.1070111
0.1246288
0.1008867
0.1173562
0.15259260000000002
0.1265473
0.1613339
0.131096
0.12578630000000002
0.1250905
0.1253442
0.12623130000000002
0.14240940000000002
0.1418067
0.1605922
0.14066900000000002
0.16083799999999998
0.15320299999999998
0.1242277
0.1307198
0.17414849999999998
0.16347080000000005
0.13145849999999998
0.13595590000000002
0.12900889999999998
0.2040817000000001
0.148846
0.1114647
0.1487167
0.11871980000000001
0.14002089999999998
0.16410380000000002
0.144704
0.1431309
0.1271278
0.11868010000000001
0.1183998
0.1161075
0.15931099999999998
0.164853
0.1265171
0.1273381
0.1426351
0.1167502
0.1346131
0.133472
0.12928309999999998
0.129552
0.16151500000000002
0.130022
0.1265882
0.134088
0.1405729
0.14363589999999998
0.1563678
0.143844
0.1628879
0.1354881
0.12892479999999998
0.13180210000000006
0.1670475
0.1452441
0.1338046
0.11611309999999996
0.1677679
0.14231090000000002
0.1110572
0.1191422
0.14068889999999998
0.1156347
0.15048209999999998
0.1516139
0.148465
0.12948400000000002
0.1660439
0.1263677
0.133194
0.122983
0.15900889999999998
0.1124991
0.1025712
0.1158737
0.116063
0.10453530000000001
0.1009696
0.1216128
0.13569230000000002
0.1273262
0.13088080000000002
0.13091019999999998
0.149089
0.14319310000000002
0.16499509999999998
0.1324356
0.110724
0.1403309
0.14087
0.1566112
0.18839470000000005
0.18034
0.17652679999999998
0.1975267
0.1822306
0.1803579
0.16888570000000006
0.13738289999999995
0.07018110000000001
0.1062419
0.0961332
0.08163255999999999
0.13627052
0.07500546
0.05174091
0.05723196
0.062306859999999985
0.06448815999999999
0.06502736
0.10076142
0.05487856000000002
0.03615666
0.05382532
0.059830780000000014
0.06668246
0.07174262
0.07832882
0.08490666
0.09578447
0.04459086
0.13155999999999998
0.168354
0.1615127
0.12921512200000002
0.13274960000000002
0.15397049999999998
0.189114
0.171075
0.16254500000000002
0.16308699999999998
0.1631901
0.158864
0.151563
0.115574
0.1138492
0.10632080000000001
0.105946
0.192519
0.203582
0.17111400000000002
0.14737419999999998
0.1623489
0.1642086
0.2503841
0.21570799999999998
0.1621211
0.164676
0.1660024
0.1650241
0.16410539999999998
0.16892079999999998
0.1110232
0.1077654
0.1343309
0.1572851
0.1108911
0.10941179999999999
0.1080575
0.14223380000000002
0.1532076
0.1399839
0.1398669
0.1643985
0.15550190000000005
0.13483789999999998
0.1432258
0.119037
0.137046
0.0934176
0.2115984
0.11992629999999999
0.1057973
0.1779586
0.16264800000000001
0.159539
0.1749613
0.1833569
0.173007
0.1623029
0.1884358
0.1871471
0.15769450000000002
0.18758570000000002
0.1990037
0.2419536
0.1888146
0.16342850000000006
0.2070618
0.174284
0.1728801
0.1581396
0.1803348
0.18124400000000002
0.16047289999999995
0.15433
0.1702869
0.17821389999999998
0.1897258
0.1981309
0.2043489
0.178757
0.1957409
0.176495
0.1872501
0.1621636
0.1632676
0.2144014
0.1892886
0.1813793
0.1826874
0.178794
0.17703929999999998
0.20875
0.180528
0.1960193
0.2031429
0.2357649
0.1666339
0.171263
0.17888170000000006
0.1796326
0.1965979
0.16127809999999998
0.1817745
0.20815770000000006
0.159956
0.20871599999999998
0.187105
0.202433
0.201346
0.1821311
0.183971
0.1619197
0.1930659
0.1836456
0.1241056
0.1201553
0.1057139
0.118925
0.1030775
0.1181606
0.13948449999999998
0.1179728
0.1338518
0.1384319
0.13145079999999998
0.10310280000000001
0.12854100000000002
0.1631328
0.12004839999999999
0.149872
0.15614370000000002
0.1457486
0.1610036
0.123329
0.11648430000000001
0.1158
0.1960766
0.1246501
0.121609
0.15054579999999998
0.1277479
0.1091857
0.1132892
0.152408
0.11249209999999996
0.1163142
0.0596318
0.06434609999999999
0.062709
0.0507294
0.09312460000000004
0.06480230000000001
0.05932150000000001
0.06611639999999999
0.0834038
0.1931825
0.32431740000000003
0.351152
0.3507248000000001
0.05567930000000002
0.0914297
0.05991990000000001
0.060114
0.0992502
0.0830091
0.04971010000000002
0.0603283
0.0713062
0.054815800000000005
0.057095400000000004
0.0492201
0.0549981
0.0729197
0.0614039
0.059176599999999996
0.0584077
0.05212220000000002
0.0967581
0.04692940000000001
0.06173790000000001
0.0845712
0.0717136
0.07230829999999999
0.0565313
0.0535991
0.0622005
0.06509079999999999
0.06515760000000001
0.0926572
0.051361300000000006
0.0907589
0.058013400000000014
0.0401194
0.0568505
0.033962300000000015
0.0338356
0.1423699
0.1788719
0.1280163
0.13614720000000002
0.16845290000000002
0.13573410000000002
0.1159667
0.1532176
0.1310558
0.0981272
0.032938999999999996
0.030591799999999995
0.0294897
0.051969900000000006
0.0635603
0.0719202
0.038123000000000004
0.0568612
0.0440903
0.0314779
0.0380562
0.05659630000000001
0.034046999999999994
0.06020300000000001
0.035441400000000005
0.0825391
0.039280100000000005
0.0338529
0.0320937
0.0606125
0.052860300000000006
0.1142662
0.05704740000000001
0.0369307
0.0389526
0.0344381
0.033643200000000005
0.034758399999999995
0.034464
0.0618096
0.0339125
0.08207060000000001
0.1038876
0.0978861
0.0926155
0.1113698
0.0895763
0.13750210000000002
0.1606961
0.1254171
0.1315561
0.12213190000000004
0.15353830000000002
0.1289352
0.12456980000000001
0.11410719999999999
0.15379179999999998
0.13858499999999999
0.12657069999999998
0.1621266
0.14341220000000002
0.1740241
0.1324523
0.13389579999999998
0.11182639999999999
0.1532353
0.1033456
0.08425199999999998
0.07152819999999999
0.208228376
0.2050335
0.1879468
0.10799119999999998
0.0847191
0.10054910000000004
0.1470081
0.150049
0.12762420000000002
0.144036
0.2375379
0.1349079
0.14499299999999998
0.137259
0.130066
0.13602
0.1527069
0.124407
0.13095810000000002
0.1512588
0.170731
0.12065510000000002
0.1675409
0.13770610000000005
0.1051531
0.086988
0.0801588
0.07038420000000001
0.08332919999999999
0.048075
0.04758900000000001
0.23348000000000002
0.10519200000000001
0.067847
0.0435219
0.035750699999999996
0.0491226
0.04330810000000001
0.061802199999999995
0.043936100000000006
0.0396159
0.0669
0.16827799999999998
0.0450567
0.10420560000000001
0.04377280000000002
0.0562692
0.1173663
0.13788499999999998
0.14363399999999998
0.161588
0.046842970000000005
0.15875970000000006
0.14178491999999998
0.13692192
0.13141515
0.13698315
0.12886760000000005
0.1516327
0.13468439999999998
0.14534560000000002
0.14333596999999998
0.12035
0.115482
0.12675609999999998
0.15729292
0.1213727
0.0418401
0.12745702
0.137961
0.09737388
0.12434980000000001
0.14507861
0.07200383
0.04833505999999999
0.06124089
0.05379425
0.09466173
0.11261774
0.1075917
0.15294000000000002
0.16390500000000002
0.15273000000000006
0.13389070000000006
0.12392409999999998
0.12656618
0.1184499
0.12775
0.13340510000000005
0.1473971
0.127447
0.1425016
0.12004408
0.11979654
0.2130472
0.19559188
0.20237270000000002
0.13015465999999998
0.11107657
0.14012632
0.12850640000000002
0.1087796
0.14101071999999998
0.11930851000000002
0.13490465
0.13233292
0.1323321
0.12520577
0.13108478
0.09729142
0.09839142
0.13938502
0.10036501
0.09090605
0.10863606
0.14148506
0.13121778
0.14661588
0.1239642
0.12348665
0.10272838
0.11925322
0.09698897
0.11973779999999999
0.1265984
0.1256136
0.12401710000000002
0.12096083
0.11715369
0.11629259999999995
0.0861912
0.0638399
0.070458
0.0566182
0.03601587
0.08688797
0.08462565
0.08873769
0.11167260000000001
0.09124142
0.10077537
0.12750288
0.11483843000000002
0.10390688
0.06780583
0.04460392
0.07080978
0.09435692
0.09615951
0.07684497
0.06732683
0.05560015000000002
0.06973053000000001
0.06890802
0.08810255
0.13136818
0.2341958
0.3398259
0.05933341
0.07469897
0.061667499999999986
0.0469144
0.10360638
0.08429860999999997
0.06884707999999999
0.03656025
0.04822797
0.17651678
0.05646942
0.04074844
0.0556033
0.10365910000000003
0.17621589999999998
0.09336474
0.09350865
0.11472492
0.09725929000000004
0.08947911
0.07701008000000001
0.12954791999999998
0.08813768999999999
0.13415278
0.06258992000000001
0.08634174
0.1260496
0.05694415000000001
0.05619521
0.05492189
0.046243200000000005
0.04494918000000001
0.04621431
0.06921381
0.11463469
0.06337334
0.04739118999999999
0.04469853
0.05928848000000001
0.09022778
0.10395137000000004
0.07326397
0.06978383
0.05665097
0.05163887
0.05587191
0.08048888
0.04835739
0.04939471
0.07944383000000001
0.12514774
0.095066
0.07257599999999999
0.04032283
0.06835563
0.08192302
0.05794288
0.05926211
0.05383911
0.04433739
0.04623361
0.04368989
0.08070788000000001
0.04836909
0.07152192
0.08205306
0.05521637
0.06061115
0.07832178000000001
0.05070301
0.07230692999999999
0.05224055
0.10229827
0.13906878
0.10323569
0.09766002
0.10265955
0.11698492
0.14472154999999998
0.12161988
0.06444857000000001
0.09083174
0.08432274000000001
0.08755297000000001
0.11702065
0.12352083
0.10538655
0.12872055
0.16119527
0.20810446
0.12913355
0.10935092
0.11369465
0.10407292
0.12940407999999998
0.22945569
0.23507913
0.20713109
0.11157719
0.11878258
0.09742883
0.13143051999999994
0.1160298
0.10569098000000003
0.07898329
0.10250778000000002
0.24966016
0.11437448
0.13011402000000002
0.1268566
0.12331457
0.12116861
0.20495392
0.20160051
0.17735832
0.11529578
0.1250996
0.10165501999999996
0.11883151
0.1281386
0.11403746
0.15756869
0.12279305
0.14475218
0.16374155
0.17561774000000002
0.14193265
0.14243874
0.15769351
0.18075765
0.15326837
0.21731151
0.20376632000000008
0.13547869
0.13970790000000002
0.12896774
0.12034541
0.15596777999999994
0.11468574
0.14874877999999994
0.14428665
0.13017927
0.12139854999999998
0.15184282999999998
0.17408617
0.10652232
0.10487295
0.13497923
0.135681
0.195321
0.14212896
0.13071621
0.11151165
0.17810955000000006
0.07728398
0.06109335000000001
0.14957803
0.14000221000000002
0.14349705
0.13976113999999998
0.18374566
0.13563324
0.12422548
0.10242677
0.10463073
0.14699558
0.11771534999999995
0.15290038
0.14920450999999998
0.12636917
0.12687410000000002
0.12119518
0.10760126
0.18561048
0.13365625
0.16516949
0.16218271
0.11632178
0.13294322
0.11158412
0.1246655
0.12203472
0.13406474999999998
0.13315392999999998
0.13950674999999998
0.12511088
0.16117331
0.14656974
0.13210909999999998
0.17315418
0.14369640999999994
0.10943808
0.12671675
0.12710322
0.14386680000000002
0.15651045
0.15334831000000002
0.14360883000000002
0.11865919999999999
0.12799578
0.15286631
0.11250922
0.12682969
0.16018088
0.12192869
0.13476802
0.12735965
0.14849078000000002
0.08137807999999999
0.07702666
0.0919695
0.10610577999999997
0.1421955
0.14364020000000002
0.12124022999999998
0.13688465
0.11141849999999999
0.12169783
0.18397382
0.15684845
0.15179816
0.07781952
0.09720924999999997
0.1330934
0.07587258000000001
0.09983691999999998
0.11256439999999998
0.11686287
0.09173939
0.08113032
0.08922783
0.07555241
0.08010682000000001
0.09755211
0.14112989999999995
0.14616254
0.14596189999999998
0.15669371
0.15737141
0.18020579
0.17003465
0.16569797999999994
0.15174815
0.15621547000000002
0.17926515999999998
0.15535402
0.18564811
0.14135483
0.13956659
0.15569022
0.14303799
0.13598582
0.16557950000000002
0.17338964
0.16665865000000002
0.14147812
0.13824568999999998
0.15709418
0.15052874000000002
0.14457787
0.13871058
0.1241948
0.15368817
0.17404655
0.13782475
0.14430212
0.14791464999999998
0.14985812
0.13165069
0.18358278
0.11999994
0.10754932
0.1154336
0.17149345000000002
0.13395911
0.12971558
0.10336684
0.11670655
0.1361156
0.16143268
0.15009404999999998
0.16155554
0.16754512
0.12296312
0.13645374000000002
0.11289006
0.24070706
0.18047578000000009
0.11136788
0.32865029
0.28160300000000005
0.27747974
0.08205791999999999
0.05257715
0.06318601
0.05271291
0.08814002000000001
0.18259359000000008
0.11004582000000004
0.27777035
0.30549502
0.16331269
0.05808449
0.04408705
0.0757717
0.11884913999999998
0.15986514999999998
0.06256572
0.07281410999999999
0.07235252
0.06763245000000001
0.08805815
0.1890465
0.19015338
0.1611192
0.09471111999999997
0.09086828
0.09355182
0.11112234999999998
0.09561992
0.08922098
0.18439878
0.06207103
0.05664755
0.11594917
0.07282922
0.07401513
0.07495897
0.06594854
0.07447892
0.05074106
0.05257214
0.04686545
0.04352473
0.04427815
0.045726640000000006
0.04133631
0.04764103
0.0460018
0.04945749000000002
0.04433405
0.044313039999999984
0.09791474
0.09918136
0.06424108
0.05582689
0.06689728
0.03205273
0.033340860000000014
0.04738379
0.05749461
0.10360351
0.04704081000000001
0.05343585
0.06342618
0.05142679000000002
0.04751122000000002
0.10337435
0.04579847000000002
0.045819330000000005
0.05856671
0.05622093
0.07806352
0.04781035
0.07262322
0.06240589000000001
0.061511560000000014
0.058339040000000016
0.07173836
0.0716795
0.07018136
0.08987593
0.09167988
0.05991001
0.13874688
0.05728069
0.06756845
0.10210127
0.13248511
0.11800868
0.13800026
0.13952739
0.17004597
0.11994278
0.07907288
0.07627712
0.20705548
0.23225977
0.16911668000000002
0.11784705
0.14913890000000002
0.12042479000000005
0.09447315
0.06734971
0.06740965
0.04688157
0.10507196
0.04365416
0.03376552999999999
0.032815609999999995
0.034327479999999994
0.03633952
0.03551013
0.04325998
0.04626731
0.041366080000000006
0.03927854000000002
0.03763707
0.038827690000000005
0.07743409000000001
0.09809458
0.04874628
0.049455370000000005
0.26507498
0.09800667000000003
0.043353230000000006
0.043450520000000006
0.04825655
0.06703502
0.08569587999999999
0.05661288
0.02306766
0.041718
0.03546348
0.034576199999999994
0.03098471
0.03142243
0.052174600000000015
0.1871988
0.06787119999999999
0.06357878
0.04084916
0.03693339
0.032993659999999994
0.03144143
0.030645799999999997
0.03267043
0.04167029
0.0537262
0.03896448
0.04016411
0.08805674
0.14898627
0.14201269
0.1600861
0.13998940999999998
0.11650327
0.0442862
0.034287759999999994
0.03518517
0.043173799999999984
0.03696999
0.04276811
0.03450885
0.05710253
0.06540776
0.04510166
0.03611413
0.03669776
0.04938385
0.03787884999999999
0.03771008
0.03605394
0.06242076
0.05764653
0.039964040000000006
0.03982076
0.03785599
0.06319948
0.04764385
0.04107476
0.0410569
0.03703985
0.039606100000000005
0.04381639
0.03677285
0.04101141
0.07136
0.06223606
0.06132134
0.06250929
0.06459734
0.08231315
0.07328939
0.07526002000000001
0.06721143
0.06590720000000001
0.06202562
0.04899053
0.05015171
0.05749147999999999
0.05921662
0.06315333999999999
0.07185848
0.06778011
0.07018643000000001
0.06395933999999998
0.06516142999999999
0.06448525000000001
0.07248643
0.08279920000000003
0.07153973999999999
0.06088011
0.06132439
0.05930934
0.06011957
0.0617661
0.07139638999999999
0.09449974
0.06943543
0.06520202000000001
0.06956352999999997
0.06737225000000001
0.06544615
0.14054846
0.10922402
0.15455482999999998
0.13534225
0.13434992
0.13271519999999998
0.13447692
0.13327429000000002
0.08643674
0.11334183
0.06860815
0.07264053000000001
0.06837215000000002
0.06508848000000003
0.06982029
0.08232929000000001
0.0957955
0.08702011
0.06624902
0.07881243
0.06592629
0.07021353
0.08430510999999999
0.06365453
0.0652632
0.07165843
0.06214725
0.06209057
0.08342301999999999
0.06317739
0.06889119999999999
0.06795643
0.0693592
0.06839348
0.06310725
0.05900957
0.06842925000000001
0.06318557000000001
0.09133302
0.06059362
0.0424133
0.03784946
0.03898142
0.04210094
0.04244880000000001
0.03731299
0.0405948
0.04715594
0.05348453
0.04611203999999999
0.04147785
0.06246162
0.04850342999999999
0.05485971
0.06452233999999997
0.04691889999999999
0.037174800000000015
0.036931079999999984
0.0379098
0.0397368
0.04488362
0.0437339
0.04228276
0.04739385000000002
0.040185660000000005
0.05221894
0.06293539
0.06081471
0.04797225000000002
0.04889175999999999
0.04014723
0.055322600000000006
0.22868500000000005
0.05615227
0.04571566
0.04327971
0.06639243
0.05355371
0.04133262
0.0408637
0.05016253
0.13092397
0.03444666
0.04399985
0.04011862
0.042237800000000006
0.03998757
0.041241900000000005
0.05972629
0.044075760000000005
0.04373557
0.04709984999999999
0.06887138999999999
0.047105850000000005
0.04704956999999999
0.05427980000000001
0.04141157
0.04121085
0.04171266
0.04013285
0.06221439
0.06489057000000001
0.04475857
0.04367485
0.04759543
0.04460362
0.0608602
0.0501638
0.04553365999999999
0.03994094
0.03947566
0.03891185
0.05291543
0.07774239
0.04365815
0.04924871
0.043998390000000005
0.04050399
0.04252143
0.04365076
0.04297671
0.03858994
0.04555462
0.03998204
0.05483639
0.052624709999999984
0.03996057
0.03908704
0.04165934
0.03897094
0.04857557
0.03954594
0.03886062
0.0517158
0.05177553
0.03897376
0.05374439
0.03908599
0.04519457
0.04110694
0.040467800000000005
0.06862357000000001
0.04721853
0.04492585
0.044821569999999984
0.05471071
0.04626066
0.03949099
0.03966857
0.04671771
0.04142466
0.04132294
0.03985243
0.06238343
0.04404125
0.07075138999999997
0.07454402
0.07040825
0.09477769
0.10027302
0.10947769
0.10572992000000002
0.12502154999999998
0.04598297
0.10166874
0.12355683
0.12161551
0.10928488
0.12400665
0.11761702
0.11365574
0.11228292
0.10098474
0.14473565
0.16336810000000002
0.15638259999999998
0.10920360000000001
0.12818778
0.13959750999999998
0.12684383
0.12290046
0.13191574
0.13158946
0.13342278
0.13497151
0.13109783
0.13024745999999998
0.14604269000000006
0.12773751
0.14427674
0.13999546
0.14733369000000002
0.14165040999999998
0.12394674
0.12616445999999998
0.09802287
0.1113325
0.10525577999999998
0.09859865
0.10821897
0.10496974
0.0928776
0.125073
0.1995537
0.13510623
0.12132864999999995
0.11613841
0.12810583
0.1110396
0.11800388
0.12974146
0.13607374000000005
0.13536945999999994
0.14420878
0.13497755
0.14858774000000002
0.13560655000000002
0.15049669
0.15168732
0.1526776
0.14453832000000005
0.15556565
0.15650941
0.15179583000000002
0.1290776
0.1435313
0.1304218
0.186131
0.13737332000000002
0.17429655
0.13802441
0.14485178
0.1536239
0.15384055
0.15124010000000002
0.1483076
0.13643750999999998
0.13491269
0.161954
0.17821299999999998
0.1765016
0.152601
0.160023
0.148311
0.1451947
0.1464286
0.1603761
0.1499134
0.16288969999999994
0.158495
0.16392
0.1503411
0.156185
0.14655959999999998
0.15929527000000002
0.15322660000000002
0.14531650000000002
0.17800840999999998
0.15003829999999999
0.15488100000000002
0.15886199999999998
0.16695046
0.14773209999999998
0.1407892
0.13864018
0.15677655
0.15202932000000002
0.14287888
0.14670540999999998
0.14438288000000002
0.17572910000000005
0.13201278000000002
0.14038299999999998
0.147676
0.16499799999999998
0.16782
0.184096
0.176322
0.127875
0.139241
0.11368710000000005
0.15447145999999998
0.148027
0.19286537
0.1931778
0.16822951
0.169669
0.13268493999999995
0.15399703
0.13983249
0.14159727
0.13999773999999998
0.13450199999999998
0.13978929999999998
0.18564
0.18533
0.140382
0.135644
0.15054499999999998
0.13151400000000002
0.13217479999999998
0.13186974
0.13366109999999998
0.13898978000000006
0.12639818
0.14110873999999998
0.158305
0.12580288
0.14138318
0.12636483
0.1213192
0.13124932
0.1238261
0.12783369
0.14992018
0.13632074
0.15802
0.14521199999999998
0.154096
0.1493419
0.14859489999999995
0.17038499999999998
0.15575999999999998
0.174806
0.14302720000000002
0.15680437
0.128351
0.13549565
0.12134269999999998
0.12359869
0.12573399999999998
0.11624083
0.11736126999999998
0.13042178
0.1299651
0.13344583000000002
0.14023629999999998
0.1454349
0.151782
0.06013892
0.12837619999999994
0.13045833
0.061574919999999984
0.13569868
0.12289023
0.15250169
0.12446433
0.13442120000000005
0.11523010000000003
0.15107421
0.10817823
0.12457324000000004
0.12284513
0.11352802
0.11007132
0.11943007
0.10983937
0.11396892000000006
0.10324645999999996
0.1017036
0.0999407
0.0991
0.097804
0.10098479999999996
0.10774160000000002
0.10986783
0.1071221
0.12352644
0.1842419
0.17200639999999998
0.1964366
0.15630355
0.09192731999999998
0.06827887999999999
0.12135613
0.10200198
0.13911010000000001
0.10832559999999998
0.1169038
0.10872578
0.10956217
0.11151288
0.11230633
0.11573308
0.12531099999999998
0.11932383
0.12154423000000004
0.15189658
0.1226769
0.09788192
0.12164416999999995
0.11550402
0.115726
0.11899768
0.11568137
0.11572893
0.11381518
0.11284188
0.133822
0.11910078
0.13675700000000002
0.16225546
0.12190818
0.11848083
0.11987823000000004
0.11828828
0.11987213
0.10533502000000004
0.10246132
0.10987412
0.11223723
0.11589483
0.10939309999999998
0.14705685000000002
0.09866710000000001
0.10318074
0.11949807
0.09964912
0.11219813
0.10803592999999996
0.10527447
0.11388497
0.09599756999999998
0.10311702
0.13497179999999998
0.10457388
0.10678923
0.13239184
0.12986119999999998
0.10156998
0.11258618
0.09747907
0.06191828
0.09483222
0.10672908
0.12183057999999998
0.112345
0.14670665000000002
0.118442
0.13304669000000002
0.14395
0.10950732
0.054593800000000005
0.07546945
0.09340632
0.08717021999999999
0.09349146
0.10062245999999997
0.09459356
0.05224307
0.11876510000000001
0.12474764
0.1247039
0.13355779
0.11925527
0.11115178
0.11828399999999999
0.14051035
0.1490746
0.14665845
0.10761523000000002
0.11310993
0.10612532
0.11708678
0.11031233
0.12159367999999998
0.14264140000000006
0.2151423
0.2350505
0.23373487000000004
0.19040293
0.14068878
0.11259255
0.13117811000000004
0.12837350000000006
0.12240706
0.12332460000000002
0.12922211000000006
0.12480338
0.13317901
0.12863727000000005
0.10618129
0.10898654
0.11471715
0.13916051999999998
0.14573263
0.11033980000000003
0.1712701
0.1617293
0.14263009000000004
0.1359576
0.12537934
0.1217251
0.18050255
0.2010184
0.2346394900000001
0.2309035
0.19126395
0.1431358
0.18536205
0.15645459999999994
0.20119120000000001
0.2042303
0.19611415
0.1570643
0.18457920000000005
0.16892620000000005
0.220676
0.21576820000000002
0.16006885000000004
0.1835368
0.16202490000000005
0.1960783
0.1951715
0.2215654
0.2385241
0.20819820000000008
0.2135836
0.162153
0.19284566000000009
0.1864077
0.2070928
0.18159032000000008
0.18293882
0.20487628
0.19677178000000006
0.17616672000000005
0.16771328
0.18322062
0.18121843
0.17675378
0.16071569
0.18359758
0.17606072
0.15409821999999998
0.16905783000000002
0.16929267
0.17548132
0.18525808
0.20816213000000008
0.21702503
0.19117003
0.18095588
0.23069965
0.21406588
0.17778456999999998
0.20470812
0.19332202
0.19617378
0.20080287
0.18436622000000005
0.17851201000000005
0.14750222
0.15375011000000002
0.15549122
0.16922692000000006
0.14842622
0.14524301000000006
0.15376718
0.15033482000000006
0.15082908
0.15710712
0.15263712000000004
0.16416218000000002
0.20410393
0.17007708
0.15232332
0.15413922000000002
0.13735582000000002
0.17484750000000002
0.16645807
0.15611155000000002
0.15444760000000002
0.1812083
0.21685370000000004
0.19253825
0.1996947
0.21732327
0.20190479999999997
0.1869455
0.1868248
0.14823649
0.1640039
0.1558268
0.1815467
0.15523679999999998
0.15971470000000001
0.142684
0.1487463
0.19532517
0.1774076
0.16897890000000004
0.1588952
0.16799212000000002
0.1837594
0.18317221
0.18076620000000002
0.21441060000000003
0.17726670000000005
0.15305307
0.1926429
0.1415055
0.17686229999999994
0.23253213
0.3192243
0.23719272
0.2150498
0.23418127
0.2111413
0.13296485
0.1680654
0.1878087
0.2034193
0.1789975
0.2057629
0.1633851
0.1459559
0.1328582
0.1481826
0.14481840999999998
0.14668504
0.15579953000000002
0.15477273
0.15392053
0.16664739
0.15929078000000002
0.13458758
0.14678673
0.15814213
0.19910959
0.23198298
0.13844747000000002
0.13428311999999998
0.13150891
0.13388718
0.16248857
0.19955508
0.15141492999999998
0.17000673
0.14455819
0.13543782
0.12723006
0.16029327999999998
0.14017533
0.12030018
0.10805185
0.13280888
0.12408458
0.11816168
0.11763498
0.12993758
0.13211373999999998
0.12963582
0.11254556
0.12647788
0.13851903
0.12368493
0.13827662
0.15525813
0.13103782
0.12610883
0.11260396
0.12295912
0.11582096
0.10226542000000002
0.1213772
0.10373422
0.10424295
0.10216727000000002
0.10904563
0.11081192000000002
0.11573191
0.14053997
0.12362556
0.11476092
0.04507124000000001
0.12033682000000002
0.1141831
0.12351898
0.13239148
0.10478287
0.11723105
0.13340947999999994
0.15285118999999994
0.16157322999999998
0.17146892999999996
0.13065327000000002
0.13323395
0.10104917
0.1100453
0.061776719999999986
0.05395685
0.13144802
0.13610352999999994
0.14179358
0.15807838999999996
0.14551677999999998
0.14124548999999995
0.16181378
0.11913934
0.13795867999999994
0.14567153
0.12967129
0.13727848999999998
0.15088637999999996
0.15098424
0.14747368
0.12824651
0.09571933
0.08748127
0.13189468
0.10203254
0.10311127000000002
0.08083887000000001
0.05625117
0.0983483
0.10715517
0.1110799
0.14991722999999998
0.1114001
0.09764937
0.07453586
0.05356302
0.10370295
0.11630997
0.1255619
0.11901687
0.11168099999999999
0.13043542000000002
0.11859516000000002
0.08495437
0.1238653
0.07890447
0.09657249
0.08300462000000003
0.09536435
0.13708708
0.1056433
0.11337447000000002
0.09502625
0.10259642
0.05351925
0.10338747
0.05788539
0.12050347
0.11744395
0.07801492000000003
0.1086567
0.12835197
0.1247635
0.13236792000000006
0.17048469
0.16910632999999994
0.13349762999999998
0.13845101999999998
0.13021006000000002
0.12214897
0.16600679
0.13653261999999994
0.13053610000000002
0.13275972000000005
0.1409236
0.14106272
0.14912542
0.16709627999999996
0.14834446999999998
0.14042391999999998
0.17090488
0.16513978
0.18518369
0.15009992
0.11608472
0.06031182
0.11156498
0.16305903
0.25589993
0.20688339
0.18374359
0.20889083
0.19814913
0.21017438
0.20293758
0.20228122
0.17658062
0.18474527
0.19104012
0.19484828
0.16493135000000006
0.162426
0.16298574
0.16247109999999998
0.15850639
0.1876694
0.16532470000000002
0.1707388
0.21141861
0.1782588
0.19002144
0.178315
0.18394603
0.17287689999999994
0.18155863
0.1497317
0.15774919999999998
0.14140170000000002
0.16664990000000002
0.1890711
0.2906599
0.2860786
0.28100889999999995
0.2700566
0.19931433
0.2370339
0.19801739999999995
0.1889599
0.195757
0.17180399999999998
0.22169699999999998
0.18672500000000009
0.207347
0.20867600000000006
0.224879
0.18422400000000005
0.28941599999999995
0.243452
0.16364299999999998
0.138398
0.133516
0.141368
0.198516
0.18696
0.17388399999999998
0.16949000000000006
0.164508
0.186035
0.171755
0.183114
0.161803
0.16882899999999998
0.164672
0.117903
0.14123
0.182176
0.197416
0.132466
0.16262200000000002
0.160691
0.163162
0.14089000000000002
0.15923099999999998
0.188393
0.105423
0.106648
0.092414
0.080059
0.08662
0.07710399999999999
0.075151
0.06729399999999999
0.076197
0.10703199999999999
0.0759828
0.093493
0.093423
0.063389
0.10241199999999999
0.062825
0.07769
0.117593
0.124324
0.105328
0.07942300000000001
0.10314
0.217137
0.14701599999999998
0.10208300000000002
0.07831999999999999
0.090312
0.098259
0.108856
0.07140399999999998
0.087792
0.077861
0.07213800000000001
0.07539000000000001
0.111818
0.07733200000000001
0.08604499999999997
0.097009
0.092333
0.09369799999999998
0.093625
0.093029
0.11044100000000001
0.115967
0.124055
0.08498800000000001
0.07525399999999999
0.061787
0.08810499999999999
0.07364100000000001
0.080639
0.056175
0.05136094000000002
0.060085170000000014
0.06723499000000001
0.06891570999999999
0.08943669999999998
0.23332657
0.17458543
0.18466512
0.19729595
0.13175330000000002
0.14624070000000006
0.1294007
0.1744921
0.14174089999999998
0.11355917999999998
0.11905650000000001
0.13300960000000006
0.005463
0.007722700000000002
0.0152179
0.0171425
0.0936815
0.13592400000000002
0.08637489999999999
0.1060715
0.1717286
0.15875229999999999
0.0359977
0.17240029999999998
0.27467470000000005
0.25510910000000003
0.2171277
0.26746149999999996
0.1974027
0.2086274
0.02219868
0.36168307
0.35312035
0.25067075
0.04779772
0.06301082
0.14027062
0.32641442
0.27941552000000003
0.20265922
0.34037163000000004
0.45555067
0.42872257
0.22045582
0.22777486
0.19826891
0.24942841
0.07340725000000001
0.08920675
0.14923516
0.19514077
0.15297511
0.26358787
0.12880530999999998
0.20515202
0.21014691
0.23167522
0.18039392
0.23904852
0.12122311
0.14343051999999998
0.23666072
0.16974667000000002
0.17605147
0.003597
0.004340999999999999
0.2806583
0.28391039999999995
0.28807920000000004
0.32115020000000005
0.27826300000000004
0.244652
0.24429339
0.27221724
0.28804609999999997
0.23899829
0.22242324
0.26663323999999994
0.26139229
0.25167729
0.23850729
0.23501729
0.05432824000000002
0.05200124
0.05462324
0.22487429
0.04987529
0.26925719
0.32863115
0.31980819
0.30934009999999995
0.30678315
0.32725315
0.0018960000000000001
0.002209
0.037647
0.049306100000000005
0.039018
0.115352
0.160438
0.11679280000000003
0.120678
0.1150956
0.011215
0.008388
0.108717
0.175801
0.092804
0.0093375
0.0719321
0.006958
0.223153
0.18849
0.28521517
0.28868335
0.14738012
0.24306093
0.27514183
0.30334797
0.34648401999999995
0.35865502
0.36930201
0.35773497
0.36807697
0.36389202
0.10128497
0.22327597
0.26885397
0.2192745
0.29947029000000003
0.27821616
0.23846573
0.15785300000000002
0.31704200000000005
0.21186370000000002
0.15158249999999998
0.33009750000000004
0.2158882
0.35754440000000004
0.32960779999999995
0.359926
0.2528605
0.35616760000000003
0.3004318
0.4061757
0.4109445
0.3709621000000001
0.2623229
0.3810116
0.2846469
0.4259121
0.3917692
0.3586442
0.32010360000000004
0.339638
0.2633185
0.1946611
0.20734490000000005
0.35501799999999994
0.3578065
0.1991027
0.12840629999999995
0.4325342999999999
0.4341591
0.31001660000000003
0.26963229999999994
0.3706202999999999
0.30494170000000004
0.34970559999999995
0.3620816
0.25450090000000003
0.4307994999999999
0.3899236999999999
0.27363200000000004
0.2110808
0.3974867
0.33174849999999995
0.311108
0.4173597000000001
0.4130107000000001
0.3766446000000001
0.2329433
0.3770605999999999
0.2834686
0.3268487
0.1760896
0.3809971
0.30734490000000003
0.2747623
0.25154849999999995
0.2911136
0.2323568
0.2616488
0.30229870000000003
0.32241820000000004
0.0
0.041036
0.050022500000000004
0.0472827
0.053278999999999986
0.0575383
0.30719640000000004
0.2021083
0.2355759
0.0646558
0.0765129
0.0775059
0.0622136
0.1373252
0.13328929999999994
0.049768
0.07598390000000001
0.074098
0.08630030000000001
0.0499761
0.06652910000000001
0.04675758
0.06703338
0.07032543
0.19268047
0.17576071999999998
0.17500557
0.20100572000000005
0.16133602000000002
0.13516059
0.18336859
0.17875259
0.18938426
0.17747059
0.16659986999999998
0.18212063
0.17466801
0.18438682
0.18069625
0.23641032
0.22804268
0.20212353
0.05045053
0.11608868
0.08848488
0.09750006
0.12886692
0.12504077
0.13113382
0.12799712000000002
0.25251512000000004
0.25114132
0.24648712
0.25111526
0.25890316
0.24590031
0.21284422
0.19485242
0.19052461
0.19470056
0.20116752
0.19562746
0.19344132000000008
0.20896142
0.20885627
0.21019746
0.20640827
0.20644827
0.20365627
0.21591727
0.01662612
0.13964892
0.14259687
0.15567278
0.15683091999999998
0.14540353
0.15651863
0.13524307
0.16957982
0.18828692
0.19262902
0.15126592
0.21003318
0.20105712
0.19456322
0.17829222
0.052815
0.061217699999999986
0.258002
0.031767000000000004
0.040674
0.006378
0.0110687
0.009148
0.010334600000000001
0.008445500000000002
0.017308700000000003
0.0110551
0.0415409
0.024168400000000003
0.0206508
0.017692700000000002
0.3075022
0.2443273
0.2917483
0.142177
0.1222934
0.1193864
0.17686819999999998
0.1158501
0.14557209999999998
0.136487
0.11641979999999998
0.10343800000000002
0.1136786
0.1239269
0.1254218
0.1205675
0.1231521
0.1357249
0.12721179999999999
0.1260853
0.1278997
0.1256271
0.1186547
0.1467018
0.17384470000000002
0.1161819
0.1150708
0.06852649999999999
0.1280193
0.2887594
0.06475120000000001
0.08503379999999999
0.0840549
0.0837818
0.0720953
0.08902890000000001
0.086097
0.0757815
0.0887951
0.13697779999999998
0.1224758
0.08237879999999999
0.1145181
0.1184122
0.09323530000000001
0.07553239999999999
0.07217910000000001
0.0699278
0.07005310000000001
0.013976
0.3684206
0.37949640000000007
0.420841
0.3856923
0.3630533
0.36146500000000004
0.373546
0.176598
0.182136
0.18342360000000002
0.1722908
0.3947232
0.3895889
0.024440700000000003
0.028268900000000003
0.0235808
0.0212875
0.020750200000000003
0.0256349
0.022373900000000002
0.12221300000000003
0.2083669
0.0642873
0.16084120000000002
0.1758757
0.1780312
0.1034654
0.1859032
0.26880390000000004
0.12937690000000002
0.09678309999999997
0.16139150000000002
0.29031799999999996
0.2628115
0.12328430000000001
0.33513960000000004
0.1595891
0.16390200000000002
0.23734229999999998
0.1201316
0.1535432
0.202129
0.16051930000000006
0.187336
0.2650148
0.1887509
0.1334479
0.25108980000000003
0.2477968
0.1093241
0.2093464
0.2532252
0.2554514
0.17143760000000002
0.1624504
0.1875457
0.1999616
0.15806679999999998
0.17534129999999998
0.1522672
0.14413480000000006
0.13932379999999994
0.14875179999999996
0.1464885
0.1543195
0.1509775
0.15784879999999998
0.1531327
0.15680219999999995
0.1864187
0.2334317
0.049859
0.220034
0.110339
0.15359499999999998
0.06791599999999999
0.090113
0.159106
0.11549
0.144592
0.145111
0.13924799999999998
0.116179
0.161182
0.1110585
0.119786
0.127224
0.217549
0.21066100000000001
0.21292400000000009
0.11718900000000002
0.17334249999999998
0.128262
0.158019
0.15719699999999998
0.202493
0.161761
0.11607000000000002
0.223065
0.3223481
0.29083109999999995
0.3457268
0.01045
0.008789
0.009734999999999999
0.009674
0.007217
0.007797
0.006004
0.008987
0.22821599999999997
0.164168
0.100263
0.0950225
0.09811260000000001
0.0136
0.114542
0.11121300000000002
0.07356900000000001
0.090302
0.002914
0.006412999999999999
0.0102979
0.07058289999999999
0.0715062
0.07655359999999999
0.1295008
0.18854170000000006
0.1844397
0.13406669999999998
0.005333
0.007179000000000001
0.0071719999999999996
0.0064540000000000005
0.007393
0.00634
0.006592
0.006874
0.006934999999999999
0.014328
0.014938
0.016648
0.018104
0.106571
0.26281200000000005
0.08535900000000002
0.132341
0.12798600000000002
0.196579
0.07297360000000001
0.071217
0.109456
0.133409
0.22810999999999998
0.117959
0.121958
0.123107
0.167829
0.186066
0.197319
0.202284
0.156655
0.21644829999999998
0.26164339999999997
0.1546526
0.14802920000000006
0.15509699999999998
0.249175
0.398844
0.33307
0.379798
0.354435
0.384679
0.378869
0.3781060000000001
0.386804
0.38743
0.375776
0.375305
0.32158200000000003
0.32656399999999997
0.36502
0.412763
0.320722
0.331882
0.3466330000000001
0.328809
0.260774
0.328071
0.350317
0.32655100000000004
0.323334
0.321207
0.326554
0.343493
0.323714
0.33607600000000004
0.31768
0.320623
0.337783
0.377831
0.26113800000000004
0.235922
0.17353000000000002
0.16080840000000002
0.160983
0.134519
0.138378
0.153248
0.13626974
0.17231928
0.16967618
0.19616608
0.17112898
0.11173338000000002
0.08854162
0.09004271999999999
0.09379362
0.09340477
0.10319712
0.09807727
0.08960691999999999
0.09009238
0.14860832999999996
0.13974143
0.14962628
0.32289874
0.30364654
0.23989268
0.25302518
0.14184028
0.15146201999999998
0.20181654
0.16418017999999995
0.17876813999999994
0.14292598
0.18849423
0.27805418000000004
0.27022618
0.21665432
0.14399442999999998
0.12341538
0.10550333
0.07878692999999999
0.08910298
0.08307707999999997
0.07376052000000002
0.08923623
0.08646957999999999
0.15228618
0.14038652
0.13398348000000002
0.13138748
0.12756258
0.13561043000000006
0.20255088
0.15073583000000002
0.16540633
0.17556658
0.11033832999999996
0.10015543000000003
0.12680838
0.09472467
0.14245547
0.14313067
0.15250142
0.13945438
0.15459908
0.16352602
0.18225608000000004
0.15689351999999998
0.16595542
0.17582472
0.17694552
0.17966157
0.22920813
0.13807047999999994
0.14863418
0.14801242
0.16101797999999998
0.11474798
0.14544013
0.13460623
0.17092137999999998
0.14369742000000002
0.15761113000000002
0.21633713
0.24741788
0.14721013000000002
0.16610303
0.14827108
0.15945678
0.17214968
0.18624008
0.14828308
0.14295522
0.24695708
0.21373108
0.20736022
0.23496418
0.19074822
0.21345912
0.21858318
0.20758098
0.12974692000000002
0.12959018
0.11823542
0.12546912
0.14027952
0.13656333
0.18197684000000008
0.23859554
0.24695254
0.24557174
0.18642989
0.18932044000000006
0.18068768
0.20274644000000008
0.18642448
0.18424353
0.16425267999999998
0.19596044
0.17024172999999998
0.20664454
0.16905742
0.14843582
0.18201353
0.14164193
0.16564198000000002
0.16121008000000006
0.16593833
0.15672133000000002
0.14674237999999998
0.20873288000000004
0.18192622
0.18129518
0.18077038000000006
0.25289322
0.25884593
0.19570872
0.19954582
0.20286598
0.24871889
0.19751017
0.20132988
0.12853898
0.21232084
0.17552853000000002
0.16781618
0.15663018
0.19502623
0.20068054
0.20531338
0.20409398
0.18621223
0.16159418
0.15917028
0.15540803
0.18113303
0.15187227999999994
0.18113693000000008
0.20748003000000004
0.18535463
0.17813473000000002
0.19964959
0.14638338
0.21133334
0.16402524
0.12114967999999998
0.12158337999999998
0.1868261
0.18434809
0.12190699
0.10441238
0.14203408
0.17468338000000005
0.16022248000000006
0.11754393000000002
0.10443208
0.11770838
0.13003233
0.12498753
0.13420243
0.14645713
0.22065394
0.13490908
0.09898908
0.12704812
0.15765094000000002
0.16317789
0.16952904000000002
0.16975284000000002
0.16050508
0.17325489000000002
0.16147169
0.16303008
0.14148818
0.19610084
0.15626464
0.16472474
0.16049793999999998
0.15821504000000006
0.16573813
0.14060489
0.16539889
0.15278027999999996
0.16441989
0.13632314
0.15054904
0.16520794
0.18184139
0.18691439000000004
0.18031569
0.14049523
0.19816089
0.17447684
0.1842368
0.13169927999999995
0.19599679
0.14571618
0.13803633999999998
0.13949114
0.17806729000000004
0.19714729
0.1857576900000001
0.18636279
0.21807064
0.14512498
0.13696008
0.14699604000000002
0.16666564000000006
0.16963898
0.16816289
0.17321279000000006
0.19813234
0.13931582999999995
0.11464413
0.11450822999999995
0.14416922999999998
0.12941308
0.16180213000000002
0.10500638
0.16419179
0.11928533
0.13332507999999998
0.08405348
0.11192873
0.06213022
0.06542467000000002
0.10518127999999996
0.05384958
0.08627728
0.09859648
0.10197948
0.09422522999999998
0.07351948
0.06807262
0.09200748
0.08181293
0.09257708
0.09068032999999998
0.12630828
0.10727713
0.09494304
0.12967398000000002
0.16438979
0.11526923
0.17387338000000002
0.09774913
0.15443203
0.18511044
0.14619048
0.16689168999999998
0.16036388
0.14056079000000002
0.15925379
0.13055478999999998
0.15255754
0.13784504
0.14132298
0.14345459000000005
0.11980798
0.12580668
0.10945683
0.10114528
0.10994352999999996
0.31883416
0.29030771
0.08719228
0.07981944
0.30301906
0.24024404
0.20860004
0.2047108
0.21350029
0.18229284
0.19997959
0.10206252000000003
0.25299308
0.29734008
0.28332503
0.23901128
0.18608728
0.15841038
0.19777978
0.08344022
0.09011263
0.17081109
0.08093073
0.07150038000000003
0.13777908
0.13275603
0.12687157999999998
0.16474142999999994
0.14776533
0.11342958
0.14220438000000002
0.14776452
0.08889622
0.13124677999999998
0.09496948
0.10143053
0.09684253
0.14111027999999998
0.09875253
0.08434158
0.10959328
0.08281063
0.08331558
0.09158448
0.08262718000000001
0.05939803
0.05737613
0.08264167
0.07731742999999999
0.09941748
0.09208258
0.08506272
0.09594677
0.08264477
0.08482957999999999
0.09696152
0.08119703
0.10142008
0.08999728
0.08686487999999999
0.07581918
0.09401118
0.08489848000000001
0.07703573
0.07296721999999999
0.08338308
0.06846072
0.08044427000000001
0.06249012000000001
0.06829517
0.05664232
0.09627052
0.05908258
0.08498657000000001
0.06963162
0.08048798000000001
0.12949343
0.07560512
0.08587757
0.09345482
0.08215377
0.10916093
0.11219643
0.07928322
0.09640892
0.09517148
0.07280172
0.07717402000000001
0.15595188
0.07361083
0.07746308
0.18305303
0.07618302000000003
0.20582613
0.18354518
0.18236942
0.17613432
0.21032103
0.16887132
0.18021228
0.14093828
0.15305518
0.20708788
0.19674298
0.19203034
0.22195544
0.24140893
0.21713913
0.19952298
0.13726813
0.17273813
0.15974122999999998
0.13338213000000002
0.11767752
0.12786438
0.10995848
0.08540022000000001
0.11599088
0.11445517999999998
0.10795828
0.11170998
0.10370033
0.11695217999999998
0.12400228
0.12922623
0.15062789
0.12973723
0.11980038
0.10250103
0.12322011999999995
0.11845928
0.12342738
0.13264542
0.11394527999999995
0.14560008
0.10344338000000004
0.12384903
0.14015513
0.11514338
0.13038358
0.12510673
0.21097253
0.12984113
0.10728343
0.18448898
0.16640808
0.10103677
0.11558058
0.17540283999999998
0.12309233
0.14443508
0.12766931999999998
0.13870773
0.17038358
0.10177138
0.10089338
0.08729057999999999
0.11154628
0.07913748
0.10246768
0.10579648
0.14019404000000002
0.16699488999999998
0.12801813
0.13736268
0.15218268
0.12398413
0.10617237999999997
0.11999133
0.10288033
0.12123603
0.13916108
0.18996204
0.13593042
0.13648652000000006
0.14348723000000002
0.16923368
0.16319183000000004
0.18844198
0.17707598
0.14674108
0.10568768
0.14247423
0.11616938
0.16067013
0.11196033
0.13002018
0.17425318
0.18059478
0.19249573
0.28406659
0.12577107999999998
0.25185684
0.21142713
0.23572508
0.23173498
0.24561998
0.22809394
0.27461549
0.28100240000000004
0.21532638
0.23409258
0.22934103
0.23862898
0.27980774
0.24955598
0.19659008
0.18035994
0.18010794000000005
0.14235023
0.13295922999999998
0.17494907999999998
0.15557773
0.16111583000000002
0.14516908
0.10430224
0.11699114
0.10026043
0.15984689
0.13060903999999998
0.13138504
0.09571443
0.14471599
0.17647789000000005
0.09651608
0.12264984000000002
0.10539922999999997
0.11335418
0.10647632999999998
0.17411294
0.14698698
0.14731402999999998
0.15466289
0.16422379
0.13296899
0.17338084
0.14630653000000002
0.15692278
0.15153107999999998
0.14731389
0.13972198
0.10902733
0.10298743000000002
0.09165924
0.12098904
0.09096928
0.08710258
0.07941472
0.08565122
0.07507947000000001
0.08934133
0.10747147999999998
0.08538456999999999
0.12341728
0.08028972
0.08897238
0.14481642
0.13273957
0.11918452
0.12641623
0.15465293
0.12796211999999998
0.15027467
0.16512167
0.17142572
0.18866862
0.17305457000000002
0.15987162
0.18723767
0.16068267
0.19139732
0.11968858
0.14739722
0.15009217000000002
0.14943858
0.13644587
0.13799987
0.12387596
0.16231451999999996
0.13692658
0.13153277
0.13039282
0.15106857999999998
0.13072272
0.12084562
0.13096537
0.14025248
0.12239143
0.11943889
0.11784358
0.12014384
0.12733069
0.12679594
0.12540728
0.11412609
0.11146514
0.11927538999999998
0.11488674
0.08243724000000001
0.09423648
0.10598338
0.09763157999999998
0.07762558
0.06860968
0.07703863000000001
0.07532589
0.18228789
0.10222248
0.25380568
0.30506854
0.32074359
0.19982843
0.10007563
0.14856343
0.13506158
0.07355853000000001
0.06758473000000001
0.07287092
0.07425172
0.08399008999999999
0.09532403
0.10689607999999998
0.13238328
0.13315053
0.15050328
0.12543428
0.13893433
0.14889638
0.14431413999999998
0.10997809
0.10154994
0.13997461000000005
0.11840564
0.12774839999999998
0.14226470000000002
0.14547289000000002
0.17114084
0.14493594
0.14425208999999994
0.15290424
0.14432624
0.13540738
0.14260933
0.14938653000000002
0.15896093
0.17789277999999994
0.16035918
0.14255738
0.15411838
0.20301099
0.17724896
0.16497924999999994
0.14832963000000002
0.18973014
0.17453222999999998
0.27657659
0.33056081
0.29957613999999994
0.12340638
0.13230552
0.12384472
0.11141772
0.13240162
0.13432162
0.14729527999999995
0.14397728
0.20652298
0.17219428
0.17251088
0.15557003
0.15926603
0.13735962
0.12905138000000002
0.13112633
0.13448148
0.13644343000000006
0.16064733
0.15665333
0.055393
0.073959
0.061038999999999996
0.131545
0.102236
0.07831600000000001
0.06372699999999999
0.052952
0.066725
0.07089140000000001
0.07857619999999997
0.0787853
0.08945260000000001
0.0626611
0.27432890000000004
0.26254279999999997
0.2578769
0.2551368
0.2400889
0.19341170000000002
0.1771317
0.1819318
0.1873317
0.2044996
0.25306280000000003
0.166825
0.08519940000000001
0.1244016
0.31164040000000004
0.30142099999999994
0.29286059999999997
0.21604980000000001
0.20480860000000004
0.2132975
0.18505370000000002
0.266187
0.2619811
0.247209
0.27559920000000004
0.28295990000000004
0.2796491
0.1497397
0.32443740000000004
0.20277260000000005
0.17602270000000006
0.1653604
0.1458638
0.1729973
0.16242260000000006
0.3167763
0.32173440000000003
0.2892225
0.315892
0.3311133
0.2655942
0.24383539999999998
0.2333653
0.1014879
0.1544989
0.1551184
0.14879360000000005
0.1472849
0.15783999999999998
0.1434999
0.2864615000000001
0.27413249999999995
0.3334521
0.3250701
0.2664712
0.3630312
0.283548
0.075599
0.06721600000000001
0.125559
0.198436
0.197945
0.25845
0.33353199999999994
0.240503
0.216119
0.327305
0.292629
0.23050700000000002
0.257486
0.30605
0.252743
0.291812
0.293144
0.265129
0.22521999999999998
0.212515
0.22971
0.241863
0.237994
0.214639
0.300083
0.27657800000000005
0.32701
0.3626659999999999
0.361925
0.356406
0.263312
0.260806
0.33983300000000005
0.34515100000000004
0.297373
0.285209
0.22905
0.256049
0.291124
0.341235
0.3654799999999999
0.3624340000000001
0.38618
0.367541
0.3839710000000001
0.403781
0.35837600000000003
0.35739899999999997
0.395882
0.39973000000000003
0.300974
0.299628
0.335662
0.3814480000000001
0.355243
0.32308200000000004
0.290955
0.468896
0.46390200000000004
0.419113
0.43857799999999997
0.445744
0.4191640000000001
0.392149
0.41013299999999997
0.3519360000000001
0.284013
0.29413599999999995
0.295123
0.248463
0.25505700000000003
0.258764
0.266152
0.2412886
0.2643085
0.246199
0.234186
0.225944
0.28138670000000005
0.2596974
0.27160159999999994
0.23156200000000005
0.2380737
0.22149520000000006
0.2549153
0.2193188
0.2615955
0.2498265
0.2696313
0.237222
0.27779380000000004
0.1973893
0.19942390000000002
0.2164613
0.3134985
0.33183559999999995
0.22018800000000002
0.325639
0.197844
0.24811
0.234418
0.243189
0.21128200000000005
0.25462100000000004
0.26548
0.229823
0.2445397
0.212104
0.209583
0.203657
0.221559
0.221979
0.255974
0.296918
0.313448
0.329138
0.307883
0.25451
0.274782
0.29185700000000003
0.27996930000000003
0.2744666000000001
0.246741
0.284948
0.278553
0.27331900000000003
0.252766
0.30222000000000004
0.239538
0.27487300000000003
0.28518199999999994
0.286382
0.29704200000000003
0.27608299999999997
0.241101
0.27066999999999997
0.290565
0.2657363
0.29770280000000005
0.3261955
0.3119088
0.3149483
0.2589673
0.3082725000000001
0.3163591
0.324328
0.35446669999999997
0.3167717
0.32445209999999997
0.32312630000000003
0.2541606
0.2950737
0.3789417
0.30641450000000003
0.3227645
0.3588005
0.3485845000000001
0.33183650000000003
0.30986849999999994
0.32375740000000003
0.3548674000000001
0.3374003
0.3088343
0.2913231
0.2744261
0.3706076
0.33199149999999994
0.2397901
0.2317102000000001
0.24187800000000004
0.21596439999999997
0.2564822
0.2324322000000001
0.2579112
0.2786309
0.265045
0.2135090000000001
0.247972
0.3025653
0.2505389
0.18200110000000005
0.25571910000000003
0.2302160000000001
0.2348530000000001
0.2118579
0.22066500000000008
0.2259931000000001
0.17847000000000002
0.226023
0.2377090000000001
0.225332
0.198241
0.2269
0.21307
0.24760700000000002
0.17272600000000002
0.1924720000000001
0.192558
0.130019
0.16067900000000002
0.16731
0.16802999999999998
0.218736
0.22826999999999997
0.233529
0.203423
0.181654
0.21372
0.19922
0.28118000000000004
0.30543000000000003
0.29785
0.27237
0.27029000000000003
0.25089
0.251238
0.316239
0.260324
0.21480700000000005
0.264893
0.19908199999999998
0.239935
0.24525999999999998
0.282332
0.250192
0.21549
0.22498600000000002
0.20554900000000004
0.172188
0.201803
0.229738
0.28250400000000003
0.276091
0.254857
0.24071399999999998
0.197339
0.219743
0.191888
0.2370400000000001
0.2464200000000001
0.243969
0.306058
0.238112
0.25190300000000004
0.19835400000000009
0.249592
0.237081
0.23820300000000005
0.214582
0.22228
0.245515
0.25817
0.3389439999999999
0.35257999999999995
0.29606
0.26884
0.263654
0.27303
0.297748
0.27634000000000003
0.25511999999999996
0.277852
0.31181000000000003
0.264801
0.23508800000000002
0.29819
0.2268
0.29406
0.2561060000000001
0.26571999999999996
0.29829
0.308785
0.29868
0.33674999999999994
0.3159620000000001
0.282355
0.300389
0.247047
0.225514
0.211202
0.300462
0.31568
0.24899000000000002
0.2851400000000001
0.375836
0.381918
0.338411
0.32141899999999995
0.25132
0.324089
0.31039
0.2467
0.30430999999999997
0.30595
0.32245
0.26753000000000005
0.22953099999999999
0.33082
0.4036
0.345748
0.346762
0.37359
0.35999000000000003
0.28400000000000003
0.295244
0.3237302
0.292171
0.261845
0.27927
0.33451499999999995
0.266974
0.32777900000000004
0.24349
0.256826
0.27432199999999995
0.24235
0.2677
0.26631
0.33108000000000004
0.32295999999999997
0.3259424
0.31918
0.25877
0.2733
0.287597629
0.35535
0.37077
0.40186
0.40019
0.37008
0.32031
0.33208999999999994
0.32141000000000003
0.29971000000000003
0.28676
0.32938700000000004
0.32747
0.35026999999999997
0.35581
0.31999999999999995
0.2969
0.33844
0.33707000000000004
0.29643
0.3531
0.31475000000000003
0.32635
0.36135
0.36589
0.3029
0.31632000000000005
0.33709
0.25452
0.30217
0.31922
0.27397
0.31001
0.2703450000000001
0.34496
0.338021
0.286325
0.314783
0.33208000000000004
0.31561
0.33184
0.28252
0.32941999999999994
0.36806
0.28752
0.33812
0.3471
0.35087
0.35831999999999997
0.36506
0.36353
0.4038700000000001
0.33739
0.33797
0.36280999999999997
0.36094
0.38769000000000003
0.4338199999999999
0.42191999999999996
0.39225
0.35255000000000003
0.28398
0.32632
0.3646
0.36699
0.3473100000000001
0.4129600000000001
0.3938800000000001
0.38667
0.32879
0.36936
0.36662
0.36456
0.35196
0.37025
0.35268
0.34410999999999997
0.34308000000000005
0.37446
0.39327
0.39126
0.32748999999999995
0.33089
0.39916
0.3676599999999999
0.38165
0.35459
0.32926
0.30836
0.38355
0.3598600000000001
0.35679000000000005
0.31376
0.30974
0.40246
0.33097
0.38137
0.3817400000000001
0.34294
0.312265
0.34941
0.39001
0.346988
0.341
0.37685
0.37746
0.353379
0.3620899999999999
0.32217300000000004
0.345597
0.32478
0.3573
0.37262
0.36896999999999996
0.37079
0.37953
0.3282200000000001
0.2997
0.31838999999999995
0.338
0.4407800000000001
0.4122300000000001
0.44404
0.32848
0.33682
0.31418
0.3254
0.36139
0.39246
0.36664
0.36812
0.370246
0.30421000000000004
0.2991
0.29577
0.29603
0.28961200000000004
0.3088
0.27413000000000004
0.27553
0.26407
0.29281
0.26292000000000004
0.26993
0.29368999999999995
0.28702
0.25488
0.22933
0.2282
0.20861
0.28378499999999995
0.266773
0.29506
0.30684
0.2952479000000001
0.31882399999999994
0.261989
0.264489
0.30262
0.26427
0.31386
0.32421000000000005
0.274239
0.27684699999999995
0.24516
0.28071
0.29255000000000003
0.23508
0.26211
0.23264
0.251406
0.23214
0.233038
0.215768
0.209486
0.19592
0.27129000000000003
0.29781
0.24925
0.34014599999999995
0.2964600000000001
0.28445
0.32177
0.27055100000000004
0.2843
0.25408000000000003
0.28998
0.25389
0.2847
0.28893
0.272731
0.26313000000000003
0.24891300000000002
0.260315
0.324073
0.25028
0.25118
0.24095999999999998
0.23195
0.25120000000000003
0.215674
0.232523
0.26634050000000004
0.2872869
0.2708022
0.235925
0.25358800000000004
0.243608
0.24025
0.21818
0.26618
0.28181
0.2866900000000001
0.28344
0.26986
0.37637
0.34536500000000003
0.32149
0.356233
0.287065
0.28609300000000004
0.29394000000000003
0.33086200000000004
0.3352099999999999
0.36735999999999996
0.33508000000000004
0.32138000000000005
0.3038560000000001
0.325907
0.30142099999999994
0.31141599999999997
0.33088
0.35650000000000004
0.31778
0.31106
0.32452999999999993
0.28996900000000003
0.27402
0.3426
0.27566
0.2439800000000001
0.31151
0.281466
0.27882700000000005
0.274799
0.31595
0.318583
0.35707
0.33670100000000003
0.311522
0.33521
0.317233
0.29609800000000003
0.30918100000000004
0.3557813
0.3273014000000001
0.31256799999999996
0.331313
0.35992529999999995
0.344764
0.357667
0.3743450999999999
0.4187283
0.372745
0.3691475
0.39120920000000003
0.35439980000000004
0.3521145
0.38196240000000004
0.3628921
0.3190894
0.30144639999999995
0.3442135000000001
0.3172026
0.32627690000000004
0.3582350000000001
0.35130859999999997
0.32414679999999996
0.3466422
0.37214980000000003
0.3335131
0.35334020000000005
0.3712102000000001
0.34952740000000004
0.33089359999999995
0.36900259999999996
0.3520502
0.3542864
0.3691855
0.35995780000000005
0.3182784
0.3784425
0.33979000000000004
0.33892700000000003
0.32887
0.34435000000000004
0.339835
0.33508000000000004
0.3395
0.361344
0.360766
0.316317
0.30645
0.34494
0.3076
0.31878
0.4248400000000001
0.40455
0.34183
0.37478
0.3789100000000001
0.33558000000000004
0.3973700000000001
0.33248999999999995
0.31251
0.32193000000000005
0.32414000000000004
0.36163
0.33225000000000005
0.29982000000000003
0.34578000000000003
0.32934
0.31697
0.30066
0.2995900000000001
0.3396
0.33936
0.33540000000000003
0.34765999999999997
0.27931500000000004
0.3451
0.32562
0.31526
0.2916
0.33405
0.36484
0.32249
0.33652999999999994
0.31901
0.29987
0.30644
0.3009000000000001
0.275733
0.29760000000000003
0.26283
0.28359
0.28078000000000003
0.257619
0.298413
0.29134
0.256392
0.23685
0.26074
0.3035
0.28169999999999995
0.28349
0.25676000000000004
0.30826
0.27604
0.29207000000000005
0.27691
0.30767000000000005
0.25897
0.26989
0.257546
0.26162
0.265214
0.249568
0.257447
0.28229
0.25744
0.24046
0.2488
0.29565
0.25955
0.26526
0.21332
0.006386
0.00464802
0.14383705
0.09427174
0.04301213
0.07314653
0.11783049
0.35344935
0.34319540000000004
0.20337639
0.003468
0.002483
0.0028190000000000003
0.002987
0.005295
0.006378
0.06196
0.031976000000000004
0.046184
0.051937
0.049837000000000006
0.017204
0.037181
0.110562
0.110908
0.12113
0.11438
0.11177100000000001
0.118757
0.1298
0.25735
0.10588199999999999
0.0982616
0.0965556
0.1124751
0.101699
0.082817
0.092049
0.08372919999999999
0.0915873
0.08458659999999997
0.08405030000000001
0.06905800000000001
0.07071000000000001
0.180735
0.291733
0.311375
0.268297
0.478204
0.46637799999999996
0.4672310000000001
0.473004
0.4426229999999999
0.33282900000000004
0.36010800000000004
0.3393919999999999
0.34563
0.36684
0.213719
0.305012
0.304738
0.34605
0.298141
0.287877
0.32259210000000005
0.329744
0.27449
0.237
0.107969
0.118825
0.109629
0.106313
0.050977999999999996
0.052687
0.06623899999999999
0.137204
0.095441
0.13988499999999998
0.06470399999999997
0.052097
0.052563
0.053975
0.25874
0.200613
0.152051
0.14536
0.14443
0.14873499999999998
0.04285
0.018442
0.1326196
0.291249
0.2314070000000001
0.198626
0.224881
0.229291
0.298
0.059001
0.079038
0.091185
0.068591
0.052362000000000006
0.08250700000000001
0.016522
0.030927
0.024893000000000002
0.024021
0.01489
0.022496000000000002
0.019543
0.097653
0.083108
0.095698
0.29133200000000004
0.46653
0.46244
0.48024
0.08196
0.0023190000000000003
0.462157
0.0862455
0.114406
0.017524
0.105698
0.11798299999999999
0.120923
0.0083186
0.042530000000000005
0.011929
0.210394
0.028338
0.041494
0.160886
0.09778399999999997
0.23104499999999997
0.21349
0.07570299999999999
0.06621010000000001
0.171466
0.0060880000000000005
0.092318
0.10574
0.109902
0.108601
0.103871
0.149198
0.15669
0.23506
0.28037
0.36386799999999997
0.3850080000000001
0.35704400000000003
0.36392
0.13223
0.40794
0.36385500000000004
0.40755399999999997
0.363747
0.362713
0.374622
0.364872
0.358462
0.371338
0.37397
0.36928099999999997
0.369568
0.37643899999999997
0.368938
0.36011000000000004
0.41306
0.3876
0.378852
0.38150500000000004
0.382414
0.385798
0.386589
0.161268
0.126328
0.1278022
0.13626600000000005
0.237938
0.14495999999999998
0.14449800000000002
0.13189
0.186867
0.166485
0.196145
0.134174
0.134982
0.15554400000000002
0.156552
0.157203
0.138147
0.0015199999999999999
0.003139
0.063706
0.06278600000000001
0.069757
0.068253
0.051322000000000007
0.037083
0.097657
0.0899631
0.014242
0.034346700000000015
0.08091799999999999
0.11127139999999999
0.0430331
0.1540852
0.1455495
0.16903320000000002
0.11681749999999999
0.0881575
0.102311
0.10205039999999999
0.13357
0.17556999999999998
0.109724
0.0931028
0.102768
0.15143299999999998
0.11999429999999996
0.12543
0.21454
0.20273
0.25625719
0.26264624
0.25465529
0.23770529
0.22701624
0.20461529
0.21544529
0.16908433
0.09424338
0.12958338
0.07423433
0.10021042
0.10253338
0.09925238
0.13845142
0.10198237999999996
0.14169723000000006
0.18153508000000004
0.16193562000000009
0.2314746200000001
0.10401467999999996
0.18402571999999992
0.22055615000000006
0.19807743000000008
0.19572022000000008
0.20050030000000008
0.15622800000000006
0.19804990000000008
0.24906830000000005
0.2767444000000001
0.2859883999999999
0.2921601
0.27301050000000004
0.2728417999999999
0.23995840000000004
0.20697990000000005
0.22172550000000005
0.21132130000000005
0.2453808000000001
0.20076940000000004
0.23897660000000004
0.23541030000000004
0.21901730000000005
0.20649070000000005
0.18307880000000004
0.15652460000000004
0.15714690000000006
0.16750820000000005
0.20970640000000004
0.12610180000000004
0.1842483000000001
0.13151390000000007
0.2282836000000001
0.2523366000000001
0.24974980000000005
0.26673129999999995
0.2538848
0.2321139000000001
0.17122180000000006
0.16010020000000005
0.18762230000000005
0.2127030000000001
0.21707990000000005
0.19914730000000008
0.1964014000000001
0.13607270000000005
0.16449810000000006
0.2526062999999999
0.20489170000000007
0.21544750000000004
0.2349455000000001
0.2276247000000001
0.20715930000000005
0.2378065000000001
0.2616332
0.2489856000000001
0.2327399000000001
0.2387421000000001
0.20055890000000007
0.2458856000000001
0.25309649999999995
0.26310389999999995
0.2987128000000001
0.2863246
0.2458451000000001
0.20334750000000004
0.18800320000000004
0.15447850000000005
0.12794170000000007
0.10499989999999998
0.13682170000000005
0.11256399999999996
0.1192427
0.19328310000000004
0.2438755000000001
0.22308930000000005
0.12306789999999998
0.09511519999999997
0.13801270000000004
0.13479820000000006
0.13896870000000008
0.1049678
0.1962560000000001
0.12764180000000006
0.13700440000000008
0.12890870000000007
0.17905660000000007
0.16239769999999998
0.18216820000000009
0.12604550000000006
0.21264310000000008
0.14994100000000007
0.1298322000000001
0.00297823
0.004506100000000001
0.0065945000000000005
0.0075278
0.009140600000000002
0.005746899999999999
0.0057098999999999995
0.007717499999999999
0.007552600000000001
0.008666700000000001
0.0094006
0.008223000000000001
0.008904500000000001
0.11714089999999999
0.0107881
0.1072382
0.1179804
0.1230452
0.1310252
0.1604747
0.1250113
0.1627419
0.1759881
0.1931714
0.18297470000000002
0.16492089999999998
0.1723247
0.1934137
0.1128271
0.1222346
0.1126986
0.149693876
0.148742822
0.097349522
0.028583022000000007
0.060782422
0.098507722
0.055218022
0.06892632200000001
0.047042122
0.05059032200000002
0.09030272199999999
0.07939642200000001
0.057508322
0.210167422
0.17950552199999995
0.188882022
0.296720529
0.295185529
0.389652776
0.382383876
0.42987147600000003
0.360601176
0.3988108759999999
0.403274576
0.4241926760000001
0.118855176
0.267286029
0.213888876
0.062234322
0.154506476
0.157826576
0.15437217599999994
0.118125376
0.081957776
0.12874737599999994
0.124676076
0.17305867600000002
0.20718897600000002
0.16789677600000005
0.21750337600000005
0.172503376
0.184941076
0.067647076
0.129278876
0.13980142199999998
0.12618222199999998
0.092503922
0.157902876
0.091364322
0.13945987599999998
0.105858722
0.119649276
0.116203922
0.148758476
0.158058876
0.09717622199999999
0.195409076
0.210605176
0.121283822
0.14897042200000002
0.119365922
0.110940822
0.06623972199999999
0.038357422
0.10012572199999999
0.038983322
0.066116822
0.045464722
0.132775922
0.152984822
0.115733722
0.060031922
0.106639922
0.13057902200000002
0.057914222000000015
0.050701622
0.092146522
0.091142822
0.109832722
0.12014437599999996
0.10279702199999999
0.113859922
0.08817522199999997
0.088899522
0.163560376
0.095550322
0.102551876
0.104059222
0.106120622
0.038711522000000005
0.107352622
0.086661622
0.050496622000000005
0.07376912199999999
0.125889422
0.053355522
0.087327822
0.114731522
0.095957922
0.226864029
0.202346876
0.22570287600000002
0.172345976
0.10435122200000002
0.061799322000000004
0.029686868
0.06904122199999999
0.10622437600000002
0.206031629
0.19273647600000002
0.17096987600000002
0.125409222
0.12942697600000005
0.08909442199999999
0.096381022
0.08688682199999999
0.057921022
0.200223176
0.23654407600000002
0.360968229
0.338474729
0.308382329
0.313268129
0.319660029
0.070945176
0.125322176
0.08763672200000001
0.129499022
0.081752822
0.06562452199999999
0.041256422
0.109561722
0.127177876
0.07996702199999997
0.097882022
0.038122622
0.051361222000000005
0.052793922
0.243054292
0.260068322
0.266801922
0.253880922
0.239851022
0.221380222
0.226837222
0.239017722
0.238987022
0.08222022200000001
0.08406482200000001
0.054500822000000004
0.061768422
0.07376032199999999
0.05020832199999999
0.062967522
0.09622192199999999
0.07645182200000003
0.090976022
0.12246027599999999
0.152997776
0.119236556
0.07132244199999999
0.036869822
0.066206632
0.061134331999999986
0.065146992
0.040645722
0.03961353199999999
0.05157898200000001
0.032782512
0.085740132
0.024637562
0.07777738200000002
0.077772282
0.035493332
0.18750670200000005
0.023857342
0.14266769199999998
0.17002104199999998
0.142131356
0.16180335199999998
0.168111302
0.205039876
0.205419676
0.144741202
0.207244096
0.18094444199999998
0.095790982
0.20637785600000005
0.200565392
0.180931502
0.16530387600000002
0.249984176
0.144095576
0.147660022
0.208948276
0.258136576
0.275458576
0.23256837600000002
0.234575576
0.187701676
0.142277576
0.116110076
0.053262922
0.014770822
0.07645072200000001
0.053037922
0.054148622
0.083047322
0.044071522
0.214240929
0.352720529
0.076226776
0.07691882900000001
0.248288976
0.17473012899999998
0.173451076
0.267848829
0.165633576
0.178484576
0.082795522
0.030454422000000002
0.056751922
0.057054522
0.055474022000000005
0.14367112199999998
0.120168022
0.18432007600000005
0.105859976
0.13075842199999999
0.213360876
0.12291212199999994
0.116262022
0.15430622200000002
0.18441977600000006
0.121225522
0.159066522
0.132039722
0.09177532199999999
0.17746412200000006
0.130955022
0.102755922
0.131551122
0.08871692199999999
0.104093122
0.08852352200000001
0.09926912199999999
0.06984882199999999
0.111017622
0.11615052199999999
0.07077852200000001
0.11871227599999999
0.130945022
0.108421222
0.120050922
0.164962122
0.08918712200000001
0.090635122
0.211954776
0.16187907599999998
0.17575907600000001
0.070216622
0.11424022199999999
0.118388922
0.082002722
0.127926122
0.057619022
0.096173222
0.06260302200000001
0.145470822
0.096745022
0.051697122000000005
0.185317676
0.098795222
0.060962122
0.128549122
0.101473176
0.166055976
0.21708237600000002
0.120826676
0.120677522
0.005241
0.004311
0.004822
0.005325
0.0056689999999999996
0.006012
0.0054020000000000006
0.006615
0.0070799999999999995
0.00489
0.004677000000000001
0.0070977
0.008638799999999999
0.0090348
0.06536180000000001
0.0681145
0.0980002
0.07109510000000002
0.0683076
0.2226694
0.186181
0.4314713000000001
0.2189352
0.3832576
0.3993655
0.3151756
0.1379578
0.0876984
0.14382070000000002
0.1496817
0.135192
0.06559510000000003
0.1275441
0.0693034
0.0980653
0.1277462
0.16903339999999994
0.2445369
0.1069627
0.0945179
0.10829760000000001
0.1053736
0.1143563
0.21942960000000003
0.2306772
0.2139913
0.21375650000000002
0.16421619999999998
0.16664500000000002
0.3425308999999999
0.3085947
0.2878696
0.2743705
0.2729525
0.3012576
0.2139416
0.1685325
0.16790860000000002
0.1688175
0.17094059999999994
0.2112127
0.12553789999999998
0.17455149999999994
0.16470520000000002
0.105322
0.1455203
0.1828608
0.35120060000000003
0.26139819999999997
0.248667
0.2577913000000001
0.26093330000000003
0.2657751
0.3000985
0.2352194
0.2033836
0.2057946
0.20774269999999995
0.2470305
0.2731373
0.2018249
0.2200708
0.2254955
0.24168850000000006
0.1964767
0.4125046
0.32270170000000004
0.3413449000000001
0.3395745
0.3050605000000001
0.2597566
0.2800716
0.2493637
0.1713109
0.1727229
0.1721139
0.1725629
0.17132189999999994
0.17333889999999996
0.17087760000000002
0.17109490000000002
0.17220069999999998
0.1736049
0.16785899999999998
0.2234215
0.2950026
0.27860450000000003
0.28238450000000004
0.2983374999999999
0.30836740000000007
0.25389160000000005
0.2648828
0.2775187
0.2304609
0.2227488
0.22882270000000005
0.30019840000000003
0.2369627
0.2279268
0.23061379999999998
0.2383547
0.2284947
0.2395297
0.2285418
0.22715879999999997
0.2254369
0.22567489999999998
0.2252468
0.23793259999999994
0.1703369
0.1848118
0.17948889999999998
0.1830559
0.1901168
0.1800729
0.1843778
0.1841839
0.1914338
0.1855629
0.1806089
0.17572179999999998
0.2668225
0.25983290000000003
0.26834
0.2480134
0.25589660000000003
0.2605821
0.2588167
0.2520863
0.34144090000000005
0.3026904
0.29359539999999995
0.29881640000000004
0.2562694
0.3187923
0.2845514
0.2528497
0.2567316
0.2526116
0.2793746
0.2776726
0.2855535000000001
0.29066729999999996
0.2928844
0.2801884
0.2706895
0.2477759
0.30586630000000004
0.32235440000000004
0.31774050000000004
0.3187884
0.3170385
0.3182725
0.32193140000000003
0.3201085
0.3195624
0.30850750000000005
0.3195765
0.32107729999999995
0.3195214000000001
0.29980450000000003
0.3119275
0.3387293
0.34310739999999995
0.32450840000000003
0.3123984
0.3196155
0.3234804
0.3223585
0.30784340000000004
0.3028055
0.3170684000000001
0.30816449999999995
0.3075113
0.3049283
0.32680040000000005
0.3894353
0.4192002
0.4505272
0.4482882
0.2920304
0.3009296
0.3125315
0.3075653
0.3628773
0.3565033
0.3607483
0.35559430000000003
0.3706761
0.33314439999999995
0.3681048000000001
0.3156897
0.3156266
0.31372900000000004
0.31630839999999993
0.3141737
0.29932159999999997
0.3809954
0.3529501
0.3575587
0.3554968000000001
0.3599994
0.35792659999999993
0.3531652000000001
0.36072719999999997
0.35868919999999993
0.3620961
0.3741552
0.34851920000000003
0.3500111999999999
0.34921220000000003
0.3651611
0.3508593
0.3614392
0.3623732000000001
0.404623
0.4035621
0.3970031000000001
0.3812253
0.4100408999999999
0.34562819999999994
0.34697419999999995
0.35828720000000003
0.3549983
0.3589632
0.35604919999999995
0.35858920000000005
0.3612053
0.35886530000000005
0.3509893
0.3581062
0.3557183
0.3595012
0.35861220000000005
0.3575262
0.3622112
0.3591643
0.34819829999999996
0.35526230000000003
0.35430320000000004
0.4321521
0.4462198000000001
0.4503049
0.15395720000000002
0.2648757
0.2677915
0.2428868
0.26613259999999994
0.2716716
0.2649507
0.2706965
0.2732886
0.3278434
0.34161929999999996
0.33572959999999996
0.3275833
0.3215404000000001
0.3213393
0.3194553
0.26799759999999995
0.1995796
0.2080008
0.22812370000000004
0.1724369
0.14672000000000002
0.14729330000000002
0.1466067
0.144224
0.1596809
0.1506374
0.1478875
0.1480289
0.147068
0.14633200000000002
0.1310241
0.13951
0.1405641
0.1394261
0.13982999999999998
0.1409481
0.14722190000000002
0.14191009999999998
0.1389511
0.138784
0.13833199999999998
0.14977269999999998
0.33439109999999994
0.1843007
0.1834257
0.14328790000000002
0.14472100000000002
0.15880479999999994
0.1545477
0.2247415
0.1737118
0.1528359
0.1489471
0.15255600000000002
0.1488639
0.1876422
0.1421696
0.1492195
0.14832689999999998
0.1461649
0.1526589
0.141731
0.1426421
0.1431881
0.14177
0.146788
0.14455990000000002
0.1390327
0.11320050000000001
0.08948210000000001
0.0958724
0.0849417
0.0903133
0.0920293
0.1226892
0.0954962
0.1438411
0.1368473
0.14358729999999995
0.1314332
0.13443439999999998
0.14186229999999994
0.1240393
0.1411053
0.1384143
0.1369862
0.1379342
0.1431085
0.1406185
0.13415760000000002
0.0850766
0.0958915
0.0999363
0.08444249999999999
0.0851985
0.0910355
0.08829949999999999
0.0874472
0.0949835
0.08086349999999999
0.0864965
0.1043703
0.0839182
0.0977232
0.08900939999999999
0.10890049999999996
0.1038094
0.0831784
0.08110039999999999
0.0908095
0.0914904
0.0916145
0.08840940000000001
0.0930963
0.08977239999999999
0.08691950000000001
0.0828875
0.0890335
0.0932615
0.09250139999999997
0.1034665
0.0895375
0.0825094
0.0883015
0.1000463
0.0920714
0.08893039999999999
0.0902084
0.1192072
0.1159002
0.08430549999999999
0.0807605
0.0972914
0.0903755
0.08448349999999999
0.0862585
0.0859565
0.08619249999999999
0.08841349999999999
0.08849349999999999
0.0858945
0.0969855
0.09864049999999999
0.0936355
0.0806175
0.08883049999999999
0.08870449999999999
0.08801350000000001
0.0859067
0.24069459999999998
0.2348646
0.1985868
0.0996926
0.21229570000000006
0.22097960000000005
0.2392626
0.2181985
0.24085660000000003
0.2163897
0.21727270000000004
0.2287766
0.2289485
0.22344760000000002
0.2403567
0.2372868
0.2384308
0.23628070000000004
0.21538179999999998
0.2148708
0.2363329
0.23468070000000002
0.2182868
0.2465887
0.21375059999999999
0.2330077
0.2393886
0.2319855
0.2397216
0.23916469999999998
0.2371558
0.24511950000000002
0.2177073
0.2640381
0.2598593
0.2598752
0.1785112
0.2506892
0.2605213
0.25946820000000004
0.2509892
0.26268420000000003
0.26452929999999997
0.2651132
0.26444320000000004
0.2606022
0.26360029999999995
0.2640582
0.2630812
0.2632403
0.2685398
0.27132510000000004
0.26776110000000003
0.2795282
0.312161
0.27199509999999993
0.34494450000000004
0.3232268
0.22588720000000004
0.2294627
0.2307148
0.2486985
0.22709570000000004
0.2498877
0.2520336
0.250592
0.2515445
0.2495910000000001
0.2483015
0.27749720000000005
0.25192620000000004
0.2518593
0.2541079
0.2511995
0.2535577
0.2564955
0.2568144
0.2558323
0.32632209999999995
0.3669131
0.17713710000000002
0.3687211
0.3604602
0.3606492
0.22286129999999998
0.2284908
0.2551825
0.2261536
0.2466617
0.24370920000000001
0.2536975
0.2516169
0.23117100000000002
0.2554657
0.2584589
0.2547974
0.2585547
0.2515088
0.24630700000000005
0.24887590000000004
0.250031
0.2473651000000001
0.2459261
0.24355820000000006
0.2319703
0.227515
0.24905589999999997
0.2606677
0.2467651
0.25136200000000003
0.25159929999999997
0.3457061
0.32419440000000005
0.31239340000000004
0.3672522
0.2460482
0.23143920000000004
0.24675570000000002
0.24427680000000002
0.2285211000000001
0.2287292
0.25517
0.2333124
0.2327899
0.2313498
0.3320795
0.29418180000000005
0.25811179999999995
0.25205700000000003
0.2455473
0.2321431
0.24219210000000002
0.11520439999999998
0.20007729999999999
0.21792540000000005
0.2821585
0.31512450000000003
0.3453142
0.30430840000000003
0.2464019
0.2378469000000001
0.2434928
0.3207875
0.29677970000000004
0.32120760000000004
0.2467004
0.2920208
0.2446549
0.2428991
0.24302390000000001
0.2408499
0.2406667
0.2430804
0.244558
0.24943310000000002
0.2458262
0.2468815
0.2834715
0.2541768
0.2375429
0.1877187
0.28055850000000004
0.264456
0.3970184
0.4605124
0.2688955000000001
0.4197860000000001
0.33359910000000004
0.3125425
0.30729270000000003
0.17097600000000002
0.1834646
0.1889818000000001
0.2027013
0.1838998
0.18957400000000005
0.1911743
0.18907279999999999
0.1295293
0.4001046
0.336569
0.258496
0.2299904
0.2202554
0.2366676000000001
0.2455507
0.2457745
0.24752450000000004
0.134829
0.25258792
0.08144589999999999
0.08299000000000001
0.085663
0.08227699999999999
0.16810799999999998
0.31276800000000005
0.31877
0.32063
0.31995500000000004
0.326755
0.31687
0.32762
0.4301800000000001
0.36441999999999997
0.33809599999999995
0.329848
0.410488
0.328573
0.334061
0.34134600000000004
0.34672600000000003
0.347227
0.33789800000000003
0.340633
0.34665
0.35113000000000005
0.09087999999999999
0.07958
0.08105699999999999
0.07375
0.08156999999999999
0.07310200000000001
0.08201099999999999
0.090148
0.08732100000000001
0.083152
0.08231699999999999
0.080952
0.07729299999999999
0.07915500000000003
0.078487
0.08566700000000001
0.117876
0.09192999999999996
0.098023
0.102585
0.07439670000000001
0.0765807
0.08088609999999999
0.08161900000000001
0.081812
0.08453200000000001
0.08840600000000001
0.097941
0.06932
0.07663199999999999
0.06957
0.09546199999999998
0.101801
0.08731699999999999
0.0032119999999999996
0.004227000000000001
0.003967
0.004257
0.00547
0.0039369999999999995
0.006363000000000001
0.008971999999999999
0.0006799999999999999
0.0006599
0.001322
0.485838
0.004807
0.0076297
0.196199
0.12226600000000001
0.08912450000000001
0.0989299
0.0989067
0.10306749999999999
0.07442119999999999
0.07380709999999999
0.06915289999999999
0.072997
0.1710336
0.15985829999999998
0.1750563
0.1553908
0.1064927
0.11264269999999996
0.1118617
0.1341454
0.129718
0.030712299999999998
0.0212557
0.07209229999999997
0.08429650000000001
0.23957240000000002
0.2454699
0.2653022
0.064228
0.13372820000000002
0.21571241
0.26556440000000003
0.1596886
0.15205629999999998
0.2013833
0.2305364
0.2053765
0.22255660000000002
0.2032974
0.2155817
0.2392639
0.2486746
0.2409328000000001
0.3409498
0.4168936999999999
0.28629299999999996
0.3224669000000001
0.3088362
0.07615820000000001
0.041446
0.440385
0.4018100000000001
0.31795300000000004
0.181314
0.145977
0.156611
0.15701400000000004
0.1484221
0.055817
0.242168
0.157671
0.261575
0.198442
0.070103
0.08676999999999999
0.11458299999999999
0.245421
0.110567
0.125094
0.132044
0.1976027
0.1424882
0.1522329
0.166572
0.31960999999999995
0.327365
0.247332
0.277247
0.19987700000000005
0.228941
0.105201
0.40175
0.368691
0.10382100000000001
0.093365
0.10306300000000003
0.090419
0.261442
0.391325
0.095977
0.100017
0.12793200000000002
0.196406
0.194216
0.182668
0.161177
0.21558200000000002
0.243292
0.242058
0.177643
0.14447739999999998
0.0922556
0.1927263
0.1874954
0.1659975
0.1066854
0.12059809999999994
0.17916379999999998
0.1836277
0.1576887
0.1186692
0.1262721
0.1101568
0.14223360000000002
0.1256016
0.1100286
0.1016896
0.1446682
0.1915805
0.0870553
0.2847886
0.1817945
0.1876928
0.2084256
0.1846167
0.20893670000000006
0.17670970000000005
0.1892006
0.1912907
0.1872527
0.1809148
0.1756377
0.19407660000000002
0.16304839999999998
0.15822679999999995
0.1609058
0.13237390000000002
0.14118670000000005
0.16171270000000001
0.22004279999999998
0.12104389999999998
0.140667668
0.18762170000000009
0.2098775
0.2117018
0.2145835
0.20310770000000006
0.19832260000000002
0.214312
0.2233154
0.21602270000000004
0.21199160000000006
0.2138925
0.2598163
0.2202284
0.1298454
0.163162
0.13992979999999994
0.168736
0.1772999
0.1815569
0.1472268
0.1626839
0.1383746
0.17168370000000002
0.16952579999999998
0.1436168
0.14434170000000002
0.1822878
0.22017270000000005
0.11097089999999998
0.1120357
0.2035337
0.16141080000000002
0.1247863
0.1890548
0.21746959999999999
0.20714870000000002
0.15098599999999998
0.09543500000000002
0.10777799999999996
0.11072060000000003
0.0807039
0.16350209999999998
0.13457429999999998
0.16809090000000002
0.12969097
0.08490861999999999
0.07795662
0.13326396999999998
0.13162507
0.13994407
0.13862587
0.13883777
0.14528052
0.24385513
0.39326089
0.15591642
0.13912281999999998
0.02996323
0.17149448
0.2691907900000001
0.4289587400000001
0.4331347400000001
0.38108174
0.39853969
0.19258433000000005
0.10639123
0.16595443
0.20031113
0.15895072
0.10102552
0.12694358
0.11868731
0.11257475
0.11631846
0.14718851
0.29011195999999995
0.17361836
0.14741002000000006
0.14350836
0.22976322
0.33880188
0.36386567
0.33196659
0.33365149000000005
0.34399039
0.32407249
0.37332859
0.32885939000000003
0.36711244
0.37651787
0.41215999
0.41860599
0.37660719
0.38049013
0.37161023
0.35810813
0.37810033
0.31464528
0.31033962
0.33224838
0.30485472
0.27570637000000003
0.29847977000000003
0.29288662
0.29055087
0.29412152
0.32004558
0.30028952
0.28109767
0.26970758
0.02892256
0.030709809999999994
0.07300981000000001
0.07026471000000001
0.06951651
0.09087507
0.09099016
0.07579556000000001
0.07409831999999998
0.13802666
0.08745531
0.09903931
0.12627532
0.26067282
0.27744771999999995
0.23294047
0.22627792
0.27876132
0.23257142
0.26990027
0.28140627
0.26253142
0.27678562
0.30241498
0.26762947
0.40878263
0.27594112000000004
0.25901437000000005
0.23728847
0.33153977
0.45479128
0.47816698
0.4464169299999999
0.42982283
0.30641828
0.31314727
0.32468927000000003
0.38794492
0.40194883
0.45758573
0.47377793
0.47760908
0.47509698
0.44504998
0.47433228
0.47414208
0.47710518
0.45707128
0.47612438
0.47716748
0.45511368
0.46657433
0.47355308
0.47816418
0.47776328
0.47054003
0.47640103
0.46998938
0.45855043
0.47782083
0.46240028
0.47951498
0.39534883
0.22536767
0.19697366
0.19047402
0.22131287
0.17513711999999998
0.17206522000000002
0.17641691999999998
0.06905481999999999
0.33088508
0.41212923
0.39125433
0.4055726299999999
0.30799262000000005
0.22212502
0.21766267
0.18435402
0.21218927
0.13785405999999994
0.17866576
0.12631731000000002
0.15112351000000002
0.12884795999999998
0.11240566
0.09683550000000002
0.09503336
0.1023823
0.04497250999999999
0.14999132
0.19301078
0.20022178
0.20344268
0.20311512
0.09353746
0.05710532
0.19406327
0.11780327
0.08869232
0.05698191000000001
0.07021681
0.06285121
0.04878401
0.05039211
0.05649301
0.059231380000000014
0.05564011
0.06363901
0.06705206
0.05962346
0.05462926
0.06403821
0.07165801
0.09813581
0.18758056
0.13347566
0.06486966
0.17525642000000002
0.06669991
0.07234911
0.08602201
0.08137306
0.09156896
0.04643011
0.09157776
0.08931191
0.08943611000000001
0.09199496
0.34691239
0.35312014
0.13181116999999998
0.10577336999999998
0.10248162
0.10124572
0.23181937
0.14179442
0.09114996
0.10340552
0.14262542
0.12960247
0.14665002
0.19721037
0.14062342
0.09828461
0.11188266
0.12678351999999998
0.15669331999999994
0.13550142
0.13090937
0.11787747
0.12657062
0.11519352
0.11182937
0.08195152
0.08296211
0.08977491
0.08117692
0.08756596
0.08797300999999999
0.07910976
0.12201766
0.10229193
0.16269984
0.15939493
0.16567489
0.16257412000000002
0.10037152
0.08847862
0.07681706999999999
0.11605547
0.11500737000000005
0.08387722
0.08791312
0.08339902
0.28832762
0.25046868
0.37283118
0.40269518
0.46928628
0.3112510800000001
0.32060302
0.39013012
0.36315332
0.37371528
0.28436578
0.21095057
0.11238222
0.07947641999999999
0.07024926999999999
0.13941821999999998
0.12922452
0.13071252
0.122709
0.05930916
0.06029366000000001
0.06748362
0.11460056999999994
0.11895942
0.10013762
0.05930717000000001
0.15757455
0.10746095
0.10175577
0.15901511999999998
0.22352758
0.22251398000000008
0.18029573
0.23864487999999995
0.24177379
0.20387273
0.36815548
0.39010263
0.39679073
0.39911259
0.39430243
0.40571683
0.31575532
0.17182312
0.1707506
0.17198670000000002
0.24290489999999995
0.1686618
0.13181579999999996
0.15807289999999996
0.14836059999999998
0.104879
0.090576
0.097412
0.07608200000000001
0.093425
0.082612
0.07707599999999999
0.165768
0.17332999999999998
0.314655
0.310101
0.302137
0.227047
0.145419
0.1879032
0.2048982
0.1352654
0.13134720000000005
0.1876494
0.14399669999999998
0.1304282
0.14851199999999998
0.08236410000000001
0.06681369999999999
0.06475908
0.186292
0.20884729999999999
0.2314965
0.198129
0.21752
0.24687399999999998
0.22861599999999999
0.24442100000000005
0.213194
0.145812
0.159411
0.2324431
0.138322
0.197499
0.478169
0.4816074000000001
0.47800200000000004
0.48013500000000003
0.481213
0.476387
0.48212
0.444092
0.483317
0.48231199999999996
0.473669
0.474947
0.481469
0.481893
0.4694470000000001
0.4500810000000001
0.5104314
0.4830853000000001
0.481182
0.48090600000000006
0.47687399999999996
0.449978
0.4407820000000001
0.478926
0.4834890000000001
0.483666
0.46747
0.456438
0.483565
0.411548
0.422637
0.4829060000000001
0.483182
0.457935
0.481716
0.48327
0.48203999999999997
0.482492
0.468642
0.482031
0.48209672200000003
0.48271
0.46205
0.458682
0.483818
0.484176
0.483562
0.48407799999999995
0.4829479999999999
0.483597
0.47991999999999996
0.478209
0.4822810000000001
0.483805
0.4828400000000001
0.4834890000000001
0.4830640000000001
0.484459
0.481977
0.48402
0.483606
0.484287
0.484018
0.484224
0.483966
0.48258500000000004
0.482646
0.482725
0.464906
0.482013
0.483274
0.481239
0.4705820000000001
0.482757
0.4792442000000001
0.48414309999999994
0.460551
0.4844020000000001
0.481839
0.484823
0.423052
0.484775
0.485228
0.482715
0.460879
0.482655
0.454205
0.485458
0.4854770000000001
0.485129
0.485776
0.484533
0.47948
0.484712
0.485292
0.48481199999999997
0.485266
0.485128
0.48549200000000003
0.48552799999999996
0.485357
0.4839950000000001
0.4851144
0.459926
0.477729
0.471342
0.46606400000000003
0.477601
0.386894
0.447308
0.128046
0.197525
0.151499
0.1040329
0.12263319999999997
0.16567929999999995
0.15799929999999998
0.1336174
0.1336585
0.13420539999999995
0.1312245
0.1236184
0.1383459
0.1326454
0.1012493
0.05493330000000001
0.0998893
0.1355463
0.14237429999999998
0.15036029999999995
0.1412234
0.1476054
0.1431988
0.14648640000000002
0.0731952
0.1485868
0.1612629
0.07863400000000001
0.07541569999999999
0.4764032999999999
0.4824844999999999
0.4830324
0.4682646
0.4811957000000001
0.4822456000000001
0.044467700000000006
0.1125729
0.28926240000000003
0.2019198
0.1240984
0.13932550000000002
0.12672930000000002
0.1223006
0.1182145
0.17900329999999998
0.1805603
0.1740546
0.17409460000000002
0.1754603
0.1874
0.17636929999999998
0.1759076
0.1765386
0.17654560000000002
0.1799086
0.1256116
0.1280905
0.12599549999999998
0.12975350000000002
0.1461723
0.1643509
0.17177969999999998
0.137488
0.1399984
0.1501573
0.13190639999999998
0.1705693
0.17136030000000002
0.1640963
0.17459029999999998
0.1715773
0.1288685
0.1750144
0.18875020000000006
0.195824
0.1745886
0.1794175
0.1815145
0.1761306
0.1763485
0.17723350000000002
0.1711386
0.1651207
0.1672326
0.2260589
0.18448979999999998
0.17265179999999994
0.16327930000000002
0.1316243
0.12538639999999998
0.13873049999999998
0.1370625
0.1357744
0.1307296
0.1333375
0.1327025
0.1880273
0.18417920000000002
0.1808272
0.16624429999999998
0.1970765
0.2014655
0.2031094
0.1985895
0.1805025
0.2029125
0.1812065
0.1840224
0.1490143
0.13195420000000002
0.1512339
0.1915493
0.1715193
0.15016639999999998
0.2018196
0.2073094
0.2327183
0.20831750000000002
0.21558049999999998
0.2209235
0.2036833
0.2077051000000001
0.213167
0.15774649999999998
0.16750330000000002
0.1336654
0.2085074
0.1856995
0.1763204
0.1761974
0.1892085
0.17717049999999998
0.0863789
0.2141589
0.1027772
0.1127577
0.0906286
0.1043616
0.102319
0.26221209999999995
0.2973639
0.17366410000000002
0.18433110000000005
0.2562569
0.3599425
0.3762742
0.29517340000000003
0.1961415
0.06147870000000001
0.0802186
0.1146653
0.0988433
0.1396174
0.1639625
0.16247260000000002
0.15229969999999998
0.1284806
0.185209
0.16717200000000002
0.180354
0.217137
0.227225
0.21308
0.196037
0.1936853
0.001898
0.0026739999999999997
0.004059
0.003704
0.00425
0.003902000000000001
0.004318
0.0032619999999999997
0.005806
0.047269000000000005
0.005111999999999999
0.005007
0.0049055
0.06318289999999999
0.07433
0.080692
0.008898
0.07971500000000001
0.41495
0.274723
0.062037000000000016
0.013678999999999998
0.001673
0.0023350000000000003
0.003853
0.004845
0.003368
0.379007
0.44624
0.3973300000000001
0.314125
0.154138
0.16628500000000002
0.227763
0.26377399999999995
0.394757
0.4091283
0.3532065
0.28825890000000004
0.234224
0.3083127
0.27338
0.30655770000000004
0.2394527
0.369883
0.3806021
0.27758910000000003
0.0010890000000000001
0.0020559999999999997
0.0025440000000000003
0.005234
0.026223000000000003
0.026972000000000003
0.027157
0.050594
0.10946600000000001
0.121686
0.4421479999999999
0.42035
0.43312
0.29231
0.07298500000000001
0.049382
0.42026
0.17958
0.237
0.080527
0.096935
0.090964
0.0105287
0.109214
0.07846239999999999
0.16557220000000006
0.061921400000000015
0.016570599999999998
0.1941167
0.15221910000000002
0.1187654
0.10699449999999999
0.132437
0.060941999999999996
0.003922
0.02848
0.198798
0.037301
0.055358
0.203012
0.33674000000000004
0.30530300000000005
0.33162
0.20861999999999997
0.069438
0.13181700000000002
0.101803
0.14625000000000002
0.050769000000000016
0.110785
0.09152000000000003
0.0460895
0.0576409
0.06100480000000001
0.2188924
0.229746
0.2148825
0.1875323
0.2856504
0.28841500000000003
0.2856209
0.3168906
0.337353
0.3921057
0.40056820000000004
0.369635
0.3565531
0.2491139
0.2282521
0.2970022
0.35676299999999994
0.365385
0.3068521
0.30387070000000005
0.002052
0.004051
0.25906
0.42558
0.28841
0.344383
0.134479
0.376831
0.35763
0.32941
0.33604
0.27670900000000004
0.433758
0.4264330000000001
0.28961650000000005
0.283106
0.280891
0.2964066
0.3503496
0.32863610000000004
0.305284
0.077652
0.0023539999999999998
0.002071
0.003819
0.0043490000000000004
0.007103
0.115146
0.11315
0.12170299999999999
0.118418
0.120941
0.12225005
0.21037
0.098937
0.211609
0.21626
0.21523
0.213035
0.21255500000000002
0.21642
0.22126
0.013369999999999998
0.21968
0.21995
0.22106
0.22339
0.21959
0.21915
0.21837
0.305282
0.300344
0.30488000000000004
0.213984
0.216591
0.22628099999999998
0.2216557
0.21835
0.22003000000000006
0.009094
0.043
0.043492
0.05967000000000001
0.052912
0.042079000000000005
0.040231
0.037216
0.03915
0.040046
0.039461
0.015449
0.010968
0.011666
0.011863
0.010178
0.016044000000000003
0.00795
0.120823
0.119437
0.193796
0.073965
0.08402199999999999
0.08771499999999999
0.085036
0.08396999999999999
0.08123899999999999
0.082316
0.080511
0.05541
0.113133
0.1586
0.17413399999999998
0.181358
0.171757
0.193522
0.187348
0.168481
0.175544
0.18785
0.2222500000000001
0.13993599999999998
0.13966499999999998
0.139594
0.156422
0.153136
0.14844000000000002
0.139362
0.13777799999999998
0.118381
0.114047
0.131025
0.1642385
0.073185
0.160673
0.123429
0.05885600000000001
0.075918
0.131132
0.101229
0.1284355
0.080454
0.265625
0.309234
0.304192
0.155401
0.239952
0.240114
0.049782
0.115558
0.051027
0.047442000000000005
0.0054833
0.008713
0.051373
0.169497
0.15701900000000002
0.11505699999999999
0.014107
0.013423999999999998
0.0142495
0.05363420000000002
0.0443474
0.0162366
0.15769300000000006
0.167204
0.124633
0.08315700000000001
0.094283
0.004364
0.0045320000000000004
0.11372
0.113048
0.092588
0.004852
0.007506999999999998
0.006622
0.0073700000000000015
0.461998
0.432888
0.129467
0.025212
0.039807999999999996
0.038075
0.009565
0.160103
0.240147
0.18245999999999998
0.132357
0.180411
0.103519
0.14445100000000002
0.097276
0.11285
0.090607
0.115935
0.20179200000000005
0.185102
0.170223
0.165116
0.140225
0.122893
0.119203
0.11309000000000001
0.179112
0.172093
0.117622
0.176404
0.176537
0.16972669999999998
0.31085
0.30439
0.215318
0.20531
0.200672
0.19858399999999998
0.26272
0.202614
0.197167
0.25333
0.33879000000000004
0.341733
0.3417100000000001
0.4314000000000001
0.41506899999999997
0.44108
0.47780600000000006
0.342442
0.422073
0.263608
0.26
0.35476
0.360172
0.28688
0.345364
0.196583
0.20663
0.35580740000000005
0.1217706
0.1367144
0.15797899999999998
0.18436
0.16044
0.1669
0.16353099999999998
0.15878199999999998
0.14716800000000002
0.154397
0.1971082
0.1292
0.184125
0.227535
0.226384
0.22060900000000006
0.249329
0.249475
0.380737
0.371101
0.35165
0.228016
0.266312
0.26464200000000004
0.231815
0.202128
0.062626
0.433701
0.189708
0.131536
0.03770299999999999
0.054555999999999986
0.096064
0.045853000000000005
0.099388
0.170433
0.0940781
0.05091100000000001
0.08492999999999999
0.13493200000000005
0.137345
0.032429
0.05795300000000001
0.053469100000000006
0.038150199999999995
0.138337
0.22852240000000001
0.2270858
0.2942918
0.272291
0.25282
0.4214999999999999
0.282631
0.21017
0.094511
0.14643
0.08381100000000001
0.07618799999999999
0.07601799999999999
0.07854699999999999
0.08266799999999999
0.054003
0.046633
0.048003
0.048955
0.04885
0.051820000000000005
0.08485
0.034016000000000005
0.012382
0.010853
0.0064751
0.050787
0.066332
0.06789999999999999
0.121233
0.08876999999999999
0.12376
0.06506
0.10396
0.29148
0.33905
0.314141
0.28939000000000004
0.271832
0.296725
0.25201300000000004
0.306529
0.32872499999999993
0.354036
0.06515699999999999
0.066187
0.063692
0.0669765
0.068446
0.067954
0.048382
0.060427
0.06800300000000001
0.069361
0.159666
0.257838
0.35014199999999995
0.3801250000000001
0.404181
0.419322
0.406565
0.42788000000000004
0.43150900000000003
0.426304
0.007833
0.0091935
0.009121700000000002
0.014040000000000002
0.010755
0.186795
0.212738
0.05743
0.012802
0.120864
0.096347
0.131466
0.11582
0.0065
0.004639
0.003914
0.008896
0.009949
0.006279
0.007668
0.120699
0.12468400000000004
0.28012
0.30144
0.3304
0.3605539999999999
0.398579
0.38060700000000003
0.37355
0.397639
0.34430900000000003
0.4216350000000001
0.40813
0.397687
0.39660700000000004
0.3947589999999999
0.366441
0.4036100000000001
0.42606099999999997
0.26953
0.44208000000000003
0.050898000000000006
0.032391
0.114773
0.026102
0.011878200000000002
0.006889
0.006241
0.148742
0.255938
0.202955
0.0049039999999999995
0.0039779
0.017585000000000003
0.005135
0.0043490000000000004
0.0037159999999999997
0.004379
0.003906
0.0035399999999999997
0.003952000000000001
0.005424
0.004211
0.0037310000000000004
0.003319
0.002968
0.004318
0.004982
0.008545
0.006462000000000001
0.015571999999999999
0.005219
0.003735
0.003117
0.002773
