0.0272707
0.0323449
0.029048700000000004
0.022574
0.0239903
0.025708900000000003
0.133529
0.025891
0.020212400000000002
0.031096700000000005
0.130974
0.03151399999999998
0.024746999999999998
0.022345600000000004
0.027994099999999997
0.0266721
0.0233457
0.0231291
0.0250443
0.021411900000000005
0.0290905
0.0433685
0.0369408
0.029756900000000006
0.0337062
0.033373
0.030429900000000006
0.0271523
0.0258333
0.0263591
0.031609700000000004
0.0289742
0.033138999999999995
0.035675700000000005
0.0221895
0.0252947
0.024407299999999996
0.03150119999999998
0.024905200000000002
0.0242313
0.0222681
0.0218002
0.0275494
0.0267163
0.07585139999999999
0.0621796
0.0237667
0.023795000000000004
0.0228935
0.0221875
0.0319717
0.0250646
0.029432700000000006
0.025260499999999998
0.024194
0.0340797
0.0242098
0.0230311
0.0233585
0.0791705
0.10974860000000003
0.1429918
0.16125379999999995
0.1637615
0.1554067
0.1633584
0.125607
0.0918128
0.08309799999999999
0.08168379999999999
0.08457100000000001
0.08622360000000001
0.0569337
0.024110400000000004
0.027140200000000003
0.0249932
0.027601999999999998
0.0401922
0.0260785
0.0287753
0.11183980000000002
0.15907449999999998
0.1272933
0.0963067
0.0205195
0.022607900000000004
0.0221738
0.0224276
0.023566
0.0312775
0.041321300000000005
0.05217419999999999
0.059560300000000004
0.0136851
0.022609200000000003
0.050553
0.018277599999999998
0.0490208
0.046383
0.045354900000000004
0.0661069
0.0453895
0.0196294
0.0457666
0.0461965
0.0285635
0.040488800000000005
0.0853665
0.1090505
0.1086019
0.038779
0.0461085
0.0379797
0.0415341
0.0401931
0.078669
0.0351027
0.048453
0.049326100000000005
0.0523309
0.0385629
0.036405900000000005
0.0375696
0.0542134
0.028561000000000003
0.048508
0.054583000000000007
0.04795719999999999
0.041511
0.0258991
0.029189800000000005
0.05172140000000002
0.05054879999999999
0.07911710000000001
0.0510901
0.08792650000000002
0.10546880000000003
0.0975238
0.0939883
0.060639
0.131216
0.157437
0.0990156
0.156698
0.15572679999999994
0.1662506
0.15872599999999998
0.1952685
0.1858666
0.1856562
0.15561960000000002
0.1885238
0.2150943
0.205371
0.1921256
0.19317720000000002
0.1971653
0.220722
0.22453720000000002
0.1909057
0.2128768
0.1892219
0.21284339999999996
0.2100605
0.20534
0.1885328
0.1767424
0.2021596
0.1836729
0.1969858
0.016139500000000005
0.050761900000000006
0.01173
0.0480587
0.035556599999999994
0.0290505
0.031812900000000005
0.0499305
0.0923273
0.0827579
0.0637258
0.0599357
0.0526399
0.056825199999999985
0.0413072
0.050293
0.045658199999999996
0.0578062
0.055185300000000014
0.0381265
0.0594305
0.036976499999999995
0.0516433
0.07758739999999999
0.0424213
0.051521000000000004
0.0231341
0.066126
0.0567379
0.030767000000000006
0.0515345
0.0629994
0.0405524
0.019112999999999998
0.0377291
0.03861139999999999
0.035655599999999996
0.0585403
0.10616789999999998
0.0867513
0.07914130000000001
0.0974943
0.0965332
0.1087332
0.17983839999999998
0.1240097
0.24859360000000003
0.3576841
0.283475
0.2800571
0.05865
0.05581900000000001
0.06443099999999999
0.0426902
0.0764471
0.1066635
0.05455560000000001
0.0988596
0.0458467
0.052864199999999986
0.05836010000000001
0.0711
0.0626757
0.045896000000000006
0.0668189
0.0669778
0.063347
0.052917
0.0423022
0.0306369
0.0238786
0.10550889999999999
0.08776769999999999
0.09166089999999999
0.1219679
0.1586031
0.108792
0.0974889
0.1483968
0.1241138
0.0438054
0.0453555
0.048245299999999984
0.026248
0.0315752
0.029998700000000007
0.04555129999999999
0.0559009
0.054690199999999994
0.0377538
0.06410800000000001
0.0514271
0.0508381
0.0339436
0.041749
0.030116000000000004
0.0381985
0.029669400000000002
0.049674300000000005
0.056527699999999986
0.08907989999999999
0.0950829
0.08735769999999997
0.05411710000000002
0.0461784
0.0409768
0.0513585
0.0504324
0.0368746
0.08237889999999999
0.0522062
0.0405662
0.06340710000000001
0.0505951
0.0584771
0.053589
0.04068139999999999
0.0244976
0.027070999999999998
0.049820800000000005
0.050598800000000006
0.025539
0.03779299999999999
0.0501075
0.048947199999999996
0.0330089
0.05788450000000001
0.027703900000000004
0.0412545
0.055253
0.05141669999999999
0.059387399999999986
0.0548181
0.060872400000000014
0.0526649
0.0719655
0.0431985
0.04035470000000002
0.0450782
0.0419563
0.0633507
0.028661900000000008
0.05330870000000002
0.037284899999999996
0.035683400000000004
0.035545200000000006
0.0463491
0.0520886
0.0475307
0.042972500000000004
0.049321
0.0535067
0.0725028
0.04046690000000002
0.060427200000000014
0.0470331
0.040333
0.0446444
0.05892500000000001
0.0524111
0.053265899999999984
0.052533400000000015
0.0514475
0.0429078
0.030168899999999995
0.0439791
0.0430602
0.0446399
0.0340823
0.031678899999999996
0.05774210000000001
0.023359
0.031955000000000004
0.02705
0.221061
0.406737
0.4152405
0.3873
0.39457
0.4179600000000001
0.401669
0.416921
0.43409
0.40251
0.4175200000000001
0.41858
0.41836
0.441247
0.41939
0.437638
0.431843
0.425519
0.41958
0.42318999999999996
0.416953
0.39873000000000003
0.38207
0.37971
0.41832
0.426169
0.39905100000000004
0.39498
0.41187
0.4162
0.4150700000000001
0.304361
0.25347
0.0817908
0.06951879999999999
0.0446621
0.0227445
0.015979599999999997
0.0250685
0.0126569
0.0173521
0.0178373
0.016649200000000003
0.013581600000000001
0.0117169
0.017113999999999997
0.016126400000000003
0.0153211
0.008412099999999999
0.0132107
0.013669999999999998
0.013730000000000001
0.01187
0.01207
0.02787
0.058753
0.045167
0.0231393
0.020860100000000003
0.015059
0.014405600000000001
0.013640600000000004
0.013296300000000002
0.0239087
0.015982600000000003
0.0161441
0.0141096
0.01073
0.01245
0.0173
0.07156
0.05533
0.07424800000000001
0.08245999999999999
0.08772999999999999
0.08704499999999997
0.104154
0.08735599999999999
0.091436
0.093105
0.09556399999999997
0.092088
0.094828
0.10313
0.083475
0.088564
0.091029
0.088171
0.083743
0.037117
0.035170999999999994
0.035035000000000004
0.037084
0.036487
0.015778
0.01846
0.25525
0.41153999999999996
0.40052
0.3780200000000001
0.16399999999999998
0.07753299999999999
0.0247186
0.028385000000000007
0.032005
0.07922799999999999
0.123832
0.115205
0.116291
0.122055
0.08422600000000001
0.075404
0.07708899999999999
0.075556
0.07825100000000001
0.075334
0.08021400000000001
0.078225
0.111928
0.116616
0.049216
0.019668
0.02085
0.02005573
0.02312
0.019403
0.021853
0.022394
0.06930599999999999
0.20377400000000004
0.267597
0.28456299999999995
0.102293
0.020105
0.018011000000000003
0.016668000000000002
0.022494999999999998
0.0134381
0.0185292
0.017269800000000002
0.0434526
0.0250021
0.017397799999999998
0.0220079
0.019351700000000003
0.0175708
0.0160865
0.01743
0.01518
0.019786
0.019292
0.019968
0.018455000000000003
0.021631
0.021244
0.017647999999999997
0.019473
0.025801
0.054304999999999985
0.019988
0.061354
0.07226
0.039142
0.050544
0.11810500000000004
0.111129
0.042395999999999996
0.039427
0.041238
0.058463
0.044532
0.029675
0.02115
0.013547
0.053753999999999996
0.015717000000000002
0.020285
0.0173524
0.021954
0.114671
0.13080899999999998
0.07618
0.048258999999999996
0.036945099999999995
0.0410333
0.0410459
0.052874000000000004
0.04057
0.035866000000000016
0.039221
0.032646
0.032387
0.03888799999999999
0.036552999999999995
0.041217000000000004
0.036504
0.03738199999999999
0.035678999999999995
0.041527999999999995
0.036302999999999995
0.035743000000000004
0.034942
0.079071
0.041475
0.034536000000000004
0.041965
0.035486000000000004
0.035464
0.042257
0.038060000000000004
0.037874000000000005
0.08829400000000001
0.07188
0.08830000000000003
0.172075
0.06554
0.040470000000000006
0.037701000000000005
0.045206
0.041296000000000006
0.04135500000000001
0.04388
0.040944
0.039082000000000006
0.035835000000000006
0.16203
0.235906
0.03962
0.069829
0.057868
0.062946
0.116531
0.037305
0.034003
0.030721
0.0335
0.119648
0.035885
0.033757
0.03491596
0.03418987
0.033834730000000014
0.082649
0.08332300000000001
0.082234
0.068074
0.05053420000000002
0.039811
0.037531
0.11043100000000004
0.060987
0.037725999999999996
0.037482
0.040113
0.04099799999999999
0.06852799999999999
0.232638
0.277197
0.284319
0.036965
0.0394275
0.0405668
0.033361
0.039615
0.039115
0.034521
0.031032
0.037334
0.108698
0.245413
0.254945
0.263898
0.260714
0.097223
0.100395
0.111921
0.0951793
0.0395481
0.0376349
0.035364299999999994
0.0403816
0.031196800000000007
0.0412306
0.036918900000000004
0.035986199999999996
0.0429225
0.024513600000000003
0.1986101
0.0320054
0.032977
0.0943
0.059337
0.036143
0.01152
0.206413
0.205614
0.2315
0.20390999999999998
0.17362
0.27491
0.145637
0.030587000000000007
0.020067
0.039646
0.027633
0.036311
0.037165
0.032697000000000004
0.033364000000000005
0.031088999999999995
0.0106
0.036910000000000005
0.375908
0.39191
0.075712
0.029207
0.048919
0.01135
0.014085
0.04858
0.17453
0.06792999999999999
0.1719
0.23785
0.23468000000000006
0.24972
0.23831
0.23981
0.23714000000000002
0.23703000000000002
0.23326999999999998
0.11456
0.1464
0.18129
0.1800891
0.1779453
0.1809586
0.1806324
0.1761866
0.1821057
0.17870590000000006
0.1802535
0.1820076
0.2178943
0.1907052
0.1819059
0.1768313
0.17898319999999998
0.18127
0.18073000000000009
0.17831000000000002
0.17889000000000002
0.17574
0.18079
0.17576999999999998
0.17561
0.17185
0.21349
0.21221
0.20933
0.21349
0.21995
0.17397
0.1799
0.18011999999999995
0.17272
0.17933
0.17798
0.17884999999999998
0.17897000000000002
0.17991
0.20553000000000002
0.20751999999999998
0.187812
0.17913249999999994
0.17529999999999998
0.17906
0.12413
0.0838
0.15845
0.18287
0.1580239
0.1120668
0.13030599999999998
0.14163689999999998
0.1408379
0.12983689999999998
0.1357398
0.0405969
0.033339999999999995
0.043210000000000005
0.0343282
0.03589789999999999
0.030161300000000005
0.0289261
0.0451213
0.0802868
0.1068978
0.147428
0.083324
0.18509
0.13661700000000002
0.195281
0.140223
0.194494
0.197355
0.24329
0.25411
0.24508
0.188697
0.25011
0.24868
0.23935
0.229041
0.25048000000000004
0.236109
0.24212900000000004
0.23135
0.2294
0.23065
0.22686
0.22843
0.2370400000000001
0.23969000000000001
0.2397900000000001
0.23399999999999999
0.23593000000000003
0.22945
0.23126
0.23153
0.23701000000000005
0.24221000000000004
0.23159
0.23888
0.24129
0.23581
0.24251
0.24035
0.23206
0.227523
0.23339
0.23884
0.23589
0.2344
0.23105
0.23160999999999998
0.23017
0.22791999999999998
0.23699
0.19861
0.031147000000000005
0.01256
0.035045
0.035541
0.035897000000000005
0.042613000000000005
0.08930199999999999
0.053653999999999986
0.030346
0.036506
0.041597
0.038962
0.046219
0.07786399999999999
0.034289
0.03774299999999999
0.130838
0.151908
0.133928
0.10807
0.044962
0.044338999999999996
0.038164
0.044024
0.040191000000000004
0.034893
0.036231
0.038682
0.036737
0.04171
0.03710800000000001
0.04027099999999999
0.031553
0.041964999999999995
0.036876000000000006
0.044382000000000005
0.038792099999999996
0.03765999999999999
0.035042000000000004
0.040238
0.035872
0.041121000000000005
0.033902000000000015
0.035538
0.08871499999999999
0.093091
0.101732
0.106215
0.043494
0.062722
0.057830999999999994
0.07230299999999999
0.07358599999999997
0.039052
0.036201
0.036625000000000005
0.04047499999999999
0.1101
0.03808400000000002
0.042152
0.10903099999999999
0.077349
0.033756999999999995
0.04356
0.04235
0.032514
0.037234
0.03635
0.03082
0.090081
0.0924352
0.08857899999999999
0.096037
0.089894
0.06640099999999999
0.041038
0.06648079999999999
0.0499596
0.036191
0.032326
0.033473
0.031827999999999995
0.034041
0.032339000000000014
0.039224
0.043916000000000004
0.043491
0.048718
0.200926
0.277204
0.271935
0.191373
0.155486
0.15098
0.038776000000000005
0.124226
0.039412
0.035460000000000005
0.037384
0.038518
0.036942
0.035762
0.036415
0.036321
0.039119
0.037811
0.039814999999999996
0.038357
0.036732
0.034980000000000004
0.032742
0.037223
0.037343
0.037952
0.036517
0.038988
0.033279
0.038069
0.038551
0.07320499999999999
0.043256
0.037811
0.042577
0.035762
0.070384
0.07256
0.051445000000000005
0.055799
0.06235900000000001
0.033122000000000006
0.039784
0.037788
0.035892
0.036159
0.0522
0.045439999999999994
0.05521
0.018894
0.026680000000000002
0.1048
0.18941
0.21946
0.06842000000000001
0.16203
0.21682
0.21363000000000001
0.2201
0.22451
0.21700999999999998
0.22775
0.21924
0.21949000000000002
0.219489
0.23184000000000002
0.22534
0.01025
0.017563099999999998
0.0134718
0.058553000000000015
0.054551
0.0564604
0.0584727
0.0558451
0.0571057
0.0502447
0.2368157
0.2357666
0.23375
0.23542
0.23593000000000006
0.05222
0.0545066
0.057103
0.0575822
0.05774310000000001
0.052096
0.053728899999999996
0.0520823
0.0587318
0.0530672
0.05696420000000001
0.055848
0.0510359
0.052410000000000005
0.052535000000000005
0.05814459999999999
0.05753510000000001
0.0566884
0.0530774
0.055022600000000005
0.05886520000000001
0.05317190000000001
0.056223699999999995
0.0544456
0.0571302
0.054000000000000006
0.051122900000000006
0.05225099999999999
0.05417000000000001
0.055551
0.0140561
0.0124571
0.0105916
0.013633100000000002
0.0157332
0.0099807
0.0122526
0.014556399999999999
0.017430767999999996
0.19583
0.11877
0.10805
0.103859
0.11434
0.0557368
0.04392
0.0756
0.038970000000000005
0.02356
0.03052
0.014469999999999997
0.01405
0.038610000000000005
0.034483
0.029079999999999995
0.031010000000000006
0.03433
0.0202
0.37559
0.36621
0.33307000000000003
0.102093
0.085953
0.072429
0.06862299999999999
0.049057
0.03383
0.023232000000000003
0.046152000000000006
0.03637
0.037874000000000005
0.034132
0.019293
0.035466000000000004
0.027125
0.085506
0.093808
0.12452599999999996
0.134639
0.22244
0.21622
0.201232
0.17858
0.12809
0.17334000000000002
0.10687
0.08882999999999999
0.10567
0.0871
0.1077
0.09451
0.10126
0.10617
0.09205
0.09847
0.10201
0.09585
0.10295
0.10733
0.01399
0.01469
0.015319999999999999
0.013730000000000001
0.01222
0.03474
0.0139333
0.20029
0.23667
0.22354
0.23065
0.22809000000000001
0.23521999999999998
0.2283
0.2063
0.21425999999999998
0.20999
0.056639999999999996
0.01492
0.01712
0.02743
0.0232444
0.088304
0.061755
0.06218600000000001
0.09709099999999997
0.101372
0.09471119999999998
0.13374429999999998
0.191036
0.123921
0.22867600000000002
0.1761478
0.21876199999999998
0.1788785
0.17918929999999994
0.222215
0.2208583
0.21215599999999998
0.217606
0.220221
0.22078000000000006
0.21849
0.22409
0.21775
0.22058000000000005
0.21274
0.17278
0.17535
0.21854
0.21985
0.17175
0.166187
0.2226
0.21954
0.21893
0.22161
0.20924
0.2171
0.21143
0.22164
0.21438
0.21982
0.16116999999999998
0.04844300000000002
0.09487
0.22336
0.07742
0.14323999999999998
0.08196999999999999
0.09272999999999999
0.10239
0.08432
0.08157
0.07637000000000001
0.11386
0.40606
0.12289999999999998
0.17148
0.15177000000000002
0.11043
0.07314999999999999
0.09971
0.22061999999999998
0.12009
0.17419
0.0439
0.05618
0.014217
0.01627
0.016578700000000002
0.019585599999999998
0.0226808
0.012874000000000002
0.013102
0.2936964
0.286069
0.3986407
0.2217266
0.08324390000000001
0.016180899999999998
0.04334
0.021084
0.007167600000000001
0.019516
0.200902
0.203587
0.1639037
0.0124599
0.20075379999999998
0.1987128
0.1815504
0.0120461
0.01384
0.0126027
0.0124694
0.0131225
0.015768
0.247442
0.17494229999999994
0.1325262
0.1273471
0.1294195
0.076947
0.0142937
0.0127737
0.0169167
0.01206
0.0130082
0.0113774
0.012937700000000002
0.0154822
0.07149370000000001
0.0313986
0.009972999999999996
0.0221883
0.0204139
0.016494500000000002
0.0095249
0.013570699999999998
0.0100019
0.0108215
0.010892
0.012838200000000001
0.01569
0.148595
0.13457
0.16726999999999995
0.20343
0.19842
0.19666
0.19767
0.166682
0.18742
0.20443
0.11088
0.035236
0.05934
0.221424
0.012038
0.15408
0.07862999999999999
0.07854
0.07966000000000001
0.048343
0.14552500000000002
0.191052
0.14137100000000002
0.227126
0.222188
0.1866528
0.16238699999999998
0.17781999999999998
0.1835362
0.1498433
0.05926450000000001
0.009964
0.15299000000000001
0.01407
0.163737
0.166669
0.182186
0.166845
0.157327
0.159223
0.15466860000000002
0.1445796
0.14567619999999998
0.06895230000000001
0.013699
0.01012
0.14212
0.14969000000000002
0.154865
0.17389000000000002
0.15584
0.03652
0.05192000000000001
0.019157
0.186636
0.14200000000000002
0.15847999999999998
0.15535
0.23413
0.16473
0.17931
0.19537
0.24807
0.20111
0.12824000000000002
0.23294
0.045320000000000006
0.056887000000000014
0.055698000000000004
0.18961
0.24635
0.22058000000000005
0.21564
0.21737
0.2216
0.25619000000000003
0.26568
0.22752
0.22951
0.21129
0.18927
0.055955999999999985
0.01122
0.21282
0.15259
0.0922
0.0639
0.130253
0.15167999999999998
0.23883
0.25012
0.204316
0.16976999999999998
0.162563
0.15945499999999999
0.19753
0.18491
0.19852
0.21374
0.17253000000000002
0.15342999999999998
0.01349
0.225
0.16037
0.1243
0.13749
0.18830999999999998
0.16742
0.12872999999999998
0.2016
0.16757
0.20985
0.13921
0.23454000000000005
0.17950999999999998
0.011738
0.0192247
0.015080000000000001
0.017009599999999996
0.015609999999999999
0.014419999999999999
0.063045
0.14431
0.14756
0.14553
0.13883
0.016390000000000002
0.21341100000000002
0.20922
0.21181999999999998
0.20973000000000006
0.0476
0.048707
0.08303766
0.08095669999999999
0.0891067
0.08367766
0.08251955999999999
0.07641147
0.07649956000000001
0.08602956
0.015605750000000003
0.014798859999999997
0.01650766
0.01372656
0.014523500000000003
0.013603349999999998
0.020134799999999998
0.0159248
0.0110267
0.016228609999999997
0.04482956
0.09021956
0.07272956
0.07726956
0.05499
0.23856
0.24518
0.26295
0.214215
0.10189
0.08846
0.09594
0.08141999999999999
0.07989700000000001
0.007026999999999999
0.071627
0.071646
0.12863799999999995
0.062747
0.062432000000000015
0.05908500000000001
0.049365
0.119769
0.11969
0.09044
0.064457
0.066574
0.08345
0.06314199999999999
0.059101999999999995
0.06039600000000001
0.06933399999999999
0.058684
0.0188327
0.013059999999999999
0.015656
0.020122
0.020611
0.016278
0.028630000000000003
0.0495
0.013839
0.01157
0.01314
0.012830000000000001
0.014693600000000001
0.0136536
0.0118169
0.0144922
0.020576
0.0133007
0.013706
0.0153846
0.012959300000000002
0.0208813
0.016293600000000002
0.0118422
0.013084100000000001
0.0149141
0.0111265
0.0095955
0.014394100000000003
0.10157689999999997
0.0983769
0.1014108
0.0616784
0.057421699999999985
0.11180753
0.09837689999999999
0.0908341
0.08029990000000001
0.0446439
0.1155
0.1036
0.131466
0.09631
0.1257
0.09058
0.08362
0.10400000000000001
0.1006551
0.08863589999999999
0.0007582000000000001
0.1197305
0.0007352999999999999
0.0800748
0.1158628
0.0977233
0.12634089999999998
0.0006065
0.1089865
0.05359
0.14447000000000002
0.12292
0.06519
0.06995
0.08752
0.08472
0.1072
0.06775
0.06274
0.092789
0.08374
0.08202999999999999
0.25545999999999996
0.1982
0.26493
0.2024
0.29186
0.1836
0.2068
0.3184
0.2976
0.27719
0.3237
0.2078
0.2434
0.22365
0.29247
0.29228000000000004
0.27861
0.1785
0.27161
0.2854
0.2026
0.1997
0.3045
0.1992
0.3037
0.2937
0.28613
0.30970000000000003
0.2024
0.2986
0.29196
0.29814
0.27564
0.309
0.2144
0.3097
0.29368
0.1902
0.29201
0.2009
0.2058
0.29019
0.28041
0.1907
0.27822
0.28714
0.1833
0.28386
0.29903
0.29018
0.307
0.29666
0.28066
0.30610000000000004
0.29082
0.19899999999999998
0.1912
0.27727
0.297
0.28701
0.29410000000000003
0.07153
0.07727
0.14564000000000002
0.08435
0.04315
0.070401
0.28388
0.09705
0.07202
0.13159
0.04358
0.13874
0.11982000000000001
0.12012
0.19287
0.21558
0.23067
0.07372999999999999
0.165
0.098741
0.007011
0.12516
0.21258
0.20701
0.125
0.21477
0.10852
0.082139
0.101326
0.10888
0.135648
0.205512
0.19562000000000002
0.10241
0.1036287
0.0660985
0.12447
0.12667599999999998
0.247098
0.13901
0.08016799999999999
0.24869
0.18518
0.22943000000000002
0.28061
0.1189
0.18017
0.205551
0.113501
0.03137
0.25741060000000004
0.14389970000000002
0.167654
0.13285
0.23206
0.22000999999999998
0.25708000000000003
0.23803000000000002
0.1038921
0.098595
0.1234
0.09216
0.20075
0.24325
0.27353
0.15149
0.22343
0.18671
0.26756
0.158675
0.23432
0.25459
0.18814000000000008
0.22303
0.13030999999999998
0.09857
0.231988
0.15466
0.168856
0.19726
0.26917
0.17682
0.27818000000000004
0.10099
0.21212
0.20747
0.11042
0.28443
0.21894
0.21682
0.19592
0.17933
0.16658
0.25117
0.24575
0.28799
0.196549
0.18493
0.22864
0.26576
0.21075
0.0904297
0.0005797999999999999
0.13723
0.26586000000000004
0.23801
0.28927
0.19681
0.223808
0.17622000000000002
0.20906999999999998
0.28306
0.1886
0.27453
0.16105
0.18904
0.20883000000000002
0.21917
0.22755
0.10845539999999998
0.20511
0.23167
0.06377999999999999
0.22056
0.016751
0.16598000000000002
0.22107
0.14327199999999998
0.196722
0.18091
0.253645
0.04723
0.026535000000000003
0.18809
0.196609
0.07178799999999999
0.11006
0.1151489
0.110673
0.204783
0.16921
0.144042
0.11655300000000005
0.251318
0.103113
0.11586300000000001
0.0039829999999999996
0.027395000000000003
0.18285
0.14234000000000002
0.221
0.19629000000000002
0.10367
0.151778
0.07031
0.12872
0.187929
0.15899100000000002
0.12721500000000002
0.13388
0.16247899999999998
0.190217
0.1487
0.23468000000000006
0.060610000000000004
0.223
0.13622599999999999
0.097346
0.08485000000000001
0.09383999999999999
0.08507999999999999
0.113179
0.108469
0.17500000000000002
0.122534
0.09351
0.0907
0.17982
0.1063
0.1022
0.104091
0.09155
0.12620699999999999
0.109631
0.0857611
0.1028809
0.0006447
0.1596322
0.09972169999999997
0.1159953
0.0074895
0.1472568
0.1029653
0.052137600000000006
0.15973710000000002
0.1438914
0.1745888
0.107253
0.1127106
0.1385192
0.3279096
0.3314995
0.350482
0.156697
0.17048329999999998
0.1325846
0.0948751
0.120152
0.117118
0.06895810000000001
0.09523999999999999
0.09851
0.15094000000000002
0.0836485
0.08230660000000001
0.08947999999999999
0.13477999999999998
0.1296
0.0002804
0.09714
0.12854000000000002
0.10422000000000001
0.04272
0.01414
0.10196
0.10493
0.08105
0.09473
0.14783
0.14173
0.0954
0.06680939999999999
0.10722999999999999
0.11716
0.12358
0.11975
0.15993000000000002
0.10849
0.21162
0.1105531
0.11779
0.12436019999999999
0.11838
0.0556
0.08965089999999999
0.112
0.1512
0.1585714
0.1207304
0.0794252
0.10992
0.01036
0.1722604
0.1212
0.11285
0.10892
0.108776
0.16644599999999998
0.044501
0.107386
0.077825
0.13602
0.0980752
0.08922999999999999
0.13757
0.08514000000000001
0.22844
0.19942200000000002
0.141483
0.156365
0.11731
0.0863699
0.08276
0.101289
0.06372
0.1521
0.08922999999999999
0.13262000000000002
0.07432570000000001
0.08545
0.16177000000000002
0.10129
0.09179
0.1107
0.12836
0.14758
0.08606
0.09251
0.13226
0.14459
0.14678
0.11356
0.16382
0.13285
0.04297
0.3912
0.37117
0.34912
0.131156
0.193026
0.159937
0.215931
0.169215
0.191051
0.146472
0.1088386
0.0939866
0.0933952
0.141286
0.12363230000000001
0.13601100000000002
0.06775790000000001
0.0502478
0.0324211
0.13153380000000006
0.15428970000000006
0.13552809999999998
0.0929102
0.154692
0.2013864
0.26900999999999997
0.12516
0.11202999999999999
0.15833
0.05103
0.12012
0.110187
0.04596
0.08885950000000001
0.12317
0.11488
0.1167
0.01378
0.10568
0.16443000000000002
0.19257
0.102911
0.1038672
0.12982
0.10842
0.12094
0.02008
0.000371
0.009932999999999999
0.2474
0.2048
0.16179499999999994
0.042689
0.051910000000000005
0.13201
0.10661
0.1654
0.08911000000000001
0.12405
0.17564000000000002
0.20855000000000004
0.24341999999999997
0.15672999999999998
0.18802
0.18793
0.17767
0.23203
0.17077000000000006
0.148169
0.1868
0.22201
0.14047099999999998
0.19502800000000006
0.231071
0.15884600000000001
0.210383
0.1331003
0.20898200000000006
0.13151469999999998
0.205706
0.0749454
0.17849289999999998
0.146843
0.07290769999999999
0.15107479999999998
0.227991
0.19503680000000004
0.1737634
0.16506500000000002
0.156431
0.178371
0.08543999999999999
0.075164
0.17666600000000002
0.217704
0.06539
0.15853499999999998
0.23641300000000004
0.106879
0.209608
0.183594
0.149002
0.178397
0.185444
0.151219
0.198824
0.0943
0.208443
0.237743
0.07423500000000001
0.0830027
0.12976880000000002
0.1632115
0.124279
0.17568670000000006
0.1319114
0.1553204
0.18508890000000008
0.11988
0.13247599999999998
0.14362
0.1643
0.18233
0.15424000000000002
0.14001999999999998
0.08689329999999999
0.11154
0.1077
0.17579999999999998
0.0553
0.124
0.11386
0.14014
0.15317999999999998
0.15905
0.16833
0.11895
0.12579
0.14154
0.042910000000000004
0.1753
0.16824
0.14014
0.13440000000000002
0.15884
0.14637
0.11652
0.12099
0.1036
0.08936000000000001
0.14787
0.09339
0.14329
0.15639999999999998
0.12481
0.12011
0.11102000000000001
0.14117000000000002
0.11035
0.14729
0.13109
0.13202
0.1086424
0.00038050000000000003
0.1063
0.13422
0.17886000000000002
0.14318999999999998
0.12189
0.1098
0.09778189999999999
0.1001
0.08213140000000001
0.09741
0.07739
0.12673
0.31784
0.13602
0.1641896
0.0235
0.12673199999999998
0.026098000000000003
0.12870299999999998
0.09778130000000004
0.1092536
0.1590802
0.1169505
0.16110549999999998
0.0262606
0.0950798
0.1434589
0.054798
0.1036435
0.1079487
0.07359450000000001
0.1182888
0.08999430000000001
0.22068
0.094578
0.08897000000000001
0.07178
0.31275000000000003
0.34699
0.32377
0.0956095
0.10274
0.08545
0.07633999999999999
0.09229
0.09376699999999999
0.0879258
0.17872000000000002
0.06874050000000001
0.11755
0.093787
0.09581
0.08374
0.1089
0.11939
0.0701833
0.1202815
0.08617999999999999
0.1099
0.16022999999999998
0.17724
0.1315826
0.00045969999999999995
0.18086
0.07959
0.2013606
0.13677
0.1411333
0.182108
0.24236
0.200511
0.056139999999999995
0.143405
0.139012
0.141652
0.12348399999999995
0.15842
0.13991150000000002
0.17658
0.17371
0.16007000000000002
0.1009125
0.1772365
0.1382036
0.0842665
0.1712589
0.0922498
0.12120360000000001
0.114282
0.18085
0.11599000000000001
0.12579
0.11426
0.08094960000000001
0.21342
0.15983
0.09878
0.11109
0.10785
0.13013
0.0004301
0.2746
0.29583000000000004
0.02097
0.10635
0.093295
0.12237
0.13263
0.12081
0.13835
0.09033780000000001
0.16177
0.13446000000000002
0.15414
0.11829
0.29394000000000003
0.35809
0.36134
0.28614
0.15949790000000005
0.054391999999999996
0.099644
0.17297800000000002
0.156303
0.097815
0.11281800000000004
0.0935528
0.1192363
0.19227299999999994
0.0458798
0.19653199999999998
0.16208229999999998
0.190487
0.1996516
0.15372799999999998
0.091983
0.258783
0.211711
0.25586
0.1681358
0.218398
0.0642101
0.18166
0.0336834
0.10669000000000001
0.1783087
0.16278
0.201212
0.09354
0.1341
0.09445
0.2069
0.27855
0.09805
0.103423
0.24213
0.20715
0.11208300000000004
0.002579
0.129588
0.057129999999999986
0.15695
0.15295
0.0
0.14481
0.02945
0.044831
0.14442
0.12323
0.2051
0.07629
0.23307
0.23522
0.1980258
0.25443000000000005
0.22752
0.16455999999999998
0.29215
0.10507999999999999
0.23797
0.26816999999999996
0.25146
0.26621900000000004
0.19845120000000002
0.219
0.12579
0.25812
0.25146
0.29772
0.14900999999999998
0.22559
0.27229000000000003
0.133028
0.24006200000000005
0.206472
0.23101
0.2116
0.112881
0.21956399999999998
0.097319
0.202964
0.2310375
0.2101464
0.206568
0.18321
0.221623
0.19940600000000008
0.206603
0.201562
0.13805710000000002
0.2157505
0.111016
0.20179
0.16648
0.13627
0.26953999999999995
0.23469
0.20516700000000002
0.13060700000000006
0.22958620000000002
0.06654750000000001
0.2145446
0.20487370000000002
0.14108839999999995
0.16037300000000002
0.28398
0.27763000000000004
0.31809
0.28637
0.30416
0.28338
0.31138000000000005
0.22783
0.22899
0.23767
0.16862
0.06493700000000001
0.1083396
0.17553000000000002
0.22594
0.21285
0.03595
0.14740999999999999
0.18881
0.19533
0.12866
0.14525
0.1698
0.056029999999999996
0.16115000000000002
0.16629000000000002
0.02887
0.14318999999999998
0.02182
0.021730000000000003
0.21511999999999998
0.16635999999999998
0.15125
0.232969
0.332719
0.435208
0.318721
0.424959
0.435763
0.423683
0.42065
0.4331390000000001
0.43176000000000003
0.427602
0.4381620000000001
0.43098800000000004
0.436675
0.16713999999999998
0.16056700000000002
0.23673000000000002
0.27642
0.14890000000000006
0.155709
0.23706
0.28711
0.24120000000000005
0.27136
0.26456
0.24396
0.28406
0.16321
0.26982
0.26475
0.1579
0.15521
0.12688
0.243751
0.3419200000000001
0.24299000000000004
0.18386
0.34489000000000003
0.29445
0.22450900000000001
0.34074
0.23151999999999998
0.20875300000000002
0.33645
0.33633
0.372837
0.15127000000000002
0.23246
0.21317
0.18043
0.41742700000000005
0.4146
0.41134
0.37743699999999997
0.38916999999999996
0.36133
0.28174
0.32349
0.38872
0.27233270000000004
0.36706
0.44187
0.33467
0.45399
0.46255
0.4547411
0.46165
0.32914
0.383119
0.348279
0.412057
0.437321
0.435152
0.425461
0.45018
0.440143
0.33619099999999996
0.44701199999999996
0.42644
0.4240453
0.235288
0.267589
0.112784
0.41530500000000004
0.394534
0.12743800000000002
0.374133
0.34027399999999997
0.46903999999999996
0.45905200000000007
0.458584
0.426397
0.47907799999999995
0.481587
0.092508
0.224226
0.3654406000000001
0.134521
0.0359601
0.33559429999999996
0.3908450000000001
0.479148
0.249685
0.27387399999999995
0.2376488
0.438837
0.149004
0.4234170000000001
0.345564
0.254755
0.2566660000000001
0.136955
0.26848500000000003
0.289852
0.47549600000000003
0.21470900000000004
0.30156279999999996
0.473901
0.470378
0.4500242999999999
0.439712
0.416917
0.4162379
0.397777
0.403026
0.3137709
0.4166559999999999
0.40415
0.4765817
0.429689
0.391886
0.481518
0.47359399999999996
0.479786
0.472209
0.3829
0.312785
0.46738329999999995
0.4662309000000001
0.469307
0.4718209999999999
0.47861
0.110503
0.13095199999999999
0.434921
0.281407
0.48121499999999995
0.48072600000000004
0.471649
0.469911
0.2291020000000001
0.328838
0.269606
0.190446
0.42698
0.448153
0.40755399999999997
0.28504
0.367734
0.253729
0.26961999999999997
0.210967
0.318715
0.163693
0.1980149
0.247316
0.12206900000000001
0.015073
0.252816
0.34942399999999996
0.357715
0.251109
0.053523
0.183145
0.1098042
0.197071
0.026181700000000002
0.16353669999999998
0.15373219999999996
0.1107678
0.1678807
0.13100799999999999
0.228079
0.1129507
0.1873008
0.16960400000000006
0.15464400000000006
0.225793
0.24396500000000002
0.2310803
0.110231
0.234783
0.23225500000000002
0.14190999999999998
0.259767
0.2221834
0.266798
0.34857800000000005
0.123333
0.27648599999999995
0.259745
0.223135
0.30672
0.151148
0.138457
0.13679899999999998
0.088407
0.251893
0.23194499999999998
0.21957100000000002
0.05725400000000001
0.173604
0.22664600000000001
0.254323
0.242234
0.296581
0.148001
0.205494
0.277457
0.249143
0.12764599999999998
0.199993
0.198523
0.2278320000000001
0.206685
0.27622
0.25308
0.25115200000000004
0.14316199999999998
0.168153
0.137503
0.30999999999999994
0.296711
0.159563
0.22986500000000004
0.216981
0.30411400000000005
0.29543200000000003
0.306418
0.31044000000000005
0.298843
0.28020100000000003
0.27312
0.279772
0.15298
0.17905500000000002
0.110902
0.069871
0.10248
0.1132001
0.24451
0.26226
0.27806
0.21945900000000002
0.27878000000000003
0.31762
0.35091999999999995
0.26543
0.35174000000000005
0.26848
0.16107000000000002
0.26746
0.26659999999999995
0.27806000000000003
0.29848
0.13419
0.17413
0.24067
0.14691
0.15734
0.25836000000000003
0.27371
0.25164000000000003
0.26918000000000003
0.14245
0.25781
0.12244
0.24558
0.251367
0.15161
0.26657
0.10297
0.25939
0.30770000000000003
0.35379999999999995
0.15707000000000002
0.2485
0.21991999999999998
0.09452
0.06541799999999999
0.23914000000000002
0.27917
0.30663
0.24781
0.31076000000000004
0.22295
0.29373
0.26400999999999997
0.29038
0.1112
0.05341
0.10879
0.250498
0.25881
0.09631
0.16225
0.24747
0.02435
0.19927999999999998
0.29885
0.1886972
0.1336542
0.030760000000000006
0.17914000000000002
0.234803
0.113704
0.15640199999999999
0.207853
0.252653
0.32950999999999997
0.15195
0.11424000000000001
0.053489999999999996
0.04857
0.11919
0.230441
0.200006
0.23044
0.306784
0.31672
0.296366
0.19523
0.22132
0.29361
0.11661
0.22705
0.175997
0.31901
0.28368000000000004
0.1898
0.1884286
0.20609
0.16532
0.14648
0.09314
0.08180000000000001
0.136499
0.08895
0.23874
0.2006262
0.17507160000000002
0.0571055
0.15957090000000002
0.1994352
0.1057125
0.0961382
0.061883399999999984
0.0907408
0.1370641
0.21326780000000006
0.2022931
0.11842009999999994
0.1077662
0.1505674
0.09083829999999997
0.1142277
0.12468310000000002
0.10712910000000002
0.0902935
0.11798900000000001
0.0977515
0.0976319
0.10670039999999999
0.0175108
0.27940190000000004
0.3694974
0.3404016
0.2764762000000001
0.0924447
0.0526116
0.0010671
0.06728239999999999
0.1450025
0.2337721
0.2155087
0.09589960000000003
0.0918534
0.1010358
0.1149358
0.08172339999999999
0.2002616
0.1637887
0.08493250000000001
0.0901396
0.1225234
0.0004301
0.0783063
0.0930668
0.0004263
0.08586289999999999
0.0859087
0.08150589999999999
0.1330559
0.0988669
0.1278001
0.104672
0.11153199999999999
0.2007854
0.1258483
0.16132539999999998
0.15111829999999998
0.1501183
0.15229109999999998
0.1098125
0.15257540000000006
0.06650350000000001
0.1485568
0.24730410000000003
0.1584807
0.26024539999999996
0.2238974
0.19539070000000006
0.1296012
0.1791545
0.126032
0.11200039999999999
0.14419849999999998
0.1119194
0.1609989
0.117426
0.10833599999999999
0.2096043
0.2300115
0.1404015
0.27014859999999996
0.2474532
0.133855
0.24784033
0.27095130999999995
0.24976949999999995
0.1802705
0.28094228
0.16898707
0.14260183
0.21232036
0.25467755
0.26162470000000004
0.24746565
0.25590039
0.23917135
0.2805032
0.2380513
0.26493325
0.2513655
0.2686111
0.2512274
0.2424501000000001
0.254578
0.3330074
0.3152406
0.292849
0.2668128
0.278968
0.2403652
0.2513652
0.2770536
0.25656070000000003
0.27696219999999994
0.257241
0.13239260000000005
0.08563400000000003
0.2440143
0.2192971
0.2384554
0.2196151
0.2689594
0.21219549999999998
0.13463460000000002
0.2120269
0.2431091
0.16637979999999994
0.1719021
0.13594399999999998
0.14574199999999998
0.16710029999999995
0.13286299999999998
0.1275048
0.14702869999999998
0.170451
0.16853479999999998
0.15351729999999994
0.1445816
0.1909485
0.22270820000000002
0.1253661
0.1448679
0.18624300000000002
0.0919393
0.2048978
0.18251389999999998
0.15233159999999996
0.13067299999999998
0.14012279999999994
0.21068779999999998
0.13631529999999994
0.1744506
0.1190613
0.1256641
0.35346539999999993
0.4191227
0.30324409999999996
0.4109851000000001
0.202411
0.1757249
0.0518059
0.16030629999999998
0.10579189999999998
0.1893191
0.0338041
0.17899029999999996
0.2047652
0.1301343
0.0886377
0.0410726
0.0379849
0.14402420000000002
0.1398429
0.2045466
0.1442011
0.16373709999999994
0.07578249999999999
0.033746000000000005
0.0656636
0.14829759999999995
0.15012550000000002
0.14838720000000002
0.2182244
0.25312749999999995
0.1274916
0.033287
0.14591700000000002
0.14216049999999994
0.17047600000000002
0.1251337
0.1557903
0.1336565
0.1970579
0.14517080000000002
0.032287899999999994
0.18722650000000002
0.1664659
0.0685331
0.13023130000000002
0.12647629999999999
0.13222060000000002
0.10304719999999999
0.06746359999999997
0.16248
0.16819459999999994
0.201324
0.0561386
0.21756599999999998
0.16751989999999994
0.1858939
0.1850584
0.1171854
0.0008392000000000001
0.005011600000000001
0.007164
0.005868
0.05949009999999999
0.030109
0.006921999999999999
0.069024
0.15141300000000002
0.11623
0.038907
0.07138000000000001
0.034519200000000014
0.13695100000000002
0.14495670000000002
0.1517522
0.20230120000000001
0.14651350000000002
0.13586919999999994
0.13968429999999998
0.1126991
0.08997310000000001
0.0510896
0.063663
0.0002489
0.0141515
0.0142584
0.028141200000000005
0.032472999999999995
0.0374697
0.042957999999999996
0.10616800000000001
0.104619
0.071854
0.07727600000000001
0.07849600000000001
0.118308
0.077266
0.102907
0.078237
0.157669
0.15925699999999998
0.10796700000000001
0.11829
0.06975200000000001
0.07573400000000001
0.034904000000000004
0.09826900000000001
0.10325800000000004
0.305552
0.295165
0.300097
0.066024
0.06715399999999999
0.060586
0.06515299999999999
0.062163
0.059916
0.068749
0.075458
0.055192000000000005
0.057835
0.055858000000000005
0.055306
0.054848
0.054336
0.054454999999999996
0.058077
0.05391700000000002
0.050011
0.05198
0.049899
0.060723
0.06869
0.070827
0.080678
0.074271
0.07678499999999999
0.07488099999999999
0.073497
0.077303
0.08027000000000001
0.075647
0.07531299999999999
0.070351
0.069263
0.06539600000000001
0.063563
0.060637
0.062546
0.069714
0.111756
0.061914
0.07167799999999999
0.076152
0.068222
0.068506
0.074737
0.114215
0.14139000000000002
0.11363499999999999
0.128052
0.108537
0.089326
0.085493
0.08281799999999999
0.079468
0.06496
0.06150600000000001
0.080387
0.085899
0.062421
0.08299400000000001
0.09048300000000001
0.106262
0.104856
0.076485
0.07444599999999997
0.079224
0.07441400000000001
0.109873
0.105216
0.102032
0.10681000000000004
0.1534
0.13988699999999998
0.12793600000000002
0.106829
0.080557
0.14790399999999998
0.073727
0.060718
0.06476599999999999
0.06650199999999999
0.058122000000000014
0.069245
0.061821
0.074682
0.058290999999999996
0.057051999999999985
0.068892
0.06409999999999999
0.15282999999999994
0.25618
0.26308200000000004
0.194652
0.079414
0.055927
0.09003799999999999
0.075437
0.08021099999999999
0.08591
0.095571
0.062828
0.06967400000000001
0.08780500000000001
0.09024100000000004
0.080292
0.07636799999999999
0.06693500000000001
0.074225
0.073699
0.08731599999999999
0.080235
0.076213
0.094548
0.08469600000000001
0.15875099999999998
0.20798900000000006
0.067406
0.083471
0.06455599999999999
0.062012
0.060401
0.04758
0.067745
0.054894000000000005
0.253027
0.23513
0.07406700000000001
0.10053900000000003
0.060083000000000004
0.084618
0.058926999999999986
0.08126
0.085757
0.093139
0.086001
0.093907
0.07469700000000001
0.060479
0.06406200000000001
0.072531
0.072117
0.13476300000000002
0.12793100000000002
0.13406400000000002
0.126967
0.122902
0.10214
0.107671
0.056847
0.060359
0.056878
0.06722
0.0581
0.0625
0.05813
0.055260000000000004
0.07217
0.167905
0.099691
0.077875
0.081859
0.078207
0.06327959999999999
0.08326900000000001
0.085135
0.04894
0.024973
0.059019
0.07569799999999999
0.06231900000000001
0.06436599999999999
0.060263
0.039129000000000004
0.025027
0.025827
0.035011
0.031093
0.03712
0.034227999999999995
0.034733999999999994
0.035836
0.038752999999999996
0.031219
0.026898
0.0402695
0.191414
0.204588
0.214471
0.207262
0.18901500000000002
0.205248
0.212851
0.211374
0.199621
0.20523400000000006
0.203744
0.220867
0.205538
0.21775500000000006
0.21476
0.21543099999999998
0.218078
0.200917
0.236756
0.24080900000000002
0.235327
0.238479
0.238829
0.238338
0.239574
0.241689
0.243815
0.2348500000000001
0.25664200000000004
0.256575
0.221423
0.235275
0.24866300000000002
0.247036
0.263232
0.23810100000000006
0.26678300000000005
0.27457000000000004
0.275133
0.266303
0.261556
0.255548
0.21942
0.236641
0.09839699999999996
0.07778299999999999
0.075709
0.07044299999999999
0.079691
0.07173600000000001
0.071937
0.07649199999999999
0.0749
0.073309
0.09243400000000004
0.094345
0.056177000000000005
0.065058
0.075433
0.069253
0.07639800000000001
0.089393
0.08760799999999999
0.078847
0.031415000000000005
0.026623
0.026918000000000004
0.037635
0.034474000000000005
0.035651
0.036032
0.039898
0.032425
0.020524
0.021294
0.032854
0.035768999999999995
0.037214
0.037109
0.031369999999999995
0.02529
0.198535
0.13427999999999998
0.12372
0.124278
0.14544200000000002
0.239912
0.034026999999999995
0.030989999999999997
0.254784
0.26303200000000004
0.204789
0.1031899
0.0608664
0.035088999999999995
0.035716000000000005
0.041262
0.031242
0.03655100000000002
0.183819
0.180561
0.055842
0.029914
0.023242
0.0205256
0.0251531
0.09039
0.097628
0.149644
0.150133
0.11391
0.019089
0.018402
0.015571000000000003
0.017578
0.023695
0.02395
0.245327
0.247198
0.249639
0.245214
0.25046999999999997
0.23479
0.244784
0.23861
0.244785
0.24629600000000001
0.245391
0.24601
0.250152
0.2544
0.25234
0.23765
0.23811
0.24918
0.24126
0.24626
0.230305
0.23909
0.246892
0.24898
0.25932
0.25074
0.23458
0.249268
0.23827
0.25295
0.2499
0.23318000000000005
0.23187
0.23507
0.23075
0.24463000000000001
0.232686
0.238895
0.23843899999999998
0.23803200000000002
0.255772
0.247509
0.245467
0.25087
0.252297
0.238718
0.232149
0.251911
0.250759
0.24561
0.01575
0.017162999999999998
0.015650999999999998
0.021213
0.033301
0.031983
0.028594
0.018685
0.0596
0.069746
0.061385
0.07929
0.082298
0.074431
0.06375700000000001
0.077377
0.368685
0.405587
0.372347
0.186839
0.134034
0.07406900000000001
0.065807
0.08060500000000001
0.0812
0.08086700000000001
0.07025700000000001
0.063777
0.090954
0.09166300000000002
0.07036180000000003
0.09125700000000002
0.07566239999999999
0.07583129999999999
0.062224199999999986
0.0740467
0.06961969999999999
0.0834338
0.0972319
0.08393099999999999
0.07801299999999999
0.06401090000000001
0.09393400000000003
0.17205
0.275395
0.183621
0.11951300000000001
0.09826
0.064919
0.053428
0.030421
0.026084
0.037326000000000005
0.030816000000000007
0.030187000000000002
0.33324800000000004
0.139572
0.07066199999999999
0.015735
0.030951
0.01395
0.049059
0.040151
0.044032
0.050342000000000005
0.041434
0.089652
0.15028699999999998
0.145371
0.128048
0.080305
0.086426
0.075823
0.069472
0.103108
0.10988900000000001
0.160162
0.17670699999999998
0.136192
0.153778
0.124964
0.101601
0.096949
0.109179
0.123056
0.146199
0.154531
0.156417
0.130326
0.098635
0.08379
0.094844
0.096937
0.114943
0.127456
0.127167
0.13858900000000002
0.099512
0.108811
0.118137
0.105494
0.139718
0.137811
0.112952
0.126403
0.023842
0.026966000000000004
0.018856
0.017079
0.021491
0.034059
0.026906
0.027922000000000002
0.028573
0.030893
0.026891
0.046376
0.035549000000000004
0.043965
0.032498
0.040585
0.03
0.039429
0.030425999999999998
0.021713999999999997
0.026749000000000002
0.020745
0.02217
0.01933
0.02194
0.020153
0.024993
0.034276999999999995
0.025269
0.021168
0.018006
0.015193000000000003
0.018207
0.020790000000000003
0.031648
0.032365
0.032417
0.030456
0.030112
0.025972
0.025959
0.024474
0.023619
0.025575
0.022954
0.017158
0.032501
0.026185000000000003
0.014137
0.020874
0.027405000000000002
0.039585
0.036984
0.040786
0.037759
0.063749
0.049989
0.057939
0.073323
0.073599
0.08246600000000001
0.083399
0.081487
0.073567
0.064447
0.058147000000000004
0.031397
0.026067
0.025774000000000002
0.015827
0.019226
0.020359
0.013817
0.013163999999999999
0.016049
0.021243
0.017585
0.026937
0.02489
0.028236
0.020965
0.028499000000000007
0.028225
0.031428
0.023989000000000003
0.036193
0.043741
0.027332
0.021507
0.020316999999999998
0.017624
0.022355
0.12317
0.125076
0.019089
0.15526900000000002
0.14167000000000002
0.144956
0.137192
0.14807499999999998
0.137149
0.13133499999999998
0.158255
0.170711
0.14152900000000002
0.13171300000000002
0.135016
0.111265
0.07287199999999999
0.086793
0.093609
0.056397
0.018178
0.030411
0.019666299999999998
0.35317
0.425688
0.2709860000000001
0.17613099999999998
0.085784
0.081676
0.087213
0.07916899999999999
0.078193
0.07384399999999999
0.07169299999999999
0.06978699999999999
0.07092000000000001
0.076329
0.074773
0.07656900000000001
0.084574
0.08326499999999999
0.08460599999999999
0.087101
0.087714
0.09338
0.085484
0.08938600000000001
0.0854
0.082479
0.104694
0.084689
0.082711
0.098768
0.110172
0.11561
0.09926
0.09295
0.08947000000000001
0.09436
0.08095100000000001
0.071258
0.093424
0.087995
0.08874
0.0422
0.048871
0.037821
0.021639
0.02622
0.026141
0.029298
0.023815
0.050304
0.036771
0.027949
0.030754000000000004
0.034423
0.024964000000000004
0.027819999999999998
0.027654
0.027475000000000003
0.011309999999999999
0.01344
0.022898
0.0269565
0.033319999999999995
0.053849
0.06239
0.052379999999999996
0.054813
0.054644000000000005
0.061477
0.122064
0.095507
0.119247
0.12398599999999999
0.124073
0.06858099999999999
0.06378600000000001
0.06723799999999999
0.07461499999999999
0.07384500000000001
0.25602600000000003
0.268245
0.07895899999999999
0.072886
0.07385800000000001
0.07189100000000001
0.07084700000000001
0.076486
0.081648
0.117441
0.1261919
0.194774
0.110627
0.098245
0.092781
0.094589
0.10251600000000001
0.099026
0.021472
0.031255000000000005
0.016758000000000002
0.012958100000000002
0.035686
0.037861000000000006
0.041672
0.44270299999999996
0.408139
0.286762
0.100277
0.05130100000000001
0.045857999999999996
0.048546000000000006
0.059541
0.04734399999999999
0.054525
0.057263000000000015
0.060117
0.077418
0.062403999999999994
0.096039
0.08363599999999999
0.07737000000000001
0.07910700000000001
0.041651
0.070262
0.106906
0.131116
0.152365
0.228264
0.26209299999999996
0.12335
0.043223000000000004
0.035071
0.032623
0.036577
0.26560500000000004
0.255659
0.197134
0.213455
0.187938
0.19741199999999998
0.179045
0.2024630000000001
0.23413899999999999
0.10373
0.235052
0.229591
0.207665
0.235144
0.26005900000000004
0.177761
0.162179
0.171575
0.219523
0.22796300000000005
0.23499
0.231512
0.23945500000000006
0.16399999999999998
0.18682
0.184604
0.194803
0.212868
0.181633
0.188207
0.234491
0.15966399999999994
0.162008
0.173627
0.212423
0.25012
0.222539
0.244615
0.14702
0.0443
0.031194
0.034234
0.026447
0.026639999999999997
0.02963
0.052979999999999985
0.0423
0.17692999999999998
0.24176999999999998
0.25184
0.24448000000000006
0.24821
0.25309000000000004
0.25146
0.23538
0.30291999999999997
0.30228
0.30161
0.29838000000000003
0.29566000000000003
0.30544000000000004
0.29073000000000004
0.27594
0.24901
0.15934
0.13531700000000002
0.1077068
0.1193361
0.239283
0.262811
0.245329
0.259884
0.254736
0.245724
0.243904
0.250211
0.193615
0.187246
0.193793
0.133915
0.129913
0.07234
0.104242
0.060529999999999994
0.08716499999999999
0.07729699999999999
0.065914
0.06959900000000001
0.095536
0.055696
0.051611
0.047124
0.036007
0.047695
0.057111
0.06823
0.04116
0.08341000000000001
0.09711
0.04828
0.052489999999999995
0.039854
0.040978
0.051289999999999995
0.066091
0.141678
0.262892
0.271606
0.26622
0.265652
0.25746199999999997
0.258352
0.261604
0.261181
0.04259
0.052485000000000004
0.049092
0.201646
0.237198
0.254289
0.306437
0.314819
0.338729
0.091266
0.166999
0.303794
0.17287049999999998
0.175083
0.15569000000000002
0.21197399999999997
0.203634
0.25883300000000004
0.212303
0.283285
0.21510700000000005
0.16957800000000006
0.199461
0.204355
0.21920100000000006
0.2141
0.15969930000000002
0.241902
0.0970798
0.43886040000000004
0.4429639999999999
0.43334399999999995
0.377473
0.099951
0.202304
0.030572400000000007
0.10801200000000002
0.06944
0.0480657
0.048094
0.029290000000000007
0.07666
0.062106399999999985
0.23464000000000002
0.25955
0.30217
0.22938000000000006
0.205743
0.26974972199999997
0.259985
0.045906
0.053389
0.0425165
0.05895880000000001
0.050184000000000006
0.043738
0.080315
0.1022875
0.248081
0.12038299999999999
0.131388
0.13860799999999998
0.06195
0.079235
0.08108199999999999
0.113596
0.093292
0.099766
0.07845200000000001
0.08193099999999999
0.07808999999999999
0.165853
0.17647100000000002
0.23054
0.15986
0.20693000000000006
0.20275
0.201678
0.21295
0.244939
0.235604
0.238447
0.214739
0.208542
0.15570699999999998
0.14125500000000002
0.127807
0.105644
0.105135
0.12772999999999998
0.10986099999999999
0.21810100000000002
0.186313
0.162124
0.187087
0.121191
0.126663
0.127762
0.129768
0.126833
0.158418
0.157026
0.13234400000000002
0.04767999999999999
0.08166899999999999
0.078185
0.06412860000000001
0.057679
0.08157899999999997
0.10588299999999999
0.06396299999999999
0.098532
0.09660499999999997
0.074347
0.09613
0.06690700000000001
0.08254700000000001
0.093165
0.099607
0.09449
0.10126000000000004
0.07282000000000001
0.175286
0.122919
0.160149
0.07826799999999999
0.06740299999999999
0.07108400000000001
0.030458
0.051205
0.042727
0.035607
0.04613199999999999
0.043813000000000005
0.051004
0.059241
0.044930000000000005
0.038832000000000005
0.044795999999999996
0.041351
0.058634999999999986
0.053933
0.044409
0.045343
0.035481
0.04174
0.058565999999999986
0.046261
0.024666
0.041583
0.032458
0.017910000000000002
0.029429000000000004
0.043274
0.048872000000000006
0.06800700000000001
0.044813000000000006
0.048334
0.041195999999999997
0.02894
0.033005
0.020472
0.029828
0.041324
0.032276
0.038987
0.051241999999999996
0.058579999999999986
0.042505
0.05184
0.044482
0.05188800000000001
0.068049
0.056693000000000014
0.045139
0.032333
0.03339
0.15376099999999998
0.151773
0.120286
0.097454
0.10927
0.157132
0.120398
0.14213699999999999
0.125426
0.126485
0.11727300000000004
0.127065
0.126501
0.13095299999999999
0.127051
0.135242
0.134076
0.12969
0.113267
0.1653
0.16087
0.14892
0.147988
0.141584
0.14955000000000002
0.136687
0.138374
0.127563
0.12188899999999996
0.06389600000000001
0.0745
0.06624
0.06454299999999999
0.064124
0.045565
0.039131
0.039376199999999986
0.0459217
0.0483502
0.0391077
0.0415693
0.039502800000000005
0.033902
0.039926800000000005
0.26009400000000005
0.264469
0.31525210000000004
0.15185729999999995
0.1151756
0.052888
0.109079
0.094894
0.11118100000000004
0.099204
0.097838
0.100359
0.11115600000000002
0.095679
0.093369
0.12379
0.120501
0.136436
0.113751
0.124202
0.13529000000000002
0.140071
0.14076699999999998
0.13788399999999998
0.098388
0.09124599999999998
0.09456200000000001
0.095687
0.097093
0.090152
0.122189
0.10686099999999998
0.147264
0.25751
0.17417
0.14606
0.12747
0.08496000000000001
0.07799299999999999
0.08697500000000001
0.1020841
0.08991629999999999
0.08578480000000001
0.08762619999999999
0.2956344
0.2485442
0.099648
0.12797419999999998
0.08119
0.08979999999999999
0.09806000000000001
0.10202
0.09478
0.09473
0.09262000000000001
0.13726
0.07869999999999999
0.086
0.08653999999999999
0.09343
0.08119000000000001
0.09688
0.08485
0.08791
0.11052000000000001
0.11069
0.097
0.10104
0.07901
0.07615
0.07286000000000001
0.12076
0.113405
0.1362
0.10078
0.0814995
0.07542650000000001
0.08098
0.08301
0.08410000000000001
0.08826
0.08395
0.066929
0.0827
0.06953
0.13729
0.07453
0.07437
0.07232999999999999
0.13192
0.13085000000000002
0.08665
0.08346
0.08610999999999999
0.08210999999999999
0.23431
0.25096
0.25154
0.13032
0.11138199999999998
0.087095
0.07767
0.26277
0.26647
0.249428
0.205478
0.249184
0.245842
0.10441800000000001
0.02275
0.036070000000000005
0.035039999999999995
0.03663
0.11594000000000002
0.0244
0.023530000000000002
0.02957
0.0287
0.02817
0.027160000000000004
0.028790000000000007
0.030410000000000006
0.02936
0.030760000000000006
0.02454
0.02475
0.03161
0.02843
0.022127
0.06902
0.035765
0.0247547
0.024800000000000003
0.029060000000000002
0.031590000000000014
0.02585
0.026869999999999998
0.029990000000000006
0.028569999999999998
0.0247
0.030239999999999996
0.02527
0.03357
0.02623
0.02529
0.02728
0.03161
0.03108
0.026910000000000003
0.02932
0.026660000000000003
0.030930000000000006
0.028710000000000006
0.02825
0.02542
0.03009
0.02561
0.03447
0.02876
0.03146
0.025960000000000004
0.24741
0.24862
0.24238
0.23973000000000005
0.23562
0.23608
0.23844
0.24362
0.24100000000000002
0.23232000000000005
0.24779
0.24786999999999998
0.23939
0.23793000000000006
0.0581
0.03045
0.2279
0.2468
0.2426
0.22971
0.240269
0.24816
0.23698
0.24745999999999999
0.24493
0.24085
0.25151
0.24592
0.23729
0.23816
0.23959000000000005
0.23946
0.23289
0.23533
0.22845
0.22449000000000002
0.21759
0.22968
0.23468000000000006
0.23819
0.02607
0.02452
0.08004
0.07007999999999999
0.0291
0.027110000000000002
0.02941
0.024456
0.02576
0.03102
0.028290000000000006
0.03447
0.022815000000000002
0.0262
0.02895
0.02756
0.0307
0.02872
0.03258
0.034030000000000005
0.027819999999999998
0.03125
0.15594
0.15938999999999998
0.15977000000000002
0.16212
0.1654
0.15930999999999998
0.16954000000000002
0.159967
0.17503370000000001
0.1727194
0.1727454
0.1664773
0.1725496
0.17412529999999998
0.1702671
0.1578028
0.15855750000000002
0.0968175
0.1006
0.09433
0.07006
0.06381
0.06833
0.096588
0.103763
0.093868
0.046616000000000005
0.049846
0.06688999999999999
0.09205099999999998
0.07437700000000001
0.09448
0.07278499999999999
0.08116999999999999
0.05329
0.05557
0.07657
0.09512
0.04848
0.052489999999999995
0.05263999999999999
0.060565
0.031990000000000005
0.05654600000000001
0.071107
0.053289
0.054770000000000006
0.06094
0.09127
0.06875999999999999
0.09652
0.04315
0.05115
0.058259999999999985
0.09241
0.06717000000000001
0.07178000000000001
0.073406
0.08118000000000003
0.05294
0.09189
0.07882
0.04736
0.042097
0.048079
0.08154
0.059417
0.045004
0.056642
0.048616
0.068132
0.046045
0.04449
0.04866
0.04907
0.09184
0.04492
0.083988
0.122384
0.095436
0.0371703
0.06773
0.074554
0.115563
0.08115
0.078497
0.051574
0.05778599999999999
0.06297799999999999
0.07450999999999999
0.08431699999999999
0.17349
0.0469587
0.07157960000000001
0.07336000000000001
0.07762000000000001
0.08299000000000001
0.126
0.08059720000000001
0.21096
0.16795000000000002
0.15415099999999998
0.1577
0.209184
0.208824
0.21006
0.15367
0.15695
0.1812
0.15342999999999998
0.32786999999999994
0.28117000000000003
0.206796
0.16113
0.20023
0.19196
0.189529
0.19554
0.18864000000000009
0.12038
0.061834
0.07465
0.08102999999999999
0.06681999999999999
0.060373
0.102228
0.062764
0.08176699999999999
0.060035999999999985
0.07617499999999999
0.08757400000000001
0.043033
0.051063
0.08515099999999999
0.101141
0.035706
0.06278399999999999
0.062393
0.081735
0.042539
0.061134000000000015
0.055542999999999995
0.08176900000000001
0.082761
0.07027699999999999
0.113401
0.097973
0.041681
0.039921000000000005
0.065569
0.060848999999999986
0.099205
0.10945999999999999
0.110962
0.06474400000000001
0.053503
0.05692000000000001
0.058789
0.069441
0.20408199999999999
0.11943
0.057989
0.12181600000000001
0.1504
0.052915
0.07969000000000001
0.05821000000000001
0.10174
0.05013
0.10398000000000003
0.10711099999999997
0.07124
0.06497
0.23331
0.2417580000000001
0.22127
0.121503
0.264995
0.222914
0.0921464
0.0334233
0.0480809
0.04016240000000002
0.06925980000000001
0.1851384
0.1800501
0.1519224
0.07730999999999999
0.05058
0.06863999999999999
0.040755
0.07479999999999999
0.049298
0.09259
0.09196
0.0912
0.04178
0.04542
0.09751
0.08826
0.07907
0.13341
0.03526
0.033734
0.041692
0.04905
0.045957000000000005
0.047045
0.041727
0.043739
0.041801000000000005
0.039749
0.101488
0.102624
0.108293
0.10958499999999999
0.102724
0.340291
0.330334
0.341998
0.34724
0.3468
0.35431
0.34651
0.29614
0.1328842
0.13272
0.130174
0.07911
0.046554000000000005
0.042383
0.04252
0.043591000000000005
0.048955
0.042732
0.038984000000000005
0.055422000000000006
0.04948399999999999
0.19178699999999999
0.183125
0.12901
0.04930999999999999
0.040307
0.045126
0.061122
0.109842
0.104297
0.040850500000000005
0.08316299999999999
0.10695
0.09473
0.070969
0.07392
0.04775
0.043548
0.064189
0.0582
0.046629
0.042361
0.047136
0.051153
0.08754700000000001
0.054159999999999986
0.050236
0.048294
0.045092
0.048756
0.07345800000000001
0.146788
0.099047
0.091699
0.110013
0.100796
0.09651699999999999
0.098425
0.103052
0.1028
0.09318800000000002
0.101427
0.121315
0.132372
0.12787500000000002
0.14899
0.11125
0.09613
0.10572000000000001
0.19556
0.219921
0.176045
0.11381
0.12765700000000002
0.099772
0.0606011
0.066919
0.052419799999999996
0.063888
0.06097099999999999
0.067069
0.069123
0.06681999999999999
0.065261
0.074025
0.0556096
0.04449499999999999
0.05444499999999999
0.04793652
0.06971347
0.11810599999999999
0.10772899999999999
0.055595000000000006
0.060083
0.087078
0.08912300000000001
0.071813
0.07374900000000001
0.07846
0.08199000000000001
0.074586
0.08279600000000001
0.07501100000000001
0.044726999999999996
0.042617
0.12375600000000002
0.10675799999999999
0.056461
0.057814
0.054813
0.04901899999999999
0.064694
0.061706999999999984
0.055524000000000004
0.065762
0.06021
0.063678
0.10615999999999999
0.066621
0.053606
0.066747
0.071004
0.053603
0.048263
0.05913
0.058122
0.083494
0.059055
0.0332
0.035871
0.11794899999999996
0.03777199999999999
0.141842
0.15481
0.17789000000000002
0.19041
0.14986
0.199158
0.21344000000000002
0.2129
0.21284
0.21914
0.21411
0.22014
0.209812
0.21349
0.2142
0.20163
0.18441
0.210073
0.15496
0.15461
0.11787
0.13022999999999998
0.13646999999999998
0.13938
0.066399
0.046784000000000006
0.04528
0.09167
0.10327
0.122753
0.1499
0.16706
0.3663
0.317081
0.247524
0.43488
0.3847200000000001
0.44687
0.25971
0.20360999999999999
0.27738
0.16137400000000002
0.14822000000000002
0.15007501
0.15019596999999996
0.15143359999999995
0.14290930999999996
0.09676976999999998
0.21097977
0.18078787
0.09222073
0.13588
0.08888599999999999
0.196186
0.09153
0.11339
0.091662
0.15769000000000002
0.14286300000000002
0.109999
0.0754173
0.030220000000000007
0.061538300000000004
0.06502999999999999
0.0325
0.02855
0.022852000000000004
0.22759000000000001
0.11109000000000001
0.032638
0.028816
0.02812
0.02872
0.03238
0.03327
0.09865000000000004
0.05667000000000001
0.027630000000000002
0.0267
0.03253
0.03058
0.027960000000000002
0.16931
0.063502
0.02965
0.02973
0.02951
0.03111
0.02728
0.03372
0.21528000000000005
0.18637
0.070739
0.07182960000000001
0.068275
0.06998
0.07989
0.12654749999999998
0.08859539999999999
0.09272910000000001
0.04854499999999999
0.08306699999999999
0.084858
0.145292
0.14016199999999998
0.097134
0.06572800000000001
0.036017
0.05986800000000001
0.027953
0.039596
0.319172
0.307625
0.324071
0.32556
0.3755250000000001
0.376408
0.379636
0.391007
0.390317
0.382189
0.382004
0.356131
0.336875
0.3267007
0.3223212
0.3088754
0.3061285
0.29566000000000003
0.30208809999999997
0.30823
0.32170999999999994
0.31352
0.31831
0.4362700000000001
0.34314
0.32691
0.12619
0.11379
0.2905
0.25636000000000003
0.29215100000000005
0.2834087
0.3008183
0.269069
0.3911899999999999
0.4104899999999999
0.4149700000000001
0.44618
0.4487100000000001
0.4467600000000001
0.4448499999999999
0.43951
0.4424
0.4446
0.43738
0.435534
0.429079
0.42767
0.42518
0.39841
0.3099558
0.29596300000000003
0.2998
0.39484
0.37154
0.30146900000000004
0.37306
0.369203
0.391299
0.37979
0.38497
0.29658
0.35194000000000003
0.35699000000000003
0.3542
0.36029
0.3688400000000001
0.37534
0.38367
0.38045
0.28659
0.29490000000000005
0.1398
0.21386
0.21595999999999999
0.22287
0.2227500000000001
0.22173
0.22008000000000005
0.15757000000000002
0.16666
0.17979
0.16724
0.14855000000000002
0.16491999999999998
0.10622000000000001
0.13802999999999999
0.05888
0.17831999999999998
0.06023000000000001
0.03333
0.05821000000000001
0.03228
0.034369
0.09248
0.04722
0.04337
0.050471
0.050427700000000006
0.042843900000000004
0.0992606
0.1050168
0.1296663
0.08058910000000001
0.2030453
0.21764529999999999
0.20684960000000002
0.23280100000000006
0.2232129
0.2044796
0.23434760000000002
0.2106133
0.2036833
0.1928134
0.19676860000000002
0.0687962
0.11457140000000005
0.07285950000000001
0.12622619999999998
0.0674057
0.06820670000000001
0.13027149999999998
0.14366879999999999
0.1409643
0.18933139999999998
0.2022955
0.1762157
0.053426400000000006
0.16148659999999998
0.1632686
0.16437759999999998
0.1544671
0.15594
0.16483810000000002
0.1844324
0.1857338
0.16973139999999998
0.16679280000000002
0.1217781
0.0908157
0.1336838
0.14932859999999998
0.1346905
0.1614669
0.09907289999999999
0.058636699999999986
0.0602986
0.0565649
0.0383995
0.2286453
0.28715
0.2441653
0.2379625
0.2227471
0.2721
0.31751
0.31528
0.33544
0.31904299999999997
0.33488
0.33583
0.30264
0.30713
0.32526
0.34315
0.33416
0.28676999999999997
0.32992
0.27261
0.26911
0.27417
0.27862
0.264945
0.25249320000000003
0.2435408
0.28026930000000005
0.1780236
0.185652
0.1816294
0.1874052
0.1918852
0.17075900000000002
0.0953691
0.0809404
0.0810701
0.0545577
0.0689409
0.0859446
0.1394281
0.15389709999999998
0.1765723
0.16812560000000001
0.2255756
0.2659027
0.2675484
0.2772304
0.3229436999999999
0.27261840000000004
0.26715120000000003
0.35688650000000005
0.35551180000000004
0.35256659999999995
0.27093
0.30097
0.2717
0.22641
0.227146
0.21987399999999999
0.256803
0.25700700000000004
0.27273000000000003
0.26576900000000003
0.277924
0.28997700000000004
0.26100999999999996
0.29211200000000004
0.274928
0.28189000000000003
0.28688
0.243104
0.23123289999999996
0.24023060000000002
0.3384567
0.3433478
0.2601742
0.31967090000000004
0.33562590000000003
0.38559720000000003
0.25718179999999996
0.16153604
0.16145739999999995
0.07184600000000001
0.15698299999999998
0.099209
0.219785
0.227997
0.206154
0.129052
0.196599
0.22085
0.21978000000000006
0.32982
0.32786
0.32508000000000004
0.31573
0.25737999999999994
0.247378
0.21698
0.2024754
0.43821000000000004
0.438434
0.43376
0.38288
0.36084
0.36929
0.30011999999999994
0.30795
0.40756
0.38386
0.31159000000000003
0.19086
0.29714
0.29644000000000004
0.23865
0.18961
0.177898
0.18955
0.19659000000000001
0.20090999999999998
0.28876
0.38581
0.36003
0.31776
0.241331
0.2774021
0.28696
0.28255
0.27905
0.33081999999999995
0.28418190000000004
0.40538
0.376385
0.355769
0.27423000000000003
0.395353
0.39826
0.39471
0.23888
0.34650000000000003
0.32862
0.33689
0.18877
0.25856
0.23487
0.20018699999999998
0.185897
0.18333
0.1827
0.181643
0.1815
0.13592
0.18147
0.07489000000000001
0.07808999999999999
0.06756000000000001
0.07061500000000001
0.05759
0.07365999999999999
0.059561
0.07222
0.055144000000000006
0.06909
0.05816
0.05954
0.04938
0.05734
0.05701000000000001
0.18894
0.056040000000000006
0.06917999999999999
0.043784
0.044365
0.045377
0.07163
0.06445999999999999
0.05217
0.05409
0.042811
0.04626
0.06731000000000001
0.06427000000000001
0.04443
0.06333
0.05959
0.051346
0.05239900000000002
0.080448
0.048385
0.05913
0.04609099999999999
0.04283970000000002
0.0453315
0.049248700000000006
0.10646
0.038576
0.046270000000000006
0.03375
0.037633
0.03793
0.021461
0.0576
0.040976
0.052792999999999986
0.04504
0.04547
0.03322
0.029517
0.035086
0.03925
0.044726
0.039241000000000005
0.066124
0.046605
0.04761
0.03202
0.05846000000000001
0.04435
0.07149
0.0541
0.046267
0.044160000000000005
0.04419
0.04975
0.041395
0.11227000000000001
0.11448
0.11779
0.10344
0.09774
0.09892999999999999
0.09698999999999999
0.10631
0.15667999999999999
0.04358209999999999
0.0428233
0.041008
0.0451342
0.060608400000000014
0.0365924
0.027721500000000003
0.0493157
0.0309818
0.055451400000000005
0.0454776
0.1866527
0.0415762
0.0469655
0.0424971
0.0421913
0.033622000000000006
0.0410961
0.0356471
0.039681199999999986
0.03751039999999999
0.0577771
0.04651999999999999
0.045357000000000015
0.0479485
0.038316
0.0479466
0.0368004
0.025396900000000004
0.2173056
0.1950766
0.1904744
0.1610286
0.0899775
0.059058900000000004
0.03684080000000002
0.04343880000000002
0.031971400000000004
0.0273812
0.024384299999999998
0.0418045
0.021623
0.0349184
0.026156
0.0293312
0.035262400000000006
0.0434425
0.0233409
0.019297
0.040906
0.028981
0.042686
0.039165
0.0287977
0.0195877
0.0235997
0.026174
0.036575
0.0305
0.018608000000000003
0.02709
0.019229
0.02299
0.0260574
0.088461
0.065416
0.048652999999999995
0.0278834
0.029195
0.016522
0.020541
0.031974
0.017872
0.09535310000000001
0.09688089999999999
0.12659760000000006
0.1240916
0.11141580000000001
0.114205
0.1187348
0.27579099999999995
0.142627
0.19148199999999999
0.180877
0.175097
0.168125
0.16421
0.173521
0.17480700000000002
0.18266
0.17875600000000005
0.102603
0.09771
0.134743
0.122353
0.116614
0.109381
0.12496999999999996
0.120917
0.057827
0.075403
0.06909799999999999
0.06789999999999999
0.074463
0.060653
0.067428
0.06103
0.05945300000000001
0.06965800000000001
0.07783000000000001
0.10682
0.11853
0.0956
0.094277
0.097529
0.07904900000000001
0.08454
0.07414400000000003
0.07509099999999999
0.078644
0.07109299999999999
0.06774400000000001
0.059759000000000013
0.06645800000000003
0.061983
0.019796
0.017377999999999998
0.017041999999999998
0.016702
0.019172
0.014432
0.024124
0.022841999999999998
0.022415
0.0199978
0.037306000000000006
0.037697
0.081261
0.139847
0.170771
0.121781
0.124221
0.126141
0.17296199999999998
0.173302
0.172327
0.170008
0.17594400000000002
0.169406
0.17356
0.176862
0.174491
0.171732
0.166909
0.164989
0.157462
0.123373
0.117896
0.15606099999999998
0.167929
0.182879
0.246
0.19932
0.17897000000000002
0.168604
0.15237699999999998
0.17085
0.167022
0.170896
0.165969
0.154801
0.16864400000000002
0.178777
0.17082999999999998
0.159349
0.165739
0.163279
0.168855
0.17203599999999994
0.15036200000000002
0.06065900000000001
0.019558
0.0247144
0.023954000000000003
0.030194
0.029741000000000007
0.132879
0.101625
0.107149
0.1014968
0.1008839
0.1063217
0.10634799999999996
0.10724839999999998
0.11192299999999998
0.11593099999999999
0.0983686
0.101672
0.1074348
0.113428
0.10806099999999999
0.09297088
0.12759220000000002
0.1506384
0.2086564
0.26792750000000004
0.097703
0.0960055
0.0947708
0.135236
0.12148889999999998
0.11708699999999997
0.119349
0.116597
0.101392
0.111372
0.094078
0.105924
0.09851
0.098538
0.096948
0.095857
0.100909
0.123116
0.09538810000000003
0.0999539
0.100106
0.0999006
0.115201
0.123638
0.124146
0.113588
0.111161
0.093601
0.100871
0.100152
0.102758
0.103459
0.102675
0.096926
0.100239
0.112624
0.104149
0.097777
0.11370799999999999
0.17645
0.21165100000000003
0.204219
0.095515
0.23911999999999997
0.25477
0.25691
0.20826999999999998
0.25416
0.245987
0.252103
0.242393
0.24616900000000005
0.248357
0.246084
0.255846
0.253698
0.255836
0.26542
0.25727
0.255006
0.20373
0.247586
0.255762
0.19162
0.13811799999999996
0.17901299999999998
0.18806
0.182554
0.178426
0.18541
0.17425
0.179117
0.1802890000000001
0.175622
0.071365
0.039274
0.02661
0.118957
0.109001
0.097864
0.15714
0.12751700000000002
0.127459
0.152288
0.13135
0.116115
0.11966500000000001
0.126555
0.148303
0.018216
0.01295
0.012962
0.018112
0.022415
0.018517
0.01524
0.01468
0.073101
0.024440000000000003
0.013022999999999998
0.017192
0.020357
0.015849000000000002
0.018422
0.017529
0.0172
0.19435400000000005
0.198244
0.20330299999999998
0.202371
0.202951
0.198458
0.014746
0.11483
0.053370000000000015
0.015659
0.016013
0.156119
0.17700700000000005
0.178243
0.114652
0.16304000000000002
0.164272
0.16809000000000002
0.10918800000000001
0.02128
0.014969
0.057564
0.014642
0.074602
0.09840200000000003
0.16319099999999995
0.044949
0.224529
0.14261
0.16292
0.08017099999999999
0.022884
0.018475
0.030217
0.02409
0.017057
0.018647999999999998
0.015513999999999997
0.016497
0.019154
0.013900999999999998
0.014426
0.015582000000000004
0.020219
0.013016000000000002
0.017055
0.020701
0.015633
0.021366
0.015778999999999998
0.016173
0.015976
0.015580000000000004
0.017159
0.017388
0.017362
0.016338
0.018515
0.013382
0.021745
0.017564
0.031369
0.067798
0.062938
0.019543
0.11322800000000002
0.044679
0.15517999999999998
0.15056
0.12637500000000002
0.033853999999999995
0.018281
0.032929
0.026015000000000003
0.026754000000000003
0.026333
0.02744
0.018357
0.05511200000000002
0.041497000000000006
0.035743000000000004
0.04375
0.083924
0.09996
0.055959
0.096416
0.157089
0.117258
0.092775
0.15375
0.15165
0.025362
0.023299
0.030927
0.029128000000000005
0.018922
0.024294
0.023636
0.0242
0.0235
0.02704
0.017433
0.063296
0.036373
0.016271
0.018966
0.027936000000000002
0.186884
0.185004
0.156605
0.0401
0.161894
0.147275
0.159781
0.153076
0.160524
0.149243
0.155915
0.23268899999999998
0.18729
0.193363
0.18356
0.17846800000000002
0.186304
0.18057
0.218746
0.186616
0.187916
0.171388
0.171244
0.243641
0.17183800000000002
0.188272
0.175576
0.189642
0.183437
0.188068
0.187466
0.184386
0.187587
0.15696400000000002
0.326095
0.316386
0.22779600000000005
0.305843
0.316429
0.14926699999999998
0.16096300000000002
0.150654
0.187607
0.18901800000000002
0.27451499999999995
0.256862
0.187781
0.185013
0.172924
0.188093
0.18487
0.180637
0.184381
0.187362
0.191717
0.192728
0.183283
0.18966
0.19054
0.19455
0.19277
0.19437
0.192255
0.193926
0.187746
0.25629
0.193606
0.191279
0.19508
0.188993
0.19529000000000002
0.18732
0.29546
0.32821
0.33184
0.32935000000000003
0.324311
0.330889
0.31396
0.181693
0.19371
0.186743
0.20094
0.19473
0.08695
0.19554
0.18467
0.17134000000000002
0.193402
0.19629
0.188737
0.20464
0.202608
0.193645
0.184443
0.19587
0.19266
0.1938
0.19435
0.191352
0.19038
0.19124
0.1964
0.18673
0.192328
0.1961
0.19322999999999999
0.19011
0.19164
0.1914
0.19213
0.23504
0.21791
0.21996
0.17568899999999998
0.19529
0.191377
0.19237
0.19474
0.189053
0.19647
0.18816
0.19892
0.181531
0.185612
0.189924
0.187442
0.187176
0.187166
0.176847
0.189937
0.181568
0.04599
0.08527
0.13167
0.212081
0.22364
0.20325
0.198719
0.19683
0.199273
0.192347
0.196196
0.194444
0.201441
0.195697
0.261806
0.204506
0.231812
0.29450999999999994
0.306848
0.31628
0.33054
0.33150999999999997
0.32776
0.36827
0.37106999999999996
0.36309
0.3173
0.31099
0.31426000000000004
0.32941
0.35726
0.3437600000000001
0.38218
0.37552
0.36991
0.37137
0.37277
0.36544
0.37489
0.3739
0.36679
0.37966
0.35096
0.37961999999999996
0.3804300000000001
0.38163
0.38591
0.38734
0.29621
0.38243699999999997
0.36005000000000004
0.195144
0.19071
0.20372679999999999
0.191853
0.1979175
0.193615
0.23363
0.2430042
0.24809450000000005
0.196114
0.199985
0.19964079999999998
0.241588
0.199149
0.20034000000000002
0.199497
0.19859100000000002
0.196892
0.1978709
0.202611
0.244111
0.2408430000000001
0.2415115
0.24031850000000005
0.23954600000000004
0.2393450000000001
0.24262799999999995
0.23876399999999998
0.235404
0.22621
0.25617
0.19811
0.2023
0.20898000000000005
0.217784
0.32911
0.33170999999999995
0.30430999999999997
0.21347
0.30413
0.28501
0.29741999999999996
0.25991000000000003
0.25904
0.36882
0.2039620000000001
0.2977896
0.29902059999999997
0.2949791
0.2500496
0.21721530000000008
0.254811
0.2037422
0.210546
0.21600000000000005
0.20587
0.190181
0.187837
0.185409
0.191927
0.195115
0.183633
0.193301
0.19321
0.198842
0.197933
0.196443
0.196135
0.206132
0.218512
0.216011
0.25548000000000004
0.271733
0.289957
0.28252
0.32524000000000003
0.31294
0.23044
0.31886
0.32643
0.32574000000000003
0.32101999999999997
0.31483
0.31904000000000005
0.3259
0.32338
0.31942200000000004
0.27899
0.27633
0.27549
0.31700900000000004
0.32623
0.318794
0.23646
0.31853600000000004
0.3194
0.320191
0.32707
0.33092
0.33307000000000003
0.32967
0.33124000000000003
0.32580000000000003
0.3386
0.33132
0.33735
0.34173000000000003
0.33111
0.32041000000000003
0.26606
0.23428
0.271
0.32642999999999994
0.33109000000000005
0.32638
0.32394
0.31674800000000003
0.27719
0.40964
0.38311
0.32918000000000003
0.30006000000000005
0.26645
0.24276
0.25519000000000003
0.21431
0.442329
0.38324
0.29880999999999996
0.28151
0.26242
0.18694
0.26238100000000003
0.43158
0.25222999999999995
0.22176
0.25616
0.19751400000000002
0.19367
0.19218
0.0704
0.17670999999999998
0.27267
0.3041
0.18688
0.35058
0.31096999999999997
0.31002
0.33063000000000003
0.39582
0.322847
0.31819000000000003
0.32022
0.33555999999999997
0.32211999999999996
0.32687999999999995
0.31375
0.38848
0.38059
0.31635
0.31399
0.31794
0.32038
0.30236
0.3232
0.33468000000000003
0.32605
0.19011
0.19018
0.18713
0.30492
0.31240999999999997
0.30868
0.31159000000000003
0.3116
0.30778000000000005
0.30733
0.12979000000000002
0.18958
0.19158
0.18797
0.25463
0.24243
0.328623
0.254442
0.20975789999999997
0.23765839999999994
0.20431970000000002
0.210713
0.1936642
0.346827
0.42508
0.056359999999999986
0.18547
0.19135
0.20893
0.23403600000000002
0.24163
0.2241737
0.1872972
0.1855758
0.2964231999999999
0.4488028
0.4397167000000001
0.4383435000000001
0.4267786
0.44468199999999997
0.4525339999999999
0.456042
0.450763
0.45191000000000003
0.45609
0.45395
0.44734
0.4405299999999999
0.45
0.40796
0.4442
0.4511600000000001
0.44258
0.44823
0.4472100000000001
0.44602
0.44636
0.44273999999999997
0.407129
0.405113
0.4038776
0.404847
0.4211940000000001
0.39994
0.446553
0.430283
0.42829300000000003
0.432476
0.3848990000000001
0.333461
0.327365
0.35027899999999995
0.399469
0.4410299999999999
0.40201
0.423948
0.42058490000000004
0.2369932
0.2402724
0.271769
0.349158
0.283837
0.319148
0.22765700000000005
0.28106000000000003
0.287396
0.30121
0.294952
0.30348
0.295435
0.299414
0.298906
0.297057
0.300115
0.303642
0.301055
0.30395900000000003
0.300318
0.295097
0.24905
0.251178
0.322974
0.27523400000000003
0.248814
0.29529999999999995
0.28791
0.293905
0.2802
0.28573000000000004
0.28171
0.292678
0.288067
0.282929
0.29230500000000004
0.17363099999999998
0.28988400000000003
0.28958700000000004
0.154599
0.17802
0.1442081
0.14029342
0.0976091
0.09187242
0.26226242
0.2562591
0.26261242
0.15977909999999998
0.10284075
0.13039
0.30049182
0.346452
0.2376
0.322694
0.33916300000000005
0.315891
0.283682
0.286347
0.321073
0.31852400000000003
0.301699
0.317676
0.31593400000000005
0.240902
0.25056100000000003
0.129168
0.11568
0.14477422
0.14993901999999998
0.14680952
0.1473193
0.1473911
0.20426390000000005
0.2841861
0.2740245
0.32901450000000004
0.28091350000000004
0.31655459999999996
0.30334940000000005
0.3327937
0.3813541
0.28939990000000004
0.3088446
0.3059176
0.33558459999999996
0.1267733
0.1280611
0.31016252
0.15422982000000002
0.07652382000000002
0.04290222
0.4164107000000001
0.4098945000000001
0.4114307
0.35048551999999994
0.3817146
0.3828947
0.3996666
0.4212645199999999
0.41036409999999995
0.392525
0.3855969
0.374524
0.4292078
0.2253083
0.3472059
0.4074302
0.43831970000000003
0.32103399999999993
0.2777368000000001
0.3715474
0.3103302
0.2954736000000001
0.27254
0.239895
0.24679099999999998
0.274965
0.365231
0.34633
0.3525306
0.35047774
0.29082202
0.26050999999999996
0.24351199999999998
0.35322000000000003
0.37300900000000003
0.3649819999999999
0.35716600000000004
0.352874
0.3537659
0.34615799999999997
0.27881500000000004
0.25647600000000004
0.158804
0.15744242
0.182895
0.184997
0.16911842
0.15814041999999998
0.21197420000000003
0.27179000000000003
0.308576
0.3524970000000001
0.35061000000000003
0.35736917999999995
0.42877482
0.42902343
0.3843007
0.3852270400000001
0.36713773
0.32947596
0.3598311
0.33604515
0.2994941500000001
0.41153376
0.4239280100000001
0.38298787
0.3706781500000001
0.30618305
0.37115415
0.28079201000000004
0.39230165
0.30940269000000004
0.42874596
0.42770787
0.41185396
0.29865363999999994
0.39133673
0.44791773
0.45491578
0.44460673
0.45049673
0.44709568
0.44852768
0.42735673
0.44036673
0.45773673
0.3868657800000001
0.40727382
0.23144605
0.22795019
0.13721701
0.26711105
0.23977796
0.22484096
0.25831196
0.28038101
0.29404196
0.35865387000000004
0.31732386999999995
0.26999387
0.41301387
0.43117292
0.41102196
0.42015196
0.41439996
0.43093196
0.38842196
0.38218292
0.39956482
0.2968181
0.4545230500000001
0.45170296
0.45505196
0.28515335
0.39625101
0.38161492
0.30277792000000003
0.32506012
0.30077292
0.35584492
0.38623596
0.40316827
0.34480112
0.4314743200000001
0.423883
0.39815141
0.38125792
0.36578287
0.32463473
0.37438801
0.39938207
0.4131661499999999
0.40864702
0.39750724
0.4168971500000001
0.41080011
0.40499711
0.41295811
0.21339997
0.27175101
0.25608989
0.35489911
0.32451724
0.3614711099999999
0.32196624999999995
0.35498716
0.29089936
0.12421955999999998
0.18875767
0.14893577
0.24173240000000001
0.37304312
0.42569721
0.41325497
0.39941607
0.13551697999999998
0.4077588799999999
0.42499039
0.39337339
0.45579443
0.4599253900000001
0.45616738
0.47018648
0.4632553400000001
0.46657248
0.4481723400000001
0.47165134
0.4298813
0.43278638
0.43223534
0.46083038
0.46089234
0.4522593400000001
0.44925734
0.41550343
0.44978834
0.44850743
0.44498743
0.44155088
0.42855188
0.45704838
0.36134334
0.41352525
0.42237234
0.43529634
0.45076938
0.41426911
0.4476012
0.44445434
0.40895238
0.44033043
0.46089943
0.45109138
0.44833024
0.44093683
0.45060023
0.41606738
0.38833948
0.38322192
0.40930887
0.44890196
0.29437605
0.46335905
0.46802301
0.32576910000000003
0.22122101
0.4454910100000001
0.44056292
0.44719196
0.46007292
0.46448482
0.46253292
0.4551829200000001
0.44836196
0.43145196
0.44139196
0.44520387
0.43874573
0.44354382
0.45127387
0.28949387
0.14029959
0.45278959
0.37497054
0.23757482
0.43731296
0.39147196
0.42736387
0.38561092
0.42842387
0.43492382
0.38753387
0.39716192
0.33003778
0.36955864
0.45540292
0.44184801
0.44087582
0.43477282
0.44266187
0.45044387
0.43083482
0.44964542
0.45016892
0.4398207799999999
0.45277987
0.42896082
0.45187487
0.46347878
0.4530246800000001
0.44240578
0.45505987
0.44132782
0.43557182
0.42797892
0.45518601
0.43853287
0.44960901
0.45797092
0.44740296
0.41179796
0.43109801
0.43777201
0.43109492
0.42922961
0.4497627800000001
0.40600356
0.3053967
0.2877039
0.29852654999999995
0.25539515
0.27319585
0.2556242
0.31284686
0.22369305
0.22621796
0.31773581999999995
0.31955692
0.30510396
0.28105896
0.22880101000000005
0.3228991
0.19668496
0.23714068
0.40837973
0.36587078
0.34424373
0.30912873
0.28359278
0.25519278
0.29524805
0.31119492000000004
0.27163996
0.27119396
0.29398596
0.35101773000000003
0.36917768
0.34158878
0.34998882
0.37487268
0.37891064
0.35756368
0.34235272999999994
0.30149373
0.29596868
0.29183187
0.24961895
0.23588589999999995
0.32194701
0.29743825
0.29467550000000003
0.2980825500000001
0.35366285000000003
0.3537041
0.35293445
0.36936515
0.32673236
0.34732525000000003
0.34426811
0.35083875000000003
0.38461681
0.31263137
0.30317611000000005
0.30935720999999994
0.30332125000000004
0.24428850000000002
0.24255069
0.23999175
0.21946805
0.2345225
0.07344862
0.12681915
0.04618905
0.06233250000000001
0.20036745
0.26941916
0.24904901
0.22035416
0.24627805000000005
0.21950135
0.23730005
0.1940787
0.1926661
0.21214302
0.18137691
0.23450336
0.14873611000000006
0.27221722000000004
0.19045521
0.20888661
0.20925786
0.20418335000000004
0.23380425
0.21381851
0.20308415
0.22897145
0.14817796
0.22579187
0.28792892000000003
0.28519706999999994
0.28087806000000004
0.25370636
0.28326416
0.25458741
0.3102217600000001
0.28778897000000003
0.27484992
0.27492822
0.28622102
0.26016397
0.25879287
0.27217936000000004
0.26790706
0.29446517
0.24901816
0.27793565
0.25878145
0.26105284999999995
0.11313206
0.2161506
0.29581701
0.12054563
0.44040753
0.44931944
0.44545134
0.42493468
0.40047658
0.44530468
0.44643662
0.4424718799999999
0.41018578
0.42326578
0.31556482
0.35717292
0.25321292
0.30175387
0.33090387
0.29002532
0.21089578
0.37518868
0.37159488
0.35756482
0.45122482
0.43488968
0.4612125
0.35913254
0.36399937
0.36945578
0.32371387
0.21355396
0.16113186
0.16597534999999994
0.20860415
0.2294213
0.24040545
0.3310047200000001
0.31661852
0.3281417199999999
0.31019796000000005
0.27584452
0.32314148
0.28470432
0.3289708600000001
0.35797312000000003
0.41047718
0.33992576
0.23920182
0.25894187
0.20104497
0.25316587
0.21382201000000006
0.22008892
0.19041511
0.02730907
0.04656085
0.04383141
0.17487765
0.05954520000000001
0.04251627
0.24401192
0.22191788
0.27753583
0.28205082
0.30406773
0.30321683
0.20092478
0.17581721999999994
0.26766912
0.45433296
0.44867482
0.40976064
0.41215973
0.31596382
0.41634878
0.4280108300000001
0.4566797300000001
0.4429287800000001
0.44741792
0.44998376
0.43342072
0.40803262
0.45068002
0.39528187
0.38124112
0.43128362
0.4252359199999999
0.44094722
0.44651447
0.4503403700000001
0.39355368
0.43602682
0.4547217700000001
0.44355682
0.4493200199999999
0.4296104800000001
0.45507547
0.44425337
0.44923152
0.43932398
0.42248082
0.38836273
0.38112917
0.43939687
0.40698397
0.4479200600000001
0.42738497
0.44606967
0.39943872
0.4371649200000001
0.4408618700000001
0.45026396
0.45158596
0.4508519600000001
0.4633180100000001
0.44695096
0.45006992
0.45205801
0.4431739200000001
0.4466939600000001
0.44669396
0.43675582
0.41776992
0.45270001
0.45862786
0.45636301
0.41313166
0.46715375
0.41689466
0.43577771
0.42499646
0.38044127
0.42246837
0.40523732
0.43937378
0.4239578700000001
0.45116278
0.43301278
0.44360707
0.44862151
0.45412187
0.44309278
0.44598878
0.39874778
0.37076578
0.35538878
0.38539092
0.41841592
0.33587451
0.41299425
0.43608148
0.45266753
0.42352739
0.40912634
0.41563338
0.40277616
0.38871216
0.42132897
0.44285097
0.4442411
0.43586815
0.41247478
0.44392464
0.42425073
0.41565341
0.35287832
0.44591065
0.42016455
0.41001451
0.39315727
0.36468632
0.41391327
0.40548046
0.41152332
0.42213442
0.43907446
0.42978337
0.42349641
0.43651578
0.3946957800000001
0.40864982
0.38583948
0.4040015800000001
0.45211243
0.4694022200000001
0.46739982
0.47250238
0.45886397
0.44135204
0.43881822
0.3828435500000001
0.34499254999999995
0.27175479
0.42682714
0.44202478
0.44440187
0.40123536
0.40351137
0.41901508
0.43594938
0.34581019
0.42523144
0.4312691
0.42362744
0.39631944
0.39962288
0.41916442
0.36813178
0.39781959
0.3521022
0.45128882
0.42244808
0.44399216
0.34624787
0.38308392
0.3952428700000001
0.41593578
0.42813587
0.42212678
0.41888482
0.4217218200000001
0.42417278
0.39107578
0.42782896
0.39230932
0.4229772199999999
0.4011268600000001
0.43852606
0.37932348
0.36520628
0.18002477
0.25467962
0.27340877
0.28323712
0.31412483
0.29540634000000004
0.24144154
0.28290729000000003
0.27991354
0.33098147999999994
0.36130243
0.36341832
0.35342913
0.34562098
0.24519773
0.24797002
0.26469907
0.26518956
0.24388582
0.23756207
0.26584358
0.22627612
0.30514728
0.39280843
0.41597068
0.41176009
0.38356589
0.28304188
0.016232399999999998
0.1594362
0.1294105
0.1058876
0.1231577
0.1472352
0.2736533
0.26977289
0.26752103
0.27061388000000003
0.21500156
0.32152862
0.27422007
0.29114107
0.35015437
0.32698057
0.35145487000000003
0.38366247
0.28579397
0.24342487000000004
0.24660627
0.32695532000000005
0.40915637
0.40344152
0.39410297
0.40265862
0.40971767
0.34895102
0.40463762
0.1862591
0.2182458
0.21416910000000006
0.2460255
0.1136363
0.079498
0.0913911
0.2610339
0.2519669
0.24937289999999998
0.2491806000000001
0.256906
0.253305
0.2608034
0.24856420000000004
0.26872870000000004
0.26597600000000005
0.2615543
0.2541129
0.2686039
0.2522864
0.2574219
0.2619645
0.2022395
0.2028136
0.2005973
0.2013019
0.1991545
0.1994679
0.2084824
0.2084801
0.20916820000000005
0.2096911
0.20377010000000004
0.20457610000000004
0.20078220000000002
0.2044435
0.200371
0.2000765
0.2040544
0.2059759
0.2137454
0.20542329999999998
0.2069268
0.2061965
0.2152773
0.2031651
0.2038869
0.2031221
0.2153275
0.2065761
0.2066224
0.2026425
0.206762
0.2069031
0.2084354
0.18437379999999998
0.2042506
0.204361
0.20849210000000004
0.2074233000000001
0.2091585
0.212145
0.21294770000000005
0.21141
0.21321000000000004
0.2085326
0.2084065
0.21435340000000008
0.21507920000000005
0.101891
0.1838033
0.2071145
0.2104657
0.2036632
0.2176984
0.2103547
0.2142988
0.21235779999999999
0.2136362
0.2164244
0.2118306
0.20850420000000008
0.2060905
0.20817280000000002
0.21200909999999998
0.2122877
0.207143
0.2063744
0.2104183
0.21739879999999998
0.21689120000000006
0.2093225
0.2119123
0.209194
0.2098573
0.20796060000000005
0.2115611
0.2102234000000001
0.0446
0.0449864
0.043521
0.054585600000000005
0.051527100000000006
0.053314200000000006
0.052874300000000006
0.0541533
0.054869299999999996
0.0492372
0.046153
0.046075800000000014
0.0444871
0.046122
0.04986669999999999
0.0442813
0.045981400000000006
0.045157600000000006
0.042592000000000005
0.042517700000000005
0.050992800000000005
0.0476625
0.0467194
0.0419358
0.04681389999999999
0.046821100000000004
0.0478324
0.044619200000000005
0.0465082
0.04502249999999999
0.04750119999999999
0.042301099999999994
0.0519117
0.053422500000000005
0.052310700000000016
0.0467698
0.0513712
0.0489376
0.0484069
0.046040300000000006
0.0491665
0.0498743
0.047095500000000005
0.0430326
0.04299
0.0552901
0.0459168
0.0506201
0.0563043
0.05098609999999999
0.04681880000000002
0.0499767
0.0511763
0.053414699999999996
0.0602859
0.0447925
0.048246500000000005
0.047244400000000006
0.0477936
0.0505555
0.047462800000000006
0.0456181
0.048019
0.0505195
0.0488053
0.0455995
0.0501422
0.042404500000000005
0.051429199999999994
0.0534861
0.0501827
0.0481961
0.05066759999999999
0.0551865
0.0523233
0.047881599999999996
0.04744910000000002
0.0488035
0.0520366
0.051819500000000004
0.051491
0.050197000000000006
0.052213199999999994
0.0441485
0.045862400000000005
0.050935400000000006
0.050429900000000014
0.046004100000000006
0.06754639999999999
0.08363519999999999
0.15598679999999998
0.2278792
0.11148920000000001
0.1600044
0.1681207
0.2260759
0.12994350000000002
0.032397300000000004
0.03271586
0.0543628
0.1954899
0.1971878
0.12771290000000002
0.13379970000000002
0.0601866
0.0591932
0.07065689999999998
0.0727096
0.0719634
0.0664704
0.0698245
0.06996480000000001
0.052292000000000005
0.06088150000000001
0.0730159
0.0579872
0.24650500000000006
0.1628892
0.0691235
0.08483860000000001
0.15539540000000002
0.0836886
0.08793720000000001
0.0904048
0.1552329
0.204731
0.21762870000000006
0.14042680000000002
0.1431858
0.1147388
0.1166817
0.15130149999999998
0.1820458
0.016748700000000002
0.0546875
0.011942399999999999
0.013276
0.012949500000000001
0.0178905
0.015240300000000003
0.34719809999999995
0.3953267
0.4139238
0.4396366
0.4370379999999999
0.3935587
0.053590699999999984
0.017636699999999998
0.4394606
0.43868720000000005
0.4512416
0.4190789000000001
0.435083
0.4137482
0.4088702
0.34452730000000004
0.4492054
0.44494290000000003
0.4399287
0.3992492
0.2723812
0.2012163
0.214706
0.2328817
0.1650803
0.2036441
0.1833198
0.1938614
0.2257264
0.186478
0.20402740000000005
0.1101884
0.1064745
0.0827973
0.0971971
0.054757299999999995
0.0680615
0.042413200000000005
0.0430099
0.0751025
0.12598389999999998
0.06771669999999999
0.1400431
0.2065307
0.32281770000000004
0.35282859999999994
0.3383449
0.3311316
0.3438216000000001
0.3403639
0.2578612
0.21442260000000002
0.1925639
0.202792
0.1916925
0.198439
0.19224300000000005
0.1758269
0.20887600000000006
0.2237907
0.220145
0.207047
0.1795379
0.15284389999999998
0.1880341
0.0890585
0.1255426
0.059475199999999985
0.30311540000000003
0.3059543
0.22600589999999998
0.0528653
0.0398379
0.1479468
0.1097092
0.1192319
0.08045459999999999
0.1043989
0.10359349999999999
0.1087424
0.1267234
0.159151
0.12825630000000002
0.3278178
0.2711842
0.20551970000000008
0.1387072
0.1105772
0.0569095
0.11254700000000001
0.0958463
0.08731520000000001
0.1115685
0.118021
0.1071377
0.0885046
0.0784177
0.09537440000000004
0.09949
0.0837816
0.1042382
0.1055255
0.1808418
0.14988239999999994
0.16660060000000002
0.1059763
0.24015770000000006
0.14418370000000005
0.19658370000000008
0.1841181
0.1922709
0.2104772
0.176313
0.1903591
0.1788431
0.2220676
0.2500817
0.1711094
0.1917857000000001
0.2342749
0.2100982
0.20461110000000002
0.2073877
0.221952
0.2266377
0.1805425
0.2094638
0.2187782
0.2346661
0.22424629999999998
0.2200611
0.21065589999999998
0.1898966
0.1962011
0.17435440000000002
0.1912516
0.227821
0.23654539999999996
0.2244239
0.2640254
0.241592
0.17657799999999998
0.0757804
0.0867767
0.1181829
0.1109829
0.057020199999999986
0.0945497
0.1042368
0.0965429
0.07433060000000001
0.0980117
0.07761939999999999
0.1273728
0.05074530000000002
0.06123310000000001
0.048922400000000005
0.05412
0.0520812
0.061210099999999996
0.052661800000000016
0.0618025
0.038619900000000006
0.0389028
0.0423129
0.075292
0.0545568
0.0960742
0.0826392
0.059644399999999986
0.0898418
0.0490625
0.2072894
0.17432170000000002
0.1984439
0.1152231
0.15265979999999998
0.1759743
0.12436400000000003
0.09075760000000001
0.1174176
0.1473916
0.038747
0.10084960000000001
0.10906480000000003
0.10320039999999997
0.1068444
0.1196297
0.0933795
0.15249179999999998
0.1471651
0.1991571
0.1363159
0.1757234
0.20655389999999998
0.2259641
0.21995650000000005
0.167155
0.2497317000000001
0.28749679999999994
0.30567960000000005
0.20568809999999998
0.2261378
0.1842424
0.276401
0.2026584
0.2211779
0.24633
0.25905910000000004
0.24731420000000004
0.2625905000000001
0.2457145
0.27457059999999994
0.22047039999999998
0.2535176
0.24203870000000002
0.2492245
0.255006
0.19172679999999998
0.1870594
0.2415203
0.2461033
0.2434279
0.24440170000000003
0.2509808
0.3027395
0.2435105
0.1154823
0.13356429999999994
0.4209984000000001
0.418812
0.3835806000000001
0.4032327
0.2833466
0.201097
0.07333490000000001
0.1184924
0.11641389999999999
0.1688365
0.160895
0.1831478
0.15833429999999998
0.16375379999999998
0.1029764
0.2002344
0.1957379
0.2578826
0.16141989999999998
0.14149160000000002
0.116192
0.1528527
0.09747330000000001
0.0988297
0.128546
0.09168710000000001
0.1278954
0.1628498
0.1218636
0.1319826
0.17876170000000002
0.1448432
0.2181015
0.1484599
0.1697756
0.13761459999999998
0.13119489999999998
0.2009082
0.20988649999999998
0.1788337
0.2373458
0.1386954
0.1743499
0.1178086
0.15159460000000002
0.202964
0.1281506
0.1894961
0.1547731
0.1664702
0.053887500000000005
0.2551578
0.1286318
0.0880654
0.044648400000000005
0.1165677
0.0654862
0.07204529999999999
0.07752510000000001
0.07828320000000001
0.0542466
0.3785977
0.11957999999999999
0.10089
0.0556991
0.0511033
0.052072900000000005
0.0384826
0.1450484
0.2051558
0.2370315
0.22437720000000005
0.3145462
0.3007581
0.2935434
0.2521061
0.2287536
0.21751450000000008
0.2441836000000001
0.15034070000000002
0.13662370000000001
0.0755729
0.2487261
0.18193120000000002
0.020282400000000003
0.17752810000000002
0.1417872
0.15330560000000001
0.2493953
0.2616213
0.22152980000000005
0.2350649
0.17775970000000002
0.1706364
0.12371780000000003
0.17927800000000002
0.06629159999999999
0.07362250000000001
0.0931567
0.1884592
0.24702470000000004
0.22103420000000001
0.2970026
0.2950704
0.2809725
0.2858867
0.2645263
0.2865982
0.1109087
0.0809772
0.1049323
0.14665765
0.10971336
0.12967293
0.08906396
0.17322674999999998
0.14769863
0.20125941
0.14939523999999998
0.2028519
0.17600821
0.22157860000000001
0.18799465
0.20402165
0.28918996
0.22580636
0.20529542
0.25789443
0.21799353
0.2939834
0.1255425
0.07994580000000001
0.1507258
0.0918725
0.1031287
0.0962046
0.1025917
0.2074461
0.1118784
0.1896361
0.165522
0.17381970000000002
0.1469937
0.1740815
0.196402
0.2388779
0.16122279999999994
0.0490034
0.0101577
0.07069030000000001
0.30313640000000003
0.3009137
0.2413273
0.2260666
0.242481
0.302966
0.2273032
0.033022699999999995
0.049491900000000005
0.016903799999999997
0.029143000000000002
0.013220600000000002
0.0572554
0.0359476
0.027448600000000004
0.0589413
0.0449343
0.23647
0.2120534
0.30896999999999997
0.30095409999999995
0.30512510000000004
0.29306370000000004
0.32663029999999993
0.31958020000000004
0.30294170000000004
0.33973600000000004
0.289922
0.21751120000000002
0.2012739
0.0214601
0.0990148
0.0076622
0.1057739
0.1124036
0.2238504
0.1001656
0.093522
0.09880260000000002
0.07651440000000001
0.07117649999999999
0.06828450000000001
0.008978799999999999
0.051359800000000004
0.1893125
0.0517653
0.006315099999999999
0.0911309
0.1899766
0.233773
0.287326
0.2448007
0.0992344
0.1593305
0.2118692
0.29837300000000005
0.2936305
0.26052390000000003
0.077938
0.13310840000000002
0.15842630000000002
0.13109500000000002
0.1319305
0.1296656
0.12883699999999998
0.12908889999999998
0.2220988
0.32122399999999995
0.35690199999999994
0.3454297
0.355928
0.3650826999999999
0.3635555999999999
0.3148784
0.2119268
0.2456098
0.2348906
0.0265731
0.023137900000000003
0.022667700000000002
0.030345499999999997
0.0408757
0.07172970000000001
0.0042883
0.0047135
0.003913399999999999
0.005378999999999999
0.0051325
0.0062699
0.004569
0.0035049
0.047786
0.1123346
0.12551220000000002
0.14769649999999998
0.1917939
0.1491097
0.10626789999999997
0.2548347
0.2964644
0.30013259999999997
0.4087315
0.4060002
0.3884033
0.3818419000000001
0.08141939999999999
0.0218707
0.0543511
0.060545599999999984
0.0530641
0.0091196
0.0117469
0.0063907
0.0460669
0.11172950000000001
0.15682639999999998
0.2434999
0.1561826
0.08750699999999999
0.33140070000000005
0.26837330000000004
0.33180469999999995
0.3306155
0.19879570000000002
0.2773216
0.2799054
0.12359389999999998
0.16250770000000006
0.15291150000000006
0.15507390000000001
0.14638710000000002
0.1435438
0.1408804
0.149945
0.1430412
0.2140653
0.1457371
0.1486453
0.14196570000000006
0.1425072
0.23279960000000002
0.3599972
0.3937379
0.3214955
0.3141339
0.3448226
0.35408779999999995
0.2799707
0.29060450000000004
0.3794263000000001
0.2372522
0.2349722
0.15715720000000002
0.10965050000000001
0.22951420000000006
0.22529810000000006
0.2145383
0.2264821
0.22273130000000002
0.196551
0.20613790000000004
0.17586249999999998
0.1673816
0.295412
0.27094509999999994
0.2694698
0.2457221
0.3076067
0.2631777
0.26142730000000003
0.20493920000000002
0.2235446
0.13847020000000002
0.0206037
0.008132700000000001
0.00389
0.011406
0.0085361
0.0418728
0.1015715
0.06649530000000001
0.0664985
0.0068774
0.0756831
0.08035880000000001
0.0347466
0.0297325
0.06650160000000001
0.1906908
0.20402360000000005
0.1887197
0.2245408
0.23972020000000002
0.2707372
0.2914463
0.3228259
0.3984711
0.2191433
0.0429171
0.0341524
0.0560493
0.0643229
0.06444839999999999
0.06929049999999999
0.0709841
0.0705125
0.0711706
0.06747500000000001
0.073271
0.0690173
0.0438166
0.107977
0.206873
0.29963779999999995
0.31073259999999997
0.3359438
0.35466129999999996
0.3377554
0.352716
0.36938590000000004
0.3552002
0.32209920000000003
0.32055690000000003
0.3155328
0.203193
0.16479839999999998
0.1643653
0.16264499999999998
0.12838070000000001
0.128323
0.0354531
0.0398566
0.038071900000000006
0.036972000000000005
0.1575822
0.1891721
0.2136862
0.27736859999999997
0.2791028
0.2757663
0.2663922
0.2740172
0.2504679
0.262245
0.26682170000000005
0.1663623
0.14898250000000002
0.1455351
0.004712300000000001
0.11081789999999998
0.1868359
0.3221864
0.1276605
0.1221538
0.1298459
0.1419775
0.1227245
0.1177107
0.127436
0.10243920000000001
0.0948041
0.1373461
0.0706832
0.1833658
0.0818336
0.0683645
0.0158761
0.061073700000000015
0.0101336
0.13559200000000002
0.0144804
0.0131871
0.012310799999999998
0.011915600000000002
0.014035600000000002
0.0966711
0.08836469999999999
0.1151752
0.11180710000000002
0.12007190000000001
0.1194795
0.1162067
0.0935561
0.0804607
0.0798004
0.0867951
0.0734128
0.16786040000000002
0.1822265
0.26495250000000004
0.32817250000000003
0.3554411000000001
0.33824190000000004
0.3172997
0.18391210000000002
0.0931691
0.0601327
0.22582860000000002
0.2192871
0.0987026
0.10347039999999999
0.1029497
0.10663210000000001
0.1135808
0.1713348
0.17919190000000004
0.16164389999999998
0.2207028
0.32190830000000004
0.27648710000000004
0.2459599
0.2240818
0.2891133
0.31402519999999995
0.31626
0.2835654
0.3559812
0.26715619999999995
0.2937706
0.2301801
0.3714507
0.2187967
0.2616713
0.2231448
0.2674281
0.2207802
0.2168337
0.2555252
0.2176794
0.269374
0.22422609999999998
0.1809442
0.21495860000000003
0.2752638
0.29614759999999996
0.30103670000000005
0.3168007
0.3516626
0.436213
0.4377030000000001
0.4156252
0.41366769999999997
0.4137891
0.3450017
0.29957090000000003
0.2275912
0.11656559999999999
0.2718389
0.2250817
0.2257104
0.16777720000000002
0.221429
0.30035670000000003
0.4232787
0.29134329999999997
0.3343702000000001
0.3686641000000001
0.27973159999999997
0.3795947
0.37244340000000004
0.3583659
0.33768069999999994
0.3775075
0.31494690000000003
0.266201
0.33211250000000003
0.32211330000000005
0.186359
0.2084996
0.1936225
0.3098824
0.30829470000000003
0.2970933
0.25791980000000003
0.20120250000000006
0.242641
0.3217689
0.2426169
0.1949001
0.1524693
0.26612509999999995
0.27470870000000003
0.3135608
0.29370620000000003
0.307609
0.2894329
0.30981450000000005
0.3919601
0.4036977000000001
0.32977259999999997
0.2196777
0.213206
0.20381030000000008
0.1319352
0.07185640000000001
0.07427710000000001
0.1204035
0.0728828
0.0925079
0.0912262
0.0754036
0.0778592
0.2346763
0.2380099
0.29543990000000003
0.28663550000000004
0.3500249
0.3000592
0.3833442
0.4305502000000001
0.3342969
0.3638862
0.34085010000000004
0.32169240000000004
0.2581178
0.2053974
0.2369733
0.2029062
0.19269360000000002
0.2001663
0.2159475
0.2248083
0.23040239999999998
0.2249001
0.2020126
0.16279849999999998
0.3197033
0.2745355
0.2891248
0.2845145
0.29764
0.2888522
0.2808673
0.27085040000000005
0.27401410000000004
0.2899515
0.2357213
0.30466439999999995
0.30052470000000003
0.31707529999999995
0.293613
0.248618
0.3627261
0.3398480000000001
0.393055
0.3913422999999999
0.4075761
0.3322237
0.32711490000000004
0.299185
0.3024681
0.2468728
0.2421157
0.2451609
0.2438283
0.2028285
0.22708080000000005
0.2812923
0.26412139999999995
0.223512
0.2316563
0.2757472
0.2911342
0.2798629
0.2818105
0.25718470000000004
0.2393778
0.1193052
0.12295140000000004
0.1243371
0.1417392
0.1257115
0.13196560000000002
0.1185988
0.1201676
0.1208102
0.1177999
0.1701812
0.18363970000000002
0.1839966
0.1875803
0.1538018
0.1203846
0.1879637
0.14620290000000002
0.12531869999999998
0.12267939999999998
0.16649480000000005
0.1591161
0.16122809999999999
0.20869040000000005
0.2226647
0.22038320000000006
0.2311288
0.2942133
0.2355059
0.2491495
0.2058006
0.24540860000000006
0.21176420000000004
0.22562
0.2515091
0.2144591
0.297036
0.28497500000000003
0.2709685
0.1922705
0.18933699999999998
0.12738760000000002
0.13163519999999998
0.14586729999999998
0.1203736
0.1216776
0.1183832
0.11707100000000001
0.1206605
0.1198177
0.12165989999999999
0.12138980000000002
0.12689669999999995
0.1201787
0.1189298
0.11765250000000001
0.12204779999999996
0.1229778
0.122722
0.12173250000000002
0.12254360000000003
0.122476
0.1208134
0.1203635
0.11848810000000001
0.12300840000000005
0.1135575
0.1115605
0.1187994
0.0639892
0.06763169999999999
0.0649621
0.062838
0.06327529999999999
0.0634453
