0.409623923
0.431719023
0.233831419
0.21864377600000004
0.339646239
0.236818466
0.31711376900000005
0.35011856299999994
0.35346360299999996
0.247490809
0.351747519
0.305363769
0.365214343
0.32093840900000004
0.118090399
0.08088169599999999
0.073074986
0.106034536
0.145338296
0.079003586
0.11648638599999996
0.247902796
0.08712503599999999
0.23222229600000002
0.32210576900000004
0.239777106
0.249404259
0.297655169
0.227252806
0.271739469
0.260945696
0.28491655899999996
0.20825905600000005
0.31799476600000004
0.243437456
0.450192219
0.458128023
0.461131019
0.39582076299999996
0.37802754899999996
0.392068349
0.367942989
0.21588259899999998
0.2517104990000001
0.4149227290000001
0.3974428290000001
0.4052080890000001
0.399277399
0.35963579900000003
0.40178512899999996
0.351188039
0.22812789600000002
0.20705665899999995
0.424375759
0.435476809
0.431291659
0.436175549
0.411951509
0.437291159
0.389895559
0.19153740900000005
0.3935275790000001
0.40218988899999997
0.397921849
0.394086649
0.375616199
0.401346699
0.368819209
0.306319209
0.211692569
0.325615509
0.356028253
0.344330063
0.26383494900000004
0.240929659
0.299478649
0.27308194899999993
0.2339291490000001
0.225439156
0.205332949
0.218540149
0.19895609600000005
0.27419769600000005
0.208458609
0.291243649
0.3572504030000001
0.3742839530000001
0.24779002300000005
0.29517014900000005
0.398742309
0.406745349
0.3900148490000001
0.377011703
0.346209063
0.383866259
0.373972423
0.268546369
0.313606829
0.244492063
0.27445970300000005
0.184381149
0.371635239
0.360028679
0.06865007599999999
0.2501967290000001
0.18892531899999998
0.241516539
0.288194139
0.200991289
0.416000719
0.410090203
0.40623210299999996
0.420517463
0.344670963
0.42007569899999997
0.37915535899999997
0.235124459
0.22454340900000005
0.3341048090000001
0.421968613
0.455258113
0.421831013
0.4162785490000001
0.428032399
0.42033439899999997
0.249745196
0.12606668599999998
0.3517564890000001
0.439731049
0.424486429
0.382129083
0.416323579
0.4147889690000001
0.4164082390000001
0.290454839
0.3581318900000001
0.43916269
0.45196089
0.44317255
0.4385726
0.4024882000000001
0.41384446
0.31559792000000003
0.29398587000000004
0.39875573
0.3911324800000001
0.25397101000000005
0.34048372000000005
0.40532628
0.35870027
0.30393555
0.18203805
0.218787
0.2698313
0.34915729999999995
0.3673868
0.3799608999999999
0.3665518
0.2093184
0.23748000000000002
0.29975300000000005
0.3062641
0.30459499999999995
0.3245102
0.331414
0.33086990000000005
0.29634629999999995
0.32052669999999994
0.37941979
0.3308635500000001
0.25985655
0.21054765
0.3164525
0.31005883999999995
0.3679947200000001
0.34225164
0.3359009099999999
0.30920372
0.31114614
0.31084862
0.32034291999999986
0.32345643
0.27994592
0.17567595000000005
0.11072505
0.14391655000000006
0.25840188000000003
0.18897325000000006
0.17600429000000006
0.18595199
0.18655445
0.2304921900000001
0.28454471
0.31202169
0.21075844
0.3428161
0.28654434
0.27870834
0.26918220000000004
0.24371536
0.26393775
0.31445851
0.32888336
0.31696071000000003
0.27159366
0.27596441
0.22348169
0.21336239
0.21970874
0.26348884
0.36388312
0.30959856
0.3726080100000001
0.38337892
0.31999822
0.41351694
0.33466525
0.28540875999999993
0.31703149
0.25447553
0.33943295
0.35026233
0.3572607
0.34629596
0.37522005
0.3692100999999999
0.35637167
0.20032727000000008
0.13649429999999999
0.13927334999999996
0.15934499
0.16663715
0.14526279
0.12194030000000004
0.26585193
0.30433129
0.30452305
0.41789329
0.3855121799999999
0.25731479
0.27322221
0.3120199
0.28086644
0.28908989
0.30961839
0.3745180500000001
0.39628441
0.26970726999999994
0.32653483999999994
0.33442277
0.36322783
0.3917818500000001
0.20588267
0.08350049
0.11546654
0.06927358
0.05719949000000001
0.13263352999999994
0.28838958
0.28566857
0.36883775
0.36954148
0.22764167
0.2595915
0.31539181
0.3980476800000001
0.35063661
0.27358975
0.32823781
0.29560602
0.3822074300000001
0.3503511199999999
0.28036508000000004
0.2302851
0.23559425
0.27455454999999995
0.08228614
0.14204565
0.08037454000000001
0.07267272
0.09766218
0.15862794
0.2703875899999999
0.24830685
0.25116146
0.25850829
0.3713227
0.40294614
0.34600242000000003
0.29997306
0.30617591
0.26427728999999994
0.32465836
0.29698078999999994
0.28070093999999995
0.3650276700000001
0.38407871
0.25373841
0.16747626999999998
0.14923591
0.16014421
0.17785813
0.28670208
0.28132114
0.31217147
0.33596765
0.27888528999999995
0.28098886999999995
0.31182679
0.39523306
0.33987508000000005
0.29150137
0.38433957
0.3666231999999999
0.32031736000000005
0.2953042
0.36240747
0.26800824
0.34663238
0.37068262
0.20378653
0.38358588
0.38583344
0.33003437
0.2059916
0.06416709999999999
0.04497329
0.06362882
0.07264066999999999
0.12312882
0.22159412
0.2866688699999999
0.28886695999999995
0.26676166999999995
0.19237887
0.23419842
0.30301557
0.29796692
0.29339122
0.18817552
0.21042269
0.28476315
0.24489415
0.21293509
0.27675319
0.23372559
0.23333265
0.30395939000000005
0.33064598999999995
0.27202315
0.13667364999999998
0.10720872
0.09142415
0.0450025
0.22281173
0.25587077
0.24776081
0.39453362
0.3555212600000001
0.36983696
0.34175891
0.22277322
0.22929796
0.4329727
0.43411794
0.43476404
0.43167984
0.43091074
0.44150794
0.44611594
0.43864489
0.43129184
0.44632808
0.45008942
0.44410808
0.45438888
0.45996912
0.45016308
0.36187972
0.46338825
0.45040732
0.45480158
0.45953228
0.44324539
0.42463614
0.35223479
0.37399286
0.4503830200000001
0.43932502
0.40292157
0.43308362
0.2329167
0.47690146
0.45762928
0.4489560600000001
0.46020831
0.44232726
0.4375202100000001
0.42930127
0.43798532
0.43861122
0.42119956
0.42948407
0.43105127
0.4398183199999999
0.43748362
0.43807597
0.36351798
0.46947405
0.45309357
0.43550727
0.41921018
0.34563722
0.35538245
0.32532627000000003
0.38787389299999997
0.392935313
0.39428673
0.44918278
0.41905048
0.44801278
0.41878424
0.44695404
0.42735584
0.44223134
0.3956317
0.44544794
0.43249478
0.43769914
0.4426294
0.44721791
0.44544936
0.44091649
0.39632224
0.42956788
0.43211933
0.35314988
0.42946503
0.47198081
0.4444805200000001
0.41968946
0.4525422300000001
0.37449555
0.41721361
0.39462817
0.41269627
0.4186522200000001
0.31480231
0.40634173
0.43017268
0.44366082
0.43042992
0.42182392
0.42572082
0.40792368
0.40665758
0.3675815
0.38570068
0.43918401
0.41387305
0.43769001
0.42480205
0.43374601
0.43458405
0.4245061
0.44326805
0.44476605
0.4127210499999999
0.42480892
0.42548482
0.42941087
0.4332858700000001
0.41566696
0.35719978
0.43784196
0.44947001
0.44217096
0.4714979600000001
0.46308373
0.3867685
0.39659341
0.41386445
0.32038045000000004
0.37469287
0.42897092
0.42410987
0.4218557299999999
0.42446778
0.41351878
0.42720482
0.43572996
0.42396787
0.42939887
0.43402687
0.42691882
0.4231198700000001
0.43719296
0.4305779200000001
0.43828287
0.43144592
0.40991973
0.42224868
0.42457268
0.42949354
0.37217459
0.4273697300000001
0.4714301000000001
0.39337392
0.4185902600000001
0.4287763000000001
0.37581364
0.2305
0.25132922
0.13160949
0.15667748
0.10708199
0.11596655
0.060524899999999986
0.07342
0.040945999999999996
0.361817
0.3779074
0.3813065
0.3623865
0.3724307
0.21337110000000006
0.2747332
0.2565353
0.2830853
0.2582103
0.2656332
0.2538731
0.1816323
0.08595180000000001
0.0747842
0.121405976
0.118162776
0.093936622
0.067527676
0.058737776
0.13935197600000002
0.117691676
0.08213827600000001
0.25496977600000004
0.221767376
0.237194076
0.118916776
0.029012776
0.053750476
0.024461976
0.045687976
0.023102576
0.076555076
0.046930576
0.12693027599999998
0.09513617600000003
0.08324277600000002
0.077397076
0.081416976
0.14296167599999998
0.195414576
0.126863476
0.17214057600000002
0.19043567600000005
0.14977397599999998
0.097862876
0.103710652
0.074854776
0.12053887600000004
0.11267779800000001
0.059889876000000015
0.022040776
0.024228476
0.032296976000000005
0.064428598
0.09600597599999999
0.078670476
0.08170177599999999
0.079222976
0.13208097600000002
0.132867076
0.13408497600000002
0.132335176
0.179787876
0.186961076
0.185148076
0.180499976
0.187521322
0.12637147599999998
0.13190337600000002
0.077078076
0.160081776
0.18218297600000002
0.179995176
0.184228176
0.188977076
0.072875976
0.118514876
0.07562097599999999
0.11862075199999995
0.15235137599999998
0.185610376
0.189324976
0.17760767599999994
0.17213977599999994
0.163138276
0.14652607600000006
0.13969227599999998
0.07566097599999999
0.07381737599999999
0.129594076
0.13001772899999994
0.159786256
0.02621183
0.023859440000000003
0.20723622
0.20604317
0.20518902
0.20928008
0.20736157
0.19753437
0.02205518
0.15800179
0.09880048
0.08703584
0.08704073
0.10490344
0.15405859
0.14718704000000002
0.17207285
0.18217271
0.11130899999999999
0.113461
0.108046
0.122292
0.12972
0.11578
0.14061300000000002
0.13326
0.158476
0.11184369999999999
0.18763
0.17703
0.17486
0.15433
0.15027000000000001
0.12778
0.17988900000000002
0.261693
0.29713
0.2069749
0.154934
0.13413799999999998
0.153313
0.145715
0.150796
0.17542400000000002
0.153906
0.17941500000000002
0.182748
0.18791
0.126169
0.132395
0.194354
0.127088
0.17411700000000002
0.166295
0.17959199999999995
0.17626999999999998
0.17753499999999994
0.176738
0.16454799999999994
0.17391800000000004
0.184018
0.207738
0.21855300000000005
0.186747
0.182876
0.210227
0.199665
0.184261
0.16688599999999998
0.166553
0.17692199999999994
0.165687
0.20240500000000008
0.197121
0.17561899999999994
0.09513000000000002
0.11578
0.16919
0.15721
0.1604
0.17437000000000002
0.17004
0.15955000000000005
0.15847
0.16595
0.22515
0.23154
0.24313
0.15594
0.17285999999999999
0.181823
0.172
0.187335
0.114677
0.22193000000000002
0.17393
0.129497
0.17137000000000002
0.17390999999999998
0.17676999999999998
0.1714
0.15128999999999998
0.16659000000000002
0.17212000000000002
0.18051
0.18123
0.19533
0.16283
0.177
0.17865000000000006
0.19144
0.23121999999999998
0.21295
0.24051999999999998
0.171
0.1941
0.14642
0.14483
0.19457
0.348884
0.38875
0.3814400000000001
0.34352
0.194687
0.2249
0.21118200000000004
0.143978
0.137001
0.222794
0.212028
0.227358
0.205286
0.20947800000000005
0.13770000000000002
0.14534099999999994
0.15782100000000002
0.17079099999999994
0.17005099999999998
0.180551
0.14750290000000002
0.173746
0.157712
0.159345
0.137052
0.14241320000000002
0.14933000000000002
0.17445300000000002
0.219412
0.29376
0.267643
0.26426900000000003
0.216385
0.1727912
0.17125
0.1843016
0.144245
0.16348510000000002
0.217777
0.16870900000000005
0.18041
0.24946300000000002
0.172147
0.16011400000000006
0.1852865
0.16693200000000002
0.15431920000000002
0.125641
0.1271135
0.17302379999999998
0.140349
0.111875
0.12587
0.1882509
0.1955416
0.1599911
0.03867
0.1879
0.061505999999999984
0.128351
0.1058759
0.12880489999999994
0.2415181
0.16577400000000006
0.131652
0.13040918
0.05662490000000001
0.13668110000000006
0.124242
0.11686300000000001
0.09407010000000003
0.13352299999999998
0.06835010000000001
0.11413
0.1327259
0.14409470000000002
0.10923110000000001
0.14194489999999998
0.15134917999999994
0.20642918
0.134793
0.12885200000000002
0.11915118
0.1814959
0.10559489999999998
0.2084311
0.126352
0.19434
0.35423000000000004
0.3865429
0.37987750000000003
0.33829000000000004
0.356698
0.3946120000000001
0.358792
0.4075590000000001
0.386761
0.3519328
0.31159240000000005
0.349727
0.32445149999999995
0.28745390000000004
0.27072670000000004
0.26166710000000004
0.31142190000000003
0.26328809999999997
0.259208
0.3151666
0.29859990000000003
0.2727681
0.3023592
0.2721486
0.310823
0.403437
0.365347
0.252186
0.289977
0.26870320000000003
0.2408065
0.27150559999999996
0.27493900000000004
0.28648520000000005
0.31902290000000005
0.24600010000000005
0.28022909999999995
0.28944220000000004
0.2585739
0.22340460000000004
0.2549705
0.2483414
0.2463971
0.27793809999999997
0.2183628
0.2636098
0.2707585
0.2122329
0.21018240000000002
0.0886387
0.2881896
0.233322
0.23595589999999997
0.2278984
0.2544055
0.2529792000000001
0.24812800000000002
0.362444
0.35686599999999996
0.332929
0.404978
0.381237
0.36613
0.3486969999999999
0.38178
0.305143
0.307968
0.342727
0.343804
0.34383
0.30698000000000003
0.30933
0.35578000000000004
0.34302
0.3466
0.39222
0.32658000000000004
0.4275100000000001
0.4322
0.35385
0.37556999999999996
0.33591540000000003
0.36459
0.3651
0.30959000000000003
0.25968
0.37988
0.39618
0.35593
0.35144000000000003
0.3726
0.37978
0.36063
0.39668
0.4218198
0.403915
0.40509
0.384911
0.39543
0.34495400000000004
0.38863
0.346516
0.3363935
0.35313500000000003
0.380936
0.35136999999999996
0.40906
0.38364000000000004
0.2934
0.31493000000000004
0.3889260000000001
0.35199
0.35488000000000003
0.3826773
0.364426
0.37622
0.39193
0.352304
0.30533000000000005
0.4058000000000001
0.40022
0.35055000000000003
0.353819
0.39968000000000004
0.38813000000000003
0.41467
0.40962
0.39466
0.41089
0.37574
0.40898
0.40716
0.40691
0.38092
0.381171
0.391652
0.39159
0.36841
0.402308
0.389363
0.371703
0.364349
0.3729090000000001
0.43188000000000004
0.39024899999999996
0.3876790000000001
0.386892
0.37242
0.349587
0.358204
0.41752
0.34367000000000003
0.38061999999999996
0.40106
0.400062
0.389055
0.38943
0.33757
0.35712
0.38401
0.3782
0.390517
0.385745
0.396251
0.400152
0.35736999999999997
0.36252
0.38991
0.3606
0.36805
0.37557
0.41722
0.4124700000000001
0.4070400000000001
0.37462
0.35952199999999995
0.454798
0.404507
0.35675999999999997
0.38116
0.3733
0.42505
0.3327
0.38619
0.31756
0.39416
0.385892
0.41848599999999997
0.418317
0.3913
0.3944699999999999
0.35650000000000004
0.4167
0.42129
0.38605
0.4104100000000001
0.4005300000000001
0.35640700000000003
0.380611
0.39058
0.37378
0.36322
0.389889
0.382533
0.384933
0.38624
0.37514
0.3723400000000001
0.36872
0.33618000000000003
0.35793
0.3625200000000001
0.317659
0.327271
0.323676
0.348704
0.32441200000000003
0.35668
0.35527000000000003
0.32193
0.33174000000000003
0.34271
0.3657
0.37917
0.31306
0.33139
0.31016
0.32404
0.364549
0.295667
0.345136
0.32460300000000003
0.33574
0.31801999999999997
0.33278
0.33387
0.35276
0.353941
0.35245800000000005
0.375238
0.37333
0.34419999999999995
0.36846999999999996
0.34568999999999994
0.40112
0.39501
0.36827
0.36681
0.36299
0.39074899999999996
0.392635
0.39667
0.4001
0.37435
0.3647599999999999
0.32688
0.35740999999999995
0.37707
0.4106300000000001
0.39928
0.38845
0.3636
0.35578000000000004
0.39296
0.38229
0.38352
0.3722
0.35058
0.33525
0.34926
0.32185
0.31544
0.28792
0.37151
0.33853999999999995
0.32245999999999997
0.32967
0.33255
0.33601000000000003
0.34397
0.34778000000000003
0.35827
0.37682
0.38014
0.36395
0.34943
0.35726
0.38582
0.354929
0.34793
0.36464
0.360956
0.333629
0.334928
0.311361
0.32558000000000004
0.31785
0.3326962
0.3121932
0.31343740000000003
0.34221
0.28128000000000003
0.26351
0.2965717
0.2555125
0.29895950000000004
0.3829782000000001
0.3807806
0.2420614
0.27530229999999994
0.27928800000000004
0.245411
0.29413
0.37326
0.33696000000000004
0.32173
0.30558
0.261515
0.31692600000000004
0.329
0.214963
0.136481
0.129241
0.0952628
0.0903804
0.0903846
0.092827
0.1118065
0.08278289999999999
0.1179253
0.1124389
0.1621507
0.1057636
0.1434901
0.1530224
0.18143380000000006
0.07736720000000001
0.09153390000000004
0.0942604
0.08876669999999999
0.12038039999999997
0.1151846
0.12569699999999998
0.0905879
0.1071504
0.1050413
0.0790804
0.094507
0.11593699999999997
0.13395369999999998
0.1215737
0.1466813
0.15898039999999994
0.1338446
0.1120737
0.0685646
0.1102194
0.13601129999999995
0.14040039999999998
0.13965129999999998
0.1141037
0.1046413
0.160187
0.0858353
0.087426
0.1269313
0.1173604
0.109814
0.30015400000000003
0.0977813
0.07150369999999999
0.090977
0.12986699999999998
0.1070013
0.08163369999999999
0.08183460000000001
0.056890099999999985
0.1034846
0.11953039999999998
0.0874246
0.1207204
0.10316130000000001
0.08211369999999997
0.09343760000000001
0.0773604
0.09282460000000001
0.1164404
0.08440460000000001
0.0803904
0.110347
0.35982040000000004
0.35860040000000004
0.16218699999999994
0.093702
0.132547
0.1569877
0.12798569999999998
0.13743327
0.117469
0.15811779999999998
0.14046999999999998
0.14495999999999998
0.12611139999999998
0.10425030000000003
0.13465669999999996
0.10894360000000003
0.092149
0.0950143
0.21049600000000002
0.270176
0.15700100000000006
0.26172100000000004
0.2412537
0.2549213
0.1675604
0.12809700000000002
0.08436039999999999
0.0880446
0.05874740000000001
0.0983446
0.13446699999999998
0.1141653
0.14412039999999998
0.3305737
0.2431237
0.14506799999999995
0.13156220000000002
0.1928513
0.1146204
0.13985129999999998
0.1227637
0.2153056
0.241247
0.2441946
0.260707
0.2549013
0.2321704
0.255037
0.2018004
0.2858213
0.29548040000000003
0.2390513
0.2595204
0.27209700000000003
0.2532964
0.2628113
0.2569077
0.24793130000000002
0.2261704
0.17423129999999998
0.139827
0.214302
0.1808904
0.135767
0.1136704
0.13110699999999995
0.1265037
0.1118913
0.1202437
0.150397
0.17393039999999999
0.1053513
0.2347937
0.2097713
0.186677
0.1733613
0.1502282
0.2122613
0.237315
0.19305129999999998
0.15328039999999998
0.185067
0.132297
0.1612513
0.1217537
0.1895713
0.2265404
0.1275813
0.07395700000000001
0.12426130000000002
0.16095700000000002
0.1488813
0.218367
0.1448713
0.14066199999999998
0.17972459999999998
0.157217
0.1264113
0.1763037
0.17294229999999994
0.2211454
0.1428796
0.19143
0.1835093
0.1861714
0.166077
0.122927
0.2207753
0.2130857
0.121581
0.15915800000000002
0.15955930000000002
0.201294
0.0821683
0.198965
0.0754833
0.181456
0.1603753
0.21451370000000006
0.1540913
0.207372
0.0949
0.188359
0.165297
0.138268
0.2564913
0.16157699999999994
0.1587313
0.18345699999999998
0.132397
0.15662779999999998
0.05806310000000001
0.12198519999999999
0.0746073
0.1000457
0.13089499999999998
0.1821277
0.2297423
0.167837
0.18401700000000001
0.1423017
0.1001503
0.14481639999999998
0.15083370000000001
0.18924800000000008
0.2053013
0.2033904
0.13337929999999998
0.11493010000000002
0.1735213
0.05586700000000002
0.0680893
0.109357
0.0883266
0.06279349999999999
0.1047188
0.0581939
0.08076190000000001
0.1106344
0.0987433
0.0984705
0.1839223
0.2808261
0.3305369
0.1251368
0.16116129999999998
0.277237
0.3842004000000001
0.2458237
0.1545753
0.077187
0.0608746
0.120177
0.1125546
0.1220204
0.07319759999999999
0.13723039999999995
0.1112013
0.1064237
0.13078130000000002
0.09061369999999999
0.0580314
0.12729369999999998
0.1300846
0.1044704
0.1260446
0.1106337
0.10597460000000003
0.12109369999999996
0.05994090000000001
0.111897
0.08905790000000002
0.08073369999999999
0.1115279
0.16353800000000002
0.39021
0.4193
0.39393
0.347369
0.3527
0.384646
0.378189
0.340764
0.274633
0.32587
0.32725000000000004
0.32648
0.31391
0.2889193
0.3563
0.378908
0.35517
0.3354435
0.31099
0.291658
0.31121
0.320468
0.23665100000000006
0.32265
0.33227890000000004
0.36158
0.249913
0.2305538
0.189406
0.21694000000000002
0.23812
0.27326
0.26015
0.26859
0.23082
0.2333
0.2596507
0.26064
0.24405
0.201235
0.22271
0.33151
0.36234
0.322864
0.33625
0.310223
0.269966
0.37005
0.3903100000000001
0.40348
0.33063200000000004
0.308473
0.32499
0.28073000000000004
0.34326999999999996
0.26178
0.30264
0.36755
0.40165
0.24743
0.26833779999999996
0.2365473
0.2198039
0.2431342
0.2481795
0.2007978
0.2341766
0.28262709999999996
0.2497513
0.3115004
0.29005509999999995
0.29413
0.312
0.28091
0.377006
0.37633
0.37163
0.28865
0.25398000000000004
0.276562
0.271704
0.323223
0.270462
0.241519
0.25659299999999996
0.313549
0.35469199999999995
0.375823
0.3344955
0.367048
0.363974
0.362906
0.33623600000000003
0.28941900000000004
0.31768500000000005
0.32195
0.3363450000000001
0.315177
0.3185914
0.29301999999999995
0.2981
0.25252
0.27031
0.258123
0.22511
0.2808
0.28498
0.38026
0.30678
0.31772
0.30601
0.290729
0.26081
0.27671999999999997
0.2843775
0.26306
0.288815
0.32019000000000003
0.299462
0.31009000000000003
0.29167
0.28737
0.29468
0.32426999999999995
0.31654
0.28761000000000003
0.2399
0.26516
0.29903
0.27473000000000003
0.27017
0.3252200000000001
0.32182000000000005
0.28589000000000003
0.28676
0.29415
0.28054
0.27513000000000004
0.32584
0.31079
0.2576
0.32648999999999995
0.30859000000000003
0.3199099999999999
0.331229
0.29096
0.33289
0.32108000000000003
0.31561999999999996
0.32538
0.29514
0.335
0.34593
0.3185
0.32568
0.32474000000000003
0.3406
0.31995
0.30856
0.333117
0.32004
0.30483999999999994
0.32671999999999995
0.33539500000000005
0.32868
0.30668
0.32770999999999995
0.28241599999999994
0.31354000000000004
0.3176
0.29367950000000004
0.28562
0.32314
0.32889
0.33385000000000004
0.26567
0.33051200000000003
0.28439000000000003
0.29261
0.135607
0.1237008
0.1138019
0.0886393
0.0913522
0.14298370000000002
0.10333699999999997
0.1161397
0.1210657
0.158402
0.13423770000000002
0.16354199999999994
0.1658467
0.17576570000000002
0.14170739999999998
0.17246199999999998
0.16293570000000002
0.115058
0.1463617
0.14337269999999994
0.16529939999999999
0.1387527
0.1354214
0.1130027
0.13248269999999995
0.1524277
0.14037869999999994
0.12073900000000001
0.1640117
0.13204000000000002
0.147722
0.16746129999999998
0.14237170000000002
0.16576570000000002
0.16123769999999998
0.11739469999999999
0.06910000000000001
0.13025230000000002
0.0942994
0.23467470000000004
0.15334069999999994
0.1229303
0.109977
0.10346400000000001
0.0902297
0.168383
0.12088569999999994
0.124037
0.12329369999999999
0.12280230000000002
0.122519
0.0731183
0.07830200000000001
0.08385229999999999
0.080957
0.05369730000000001
0.090969
0.0980807
0.0538384
0.11900430000000001
0.11599199999999996
0.09277
0.2341337000000001
0.192718
0.1651977
0.16708
0.14723970000000006
0.1743463
0.20906170000000002
0.07633530000000001
0.067348
0.06469259999999999
0.1569617
0.3251547
0.235989
0.24290370000000006
0.27219299999999996
0.2859727
0.22824
0.062338799999999986
0.0908303
0.0934023
0.101137
0.0785643
0.1270877
0.0839993
0.07995269999999999
0.1175753
0.12058470000000004
0.1392553
0.125922
0.115726
0.115119
0.103707
0.1016427
0.1075747
0.097613
0.122583
0.13439600000000002
0.15153
0.1471257
0.107423
0.1126137
0.108101
0.07791799999999999
0.08795460000000001
0.1101877
0.11073800000000003
0.084757
0.091261
0.09418
0.0546786
0.062766
0.06681930000000001
0.20469000000000004
0.0754843
0.076895
0.07559060000000001
0.05840670000000001
0.0772816
0.0695947
0.0611433
0.04548
0.0530506
0.052626
0.0677756
0.0533414
0.0412346
0.048033700000000006
0.0526599
0.057896
0.06422459999999999
0.0560694
0.0744203
0.0788864
0.0544156
0.0595057
0.05963560000000001
0.04731570000000001
0.0618673
0.0716747
0.099329
0.294972
0.2864700000000001
0.301115
0.3149500000000001
0.282243
0.26868800000000004
0.23747
0.22927600000000006
0.22278
0.2790750000000001
0.210303
0.2305103
0.2431012
0.2537666
0.274919
0.21811430000000004
0.221045
0.22016079999999996
0.222142
0.24756999999999998
0.242293
0.31116900000000003
0.26160199999999995
0.270215
0.287665
0.25261700000000004
0.263743
0.3168072
0.3247475000000001
0.29798030000000003
0.2413939
0.28116
0.24705600000000005
0.234814
0.233291
0.2365895
0.2380109
0.2447159
0.251688
0.262709
0.2625540000000001
0.250029
0.23988800000000002
0.21652220000000005
0.22832699999999995
0.22659400000000002
0.2219802
0.2145646
0.2413027
0.2297462
0.2352588
0.247639
0.260806
0.283866
0.298706
0.246844
0.252316
0.26360100000000003
0.216833
0.22574829999999999
0.2421804
0.233559
0.2341422
0.2341897
0.249387
0.256856
0.243938
0.22091149999999998
0.2502783
0.239654
0.2364176
0.28967
0.26498900000000003
0.228927
0.27012090000000005
0.24854369999999995
0.2204075
0.2332004
0.23717600000000005
0.2343242
0.2359076
0.272805
0.252925
0.26266799999999996
0.2637849
0.2325
0.233408
0.246878
0.24386600000000005
0.220572
0.22483520000000004
0.2140917
0.2553304000000001
0.17923599999999998
0.123278
0.08304489999999999
0.0845674
0.0872288
0.1089486
0.29098099999999993
0.230948
0.250811
0.2378623
0.2387378
0.250595
0.246214
0.24641200000000005
0.2441574
0.24714850000000002
0.26310209999999995
0.27577399999999996
0.17284899999999995
0.088572
0.083626
0.10691760000000002
0.0921672
0.08349870000000001
0.12983519999999998
0.12183800000000002
0.0879605
0.1027253
0.122626
0.15654810000000002
0.18334460000000002
0.1392237
0.07975139999999999
0.0978217
0.106056
0.0913642
0.143709
0.0919907
0.11825039999999999
0.1578997
0.094525
0.08738569999999997
0.110841
0.09651810000000001
0.0976968
0.1243554
0.09637409999999998
0.10532799999999999
0.103797
0.0955227
0.125336
0.0949464
0.103487
0.08028969999999999
0.12271899999999998
0.12057550000000003
0.11704200000000001
0.11495130000000002
0.0788322
0.08704970000000001
0.13199089999999994
0.2099857
0.176595
0.16570539999999995
0.13273140000000005
0.1074647
0.12244149999999998
0.12690159999999998
0.13302789999999998
0.1268839
0.170426
0.17699369999999998
0.121735
0.08062169999999999
0.1328404
0.10685689999999999
0.1022395
0.0999208
0.08645119999999999
0.08683029999999999
0.10159469999999997
0.09946590000000002
0.0995771
0.1357009
0.1425534
0.1833251
0.14932
0.1368667
0.09945639999999996
0.1266351
0.15406809999999996
0.137642
0.1455269
0.19511470000000003
0.160106
0.0936947
0.140568
0.1012871
0.122035
0.1267047
0.1343286
0.1227444
0.1365774
0.07916619999999999
0.1010694
0.11001869999999998
0.10324169999999999
0.1067575
0.090946
0.08175510000000001
0.10443030000000002
0.10870969999999999
0.11892619999999998
0.1547728
0.16485
0.2768186
0.2293431
0.3529109999999999
0.30346
0.298844
0.25249299999999997
0.288405
0.243699
0.234124
0.26273499999999994
0.288578
0.312228
0.265493
0.25705900000000004
0.1796382
0.1141389
0.0993684
0.1044221
0.1240515
0.1214251
0.13272859999999995
0.29659139999999995
0.13555889999999998
0.117308
0.1086305
0.28918940000000004
0.1928641
0.107923
0.0894867
0.122455
0.1065248
0.10848419999999999
0.15992610000000002
0.10374000000000001
0.1535947
0.4248437
0.3674031
0.3621548
0.3916121
0.3714418
0.4387295
0.4348001
0.4308015000000001
0.4297241
0.4303592000000001
0.3677317
0.416362
0.4271701000000001
0.3935136
0.4436947000000001
0.3548498
0.4389698
0.3646298
0.4402144
0.4276844
0.4217927
0.432883
0.4184811
0.429575
0.415581
0.4359395
0.4345908
0.437485
0.43357619999999997
0.4285053
0.4360448
0.4215301
0.4285992
0.42970240000000004
0.4370984000000001
0.413675
0.424566
0.4418261
0.4259404000000001
0.4443839
0.43591140000000006
0.4392761
0.3593817
0.4357938
0.4313652
0.43794220000000006
0.4351747
0.4046628
0.4398377000000001
0.435217
0.440946
0.43621
0.34752999999999995
0.23359750000000004
0.276334
0.283414
0.29829999999999995
0.26575
0.264616
0.2641746
0.2470444
0.31428
0.1828
0.136787
0.09929539999999999
0.0974211
0.1014945
0.11145050000000001
0.198532
0.1888346
0.2139204
0.1420401
0.248456
0.26518
0.28152600000000005
0.263219
0.25625010000000004
0.2865687
0.312317
0.258834
0.2871408
0.28044800000000003
0.297583
0.276708
0.2523166
0.2627978
0.26792
0.278944
0.305643
0.30587790000000004
0.177984
0.11769459999999995
0.12692299999999998
0.11979189999999999
0.10598699999999997
0.07213710000000001
0.21624000000000002
0.3162499999999999
0.25109400000000004
0.2689278
0.26649
0.2512875
0.2550542
0.252131
0.29757
0.285394
0.2507025
0.24916
0.26369000000000004
0.16504323999999998
0.15675077
0.16436870999999995
0.17115571000000002
0.12995767
0.16569674999999998
0.13250583
0.12453363
0.13645257
0.12837057999999998
0.13200287000000002
0.22257183
0.27152536
0.29595722
0.24448122
0.28218804
0.24916608
0.29785866
0.3520839000000001
0.27638962
0.29341808
0.33309062
0.33117289999999994
0.3215854100000001
0.34711390000000003
0.33356057
0.30061102
0.28695778
0.18370515
0.07768155
0.10468724
0.132883
0.12536609999999998
0.111357
0.13775700000000002
0.3044640000000001
0.310305
0.2781517
0.29778309999999997
0.3819170000000001
0.34135
0.2438994
0.25270370000000003
0.2556508
0.247153
0.280977
0.2780003
0.2437056
0.2360685
0.2396625
0.09711289999999999
0.0728924
0.06388189999999999
0.0963123
0.0873622
0.17284819999999998
0.2077521
0.186972
0.316983
0.336723
0.326329
0.297136
0.2917581
0.28692530000000005
0.303695
0.3005680000000001
0.30074740000000005
0.306744
0.29981599999999997
0.2961531
0.2874682
0.256702
0.2885271
0.29941759999999995
0.16585
0.12883150000000002
0.17978560000000002
0.1419104
0.135348
0.236833
0.32226
0.31799999999999995
0.30677400000000005
0.2924525
0.28927390000000003
0.30463749999999995
0.28210690000000005
0.3026800000000001
0.28355099999999994
0.23565100000000003
0.247427
0.248489
0.2647021
0.2965428
0.323999
0.277549
0.272138
0.26465459999999996
0.267714
0.2724183
0.26432170000000005
0.290275
0.3032
0.29203
0.29589000000000004
0.272855
0.27139800000000003
0.29848
0.315098
0.294502
0.28532900000000005
0.2955594
0.323787
0.2749873
0.28314
0.28184000000000003
0.270814
0.27963000000000005
0.269589
0.287575
0.267969
0.27473800000000004
0.263743
0.28912
0.28788
0.28548090000000004
0.277571
0.250743
0.291022
0.280612
0.292455
0.31417969999999995
0.2758793
0.28509280000000004
0.287647
0.31065040000000005
0.31930200000000003
0.30416
0.24131200000000005
0.284814
0.34344
0.3297900000000001
0.29410000000000003
0.214792
0.180333
0.170871
0.1710907
0.14532699999999998
0.15647370000000002
0.12951700000000002
0.10873610000000003
0.1388588
0.1227114
0.14678139999999998
0.1589067
0.1509924
0.1935537
0.13851199999999994
0.14838610000000002
0.265527
0.260822
0.28593
0.261259
0.24013500000000004
0.2659351
0.250785
0.26083
0.291932
0.27778709999999995
0.26645050000000003
0.16212300000000002
0.137988
0.12407180000000001
0.141844
0.1244402
0.1516015
0.1125065
0.13213699999999998
0.1521897
0.16372599999999998
0.1025217
0.12348
0.14213209999999998
0.22780820000000004
0.27422610000000003
0.293879
0.32293330000000003
0.33915150000000005
0.286403
0.29266
0.29987
0.30312
0.29901609999999995
0.2795726000000001
0.23519299999999999
0.1266253
0.1267762
0.14328929999999998
0.13449879999999995
0.14123629999999998
0.1649997
0.12386300000000001
0.1610061
0.137737
0.13948910000000006
0.13522620000000002
0.1494301
0.226741
0.2275230000000001
0.2329074
0.278879
0.2342748
0.2809291
0.29907
0.27704
0.288148
0.320846
0.209864
0.164597
0.17133199999999998
0.1605721
0.17018139999999998
0.15446410000000002
0.16874999999999998
0.16953610000000002
0.16076699999999994
0.14463670000000006
0.16200199999999998
0.2823748
0.313367
0.259429
0.28766699999999995
0.28531449999999997
0.25788510000000003
0.28824999999999995
0.2882
0.3005941
0.2981515
0.30896
0.32625
0.233908
0.15216499999999994
0.14704350000000002
0.15527570000000002
0.1730111
0.15877339999999998
0.1579887
0.16853169999999998
0.14450839999999998
0.1461714
0.13684749999999998
0.2237389
0.251361
0.27581940000000005
0.30943590000000004
0.25409810000000005
0.28983200000000003
0.28139400000000003
0.2773123
0.31115
0.321066
0.306026
0.2570304
0.2401286
0.23301
0.25749419999999995
0.0881746
0.1292332
0.1352119
0.14507089999999995
0.2417883
0.22868729999999995
0.203567
0.13323807
0.11221659
0.21256199000000006
0.3167348
0.2889990000000001
0.29143800000000003
0.2787949000000001
0.30214450000000004
0.2776871
0.2454917
0.2786398
0.223237
0.2360771
0.25478310000000004
0.26355470000000003
0.2747028
0.16036170000000002
0.11090800000000002
0.1043138
0.0963031
0.094552
0.08007660000000001
0.12596989999999994
0.1068798
0.0840262
0.0951595
0.2337674
0.2795267
0.2658001
0.27874049
0.22825543
0.2063466
0.2946172300000001
0.25266905
0.3026999
0.2861713
0.27047170000000004
0.2683979
0.2691139
0.28178410000000004
0.2561378
0.2545139
0.2834489
0.26110609999999995
0.2790831000000001
0.2951649
0.281186
0.2606817
0.23733289999999999
0.24771620000000005
0.259101
0.2285301
0.2411402
0.2305177
0.2952208
0.2992375
0.27319770000000004
0.27191370000000004
0.2712179
0.2382313
0.25825570000000003
0.2735948
0.2372891000000001
0.2139195
0.2217964
0.11462429999999996
0.08443339999999999
0.1114735
0.111228
0.1137638
0.16827820000000002
0.3347579
0.2621432
0.2510026
0.2576054
0.2769042
0.2495092
0.26637330000000004
0.28654250000000003
0.29973979999999995
0.2738639
0.2366512
0.27616440000000003
0.2623577
0.2303375
0.2351807
0.2338433000000001
0.219577
0.2239939
0.2543615
0.2571472000000001
0.2376499
0.16043819999999998
0.22585660000000002
0.2818104
0.26657390000000003
0.2285695
0.2360097
0.2616951
0.27762040000000004
0.274448
0.2603768
0.2681915000000001
0.22347110000000006
0.2406873
0.23676679999999997
0.2561491
0.2173752
0.22853009999999999
0.22150860000000006
0.2545689
0.28054850000000003
0.2808532
0.14827420000000002
0.1248107
0.1090623
0.0876956
0.0860303
0.141479
0.2780625
0.27420809999999995
0.2622275000000001
0.2555951
0.2348244
0.21988690000000002
0.2442837
0.2355265
0.2650087
0.2515479
0.26928070000000004
0.28321999999999997
0.25417930000000005
0.2660637
0.23935860000000006
0.26886161000000003
0.2627182
0.24310804
0.25068922
0.27540022000000003
0.29203013
0.27422392
0.2699516200000001
0.26365857
0.24725423
0.29776738
0.25375842
0.30897627
0.23785417
0.29352722
0.24205717
0.27188822
0.23991041
0.24888931
0.23371601
0.23895436
0.24210057
0.19803136
0.17473824999999998
0.19841281
0.09463631
0.07735446000000001
0.07955891
0.07336950999999999
0.10801535
0.26137226
0.32427552000000004
0.34995067
0.29990297
0.31280776000000005
0.26803156
0.27789211
0.26359021000000005
0.21842674
0.26366081
0.26814971
0.2520253100000001
0.21877951
0.22950655999999994
0.23155311
0.20572251
0.18481079
0.17967814
0.18626379
0.17329915
0.18174209
0.17591099999999998
0.2140781
0.20451164
0.21029935
0.17986014000000006
0.19311124
0.19882054
0.17258189000000002
0.18474404
0.21779234000000008
0.21916214
0.24003505
0.21775174000000005
0.22124659
0.22540434000000004
0.21853204
0.13972028
0.10013198
0.02917074
0.02597096
0.06133879
0.22410326
0.059487799999999987
0.07057059
0.07042594
0.0714185
0.05805389
0.02892278
0.04966964
0.02141828
0.02102748
0.05930463
0.07761013
0.07749924
0.14030619
0.19436414
0.07233318
0.07422734
0.04311609000000001
0.02258803
0.050060280000000006
0.01968363
0.11322309
0.21969551
0.22621416000000005
0.24556201
0.24624847
0.25385867
0.24424487
0.20314653
0.26595277
0.27624627
0.24696807
0.20767177
0.2304315700000001
0.12324312
0.05136715
0.027985340000000008
0.06700234
0.05678574
0.02704663
0.04527373000000001
0.06295238
0.0444241
0.10629168
0.032936129999999994
0.20529518
0.25436951
0.35097691000000003
0.2590884
0.28589145
0.2872661
0.27816705
0.29192111
0.26447606
0.32414837
0.34930586
0.28149611
0.25143922
0.30793561
0.30643391000000003
0.27180141
0.28664411
0.21411821
0.20016973
0.18701895
0.19123641
0.17976414999999998
0.20342339
0.24391179
0.27549717999999995
0.26234792
0.24425052
0.26351737
0.26385187
0.27395837
0.25895886999999995
0.26194821
0.24352274
0.26144147
0.21579652
0.23238672
0.38135917
0.38515583
0.38092109
0.3324771400000001
0.31047462000000003
0.30134853
0.29909683
0.26545437
0.25744855999999994
0.2729699099999999
0.27904387
0.26154607
0.26954761
0.25193015
0.23545504
0.24769038
0.30589302
0.28708490000000003
0.27144576
0.26548645
0.25676314
0.26110754
0.24646514
0.23009775
0.29553574
0.25263894
0.26915662999999995
0.27004412
0.29369814
0.30402073
0.30296718
0.27068407
0.27448162000000004
0.21907617
0.23281237
0.27561094
0.26501494000000003
0.22056253
0.24923232
0.23894457
0.25446777
0.22746231
0.22038332
0.25082497000000004
0.25127943
0.25342208
0.30047104
0.35346294
0.29084294
0.24446899
0.27842194
0.38982199
0.3812109
0.3827738
0.32135583999999995
0.28554722
0.25958231
0.25988336
0.28337237
0.20812371
0.34522231000000003
0.34526627
0.33371927
0.35685831
0.22724927
0.22265408
0.21450104
0.21301522
0.22537627
0.26785713
0.26948522
0.25670431
0.30409431
0.28672436
0.12155436
0.10483131
0.09123075
0.12059920999999996
0.09290011
0.10739996
0.10176257
0.13645677
0.12619487
0.07985706
0.2611632200000001
0.33511727
0.31858712999999994
0.27092908
0.2866280399999999
0.28618413000000004
0.24827908
0.25840667
0.2709929199999999
0.2930223200000001
0.24279833
0.23841508
0.2065510700000001
0.23257497
0.26134558
0.3453324400000001
0.26748723
0.19889378
0.17133160999999994
0.09329371999999997
0.13660867000000002
0.15904331
0.11334832
0.08567556
0.23770277
0.21312122
0.24887025999999995
0.26094241
0.27105123000000003
0.29921993
0.24389517
0.26107317
0.31939704
0.29515094000000003
0.29282894000000004
0.38558594
0.31010904
0.3200740400000001
0.2867789
0.20903894
0.20562608
0.16655118000000002
0.12026860000000003
0.13874254
0.13302457999999998
0.11655203
0.06332787000000001
0.11897976999999994
0.20743462
0.29819108
0.35145490000000007
0.31176099
0.29662708
0.26910404
0.30668913
0.33072490000000004
0.3164788
0.30187445
0.28053694
0.33692499
0.24364494
0.18247494
0.1410978
0.12913038000000002
0.11846473
0.12418894
0.17337449
0.26076368
0.21967844
0.18380383
0.16709654000000002
0.19161389
0.17143629
0.17494284
0.15660466
0.24369876
0.30476171
0.34503976000000003
0.30739439
0.26425857
0.21437566
0.29091876
0.29886285
0.3157828500000001
0.30172794000000003
0.252594
0.317631
0.20388571
0.17216376
0.18232113
0.13669452
0.1511556
0.11768777
0.12039157
0.14598837
0.12274783
0.12566708
0.18310567
0.21677362
0.27862287
0.31131833
0.2618535
0.31696699999999994
0.33368200000000003
0.3342079999999999
0.20307953
0.28495479999999995
0.28278162
0.23188494
0.2348169400000001
0.24719194
0.24727614
0.23903819
0.2124248400000001
0.20137679
0.21145169
0.26623727
0.17451474
0.20885617000000006
0.17950074000000002
0.22809202
0.20730707
0.22854023
0.24521113
0.34802299000000003
0.33021085
0.34316599000000003
0.31480664
0.24419373000000005
0.23462322
0.20546008
0.23284263
0.24391062
0.24531982
0.26793202000000005
0.3485355299999999
0.27733659
0.18443308
0.16193599
0.18343718
0.12926264
0.12112299
0.15077938000000002
0.13697184
0.13945223
0.23532483
0.19822664
0.22271704
0.35158358
0.3094943800000001
0.3435048700000001
0.3282642300000001
0.3635519400000001
0.30172198999999994
0.34689374
0.22286185000000008
0.12285799
0.0986279
0.15278113
0.13092007
0.13086697000000005
0.23780678
0.22896964
0.19825113000000005
0.24807477
0.2452410700000001
0.26274397
0.25816148
0.26418399
0.26636799000000005
0.3496979900000001
0.31465389999999993
0.3363679
0.3733288499999999
0.3859379900000001
0.39465917
0.37101108
0.4176692199999999
0.34986104
0.28561313
0.26539194
0.08868008000000001
0.11997022
0.12325677
0.14209884
0.13284959000000002
0.17106497999999998
0.13879553
0.18631749
0.16354094000000002
0.20653674
0.2623807
0.31767894
0.3173179
0.28545604
0.2778631300000001
0.27309194
0.29040207999999995
0.26451008
0.27031908000000004
0.27591808
0.26713608
0.24379127
0.24196927
0.25374122
0.27145727
0.24783113
0.2741612700000001
0.2912641300000001
0.22989327
0.28247717
0.24849989999999997
0.27663222
0.32740994
0.32528157
0.34080995
0.33871609999999996
0.33160089
0.34873854000000004
0.3578944000000001
0.30832564
0.31475564
0.32490859
0.34582573
0.32069197
0.22183552
0.23654367
0.24545907
0.27791122
0.2761067099999999
0.28557417
0.30095404
0.33647499000000003
0.33469704
0.28570085
0.38697285
0.35891813
0.13007913
0.18153417
0.12430177
0.26953308000000004
0.30147799
0.30849499
0.30492694
0.34029485000000004
0.3520199900000001
0.25139508
0.23022817
0.25034913000000003
0.26838813
0.29459204
0.2835429
0.28248399
0.31194590000000005
0.22969308
0.21167004
0.1939435300000001
0.21463403
0.17883282
0.18273828
0.19968788
0.20166104
0.21906508
0.35681622
0.3562181300000001
0.32642713
0.29424504
0.27376413
0.27074913
0.24472522
0.29649521999999995
0.29118722
0.31019122
0.31332717
0.30449312999999995
0.29955712999999995
0.24382813
0.2699899000000001
0.30047612999999995
0.28781208
0.24524804
0.27148904
0.26702
0.33342200000000005
0.3054560000000001
0.34343500000000005
0.34343
0.30709176
0.3131458000000001
0.31319799000000004
0.33412013
0.30660894
0.31492713
0.33423904000000004
0.34642812999999995
0.33401704000000004
0.33974113
0.38098222
0.36993213
0.31810531
0.36210627
0.4026692700000001
0.21554541
0.28835941
0.28877804
0.31814213
0.27200217
0.29308922
0.32117027
0.33297217
0.34095227
0.32790127
0.2883052700000001
0.29545727
0.26786913
0.26655513000000003
0.27879922
0.25689299
0.31099799
0.3041759
0.29790299
0.14868608
0.33320007999999995
0.32218008000000004
0.2946380799999999
0.29250213
0.26361722000000004
0.26613622000000003
0.28357027
0.31618527
0.29218027
0.27271612999999995
0.32611017
0.33163794
0.3061060800000001
0.29255594
0.27794104000000003
0.28551117000000004
0.24760717
0.25211817
0.24658517
0.25545213
0.25238217
0.28893216999999993
0.28452608
0.25198031
0.24651827
0.24389422
0.24613131
0.27798422
0.27978322
0.22732617
0.25921313
0.24078313000000004
0.20968927000000004
0.24311222
0.21252836
0.20047331
0.23791136
0.21262831
0.24455427
0.24790313
0.25868827000000005
0.22978527
0.23721608
0.25748317000000004
0.26527204
0.24521604
0.24900399
0.22460813
0.22948627
0.26743908
0.26975413000000004
0.28564917
0.27292822
0.35962630999999995
0.33315322
0.32535317
0.30673827
0.33469231
0.32087131
0.34786841
0.34437731000000005
0.31061422000000005
0.31495417
0.31913121999999994
0.27248916999999995
0.27383722
0.30613936
0.24539217
0.25495022
0.27272622
0.24635117
0.22087379999999998
0.17507908
0.14615122
0.11078973
0.14308592
0.15443696999999998
0.19732902
0.16971627
0.16957526
0.11731841
0.08300692
0.09279187
0.10961522999999998
0.09036883
0.11625684
0.30014694
0.32323999000000003
0.29697504
0.29331113
0.22770604
0.21282222
0.23317022
0.19459931
0.21586836
0.12491027
0.12249981
0.28300696000000003
0.18548121
0.09706426
0.12613312000000002
0.10741516
0.13611331
0.10590231
0.10145751
0.08727998999999999
0.14357155
0.36964011
0.36528227
0.39349737
0.4036542200000001
0.4064532699999999
0.43042836
0.43326531
0.43306722
0.43400913
0.42203722
0.4279381700000001
0.40530517
0.40715527
0.07379327
0.07612839999999997
0.24647467
0.28350476
0.28177496
0.27717967
0.26428742000000005
0.21663731
0.10036806
0.09506041
0.11911115
0.12387767
0.25157336
0.29544331
0.30443927
0.3291331699999999
0.26156508
0.28486522000000003
0.28875917
0.28923127
0.25907531
0.27800427000000005
0.28850617
0.31624127
0.31087617
0.3182731300000001
0.36154327
0.33155721999999993
0.27679722
0.26128831
0.28441913
0.2920200399999999
0.27012213
0.26077417
0.28222304000000004
0.26314513
0.25426427
0.23000608
0.35188713
0.34901294
0.32410704
0.28305385000000005
0.2313269
0.27746617
0.26555422
0.28948913
0.28465773
0.27649722
0.30740722
0.30514527
0.27967522
0.25393931
0.27381630999999995
0.22641327
0.22351627
0.2974932200000001
0.31143131
0.33993931000000005
0.31094813000000004
0.14083913
0.28855008000000004
0.30283903999999995
0.3237011699999999
0.3887580000000001
0.435425
0.4212810000000001
0.285206
0.25909000000000004
0.295248
0.34472800000000003
0.236487
0.27287300000000003
0.282249
0.320998
0.41498100000000004
0.400406
0.4013600000000001
0.365248
0.285537
0.33535
0.17000300000000002
0.024991
0.026272000000000004
0.025352
0.025981
0.17599860000000006
0.181675
0.26885200000000004
0.292982
0.262293
0.17710800000000002
0.181859
0.157775
0.13228399999999998
0.16974899999999998
0.317716
0.3370484
0.30880759999999996
0.31139540000000004
0.2972735
0.2774547
0.240159
0.2381699
0.2885086
0.2879158
0.33412899999999995
0.34727199999999997
0.35002300000000003
0.288629
0.356414
0.390204
0.36452
0.330735
0.34584200000000004
0.3462880000000001
0.26054099999999997
0.281785
0.341967
0.43292294
0.33967938
0.33769976999999995
0.38090656
0.20768675
0.38968147
0.2459201000000001
0.22917978
0.24911334
0.19719899
0.19864209
0.33530221
0.31743916
0.21659558
0.34937970999999995
0.38269821
0.4235457600000001
0.41828071
0.3802855600000001
0.27259444
0.32969404
0.22517644
0.27111404999999994
0.39019407
0.41152079999999996
0.4279999
0.41748811
0.37793806
0.41765956
0.23927967
0.22370512
0.17806041
0.08198804
0.0491749
0.03137328
0.03215738
0.00612212
0.00578233
0.00933842
0.32736524
0.4100120999999999
0.39687951
0.30641764
0.30584354
0.42439245
0.4017329
0.30940229
0.24790292
0.2219985200000001
0.21113118
0.21074287
0.21687716
0.20961748
0.26289248
0.21445358
0.22722702
0.22316892
0.21461897
0.21304387
0.21227797
0.20728797
0.21076717
0.26786082
0.34081778
0.35104568
0.35875972999999994
0.41631954
0.41454545
0.32750959
0.33478968
0.31326968
0.29976178
0.22567682
0.22572232
0.22071982
0.22952777
0.21666487
0.21804067
0.22022062
0.21911243
0.25452472
0.23434148
0.22630923
0.29816868
0.42357964
0.4032945
0.41945545
0.33585259
0.34142072999999995
0.31668564
0.26814664
0.34499768
0.29412864
0.15544073
0.00115682
0.03531801
0.00025749000000000003
0.1384832
0.00025839999999999994
0.18067654
0.18266605
0.17388610000000002
0.23157515
0.21909275
0.1999769
0.09241556
0.195713
0.28751501
0.30053868
0.23485478
0.38165582
0.33503482
0.27941982
0.22441978
0.28408864
0.4310203100000001
0.4365693600000001
0.38939131
0.05345608
0.02073611
0.01093974
0.01171824
0.00771448
0.012858530000000002
0.02369804
0.013815739999999998
0.03410235
0.04290654
0.04699254
0.04758054
0.04817105
0.0435675
0.2974074999999999
0.3073113600000001
0.35283936000000005
0.3800262700000001
0.17701950000000002
0.27912854000000004
0.29909854
0.42312422
0.42240527
0.36041845
0.30466554
0.15162445
0.02864858
0.02708904
0.01179193
0.02054448
0.02003993
0.02724815
0.20227607
0.03618689
0.034467559999999994
0.024290400000000004
0.01989909
0.01410324
0.21551201
0.24166614
0.23936864
0.38612665
0.3554517600000001
0.15380529999999998
0.26593244
0.35714317
0.15155824999999998
0.15866249
0.15862734
0.16197494
0.15877879
0.16201714
0.16153559
0.15893958
0.0005226300000000001
0.00445432
0.00390868
0.01962604
0.01818674
0.01513938
0.07496373999999999
0.3625857100000001
0.37577921
0.17692711000000005
0.25189234
0.37654676
0.3613726600000001
0.16787116000000002
0.21213834
0.20579944
0.01634316
0.08297554000000001
0.01938648
0.04559429
0.06085294
0.04114009999999999
0.04576315
0.06456765
0.0474974
0.05562731
0.05149516
0.06043101
0.0548453
0.05070604
0.05358586
0.31966851
0.38472257
0.31677638
0.24167332
0.22319196
0.22807296
0.24181886
0.1997006
0.304607
0.13813844
0.08374563
0.09113388
0.08852352999999999
0.09712884
0.09820183999999996
0.10111593
0.09469903
0.10043198
0.09382994
0.09505218
0.09114508
0.09061903
0.08290928
0.09073484
0.28476056
0.4042737599999999
0.40899761
0.3426202099999999
0.2692352
0.3225772
0.36478825
0.37432921
0.34236045
0.2158105
0.14135419
0.13387414
0.13407114
0.09958819
0.09062703
0.14851549
0.13857018999999998
0.10845339
0.09899094
0.1125233
0.10792699
0.10110729
0.10316749
0.10406614
0.2769287
0.4271884
0.35078765
0.27022454
0.26266579
0.27329499
0.30055354
0.42630025
0.3777531
0.35864624
0.35863979
0.33820364
0.09790999
0.07459864
0.09713844
0.10122909
0.01115609
0.00995492
0.00508633
0.00480073
0.10565888
0.30901191
0.33368122
0.24884767
0.23331157
0.3135140737
0.30117173
0.12462941
0.01369894
0.008617743700000001
0.01324074
0.01256464
0.07378166
0.23404485
0.21198866
0.19682472
0.22907571
0.22041145
0.20793855
0.1950762137
0.06262621
0.063314817
0.05486205
0.0568775
0.0690814
0.22299465
0.32742391
0.42485051
0.38105521
0.35717451
0.36101212
0.28045782
0.12187035
0.05215105
0.04783085
0.16268180999999998
0.24901201
0.35982971
0.34189087
0.17428082
0.19581241
0.21190651
0.04781139
0.045672440000000016
0.04407069
0.04381531
0.04544144
0.04185214
0.04618424
0.0872163
0.40501891
0.35239001000000003
0.20464241
0.19495171
0.29842311000000005
0.39263667
0.30861597
0.09080996
0.05334421
0.05704334
0.05292194
0.06312639
0.207808
0.2156499
0.21364610000000006
0.225752
0.39522887
0.31895976000000004
0.20711841
0.06233730000000001
0.047271940000000005
0.04664074
0.05053724
0.10038264
0.2382504000000001
0.23093825
0.21398324
0.38863091
0.37181347
0.15778736
0.05255425
0.04678225
0.0490538
0.04903814
0.05035853999999999
0.1273257
0.20777091
0.22593520000000006
0.22303015
0.23651260000000002
0.24673545
0.30764531
0.38849572
0.33309196
0.17771114999999998
0.15582089999999998
0.16893870000000002
0.10649114
0.17012185
0.1830321000000001
0.15943219999999994
0.19693495
0.2053761
0.1575631
0.017603340000000002
0.01652445
0.01998155
0.01156014
0.007231699999999998
0.08522300000000001
0.24718166
0.37942861
0.34071461000000003
0.13843416
0.20454945
0.35366507
0.37722247
0.18936916
0.01817645
0.0055157800000000005
0.015602989999999997
0.37830396
0.43563483
0.43762317
0.41137774
0.3683660700000001
0.31618299
0.4043618400000001
0.31841884000000004
0.11495796999999998
0.02366716
0.0156
0.013178439999999998
0.13450595
0.22933531
0.16331071
0.1903634
0.19919425
0.17838064999999995
0.10689094
0.01232209
0.012040890000000002
0.01148249
0.01855304
0.0262441
0.020464139999999995
0.12884040000000002
0.17089190999999998
0.21178925999999995
0.29284531
0.4029550100000001
0.4137008700000001
0.37589032
0.17684
0.014021
0.14298129999999998
0.0407898
0.005225500000000001
0.12092
0.22163900000000009
0.25426689999999996
0.2812779
0.26515520000000004
0.2357922
0.0637433
0.0236418
0.0107185
0.0063229
0.005445500000000001
0.0004835
0.1435346
0.1667003
0.3717802
0.2653069000000001
0.17330310000000002
0.3453812
0.35135659999999996
0.2133086
0.0286127
0.0211898
0.0167734
0.005105599999999999
0.1072548
0.15502190000000002
0.14882280000000006
0.160394
0.19342
0.2079738
0.1968604
0.1871725
0.0960727
0.017735
0.017925
0.0107736
0.10824589999999998
0.1696056
0.16216800000000006
0.1923341
0.17347520000000002
0.22502880000000008
0.2056756
0.2057067
0.2025355
0.1875584
0.0547344
0.047592400000000014
0.1465605
0.2549324
0.2465654
0.2326137
0.1871983
0.1552396
0.1324253
0.040308300000000005
0.03706519999999999
0.04397
0.040144599999999996
0.039044
0.1662862
0.27056329999999995
0.26374050000000004
0.2781918
0.2163303
0.26922460000000004
0.2650973
0.2703593
0.27017430000000003
0.2017071
0.0924713
0.030634500000000002
0.1592953
0.18046160000000008
0.18096650000000009
0.2148567
0.21525970000000005
0.2278943
0.20825170000000004
0.08340229999999997
0.035410500000000004
0.0909022
0.08567259999999999
0.08785209999999999
0.1908435
0.1809129
0.2639037
0.29723340000000004
0.2858299
0.25372510000000004
0.1822513
0.13828410000000002
0.1207113
0.0764206
0.07688220000000001
0.0694922
0.2178133
0.2805196
0.29798050000000004
0.3027265
0.2424422
0.2269795000000001
0.16946340000000001
0.0934575
0.0003815
0.004128700000000001
0.0041273
0.0086454
0.007310100000000002
0.0120964
0.007105199999999998
0.010402
0.0075452
0.0071068
0.005437699999999999
0.0033879
0.0003605
0.0031992
0.0036211
0.0034243000000000003
0.004080100000000001
0.0038608000000000006
0.0003786
0.0038664
0.0113198
0.013554399999999998
0.0154079
0.0190542
0.012905200000000002
0.006772199999999999
0.005072999999999999
0.0027723
0.0026295000000000003
0.0029265000000000003
0.003356
0.007771699999999999
0.0061408
0.0108141
0.0133488
0.016041999999999997
0.0219918
0.04397089999999999
0.045944
0.0390361
0.0404116
0.048044300000000005
0.0474748
0.045547
0.0455795
0.0451452
0.0402896
0.0392429
0.040050999999999996
0.040045300000000006
0.0396962
0.0362992
0.0404416
0.1657011
0.1621273
0.0464516
0.042903
0.0415275
0.041016800000000006
0.0600045
0.06653830000000001
0.0691724
0.059797400000000014
0.0586265
0.1412424
0.048328699999999995
0.05413380000000001
0.054835
0.0565806
0.047555599999999996
0.04809019999999999
0.0109803
0.009202
0.100277
0.0938103
0.0955078
0.08706
0.1160996
0.2047014
0.1899785
0.139456
0.1141203
0.10032499999999996
0.08042529999999999
0.0841309
0.1035271
0.10137530000000004
0.0994174
0.1838248
0.2022519
0.1934904
0.195374
0.17448400000000006
0.040972
0.0386585
0.0390754
0.0392951
0.1078268
0.0632774
0.07043830000000001
0.057042499999999996
0.07775760000000001
0.1194218
0.0461522
0.0424747
0.0433235
0.0460974
0.040035
0.0405875
0.042019
0.0429739
0.0413611
0.041311400000000005
0.0408867
0.1899557
0.2650418
0.288473
0.3019546
0.2625342
0.1969023
0.07806619999999999
0.010142599999999998
0.2175038
0.050613000000000005
0.05382230000000001
0.07267649999999999
0.005139499999999999
0.0025444
0.0016634999999999998
0.0038619
0.004858799999999999
0.0081346
0.0084176
0.0078984
0.007344499999999999
0.0071024
0.0043743
0.003534
0.0131998
0.0108042
0.0213909
0.018712
0.022443999999999995
0.0344754
0.0298563
0.0250574
0.0267031
0.0191764
0.0105869
0.0043276
0.004029
0.0006188999999999999
0.0005788999999999999
0.0005817
0.0007124
0.06501989999999999
0.0724432
0.1090589
0.11341330000000001
0.10707539999999999
0.1064977
0.0993805
0.0996719
0.0936094
0.0910018
0.0921241
0.08696789999999999
0.08418590000000001
0.07907040000000001
0.0726523
0.11233599999999999
0.08363580000000001
0.06924680000000001
0.037086400000000005
0.0330016
0.0120253
0.1569175
0.048017199999999996
0.0346171
0.089759
0.0951924
0.07053659999999999
0.06985010000000001
0.0114748
0.027585
0.0309139
0.036706800000000005
0.0352244
0.0299097
0.032265300000000004
0.028447399999999998
0.0399419
0.04101200000000002
0.04833499999999999
0.0018559999999999998
0.00042060000000000003
0.0003529
0.01535
0.07617
0.10932599999999999
0.112468
0.098632
0.094136
0.090224
0.092174
0.101446
0.102083
0.10925699999999999
0.115352
0.12392
0.164463
0.291091
0.413833
0.411937
0.409956
0.405541
0.416091
0.416696
0.422944
0.416949
0.138158
0.134165
0.138181
0.127118
0.25271
0.288789
0.297452
0.295871
0.2945157
0.09912
0.09509
0.15829700000000002
0.34552
0.422736
0.404939
0.128004
0.10810399999999999
0.11901776
0.13632576
0.14104858999999995
0.1209261
0.11435101
0.10446715
0.12171010000000003
0.13868305
0.36538719
0.33326775
0.36269329
0.38281819
0.4000951500000001
0.39197815
0.40589515
0.4051021
0.40408315
0.4084031
0.35786100000000004
0.26731
0.30839
0.362875
0.3522949
0.3757801
0.3930637
0.3923225
0.3894899700000001
0.4236217000000001
0.36232546
0.22763336
0.06559543000000001
0.07521549000000001
0.07914858999999999
0.07111518999999998
0.07309304000000003
0.07659044000000002
0.08024074
0.06245049
0.06897033000000001
0.10427750000000001
0.2447488
0.09042389
0.10477123000000002
0.11395694
0.09084069
0.09163755
0.10519665
0.10906965
0.11627485
0.1200881
0.11235529
0.09669119
0.09795649
0.06906125
0.07608604000000001
0.10470959000000002
0.10547315
0.06154575
0.10158019
0.09297969
0.09887849
0.16447119
0.09949019
0.09196619
0.09132929
0.08767219000000001
0.11564579
0.09638528999999996
0.07284624
0.05887229
0.15788723999999998
0.20655815
0.22391119
0.1878701
0.21971419
0.21219915
0.20803915
0.20048815
0.19764719
0.20069815
0.2008861
0.21263005
0.22888505
0.2417551
0.2319841900000001
0.2273601
0.22866215
0.22200015
0.21105819
0.20350515
0.06375615
0.07926519
0.08661519000000001
0.08282524000000001
0.10342719
0.08490015
0.08121105
0.09779219
0.08999519
0.09575515
0.10436024
0.11574015
0.10311819
0.08128418999999999
0.09927719000000004
0.17479719
0.13788719000000002
0.16302529
0.07083433
0.06108229
0.06178429000000001
0.07924733
0.10168019
0.08616819
0.08325224
0.07375429
0.07062024000000001
0.06973629
0.07458533
0.08012533
0.06107929
0.32121624000000004
0.36343119
0.36472724
0.06863324000000001
0.08555428999999999
0.08567628999999999
0.07980419000000001
0.09203719
0.08254424
0.07139629
0.07010124000000001
0.10296219
0.10448424
0.08621219000000001
0.07462119
0.06449428999999998
0.08780529
0.08544824000000002
0.08794219
0.08282819000000001
0.07188219
0.10896819
0.09931819
0.09419224
0.08448024
0.07192524
0.07194519
0.09434315
0.10103719
0.09928115
0.08879414999999999
0.1103711
0.08438024000000001
0.08379824000000001
0.10382319
0.10540515
0.0917681
0.0961971
0.0932251
0.11764992000000002
0.11880396
0.09095405
0.0783561
0.06965310000000001
0.06638510000000003
0.06840387
0.16907496
0.14290596000000005
0.17230692
0.16685196
0.20397187
0.22982296
0.11437701
0.1075481
0.10321910000000001
0.06449100999999999
0.15774492000000004
0.17291000999999998
0.07180992
0.11482396
0.11011295999999997
0.15162501
0.15493301
0.11866792
0.15699796
0.11678096
0.07100100999999999
0.07428700999999999
0.06768815
0.06803519000000001
0.07396715
0.09632915
0.10555601
0.06489324
0.05771624
0.05832624
0.07587719
0.06800624000000001
0.05875815
0.06548819
0.06552414999999999
0.06286419000000001
0.07099196
0.29400481999999994
0.29782482
0.29180578
0.15070101
0.16237885
0.16165740999999995
0.13316065
0.12317695
0.18575181
0.15543171
0.16926966
0.17154776
0.14350191
0.12564804999999998
0.12653791
0.16846512000000002
0.16313095
0.17695259
0.12911979
0.16212348999999998
0.16667710000000002
0.16644995
0.16367901
0.16618971
0.13225481
0.1283351
0.12484499999999996
0.12190009999999996
0.11943605000000004
0.12530181
0.12390094999999998
0.12599215
0.19495905
0.32439225000000005
0.25501921
0.14080105
0.14933079999999999
0.1162499
0.11589319
0.11404705
0.12336129
0.1268122
0.13493415
0.119848
0.27187886
0.24526276
0.1239548
0.16738989999999998
0.120899
0.12435605
0.1271879
0.12455969999999998
0.1245319
0.1224289
0.1578356
0.1257959
0.1222408
0.1205759
0.1136298
0.1106048
0.1036
0.1462
0.05725
0.1128
0.17915
0.15624000000000002
0.04517
0.17926
0.04547
0.1217
0.16338
0.14295
0.09021
7.153e-05
8.106e-05
7.725e-05
7.82e-05
7.057e-05
7.629e-05
7.534e-05
0.08545
0.4302
0.4219
0.43796
0.4023
0.2549
0.191037
0.3354
0.41575
0.24585
0.2505
0.25
0.396
0.4312
0.4209
0.4053
0.3359
0.002705
0.0008183
0.00022030000000000004
0.0001698
0.0002041
0.0001745
0.0001888
0.00017930000000000002
0.1372
0.33492
0.28088
0.21091
0.413477
0.4313360000000001
0.43375699999999995
0.4268527
0.3343098
0.329936
0.3853516
0.3872413
0.447895
0.4268326
0.42354790000000003
0.3909516
0.3674449
0.0848854
0.004032
0.0008449
0.0006561
0.0842876
0.0454647
0.0878028
0.17793199999999998
0.429174
0.4281950000000001
0.3911064
0.3925559
0.2284683
0.16233679999999998
0.1518234
0.202852
0.1540559
0.16422720000000002
0.14474440000000002
0.1186206
0.002801
0.0153607
0.0178899
0.023715200000000002
0.024595699999999998
0.033598199999999995
0.4060515
0.40737490000000004
0.40536
0.4094429
0.34966519999999995
0.35587409999999997
0.37567
0.3573514
0.3620044000000001
0.4179715
0.42812619999999996
0.3950905
0.379879
0.3918839000000001
0.3931067
0.3734551
0.38208190000000003
0.3701137000000001
0.3814243
0.410652
0.3906402
0.409531
0.40474899999999997
0.4092693
0.41555299999999995
0.4046239
0.3886277
0.4307101
0.410329
0.4041587
0.3942814
0.3888567
0.3610171
0.38985011
0.4261767
0.4687335
0.4697744
0.4266577
0.18786590000000009
0.13329220000000006
0.09317919999999999
0.1112942
0.06818550000000001
0.08259419999999999
0.047371300000000005
0.038635400000000014
0.041285300000000004
0.0485999
0.045848
0.0469089
0.048914700000000005
0.0371798
0.030815500000000006
0.0340356
0.0316974
0.0312817
0.033279300000000005
0.040200400000000004
0.0302517
0.031164599999999997
0.0583427
0.049701
0.2031048
0.0341209
0.033908100000000004
0.0366575
0.035243199999999995
0.0432599
0.0371922
0.0356223
0.039224600000000005
0.0395923
0.0405579
0.0385542
0.0396989
0.043076100000000006
0.0393551
0.0407008
0.03909750000000002
0.05182320000000002
0.0406779
0.040697
0.047693200000000005
0.15792779999999998
0.1813516
0.34370209999999995
0.3726964
0.2743312
0.1445507
0.0764449
0.057481100000000014
0.06637760000000001
0.0593919
0.055284300000000015
0.05722090000000001
0.05723530000000001
0.05752860000000001
0.05515619999999999
0.0565538
0.0589605
0.0568557
0.060296700000000016
0.06381659999999999
0.042015300000000005
0.0429314
0.0416606
0.146872
0.044450300000000005
0.1670102
0.2024425
0.3684678
0.3593064
0.28376159999999995
0.0817921
0.0689675
0.0649636
0.29769480000000004
0.2250453
0.1992405
0.1866615
0.1705234
0.1644906
0.1884634
0.1205595
0.0586961
0.06114780000000001
0.0630637
0.2017709000000001
0.2069971
0.2002277
0.22789720000000002
0.3469662
0.2930511
0.30358779999999996
0.2975853
0.334108
0.29937590000000003
0.2981287
0.30536440000000004
0.31954920000000003
0.3970087
0.42750070000000007
0.431344
0.3941168
0.4474473
0.30520390000000003
0.2256843
0.2634907
0.2643348
0.2556158
0.3375835
0.43292309999999995
0.4183388
0.42382939999999997
0.391573
0.4175893
0.363324
0.4169146
0.3939035000000001
0.3240002
0.3025625
0.3215892
0.32455759999999995
0.2750033
0.320948
0.3655487000000001
0.43710540000000003
0.4312382000000001
0.4073973
0.3022989
0.4271506
0.4351978
0.4203863000000001
0.4262705
0.347083
0.3443054
0.4380901999999999
0.4242559
0.4290305999999999
0.4219729999999999
0.38330349999999996
0.3838765
0.4175143
0.3692611
0.30942159999999996
0.2354668
0.32141970000000003
0.32170770000000004
0.3129811
0.3257418
0.39570609999999995
0.44794490000000003
0.4486763
0.4413282
0.4206006
0.286075
0.2081043
0.2163382
0.3637244
0.34195250000000005
0.4275401
0.4233646
0.4173345000000001
0.4163754
0.4154006
0.3639939
0.4067911
0.4076630000000001
0.3360211
0.2292658
0.4290843999999999
0.4244734000000001
0.4385797000000001
0.41516590000000003
0.4134039000000001
0.33480920000000003
0.3328811
0.3688239
0.4028364
0.4330416
0.3007754
0.2103672
0.3478334
0.3326792
0.3268897
0.3055203
0.384714
0.40816399999999997
0.361433
0.3937068
0.4075006
0.4263897
0.4015949
0.2679338
0.3162038
0.3190337
0.3408993
0.341206
0.39334600000000003
0.4099997
0.3279752
0.2896893
0.3402949
0.274193
0.1939152
0.17877220000000002
0.28412919999999997
0.3771468
0.42414830000000003
0.370314
0.32136679999999995
0.4098097
0.4123388
0.31462490000000004
0.3973402
0.4250826
0.36545679999999997
0.2672396
0.35315299999999994
0.181263
0.30576960000000003
0.3883587
0.41708779999999995
0.3996011000000001
0.32790060000000004
0.34034689999999995
0.3365154
0.288451
0.17311949999999998
0.243961
0.3386372
0.3147129
0.3040711
0.3688868
0.4311033
0.436363
0.3003544
0.39443649999999997
0.4146741
0.35124910000000004
0.2351937
0.2719531
0.4079967000000001
0.4344974000000001
0.4308674
0.4318869000000001
0.4136446
0.400293
0.3693468
0.3804068
0.3878944000000001
0.43937380000000004
0.4358013000000001
0.4366015999999999
0.4296402
0.4471137000000001
0.388253
0.33159299999999997
0.3431444
0.3320212
0.3117856
0.3332612999999999
0.4130977
0.4227495
0.3965439
0.3958105
0.3826342999999999
0.3184756
0.3753293
0.31517579999999995
0.3750378
0.39857370000000003
0.30094540000000003
0.2732988
0.2884589
0.3996423
0.4237048000000001
0.417854
0.438938
0.4198454000000001
0.41500159999999997
0.366832
0.3249287
0.3268415
0.3190268
0.3858897
0.4093188
0.3065335
0.3558211
0.4158559
0.34949450000000004
0.2785092
0.403532
0.44187570000000004
0.4352466999999999
0.4329842
0.4191536999999999
0.4287249000000001
0.37695490000000004
0.26759499999999997
0.2872563
0.1811782
0.17881
0.1769466
0.1780128
0.220534
0.3050511
0.30580820000000003
0.31562729999999994
0.3957407
0.3931673
0.26079680000000005
0.2932668
0.18423670000000006
0.1781565
0.0831743
0.1515852
0.2279286
0.3265235
0.32123830000000003
0.3285493
0.2100292
0.2231478
0.29413140000000004
0.3869055
0.3667336
0.22277410000000009
0.0575757
0.21767979999999998
0.226769
0.29747080000000004
0.31247090000000005
0.2963546000000001
0.3854208
0.3279322
0.3659988
0.169524
0.1818561
0.1904669
0.1881468
0.18657079999999998
0.1763831
0.24142110000000006
0.2834406
0.30757779999999996
0.3768907
0.3985869
0.3440883
0.2925807
0.2216528
0.2106703
0.1980781
0.2095899
0.2093576
0.26221679999999997
0.3031659
0.30212680000000003
0.2969254000000001
0.30683059999999995
0.2975159
0.3498559
0.2306914
0.1865954
0.1818002
0.2593728
0.34630059999999996
0.29755859999999995
0.32545670000000004
0.29475519999999994
0.33434559999999997
0.3698675
0.3450208
0.2770045
0.3327299
0.3591145000000001
0.3122611
0.3321711
0.34066100000000005
0.3456421
0.3279714
0.290325
0.28340124
0.26823369
0.23307222
0.20184988
0.21559693
0.20697058
0.20029592
0.1994443800000001
0.23751473
0.19390826
0.19468404
0.19626142
0.24006919
0.23720451
0.21700937
0.2147403
0.31975646
0.32342917
0.34270518000000005
0.34610813
0.36346147
0.34738347
0.31006023000000005
0.3387703099999999
0.3059537600000001
0.32025595
0.3047353800000001
0.2889335600000001
0.13113428000000002
0.20628507000000004
0.21209534
0.23033622
0.22091757
0.22492058000000004
0.1953273100000001
0.18965299
0.21463687
0.27919971
0.20042857
0.19711533
0.25649791
0.30450723
0.33128864
0.33690460999999994
0.31677168
0.33212899
0.30444234000000003
0.30897922
0.32946445
0.32965167
0.34249942
0.32041558000000003
0.35985749
0.32480892
0.34681515
0.34391561000000004
0.3327995
0.32197757
0.32746131
0.31487656
0.33085183
0.38252935
0.37527955
0.30570334
0.32200481000000003
0.3319308
0.33689126
0.32852275000000003
0.33754952
0.34493588000000003
0.39554607
0.39379652
0.40133239
0.38938138
0.37293248
0.37049127
0.23558828
0.23423356
0.26033393
0.23159353
0.24145749
0.32655032
0.34047296
0.33812736000000004
0.36213109
0.39637709
0.37719029
0.38584043
0.3251787099999999
0.33607796
0.34419148
0.37609791
0.37944114
0.35806217
0.37165431
0.3556415800000001
0.3932078800000001
0.3246423600000001
0.27283664
0.27621260000000003
0.2240167
0.27393999
0.2506988
0.31335121
0.21342506000000008
0.3098921000000001
0.35839780000000004
0.4563881
0.4428662
0.4237081
0.4296427
0.3673583
0.3397611
0.4349136
0.42822092
0.44582597
0.42301859999999997
0.40650144
0.3936442000000001
0.28150411
0.30230581
0.39645007
0.41347597
0.33068012
0.27036737
0.27166436
0.26402926000000004
0.34201446
0.42222457
0.42358792
0.41607727
0.43754537
0.4436677699999999
0.43481867
0.43578777
0.45183156
0.42874125
0.38383881
0.43605929
0.4244325000000001
0.36839036
0.3940671299999999
0.39313897
0.37415907
0.33065106
0.3804563
0.39759326
0.41006406
0.40546058
0.39982904
0.38695523
0.3189259
0.4182828
0.38684862
0.36550048
0.40386488
0.41740277
0.4379695100000001
0.41446808
0.38263661
0.39118803
0.39603283
0.37312573
0.38821676
0.37930857
0.38245241
0.36355121
0.36201376
0.38334201
0.3529983800000001
0.4413400300000001
0.38844504
0.3605933300000001
0.41684284
0.37988417
0.3944969
0.19702854
0.17993767
0.3904842
0.38000936
0.38984058
0.32429704
0.26560774
0.22576534
0.3822543099999999
0.3742074200000001
0.42491751
0.46435463
0.47399593
0.4784627699999999
0.4344711299999999
0.43406326
0.44096479
0.44956557
0.4299056900000001
0.44696822
0.42145173
0.4175783300000001
0.40695922
0.38541471
0.23169488
0.20200392
0.25426151
0.23461928
0.19399178
0.24422508000000004
0.17150137
0.34462689
0.4049283500000001
0.35323315
0.27711075
0.35875079
0.33734250000000005
0.37155775
0.37891726
0.37418566
0.376128
0.3790902900000001
0.38245295
0.23255331
0.20019438
0.28269077
0.32846943
0.3746293999999999
0.37844872
0.31879089000000005
0.3395866200000001
0.33668275000000003
0.3543333100000001
0.3857064
0.34878454000000003
0.30894258
0.32340665
0.31354810000000005
0.23201623
0.22408196
0.30845783
0.36913238
0.3707032800000001
0.32759752000000003
0.3950679
0.39710024
0.34235506
0.37583337
0.40057001
0.43883035
0.41453862
0.38875695
0.40708929
0.45514804
0.41656775
0.43660405
0.4177040200000001
0.4372228
0.44629418
0.44003824
0.43377847
0.4421249099999999
0.44775618
0.4316840500000001
0.42442574
0.45241099
0.43565203
0.32626619
0.3971119400000001
0.40509809
0.414955
0.4020284000000001
0.29171810000000004
0.2068106
0.2086633
0.2617615
0.2423252
0.2613789
0.23065329999999998
0.2446487
0.2542498
0.2005376
0.1861455
0.2722703
0.27099828
0.28720214
0.39898224
0.41912734
0.40431459
0.32449139000000005
0.4071214
0.3818921
0.3868223
0.3828493
0.3673276
0.35222600000000004
0.34840530000000003
0.3259566
0.33937480000000003
0.3416653
0.3229902
0.3630116000000001
0.35846490000000003
0.3698098
0.3840875
0.31028599
0.4102755
0.42555104
0.4065032
0.42450131
0.424717
0.4065873
0.4245932000000001
0.4105017
0.393323
0.4272438
0.43032228
0.4289363299999999
0.42510087
0.4104723
0.42005177
0.41993217
0.33696431
0.34832871
0.33963109999999996
0.32884061
0.34395815
0.36682829
0.30277396
0.42025041
0.4183624200000001
0.43496427
0.43335932
0.43654042
0.43444607
0.42959087
0.41607661
0.43247267
0.43231072
0.40944453
0.42685142
0.41845687
0.37896111
0.37269181
0.39496221
0.3456787100000001
0.22088751
0.25027336
0.22465922
0.22877063
0.28998121
0.22125617
0.22239697
0.25078167
0.34394537
0.34387387
0.35018151
0.3657686700000001
0.36303963
0.3752730800000001
0.38871638
0.34725118
0.32032262
0.31904133
0.33064833
0.22201527
0.22022843
0.26734653
0.21692218
0.24343023
0.26019348000000003
0.26765309
0.27162604
0.26185839
0.24836934
0.17442264000000002
0.18939293
0.19497106
0.33379056999999995
0.33771106999999995
0.32023946000000003
0.46818661
0.4637412699999999
0.46270012
0.47436857
0.4452165
0.38294128
0.38794642
0.40411501
0.34642361000000005
0.17086327
0.25276951
0.18156971
0.18617591
0.14286732
0.14694831
0.14597542
0.14653967
0.23871888
0.23702699
0.26073785000000005
0.27001529
0.37904133
0.31664894
0.4135486
0.36752604
0.30665463
0.36764989
0.37703824
0.2079614800000001
0.28677794
0.26844514
0.29792803
0.11065233
0.06861851999999999
0.06490071
0.13111167
0.28222063000000003
0.27495733
0.28212307000000003
0.03481722
0.28282148999999995
0.29264248
0.28866904
0.29062838
0.31363299
0.37723614
0.36761374
0.44680999
0.42563835
0.42306001
0.4165554
0.39869524
0.35568104
0.31850289
0.25776144
0.03632154
0.31859414
0.31420949
0.28204944000000004
0.27708554
0.29667184
0.27261905000000003
0.28139040000000004
0.27616405
0.26905325
0.27847805
0.30962995
0.30900964
0.31601870000000004
0.39629165
0.3664539
0.3971342
0.3705701
0.3737036
0.2583017
0.2753262
0.3784648
0.3968202
0.3141673
0.2977502
0.3990886
0.37554599
0.29836654
0.17287349000000002
0.15639004
0.11761744
0.15404816999999998
0.03658493
0.19414744
0.30382602
0.31245417000000003
0.24985571
0.26952371
0.34464546
0.34794501000000005
0.35355726000000004
0.32822155
0.31526695999999993
0.32816441
0.32886637
0.35589037
0.33526226000000003
0.32961015999999993
0.33702161
0.33975001
0.19807184000000005
0.23672136
0.21808575
0.21703646
0.22989905
0.19403815
0.21870376
0.22105615
0.27313781
0.2700524
0.27708004
0.29734355
0.30243551
0.38098361
0.31922842
0.37254956
0.36174725
0.35406755999999995
0.35217445
0.3522407000000001
0.36135147
0.34760261
0.36638117
0.3126278100000001
0.26818235
0.16107517000000002
0.22084911
0.22468855
0.26862825
0.22322545
0.28240171
0.27493336
0.24104671
0.26971985
0.26819885
0.3051838100000001
0.31357087
0.3837328700000001
0.3791802800000001
0.3687878299999999
0.3603593299999999
0.34625993000000005
0.33366267000000005
0.34020061
0.36158111
0.37216997
0.34506326000000004
0.33404176
0.33144940999999994
0.34139761
0.34991161
0.37609697
0.36366466
0.36062947
0.36897171
0.3549361099999999
0.25013789999999997
0.24734651
0.24281115
0.27685195
0.27790625
0.30431986
0.27680795
0.31714747000000004
0.38548072
0.42085484
0.38181553
0.35175597
0.36160753
0.37135612
0.37263192
0.39964143
0.40487178
0.3371743
0.21337118
0.10569103
0.12746436
0.21939576
0.23392294
0.24117271
0.25189851
0.22352141
0.25659351
0.28699801
0.19982021
0.21590176
0.21361185
0.25515860999999995
0.31550706999999995
0.30444487
0.30869617000000005
0.3328033200000001
0.31523082
0.35824538
0.42143114
0.4065622900000001
0.3794745399999999
0.23159907
0.24207506
0.16712837
0.16977056
0.20764661
0.21794095
0.20472316
0.2384088000000001
0.1986071
0.22903524
0.22514241
0.25863585
0.27044981
0.23437741
0.31850487
0.34782104
0.41671724
0.43153494
0.40930359
0.36701073
0.37738453
0.35505436999999995
0.33462266
0.2592183
0.12996312
0.20919591
0.28969454
0.21465688
0.42437762
0.43167572
0.4278381100000001
0.41206651
0.41216157
0.36297049
0.41844877
0.39616979
0.4417226500000001
0.41356741
0.43116871
0.43451946
0.42500045
0.4526147
0.41885596
0.34769511
0.44918644
0.36683999
0.37277307
0.33525224
0.37611977
0.22287224
0.14258197
0.15957164
0.24411989
0.23794475
0.23589732
0.18701062
0.2269799200000001
0.21114071
0.20138111
0.37842279
0.34939788000000005
0.35939919000000004
0.31300083
0.37068993
0.33629467
0.30257783
0.40637752
0.44600799
0.44668808
0.44547069
0.42848839
0.4319712000000001
0.31150261
0.1775549
0.13875226999999998
0.13372824
0.08940502
0.07566154
0.05673172
0.06500944
0.08299126
0.07879396999999999
0.16505543000000006
0.22074544
0.42415683
0.44430232
0.44305742
0.43383276
0.41525251
0.40232382
0.29660987999999994
0.3366536299999999
0.3938661
0.33323410000000003
0.14191320000000002
0.06274189999999999
0.05057264
0.03952393
0.24801577
0.15331879999999998
0.03690135
0.034576
0.03249204
0.038376199999999985
0.03402185
0.03219889
0.08597545000000001
0.18011567
0.21180462
0.19156982
0.22241532000000008
0.40419504
0.40955688
0.30593575999999995
0.2854122
0.2648532
0.38189229
0.2847770900000001
0.3672208400000001
0.44287619
0.4354127600000001
0.43865295
0.31181033
0.04494623
0.01945141
0.02641889
0.02486773
0.02565119
0.04067014
0.02432095
0.07222547999999998
0.1120114
0.17142747000000005
0.23589872
0.21601016
0.31787750000000004
0.30923474
0.25655082
0.30025463
0.26845819
0.27836873
0.3122264
0.33551391
0.33302016
0.28754577
0.20661941
0.19047162
0.23169892
0.17833271999999994
0.23614226
0.25115617
0.22734078
0.31767183
0.23213568
0.22333574
0.26994274
0.34004649
0.36090679999999997
0.39313059999999994
0.39340536
0.38451804
0.34721273
0.29856575
0.2501973
0.3714552700000001
0.41807875
0.30364399
0.150093
0.0775438
0.02591774
0.022802870000000003
0.07148985999999999
0.023860059999999995
0.07741428
0.07600238000000001
0.12033992999999996
0.14715429000000002
0.24158092
0.12325583
0.20545575
0.32419475000000003
0.40110634
0.4170849
0.4220785
0.3284751
0.2824483
0.23207720000000004
0.1837354
0.1952516
0.3195757
0.4252648
0.4255763
0.3966454
0.2162198
0.0187493
0.0249043
0.201285
0.28198869
0.24753726
0.2401899100000001
0.26859231
0.28439987
0.31380248
0.2523573
0.4161434000000001
0.403429
0.3351842
0.28784996
0.27240521999999995
0.2887878
0.30208576000000004
0.27883079
0.29711167
0.32905134
0.37899551
0.21716658
0.15405
0.2364657400000001
0.33480840999999995
0.25739681000000003
0.23284169000000005
0.034392080000000005
0.03580031999999999
0.09788646
0.04273191999999999
0.047446810000000006
0.03992455
0.19467324
0.41648512
0.39893992
0.39347137
0.25793130000000003
0.26920447000000003
0.44497939
0.40738406
0.38805386
0.39292344
0.32993632
0.32459639
0.40115929
0.33336825000000003
0.24292237
0.27164801
0.27201205
0.28561531
0.22466664
0.22545154
0.3005089
0.30525550999999995
0.31432821
0.37546051
0.32243600999999994
0.34610305
0.34984025
0.33972041
0.25779766
0.2168579
0.27014409
0.29596738
0.32082435
0.27517896
0.26808585
0.2490518
0.31447616
0.35582315
0.18897231
0.27589534000000004
0.31552213999999995
0.3120523699999999
0.28804517
0.29111777
0.28111068
0.23599682
0.24786628
0.25526586999999995
0.25044507
0.25222568
0.26597337
0.25136292999999993
0.24438901
0.33537707
0.29103745000000003
0.27297987
0.23136389
0.2791721
0.29034479
0.24835289
0.25000839
0.25652257
0.27815263
0.28493622
0.27775822
0.29723560000000004
0.2884339300000001
0.27957117
0.28242777
0.27546901999999995
0.26548298000000004
0.26627877
0.26074872
0.24050392000000004
0.25815477
0.24509107
0.27991570999999993
0.25085242
0.29388007
0.28457206
0.27453532
0.31255967
0.27228815999999995
0.28212597
0.25414172
0.25713133
0.27874557
0.28995997
0.29473167
0.3734487899999999
0.3217247400000001
0.34744049000000005
0.36655653
0.3661294000000001
0.33161184
0.38052017
0.33438943
0.35665037
0.34672267
0.35856222000000004
0.34599026999999993
0.35798527
0.35743117
0.36588199
0.36175608
0.35703113000000003
0.32673752
0.34199987
0.3422632199999999
0.32947118
0.33232623
0.32347217
0.32337607
0.32845507
0.33067452
0.32942357000000005
0.32848501
0.32724747000000004
0.32697502
0.31949837
0.32617401
0.29664076
0.30331886
0.30494887
0.32024227
0.37934033
0.37559557
0.36750752
0.38087883
0.329747
0.32942559
0.29694518
0.24699659
0.2398813800000001
0.10797607
0.06528521
0.06509965000000001
0.06669515000000001
0.09769450000000003
0.112971
0.12328407
0.12494080000000002
0.20095734
0.31340311
0.21715864
0.29072935
0.34382321
0.3842498100000001
0.38391701
0.39130101
0.37339176
0.35679845000000004
0.34749561
0.4030237200000001
0.34253740000000005
0.32000080000000003
0.2178608
0.28785310000000003
0.2856841
0.3165003
0.3239003
0.3469065000000001
0.3120893
0.29010400000000003
0.286652
0.1590208
0.062721
0.10012688
0.21339491
0.21336231
0.303481846
0.34026199999999995
0.32112099999999993
0.33289260000000004
0.32563380000000003
0.3745899999999999
0.31445500000000004
0.36864
0.35266000000000003
0.34368000000000004
0.30679
0.338352
0.219724
0.220416
0.21624169999999998
0.2229634
0.06894591
0.07939237
0.12795078999999998
0.08843141
0.19274362
0.14411711
0.05582954
0.05726619999999999
0.17329931
0.18046341
0.18381436
0.24283722
0.15491427
0.24223122
0.25808127
0.24593722
0.23474208
0.20667817
0.19412627
0.19759122
0.08448821999999999
0.09204842
0.09094717
0.10550997
0.10596321999999997
0.08807501000000001
0.06401704999999999
0.06506515
0.07611001
0.07596841
0.08502801
0.11064137
0.25652531
0.30490545
0.26457245
0.29671822000000003
0.27647936
0.34407999999999994
0.36399000000000004
0.27354
0.28321999999999997
0.3471
0.35563
0.38023
0.3971899999999999
0.41647
0.36772
0.35660000000000003
0.3469970000000001
0.21772
0.061768
0.1136292
0.079591
0.0821095
0.1123904
0.111374
0.243961
0.275337
0.3221970000000001
0.4486850000000001
0.43922
0.430888
0.4123
0.398093
0.35436
0.31354
0.398086
0.42834099999999997
0.41948
0.4252400000000001
0.38695
0.3710564
0.20165830000000004
0.1328011
0.06021960000000001
0.049383300000000005
0.0565705
0.0556762
0.0511543
0.0720397
0.3773211
0.416883
0.44235918
0.43518009999999996
0.379443
0.4115611000000001
0.2429259
0.21951060000000003
0.2343497
0.3798554
0.38296440000000004
0.2702673
0.07661160000000003
0.06419169999999999
0.0601759
0.0632196
0.06686479999999999
0.0583477
0.059017599999999996
0.05696579999999999
0.0922833
0.0688582
0.05583479999999999
0.11657680000000001
0.3788581
0.39526
0.418063
0.42424399999999995
0.3862368
0.46252727
0.3269678
0.2161654
0.2171887
0.2599116
0.2740025
0.21263249999999997
0.18310630000000008
0.13165839999999998
0.1492838
0.1437124
0.1411
0.13895339999999998
0.14725770000000002
0.14758159999999998
0.13360329999999998
0.1524434
0.1375277
0.14720439999999999
0.30214349999999995
0.2361535
0.2446706
0.25379250000000003
0.1969316
0.2815606
0.2952225
0.3810454
0.3861673
0.3005773
0.2403135
0.3936841
0.4296110000000001
0.4341330000000001
0.42679890000000004
0.4043568
0.42421400000000004
0.3903968
0.17245349999999998
0.0998034
0.08957800000000002
0.06854480000000003
0.2903705
0.33388530000000005
0.37522859999999997
0.3670206
0.34802349999999993
0.3962759
0.3720035
0.3388644
0.4274335999999999
0.42155349999999997
0.4355678
0.3290816
0.3131225
0.3907473
0.3911644
0.25437540000000003
0.1349668
0.15142260000000002
0.161879
0.13705050000000002
0.1280211
0.07218790000000001
0.0812848
0.08778090000000002
0.0880781
0.14918270000000006
0.434487
0.452805
0.4483621
0.4308501
0.357553
0.4414201
0.3246468
0.334802
0.2885378
0.2960704
0.31336970000000003
0.3377354
0.4057383
0.3560002
0.33956020000000003
0.1404892
0.1143184
0.10848130000000003
0.1577539
0.1489444
0.14988820000000005
0.16770810000000005
0.1960148
0.2415281
0.1987548
0.1961768
0.2321125
0.3695773
0.3579628
0.3262388
0.2895397
0.3233297
0.3353745
0.33621
0.4038002
0.3759759
0.3507231000000001
0.19434400000000002
0.1029631
0.23620500000000005
0.24933629999999998
0.2140158
0.11420289999999995
0.1586411
0.14112170000000002
0.1637065
0.1431925
0.16784620000000006
0.27902570000000004
0.24861149999999999
0.2598086
0.35027680000000005
0.3229816
0.3981183
0.4080293
0.2575302
0.3800383
0.4055492
0.3546243000000001
0.2010992
0.0876306
0.1074177
0.07774669999999999
0.0724272
0.1004095
0.07147239999999999
0.1137086
0.1090963
0.0747648
0.0868572
0.08811859999999999
0.06797439999999999
0.24697779999999997
0.2842759
0.34171490000000004
0.4309599000000001
0.44621289999999997
0.4150439
0.430544
0.2753725
0.2644016
0.2557797
0.2988897
0.24743779999999996
0.1120058
0.1122998
0.1007466
0.1041698
0.11611379999999999
0.10744189999999999
0.1024548
0.0998053
0.0372676
0.0419757
0.05210379999999999
0.039277700000000006
0.0535024
0.0560872
0.09352680000000001
0.3640254000000001
0.3937702
0.2961492
0.2577044
0.2452468
0.2409987
0.31028589999999995
0.2583348
0.27292370000000005
0.28368059999999995
0.3142767
0.2538009
0.250684
0.28129679999999996
0.15471980000000002
0.1163078
0.0983855
0.0409986
0.039125700000000006
0.0360847
0.0440015
0.0475176
0.0387644
0.11634870000000001
0.15717060000000002
0.17964589999999994
0.16968870000000005
0.0441599
0.17411870000000002
0.16356969999999998
0.3895830000000001
0.4356749
0.4018549000000001
0.4090159
0.2619925
0.05819190000000001
0.061341199999999985
0.07178140000000001
0.08932480000000001
0.09611239999999999
0.0755753
0.0618433
0.035778
0.0854433
0.18591629999999998
0.0930986
0.0345434
0.15854400000000002
0.0952778
0.07548300000000001
0.1654668
0.14074679999999998
0.139434
0.3196225
0.3971183
0.3343883
0.2112152
0.22311660000000003
0.3880801
0.3873662000000001
0.25063420000000003
0.0520426
0.0477138
0.052561
0.0382624
0.0611883
0.0523778
0.026447400000000003
0.0442832
0.041479199999999994
0.0401463
0.15470759999999995
0.4013514
0.2991913
0.3951011
0.33336020000000005
0.1983302
0.0782506
0.17811159999999998
0.2919378
0.3067616
0.33311729999999995
0.4192
0.418
0.34959
0.1593
0.148093
0.1265036
0.12753440000000002
0.14027279999999998
0.14894410000000002
0.13878310000000002
0.1217324
0.055879399999999996
0.06078390000000001
0.1470639
0.2038112
0.2463565
0.28756000000000004
0.38681
0.28744000000000003
0.27529000000000003
0.35129
0.32789
0.27276
0.1696619
0.18606
0.121199
0.12074000000000001
0.1198604
0.1124261
0.1191146
0.2548504
0.21111039999999998
0.1800861
0.1565606
0.0707004
0.1123204
0.08073039999999998
0.15316000000000002
0.20666
0.17848
0.36447
0.35647
0.23313000000000006
0.2542162
0.23498000000000002
0.3193679
0.39564
0.38401
0.28714
0.39556
0.37391
0.3978
0.30278
0.107741
0.343116
0.2915804
0.2847361
0.2562846
0.2321161
0.2319504
0.2024504
0.28854
0.32889
0.39346
0.37081
0.25382
0.22905999999999999
0.35953
0.4011
0.31001999999999996
0.30466
0.44789
0.443079
0.395
0.40389
0.13474
0.06076
0.13480920000000002
0.1145961
0.1769646
0.1804561
0.1806704
0.1752904
0.1995646
0.2007661
0.28208
0.30196
0.27165
0.18168
0.22336
0.3848
0.38614
0.35709
0.25579
0.38508000000000003
0.41643
0.31058
0.21206
0.17063299999999998
0.15407300000000002
0.17218609999999998
0.1166804
0.1083404
0.11589460000000001
0.26407610000000004
0.1716204
0.1104261
0.1712746
0.1687961
0.25367
0.28749
0.459145
0.45695
0.35962000000000005
0.3939
0.37242
0.129992
0.1920799
0.1284961
0.1136246
0.132799
0.31819000000000003
0.32706399999999997
0.189149
0.222549
0.22506460000000003
0.2517304
0.1957146
0.2128204
0.1373046
0.12370339999999999
0.1348586
0.2994504000000001
0.3998546000000001
0.25747000000000003
0.37053270000000005
0.44524
0.4226200000000001
0.41414799999999996
0.33667
0.28539000000000003
0.30384
0.31649
0.40376
0.3883300000000001
0.35496
0.15406
0.11580789999999999
0.11345439999999997
0.0602326
0.1879064
0.1195573
0.10946310000000001
0.19294460000000002
0.1862704
0.17939460000000002
0.06312040000000001
0.08086460000000001
0.0521404
0.09381
0.21352
0.093277
0.23656
0.31683
0.35967
0.3826500000000001
0.372106
0.396156
0.39184
0.26741000000000004
0.10936300000000004
0.106375
0.10615039999999999
0.13982460000000002
0.1081604
0.10634459999999996
0.1141104
0.0451546
0.047930400000000005
0.050714600000000006
0.0508261
0.2287
0.30446599999999996
0.2047704
0.1684515
0.2058478
0.28143
0.23638270000000003
0.25761999999999996
0.27593
0.30978
0.29696
0.24958000000000002
0.24281
0.029716000000000003
0.0373005
0.10753039999999997
0.1106146
0.11303339999999998
0.1155246
0.1751004
0.1633046
0.1865334
0.1826596
0.17353239999999998
0.24429
0.22234
0.260719
0.259958
0.27219
0.28471
0.27388
0.18766
0.2011203
0.224921
0.25214899999999996
0.282244
0.29084
0.34000600000000003
0.338935
0.27875
0.273018
0.35570999999999997
0.16472
0.17473
0.17426280000000002
0.10981839999999997
0.0993446
0.1013204
0.20601
0.30232000000000003
0.29113
0.23767
0.2782
0.303635
0.21543
0.17309000000000002
0.12652999999999998
0.25715
0.15754
0.22996
0.063799
0.053191
0.0709221
0.0474994
0.0471356
0.0489344
0.0392036
0.0413074
0.0416576
0.1458271
0.22276039999999997
0.13950910000000002
0.171694
0.0829444
0.0492268
0.1377205
0.2483002
0.0980632
0.2397128
0.2330418
0.21646620000000005
0.248302
0.27539
0.30079
0.3144
0.36615
0.37696
0.3349110000000001
0.37396
0.253773
0.236564
0.25621600000000005
0.112046
0.04399399999999999
0.033496700000000004
0.043511400000000006
0.189126
0.196936
0.224781
0.251866
0.249065
0.219764
0.169099
0.195113
0.19761
0.23437399999999997
0.22244
0.225737
0.253056
0.242706
0.144919
0.061887
0.04733
0.1061504
0.17747539999999998
0.1953471
0.1657146
0.1556441
0.1406834
0.12913239999999998
0.173291
0.282328
0.31143999999999994
0.327869
0.309504
0.288632
0.297182
0.44178
0.38201
0.40383
0.4325
0.26773
0.053139
0.1178299
0.1847904
0.0964404
0.053517600000000005
0.1034304
0.1177146
0.11830039999999999
0.09942460000000003
0.1210004
0.1246054
0.1168154
0.19083599999999998
0.096498
0.0616
0.180227
0.29871299999999995
0.279568
0.33398500000000003
0.33278499999999994
0.28579499999999997
0.305856
0.328912
0.31918
0.285329
0.32047800000000004
0.23396999999999998
0.068816
0.06360539999999999
0.08135010000000001
0.1018546
0.1132794
0.1039796
0.1137881
0.0669396
0.06381840000000001
0.16370500000000002
0.181905
0.22717500000000004
0.193069
0.19372999999999999
0.221758
0.25390300000000005
0.24111999999999997
0.26538500000000004
0.2308
0.243842
0.173757
0.08660300000000001
0.08781900000000001
0.06999559999999999
0.1552864
0.12207139999999995
0.1046234
0.15649960000000002
0.1118781
0.1214046
0.16069709999999998
0.1451604
0.15675039999999998
0.23942199999999997
0.288387
0.3116430000000001
0.367729
0.40565999999999997
0.29257
0.32726
0.439062
0.420074
0.43359200000000003
0.4418920000000001
0.42617
0.40838
0.148419
0.142569
0.13949250000000002
0.1962304
0.1635704
0.1164896
0.0627494
0.1056256
0.08798239999999999
0.16582260000000001
0.17202109999999998
0.304214
0.36158
0.24044000000000001
0.26898
0.14632
0.18297
0.23757
0.3237700000000001
0.28369
0.28567
0.4362490000000001
0.42859200000000003
0.34366
0.18229
0.196195
0.16330920000000002
0.1642946
0.24189610000000006
0.21356039999999998
0.1833181
0.1888761
0.12874039999999998
0.09387039999999999
0.061046099999999985
0.0990146
0.0877261
0.21504
0.26258000000000004
0.22474
0.23117
0.21967
0.39604
0.4362220000000001
0.36894
0.26925000000000004
0.16005999999999998
0.109418
0.1157929
0.1877
0.13418
0.10864700000000001
0.16208920000000002
0.1449646
0.1375691
0.1416346
0.1566961
0.0968046
0.05617040000000001
0.059284600000000014
0.0569704
0.1469346
0.22026
0.16535999999999998
0.25423
0.26646000000000003
0.24107
0.34788
0.35295
0.37773
0.40707
0.23491
0.071063
0.054569000000000006
0.0481504
0.0729904
0.0940804
0.1038046
0.0943961
0.0864106
0.0891461
0.08948060000000001
0.051035400000000015
0.20797
0.18752
0.2742
0.25385
0.36137
0.42674
0.34338
0.23134000000000002
0.22053000000000006
0.243
0.288521
0.46117
0.435046
0.21645999999999999
0.1463
0.096
0.08788860000000001
0.1061961
0.0880746
0.15050539999999998
0.1112896
0.13248610000000002
0.1233746
0.3120761
0.34859
0.36635
0.25814000000000004
0.27528
0.28442100000000003
0.4179700000000001
0.459015
0.458279
0.413024
0.36725
0.15054
0.2125459
0.06376699999999999
0.13514
0.2611061
0.2732314
0.28638040000000003
0.14565409999999998
0.11329660000000005
0.07556039999999999
0.0916704
0.1274624
0.2049646
0.18973610000000002
0.3426400000000001
0.365134
0.4461350000000001
0.4460900999999999
0.4402970000000001
0.425092
0.3484932
0.2771566
0.1968499
0.2034199
0.4009212
0.4223009999999999
0.3373032
0.11380230000000001
0.1001992
0.0943294
0.0956217
0.25075749999999997
0.17447030000000002
0.15461039999999998
0.1852904
0.2190404
0.3406004
0.3330261
0.3794900000000001
0.2774500000000001
0.194589
0.2516
0.322977
0.303912
0.312151
0.4126840000000001
0.3897049999999999
0.219289
0.21028400000000005
0.28516199999999997
0.3905540000000001
0.356175
0.198292
0.104479
0.11334800000000002
0.1280871
0.1589546
0.15068610000000002
0.0957504
0.1185204
0.1031104
0.0998704
0.11509
0.37823779999999996
0.4217300000000001
0.32033
0.33189
0.42717
0.34052
0.25716
0.25171
0.38511
0.4148600000000001
0.33910999999999997
0.14837
0.133485
0.134826
0.1041661
0.2086946
0.1886861
0.16277460000000002
0.1430721
0.1044746
0.1029161
0.1814446
0.1873661
0.1587904
0.1511504
0.10837340000000002
0.1245604
0.1987404
0.2196904
0.2020246
0.2146804
0.2137346
0.18565610000000002
0.10487460000000001
0.1373261
0.1914546
0.1861961
0.2095404
0.19431510000000002
0.2106896000000001
0.1856681
0.1851184
0.19635439999999998
0.2455004000000001
0.2329931
0.16194460000000002
0.1601261
0.1769004
0.2130704
0.21575460000000002
0.2285261
0.2213046
0.22379610000000005
0.2233846
0.21754610000000002
0.25995460000000004
0.2492061
0.28822040000000004
0.2929461
0.26823459999999993
0.21119610000000005
0.21012039999999998
0.2590061
0.2460804
0.2400761
0.1678346
0.17105610000000002
0.1714404
0.17085440000000002
0.1628304
0.1657404
0.16721039999999998
0.1786004
0.17442039999999998
0.1799304
0.17497459999999998
0.16649609999999998
0.17415039999999998
0.17343039999999998
0.1695104
0.1767704
0.1917461
0.1621904
0.17742039999999998
0.17174609999999998
0.1898904
0.1842404
0.2397704
0.2275061
0.22742039999999997
0.2256161
0.2252504
0.2724361
0.29168459999999996
0.2743128
0.2755646
0.2880328
0.2768361
0.2007261
0.1977404
0.2028761
0.24891460000000004
0.2386561
0.2265504
0.2286761
0.2174004
0.17730210000000002
0.16687860000000002
0.1824951
0.17128659999999998
0.1677639
0.17032460000000002
0.1689461
0.1699546
0.1708261
0.16490359999999998
0.1642961
0.1816546
0.16878610000000002
0.1765636
0.1951261
0.2012604
0.1938704
0.1714846
0.1688141
0.2128104
0.2229074
0.2218504
0.2329004
0.2250324
0.2281504
0.22865439999999998
0.22620610000000002
0.2267166
0.2263404
0.2281204
0.2233204
0.2508204
0.1888504
0.1941604
