0.1498227
0.1501284
0.1387754
0.16423429999999994
0.1692122
0.1664852
0.1747652
0.1188494
0.1151093
0.1215482
0.1615646
0.15811379999999994
0.13684190000000002
0.1384479
0.11819310000000001
0.1463389
0.132186
0.1655432
0.17005620000000002
0.1648846
0.1784473
0.1809023
0.1236145
0.1265904
0.11243299999999999
0.25149900000000003
0.264093
0.260806
0.08483600000000001
0.096633
0.102959
0.117218
0.104573
0.149926
0.099634
0.091947
0.100134
0.15118299999999998
0.141324
0.14788099999999998
0.144764
0.1377665
0.14206129999999995
0.1322616
0.10275629999999998
0.1090411
0.1001859
0.0849702
0.11694329999999994
0.1221659
0.09125810000000001
0.1098913
0.09807159999999998
0.1248142
0.1096557
0.1115003
0.0941132
0.08856320000000001
0.0930173
0.0931582
0.11070349999999997
0.1197481
0.1217461
0.1002998
0.10035169999999999
0.1055067
0.10586760000000002
0.11133439999999996
0.123641
0.10376279999999999
0.093059
0.1018809
0.101896
0.0912933
0.08858939999999997
0.08501239999999999
0.0955145
0.1238939
0.1105024
0.1037218
0.09174650000000001
0.08561670000000003
0.12857040000000006
0.13586779999999998
0.16647679999999998
0.1748796
0.19019160000000002
0.16665660000000002
0.13981390000000002
0.13029760000000004
0.1521078
0.14019949999999998
0.12401760000000002
0.15432980000000002
0.14591300000000001
0.1334055
0.1351005
0.11619089999999999
0.1329052
0.1183787
0.1190106
0.1089248
0.1164757
0.10930079999999998
0.1334651
0.16320710000000002
0.14915330000000002
0.15951980000000002
0.1359644
0.15707750000000004
0.13282249999999998
0.118959
0.14820960000000002
0.10788119999999997
0.14252610000000004
0.1203976
0.1037766
0.1085923
0.1099216
0.1261568
0.11736589999999998
0.11849360000000002
0.15897879999999998
0.13359020000000002
0.1175431
0.109952
0.13680399999999998
0.14086600000000002
0.260703
0.2414240000000001
0.236863
0.18258071
0.13090894
0.12360441
0.11315645
0.12309345
0.11677019
0.11285138000000006
0.11144624
0.10189583
0.10828065
0.10148774
0.09462711
0.09916197
0.10978583
0.09822502
0.09411130000000001
0.09380125
0.09305602
0.11128316
0.14071711
0.15042588
0.12790146000000002
0.11732764
0.17921074
0.14111683
0.19143297
0.18615607
0.21233379
0.12470164
0.14681392
0.20046588
0.21431274
0.22737855
0.18190964
0.22718869
0.18047665
0.18719169
0.22892678
0.18440646
0.17854065
0.122647
0.13685399999999998
0.12564999999999998
0.204599
0.217304
0.10819000000000001
0.131703
0.14641400000000002
0.128975
0.15564170000000002
0.1064528
0.1062776
0.1074254
0.15693159999999998
0.1406385
0.127073
0.1058619
0.11391079999999999
0.093946
0.1451385
0.12433
0.13517
0.079717
0.10923870000000002
0.1037664
0.0943251
0.1051276
0.1031915
0.1043907
0.1084406
0.10996189999999999
0.14091209999999998
0.1175297
0.11490876
0.11103281
0.12230908
0.11914422
0.14685534
0.15588343999999998
0.16049196999999998
0.14022826
0.11967599999999998
0.12316099999999999
0.244158
0.110822
0.107673
0.132698
0.132063
0.13766
0.1806398
0.26459200000000005
0.388856
0.195529
0.18356
0.189096
0.186773
0.174241
0.186175
0.184117
0.175401
0.17690799999999998
0.17705499999999996
0.17387879999999994
0.177025
0.20501
0.26960700000000004
0.382132
0.388542
0.20415800000000006
0.194089
0.190928
0.17984399999999998
0.1935721
0.20777470000000006
0.2149638
0.2062771
0.1929774
0.18525650000000002
0.18128690000000008
0.1866411
0.19769170000000005
0.1766311
0.16058650000000002
0.15594349999999998
0.15964750000000005
0.1768094
0.180989
0.1955544
0.2140569
0.20456230000000009
0.1909589
0.1817868
0.16543950000000002
0.16645639999999998
0.1678634
0.1648144
0.16811629999999994
0.16846529999999998
0.1725374
0.16842490000000002
0.17385870000000006
0.1720688
0.184579
0.2091123
0.18566749999999999
0.1864492
0.1809148
0.18216279999999999
0.1754491
0.1989112
0.1976815
0.2088687
0.1897856
0.1927693000000001
0.1907482
0.1878594
0.1810122
0.17053339999999995
0.1769905
0.1843713
0.17184090000000002
0.17672939999999998
0.1856272
0.1900458
0.18925699999999998
0.1908981
0.1798172
0.1840451
0.1783112
0.1968521
0.2011751
0.1928292
0.1840612
0.1869492
0.19100309999999998
0.1919076
0.19139879999999998
0.1913916
0.1765935
0.17882900000000002
0.1735257
0.1824642
0.1715625
0.1671751
0.106682
0.099126
0.281853
0.280817
0.28348
0.27945200000000003
0.293045
0.30413
0.14957199999999998
0.143406
0.13450082000000002
0.11522887
0.10930882
0.11203387
0.10712001
0.09355252
0.09482052
0.09426522
0.13889837
0.09409988
0.09742408
0.08745962
0.12383754
0.12104344000000004
0.10390578
0.10337438
0.10848953
0.08397476
0.13572270999999994
0.14195396
0.13482165999999998
0.13198471
0.17796727999999998
0.18878713
0.18510103000000008
0.22010279
0.18514823
0.23165433
0.22630942
0.15861647
0.17188742
0.23187033
0.20943862
0.15111592
0.19343872
0.19049652
0.19366252
0.18907156
0.22557538
0.18790533
0.23296138
0.17910937999999998
0.21025347
0.18922552
0.17745256
0.18672656
0.19071856
0.18787938
0.20730942
0.19795852000000005
0.15958856
0.13793733
0.15363933
0.18793822
0.17880306999999998
0.18172992
0.19510138
0.21035547
0.19398952
0.16801156
0.14178152
0.10831506
0.10675197
0.11202682
0.18448538
0.22290429
0.22808429
0.18003133
0.15227012
0.10927927
0.10550852
0.11540037
0.19356553
0.21705314
0.16409727
0.29759847
0.24249847
0.22848433
0.20387829
0.15347919
0.19459063
0.15037339
0.15504879
0.20439624
0.11806841999999998
0.10198456
0.11205347
0.13629238
0.11966947
0.09924956
0.10102661
0.10737352
0.10539052
0.11899042
0.11810547
0.13900332999999998
0.13665629
0.13267038
0.17641924
0.18375424
0.17248529
0.11480337999999995
0.18516133
0.18864242
0.16772947
0.14528956
0.14350461
0.18014242
0.19131333
0.17606724
0.17158729
0.14392842
0.13759943000000002
0.15021637999999998
0.10888233
0.21760738
0.2572957300000001
0.29722629
0.28178424
0.21690047
0.16506342
0.13193322000000002
0.10615152
0.10123147
0.09858542
0.15949042
0.19959919
0.15275824
0.13364342
0.12449138
0.10582438
0.11697424
0.14207819
0.14532915000000002
0.13459833
0.11895947
0.13089338
0.15890442
0.16595352
0.17065451999999998
0.16085252
0.11804856
0.12879788000000006
0.11112792
0.10818938
0.120873102
0.13797338
0.14142638000000002
0.16131529
0.17982224
0.17738919
0.12533347
0.11467447
0.13710319
0.17524824000000006
0.11422642
0.10989077999999998
0.10320388
0.11250042
0.10986977
0.14188758
0.15794113
0.15300798999999998
0.16270638
0.14097878
0.12588557
0.11637407
0.11952738
0.13120133
0.12667789000000002
0.10922708
0.10755402
0.1919516
0.15419223
0.18138702
0.16866515999999998
0.14102510999999998
0.13077676
0.12330554
0.12092834
0.12678339000000002
0.14333947
0.13443042000000002
0.25309028999999994
0.22201529
0.14142238
0.11902842
0.05806996
0.07347777999999999
0.10811956
0.13351746
0.14027182
0.09767636
0.13954135999999998
0.14209513
0.10851
0.08881347
0.08718147
0.14427319
0.13764828000000004
0.23212573
0.187878
0.15124297
0.17633727000000002
0.20609296
0.13690596
0.13105486
0.16132069000000002
0.14654477000000002
0.12939982
0.12108083
0.11783819
0.06377051
0.0751347
0.09422765
0.08844061
0.07261841999999999
0.083815
0.10788014
0.09626732999999996
0.07754142
0.08964433000000001
0.09515633
0.10178151
0.09346051
0.11084404000000002
0.13920582000000006
0.13884801
0.16141891
0.14027317999999994
0.08957542000000003
0.07347588000000001
0.06913983000000001
0.05308488000000002
0.10844231
0.05375126
0.07225302
0.09034474
0.25849321000000003
0.08283401999999998
0.16331191
0.11389747
0.08221933000000001
0.05963878
0.24807064
0.25563854
0.28927008
0.31521512999999995
0.34498008
0.35467917000000004
0.38071208
0.34042198999999995
0.32431504
0.31457508
0.31176013
0.32334108
0.31993908000000004
0.32579204
0.39234908
0.42624599
0.4241148499999999
0.43247085
0.42331985
0.10121
0.067827
0.13192310000000002
0.11931767
0.12929649999999998
0.1259138
0.12306219999999995
0.1546128
0.1583001
0.14327185
0.07383707000000002
0.23629959
0.05640229
0.26896086
0.26790736000000004
0.25736081
0.24957405
0.29864341
0.29459740999999995
0.26333775000000004
0.23867375
0.2326912
0.22794729
0.21273314
0.04332975
0.08754996999999999
0.10204982
0.07532151000000001
0.08352405000000003
0.11770999
0.16574059
0.23786911
0.15458116
0.14948305999999995
0.30216819
0.25501588
0.08973518999999999
0.0606549
0.04792064000000002
0.08184944000000001
0.08616524
0.09225474
0.08923174
0.09210589
0.1090064
0.11118075
0.11883060999999998
0.15738551
0.16450541
0.16577356999999998
0.21528643
0.17575447
0.22586937
0.21402632
0.18561362
0.16702256
0.35097977
0.20752112
0.15112581
0.14590151
0.14666965
0.10486061
0.09622345
0.1028745
0.10496154
0.13007991000000002
0.14086912
0.13961586999999998
0.37235103
0.38044314
0.12835087
0.12424284
0.15396683
0.21489179
0.11949276
0.10257934
0.09258418000000004
0.09793204
0.13110081
0.13866090999999994
0.14502701
0.121543
0.11036675
0.09029573
0.10225149
0.12647989999999998
0.13936680999999998
0.14616437
0.08913331000000001
0.07532734999999999
0.06888124999999999
0.11794981
0.10441714
0.09375654
0.0940377
0.17544441
0.20525836000000008
0.19022226
0.15429711000000002
0.31939039
0.33378784
0.32711635
0.34731316999999995
0.34661106
0.33004540000000004
0.12780944
0.14575954
0.0896572
0.17584011
0.19884102
0.16758966
0.0887184
0.18739041
0.28562837
0.35756647
0.23208354
0.29301179
0.25549088
0.19982466
0.28158513
0.22464022
0.21946927
0.24272371
0.20462086
0.19919691
0.14648282
0.14381740999999998
0.19285885000000005
0.1414831
0.14491010000000001
0.19266054
0.19430535000000004
0.18893006
0.19525216
0.16275040000000005
0.1385014
0.1492155
0.17054939999999996
0.14935746
0.31531296
0.14794126
0.20154411
0.18824131
0.21120311
0.20385021
0.21324591
0.23081257
0.20442243
0.17813301
0.19971877
0.20821644
0.23669067
0.22776211
0.20316607
0.23468382
0.25480238
0.24963834
0.22878667
0.18965721
0.18103921
0.20004821
0.23275668
0.2286985
0.20451488
0.20323807
0.17200327
0.12791465000000002
0.14596751
0.15949741
0.15081792
0.19346658
0.13729735999999998
0.13323536
0.16626092
0.16770381999999998
0.23254668
0.15060616999999998
0.16855112
0.12798316999999998
0.18014817
0.10552011
0.13886376999999994
0.14342554
0.13682435
0.14694183
0.14955617
0.18895102
0.19771992
0.18450548
0.16620701999999998
0.16856016
0.16561317
0.15480236
0.15173255
0.17256817
0.20487802
0.19791878
0.12433586
0.15028002
0.15508821
0.19132892
0.19889217
0.14907521
0.14082136
0.17184812
0.17705702
0.17314483
0.17905183
0.16101783
0.12428161
0.15919546
0.19450217
0.16548221000000002
0.10679865
0.16372717
0.14089411999999998
0.22455659
0.15916264000000002
0.20163554
0.13936093
0.062334870000000014
0.05268681
0.27999713000000004
0.32255959
0.18484164
0.26354338
0.16615620999999994
0.12798487
0.11602233
0.11151858
0.12340797
0.11289927
0.11279166999999996
0.10067141999999996
0.10347312
0.10598696
0.10218975
0.09759907
0.099147082
0.14351276000000002
0.16868961
0.17152727
0.17493431999999998
0.16802843
0.18273868
0.07357419
0.10004985
0.14049489999999998
0.17423034
0.18245904
0.15813687
0.22042047000000006
0.25954155
0.26575765
0.20563086
0.17436046
0.1495113
0.15015146
0.14398707
0.13466707
0.13149242
0.13450251000000002
0.13140353
0.06595923000000001
0.12962026
0.10418025
0.10516526
0.10475001
0.10084221
0.06544046
0.07296866999999999
0.07631932
0.09723043
0.12573133
0.09759528
0.15945619
0.17524116
0.1717866
0.16827381
0.16415670999999998
0.13468042
0.21767894
0.13247042
0.11444630999999998
0.23524687
0.10983075
0.10310569
0.1067072
0.13427791000000006
0.12369105
0.11949891
0.19912246
0.24152257
0.35011512
0.35885062
0.41705004
0.26939848
0.18004368
0.18334117
0.19211935
0.20262929999999998
0.20585125
0.21618891
0.21641671
0.1986213
0.16786503
0.17032313000000002
0.17094908
0.17112113
0.16961503
0.17129303
0.17389503
0.17646369
0.17870159
0.21383068
0.21116549
0.20933564
0.20934344
0.2102324
0.2318854900000001
0.23816444
0.21814250000000002
0.21184079
0.21452129
0.21434645
0.21016111
0.14584314999999998
0.21331315
0.13881706
0.16468454
0.15453734999999996
0.16987001
0.17977411
0.18778521000000006
0.17489939999999998
0.18551115
0.15674235
0.13372231
0.1093586
0.17168631
0.1201235
0.16429825
0.16844144000000005
0.18019425
0.18621977
0.22856106
0.21556991
0.19018135
0.17552665
0.20449977
0.20462772
0.19053315
0.18100929999999998
0.17037045
0.16715564
0.16121069000000002
0.16186678
0.1740644
0.17909515999999998
0.1237115
0.1288494
0.10423323
0.11325794
0.10649518
0.10287814
0.10404374
0.12042494
0.10154818
0.23870854
0.15737561
0.14736066
0.11950049
0.22058269000000005
0.20271994
0.11076904
0.10630724
0.07114330999999999
0.08140520999999999
0.26284544000000004
0.24763378
0.24290888
0.23248713
0.21765537
0.24261364
0.0787955
0.05051428
0.04793118
0.07035194
0.05122994
0.061706839999999985
0.05824504000000001
0.038327080000000006
0.03530852
0.03320887
0.03863277000000001
0.04088498000000002
0.03721733000000002
0.31305834
0.26934449
0.21829187
0.21180857000000008
0.21616738
0.23472552
0.09678306
0.12856040000000002
0.12579105
0.13742294
0.11824053
0.12252898
0.15925776
0.13204989
0.10320732
0.03912813000000001
0.04568149
0.22316158
0.28930016199999997
0.24048938
0.24980453
0.24802218
0.26197098
0.26125212
0.09435248
0.038788640000000006
0.03717918
0.044264580000000005
0.05977473000000001
0.060697449999999986
0.08683880000000001
0.05982553
0.03816057
0.03880342
0.03929587
0.04871948000000001
0.32164236
0.39026317
0.3789199400000001
0.30798904000000005
0.06679157000000001
0.18061667
0.15152384000000002
0.17539754000000002
0.12595768
0.10930841
0.13062917000000002
0.13936388000000002
0.14134903000000004
0.06563407
0.08276583999999998
0.05556131999999999
0.09475337
0.10587437
0.11215731
0.11909047
0.10689337
0.10669712
0.21534001
0.27230541
0.30268974
0.29575826
0.1560354
0.17068769
0.16795884
0.09618974
0.10246403
0.12182059999999995
0.12919044
0.13606059
0.11460989
0.10689608
0.10432143
0.04607974
0.07056339999999997
0.13304139999999998
0.10836398
0.10262208
0.10951603
0.08451398
0.05313389
0.22729734
0.23691329
0.23555609
0.06873705999999999
0.27624172
0.16728306
0.14619506000000002
0.20355111
0.1110413
0.2194741
0.2127819
0.18073061
0.1731146
0.09786268
0.09507322
0.1502058
0.27784665
0.23434674
0.12212348
0.11166788
0.11955829
0.12053231999999996
0.14185412
0.17603721
0.1384183
0.12537204
0.45861604
0.43317809
0.46124913
0.4653946
0.4655579000000001
0.46661515
0.4702696900000001
0.47010091
0.45187298
0.46640856
0.466542
0.451986
0.46865024
0.4710285000000001
0.472588
0.47380495
0.47165939
0.47179436
0.47257061
0.4735728
0.47394676
0.47455486
0.46647875
0.46708817
0.4721982200000001
0.47061214
0.4719383700000001
0.47173129
0.4719732800000001
0.4733068700000001
0.47182058
0.40016306
0.47249436
0.47341336
0.41168196
0.47357584
0.47195589
0.4716008900000001
0.47090717
0.47332253
0.4729354300000001
0.47177537
0.47220157
0.47163859
0.46631052
0.47058543
0.4702426900000001
0.47159723
0.4681872300000001
0.46921973
0.46627292
0.46887917
0.4536574
0.47274767
0.46038833
0.44837104
0.45847629
0.4553734900000001
0.4581937300000001
0.4444727700000001
0.46992042
0.28140826
0.12409641
0.15181823
0.15707275
0.15395349
0.17322807000000004
0.22575644999999994
0.33492341
0.25130636
0.16208759999999994
0.14075418999999995
0.18194894
0.2044331
0.1918162
0.16951772999999998
0.15508073
0.17008739
0.14445887
0.04352297
0.039358460000000005
0.21163851
0.22601366
0.03870094000000001
0.042876710000000005
0.0517647
0.08563312999999999
0.05898461
0.06403542000000001
0.04945136000000002
0.05307127
0.09661268
0.16077753
0.14589148000000002
0.10992058
0.11988568
0.11661164000000004
0.09732187
0.09342098
0.08607112
0.09522807
0.10389259
0.10979478
0.10223723
0.10769935999999998
0.10983141
0.09997354
0.09893107
0.10147788
0.14061900000000002
0.12689896
0.1253901
0.10752464
0.14486749999999998
0.13532055
0.15674336000000005
0.16122267999999998
0.16517158
0.13136458999999998
0.10856003
0.10673708
0.10736103
0.10995019
0.11547039
0.10578818
0.10393283
0.10639683
0.13583117
0.16285568
0.15640172
0.15261676999999998
0.0885143
0.06716958000000002
0.05995291
0.04910611
0.04709586
0.05572167000000002
0.04530461
0.05814683
0.19450250000000002
0.19271101
0.115802
0.06766017999999999
0.04840591
0.05699171
0.05511821000000002
0.05777471
0.06307522
0.06860918000000002
0.06492911999999999
0.05013445
0.06273553
0.05407195
0.06617497000000001
0.06458757000000001
0.06335122
0.06317737999999999
0.06068641999999999
0.05065855
0.06433813
0.08811089999999999
0.06618913
0.05611302
0.052394020000000006
0.05868502
0.05352666
0.10434623
0.07675132
0.08861552
0.05309971
0.06893131999999999
0.08083694
0.07539281999999999
0.08233739999999999
0.31017500000000003
0.11515568
0.07186813
0.07615403999999999
0.06908748000000002
0.06226647
0.07083112999999999
0.06314312999999999
0.043506
0.0387226
0.03998535
0.08079462999999999
0.03851819
0.035888090000000004
0.03311154
0.03655239
0.03815754
0.03895089
0.03688878000000001
0.07621602000000001
0.05450903000000002
0.31700839
0.35306419
0.35773959999999994
0.17923501999999994
0.17507209999999998
0.12601801
0.10575558999999997
0.12359564
0.13987759000000002
0.11394912
0.11316935999999995
0.06709768999999999
0.05479157
0.13644397000000005
0.12163130000000001
0.10961035
0.11471954
0.13324498
0.12862769
0.12961178
0.12236698
0.16341903
0.23557108
0.25560883
0.18317407
0.23279297
0.21432984
0.20195126
0.23030041
0.18587388
0.17038142
0.18366737
0.18290874
0.16871212
0.22387702
0.16496649
0.12594241
0.15535269000000002
0.14063802
0.10499388
0.11347463
0.15812388
0.14977307
0.13012630000000006
0.13601706
0.13536816
0.10292759
0.09046993
0.1010995
0.12099901
0.1328324
0.11235550000000001
0.10803864
0.07421983
0.11647475
0.12509536000000002
0.11936025999999998
0.24569506
0.24109139
0.21065273
0.19625854000000004
0.18705669
0.20570768
0.22246164
0.10308488
0.11553255
0.10479403
0.08683926999999997
0.12480103
0.09612813
0.07192273
0.17335274
0.16624445
0.14331744
0.16707369
0.16920854
0.19949616
0.19354511
0.17990815999999998
0.17248901
0.13335224999999998
0.15833635
0.15954439999999998
0.17958634999999998
0.12477731
0.18455916
0.17902449999999998
0.1605105
0.15161669
0.1626095
0.1549054
0.12998249
0.11095154
0.14057469
0.1333644
0.17092725
0.1511313
0.14954154
0.13787439
0.14973159
0.12609249
0.12796359000000002
0.12900659
0.1239133
0.14006835
0.12139074
0.14326734
0.14449935
0.09247264
0.13115839999999998
0.13957925999999998
0.10580864
0.10873394
0.11144544
0.10258374
0.1440213
0.13839724999999994
0.15602243999999998
0.13972754
0.11827264
0.11675944
0.13591749
0.18059149
0.16393167999999994
0.15764554
0.17871925
0.19083786
0.13887476
0.14979157
0.18563901
0.12909191
0.07266024000000001
0.05583964
0.08044459000000001
0.08205678000000001
0.10831154
0.10781191
0.13521381000000002
0.12424629999999999
0.15008034
0.14638161000000002
0.08600224000000001
0.05479844000000001
0.05785344000000001
0.08100034
0.12719734
0.11146711
0.0579592
0.13763374
0.1977615
0.22174726
0.04843204
0.04787574
0.0625685
0.10388835
0.1023683
0.1023243
0.17090843
0.13196562
0.10213982
0.15224643
0.13368086
0.10824149
0.33820369
0.30973914
0.3112914
0.11254316
0.11145026
0.23435921
0.04487389
0.08103441
0.06378649
0.09128451
0.07258649
0.06597354
0.06633077999999998
0.05903004
0.08319204999999999
0.04224382000000002
0.03447582
0.03534064
0.12792454
0.13843641
0.15691631
0.15856336
0.12683241000000006
0.07484945
0.06826844999999998
0.11847645
0.16112154
0.14712454000000005
0.15088141
0.14930845
0.1494085
0.13271459
0.12912464
0.15679844999999998
0.18087531
0.16822336
0.09753836
0.10219836
0.11759445
0.13728031
0.15891431
0.12676741000000002
0.1185605
0.11215454
0.14140736
0.17329945
0.19580936
0.22738217
0.19591741
0.21067336
0.19562445
0.18829531
0.24178022
0.21695731
0.22288741
0.21633359
0.22733668
0.23834964
0.25891641
0.1664795
0.17704241
0.19916727
0.16968531
0.14566041000000002
0.19321631
0.13286745
0.17578122000000002
0.12731304000000002
0.14584341
0.15385145
0.19264941
0.16266941
0.21510631
0.19402531
0.21033941
0.14082045
0.16811027
0.15832131
0.14672140999999994
0.14743941
0.17116950000000006
0.19829427
0.21098327
0.17736922
0.18151422
0.15060236
0.13972041000000002
0.12835254
0.12536040999999998
0.21921817
0.34615031
0.27494645
0.18904864
0.13172654
0.16139531
0.1367745
0.09766864
0.18599354
0.19753341
0.23948045
0.2254835
0.22605845
0.15976341
0.16229849999999998
0.16306150000000005
0.1293505
0.12879036000000002
0.36687222
0.37437122
0.28704622
0.27767208000000004
0.20141027
0.14851936
0.14418330999999998
0.16970027
0.19732008000000004
0.14628231
0.10591654
0.11956759
0.10265259
0.1241435
0.1114805
0.12236445
0.13580731
0.1152185
0.15928031
0.21387008
0.19059741
0.15848158999999998
0.1334385
0.11810354
0.12137459
0.1307065
0.10727454
0.12610854
0.10746245
0.11190054
0.1267925
0.1184135
0.12646941
0.11096845
0.1321325
0.10906159
0.13203941
0.12616940999999998
0.14191927
0.24643631
0.17635027
0.26722585000000004
0.20544994
0.20387099
0.26823676
0.26892276000000004
0.23602304
0.15804522
0.12824100000000002
0.348816
0.268543
0.28723899999999997
0.24592399999999998
0.252778
0.224459
0.25695300000000004
0.216332
0.179307
0.17465799999999998
0.171935
0.163482
0.157655
0.16630599999999998
0.166962
0.2436412000000001
0.1863744
0.14183099999999998
0.19566270000000002
0.1898445
0.1919974
0.2173249
0.22062540000000005
0.21385349999999997
0.2177836
0.2531583
0.2658555
0.1986151
0.2228052
0.19596629999999998
0.2062797
0.1965166
0.2074531
0.1698016
0.2113399
0.2180506
0.24645080000000005
0.1986965
0.2031039
0.1797182
0.17201590000000005
0.2307641
0.2340085
0.17794870000000002
0.1703842
0.1794809
0.1863152
0.1907221000000001
0.1969479
0.2023845
0.2525892
0.247056
0.20485920000000002
0.2311137000000001
0.18404720000000002
0.135251
0.1876433
0.1853734
0.12035120000000002
0.1532409
0.1751751
0.186891
0.17582509999999998
0.16432970000000002
0.1991736
0.1742594
0.1986866
0.1956203
0.1771561
0.15024300000000002
0.15019670000000002
0.10593
0.1017015
0.1662739
0.17928100000000002
0.1445149
0.16423139999999994
0.15596329999999994
0.1814469
0.19131740000000005
0.167104
0.15680329999999998
0.1503854
0.1588372
0.15917599999999998
0.17508900000000002
0.15801720000000002
0.1559968
0.152818
0.15706729999999994
0.1616144
0.174995
0.2005463
0.1662727
0.15365770000000006
0.1504833
0.185936
0.1922128
0.1877178
0.1414334
0.1683749
0.1609815
0.1634766
0.16195820000000002
0.1647323
0.15318020000000002
0.1555241
0.16993819999999998
0.15417170000000002
0.160711
0.18377220000000002
0.17916179999999998
0.17698590000000006
0.251136
0.1644142
0.18354310000000001
0.148982
0.15503499999999998
0.16654529999999998
0.16379090000000002
0.16910950000000002
0.1723642
0.1826878
0.1805538
0.1727413
0.16514430000000002
0.1839863
0.17481010000000002
0.1719604
0.15900489999999998
0.11633710000000001
0.1199034
0.1213444
0.120893
0.115877
0.1004814
0.1367751
0.15458329999999998
0.35706800000000005
0.3492635
0.2704634
0.1609856
0.12637730000000005
0.14215250000000001
0.122646
0.12461649999999999
0.1326517
0.1230414
0.1317085
0.1443567
0.13913029999999998
0.2315705
0.2212256
0.24347600000000003
0.136249
0.1222039
0.11382630000000002
0.0564939
0.0675199
0.15066469999999998
0.0387863
0.0365048
0.030647700000000003
0.030898200000000004
0.0306773
0.0312002
0.031043200000000007
0.0261773
0.026172800000000003
0.0250892
0.0230156
0.017758000000000003
0.0449226
0.0448506
0.0440666
0.043443800000000005
0.0413027
0.0391448
0.029279000000000006
0.0095256
0.0092866
0.0090595
0.008960599999999999
0.0181862
0.006727800000000001
0.005927699999999999
0.0056002
0.0067312
0.006184
0.0047162
0.006813
0.0061762
0.0048103
0.0058592
0.0053255
0.006193000000000001
0.0078983
0.0096975
0.004376099999999999
0.0047855
0.005005
0.006093199999999999
0.0053348
0.0001831
0.00017830000000000002
0.0001974
0.00021360000000000001
0.000268
0.055344000000000004
0.08216
0.12262
0.14203
0.14873999999999998
0.105395
0.101495
0.45399999999999996
0.22451
0.2376
0.14165999999999998
0.16490000000000002
0.15003699999999998
0.124174
0.12197999999999999
0.16818
0.08797
0.035849
0.061585
0.095008
0.22471
0.06165
0.08968999999999999
0.456186
0.27487
0.10894
0.22382
0.11013
0.045064
0.09473
0.17222200000000001
0.17603000000000002
0.29404
0.16626699999999994
0.26421999999999995
0.060618
0.11126999999999998
0.06775599999999997
0.26984
0.25354
0.04297
0.040530000000000004
0.031310000000000004
0.02768
0.027339999999999996
0.031039999999999998
0.03723
0.04968
0.044739999999999995
0.16849
0.17835499999999999
0.16676000000000002
0.15682
0.15206
0.15324000000000002
0.14892
0.18489
0.18102000000000001
0.16718
0.15644
0.16251
0.16174000000000002
0.15723
0.19179
0.20288
0.20254
0.07239
0.07135
0.06598000000000001
0.06634999999999999
0.07300000000000001
0.08502
0.08965999999999999
0.11572
0.08511
0.07103999999999999
0.0907
0.45555
0.37428
0.14139000000000002
0.10232
0.09857
0.08563000000000001
0.07428
0.06464
0.19805
0.22300999999999999
0.22101
0.12615
0.24689
0.25592
0.2908406
0.28905959999999997
0.29331999999999997
0.28783000000000003
0.27321
0.27468000000000004
0.28229
0.04022
0.22074
0.06641
0.24429
0.25287955
0.23219516
0.22507866
0.22553775
0.22811483
0.26669337
0.24582688
0.2482488
0.2413882
0.22589450000000005
0.2596183
0.22674829999999996
0.1982543
0.2078356
0.1856504
0.1845475
0.21885230000000008
0.2230795
0.208808
0.1982508
0.2033801
0.1949389
0.1966637
0.2078712
0.2063903
0.2118874
0.21490460000000006
0.21615660000000006
0.2019156
0.1904217
0.2203194
0.2297656
0.2301532
0.218769
0.22323520000000002
0.2174389
0.2159803
0.2291627
0.24254650000000005
0.2357075
0.2419723
0.2163594
0.2230604
0.2029165
0.21845610000000001
0.2056303
0.22162129999999997
0.2217489
0.20902179999999998
0.2078328
0.2104737
0.2229294
0.2931095
0.22070570000000003
0.4163515
0.40058
0.34991000000000005
0.32256
0.34849
0.32205
0.254852
0.282977
0.20820500000000008
0.193437
0.198985
0.205263
0.266828
0.2214574
0.197312
0.2113717
0.208534
0.2009954
0.2075459
0.2024211
0.199211
0.186112
0.2005272
0.221363
0.1930677
0.2090439000000001
0.2017938
0.2075629
0.24138389999999998
0.2335234
0.22513490000000005
0.21545
0.20394
0.21527
0.22588000000000003
0.22225
0.20473
0.21133
0.24133
0.26066
0.22676
0.22762
0.224787
0.19205
0.267258
0.23988
0.21363070000000003
0.21998
0.205224
0.212558
0.196309
0.19956500000000002
0.2585
0.285685
0.288462
0.26776000000000005
0.26132500000000003
0.27097
0.26785000000000003
0.23579099999999997
0.239096
0.27097899999999997
0.24903000000000006
0.24052
0.22111
0.23790999999999998
0.17023
0.16227999999999998
0.28536
0.263031
0.243984
0.103569
0.13260999999999998
0.29602
0.30059
0.25135
0.24509
0.2419
0.08911000000000001
0.23931
0.21754
0.21998
0.23246
0.22375
0.23877
0.08392000000000001
0.25693
0.36732
0.36899
0.31943
0.22582
0.21859
0.22329
0.08868999999999999
0.22176
0.24336
0.20961
0.22023
0.24012
0.228
0.23219
0.25557
0.23786
0.25121
0.25764000000000004
0.24725
0.21949
0.2431500000000001
0.23107000000000005
0.26250999999999997
0.20939
0.206305
0.26757
0.2277
0.23494000000000004
0.21398000000000003
0.2247200000000001
0.21431
0.22654
0.17948999999999998
0.22173815
0.17373
0.19960277
0.16020177000000002
0.17407272
0.16746897000000002
0.1694156
0.21288270000000004
0.3019099
0.3029865
0.3090941
0.223057
0.1634112
0.1561974
0.17860810000000002
0.1767317
0.17287909999999998
0.16616920000000002
0.1594365
0.1648012
0.156369
0.1511744
0.1547343
0.14434029999999998
0.1333716
0.15143720000000002
0.1541303
0.1556047
0.1921812
0.26901590000000003
0.16538419999999998
0.15904919999999995
0.2026646
0.1591964
0.1936045
0.1899925
0.2926348
0.2553823
0.19356289999999998
0.1829143
0.2278104
0.15007700000000002
0.2022843
0.1638591
0.16047129999999998
0.15442250000000002
0.1531188
0.1967003
0.1931472
0.21044970000000002
0.21519670000000002
0.220935
0.2015189
0.2870914
0.26949179999999995
0.21915433
0.22537917
0.22759396999999995
0.23762269
0.22128886
0.22171234
0.23142295
0.23645476999999995
0.20544617
0.20487665000000005
0.19499560000000002
0.2060282
0.20021860000000002
0.2040734
0.23765989999999995
0.22370200000000004
0.2145676
0.21947809999999998
0.2227771
0.2249687
0.2160886
0.1467913
0.16546430000000004
0.24443530000000005
0.2460807
0.24438200000000002
0.22079949999999998
0.2287529
0.2251779
0.2084605
0.22953739999999997
0.2500952
0.2284317
0.14524639999999994
0.1951029
0.1851033
0.22377170000000002
0.1939987
0.18915079999999998
0.1842671
0.17885630000000002
0.15883749999999994
0.23174210000000003
0.2425075
0.22927870000000006
0.2111782
0.2283666
0.1639685
0.1920898
0.18566350000000004
0.21067530000000004
0.193374
0.1982329
0.1879274
0.24581929999999996
0.2494069
0.250172
0.1935788
0.2119279
0.24602559999999998
0.2240757
0.22914320000000002
0.2346738
0.2633095
0.26423509999999995
0.23281620000000006
0.2097658
0.22207850000000004
0.22664250000000002
0.2405963
0.2592593
0.25398770000000004
0.2402547
0.23751260000000002
0.2310972000000001
0.2488059
0.2606657
0.2834526
0.2095156
0.1960554
0.2054712
0.2635595
0.2645985
0.279298
0.25892729999999997
0.2351709
0.23054639999999998
0.20585370000000006
0.2209396
0.24837399999999998
0.34427800000000003
0.3033717
0.2871137
0.3431677
0.3344072
0.2260213
0.24334070000000002
0.2768428
0.2466248000000001
0.2368406
0.28947870000000003
0.232231
0.2134601
0.217895
0.2593371
0.2542679
0.16532979999999994
0.2306223
0.1711805
0.2237446
0.2296494
0.2155493
0.21103629999999998
0.1709683
0.2092731
0.2726703
0.2419197
0.2364002
0.22201060000000006
0.16092009999999998
0.225293
0.1909574
0.25446690000000005
0.1903398
0.2054969
0.14724370000000006
0.18525519999999995
0.2133282
0.2222416
0.2138328
0.15030059999999998
0.1817506
0.1766263
0.21127670000000004
0.27663899999999997
0.27905440000000004
0.2057822
0.1833753
0.21134099999999997
0.23959520000000004
0.1906274
0.2714458
0.2180075
0.2432714
0.2581915
0.220523
0.1512178
0.1458695
0.13597910000000002
0.17414210000000002
0.17953239999999998
0.1957212
0.2325159
0.19859350000000006
0.1852728
0.2052397
0.18055720000000008
0.16186689999999998
0.13117109999999998
0.3068885
0.35381080000000004
0.21092600000000006
0.1492671
0.14618699999999998
0.14985459999999998
0.1550925
0.19444
0.2240999
0.2779763
0.30178920000000004
0.3013403
0.21224829999999997
0.2092319
0.1840406
0.1735348
0.14011210000000002
0.14154270000000002
0.1388861
0.17575829999999998
0.17708359999999998
0.174683
0.14261859999999998
0.14155969999999998
0.1454537
0.15401260000000006
0.1426182
0.1246061
0.147216
0.2001335
0.1927938
0.17198629999999998
0.2022667
0.293706
0.16422840000000002
0.19534279999999998
0.1884157
0.2002717
0.1910644
0.1923918
0.1972012
0.1723567
0.2246318
0.22357410000000005
0.0518815
0.12931050000000002
0.0569284
0.13094260000000002
0.13067779999999996
0.1374665
0.1327281
0.12681330000000002
0.15862329999999994
0.1908837
0.16667549999999998
0.2215801
0.2382923
0.188423
0.15373739999999994
0.17182760000000002
0.1855865
0.1842654
0.1925603
0.17689429999999998
0.1851614
0.18444739999999998
0.2002815
0.16332339999999998
0.1349269
0.1212206
0.0939411
0.11264489999999998
0.1033797
0.1311384
0.1288058
0.1629379
0.13307529999999998
0.12813249999999998
0.17545129999999998
0.2297212
0.1879574
0.1992022
0.1869694
0.1553681
0.1800435
0.1859625
0.1845856
0.12653489999999998
0.15896349999999998
0.14491429999999994
0.12186980000000001
0.14850839999999998
0.1606316
0.1978243
0.14426470000000002
0.17823119999999998
0.2306493
0.17564280000000002
0.1656424
0.21523539999999994
0.2289479
0.1693012
0.22984050000000006
0.22948449999999998
0.2351729
0.2563237
0.242197
0.29345579999999993
0.24501689999999998
0.1863529
0.1872615
0.20397910000000002
0.2115134
0.24947199999999997
0.2452934
0.2656657
0.25575770000000003
0.24735300000000002
0.2635893
0.2383674
0.21367070000000005
0.2710454
0.2101254
0.2690695
0.2934685
0.2624652000000001
0.228904
0.23032629999999998
0.24729539999999997
0.2560923
0.2766989
0.28036409999999995
0.28000440000000004
0.2093956
0.19691660000000002
0.20565010000000006
0.22132420000000003
0.2063567000000001
0.13732158999999994
0.1737594
0.2668682000000001
0.220683
0.2153534
0.2176554
0.16128169999999994
0.1616909
0.1744872
0.1859417
0.1601036
0.1715006
0.1758918
0.2420075
0.2516454
0.2355096
0.1951433
0.209648
0.17234810000000006
0.1800046
0.15261410000000006
0.1623297
0.15998220000000002
0.1797665
0.1935366
0.21612039999999996
0.2265755
0.24617670000000003
0.1843198
0.16338060000000001
0.18286860000000002
0.15940320000000002
0.1513519
0.14276640000000002
0.1896025
0.2064819
0.2462046
0.2100025
0.2034234
0.2039147
0.17633860000000004
0.1470754
0.1396204
0.15763159999999998
0.15531459999999994
0.1976894
0.1951933
0.17680120000000002
0.1896658
0.1989372
0.17684850000000002
0.17195960000000002
0.1970695
0.17436010000000002
0.1949474
0.1981345
0.16117930000000005
0.15005100000000002
0.1608663
0.162794
0.15439090000000005
0.16981300000000002
0.18531
0.217065
0.191233
0.16852799999999998
0.18555800000000008
0.207655
0.168909
0.13640200000000002
0.15988799999999995
0.162598
0.182412
0.18489427
0.2318000000000001
0.200667
0.1491925
0.1471277
0.20985240000000005
0.2045453
0.2067138000000001
0.2018517
0.16629449999999998
0.2148505
0.2387821
0.2290861
0.1797653
0.21253960000000002
0.17200300000000002
0.1772192
0.1526759
0.2028628
0.15862890000000002
0.14552199999999998
0.181823
0.19380030000000004
0.20170739999999998
0.2444723
0.2512487
0.2235264
0.2398005000000001
0.1815626
0.2308548
0.2231726
0.23557060000000002
0.2152627
0.2373132
0.2144371
0.1980199
0.1703118
0.127706
0.1564907
0.2530882
0.228994
0.21725
0.164846
0.21181800000000006
0.2285551
0.2171448
0.1904032
0.2718159
0.1865685
0.14285979999999998
0.1583521
0.168183
0.1713556
0.2066609
0.1832218
0.15713139999999998
0.1706537
0.1891702
0.170628
0.1999638
0.1818352
0.1971643
0.15245219999999998
0.17042020000000002
0.19711729999999997
0.21024930000000008
0.22600889999999998
0.1555685
0.19780599999999998
0.19780650000000005
0.23401999999999998
0.24198240000000001
0.2564902
0.2501465
0.1980772
0.19124349999999998
0.1579154
0.1855658
0.19544660000000003
0.1840899
0.15216649999999998
0.15065489999999998
0.13201500000000002
0.14242600000000002
0.193643
0.24057699999999999
0.202692
0.206145
0.14161300000000002
0.16376799999999994
0.198396
0.187869
0.234317
0.193951
0.204023
0.198073
0.220764
0.240686
0.20601900000000006
0.164325
0.19053499999999998
0.159576
0.107052
0.112623
0.13691530000000002
0.17751860000000005
0.1311161
0.1406172
0.12157809999999998
0.13942239999999995
0.14502560000000006
0.1180804
0.110445
0.161243
0.123009
0.146886
0.14312599999999998
0.121133
0.12983299999999998
0.25891000000000003
0.04126799999999999
0.13649199999999995
0.122815
0.05732300000000001
0.119629
0.130044
0.143502
0.12023199999999999
0.116862
0.124129
0.106227
0.10506300000000003
0.121725
0.125338
0.198594
0.14640599999999998
0.128915
0.123721
0.144172
0.149093
0.124437
0.113261
0.121547
0.121262
0.16923199999999994
0.15795900000000004
0.159304
0.141125
0.15320799999999998
0.140973
0.16859500000000002
0.17390399999999998
0.17650799999999994
0.15437499999999998
0.123674
0.124831
0.1378171
0.1434539
0.14032399999999998
0.136346
0.131935
0.139032
0.136215
0.14011300000000002
0.13167900000000002
0.16260099999999994
0.164312
0.176235
0.204556
0.165029
0.17247700000000002
0.168484
0.12920800000000002
0.1398885
0.159055
0.11785599999999999
0.17195999999999995
0.16349199999999994
0.15507800000000002
0.14462
0.13777199999999998
0.138078
0.12362000000000001
0.181078
0.13599989999999998
0.1636
0.13629000000000002
0.13784468
0.170927
0.21953699999999998
0.200602
0.17454899999999998
0.18789
0.16257299999999994
0.19441
0.16771899999999998
0.14605200000000002
0.151226
0.150979
0.148345
0.168462
0.15773399999999999
0.15936999999999996
0.165156
0.16761500000000001
0.189212
0.178623
0.164479
0.15622
0.161647
0.14902069999999998
0.165689
0.16038400000000005
0.143299
0.156538
0.14886499999999994
0.153229
0.1634329
0.185222
0.24906430000000002
0.2474027
0.25574269999999993
0.2636427
0.2317196
0.224666
0.23487220000000003
0.1963626
0.1669046
0.1928346
0.31061700000000003
0.26934640000000004
0.1667364
0.1987306
0.16429000000000002
0.16608
0.17498099999999994
0.1981784
0.1925344
0.1787506
0.1744835
0.1953458
0.2274987
0.1848286
0.1872385
0.2047124
0.17262770000000002
0.2149659
0.1956382
0.2054654
0.21337060000000002
0.1837939
0.1688001
0.14902010000000002
0.16836199999999998
0.15252490000000002
0.1769687
0.1890525
0.17519060000000006
0.1642077
0.16294479999999995
0.1890615
0.1791387
0.18277870000000002
0.15577100000000002
0.1902744
0.1856858
0.15934920000000002
0.17334110000000005
0.14586630000000006
0.167552
0.16686730000000002
0.13435629999999998
0.1844025
0.1882468
0.1749986
0.19341960000000002
0.175102
0.1532549
0.1912686
0.1611058
0.1738529
0.1744391
0.1822211
0.173131
0.12341339999999998
0.17952630000000006
0.17365780000000006
0.1695867
0.21978760000000006
0.17597200000000002
0.14629910000000002
0.1342472
0.15403290000000006
0.17695010000000005
0.16506910000000002
0.18474200000000005
0.17816820000000005
0.1476444
0.144013
0.2186873
0.2267238
0.15797329999999998
0.1888198
0.17887310000000006
0.1602049
0.15008720000000006
0.1612658
0.18003200000000005
0.17801580000000006
0.1821149
0.17521099999999998
0.14702250000000006
0.2012635
0.20469230000000005
0.1840866
0.2172733
0.2040739
0.2193535
0.2100668
0.1955043
0.1825425
0.1915376
0.16678810000000002
0.17291700000000002
0.1936006
0.14727540000000006
0.1659197
0.18935060000000006
0.210752
0.20428140000000009
0.18414070000000002
0.1805001
0.18930260000000002
0.1805115
0.2004134
0.2149225
0.2369676000000001
0.22021570000000001
0.22991460000000002
0.2323507
0.2244758
0.2208824
0.21540679999999998
0.2139509
0.2038939
0.2083501
0.1911339
0.20790920000000002
0.2122911
0.21143100000000006
0.2318254
0.2469035
0.2450573
0.24415340000000002
0.2057577
0.20680580000000004
0.18456670000000008
0.2184948
0.2403963
0.2545101
0.2412601000000001
0.23356350000000003
0.22714060000000005
0.2124439
0.2121239000000001
0.209731
0.1864348
0.14130009999999998
0.1381282
0.16766010000000006
0.20307290000000008
0.212133
0.2306458
0.23153490000000002
0.2260196
0.1952863
0.224922
0.14755100000000002
0.19893730000000004
0.1596191
0.1539963
0.23527060000000002
0.18927729999999998
0.15708170000000002
0.1765628
0.18398080000000008
0.1702958
0.20438490000000006
0.15519300000000005
0.14499010000000004
0.13760010000000006
0.18045540000000004
0.14652110000000002
0.2491392000000001
0.17451879999999995
0.17026290000000002
0.15544819999999998
0.16989030000000002
0.1581928
0.1920437
0.1871395
0.15795110000000004
0.1775388
0.1536753
0.149351
0.12872060000000002
0.17105369999999998
0.34058369999999993
0.1025394
0.17441860000000006
0.0903754
0.14236440000000006
0.14712200000000006
0.151651
0.1757086
0.15153390000000005
0.15198390000000006
0.15507100000000001
0.14693820000000002
0.13626160000000004
0.14487100000000006
0.15484820000000002
0.2072992
0.14425200000000002
0.16150910000000002
0.1416059
0.13234910000000005
0.13453389999999998
0.138355
0.1240882
0.15568970000000001
0.1754888
0.16160539999999998
0.14546260000000005
0.16099829999999998
0.13677920000000002
0.17378969999999996
0.17435199
0.20645866
0.18291101
0.15561433
0.16388624
0.12982623999999998
0.14777719
0.15085815
0.14713624
0.14176719
0.16563719
0.14823815
0.16839005
0.16292005000000004
0.1691191
0.16534005000000002
0.18659101
0.12614529
0.13748529
0.13924624
0.14751719
0.13412718999999998
0.14490624
0.12244624
0.14349624
0.16679005
0.15458719
0.12902719
0.17594101
0.15823909999999994
0.16516005
0.15422909999999998
0.15614909999999999
0.13859718999999998
0.16419718999999994
0.12904624
0.16350910000000002
0.21719578
0.19812482
0.20331482
0.17307101000000005
0.18464105
0.16524218999999998
0.17210909999999996
0.14402719
0.14267718999999998
0.14487814999999998
0.1661691
0.16130719
0.17116005
0.18674101
0.21011482
0.21880578
0.21533387
0.22012482
0.19835092
0.19801312
0.15638005
0.1557891
0.17413910000000002
0.17590909999999998
0.15668719
0.19408101
0.1798521
0.19422905
0.21347
0.21336196
0.20411196
0.18414301
0.22023
0.219062
0.17038
0.200889
0.1953
0.19905
0.22928
0.21556
0.16724
0.19215
0.19528
0.23007
0.19508
0.201
0.18972
0.17202
0.22498
0.24795
0.270057
0.279991
0.263667
0.23501
0.25847
0.24112
0.22666
0.2313688
0.205795
0.23709000000000002
0.25568
0.23985
0.23454000000000005
0.20661
0.19768
0.21725
0.26877
0.21261
0.20254
0.16394
0.14814000000000002
0.19016
0.13427999999999998
0.13951999999999998
0.1675
0.20158
0.21659
0.19715
0.25286
0.22587
0.22053000000000006
0.21161
0.19995
0.14517
0.15086
0.13610999999999998
0.13742
0.19348
0.21322
0.16479000000000002
0.19271
0.20216
0.12763
0.21132
0.14935
0.22276999999999997
0.20071
0.20068000000000005
0.14007999999999998
0.20004
0.15912
0.1808
0.15117999999999998
0.23189
0.22007
0.1464
0.18701
0.16369
0.21341
0.24283
0.21463000000000002
0.20745
0.22117
0.21607
0.20419
0.22539
0.1871
0.25741400000000003
0.242747
0.23862600000000006
0.21089400000000005
0.13663
0.1502
0.20392
0.19163
0.19679
0.21872
0.20576999999999998
0.2479
0.22711
0.24207
0.20486
0.14712999999999998
0.14804
0.19574771
0.19631294
0.16742485
0.17694768
0.18488482
0.13493386999999998
0.18960959
0.17571100999999995
0.18225892
0.16547115
0.17334405000000006
0.19924682
0.16142196
0.16927005
0.19959282
0.19241382
0.17251782
0.13881382
0.15696196
0.14749101
0.17867673
0.15552296000000002
0.14398896
0.16360077999999995
0.16387273000000002
0.14845482
0.16478368
0.20203664
0.19048887
0.15316168
0.1785125
0.19596768
0.18667768
0.16136673
0.15581268
0.21245954
0.21810153999999995
0.14769387
0.22057864
0.22002178
0.16115096
0.15696224
0.15834715
0.1801491
0.1872191
0.18736005
0.21912715
0.21089119
0.23738419
0.18640619
0.20051824
0.21904719
0.23055419
0.2314301
0.24252501
0.26265796
0.25293605
0.20939815
0.23117101
0.2320619200000001
0.20390705
0.21030624
0.18503624
0.18127529
0.16881815
0.14017718999999998
0.19142005
0.20240705
0.17111905000000002
0.2290470500000001
0.20544210000000002
0.20925423999999995
0.21348529
0.20540433
0.21390024
0.22830901
0.23307996
0.23620001000000004
0.21818005000000004
0.18206719
0.16017719
0.14865719
0.20486719
0.2030991
0.14865815
0.21616578
0.2625967300000001
0.1403521
0.15413
0.224318
0.202643
0.16161099999999998
0.14701
0.18735
0.19309
0.16935
0.12604
0.13174
0.16914
0.17020399999999994
0.16533
0.16276300000000002
0.14086499999999996
0.12326
0.14354
0.16907
0.16288
0.14187
0.13845000000000002
0.1547
0.21448771
0.21781057
0.21796817
0.18488196
0.19262815
0.16468719
0.17410624
0.1970591
0.18727005
0.14450528999999998
0.17446815
0.14643624
0.15988814999999998
0.17039815
0.1840891
0.19151815
0.1877091
0.15129624
0.17001718999999998
0.1801891
0.14892433
0.12070433
0.16009624
0.15519624
0.15549718999999998
0.17046719
0.15018624
0.15283623999999998
0.15531719
0.12522529
0.13614624
0.13760624
0.13840624
0.14401529
0.17242814999999995
0.14694719
0.17246815
0.18486101
0.13654624
0.14825814999999998
0.12353624
0.15085815
0.15830814999999998
0.1680991
0.14587719
0.20098196
0.18305196
0.18709196
0.15057205
0.19350896
0.23179668
0.18456101000000005
0.16811915
0.18737915
0.1901191
0.20673292
0.16400910000000002
0.16842005000000002
0.16221005000000002
0.17266815
0.2014891
0.24870864
0.22267196
0.16925814999999994
0.17332005
0.19041101
0.15845719
0.16100719
0.17748624
0.16195529
0.17906624
0.18943815
0.16563624000000002
0.15246529
0.14784433
0.17474528999999994
0.20727910000000002
0.21616805000000008
0.20696315
0.17783623999999998
0.16349529
0.15529829
0.19585619
0.20589019
0.19717815
0.2152891
0.22263415
0.17629529000000002
0.17636624
0.1985741
0.1969991
0.25789482
0.23004005000000005
0.20510815
0.22581101
0.18223719
0.16452529
0.18066719
0.19434719
0.21682005000000004
0.23743196
0.19036719
0.18404815
0.16506529
0.16737528999999998
0.19458719
0.21241815
0.17933718999999998
0.21007719
0.16880528999999994
0.17638529
0.16428719
0.17330610000000002
0.1954101
0.18473415
0.19603915
0.21447005
0.1967691
0.18492815
0.19750005000000004
0.17343909999999998
0.17531623999999998
0.17960604000000002
0.210721
0.235726
0.20468
0.172166
0.170408
0.13540000000000002
0.16171999999999995
0.18457
0.16030999999999998
0.18247
0.20368
0.19799
0.18482
0.15277000000000002
0.17942
0.14565999999999998
0.20718000000000003
0.21447
0.22116999999999998
0.22433000000000006
0.18779
0.22958
0.20568000000000006
0.1908
0.12841
0.18577
0.214752
0.216043
0.218045
0.193652
0.16548
0.209116
0.18728599999999998
0.15779
0.16309300000000002
0.183583
0.188317
0.190178
0.180796
0.166786
0.168174
0.157589
0.139335
0.13924999999999998
0.16570500000000002
0.16262800000000002
0.1811770000000001
0.197859
0.224458
0.183
0.158288
0.14099799999999998
0.192495
0.213047
0.21301300000000006
0.27011999999999997
0.26100100000000004
0.23223
0.256355
0.235926
0.219398
0.228027
0.24448000000000003
0.21687
0.220016
0.22017199999999998
0.2463255
0.22694
0.23649
0.24627
0.24793
0.242196
0.247906
0.262782
0.29040900000000003
0.252913
0.2123
0.217077
0.198659
0.188784
0.188558
0.148695
0.2159500000000001
0.219047
0.22590500000000002
0.24792800000000004
0.220687
0.182827
0.16388000000000005
0.187736
0.153729
0.14555
0.16933800000000002
0.210504
0.21650500000000006
0.201083
0.18028
0.171679
0.158826
0.16870299999999994
0.155567
0.138226
0.141146
0.161201
0.17170000000000002
0.173324
0.167402
0.173224
0.16171
0.203207
0.25943299999999997
0.17157499999999998
0.18021199999999998
0.16949199999999998
0.175902
0.179841
0.19756600000000002
0.160462
0.16118700000000002
0.165328
0.174414
0.182299
0.183034
0.19598
0.17047
0.172348
0.178464
0.189
0.169872
0.188094
0.154805
0.16690599999999994
0.176456
0.192846
0.15124400000000002
0.13578800000000002
0.159934
0.15597
0.15764199999999998
0.16877599999999998
0.165799
0.12799000000000002
0.162148
0.16633499999999998
0.17666800000000002
0.15099
0.1279
0.14673
0.16029000000000002
0.16055
0.16090000000000002
0.16418
0.14298
0.15363000000000002
0.14423
0.13735999999999998
0.15506
0.12697
0.1644
0.17017000000000002
0.16821999999999998
0.15527000000000002
0.1613
0.15056999999999998
0.19287
0.18265
0.18447
0.20578000000000002
0.15020999999999998
0.14754
0.12294
0.12519
0.11839
0.12814
0.15439999999999998
0.12664999999999998
0.1232
0.15539
0.13884000000000002
0.14462999999999998
0.17201
0.13953
0.14572000000000002
0.16677999999999998
0.1724
0.16446
0.13275
0.13516
0.13197
0.13855
0.17814999999999998
0.14789000000000002
0.16083999999999998
0.14138
0.14637999999999998
0.12944
0.13949
0.14315999999999998
0.15115
0.14942
0.1234
0.14853
0.16985999999999998
0.1315
0.15847999999999998
0.17581000000000002
0.1638
0.17042100000000002
0.20325
0.18721
0.22304000000000002
0.16922
0.17589000000000002
0.15152000000000002
0.17995999999999998
0.17208800000000002
0.183946
0.19366
0.23336
0.23374
0.17919000000000002
0.15621
0.18314
0.20096
0.21047
0.21450999999999998
0.2222
0.22699999999999998
0.18125
0.18469
0.17456
0.15688000000000002
0.17995
0.24018
0.25219
0.20583
0.17712
0.15705
0.14845
0.14947
0.16011
0.199925
0.204215
0.202896
0.185194
0.15772
0.171537
0.214207
0.22368
0.22121999999999997
0.22670500000000002
0.209485
0.18943
0.15844
0.17057999999999998
0.20998000000000006
0.19507
0.2016
0.204
0.24106
0.21716999999999997
0.2224
0.21559
0.22562
0.20505
0.20179
0.20334000000000002
0.20469
0.19361
0.18037
0.17419
0.2283800000000001
0.19303
0.229947
0.22796
0.20890799999999998
0.193519
0.22278
0.241999
0.2984
0.235241
0.231844
0.20714699999999997
0.192941
0.18739
0.165986
0.19138
0.22053000000000006
0.23227
0.211769
0.2276084
0.181061
0.176599
0.16376
0.16879000000000002
0.112595
0.219096
0.2459914
0.211139
0.25771
0.187156
0.156165
0.17379299999999998
0.190437
0.20687
0.1932168
0.203988
0.193568
0.20706800000000009
0.18924600000000005
0.22035
0.21485
0.22225999999999999
0.23032
0.20691
0.20082
0.21679
0.20633
0.2317
0.1988159
0.210404
0.216151
0.23567000000000005
0.24548000000000003
0.248812
0.199411
0.19626800000000005
0.183547
0.206605
0.2377459
0.193462
0.217772
0.184443
0.212891
0.16351870000000002
0.16825299999999999
0.161974
0.18232
0.18056300000000008
0.188401
0.17600500000000002
0.19130000000000005
0.206306
0.228959
0.187671
0.183782
0.212501
0.185918
0.209538
0.233685
0.200152
0.215466
0.253618
0.22134600000000001
0.18113
0.186227
0.19595
0.201222
0.196262
0.230763
0.239201
0.23204300000000005
0.18237899999999999
0.236729
0.21235
0.15491
0.190407
0.17294400000000001
0.192848
0.218383
0.21178500000000008
0.21148000000000006
0.207814
0.25122
0.22664
0.199014
0.24939
0.23171000000000005
0.302713
0.2661
0.23053800000000002
0.24332399999999998
0.267878
0.245757
0.24348899999999998
0.211417
0.214469
0.24491999999999997
0.229798
0.24627
0.24146700000000001
0.230307
0.268138
0.26421
0.24546000000000004
0.24936
0.233687
0.23864000000000002
0.2411500000000001
0.229003
0.232141
0.223081
0.235347
0.24431000000000005
0.23061399999999999
0.218325
0.23822800000000002
0.264486
0.287895
0.271291
0.28367
0.2646310000000001
0.220862
0.195883
0.19301300000000002
0.192468
0.169346
0.173379
0.209779
0.234215
0.204509
0.204555
0.21156599999999998
0.22456500000000001
0.25002399999999997
0.233371
0.219919
0.221798
0.195084
0.207321
0.241393
0.259493
0.1942
0.14993199999999998
0.178633
0.18393
0.20407900000000004
0.201838
0.201671
0.210256
0.23763499999999999
0.208761
0.27420900000000004
0.285617
0.252103
0.200127
0.239159
0.21027500000000005
0.1936731
0.2151043
0.25655700000000004
0.304822
0.239649
0.2215041
0.22091100000000002
0.194396
0.194209
0.21624
0.191372
0.16774800000000006
0.174979
0.215483
0.231845
0.191711
0.219536
0.23690300000000006
0.28508
0.285492
0.241887
0.27543900000000004
0.28315900000000005
0.28702300000000003
0.26382000000000005
0.277044
0.27955
0.285526
0.2446331
0.229467
0.2166462
0.25024
0.185812
0.165515
0.14006
0.142118
0.218603
0.152068
0.17926
0.177232
0.16291
0.2206960000000001
0.25214200000000003
0.24467199999999997
0.213547
0.17407999999999998
0.17365
0.194915
0.211171
0.217707
0.23426100000000002
0.260361
0.265536
0.254288
0.21705500000000005
0.204476
0.18044
0.17553
0.194988
0.213125
0.21217
0.20892054
0.22820864
0.22054882000000006
0.19586582
0.17349696
0.21108487
0.23407768
0.19592482
0.21922878
0.22183673
0.22958668
0.22155973
0.22996178
0.19756178
0.20220382
0.20752578
0.22577673
0.22974668
0.22550778
0.23908068
0.25675864
0.23673968
0.20926773
0.22001873
0.20593982
0.20867782
0.19561387
0.19420387
0.21489287
0.23129778
0.22702062
0.25384668
0.23852978
0.21259387
0.19925682
0.17701736999999998
0.19203582
0.20015282
0.21124482
0.20125482
0.21123114
0.21036887
0.21204382
0.21878768
0.25603754
0.21683873
0.18982578
0.21461563
0.24981654
0.22016159
0.22785519
0.2581585
0.27634345
0.24883064
0.20602278
0.18492682
0.18007978
0.18485178
0.17373322000000002
0.17235887
0.18226482
0.19257323
0.21859578
0.23525873
0.21860433
0.21852878
0.24525764
0.21893868
0.19903282
0.21821773
0.22449573
0.19423578
0.17893692
0.18188092
0.19181782
0.17988992
0.18928182
0.20802882
0.20840282
0.20817387000000004
0.18517287
0.16861192
0.18579278
0.16278787000000006
0.18671578
0.19023638
0.20731178
0.25503368
0.28238353999999993
0.2424425
0.23039054
0.23263154
0.21079068
0.19712134
0.19839673
0.30565436
0.25052864
0.24206968
0.21443773
0.22040173
0.22558113
0.2398707300000001
0.23475473
0.22131568
0.18556642000000004
0.18220632
0.21345478
0.19761978
0.19455273
0.19029378
0.20169582000000005
0.20668182
0.19925587000000008
0.20265687
0.19852487
0.17551572999999998
0.16445682
0.19657068
0.20487568
0.26362364
0.24233078
0.28306482
0.25994237
0.28897868
0.30102073
0.24553578
0.26277568
0.28251868
0.24100882
0.23590968
0.24521464
0.27535149999999997
0.26323859
0.26226068
0.24512078
0.25108678
0.26169278
0.22419
0.23712
0.271862
0.260332
0.202081
0.20491900000000002
0.20594200000000004
0.21244699999999997
0.253302
0.245933
0.2244990000000001
0.2341729
0.2292459
0.2273059000000001
0.2148703
0.2231079
0.2086159
0.1952128
0.2064073
0.2263781
0.224843
0.2251164
0.267842
0.252474
0.27624000000000004
0.2704723
0.2602921
0.2294554000000001
0.2489891
0.2706008
0.27291940000000003
0.24468499999999999
0.20939839999999998
0.2018757
0.2281900000000001
0.266872
0.22109600000000001
0.263272
0.251884
0.233543
0.2221
0.184526
0.257743
0.264259
0.248894
0.22367200000000004
0.234341
0.23842800000000003
0.243556
0.259183
0.28627
0.29600999999999994
0.25995300000000005
0.259698
0.24686999999999998
0.25442600000000004
0.26071
0.27173
0.197928
0.2067370000000001
0.191381
0.190101
0.233393
0.21491
0.22366245
0.22273759
0.22028082
0.18335892
0.18811396
0.20160292
0.19011387
0.25979149999999995
0.28020341
0.25938054
0.25097054
0.20811864
0.21607864
0.22995768
0.23417864
0.22439578
0.21257482
0.18947482
0.19253387
0.20042196
0.19892196
0.19389101
0.19954292
0.24899387
0.19887292
0.21682178
0.19893687
0.19117092
0.19903792
0.19212292
0.19105292
0.20552196
0.19907292
0.18300101
0.15662101
0.15973101
0.16993292
0.19645482
0.23492959
0.25717959
0.19840482
0.20618482
0.19565387
0.18469292
0.20750387
0.19440387
0.19749387
0.19259292
0.19554292
0.22455892
0.23805073
0.24534568
0.23668567999999995
0.23112578
0.23929673
0.20574892
0.19480692
0.21481087
0.23635568
0.21440673
0.21693578
0.18692087
0.19750482
0.20644687
0.23399882
0.27202964
0.26968363999999995
0.28216673000000003
0.2475827800000001
0.26188964
0.24250578
0.19070887
0.21632373
0.21922478
0.22037082
0.22428973
0.21163678
0.20397478
0.18980482
0.19798592
0.19583782
0.19421387
0.19574482
0.20107387
0.22912778
0.19516482
0.23081987
0.20587982
0.22082982
0.21748378
0.22520673
0.18848
0.23993
0.31209809999999993
0.27735909999999997
0.20906719
0.21716815
0.25689219
0.27311701
0.2661751
0.28701601
0.29444105
0.29916501
0.29293909999999995
0.25898819
0.25117129
0.27778414999999995
0.26810814999999993
0.2724281
0.26851115
0.2564091
0.24112919
0.26658109999999996
0.26372019
0.25343624
0.27698815
0.27362815
0.28710909999999995
0.34470196000000003
0.38819196
0.35380101
0.36151701
0.33375209999999994
0.31276914999999994
0.27568815
0.24658229
0.27082929
0.26911433
0.27272438
0.28314829
0.26383833
0.27178515000000003
0.25022114999999995
0.24262429
0.21483433
0.21549242
0.21695342
0.26299119000000004
0.27115515
0.27622719
0.23031533
0.22893612
0.21272047
0.20486538
0.20930647
0.23308129
0.23607632999999995
0.24371933
0.21605042
0.22639838
0.22967138
0.26125242000000004
0.25319242
0.27517338
0.21767529
0.23845624
0.21425242
0.22414433
0.20761624
0.19131242
0.19857242000000005
0.22868533
0.27486415
0.35444805
0.3333711
0.28190819
0.28040505
0.27364819
0.22365338
0.21862338
0.22386433
0.23307829
0.25448124
0.22539629
0.30329719
0.2714091
0.22235338
0.23216338
0.22084242
0.21529529
0.27156815
0.24337624
0.27344528999999995
0.31773719
0.27831529
0.28373338
0.27080433
0.24618433
0.26194433
0.25595242
0.21786529
0.23229719
0.23512624
0.24570719
0.26899719
0.28224719
0.26658624
0.28026624
0.28930624
0.29237623999999995
0.28251529000000003
0.27642529
0.24921719
0.23620624
0.22043433
0.19760338
0.20016433
0.22037624
0.2153391
0.27763909999999997
0.24804719
0.14000910000000005
0.2497791
0.24474719
0.13834815
0.24637815
0.23196624
0.23736624
0.23169529
0.22258433
0.21085433
0.22832624
0.22196433
0.22425338
0.23888433
0.24601529000000005
0.24056529
0.22570433
0.25972529
0.20272338
0.14554242
0.14389052000000002
0.23983338
0.16847337999999998
0.16915242
0.19761433
0.23193815
0.22711719
0.20438624
0.17755433
0.17828338
0.19635433
0.23254529
0.22891719
0.25559005
0.24179719
0.21995433
0.24828433
0.24920529
0.18228242000000008
0.23171505
0.20738419
0.23262305000000005
0.24731719
0.21939433
0.22453147
0.21614172000000004
0.20433013
0.22936299
0.20216487
0.20997242
0.21975242
0.21959529
0.18098242
0.17211147000000002
0.18525338
0.19133433
0.18237338
0.18497529
0.18144338
0.17603338
0.22687975
0.20743614
0.19663849
0.17522338
0.17193147
0.18963529
0.21252719
0.22708000000000003
0.15724147
0.16053147
0.19954338
0.20574338
0.18944338
0.21169338
0.21861338
0.20147242
0.19363147000000008
0.21100242
0.21767338
0.23403433
0.26448815000000003
0.25828719
0.23483433
0.20678338
0.22833529
0.20130242
0.19485338
0.22606433
0.23080529
0.23481433
0.23097433
0.19551147
0.19162147
0.21497529
0.22345433
0.23084433
0.20745147000000005
0.18966052
0.19326242
0.19803242
0.22213338
0.21636338
0.20651147
0.20374242
0.22498433
0.20550242
0.20973338
0.19799242
0.25794815
0.24921815
0.22623624
0.23059624
0.21379338
0.19532242
0.19623052
0.18856147
0.2276024200000001
0.19652147
0.20784242000000008
0.20979242
0.20767338
0.22201433
0.23652529
0.21896433
0.22851433
0.23535529
0.24510529
0.24917529
0.25645433
0.20625052
0.23814433
0.21510242
0.20742242
0.21580338
0.24298433
0.24190433
0.23141624
0.20968433
0.18362529
0.3680491
0.17587624
0.21923624
0.17483242000000002
0.18910542
0.22907133
0.23876119
0.2753461
0.24177729
0.21076638
0.21171433
0.22189338
0.24464338
0.2693791
0.23918529
0.23737529
0.22317438
0.20682438
0.22343038
0.21633429
0.20274842
0.25675815
0.23221533
0.20424742
0.21541638
0.22564238
0.20268442
0.20884242000000008
0.20762242
0.20488147
0.19153242
0.20043147
0.21993599
0.22552233
0.22426459
0.21811329
0.22327133
0.22107568
0.21033958
0.23477824
0.24591064
0.2056264200000001
0.2187804200000001
0.21924047
0.21489042
0.24037424
0.24177224
0.25269219
0.25346119
0.20904738
0.21138142
0.21180433
0.25140337999999995
0.23363533
0.23872829
0.24509119
0.27788105
0.23992329
0.19476938
0.19949342
0.21883238
0.25301619
0.25552419
0.25236824
0.25427924
0.26795529
0.25216629
0.22746442
0.21176247
0.21521338
0.21519038
0.21397747
0.24331542
0.22689047
0.28532838000000005
0.28748538
0.27337947
0.27720742
0.3083441900000001
0.28263129
0.28395633000000003
0.22268333
0.22388733
0.22353038
0.25936719
0.25169609
0.23665738
0.22036242
0.22307338
0.21493242
0.22118338
0.18641742
0.19363338
0.20578142
0.22370233
0.21005738
0.23141129
0.26162318999999995
0.21177338
0.29815624
0.31802624
0.32478909999999994
0.31639624
0.26747529
0.21086733
0.23806124
0.23806619
0.2435201
0.22459415
0.21416415
0.20277419
0.19313824
0.18113842
0.17165342
0.15639847
0.16303347
0.16185547
0.15590352
0.15888342
0.15892942000000002
0.17148638000000002
0.20404842000000006
0.16163542
0.19503429
0.17932033
0.17865742
0.15430647
0.17761738
0.16356542
0.16213442
0.17118338
0.18102442
0.23199319
0.2220281
0.18760529
0.17092037999999998
0.18776824
0.16629042000000002
0.15960947
0.18236742
0.17424647
0.20455847
0.19861947
0.17521442
0.16793242
0.17599833
0.22083705
0.21216910000000003
0.18412719
0.16513
0.18392
0.17579
0.17418999999999998
0.322
0.3792
0.382715
0.277152
0.2444591
0.2466083
0.240773
0.25614000000000003
0.27988
0.30559499999999995
0.2921
0.24803000000000003
0.07263
0.06396
0.18974
0.215229
0.2565
0.251968
0.257489
0.269008
0.276922
0.35202
0.21681999999999998
0.202543
0.215937
0.251012
0.21978699999999998
0.221385
0.213686
0.176981
0.184488
0.190956
0.19475499999999998
0.20703700000000005
0.206713
0.170695
0.14037
0.138488
0.190827
0.18895
0.2316775
0.2343031
0.235985
0.22465900000000005
0.20714200000000002
0.222804
0.22592199999999998
0.248876
0.22926700000000005
0.191771
0.17728090000000002
0.17351100000000005
0.162955
0.15294100000000002
0.16981900000000005
0.225608
0.417527
0.415661
0.403965
0.391778
0.393563
0.40834000000000004
0.399742
0.337945
0.195624
0.17482
0.170817
0.18239
0.189666
0.18829100000000001
0.203924
0.205199
0.147842
0.177117
0.177245
0.20941460000000006
0.218928
0.237479
0.2310903
0.201344
0.22027800000000003
0.21117680000000005
0.2467462
0.23797
0.222024
0.2216415
0.213397
0.200398
0.1956698
0.220641
0.212263
0.216315
0.237768
0.275825
0.2605
0.247
0.2478
0.2345
0.2302
0.30992000000000003
0.32602
0.334011
0.27065
0.222714
0.20862000000000008
0.19449
0.17242000000000002
0.27167
0.212
0.18225
0.17236
0.15139
0.16215
0.15585
0.14786
0.16707
0.16133
0.1697
0.17812999999999998
0.19276
0.18216
0.18420999999999998
0.21199
0.22311000000000009
0.22203
0.21347
0.20893
0.21561
0.21348000000000006
0.17743
0.17898
0.19236
0.13832
0.17724800000000002
0.1804701
0.1606565
0.16984549999999998
0.19276
0.31734
0.33716999999999997
0.34371
0.36143000000000003
0.3638900000000001
0.32425000000000004
0.31136
0.32341
0.33929000000000004
0.36238000000000004
0.16211
0.14689000000000002
0.22592
0.15536
0.05874
0.0365
0.14807
0.20235
0.06921000000000001
0.19045
0.24405
0.20979
0.15124
0.17065
0.18225
0.110116
0.11468
0.12396
0.17367999999999995
0.23745
0.13807
0.1214
0.22960999999999998
0.14557
0.18304
0.239802
0.05042
0.25528
0.22826999999999997
0.1643
0.0401
0.15645
0.15381
0.15687
0.20437
0.20821
0.19471
0.13316864
0.17745
0.22595
0.25652
0.231737
0.2919
0.10352
0.28368000000000004
0.26164
0.24039
0.20767
0.2386800000000001
0.10205
0.21798
0.22476
0.20754
0.23193000000000005
0.25699
0.27651000000000003
0.2587
0.23310999999999998
0.20601999999999998
0.20332
0.18962
0.20423
0.25237
0.18716
0.23648
0.25415000000000004
0.21913
0.2225000000000001
0.17514000000000002
0.1578
0.17781000000000002
0.15168
0.2144
0.17622000000000002
0.19274000000000002
0.20338
0.18625
0.18003
0.1877
0.18404
0.17049999999999998
0.16760999999999998
0.272957
0.41038
0.21571
0.22804
0.23576
0.22436020000000004
0.22208160000000002
0.25831449999999995
0.2549464
0.2770179
0.27177
0.25031000000000003
0.26465
0.27351000000000003
0.26115
0.31102
0.2414
0.23428000000000002
0.21972
0.23678
0.18957000000000002
0.19702999999999998
0.1749
0.18692999999999999
0.2047
0.18595
0.19666
0.19357890000000005
0.16741029999999998
0.1652779
0.1908446
0.1950027
0.15632079999999998
0.2106884
0.20491170000000006
0.1910427
0.1787155
0.20699360000000008
0.2634308
0.06734979999999999
0.23597889999999996
0.2168931
0.0496422
0.2710098
0.0513617
0.05702980000000001
0.1766417
0.1740636
0.0953093
0.2265403000000001
0.2337274000000001
0.2181384
0.28691740000000004
0.2695232
0.26961929999999995
0.2319083
0.2534746
0.2137465
0.22641960000000005
0.2596622
0.2780951
0.2240374
0.252867
0.2245122
0.1818184
0.2173493
0.22069320000000003
0.2542593
0.2324793000000001
0.25530030000000004
0.30733130000000003
0.26831740000000004
0.2710724
0.29275029999999996
0.2855873
0.2490234
0.2536313
0.2612114
0.25842139999999997
0.2568074
0.2668616
0.24119949999999998
0.2501313
0.28083030000000003
0.25708030000000004
0.2540122
0.2568322
0.2835413
0.23036030000000002
0.2022903
0.2026284
0.2161913
0.2159993
0.2156684
0.2418065
0.2354455000000001
0.20041650000000005
0.1909474
0.2164828000000001
0.2133632
0.1986198
0.21505030000000008
0.2148028
0.21910650000000004
0.2051884
0.2348103000000001
0.2187893
0.2192093
0.2806421
0.2860689
0.24803429999999999
0.2363263
0.2023453
0.2165584
0.2423086
0.2509886
0.2561513
0.2290213
0.23019740000000002
0.2177665
0.2454974000000001
0.32311740000000005
0.2850132
0.2744913
0.2548393
0.2393365000000001
0.20333270000000006
0.20490360000000002
0.17620460000000002
0.2041746
0.22506550000000006
0.25484650000000003
0.2767065
0.28805549999999996
0.2486536
0.2256827
0.1893808
0.18848170000000009
0.2016846
0.17085650000000002
0.16444170000000002
0.1811546
0.2045546000000001
0.24927929999999995
0.2369203000000001
0.2315403000000001
0.2470874
0.2474484
0.21749459999999998
0.22215460000000006
0.2124674
0.22532220000000006
0.23542510000000005
0.4475222
0.4399232
0.3945241
0.479626
0.4796103
0.4795641000000001
0.47806930000000003
0.4729441
0.3167365
0.48132600000000003
0.477946
0.4785622000000001
0.3496132
0.4775541
0.4736670000000001
0.4732051000000001
0.476286
0.4796298
0.4781613
0.4739813
0.4742922000000001
0.47799929999999996
0.4772774
0.3383013
0.47627129999999995
0.4783484000000001
0.4716241
0.4726441
0.4799051
0.47639790000000004
0.4735470000000001
0.4769270000000001
0.4755222
0.4775546
0.4805998
0.3055117
0.474187
0.3429632
0.4755189
0.4775232
0.4803732
0.4739032000000001
0.4749341
0.4775113
0.4756993000000001
0.4785684
0.4777674
0.3473832000000001
0.3586803
0.4771284000000001
0.4752527000000001
0.0445265
0.15507079999999998
0.08163839999999999
0.17956360000000002
0.16299080000000002
0.1848578
0.19179690000000005
0.2025136
0.15775790000000006
0.2022636
0.26098649999999995
0.2371565
0.2223165
0.2321303
0.2537913
0.27403330000000004
0.25150429999999996
0.2526274
0.23590360000000002
0.23891680000000004
0.2355897
0.230262
0.24996480000000004
0.24629620000000005
0.21663760000000004
0.2248458
0.25170629999999994
0.2606919
0.2650581
0.2273759
0.2359857
0.21797200000000005
0.2164138
0.22391820000000004
0.23059580000000002
0.24024139999999997
0.2566766999999999
0.23229140000000004
0.1969286
0.2312615
0.25543960000000004
0.25838180000000005
0.2398842
0.2323838
0.24094139999999997
0.2382772
0.2490834
0.25196620000000003
0.24910610000000002
0.2435543
0.2282333
0.2035885000000001
0.1994381
0.1882189
0.20710170000000008
0.2352527
0.2484665
0.2859703
0.2948174000000001
0.21131170000000002
0.21972270000000005
0.2519117
0.24136359999999998
0.2657584000000001
0.27226740000000005
0.27324170000000003
0.2743146
0.2987474
0.2300484
0.22217270000000008
0.2125365
0.2395565
0.2559354999999999
0.28162360000000003
0.29317
0.29627000000000003
0.31779
0.13806000000000002
0.27323000000000003
0.29098
0.33847
0.28696
0.27229000000000003
0.1095
0.12524000000000002
0.23393000000000005
0.11584
0.25368
0.20807
0.24383
0.26377
0.222766
0.221581
0.21538
0.23255
0.2602
0.25743499999999997
0.29489899999999997
0.29719
0.28993
0.27251000000000003
0.29531
0.31313
0.29871
0.30441999999999997
0.243418
0.23647
0.24952
0.235775
0.254043
0.26926360000000005
0.24550999999999998
0.24435
0.25137
0.2571221
0.28546
0.2767
0.35329999999999995
0.34131999999999996
0.33724
0.28212
0.30356
0.3077707000000001
0.28861
0.29103
0.29745
0.31333
0.30602
0.29888000000000003
0.31381000000000003
0.31455000000000005
0.28609
0.2877
0.31085999999999997
0.31455
0.31409000000000004
0.31876
0.24724000000000002
0.25957399999999997
0.23684110000000005
0.24248720000000004
0.2305056000000001
0.2578238
0.26546000000000003
0.27939
0.23842
0.23113000000000006
0.21619
0.21706
0.25629
0.25876
0.25521
0.28163000000000005
0.27425
0.25442
0.23196
0.26441
0.26874000000000003
0.22489
0.22011999999999998
0.22653
0.26914
0.24834
0.24825
0.26186000000000004
0.2783
0.2375
0.2333
0.23467
0.22122
0.23171999999999998
0.26555
0.24696
0.23271
0.25083
0.2429
0.26452000000000003
0.27429000000000003
0.22561
0.23599
0.26195
0.2532
0.21283000000000002
0.21583
0.21654
0.22055999999999998
0.22621599999999997
0.2970186
0.25088
0.232231
0.2158881
0.2023
0.20434
0.23519
0.21835
0.22883
0.24668
0.21096
0.22383000000000006
0.2047400000000001
0.1992
0.20399
0.21304
0.2051
0.20067
0.22888000000000006
0.21616
0.23086
0.22509
0.21946
0.23611
0.24148000000000006
0.22878
0.24138
0.23965999999999998
0.23159000000000002
0.23631
0.26644
0.2528
0.23167
0.20779
0.18258
0.18922
0.1916
0.17623
0.19994
0.24813000000000002
0.25345
0.23033
0.25675
0.22869
0.21553000000000005
0.22398
0.21929
0.1974
0.23396
0.22162000000000004
0.20292
0.22907
0.23781
0.24547
0.27494
0.26566999999999996
0.27577
0.26314000000000004
0.27773000000000003
0.24083
0.23812
0.22901
0.22913000000000003
0.25497000000000003
0.26877
0.26979000000000003
0.23905
0.23859
0.19032
0.20492
0.20595
0.19339
0.22336
0.19989
0.22341
0.19449
0.26785000000000003
0.26508000000000004
0.28257
0.25284
0.22357
0.22507
0.24662
0.24252
0.26316
0.20594
0.19223
0.24996
0.25559
0.29782
0.26879000000000003
0.24979
0.26319000000000004
0.26971
0.22537
0.20516
0.213243
0.217286
0.26274000000000003
0.270104
0.226294
0.2323510000000001
0.21127
0.149025
0.159067
0.164313
0.142601
0.147626
0.14905700000000002
0.16434600000000002
0.24871100000000002
0.2825
0.246979
0.216966
0.208393
0.198055
0.192947
0.19699800000000006
0.19214299999999995
0.205882
0.22280300000000006
0.222966
0.238502
0.2451510000000001
0.247777
0.267487
0.262819
0.252592
0.24524
0.20005
0.30841
0.28398
0.29182
0.27448
0.2936
0.28876999999999997
0.27471
0.25472399999999995
0.256846
0.275513
0.256411
0.252419
0.26336000000000004
0.257604
0.290036
0.25552
0.28755000000000003
0.311131
0.296818
0.26913000000000004
0.282908
0.247306
0.25435599999999997
0.261178
0.259896
0.259166
0.275549
0.256535
0.216686
0.21716
0.218616
0.23890999999999998
0.237255
0.21788000000000002
0.23283299999999998
0.2107
0.224253
0.2552
0.23935
0.21600000000000003
0.22732
0.23808
0.23840999999999998
0.24021
0.26839
0.27657
0.30673
0.27399
0.26422300000000004
0.261871
0.271885
0.277481
0.307707
0.27577
0.272762
0.26028900000000005
0.26610199999999995
0.19692
0.218608
0.24316
0.315981
0.3249890000000001
0.313163
0.270036
0.225483
0.199266
0.191659
0.194261
0.224004
0.19359300000000002
0.20951900000000004
0.22342000000000006
0.2376
0.24129
0.23098200000000002
0.211883
0.202899
0.193573
0.179849
0.19627
0.20390900000000006
0.214757
0.26822
0.29766000000000004
0.31547000000000003
0.25754
0.2461
0.29297
0.29862999999999995
0.30931999999999993
0.30737000000000003
0.28016399999999997
0.300556
0.28257799999999994
0.300779
0.29701599999999995
0.31164899999999995
0.344873
0.374553
0.35266400000000003
0.3283380000000001
0.3223765
0.28464
0.263239
0.33204199999999995
0.30259400000000003
0.308539
0.285952
0.273528
0.254108
0.250433
0.203499
0.264741
0.230479
0.199682
0.1877260000000001
0.24146700000000001
0.25519600000000003
0.28425500000000004
0.263652
0.27973000000000003
0.260641
0.11289600000000001
0.128831
0.244225
0.245067
0.258911
0.25718
0.271749
0.251768
0.259538
0.312755
0.298877
0.245571
0.20971700000000001
0.208263
0.20796
0.2333200000000001
0.26032
0.28556
0.28097999999999995
0.26454
0.29029
0.27880000000000005
0.28582
0.243506
0.257908
0.28150400000000003
0.3886810000000001
0.269467
0.261231
0.267982
0.261376
0.259008
0.2888
0.231934
0.253537
0.26574899999999996
0.262515
0.292983
0.267676
0.260572
0.239269
0.222635
0.221448
0.232395
0.227647
0.23122
0.249388
0.243913
0.26861700000000005
0.267923
0.25681
0.22779
0.27504
0.27434000000000003
0.28777
0.28056000000000003
0.27763000000000004
0.2806
0.26800999999999997
0.26205
0.23174
0.24163
0.27501
0.26913000000000004
0.26604
0.2757
0.22751
0.19737
0.21161999999999997
0.22347
0.22038000000000002
0.23179
0.25575
0.25973
0.27309
0.25389
0.1874
0.17365
0.25067
0.2238600000000001
0.22505
0.19242700000000004
0.19355
0.19414
0.18015
0.15422999999999998
0.20084
0.20296
0.23583
0.23792
0.24327
0.23688
0.21983000000000005
0.20629
0.22224000000000002
0.22438000000000002
0.24202
0.29794
0.27388
0.25192000000000003
0.1933
0.245
0.30014
0.28300000000000003
0.24585
0.22497
0.21419
0.21761
0.20598
0.1943
0.19187
0.17017000000000002
0.23556
0.18897
0.17193
0.13532
0.15245
0.19517
0.1589211
0.168454
0.20674139999999996
0.23204
0.21509
0.18997000000000008
0.22311
0.18079
0.1529
0.16885
0.17076999999999998
0.14938
0.16212
0.17889000000000002
0.16709109
0.20039200000000001
0.19955
0.22274
0.22754
0.1463
0.13589
0.13781000000000002
0.15055000000000002
0.17769
0.20517
0.19455
0.18161
0.20106
0.17515
0.19817
0.19495
0.19696
0.14398
0.15786
0.18979000000000001
0.19602
0.18021
0.15963
0.17776000000000006
0.18057
0.17697999999999994
0.1806
0.18522
0.1542
0.15671000000000002
0.13715
0.16765
0.20114
0.19179
0.20029
0.21443
0.35767
0.28623000000000004
0.28517
0.26295999999999997
0.32591
0.34276999999999996
0.35195
0.35004
0.15896
0.14092000000000002
0.25468
0.21665
0.25917
0.2666
0.27488
0.29862
0.28113
0.25969000000000003
0.222424
0.217096
0.23772820000000006
0.2130092
0.202392
0.16378099999999998
0.198133
0.20464920000000003
0.1812029
0.1740144
0.182871
0.2102033
0.2089511
0.0618687
0.0628596
0.2148643
0.1755443
0.1652348
0.1878367
0.2145163
0.1802439
0.1728792
0.1829215
0.1801058
0.17730859999999998
0.18966629999999998
0.17534009999999994
0.1754134
0.1726115
0.21338150000000008
0.17633959999999999
0.1878068
0.1838243
0.1923767
0.1861029
0.2156139
0.14165770000000005
0.13646670000000002
0.13068860000000002
0.2763319
0.28124380000000004
0.2703767
0.2345491
0.3203005
0.32795290000000005
0.2960543
0.2604533
0.3012405
0.2838143
0.2782257
0.3026638
0.3099619
0.3078048
0.3203005
0.29876329999999995
0.3114619
0.3019142
0.30761659999999996
0.3094181
0.31632
0.3112291
0.2739453
0.29666950000000003
0.237829
0.2695233
0.2925781
0.28874809999999995
0.30873
0.30335860000000003
0.31590809999999997
0.30827950000000004
0.3073386
0.31201100000000004
0.32067670000000004
0.3013619
0.17598000000000005
0.2481681
0.2746438
0.2846243
0.2865881
0.2794443
0.3309229
0.3017219
0.3579333
0.3356404000000001
0.3616024000000001
0.3708062
0.4362905
0.4448257000000001
0.2736723
0.4469442
0.4447727
0.3937237
0.29598450000000004
0.3056664
0.3340067
0.3252733
0.33104859999999997
0.2864552
0.33969809999999995
0.4582695
0.4404766
0.4382166
0.4555352
0.4559866
0.33388429999999997
0.3465433
0.3409434
0.33217090000000005
0.2864086
0.29288379999999997
0.32253200000000004
0.3107638
0.2965438
0.2916995
0.2983815
0.32075529999999997
0.32187619999999995
0.3345287
0.3242757
0.3172167
0.3187977
0.3146538
0.24805239999999998
0.3154743
0.27329950000000003
0.247131
0.2667195
0.28237100000000004
0.2790438
0.30686440000000004
0.2813567
0.3332853
0.3483396
0.2977886
0.2847657
0.2909848
0.297749
0.29871380000000003
0.2837405
0.29960570000000003
0.2985686
0.2659595
0.2719452
0.2788295
0.2862571
0.2932748
0.28019570000000005
0.2741095
0.281609
0.2745466
0.28383559999999997
0.273741
0.29418910000000004
0.2706366
0.3182457
0.32370420000000005
0.3243414
0.29713949999999995
0.2605758
0.2718933
0.2840705
0.27926090000000003
0.3109267
0.32231
0.29351520000000003
0.2819781
0.2794861
0.27614520000000004
0.27053330000000003
0.2782414
0.1740734
0.21025660000000002
0.2349481
0.2680737
0.2711171
0.2679118
0.2862975
0.2945428
0.32413000000000003
0.29325999999999997
0.29084
0.28933000000000003
0.30241
0.30714
0.32468
0.30189
0.29452
0.27751000000000003
0.27026
0.26772
0.29542
0.29373
0.33642
0.31789
0.30796999999999997
0.29202
0.25551
0.26129
0.294
0.37571
0.390421
0.39586
0.37793000000000004
0.27924099999999996
0.27559
0.309416
0.292508
0.292057
0.308771
0.383995
0.33794
0.2969241
0.3005064000000001
0.29683400000000004
0.296508
0.29539299999999996
0.28086300000000003
0.302412
0.251013
0.30373799999999995
0.305335
0.301794
0.308253
0.290451
0.291885
0.30246300000000004
0.29452100000000003
0.281641
0.294761
0.313425
0.34883000000000003
0.338918
0.300635
0.31139900000000004
0.298777
0.32502600000000004
0.296233
0.303006
0.288318
0.29437
0.29845
0.30805
0.296561
0.35012600000000005
0.371259
0.31302800000000003
0.302755
0.2848201
0.29966
0.34469399999999994
0.310288
0.298595
0.300797
0.269879
0.27680000000000005
0.29442399999999996
0.294053
0.282168
0.30721
0.31647
0.31005
0.299891
0.29898
0.303683
0.30677
0.290134
0.26115
0.30060000000000003
0.298632
0.29416800000000004
0.31337
0.363071
0.32174
0.33473
0.29029400000000005
0.30987000000000003
0.31923
0.29658
0.33385
0.364408
0.34757400000000005
0.309703
0.304962
0.31893
0.33315300000000003
0.30847399999999997
0.307543
0.30884
0.29830999999999996
0.307438
0.324718
0.30359400000000003
0.288569
0.280517
0.32150900000000004
0.326261
0.328761
0.30623100000000003
0.2988270000000001
0.283954
0.282262
0.28725100000000003
0.288758
0.319072
0.30918500000000004
0.286984
0.29801900000000003
0.31050900000000003
0.313794
0.33779000000000003
0.32247000000000003
0.31464000000000003
0.318882
0.33378090000000005
0.25213
0.3189
0.317622
0.300194
0.300628
0.328518
0.341998
0.319131
0.35107599999999994
0.337361
0.34704
0.373244
0.3860879999999999
0.352119
0.297132
0.308633
0.305241
0.387544
0.31624
0.29978
0.30451
0.34311768
0.33583063
0.34448689
0.3382870000000001
0.327891
0.330565
0.32477
0.329664
0.32582
0.34058700000000003
0.322911
0.326513
0.3202300000000001
0.348457
0.363943
0.388146
0.36983
0.377729
0.408951
0.407213
0.395828
0.39288
0.3830359999999999
0.36082800000000004
0.35505999999999993
0.3647296999999999
0.3890858
0.31318630000000003
0.3846934
0.3920138000000001
0.41350929999999997
0.3756554
0.3744559
0.22815
0.17883
0.30074
0.32823
0.22717
0.38991
0.37688
0.36942
0.25488000000000005
0.35163
0.35845
0.40271
0.40812
0.37109
0.35073000000000004
0.3428
0.35370999999999997
0.37932
0.32821
0.30657
0.31109000000000003
0.32242000000000004
0.29189
0.33569
0.37606999999999996
0.14850000000000002
0.33739
0.33153
0.26944
0.303938
0.34379999999999994
0.27174
0.28614
0.30105
0.307198
0.29152
0.29001000000000005
0.29218
0.29031
0.28579
0.28394400000000003
0.305467
0.344776
0.35549200000000003
0.33636
0.326345
0.30282
0.31719
0.29826
0.2984
0.32525000000000004
0.32669000000000004
0.34602000000000005
0.29559
0.28711
0.27889
0.27650196
0.28688101
0.34857101
0.4159948199999999
0.43507673
0.25480482
0.27186005
0.26715101
0.29143101000000005
0.30408292000000003
0.30598292000000005
0.31534292
0.28234196
0.28780295
0.29652101000000003
0.2832191
0.31035815
0.27705329999999995
0.32269387
0.29656005
0.29515196
0.28670292
0.28348196000000003
0.30482673
0.30820578
0.30678292
0.31211387
0.31496005
0.30288005
0.32418005000000005
0.33132005
0.29876909999999995
0.33715196
0.36441482
0.22977587
0.23619196
0.28768482
0.30705387
0.28925387
0.29391
0.32248000000000004
0.36079
0.34941000000000005
0.31725
0.30443000000000003
0.3547
0.32334
0.32261999999999996
0.30636
0.29201000000000005
0.28264
0.29751
0.35283000000000003
0.35105
0.39813
0.34076
0.41017
0.41199
0.4034400000000001
0.39909
0.4015000000000001
0.40176
0.375624
0.3772930000000001
0.32179
0.302385
0.35291999999999996
0.29573000000000005
0.29619
0.3164
0.32661999999999997
0.31387
0.3069
0.28379
0.29481
0.29157
0.31357
0.32987
0.324841
0.27413200000000004
0.34605600000000003
0.345617
0.225907
0.1959281
0.16796251
0.18512642
0.1944831
0.21860624
0.37169196
0.30218701000000003
0.32830919000000003
0.27037924
0.19705033
0.222289
0.27600378000000003
0.261952
0.25769299999999995
0.270922
0.2861920000000001
0.2751
0.295765
0.28332100000000005
0.30325799999999997
0.3117800000000001
0.336865
0.337465
0.3449240000000001
0.29712700000000003
0.355126
0.25094
0.23524319
0.26316009999999995
0.2663821
0.25037419000000005
0.17983442000000002
0.186744
0.20496833
0.2984640000000001
0.289025
0.30159600000000003
0.268281
0.30356700000000003
0.319291
0.31440100000000004
0.363324
0.37364
0.357912
0.3353649000000001
0.340634
0.33935600000000005
0.2611011
0.27614725
0.32155202
0.28408719
0.25810424
0.18246433
0.18569224
0.17582433
0.19411024
0.24132910000000002
0.24411701
0.2421111
0.27713719
0.25366219
0.27931219
0.2656691
0.2616991
0.24846
0.21695200000000006
0.22385
0.35111
0.44218999999999997
0.42252
0.3761541000000001
0.36818
0.3504300000000001
0.35959
0.41567
0.36398
0.385524
0.41666000000000003
0.41378000000000004
0.41989
0.40849
0.32814800000000005
0.37242
0.349116
0.349111
0.33721
0.363196
0.38655
0.3853
0.36409
0.34689000000000003
0.37173
0.36823
0.247742
0.27241115
0.32383
0.17711100000000002
0.29006909999999997
0.32236005
0.314083
0.36023
0.28347
0.3869900000000001
0.37128
0.3496
0.36323
0.38237
0.3944030000000001
0.38976
0.40296
0.396
0.4078
0.39826
0.391358
0.38181
0.38848
0.42015
0.23248000000000002
0.27107000000000003
0.21622
0.39365
0.36121
0.37309
0.25354
0.37499
0.36116
0.3491
0.4102
0.3635253
0.36056940000000004
0.35945
0.39825
0.38235
0.3829010000000001
0.38464
0.3742141
0.3818907
0.376211
0.3866983
0.37386199999999997
0.40802
0.32174
0.39239
0.37131
0.40943
0.41224
0.39519
0.4153200000000001
0.41523
0.43381000000000003
0.41098
0.40032
0.39983
0.40663
0.41652
0.40518
0.38786
0.38841
0.38998
0.40583
0.38927
0.41632
0.4285999999999999
0.37649
0.3637780000000001
0.390224
0.36815
0.39209
0.37047
0.4128
0.39785
0.40683
0.39464
0.3824500000000001
0.37687
0.37235
0.40398
0.41506000000000004
0.42235
0.40226
0.4082
0.41539
0.40459
0.42125
0.41775
0.40632
0.3855014
0.3398505
0.315209
0.2132305
0.23251329999999998
0.27453196
0.39558
0.39165
0.4284
0.42315
0.4116500000000001
0.41348
0.2811395
0.29087015
0.30522815
0.29803419
0.34032005000000004
0.30590338
0.31856999999999996
0.30950529000000004
0.32390529
0.29073600000000005
0.33041
0.33905
0.34691
0.33266
0.33069000000000004
0.31663
0.31442000000000003
0.32399
0.33701
0.42041000000000006
0.44886000000000004
0.30582
0.32701
0.32167
0.35583000000000004
0.36445
0.35727
0.33821999999999997
0.3667900000000001
0.3544700000000001
0.35760000000000003
0.33747000000000005
0.33
0.31015
0.30703
0.32879
0.33753
0.35666
0.36703
0.28816
0.33669
0.34351
0.34869
0.35845399999999994
0.447678
0.464962
0.28700000000000003
0.349438
0.319925
0.291802
0.293399
0.311217
0.296163
0.294846
0.328376
0.312045
0.31200500000000003
0.31087099999999995
0.318326
0.320103
0.31814400000000004
0.347512
0.37803200000000003
0.35763599999999995
0.350246
0.336953
0.3341
0.343877
0.3207820000000001
0.264308
0.28948500000000005
0.284965
0.29709899999999995
0.306987
0.286573
0.29167
0.32158000000000003
0.33092
0.33466
0.42854
0.42497
0.357362
0.30184
0.27316
0.2493
0.31755000000000005
0.29709
0.24188
0.3347100000000001
0.33942
0.30519
0.31234
0.29344042
0.37155496
0.36785529
0.35605338
0.32187419
0.32483529
0.30021338
0.31104923999999995
0.30144433
0.28032147
0.28718147000000005
0.28471147
0.26940956
0.26026956
0.26679151999999995
0.31212147
0.34270241999999995
0.33133956
0.28052052
0.32511956
0.29406242
0.34934433
0.30591338
0.33578242
0.30631147
0.31621338000000004
0.35059337999999995
0.35846241999999995
0.34866433
0.3548043300000001
0.36584719
0.33872433
0.32976529
0.32979529
0.35077719
0.34342029
0.34657529
0.35571815
0.31051623999999994
0.33552433
0.28001129
0.34138433
0.34690529
0.27630719000000004
0.31408433
0.35031433
0.33742624
0.34066529
0.35162624000000003
0.32930529
0.36018118999999993
0.33533433
0.35191529
0.36472624
0.37218005
0.39735005
0.39183005
0.3682691
0.36759529
0.35448528999999995
0.34225033
0.32239242
0.33390338
0.33998528999999994
0.3512252899999999
0.37417815
0.34714815
0.34843719
0.35854529
0.32574529
0.33383815
0.3696764200000001
0.37883342
0.37004633
0.3607661899999999
0.35052033000000005
0.3469383300000001
0.34494437999999994
0.32532538
0.31753938
0.33843633
0.36269409999999996
0.34158829
0.34876233
0.35888729
0.3778632399999999
0.4012597
0.38780493
0.38102351
0.36177768
0.36593979
0.26824347
0.29045442
0.24180059999999998
0.24355183
0.33643915
0.33554343
0.33149962
0.34130724999999995
0.3926122
0.34698583
0.33707257
0.32200057
0.34115439
0.31988534
0.3484131100000001
0.36327774
0.3472449
0.34038537
0.34329265
0.3439996
0.33357011000000003
0.30647202
0.32397106
0.33214251
0.3280629700000001
0.33894129
0.30143106
0.29528202000000003
0.32400439
0.34643629000000004
0.36723297
0.36203725
0.34143915
0.34295548000000003
0.37447611
0.31641192
0.3443974799999999
0.34462783
0.33130171
0.299962
0.31768300000000005
0.34790256
0.32347137
0.30683252
0.35174779999999994
0.32259825
0.31757553000000005
0.30690616
0.2025907
0.27275512
0.31017061999999995
0.32823634
0.40247684
0.41474065
0.4057997
0.43046923
0.4186478
0.3915192400000001
0.41078656
0.4107368300000001
0.41860393
0.30286541999999994
0.4109232400000001
0.40498874
0.41340729
0.37637789
0.4050226100000001
0.40933261
0.35689111
0.36751905
0.35300316
0.36500259
0.39085929
0.31514834
0.26359122
0.33032409
0.33560255000000005
0.37068309
0.36481824
0.31040639
0.3963563400000001
0.41195149
0.39703684
0.33288960999999995
0.33893184000000004
0.31331724000000005
0.31900716999999995
0.28591944
0.29098124
0.28392044
0.35700411
0.41348989
0.3917205300000001
0.37066272
0.31857299
0.27557667
0.20982779
0.22744160000000002
0.22870079999999995
0.2590866
0.26012160999999995
0.2780371
0.27007882
0.2364159
0.23026009
0.20029436
0.19315153
0.19991739
0.20639991
0.20095363
0.17610909
0.18202401
0.18972777
0.19971831
0.23943851
0.19787609
0.19061788
0.2714173400000001
0.29525062
0.28260072
0.17398585
0.20668063
0.24612772
0.26054212
0.35637213
0.36460375
0.38252589
0.41221934
0.3373544900000001
0.31972067000000004
0.27177130000000005
0.32092061999999993
0.2904449
0.29746267000000004
0.41062349
0.41919303
0.35242493
0.30687158000000003
0.26665746
0.25414158
0.26414540000000003
0.30510874
0.30860684
0.28682539
0.23129348
0.31105635000000004
0.31504658
0.32110302
0.29529871
0.29813967
0.24452158
0.28847363
0.32548063
0.28575207
0.31207825
0.29618881
0.306233
0.32202394999999995
0.33406777
0.28810063
0.26925586
0.24599395
0.270353
0.29732493000000004
0.31346471
0.29396444
0.32616063
0.29649144
0.31104871999999995
0.28281253999999995
0.2948114399999999
0.33865252999999995
0.35672777
0.30814567
0.32533581
0.29537747000000003
0.29246866
0.3640881999999999
0.36391153
0.3682801100000001
0.35728751
0.32389455
0.3885257999999999
0.34938011
0.36391106
0.37905611
0.32507011
0.31723239000000003
0.3436282299999999
0.32197792000000003
0.34420202
0.36258292
0.28715300000000005
0.25544490000000003
0.31130253
0.38387462
0.34613748
0.30827106000000004
0.28790202
0.3285518800000001
0.34174533999999995
0.33066071
0.30612243
0.34583820000000004
0.39291671
0.42231962
0.39614806
0.40465629
0.37280915
0.32402202
0.35740936999999995
0.31680923
0.30605023
0.27155690000000005
0.27596679999999996
0.31687954999999995
0.33027092
0.37836997
0.32497674000000004
0.2991942
0.2962028800000001
0.31153788000000004
0.34722362
0.33634604
0.34450248
0.37832725
0.31859774
0.26528106
0.30289251
0.17052897
0.1926761
0.30259648
0.33815600999999995
0.33706224999999995
0.3774024799999999
0.33268011000000003
0.35698374
0.3715567800000001
0.33991155
0.25584632
0.2656206
0.29787008000000004
0.35115866
0.228528
0.2072988
0.30927209999999994
0.27309488000000004
0.28788259999999993
0.32420965
0.2835301
0.34741011000000005
0.42607155
0.42090725
0.41135346
0.4281477400000001
0.33555964999999993
0.33922727
0.34684823
0.35774300000000003
0.33484488
0.25695207
0.37102488
0.32669011
0.35634011000000004
0.26404869000000003
0.3604491499999999
0.4009658
0.31490675999999995
0.32419771
0.33213152999999995
0.33653199
0.32758725
0.30577154999999995
0.31923869000000005
0.30855106
0.27968388
0.28356819999999994
0.40318297
0.37468727
0.35756727000000005
0.34024869
0.34432223
0.4152077400000001
0.41269915
0.35623727
0.37620918
0.38737537
0.33999441
0.29535779
0.28118111
0.3199590600000001
0.33414725
0.33608629
0.4510005700000001
0.4430858
0.4367624800000001
0.44549106
0.38478583
0.40430488
0.39094965
0.3942396500000001
0.39646297
0.4321856
0.41596869
0.43376251
0.42857537
0.38164869
0.36468537
0.38556858
0.41114925
0.1883587
0.3254635
0.21487110000000004
0.19582769
0.15945391999999994
0.20105678
0.19774488
0.16651966999999998
0.21424755
0.23506242
0.21600743
0.19809849999999998
0.17727810000000002
0.15066181
0.30418777
0.31106545
0.31587859
0.32248982000000004
0.3384291500000001
0.35942248
0.36216153
0.36316915
0.35186439
0.35745629
0.36592343
0.33980914999999995
0.29635439
0.4200991500000001
0.45385583
0.44207578
0.34003439
0.34330992
0.26881485
0.29102676000000005
0.39390465
0.38338869
0.38411174
0.40645488
0.45871011
0.34090915
0.34836965000000003
0.35416488
0.33756155
0.35141965
0.34474192000000003
0.42464288
0.45857597
0.35371261000000004
0.35492315
0.37700966
0.36465976
0.39964229
0.39726234
0.39925725
0.37620848
0.38523048
0.38188320000000003
0.4039935499999999
0.4242062899999999
0.41877629
0.4070396200000001
0.39019629
0.38431343
0.37450439
0.37862962
0.39464725
0.38236239
0.37605353
0.37824962
0.36581657
0.34885343
0.33732662
0.33767146000000003
0.34782523
0.32725765
0.34288183999999994
0.33467185
0.3236486800000001
0.33086898
0.3558239
0.36018762000000004
0.37235329
0.33619993000000004
0.3202933399999999
0.35384428
0.32779643
0.36795384
0.3725791499999999
0.37140234
0.3679173399999999
0.36673057
0.35877343
0.34416648
0.33959559
0.3576777600000001
0.37136876
0.36768676
0.36518476
0.30365062
0.35737666
0.37762462
0.36315762
0.29006694000000005
0.28693548
0.30964648
0.31783234
0.37460962
0.31068343
0.33268934
0.32541615
0.34118043
0.33707663
0.30709043
0.32104988999999995
0.3481455299999999
0.28803111000000003
0.35661820000000005
0.3090230600000001
0.30096334
0.30440338999999994
0.30038571000000003
0.30474465999999995
0.32922199
0.32846580000000003
0.34306971
0.32423239
0.29747243
0.19893506
0.22685297
0.23066102
0.20813215000000004
0.22286723
0.22679060000000004
0.26606483
0.25799120000000003
0.17168810999999998
0.19155192
0.15708974
0.1358261
0.15237686
0.16651235
0.17610709
0.16093512
0.19604442
0.20264469
0.20518325
0.18749631
0.19938322
0.17445040999999994
0.18700036
0.20620615
0.16244235999999998
0.19742797
0.21287369
0.19790352
0.20547312
0.20320845
0.19234079
0.19452163000000008
0.18413983
0.19030278
0.19693622
0.20141193
0.22204232
0.21510885000000005
0.3944761
0.41051515
0.40880957
0.41605461
0.42977465
0.43233465
0.42731515
0.42616958
0.44020988
0.4236832
0.32624171
0.2624458
0.3545018
0.40337441
0.26683300000000004
0.2427816
0.258083
0.28292779999999995
0.2804625000000001
0.24305632
0.2805478
0.28112251
0.27965346
0.26990632000000003
0.27224251
0.24981915
0.23172725
0.31099427
0.32845869
0.36259918
0.31183202
0.25465343
0.21624720000000006
0.19482860000000002
0.19168310000000002
0.2553325
0.242725
0.22307910000000006
0.2532471000000001
0.2566431
0.24799200000000002
0.25876427
0.2448556
0.24552302
0.23386932
0.195672
0.1833541
0.18717846
0.16488169000000005
0.15974955000000002
0.18853341
0.19029165
0.24518583
0.26955892
0.27242057
0.24867057
0.27902155
0.26196155
0.23648200000000005
0.2121701
0.21900941
0.20257918
0.2204259
0.20233823
0.19668823
0.22443727
0.32687727
0.3290928
0.292614
0.19887960000000002
0.2118349
0.1907397
0.27272490000000005
0.21480537
0.22660439999999998
0.23271679999999997
0.30746490000000004
0.2962659
0.32166727
0.34227346
0.30778490000000003
0.28993823
0.28882823
0.31722779999999995
0.29432918
0.286463
0.3213214999999999
0.272823
0.26929918
0.27239774
0.30630773999999994
0.24532583
0.21909251
0.22283774
0.24498251
0.20614202
0.17614059999999998
0.20954218
0.26759518
0.22743541
0.285995
0.2338011
0.2291506
0.25893774
0.22517915
0.21044441
0.2301601
0.21990725
0.18053869
0.1955206
0.17851119999999995
0.13925970000000001
0.22590392
0.28368439
0.28764106
0.33426918
0.3380578
0.31503106000000003
0.29852106
0.26350725
0.28096059999999995
0.30935155
0.32378297
0.20503823
0.2240068
0.24952725
0.24300534
0.23797106
0.22281248000000006
0.26489392
0.2429449
0.18733110000000008
0.19664774
0.17542155
0.20409965
0.17300346
0.16404106
0.17607918
0.19950392
0.20237527
0.2541625
0.196669
0.1970164
0.2089792000000001
0.2184126
0.25875590000000004
0.1983435
0.218204
0.2316654
0.2113759
0.2253116
0.2761459000000001
0.2590925
0.226312
0.24544870000000002
0.2255568
0.2431811
0.2725356499999999
0.265448
0.2380963200000001
0.23186060000000006
0.24705583
0.25625965
0.26814965
0.4451048799999999
0.41438869
0.33731534
0.22388469
0.17702579999999998
0.2924712
0.1907501
0.22833583
0.37341534
0.3434802
0.30160343
0.17261937000000002
0.19261497
0.17912037
0.17471574
0.16169248000000006
0.15150374
0.15110987
0.22104918
0.21656288
0.29478678
0.31677597
0.33709583000000004
0.34129583
0.33270965
0.31234488
0.31784106
0.26580834000000003
0.2621362
0.20874739
0.19478306
0.21529297
0.21539583
0.22458534
0.22148806
0.20862815
0.16833405
0.20244206
0.19320629
0.17712248000000005
0.15333714999999998
0.14790248
0.15882915
0.19322583
0.19478965
0.24013078
0.25916251
0.18999392
0.18451055
0.19565678000000009
0.22993369
0.20914343
0.19064629
0.15040534
0.18411543
0.15394639000000002
0.13173906
0.17766129
0.19566488
0.21456166
0.2366083900000001
0.24128939
0.24472043000000004
0.25721994000000004
0.24071847
0.23926771
0.22151057
0.16329106
0.15042297
0.16314297
0.16651392
0.16708734
0.16798192
0.20309688
0.31767178
0.30105971
0.27945748000000004
0.28939152999999995
0.28101676000000003
0.23998266
0.29192611
0.25604774
0.25823202
0.21442725
0.1903282
0.19001392
0.23430027
0.23606534
0.25473915
0.22196439
0.22114725
0.26038266
0.26624534
0.25643343
0.21508629
0.24255820000000006
0.25155583000000004
0.23772011
0.24095692
0.21695225
0.21228725
0.19540962
0.18196343
0.15844866
0.14194325
0.14718643000000006
0.15545762
0.16730866
0.18203962
0.20468666
0.19336862
0.22927153
0.17336266000000006
0.16990629000000002
0.17392725
0.13293143000000002
0.17340343000000005
0.2708439
0.31354618
0.23481918
0.2163011
0.22012537
0.23047392
0.20777153
0.17720106
0.1762282
0.17657678
0.19433629
0.15705488
0.17822306
0.19114488
0.2428882
0.18510415
0.24506534
0.23662020000000006
0.23568297
0.25207725000000003
0.26139629
0.24116202
0.2475414800000001
0.29748774
0.26019725
0.25326343
0.24631343
0.26368248
0.23496011
0.27628869
0.29740897
0.30128436000000003
0.28495297
0.30284678600000003
0.32713439000000005
0.3309118
0.29455249999999994
0.2854333
0.3251011
0.3136111
0.2960525
0.273274
0.29746540000000005
0.3046198
0.2634111
0.280961
0.25916251
0.26749959999999995
0.25775023
0.24173292
0.23481106
0.23963602
0.24160825
0.26845734
0.24798866
0.26823443
0.27519439
0.23034553
0.24994562
0.2400009
0.21674859999999999
0.1940129
0.19457
0.2131347
0.1841876
0.2044778
0.1786401
0.208734
0.29404823
0.28133392
0.28492678
0.26093399999999994
0.3170701
0.30310970000000004
0.28849823
0.2394686
0.2030211
0.2127163
0.2113916
0.2567302
0.2616344
0.30367540000000004
0.2762409
0.2792411
0.28320132000000003
0.28299727
0.26747869
0.24856918
0.27416092
0.24942197
0.22757962
0.2050882
0.2612782
0.26144474
0.32459399999999994
0.2972397
0.28646232
0.31714918
0.32149869
0.28749346
0.30559727000000003
0.28001210000000004
0.23002310000000004
0.27010160000000005
0.26147679999999995
0.27407400000000004
0.28689059999999994
0.30553969999999997
0.2835811
0.26218109999999994
0.24018209999999995
0.24701346
0.23628774
0.2513801
0.23979727
0.17643537
0.17815202
0.23098251
0.22977869
0.23052537
0.25623346
0.2436811
0.27782537
0.27906918000000003
0.28810155000000004
0.26945837
0.24025646
0.174465
0.16066151
0.2070778
0.19665823
0.2080968
0.19784441
0.19097
0.2095
0.26404
0.25338
0.27978000000000003
0.27070500000000003
0.23507
0.23606
0.276215
0.23964000000000002
0.24213
0.228013
0.23307
0.25111300000000003
0.244657
0.294263
0.31691800000000003
0.29585100000000003
0.269674
0.259075
0.268038
0.29665499999999995
0.27395
0.256148
0.24203
0.2067100000000001
0.243862
0.28885
0.30165
0.23924099999999998
0.2701
0.274662
0.324676
0.277976
0.28807
0.298188
0.270512
0.400977
0.41457
0.339584
0.30677550000000003
0.1932
0.15039499999999995
0.206615
0.21309
0.204627
0.203572
0.213118
0.364833
0.37988
0.4098100000000001
0.26922
0.182788
0.17877400000000002
0.18321800000000002
0.18093
0.24382929999999997
0.212123
0.326458
0.379685
0.286744
0.28802
0.19201
0.18972
0.20827
0.1663
0.15642
0.27168000000000003
0.29072
0.25903000000000004
0.2707
0.28074
0.28365
0.28463
0.21808
0.23896399999999998
0.23745
0.23846
0.2406383
0.28541760000000005
0.26369000000000004
0.26557000000000003
0.1950105
0.20323
0.13394
0.1517091
0.17472959999999998
0.2001399
0.2177439
0.1829319
0.1748535
0.2267109
0.2185645
0.2605366
0.2610144
0.18504600000000002
0.18194
0.190904
0.17975000000000002
0.17960899999999996
0.16285290000000002
0.201036
0.2301752
0.1993513
0.26527
0.239499
0.234019
0.24222
0.24490599999999998
0.233634
0.23319600000000001
0.2277391000000001
0.2355757
0.1897608
0.16679499999999994
0.150318
0.14804499999999998
0.18366
0.17556000000000002
0.2091
0.21776700000000002
0.19665
0.26227
0.31502
0.282337
0.28121
0.283167
0.24961
0.25362
0.27174
0.15464
0.22453299999999998
0.20865999999999998
0.19136000000000009
0.19465
0.226699
0.19683
0.19918
0.19809000000000002
0.23534
0.21249
0.20810900000000002
0.26887
0.23102
0.24145
0.197723
0.22419499999999998
0.23644
0.17101000000000002
0.17739000000000002
0.20656
0.14651999999999998
0.14777
0.17871199999999998
0.17510399999999998
0.17307699999999998
0.2033
0.18026
0.18988
0.186445
0.16186099999999998
0.153314
0.16629000000000002
0.14234999999999998
0.15255000000000002
0.12575
0.12082
0.13232
0.16222999999999999
0.21427
0.27849
0.30914
0.319818
0.27841
0.22373
0.175857
0.20363699999999998
0.203552
0.193552
0.192995
0.16781300000000002
0.13580499999999998
0.14139200000000002
0.133187
0.16934200000000002
0.163996
0.182882
0.237865
0.258493
0.289429
0.274622
0.27727900000000005
0.293006
0.320596
0.37578
0.34628000000000003
0.347052
0.29663
0.25616900000000004
0.22712
0.27442
0.255511
0.2542
0.26264
0.27162
0.26180600000000004
0.24073000000000006
0.22584
0.22764
0.28154
0.31205000000000005
0.28665
0.27283899999999994
0.28662
0.3022630000000001
0.347465
0.256524
0.22646599999999997
0.186935
0.26124
0.30263
0.258811
0.24365599999999998
0.2622
0.25972
0.27628
0.21501
0.22274
0.22858
0.20224
0.26301
0.28478000000000003
0.24379
0.25367
0.29304
0.2867
0.26724000000000003
0.26173
0.24175
0.26471
0.21845900000000001
0.251529
0.24990300000000001
0.208006
0.25823850000000004
0.2315564
0.229656
0.188465
0.1668917
0.1874751
0.22003920000000002
0.2345201
0.25640260000000004
0.18753
0.20868
0.2396
0.196888
0.187193
0.169054
0.202544
0.20371
0.21386
0.17886
0.13915999999999998
0.19749
0.20415
0.18739000000000008
0.18657
0.267525
0.34389000000000003
0.29971000000000003
0.223266
0.188499
0.17334000000000002
0.16865000000000002
0.17110999999999998
0.18565
0.21425
0.23944000000000001
0.26271
0.26866
0.27477
0.24997
0.199646
0.24074
0.21958000000000005
0.24429
0.2414
0.24261
0.24472999999999995
0.226298
0.245773
0.186837
0.19984000000000002
0.21734
0.186996
0.16685
0.19752
0.20665
0.23777
0.21411
0.22352
0.18765
0.22225
0.183884
0.18085
0.195174
0.21541999999999997
0.2168
0.18534
0.17207999999999998
0.199668
0.24441
0.249962
0.2396
0.20706
0.24625999999999998
0.2374
0.21193
0.15758
0.14200800000000002
0.14176
0.167415
0.16521999999999998
0.15791
0.180026
0.27822
0.32571
0.30528
0.19069000000000005
0.18668
0.17274
0.16923400000000002
0.15857000000000002
0.19828
0.18574000000000002
0.18726
0.160962
0.19058
0.18614
0.18492999999999998
0.19296
0.15344000000000002
0.131527
0.161641
0.18320999999999998
0.18943
0.205723
0.1952
0.16652
0.15267
0.152499
0.18178
0.15775
0.15354199999999998
0.128816
0.21991
0.22723
0.25345
0.273318
0.27998
0.26934
0.160326
0.20129
0.19345
0.15006
0.17132
0.15059
0.15849000000000002
0.151738
0.19117
0.18607
0.148464
0.1330237
0.127078
0.157526
0.183259
0.184128
0.17487
0.18616
0.20064
0.18787
0.14535
0.15997
0.16199000000000002
0.27209
0.217846
0.214602
0.25969000000000003
0.223728
0.29095999999999994
0.26238
0.2525
0.24798199999999995
0.23406700000000005
0.274133
0.221124
0.235868
0.28609
0.324739
0.275054
0.2294680000000001
0.23554000000000005
0.22628
0.251044
0.298133
0.244501
0.21330100000000002
0.24766
0.24089000000000002
0.254783
0.200479
0.19406900000000002
0.20728600000000005
0.205677
0.231463
0.23345300000000002
0.247395
0.222695
0.18424000000000001
0.2013
0.20934
0.239839
0.16122000000000006
0.16238
0.18155
0.21064
0.193347
0.1749
0.19106000000000006
0.19535999999999998
0.18386
0.20181
0.18021
0.17830999999999994
0.1481
0.12407
0.20429000000000005
0.16193
0.18003
0.16817000000000001
0.14495999999999998
0.16275
0.19937
0.26105700000000004
0.258409
0.25815
0.21364
0.20063699999999998
0.21280900000000003
0.20529
0.200863
0.162879
0.182804
0.154038
0.148205
0.213788
0.211504
0.22375
0.205673
0.225286
0.240378
0.22613200000000006
0.16082400000000002
0.18601
0.19851
0.2314
0.24378
0.22899999999999998
0.16627999999999998
0.17704
0.14454
0.13024999999999998
0.2366000000000001
0.27867
0.278776
0.27519000000000005
0.28347
0.27122
0.28603
0.17604999999999998
0.18878
0.23281
0.19602
0.19919
0.21142
0.22683000000000006
0.208405
0.20411
0.21138
0.2284
0.2144
0.19405999999999998
0.27891
0.3023
0.226889
0.243152
0.216302
0.23709000000000002
0.24596
0.26934
0.29681
0.2794
0.33392
0.239756
0.2429
0.24871999999999997
0.21094000000000004
0.244335
0.275715
0.24383400000000002
0.244667
0.262054
0.27275
0.237
0.23911
0.25645
0.24264000000000002
0.22802
0.23638299999999998
0.23967
0.22188
0.22708000000000006
0.19067
0.20532
0.22762
0.22679
0.21525
0.21949000000000005
0.205043
0.22357
0.1858
0.193458
0.16205999999999998
0.18565
0.26918000000000003
0.24777
0.278578
0.22609
0.19068
0.1856
0.250879
0.26839
0.23949000000000004
0.20549800000000001
0.19836
0.16254000000000002
0.17549
0.18566
0.17600200000000002
0.19798
0.14407
0.2016
0.2105
0.18964
0.22150999999999998
0.19046
0.17528000000000002
0.21189
0.22184
0.19611
0.17502
0.17215999999999998
0.16419
0.17787
0.18838
0.23567
0.24981
0.2263
0.19368
0.16981000000000002
0.109806
0.11053
0.13613
0.18156
0.18125
0.17977
0.164379
0.1644
0.17983
0.18128
0.23725
0.21942
0.17728000000000002
0.23512
0.21988
0.20571
0.191715
0.130092
0.177156
0.14498
0.17149799999999998
0.2403062
0.2302700000000001
0.150032
0.143458
0.20044
0.22060800000000005
0.201014
0.17937
0.19564
0.20751
0.198071
0.23439
0.26363099999999995
0.20986
0.23010999999999998
0.21999
0.19297
0.19976
0.19895
