0.10317286
0.0920737
0.06755670000000003
0.09731870000000002
0.09860290000000002
0.07913540000000002
0.08344820000000003
0.06858526000000001
0.09906650000000004
0.09382980000000002
0.07784730000000004
0.07053910000000002
0.08730900000000003
0.09278260000000002
0.08415090000000003
0.07114310000000003
0.06482235000000003
0.06585045000000002
0.07819260000000003
0.07116730000000003
0.08952440000000003
0.09098140000000003
0.07436496000000001
0.06762396000000001
0.06455010000000004
0.09331951
0.10583076
0.07009595000000003
0.07243410000000003
0.06256024999999997
0.08992400000000003
0.08005696000000001
0.09035296
0.08679590000000001
0.08308190000000001
0.0924337
0.08248725000000001
0.07955160000000003
0.09696016
0.09902136
0.10143026
0.0993545
0.09064395
0.07146370000000002
0.08465880000000002
0.08277965000000004
0.07662055000000004
0.07655275000000003
0.06732495000000002
0.12698930000000005
0.10624845000000002
0.07123790000000002
0.07658355000000003
0.09006130000000001
0.08748316
0.08726510000000001
0.0930192
0.08335915000000002
0.10577670000000004
0.08653425000000002
0.13471270000000002
0.10102270000000003
0.06897935000000002
0.08177470000000002
0.09821156
0.11429366
0.08374305000000003
0.09643955
0.08392560000000003
0.10811150000000004
0.09213480000000003
0.08173125000000002
0.0866708
0.08126415000000002
0.0968917
0.08832635000000003
0.07999085
0.09551256000000002
0.08314560000000001
0.08886135000000002
0.09490866
0.21153716
0.30860847
0.09963802
0.10738219999999997
0.11362976
0.09018186
0.07477840000000001
0.08770080000000001
0.0982812
0.09287745000000004
0.10710210000000002
0.09108496
0.1056849
0.10603136000000002
0.16130286
0.16213291
0.1317494
0.12922366
0.13547906
0.12750406
0.09431116
0.11222200000000004
0.13143255999999998
0.10397126000000002
0.1305821
0.07891875000000002
0.13274601
0.13722896
0.16172750000000002
0.0846572
0.13195421
0.11897041
0.11975510999999996
0.12921866
0.15246870999999998
0.13817920999999994
0.14901016
0.14062681
0.11699450000000006
0.11220966000000004
0.14389550999999998
0.15261920999999998
0.14365451
0.11898666
0.09768331
0.10334980000000003
0.08416256000000001
0.21350142
0.21172216
0.18723695999999995
0.12535836
0.0962139
0.08225796000000002
0.08523606
0.09924266
0.07749080000000003
0.06442070000000001
0.14204621
0.14254553
0.07079880000000001
0.10467950000000001
0.067649
0.10239940000000004
0.095301
0.09020510000000002
0.0709562
0.0947111
0.0792771
0.09482640000000002
0.09753320000000004
0.12468720000000005
0.1424185
0.1169484
0.103332
0.08166310000000003
0.14553842
0.09751476
0.14654516
0.17176222000000002
0.12440482
0.10099696
0.14407421
0.11597271
0.12516786
0.13921625999999998
0.0942191
0.13590270000000004
0.11192245
0.10606665
0.10008450000000002
0.14675510000000005
0.11166086
0.08681389999999999
0.1233987
0.11782560000000004
0.1387151
0.14144430000000002
0.17983266
0.12609320000000002
0.09716625
0.08953660000000002
0.11148640000000004
0.12723416
0.09921135000000003
0.1084115
0.09747825000000004
0.08539706000000001
0.07560400000000002
0.07802350000000002
0.11926000000000002
0.12517720000000002
0.1063347
0.17068066
0.14364036000000002
0.026713260000000003
0.15516076
0.10006489999999998
0.10021926
0.017815110000000002
0.02853476
0.13568
0.14234090000000002
0.16045910000000002
0.09643016
0.09255483000000003
0.11978410000000002
0.11402810000000002
0.12459166
0.12058710000000004
0.1336022
0.18543501
0.15787706
0.17166736
0.07927696
0.14296763
0.05767635
0.15996265
0.16133346
0.17642149999999998
0.07946655
0.17181365
0.14798010000000006
0.1742118
0.17041535
0.16723729999999998
0.06989095000000001
0.16379600000000002
0.0683161
0.18392346
0.16433699999999998
0.16537155
0.0793507
0.16535685000000006
0.16699280000000002
0.17290926
0.16696995
0.0585163
0.14677050000000005
0.1813162
0.05610606
0.15042695000000006
0.16577666
0.04902731
0.16932325999999998
0.01102726
0.13079420000000005
0.14814330000000006
0.14684745000000002
0.13509815000000006
0.13370625000000005
0.15360800000000002
0.15515810000000002
0.14986100000000002
0.12349695000000005
0.09468080000000002
0.15614986
0.15879820000000006
0.15517986000000006
0.14672586
0.13773429999999998
0.1463316
0.17150336
0.13367410000000005
0.14738965
0.17324309999999998
0.1498742
0.13833925000000002
0.13677115000000006
0.16173620000000005
0.15561610000000006
0.13592210000000002
0.16402355000000002
0.12967925
0.09934240000000004
0.08677420000000002
0.092599
0.10617003000000004
0.09730175000000002
0.11033098000000004
0.11043635000000004
0.0978253
0.04592302
0.15269263
0.0677423
0.10582313
0.10181517000000002
0.08556377000000001
0.1483595
0.1201724
0.13274100000000005
0.12190060000000001
0.15596277
0.15881995000000002
0.14022658999999998
0.10918242000000004
0.14344647
0.10219502
0.14632636000000002
0.13063677
0.15602112
0.04727752
0.12153117000000002
0.15362807
0.15993282
0.16832407000000002
0.14146062
0.14669998
0.05995678
0.16272868000000004
0.15458498
0.03648827
0.14898852
0.15642812
0.04499312
0.14417512
0.04621332
0.05042832
0.10454902000000002
0.09998668
0.15360337999999996
0.09357252000000002
0.11083013
0.12523069
0.11246638
0.13220313
0.12426018
0.15522423000000002
0.18591443
0.17668558
0.22169419
0.09447923
0.19525643
0.17899133
0.20496418
0.19740358
0.18629677999999994
0.17710018
0.17376888
0.16714621999999998
0.18495292
0.16285438000000002
0.17193222000000002
0.16627017000000002
0.17094742000000002
0.16808687
0.17516527
0.16296992
0.18447537000000008
0.17993146999999998
0.16716257
0.16316742
0.18499167
0.17828802000000002
0.17794126999999998
0.18649048
0.15333101999999998
0.16528842000000002
0.16337502
0.18282857
0.17791427
0.15169172000000006
0.17608987000000004
0.16605247
0.15878182000000002
0.06964366999999999
0.07570542
0.16873302
0.17623222
0.17059172
0.07082801999999999
0.16007012000000004
0.19753317
0.01969942
0.01480126
0.11544716
0.14511232000000002
0.13345656
0.11525712000000002
0.16181897000000006
0.17259992000000002
0.18882102
0.16075067
0.16008837
0.06138872
0.15346496
0.15768951999999994
0.06111752
0.17190337000000006
0.07554852
0.15849747000000006
0.05864767
0.15852658
0.15685767000000006
0.06280142
0.15474552000000005
0.15731212000000006
0.06329102
0.17533582
0.16035442
0.18565447
0.15925847
0.14909137
0.06418947
0.13832467
0.06458402
0.16003697000000006
0.18712847
0.16499212000000002
0.15851082000000002
0.17752052000000004
0.18458052000000005
0.18256312
0.08572002000000001
0.09160142
0.19685526
0.16653947
0.15538557000000006
0.06065067
0.151920088
0.21172112
0.14758777
0.20995143
0.21620053
0.18876632
0.16303802
0.17360862000000002
0.17071612
0.16619007
0.13496182
0.13008092
0.14269817
0.13532877
0.13012467
0.18492467
0.10892052
0.18591117
0.20910172
0.13906702
0.15255937
0.17188082000000002
0.16204492000000004
0.1852940700000001
0.17925037
0.14106162
0.03369493
0.12676083
0.08772139999999999
0.1163962
0.08104739999999999
0.08757634
0.08549809000000001
0.09597915
0.14106027999999998
0.09173302
0.09075836000000002
0.09752456
0.09889056000000004
0.10114391000000003
0.09835671
0.10459676000000002
0.02461632
0.16927206
0.09553672
0.14360162000000004
0.16562892
0.10632562000000002
0.09952207000000003
0.10571197
0.14894881999999998
0.14944551
0.14870182
0.10555607000000004
0.10765152
0.09789486
0.10812572
0.09490142
0.12236972000000006
0.10271857
0.17852547000000002
0.10472867000000002
0.12873472000000002
0.12060856
0.13177377
0.12591232
0.09837067000000002
0.09784777000000004
0.09679287
0.13979648
0.12929573000000005
0.12423659
0.10344938000000002
0.10707747
0.11736546
0.10121501000000002
0.10912856
0.10873016000000002
0.13350401
0.09901536000000004
0.15005033
0.11136831
0.01458386
0.11381642
0.02311453
0.09913291000000003
0.10097836000000003
0.10957332
0.11108813
0.16189993000000005
0.14466453
0.02759172
0.11025118
0.11446973
0.10516482
0.09039112
0.11379832
0.14061268
0.06514158
0.09051382000000002
0.12978662000000002
0.14686247
0.15057912
0.16531737000000002
0.20222627
0.19725916
0.20101497
0.20286977
0.21279352
0.21258347
0.19118882
0.15928197
0.16939991999999998
0.17033372000000002
0.10081586
0.20626946
0.20946926
0.21453332000000008
0.12042192
0.19997436
0.21188542
0.23122292
0.20784186
0.18939962
0.20324822
0.21609792000000005
0.21039516
0.11506336
0.15695301
0.15646816000000002
0.04901832
0.15980766000000002
0.17482517000000006
0.01628482
0.15932316000000002
0.13820277
0.14458986
0.16408396999999994
0.14428387000000004
0.12107782000000004
0.11807606
0.12316646
0.14353922000000002
0.01634546
0.015258009999999997
0.11729476
0.14421611999999998
0.12668922000000002
0.18695352
0.11747412000000006
0.12577639999999998
0.14303890000000002
0.13743689999999995
0.17329461
0.21637550000000005
0.22697594
0.2191759600000001
0.22229302
0.21907772
0.11238352
0.23119487
0.10040562
0.17681922
0.16802506
0.20100508000000009
0.21381219
0.19447521
0.23666947
0.23401832
0.16907022
0.14732207
0.09554887000000002
0.10371887
0.01619312
0.10579202000000004
0.20622362
0.22645208
0.21560402
0.19435332
0.19663902000000005
0.19051817
0.18788517
0.07423242000000002
0.07467106
0.09894695000000002
0.07549147
0.12003661999999996
0.12299337000000002
0.15284312
0.19380792
0.17843877
0.15662458
0.18812087
0.20600467
0.18795827
0.17806802
0.19112937
0.11644842
0.15141078
0.25068832
0.24899257
0.11637232
0.21770106
0.21458222
0.21808777
0.21273002
0.22945162
0.22109977
0.21734317
0.24017132
0.21978027
0.21849207
0.20541417
0.21068402000000008
0.23141102
0.21169367
0.19325872
0.22847237
0.15235206999999998
0.11739431
0.12007001
0.12592186
0.12915231
0.11898986000000004
0.13297296
0.11895616
0.12286311
0.13334606
0.11942556
0.11930786
0.11589146
0.12693542
0.11890896
0.11013256
0.11748371
0.1258022
0.12599626000000005
0.17758822
0.06274255999999999
0.13769261000000002
0.11797121
0.12881401000000006
0.16881041
0.16505336
0.16263981
0.16342861
0.05737161
0.05955161000000001
0.16242751
0.16358601
0.17197721000000002
0.060419710000000015
0.16502186
0.05822406
0.24063822
0.17805222
0.15401246
0.17767486000000002
0.16813211
0.19450251
0.19993026000000005
0.16224832000000006
0.14702901000000004
0.05441971
0.07049421999999997
0.05457981
0.01197686
0.28044933000000005
0.35807049
0.17078677000000006
0.12259651
0.17516541
0.18357886
0.21282212
0.18631527
0.06262422000000001
0.08354177
0.20046227
0.22468056000000008
0.18140992
0.24195877000000005
0.19486597
0.24077362
0.24572507
0.20568148
0.24975963
0.11438802
0.2268210300000001
0.20771778
0.12681018
0.20140278
0.26876829
0.26787294
0.26268603
0.22794748
0.24423264
0.2341865300000001
0.18987168
0.18433498000000004
0.17466797
0.21610902
0.19678337
0.21740458000000004
0.20771252000000004
0.19843012
0.15239850000000002
0.1382735
0.1413124
0.141991
0.16510582
0.25385536
0.22280296000000005
0.30287878
0.26020788
0.24952722
0.11614243
0.10942453
0.16048183
0.26472382000000005
0.24409197000000005
0.28627772
0.11144852
0.27551463
0.20310042
0.21434837
0.22066902000000005
0.10834913
0.09311917999999997
0.20251888
0.07157167
0.06638437
0.06125822
0.22005459
0.20523648
0.20155552
0.20168467
0.19095212
0.06034702
0.19976172
0.19451657
0.19951292
0.21730908
0.23910668
0.12284548
0.23755172
0.10950597
0.26443969
0.23282728
0.20915927
0.2343358200000001
0.22918572000000004
0.21860277
0.21376642
0.23934752
0.21332707
0.08902921999999999
0.22221402
0.08606927
0.21787107000000008
0.23203822
0.08508277
0.21377027
0.20932272
0.21969737
0.22845987
0.22294847
0.22868917
0.21753841999999995
0.23277262
0.21607612000000004
0.22067197
0.23181652000000005
0.10168772
0.08520182
0.21550521
0.22860536
0.23233467
0.21748907
0.22083052000000009
0.21437027
0.22561782
0.24447143
0.23301502
0.23677847
0.21517796
0.21937992
0.21663662
0.08456952
0.06244002
0.17274501999999994
0.05635122
0.28353872
0.28095593
0.28457878000000003
0.12032562
0.10276268
0.21304548
0.04350141999999999
0.04164227
0.16899087000000002
0.18477006
0.19568847
0.18411757000000006
0.04482407000000002
0.19425602
0.18731692
0.23785927
0.21987147
0.18758407
0.18737752
0.09696596
0.09119607
0.17521667
0.21720877
0.08752147
0.21947117
0.19518762
0.15443102
0.17173987
0.23493922
0.23983332
0.21199857
0.06839502
0.09639569
0.23850312
0.08677282
0.16716167
0.16911082000000002
0.03919382
0.16870117
0.02429988
0.22072274
0.08859387999999999
0.17139761999999995
0.19921377
0.08688263
0.015003879999999997
0.19480352
0.20735102
0.19305918
0.11646018
0.12207640000000004
0.13427062
0.16762236
0.21485104
0.16194274
0.18152768
0.22224172
0.21083997000000004
0.21820047
0.24501302
0.17549257
0.08155876000000001
0.20939016000000005
0.18515561000000005
0.18163176
0.22778596999999995
0.19530912
0.22892846
0.05069346000000001
0.18451616
0.18667452
0.20583296
0.18959156
0.07170301
0.21039107
0.21428737
0.20179436
0.20986642
0.19807421
0.07315296
0.06460782
0.17415377
0.14051066999999998
0.16867968
0.24338563
0.2270657700000001
0.11099782
0.24824712
0.23277291
0.06801795000000001
0.24840211
0.23340135
0.24976306
0.02558515
0.22991935
0.24439206
0.21713606
0.18446825000000008
0.18662371000000005
0.23193845
0.21010362
0.20097621
0.20601822
0.20138846
0.18492521
0.01913276
0.02252416
0.19240802
0.25239258000000003
0.24730778
0.19910437000000009
0.19114372
0.19445452
0.20257897
0.19870757
0.21447292
0.19199477
0.19532267
0.21069342
0.19612692
0.20441618
0.22374952
0.20305616
0.20396756
0.21375221
0.21291576
0.20174086
0.20633051
0.19588846
0.20302761000000005
0.20835606
0.20150252
0.19745526
0.19693891
0.19870180999999995
0.20619071
0.19994741
0.19344261
0.19884171
0.19032025
0.20878121
0.20293081
0.22746504999999995
0.23172265
0.23527931
0.23603266
0.24213516
0.24868326
0.23752832
0.24082282
0.24193026
0.24001307
0.25023843
0.36232983
0.40837663
0.3907199300000001
0.39711948
0.34465222
0.24857602
0.21697786
0.23865506
0.24788032
0.26289362
0.24070702
0.23263742
0.22780222
0.23828742
0.23664742
0.23932977
0.23680746
0.25600562
0.25830116
0.25592026
0.23892456
0.26372977
0.2475922700000001
0.22762021
0.21109121
0.25187406
0.20461402
0.21686311
0.21168076
0.22717887
0.24005082
0.25597463000000004
0.18768937
0.19817262
0.03045122
0.037026920000000005
0.21568226999999995
0.15956842
0.20657267
0.20425348
0.25925271999999994
0.20603782
0.19706402
0.19750842
0.25251318
0.25336842
0.26674597
0.22806742
0.22045546
0.22698026
0.23037496
0.22731596
0.22760971
0.22493592
0.22523836
0.25052747000000003
0.19020556
0.21186078000000005
0.28421463
0.27185088
0.29451363
0.30381028
0.23282112
0.23983216
0.24134132
0.28473027999999995
0.25504417999999995
0.1818993200000001
0.22009417
0.18682098
0.01847417
0.20608548
0.013116360000000002
0.013458819999999998
0.22662707
0.17872816
0.18107516
0.19010082
0.17901236
0.22039948
0.20647076
0.26318882
0.23758026
0.217661178
0.25276462
0.27935456
0.28046312
0.22323450999999994
0.22370921
0.22342791
0.22623691
0.2693821200000001
0.26214106
0.26377397
0.24364532000000005
0.23359282
0.24142577
0.24953282
0.22984042
0.22991272
0.22553186
0.22918132
0.22303577
0.06327938
0.28986498
0.19677322
0.23281218
0.22778532
0.02589847
0.02254327
0.21992558
0.2298448700000001
0.26595712
0.27624393
0.28277392999999995
0.26744562
0.29312477
0.29640002
0.06369272
0.07611332000000001
0.25054488
0.22968953
0.19592762
0.22540767
0.24179382
0.26498338
0.22954667
0.19610636
0.22343946
0.20538056
0.19519967
0.18836722
0.16967952
0.13004143
0.02850008
0.15386718
0.21065103
0.04697863000000002
0.21595102
0.20344236
0.20314855
0.20880911
0.20259291
0.20052576
0.21075566
0.22058287
0.20103046
0.21172392
0.20449572
0.21997486
0.22147706
0.20638956
0.19815476
0.19205342
0.19797231
0.20492616
0.22905236
0.19947812
0.19353006
0.22115236
0.19974621
0.21728421
0.21726475
0.22754386
0.21336325
0.27385575999999995
0.26977246
0.24785056
0.23349091
0.24722285
0.23105370000000006
0.24625515
0.22950186
0.24214532
0.22968862
0.23242432
0.21971812
0.21113052
0.20967442
0.2069973
0.19581575
0.20702975
0.23545566
0.21071282
0.22102312
0.19301867
0.20102421
0.21017617
0.20759476
0.19773991
0.19928811
0.32430046
0.31089946
0.31492612
0.26676281
0.39846561
0.38661795
0.38976011
0.33765101000000003
0.28550172
0.28014462
0.27305572
0.27897536
0.19969862
0.20990382
0.24218382
0.20560531
0.23719002
0.22619231
0.23256766
0.23715057
0.20084241
0.20177101
0.21063801
0.21680556
0.35586527
0.37582097
0.29285727
0.21977701
0.21555306
0.22249826
0.21894821
0.21656331
0.22291611
0.21137811
0.32461902
0.32397342
0.31648622
0.27554726
0.22269006
0.21473911
0.21069351
0.22392836
0.21983711
0.20768991
0.23525357
0.20799115
0.21904721
0.21881411
0.20856866
0.21048476
0.22674401
0.21361866
0.21654435
0.20759076
0.23656476
0.21897851
0.20614111
0.20749436
0.21327356
0.22443746
0.24864466
0.24317031
0.24546156
0.22457945
0.21171816
0.22572682
0.32560262
0.40646768
0.25843253
0.24825577
0.23077037
0.24117237
0.23768666
0.20278671
0.22869661
0.24200861
0.21806141
0.20476375
0.22819096
0.23921772
0.24165627
0.24350476
0.20359671
0.20151281
0.20198431
0.21741671
0.23438006
0.21677266
0.21416146
0.21418421
0.23343626
0.21311621
0.20358631
0.20275681
0.23385852
0.23376662
0.22236951
0.22565701
0.22746826
0.22221148
0.24083768
0.22247536
0.20943606
0.19754471
0.24505337
0.25616782
0.26961057
0.29474302
0.27057122
0.27176046
0.27737452
0.27855912
0.26846162
0.22345142
0.23604596
0.23471186
0.23242051
0.25091622
0.23417346
0.24440751
0.24311376
0.22353231
0.23463956
0.22712925
0.22429902
0.24416016
0.22920522
0.22975536
0.25919046999999995
0.23551772
0.20877531
0.19610431
0.20040951
0.27582287
0.27859152
0.28356637
0.24237677
0.20318206
0.19966666
0.21632622
0.20506152
0.20189537
0.19851982
0.20087187
0.25344118
0.20828946
0.20295012
0.20900227
0.19805982000000005
0.19921836
0.20475137
0.20165552
0.21189086
0.20223876
0.23023956
0.24692951
0.24809572
0.26345103
0.20062087
0.20062452000000008
0.26578878
0.30069787
0.29838888
0.30204358
0.28062318
0.27383082000000003
0.26700697
0.26236167
0.25956257
0.27378547
0.23698106
0.19935285000000005
0.21773482
0.22637303
0.22581347
0.20341942
0.20112692
0.20374382
0.22677017
0.22013017
0.22869372
0.21917212
0.21792492
0.20201162000000009
0.20083636
0.19973861
0.19930587
0.20090396
0.20045011
0.20013105
0.22273792
0.20806881
0.20503182
0.21072572
0.22002412
0.20265495
0.24300021
0.20071345
0.24969061
0.20116396
0.19934112
0.05243736
0.05142066
0.25344212
0.25123642
0.24507686
0.29814027
0.29367172
0.24214647
0.24368872000000005
0.19939916
0.20856176
0.24056752
0.21407796
0.23372136
0.20441071
0.2493258200000001
0.25505096000000005
0.2076271600000001
0.23296171000000004
0.01670566
0.23250076
0.28410112
0.05818777
0.23959022000000005
0.20210042
0.22068267000000005
0.23892407
0.24244222
0.24005612000000004
0.2332528100000001
0.18940176000000009
0.23218176
0.19126746000000008
0.23326427
0.21838862
0.24434212
0.20317282
0.23468166
0.25457896
0.21664626
0.21509892
0.22356587
0.23374892
0.18895322
0.21619572
0.19772772
0.19497872
0.23084682
0.22790016
0.22904836
0.21403456
0.22508012
0.21630021
0.19169877
0.22676276
0.21307166
0.22281991
0.23267452
0.22687442
0.22893636
0.21536291
0.22400846
0.2264874100000001
0.22754042
0.23509412
0.2285993600000001
0.22619306
0.22596806
0.22567771
0.22651716
0.23110942
0.23650162
0.22779491
0.2326120200000001
0.22929462
0.21337622
0.18288487
0.18107362
0.23522847
0.2318136600000001
0.22367642000000004
0.22527402
0.22616806
0.22786202
0.22956042
0.30675012
0.22095077
0.24222857
0.23987612
0.27114037
0.27345162
0.23298837
0.25021121
0.27355747
0.26006772
0.22271876
0.21239856
0.21891442
0.21616006
0.30757601999999995
0.19282332
0.18823672
0.22772462
0.18860632
0.2267702100000001
0.22871896000000005
0.23506406
0.23947137
0.18831366
0.18660742
0.19015845
0.16295252
0.01471957
0.24312617
0.23009357
0.23608272
0.22332557
0.24591487
0.22474021
0.22573542
0.19857977
0.19900826
0.19123856
0.19062322
0.18644276
0.23366156
0.21929551000000005
0.22245917
0.22738742
0.21792742
0.19170772
0.21966407
0.21913462
0.22813637
0.21494382
0.21685442
0.18174507
0.22853097
0.22204608
0.18189242
0.22026202
0.22470362
0.22252467
0.22298847
0.22716082
0.24164097
0.24169476999999995
0.21673486
0.22335817
0.22650786
0.21509297
0.23401752
0.19991497
0.21449982
0.22652407
0.25363432
0.19172752
0.20280822
0.18545917
0.19308398
0.18448252
0.21179242
0.21340933
0.23199383
0.21883272000000006
0.20467712
0.20648352
0.18689551999999995
0.19454572
0.33879314
0.31613638
0.19045748
0.20909058
0.23030883
0.20846332
0.21324977
0.20918012
0.22920097
0.21681276
0.19579322
0.20787436
0.24355483
0.22855997
0.22299272
0.18503602
0.23303678
0.20168162
0.18645752
0.19220457
0.20939258
0.20207623
0.19764588
0.18533502
0.19699377
0.18491207
0.18382707
0.21414428
0.20360608
0.17994592
0.18198507
0.18849752
0.2314973800000001
0.27028808
0.26281458
0.25520853
0.22196733
0.20104868
0.01423198
0.19054417
0.20893863
0.19917758
0.21531118
0.19848277
0.20399242
0.17043528
0.23465163
0.24151558
0.23122662
0.22701183
0.22287918
0.19526002
0.21875242
0.24668758
0.27963174
0.27854888
0.30598408999999993
0.29405359000000003
0.23757168
0.26728564
0.27081439
0.247093
0.12900384999999998
0.03749308
0.08885733
0.032664830000000006
0.08373283000000001
0.07838508
0.07171438000000001
0.09908389
0.10392388
0.10157538
0.10057004
0.17027748999999998
0.15229221
0.10859420000000004
0.12907301
0.11735510000000003
0.09907065
0.12201311
0.11067259000000004
0.11883571
0.11497044
0.10199234
0.09236188
0.08768223000000001
0.07571047000000003
0.08098802
0.08482666999999999
0.09846678000000003
0.07957302000000001
0.08907112
0.10720538
0.09343482
0.08666962
0.09427203
0.11807123
0.12508393
0.11159973
0.10018313
0.11900833
0.11720173
0.14211024
0.12515132
0.09247212
0.10370252
0.10464242
0.10719708
0.11466023
0.10042532
0.09232538
0.12456652
0.12024608
0.09944038
0.09711563
0.11537858
0.11797578
0.10084523
0.08942268
0.10407908000000002
0.10647488
0.13467683000000005
0.10381358
0.10043563
0.11518064
0.12867763
0.1835491
0.16886263
0.14606878
0.15577004
0.13925174
0.11942994
0.12652574
0.13999077999999998
0.12226744000000002
0.14934648
0.14171748
0.12940728
0.14724398
0.11591003
0.13242078999999998
0.23625924
0.31777806
0.13599883999999998
0.12641328000000002
0.15508104
0.16410714
0.11477914
0.11873039
0.12877479
0.10468249000000003
0.14940604000000002
0.10950188
0.10424638
0.10826834
0.1503675
0.17191809
0.11829927999999998
0.14166404000000002
0.13835964
0.1591098
0.11142344
0.10654793
0.13631128
0.16163758
0.15999988
0.14004888
0.12691647
0.15109408
0.13876642
0.16349192
0.18149619
0.16308073
0.14244782
0.16257843
0.15258213
0.15197588
0.24360328
0.14774053
0.13086737999999998
0.18664268
0.20505583
0.16570098
0.11812924
0.2896679600000001
0.27532549
0.16680863999999998
0.12985724
0.16735253
0.16960083
0.16419844
0.14881487999999998
0.13924028
0.12094867
0.13554372999999995
0.14669733
0.13682273
0.12361772
0.12782738
0.12879088000000002
0.13824793000000002
0.12818658
0.14357463
0.12533118
0.13713248
0.16101198
0.16999489
0.13036682000000002
0.12899502000000002
0.12316343000000002
0.12850293999999998
0.23165210000000003
0.07047828
0.07876508000000003
0.07407388
0.10733394
0.10048618
0.08881272999999999
0.09476344
0.16922509000000002
0.20657364
0.17730928
0.14451873
0.11518857999999994
0.12049068
0.13165843000000002
0.11657598
0.15124533999999998
0.13277678
0.07899682999999999
0.12665694
0.13898333999999998
0.09751193
0.07679007
0.07779196999999999
0.07759301999999997
0.16583133
0.12746628
0.12066168
0.10253673000000002
0.07720252999999999
0.13489558
0.08034208000000001
0.14762664000000006
0.13078874
0.08129213
0.10117884
0.08372662000000003
0.07767842
0.08428012000000001
0.10161128
0.07374352
0.08107628
0.07539787
0.10941438
0.10474063
0.09219018
0.07550927000000003
0.11006543000000002
0.07256248
0.06949642
0.07332517999999999
0.13219288
0.12996288
0.13617468000000002
0.13833628
0.08586672000000001
0.10172733
0.08862552
0.08216826
0.08118456999999997
0.07671982000000001
0.07022956000000001
0.07077766
0.09932937
0.10419402
0.07746537
0.07174662
0.10509028
0.09498958
0.06883366000000002
0.06985756000000001
0.06890096
0.07076642
0.09099347000000002
0.06981056000000001
0.07916147
0.07031066000000001
0.10901277
0.07014587
0.06878952
0.06939726000000003
0.06950752
0.10406582000000003
0.11502956
0.07088577
0.07920582
0.07014492
0.06883836
0.07696312
0.07138367000000001
0.12808908
0.09469382
0.09240682
0.09430102
0.09870757
0.07970598
0.16200343
0.17012033999999998
0.14781834
0.08704688
0.07559492000000001
0.10498562
0.10547594
0.09411178
0.07794247000000001
0.07751617000000001
0.07402727000000002
0.07223001999999999
0.07028787
0.08065673
0.07904932
0.07498801999999999
0.07333392
0.07380417000000003
0.07354611999999999
0.08575437999999999
0.08114241999999999
0.08208877
0.07814012000000002
0.11943288
0.13591047
0.12430928
0.14112243
0.12300978
0.13757968
0.08752882
0.07844667
0.08866123
0.09318393
0.08208898
0.12250233
0.11524728
0.12035863
0.11678228
0.11009553
0.12405708
0.10005043
0.07935477
0.09761803
0.10319283
0.08395322000000001
0.11745474
0.11682038000000004
0.07557293
0.07046256000000001
0.12344567
0.12987487
0.13310713
0.16523213
0.13065717999999998
0.11446973
0.10601693
0.09703588
0.09551148
0.10545088
0.10907014
0.08671663
0.09632027
0.09499397
0.07884768
0.09520187
0.10395673
0.09075876
0.08860388
0.14673328
0.18456124
0.15006108
0.14691668
0.14872958
0.10698853
0.14347097999999994
0.14942663
0.14380913
0.17121289
0.16267714
0.14872648
0.14474869
0.16406014
0.15020699
0.15351859
0.15900284
0.14166099999999998
0.10632449999999999
0.1044944
0.10343424
0.10772614
0.13522699999999999
0.11761869
0.12215409
0.13382550000000001
0.12520639
0.15271864000000002
0.11970089
0.11266509
0.18036124000000006
0.19563115
0.13134774000000002
0.14910448999999998
0.2018576
0.17042870000000002
0.0984321
0.11699975
0.13053204
0.09119844
0.06701699
0.09550404
0.07260134
0.13347071000000002
0.05644763
0.07663094
0.1174911
0.10671644
0.09170484
0.04704548
0.13070458999999998
0.13208159
0.07390598
0.08178549
0.05099128
0.05152173
0.05820073
0.12073901999999995
0.13938881
0.18065625
0.11517514
0.06781504000000001
0.14076654
0.05442163
0.07478212999999999
0.05489338
0.05715952000000001
0.08743588000000001
0.09339338
0.05583548
0.06709848000000003
0.04945912
0.04820547000000002
0.05006437
0.05759673
0.054318380000000006
0.07561583
0.04798642
0.05585757000000001
0.05003542
0.05356932
0.08783104
0.14626489999999998
0.11167309
0.10422798
0.10280468
0.09233858
0.07945703000000001
0.08461703
0.12264219
0.09835893
0.09186124
0.061026520000000015
0.06976338000000001
0.07715748000000001
0.07020138000000001
0.06607268
0.06417558
0.06083332
0.07582172000000001
0.07648152
0.07985553000000001
0.06724812000000001
0.11367649
0.08441142
0.07632758
0.07783978000000001
0.05005916999999999
0.06250047
0.06507312
0.06067572
0.05285272
0.08390047
0.04910237
0.05261057
0.07368313
0.05343841999999999
0.10735243
0.10074362
0.12302088
0.09015452
0.09717002
0.10620267
0.10657242
0.08910967
0.10212188
0.10430973
0.10304898
0.11555398
0.10510748
0.09823422
0.09448507
0.10591408
0.15062282
0.09723102
0.09237177
0.08816362000000001
0.09584492
0.08429417
0.08375872
0.10323198
0.09969407000000002
0.13719852
0.14305223
0.08607414000000002
0.07787308
0.058078520000000015
0.13671073
0.18241198
0.15548573999999998
0.18474303
0.16675352999999998
0.10545178
0.06613868
0.06274008
0.13011413
0.18764728000000008
0.13852538
0.057702179999999985
0.16290533
0.17823503
0.14860064
0.1575547
0.23220765
0.10571754
0.11268524
0.13933220000000002
0.1402013
0.10818701
0.13301165
0.11012534999999997
0.16404765999999998
0.08880919000000001
0.08993963
0.10124938
0.05339122
0.04806452
0.10563068
0.06803142
0.11362428
0.09726258
0.08603026999999999
0.08354488
0.10991052
0.052632020000000015
0.06360482
0.05089812
0.07510072000000001
0.05544722
0.04745432
0.10154458
0.09665792
0.10623152
0.09893852
0.10907362
0.09957404800000001
0.12451578
0.19629889
0.17433184000000002
0.11298193
0.16562733
0.21009688
0.15749828
0.15582973
0.11283882
0.10082932
0.11846633
0.06173102
0.06631026999999999
0.06493702
0.06071021999999999
0.05895367
0.06665038
0.08803438
0.10046748
0.15210420000000002
0.06004154
0.055829630000000005
0.06912893
0.11932263999999998
0.09984933999999998
0.10204534
0.05244588000000002
0.04880218
0.05053103
0.10987359
0.15420783999999998
0.11810404
0.12526858000000002
0.10993978
0.13795484
0.13633824
0.06815878
0.05920038000000001
0.07042478
0.05550322
0.06889242000000001
0.07620392000000001
0.10963924
0.07773713
0.07030038000000001
0.05216673
0.08090383
0.061983820000000016
0.05934637
0.08425162
0.048979360000000007
0.04887677000000002
0.11935618
0.10289752
0.10992367
0.11236007
0.11668927
0.12010917000000006
0.10564756
0.10349787
0.10158202
0.10613032
0.10198022
0.11472387
0.10540347
0.11453937
0.12427752
0.12554727
0.10331692
0.13118386999999998
0.13215762
0.10417527
0.09234647
0.10167198
0.10758287
0.09453407
0.06755032000000001
0.04855177
0.08368961999999999
0.05829437000000001
0.08864372000000001
0.09328498
0.07994177
0.08443888
0.08692857
0.10008278
0.10213968
0.08812958
0.08386993000000001
0.08943388
0.09394158
0.09116498
0.06565768
0.07555378000000001
0.06161402
0.05129232
0.05313821999999999
0.05846572
0.06155812
0.05202002000000002
0.05258877
0.05402797999999999
0.05763482
0.05192732
0.05490322
0.07561573
0.06597572000000003
0.06274362
0.05426621999999999
0.05740452
0.10981452
0.12489638
0.11871222
0.05788432
0.05663232
0.06300752
0.09243332999999998
0.09627173
0.07526382000000001
0.10908748
0.07983962
0.10366318
0.08336392
0.07308712
0.07248747999999999
0.07394048
0.07252728
0.13558544
0.15883174
0.09878274
0.01366077
0.08724938
0.05440102
0.07836378000000001
0.053587219999999984
0.07641541999999997
0.06168122
0.05404347
0.05305182
0.053801970000000005
0.05351866
0.06007782
0.06597962
0.05688506
0.060460960000000015
0.07820112
0.06657052000000001
0.07665024
0.25042807
0.24728307
0.24356902
0.24793918
0.26592293
0.24775072
0.2588266300000001
0.23994902
0.23852788
0.06690042999999997
0.21170448
0.24914298
0.25230998
0.23678917
0.23850722
0.23841807
0.05447152
0.05294572
0.05441996
0.058938219999999986
0.06518382
0.08250243000000003
0.06231132
0.06306362
0.05332036
0.07007822000000001
0.09085567
0.09207173
0.08817088000000001
0.06758057
0.06737287
0.05571596
0.05641107
0.06088607
0.08440702
0.10903147
0.10797257
0.05471656
0.06154632
0.07259286
0.05581086000000001
0.07287977
0.06027071
0.06683752
0.058730969999999987
0.10314685
0.11140791
0.05562277
0.06733222
0.25250982
0.25928892000000003
0.25407822
0.25406347
0.24313818
0.25194062
0.24482453
0.18028532
0.06626947999999999
0.09528747
0.09300213
0.06955097
0.09432228
0.09692614
0.09117557999999998
0.06740652
0.09436828000000004
0.08469552999999999
0.07414357
0.08565992
0.08221777000000001
0.07307312
0.07893536999999999
0.09870042
0.07700602
0.08443632
0.08092385999999999
0.07770596
0.07544432000000001
0.07719766
0.07924842
0.07581616000000001
0.07617586000000001
0.08079862
0.07838476000000001
0.13803478000000002
0.13880878
0.10973802
0.11156876999999996
0.07559922000000002
0.08875337
0.07637342
0.07673777
0.07480276999999999
0.12955998
0.07347406
0.07948846999999999
0.08331172
0.07865802999999999
0.06408992000000001
0.07611697
0.08778707
0.10407623
0.09189427
0.09629312
0.09890297
0.15885032999999998
0.29083605
0.08651199
0.09481072
0.08896742
0.08297301
0.08274972
0.09607402
0.09925997000000003
0.09107717000000004
0.13087422
0.03192977
0.08489781999999997
0.01522917
0.13401712999999998
0.0693253
0.098169
0.281999
0.2529085
0.25260150000000003
0.25153020000000004
0.2604448
0.08722210000000002
0.07657850000000002
0.07801029999999999
0.0735927
0.0950878
0.07837100000000001
0.0752699
0.0745365
0.0737865
0.0738283
0.0732521
0.07405080000000001
0.1250336
0.1229053
0.12284099999999998
0.12637969999999998
0.1273779
0.12959500000000002
0.15601900000000002
0.12590810000000002
0.13791009999999998
0.1401125
0.056369900000000014
0.14483429999999994
0.0506959
0.14600239999999998
0.1220884
0.1255301
0.1261369
0.12515110000000002
0.14765878
0.20958904
0.07083148
0.08252535999999999
0.07810685999999999
0.029077559999999995
0.08314421
0.07833356
0.06402756
0.13116652
0.06848776999999999
0.08238896
0.08521382000000001
0.0704076
0.0721188
0.07074190000000001
0.07120549999999999
0.2580519
0.2618217
0.2523181
0.2540066
0.0723429
0.0642259
0.068071
0.06618900000000001
0.060377989999999986
0.11201769
0.11767544
0.11303193
0.09835323
0.07717478
0.04574746
0.06097922
0.05729047
0.04425406
0.05596222
0.04885587
0.05361922
0.06060113000000001
0.05681112
0.04158097
0.08350127
0.09643162000000002
0.09227498
0.11850802
0.13659348
0.14662132
0.0471429
0.0628528
0.08434420000000001
0.08654590000000001
0.08998139999999999
0.0982168
0.1515697
0.11991979
0.20854178
0.14738442000000002
0.10627056
0.18602672
0.22615803
0.20058242
0.10680391999999997
0.09167388
0.08826748000000001
0.12607668
0.13435784
0.11576568
0.11087734
0.13552574
0.16827744
0.19029498
0.15132178
0.15544924000000002
0.11693498
0.04457963
0.12236479
0.038863890000000005
0.09394462
0.09206493999999996
0.13552861000000002
0.14715731
0.14492033
0.13414331000000002
0.15642068
0.07978738
0.13435616999999994
0.12787305999999998
0.06495812
0.12979252
0.13073108
0.06974978
0.06626576
0.13276780999999996
0.13339756000000005
0.07418912
0.16907408
0.18744692
0.19341883
0.16408702
0.16188377
0.13661102000000006
0.13763156
0.06320257
0.13782016000000002
0.13892492
0.06548007
0.06404747000000001
0.05030787
0.14999098
0.14265632
0.06877978
0.06506428
0.17942977999999998
0.14025117
0.19066752
0.19267567
0.19711378
0.1899724200000001
0.20615098
0.13403453
0.12019358
0.18971747000000005
0.18180912
0.20921753
0.17988878
0.1883634200000001
0.18928297
0.18010708000000006
0.19602434
0.18563048
0.01360268
0.01686404
0.14307427999999994
0.043904998
0.20951864
0.22760668
0.22361583
0.09109598
0.22055243
0.23674263
0.22644958
0.20541832
0.20715398
0.22521258
0.20077968
0.06242428
0.046315930000000005
0.14631382
0.15769202999999998
0.18697113
0.19687909
0.17978378
0.18361464
0.18079954
0.19677869
0.19112414
0.046570940000000005
0.15848753
0.15608524
0.21137718
0.03174542
0.11243216
0.01478674
0.15507443999999998
0.10929703000000003
0.01473958
0.09729039
0.01432174
0.20899049000000008
0.09184333
0.03184548
0.12118092
0.18438538000000004
0.05384332
0.19542828
0.19168428
0.05798817000000001
0.17912751999999998
0.10018577
0.09974627
0.24311227
0.24184742
0.23463442
0.09914127
0.22257102
0.23860857
0.10120552
0.02012857
0.17816653
0.16967478
0.05703748
0.05144897
0.05423448
0.14562507000000002
0.15527027000000002
0.14767232000000002
0.16194561999999998
0.2260853300000001
0.20986158
0.20258412000000006
0.16378687
0.14728872000000004
0.014251819999999997
0.17417391999999998
0.16199732000000006
0.16531437000000002
0.16027147000000005
0.15474471999999995
0.01771692
0.15135776000000006
0.14664896
0.14979522
0.15296622
0.15838042
0.14805451999999994
0.14927982
0.14929401999999994
0.17093632
0.16775246
0.16108354999999994
0.15862701
0.15473380999999994
0.15644727
0.01420256
0.055946560000000006
0.24517891
0.05908171
0.24525312
0.20387406
0.19978896
0.20208786
0.06290991
0.19144685
0.20292171
0.19215951
0.19696105000000005
0.19198705
0.19288495
0.19162579999999999
0.19528185
0.19878971
0.1916896
0.20376161
0.20454421
0.19999205
0.19307721
0.22311081
0.21070891
0.19766116
0.20088316
0.19510156000000006
0.19421115
0.23026907
0.23299271
0.19522755
0.19480451
0.19345891
0.1938445500000001
0.19016265
0.21504337
0.19429371
0.19954191
0.22835937
0.21220952
0.19627852
0.17936536
0.17856796
0.18932576000000004
0.19102992
0.19795852
0.20303166
0.20759221
0.20741852
0.19391591
0.19084911
0.19609166
0.22125502
0.20244502
0.19058235
0.19412145
0.18932785
0.20721146
0.19760132
0.21487976
0.20970721
0.19875371
0.19788275
0.19408655
0.19015406
0.24935828
0.22151187
0.19332312
0.19510632
0.21104656
0.19664977
0.22164167
0.01348283
0.01319617
0.18339687
0.18864672
0.18767092
0.22978266
0.20427128
0.16675181999999994
0.18208678
0.20471352
0.18093753
0.16317173
0.16108223000000002
0.19735908
0.19891802
0.16090427
0.05243562
0.19913878
0.05770408000000001
0.15106056999999998
0.01428968
0.16181248
0.16914558
0.14180542
0.15763483
0.01902508
0.17177273999999998
0.12840052
0.15962289000000002
0.16747623999999994
0.19831539
0.24131649
0.08349624
0.18359688
0.18339714
0.19366878
0.18484097
0.18909572
0.06045221999999999
0.21008618
0.20256453
0.06256448
0.20864658000000005
0.23515453
0.23024148
0.05315973
0.21284408
0.23405018
0.19718588
0.23093442
0.18492398
0.20883868
0.19838492
0.20187903
0.23145657
0.21753512000000005
0.22025007
0.21821387
0.22261402
0.21238516000000005
0.21307827
0.21571516
0.22605577
0.18865407
0.22358172
0.22850332
0.19972687
0.20091122
0.17003792
0.19104752
0.23429333
0.24390693
0.23541862
0.23402433
0.20967102
0.22943662
0.22753907
0.24126252
0.25764812
0.22030866
0.18911217
0.18906492
0.20013957
0.20720797
0.21658272
0.20073897
0.18983992
0.19829332
0.23782352
0.22341956
0.24167456
0.24520072
0.20362432000000005
0.22671412
0.24729382
0.23353912
0.23683077
0.2372662600000001
0.22864892
0.22692427
0.24337292
0.24133922
0.20770112
0.19123962
0.20862407
0.20897872
0.21159158
0.20730753
0.20091452
0.18727282
0.19122543
0.20720908
0.19429223
0.19258482
0.23424078
0.22504267
0.21136000000000005
0.2032656
0.1842262
0.1930092
0.2002759
0.1973448
0.2042093
0.20865220000000004
0.199735
0.1950159
0.1923269
0.19234450000000008
0.1938335
0.2068364
0.1969869
0.1978933
0.22564
0.19305254
0.18590898
0.16889891999999998
0.23958222
0.19376312
0.16559642
0.20881807
0.16600255999999994
0.18797612
0.18455207
0.19220642
0.19687677000000006
0.2387699600000001
0.19625472
0.19185017
0.187942
0.23657779999999995
0.23504085
0.22988629
0.24178704
0.24128998
0.23686163
0.23586032
0.22116422
0.23692622
0.25740463
0.23683012
0.24248992
0.18880476
0.18783761
0.20880121999999995
0.1874804
0.18854770000000004
0.2362778
0.2293705
0.2344351
0.1937059
0.19019270000000002
0.20143538
0.17994472999999994
0.18931492
0.21598323
0.18418182
0.20909952
0.18979472
0.18838106
0.19137342
0.18894167
0.18920832
0.18789142
0.18816887
0.19072502
0.18358262
0.17647072
0.16811946999999994
0.17629397999999996
0.17935311999999998
0.17283873
0.17542723999999998
0.17123538000000002
0.17538861999999994
0.19015473
0.19187012
0.02011976
0.19156257
0.18226912
0.19000802
0.20431818
0.18457897
0.18500242
0.17877796
0.17199371999999996
0.1839787
0.26479640000000004
0.34019520000000003
0.259872
0.19838484
0.20438413
0.01953658
0.19042371
0.18313666
0.23019456
0.23218775
0.23203326
0.06504276
0.18460361
0.20715782
0.23970237
0.19406036
0.18967527
0.21409317000000005
0.19738877
0.19520366000000008
0.22162797
0.22070427000000006
0.22700717
0.23724292
0.22460262000000009
0.18638661
0.22245987
0.19695756
0.24361426
0.23595267
0.23680436
0.23697112
0.25582726
0.23089781
0.24590142000000004
0.22799045
0.21578752
0.05855916
0.08077162
0.2615192599999999
0.19219327
0.19025302
0.19303617
0.19554617
0.19709602
0.19744547
0.17786761999999998
0.19705238
0.18098646999999995
0.20230692
0.19418179
0.18088322
0.17782842
0.17944716
0.18223337
0.18601942
0.18458342
0.18670626
0.18074746
0.17951182000000002
0.03035717
0.20621228
0.18564506
0.18762152
0.18949497
0.18468147
0.17885222
0.23089462
0.21911667
0.21029287
0.20471257
0.18208232
0.18150406
0.17912696999999994
0.24059076
0.24075642
0.18302402
0.18478312
0.18508427
0.18436766000000004
0.25531277
0.18616896
0.18323501
0.18621992
0.18383492
0.17892271999999998
0.17279326
0.18391912
0.25529052
0.25280367
0.23135482
0.18086147
0.18727332
0.18630182
0.17795096
0.18432626
0.17959335999999998
0.18147212
0.18029906
0.17754412
0.17813005999999998
0.17904571
0.18882516
0.18274546
0.17985706000000004
0.18175541
0.18103726
0.17672511
0.18108077
0.20818628
0.23025488
0.24821433
0.21119628
0.23398828
0.22644803
0.22308372
0.23118846
0.20356752000000009
0.19918983
0.19496158
0.18863442
0.18043846
0.19161602
0.19908097
0.18309722
0.19951758
0.19625877000000005
0.19082172
0.18614251
0.21723267
0.30155303
0.27242932000000003
0.2295707200000001
0.23985322
0.23755532
0.20078186000000006
0.21119227
0.20679142
0.21771568
0.20798878
0.21588168
0.20537252
0.25489483
0.20552028
0.2113849200000001
0.22602082
0.2009776
0.200994
0.1927864
0.1888302
0.19109260000000006
0.1901451
0.2025122
0.20851870000000008
0.2028703000000001
0.1936842
0.1959685
0.1966908
0.21590789999999999
0.1983429
0.17736390000000002
0.16618010000000005
0.16124829000000002
0.01934404
0.01939838
0.18295794
0.19370543
0.19708422
0.19146152
0.19516917
0.19693372
0.19502972
0.19591312
0.19921617
0.20115977
0.20748942
0.21101538
0.21367122
0.21288562
0.19129602000000004
0.19382357
0.19600762
0.1944665200000001
0.19906137
0.20313882
0.21797593
0.19468726000000008
0.20991968
0.19912982
0.20143907
0.23384123
0.19018922
0.21414767
0.21549062
0.15505553000000002
0.01784767
0.03289102
0.14802328000000006
0.19389413000000005
0.24524134
0.2638736
0.36252632
0.03025979
0.13447580999999995
0.13110281
0.13313402
0.13410258000000005
0.14185603000000002
0.16478967
0.14428075999999998
0.14522122
0.14898722
0.14460942000000002
0.17445919999999998
0.16347523000000005
0.15222759000000002
0.15901372
0.16155919
0.16210434
0.01624502
0.19492043
0.20211028
0.06662563
0.19825213
0.21878899000000004
0.22160703
0.21045519
0.19076068
0.20412789000000006
0.19383918
0.20103598
0.2172750900000001
0.20615972
0.20693747
0.06263613000000001
0.05995366
0.04758033
0.2054604200000001
0.20919912
0.20331842
0.06209917
0.05983551
0.20141990999999995
0.20853811
0.20507536
0.20647786
0.1890788800000001
0.18968547
0.18859652
0.18889026
0.19818328000000004
0.18217637
0.18466203
0.18619462999999994
0.20027533
0.22607883
0.23095004
0.2447241
0.2304514000000001
0.21419144
0.19139962
0.17360382
0.15601681999999994
0.01216816
0.15059891
0.17755421999999998
0.02148606
0.20708148
0.20882192
0.21099883000000005
0.21516552
0.17379471
0.33574353
0.19348282000000008
0.18860072
0.031913910000000004
0.01357531
0.37079081
0.3714953
0.38270368
0.25550170999999994
0.20076971
0.20113399
0.21648362
0.19452907
0.18447892
0.21289672
0.22746892
0.22856622
0.25412332
0.22169277
0.22979321
0.24623653
0.23736352
0.23327492
0.23429592
0.22374197
0.23696906999999995
0.23305087
0.23074687
0.22090288
0.05275086
0.06286418
0.24325653
0.22677121999999994
0.22232171999999994
0.24067948
0.22704692
0.22862146999999994
0.23438333
0.23319322
0.21957021
0.23149527
0.22742472
0.23138962
0.21734222
0.24558028
0.23688407
0.23717848
0.22591637
0.23140372
0.23179802
0.23001462
0.21724026
0.23473557
0.21903261
0.23446938
0.23413878
0.23767712
0.23195372
0.22447166
0.23006298
0.23020137
0.23215587
0.22581942
0.18170237
0.19689299
0.2058456800000001
0.18815072
0.18973007
0.19028782
0.20161863
0.20661519
0.18639871
0.18677556
0.21431633000000005
0.21973583000000005
0.19062401
0.21648338
0.18448012
0.18424930999999994
0.18628136
0.19012237999999995
0.19116586
0.19205477
0.18865585999999995
0.19282827
0.18301286
0.18653416999999994
0.18975118
0.18857178
0.18640997
0.18107626
0.18374751
0.19517513
0.18688002
0.18942531999999995
0.18748987
0.19996192
0.22112238
0.20584699
0.18739027
0.18553816
0.18578853000000006
0.20620908
0.18823692
0.17862007
0.17856932
0.19808044
0.22331515
0.22455436000000004
0.18716288
0.1935845300000001
0.18515156
0.18821398
0.18708773
0.18560318
0.18660888
0.19662438
0.18512096
0.19079247
0.18417042
0.18890447
0.18964897
0.21374604
0.18997195999999994
0.19070212
0.18731628
0.14848928
0.15161018000000004
0.17118674
0.17738421999999998
0.1923518800000001
0.18498927
0.20157898
0.19734988
0.18785736
0.19868948000000008
0.18659118
0.18442556
0.18119901
0.19312747
0.23663901
0.21763588
0.19113052000000005
0.1909310800000001
0.21675079
0.18784158
0.22803903
0.22494438000000005
0.23776753
0.23836583
0.20310868
0.20405873
0.21292654000000005
0.20249708
0.19914818
0.19571418
0.19065412
0.19249158
0.19015312
0.18780166999999995
0.21377674
0.19136762
0.19336684
0.19666309000000004
0.18061903
0.19483643
0.18991068
0.18517662
0.19502673
0.18866359
0.17777357
0.015558169999999996
0.18229772
0.16714784000000002
0.16790578000000006
0.20699242
0.22453958
0.23171222
0.2373391400000001
0.22613846000000004
0.22183567
0.22614572
0.22393857
0.22090127
0.22352147
0.22589707
0.21174808
0.23046801
0.07405603000000001
0.18361488
0.23215513000000004
0.23228297
0.06180872
0.06033687
0.22333022
0.04484258
0.06992303
0.19256742
0.21838993
0.22476231
0.24428507
0.24789478
0.19549778
0.19875898
0.22732172
0.24554858
0.23642687
0.2318487800000001
0.24932928
0.23183053
0.24735649000000004
0.24147828
0.24624344
0.23366758
0.24769713
0.22567283
0.25173374000000004
0.22317287
0.24100212
0.23499142
0.24059013
0.23829948
0.23933388000000005
0.25150379
0.24088562
0.24886870000000005
0.25605284
0.21971874
0.20846114
0.18545117
0.18676817
0.19253222
0.18285706
0.18413756
0.19007547
0.23152197
0.23270887
0.23229567
0.23300547
0.23430372
0.23685632
0.22001432
0.23942967
0.18811017
0.19947972000000005
0.22068782000000006
0.22715187
0.06750007000000001
0.24377072
0.25229512
0.23382566
0.06878261999999999
0.22728747
0.23272062
0.22839672
0.23582177
0.22904266999999995
0.23069202
0.22619577
0.22442558
0.23174677
0.22692052
0.26488632
0.26989257
0.26013186999999993
0.25182392
0.26196287
0.24646498
0.2417652200000001
0.27973112
0.24158922
0.24518747
0.25941848
0.25044682
0.26685792
0.20460342
0.20304351
0.21116127
0.21184072
0.21368162
0.20660436
0.21333517
0.21053502
0.17697659000000002
0.21992231
0.20897735
0.2022403
0.27134050000000004
0.35155820000000004
0.19913012
0.2068213
0.20185211
0.20818589999999998
0.3467447
0.3995649000000001
0.4022027
0.4029741
0.1984153
0.193934
0.21616220000000005
0.2067969
0.2131785
0.2114621
0.21358920000000003
0.21400149999999998
0.14185
0.14872320000000006
0.15612289999999998
0.14425040000000006
0.16036560000000002
0.16173844000000004
0.17606065000000004
0.19690524
0.18406893
0.17176005
0.16089383000000004
0.01984656
0.17670837
0.16982922000000006
0.020152020000000003
0.16969662000000002
0.17733281999999995
0.16688916
0.16422086999999996
0.16764106
0.18361612
0.16722462
0.17336667000000006
0.18098097000000005
0.17252116
0.01635371
0.01566966
0.17613496
0.02270201
0.16843011
0.01777302
0.16993486000000002
0.16628042999999998
0.16825128000000006
0.18275956999999995
0.17005670999999994
0.17287642
0.20732537
0.20183362
0.20065631
0.21134002
0.19883966
0.19673822
0.19686752
0.1960634
0.1995998
0.20563619
0.21515102000000005
0.19944101
0.19552156
0.21300052
0.19750736
0.20878502
0.20212339999999998
0.19232382
0.19345682
0.18608087
0.20736662
0.20493531999999995
0.21025158
0.19510542
0.19922072
0.19455662
0.1993042200000001
0.23606877
0.24141542
0.21019038000000004
0.19454608
0.19087122
0.23209607
0.21464357000000006
0.20025787
0.19947927
0.19700836
0.21142347000000009
0.19953372
0.20288577
0.18823791
0.24272811
0.24474892
0.2471935100000001
0.01110795
0.06180226
0.27909582000000005
0.26152627
0.24288162
0.20612659
0.20755081000000009
0.18878576
0.1888595
0.19100715
0.19134783
0.19136591
0.20444017
0.22419789
0.19416412
0.19149776
0.19043277
0.19101002
0.19559168
0.19154145
0.19557028
0.19644797000000008
0.19273273
0.19430484
0.19832904000000004
0.17696670999999994
0.20993865
0.22992489
0.25149429
0.20925003
0.21550430999999995
0.19476393000000009
0.19703538
0.2025238
0.19703426
0.19602222
0.14812498
0.09787363
0.01562577
0.04575607
0.013131119999999998
0.044413770000000005
0.03761022
0.04337462000000001
0.04958842
0.04672252
0.04940942
0.04194632
0.03834732
0.05653132
0.04941907
0.18978193
0.18611018
0.19028153
0.19209758
0.18607838000000004
0.1997744800000001
0.04485638
0.03962778
0.06207312000000001
0.05059438000000002
0.04645758
0.04682632
0.04315454
0.04697996
0.056615379999999986
0.05275248
0.04352362
0.055580880000000006
0.04888268
0.03992288
0.056666580000000015
0.04938462
0.05620868
0.05553833
0.04651638
0.05041713
0.04711398000000002
0.04396248
0.04983008
0.04592853
0.04839148000000002
0.04556342000000002
0.06964704000000001
0.07365869
0.07003023
0.05108818
0.04345862
0.04942378
0.04610387
0.04227408000000001
0.04040836999999999
0.04548672
0.04573768
0.059789639999999984
0.04706582
0.07310958000000001
0.08080014000000002
0.07383169
0.04639071999999999
0.05577998
0.03935322
0.049998820000000006
0.05727533
0.05729748
0.07254324000000001
0.06370073000000001
0.05584623
0.06658077999999999
0.061384130000000016
0.05388588
0.05000833
0.04831658000000001
0.05586578000000001
0.07114039000000001
0.04273997
0.04199387
0.04449632
0.04869628
0.07719929
0.06123314000000001
0.07181844
0.06294538
0.07811318000000002
0.06508268
0.05507908
0.03948346999999999
0.04687022
0.05279413
0.05481177
0.05139076999999999
0.050614570000000005
0.05372661999999999
0.04597632
0.04356602
0.04546422
0.06767538
0.07678624000000002
0.05076918
0.05772093
0.06714518
0.05870148
0.05314568
0.062230329999999986
0.05733193
0.05721723
0.05829728
0.055170380000000005
0.04787898
0.06576908000000001
0.062204979999999986
0.08610388000000001
0.07030423
0.06177348
0.06628958000000001
0.06799118
0.04989988
0.05548933
0.06820373
0.05045137
0.06001928
0.05826338
0.05237953000000002
0.04663283000000002
0.05138027999999999
0.04045598
0.05472728
0.059084680000000014
0.05308403
0.04627078
0.035056979999999995
0.047604320000000006
0.04610272
0.03903512
0.044813080000000005
0.04627208
0.05502454000000001
0.06367547999999999
0.06530273
0.04427588
0.05230981999999999
0.057128629999999986
0.04369458
0.04656532
0.03665637
0.04381088
0.05602903000000002
0.07061374
0.13835909
0.08681963999999999
0.07837713
0.09175434
0.05459308
0.04791932000000002
0.056804380000000015
0.05052394
0.06258939000000001
0.04782128
0.04609177999999999
0.05222108
0.05838269
0.08207183999999998
0.040273140000000006
0.05474733
0.03619628
0.03759683
0.04934854
0.03770132
0.05946518999999999
0.04998863
0.05750428000000001
0.05986354
0.05862363
0.08883732999999999
0.08018662
0.07985497
0.09442533
0.08351772999999997
0.13474823
0.07893061999999999
0.09927973
0.09613497999999998
0.11356384
0.01649693
0.10856088
0.01722103
0.10145058
0.10693147999999998
0.12144304
0.12362198
0.11508683999999998
0.16842905000000002
0.17031949999999998
0.22153094
0.24782180000000004
0.16688379
0.28051234
0.2487037900000001
0.2633308
0.24168049000000005
0.20133199
0.22276869
0.20254439
0.19335749
0.30958624
0.40690554
0.397345
0.4145995
0.3776679
0.30777974
0.20587169
0.14635453999999998
0.11384068
0.06756733000000001
0.08938028
0.02920018
0.13748674000000002
0.11200673
0.10779202999999997
0.10588078
0.11784958
0.13100188
0.10583793
0.11269124
0.10481464
0.13147023
0.15210874
0.07950378999999999
0.0920797
0.07969869
0.077764
0.04213174
0.11509704
0.09458233
0.01653788
0.10395843
0.10671623
0.10179702999999997
0.12240058
0.09975193000000004
0.10155613
0.11851173
0.02720983
0.02278203
0.10336983
0.13595549
0.12583608
0.10285068
0.09397028999999996
0.10060768
0.01950173
0.09408747
0.09197328
0.10610443
0.11716983
0.16625328
0.15055517999999998
0.13074138000000002
0.13543878
0.15547623
0.06651883
0.10588438
0.20227384
0.21743389
0.13622719
0.20997389
0.16111319
0.17402663
0.17478468000000005
0.10413618
0.19504023
0.16971018
0.17217068000000002
0.17877473
0.10346844
0.18882524
0.20444754
0.17012942999999994
0.20648264
0.20210878
0.18758318
0.18944023
0.19445783
0.19474918
0.18389858
0.002007
0.002575
0.007301
0.009083
0.008679000000000001
0.00608
0.010482
0.003372
0.00346
0.0071
0.006459
0.003571
0.0062450000000000006
0.005497
0.01634
0.040384
0.045668
0.050192
0.06263400000000001
0.074602
0.119089
0.13178099999999998
0.123021
0.125182
0.12094300000000001
0.13589700000000002
0.130105
0.13685599999999998
0.12575699999999998
0.14732900000000002
0.12226
0.12508799999999998
0.124866
0.160942
0.130103
0.12673099999999998
0.12237999999999999
0.129
0.137224
0.144472
0.144366
0.104258
0.13572
0.13131199999999998
0.119104
0.115901
0.118777
0.118874
0.11583199999999999
0.122397
0.150943
0.111775
0.113575
0.06703289999999999
0.06711360000000001
0.0699187
0.06765639999999999
0.065468
0.06831399999999999
0.072666
0.06891200000000001
0.061731
0.05996099999999999
0.060565
0.278905
0.23312
0.269154
0.242327
0.06662900000000001
0.206987
0.279216
0.277853
0.11665399999999998
0.323808
0.33106899999999995
0.267154
0.121206
0.308908
0.28225
0.258037
0.120946
0.189142
0.124378
0.269046
0.21644699999999997
0.289082
0.304557
0.1131
0.373946
0.17099199999999998
0.29662
0.28841
0.290767
0.28147999999999995
0.32105100000000003
0.305719
0.11015599999999999
0.324286
0.273673
0.12077
0.11168900000000001
0.30924300000000005
0.261621
0.323777
0.320793
0.22210700000000005
0.32323
0.211567
0.27514
0.12761699999999998
0.103978
0.216284
0.234697
0.180967
0.202688
0.260815
0.23403200000000002
0.251282
0.10645
0.179077
0.207309
0.186309
0.26216300000000003
0.262117
0.205753
0.17216800000000002
0.24805700000000006
0.13473000000000002
0.26469570000000003
0.257785
0.258013
0.16630699999999998
0.25719000000000003
0.25761
0.251269
0.154538
0.24398000000000006
0.25638700000000003
0.219452
0.154609
0.262276
0.124694
0.200506
0.24280700000000002
0.223593
0.20709
0.24671
0.263491
0.240692
0.32308299999999995
0.294984
0.275631
0.210142
0.205359
0.30968700000000005
0.26971
0.238046
0.256256
0.282927
0.27334459999999994
0.27040200000000003
0.21555900000000006
0.243792
0.27625
0.241839
0.202368
0.216554
0.269364
0.293074
0.04428
0.06366000000000001
0.064068
0.057361
0.158436
0.08349700000000003
0.043193
0.0477947
0.15977
0.043132
0.061614
0.046468
0.083591
0.038675
0.052383000000000006
0.29669
0.32308400000000004
0.33472
0.281737
0.222356
0.13531500000000002
0.077017
0.054128
0.06862251999999999
0.05196
0.04553461
0.03067152
0.05005556
0.07220952
0.07046856
0.06222952
0.05219951999999999
0.03265952
0.03001252
0.07812352
0.05361756
0.06628552
0.06918947
0.06139652
0.03734852
0.03857656
0.06766451999999999
0.05384351999999999
0.03999552000000002
0.09986747
0.07627946999999999
0.07219647
0.06260700000000001
0.065161
0.131145
0.067326
0.07028300000000001
0.090205
0.064122
0.0598964
0.0647402
0.0745352
0.0621143
0.05761040000000001
0.0393785
0.06363830000000001
0.1712655
0.2709817
0.033093000000000004
0.054244000000000014
0.062035000000000014
0.066286
0.057145
0.29182800000000003
0.2941
0.28482100000000005
0.195956
0.260256
0.2735400000000001
0.09627999999999999
0.07974600000000001
0.076218
0.07698300000000001
0.077142
0.074557
0.070875
0.072387
0.0649619
0.08856
0.103933
0.0776341
0.116142
0.0952719
0.08367680000000001
0.1278748
0.1335787
0.14671170000000006
0.1120314
0.11194660000000001
0.1174237
0.14488270000000006
0.1459307
0.1403536
0.1195976
0.15575870000000006
0.14949259999999998
0.050026999999999995
0.091662
0.1568898
0.1739199
0.1175865
0.0824812
0.1145587
0.0896358
0.0890721
0.095467
0.10656589999999999
0.05808210000000001
0.0792361
0.07730310000000001
0.07648110000000001
0.09326969999999997
0.07912899999999999
0.06656709999999999
0.07163420000000001
0.07642209999999999
0.0629671
0.065791
0.084787
0.10354780000000001
0.06838820000000001
0.1042985
0.08043579999999999
0.0917896
0.093341
0.0933577
0.06669589999999999
0.1062366
0.111483
0.1323613
0.09301480000000001
0.0932616
0.0916192
0.061890199999999986
0.0858271
0.0918582
0.1206255
0.0924771
0.07268200000000001
0.0933721
0.07703710000000001
0.1008699
0.08266489999999999
0.1082248
0.06830109999999999
0.1150605
0.0762471
0.07215440000000001
0.07788099999999999
0.0734041
0.081023
0.079691
0.08485699999999999
0.08414259999999997
0.0927939
0.08100779999999999
0.0853839
0.0869499
0.093878
0.08144589999999999
0.0830418
0.088193
0.12433989999999999
0.08871880000000001
0.09734359999999996
0.09190940000000004
0.1364777
0.16209160000000006
0.15123879999999998
0.15868369999999998
0.1587771
0.1127795
0.1036045
0.1472271
0.2128515
0.14567529999999998
0.1529129
0.14759
0.1253568
0.1474684
0.18184460000000002
0.17978139999999998
0.120583
0.158635
0.181845
0.16567800000000002
0.14135699999999998
0.184371
0.183854
0.17172700000000002
0.2103
0.177475
0.180314
0.13014900000000001
0.168837
0.12451199999999997
0.16801
0.167464
0.113111
0.121047
0.146566
0.15962300000000001
0.136266
0.10407
0.11035299999999999
0.15742199999999998
0.16160200000000002
0.160959
0.113372
0.148819
0.193331
0.180815
0.184058
0.135043
0.13851400000000005
0.134297
0.13556900000000002
0.177542
0.15116000000000002
0.07486699999999999
0.10247699999999996
0.108101
0.106776
0.10131099999999996
0.10479
0.148552
0.097438
0.11920330000000001
0.13423
0.1508
0.14968199999999998
0.126152
0.118691
0.11663700000000002
0.166018
0.21163800000000002
0.137685
0.17769600000000002
0.176506
0.11062800000000003
0.16347899999999999
0.101956
0.058002
0.099241
0.10987000000000001
0.110064
0.108695
0.08142499999999997
0.05446600000000002
0.06487699999999999
0.11812
0.11288
0.108507
0.092207
0.078468
0.104344
0.07298400000000001
0.108198
0.11014899999999997
0.104532
0.05934
0.108439
0.105399
0.052594000000000016
0.05736099999999999
0.065025
0.053353
0.07679000000000001
0.107055
0.107496
0.104532
0.06374400000000001
0.120062
0.07062700000000001
0.069469
0.061267000000000016
0.101555
0.08981399999999999
0.121502
0.105555
0.106728
0.107679
0.105879
0.10488399999999999
0.098953
0.10985299999999999
0.10971600000000001
0.10614400000000004
0.107964
0.15091000000000002
0.109115
0.10497100000000001
0.118074
0.12064
0.111414
0.114355
0.11840899999999999
0.109684
0.12481400000000001
0.10234800000000001
0.10905999999999999
0.056191000000000005
0.075749
0.056995
0.07902100000000001
0.111644
0.108653
0.106633
0.107169
0.112548
0.111386
0.106826
0.053235000000000005
0.14535
0.123001
0.109683
0.112875
0.10903
0.120538
0.11247599999999999
0.169711
0.120603
0.113954
0.10838699999999997
0.10547000000000001
0.114005
0.06849699999999999
0.060865
0.058236
0.056667
0.059521000000000004
0.095438
0.10263
0.06371399999999999
0.062958
0.098605
0.115435
0.117603
0.115959
0.07497000000000001
0.06293266
0.09199956
0.11649856
0.11400556
0.15892256
0.15418561
0.1504677
0.1196997
0.12559669999999998
0.1217427
0.13876265999999998
0.15734561
0.17311665999999998
0.16925961
0.17814465999999998
0.14676466
0.19388966
0.13153561
0.17994460999999998
0.17814256
0.13405166
0.14207566000000002
0.21002056
0.21169166
0.1988987
0.13323761
0.13743966000000002
0.18780966
0.18899766
0.19386066
0.20258761000000008
0.18811561
0.19643361
0.19407561
0.18329066
0.13869566
0.15203470000000002
0.14362856
0.14426100000000006
0.14976399999999998
0.152318
0.14684399999999995
0.145923
0.147305
0.09688761
0.12137552
0.14441556
0.14516056
0.14362451999999998
0.14801556
0.14232261
0.14865251999999998
0.14332561000000002
0.18592647
0.15934442
0.14187047
0.14331852
0.14297452
0.14166656
0.14449102
0.18982766
0.14803666
0.14121861
0.14388866
0.087893
0.0949282
0.1111966
0.0995543
0.1767719
0.23910199
0.20321261999999995
0.14885634000000006
0.22733804
0.19588123
0.15969658
0.18902602
0.17051274
0.25338473
0.28908975
0.1087142
0.06914429999999999
0.10408492
0.11162284
0.07461862
0.12094567
0.14955653
0.14707143
0.11190603999999996
0.11814580999999998
0.08328066999999999
0.09277703
0.10870818
0.11475885999999998
0.10979841999999997
0.14906486999999996
0.11155349
0.10783255999999998
0.10102795
0.11588748
0.10949270999999998
0.11602102
0.11897556999999995
0.14577403000000005
0.12976175999999998
0.12101367999999996
0.13897794
0.12725785
0.13084943
0.13003607999999994
0.14342974999999994
0.12366428
0.11871775
0.12330673
0.13161404
0.12512029
0.12621038999999995
0.13204828999999996
0.12854627999999996
0.12412587
0.13540183999999994
0.13322456999999996
0.16757302000000004
0.11527571
0.18776367
0.19171906
0.21024342999999995
0.19876909999999995
0.20844200000000002
0.15501149
0.15671495
0.15278597
0.17782397
0.16539657
0.15835281999999998
0.16814558000000002
0.15704332999999995
0.15819923999999996
0.15938360999999998
0.15464234000000002
0.16459323999999995
0.17368559
0.14649568999999998
0.14724446
0.09740169
0.09149332000000003
0.09247426999999996
0.10586007
0.10159466999999996
0.11592808
0.08887626
0.09331509000000003
0.09715455
0.10361314
0.10330978
0.10908982
0.11100470999999998
0.10024181999999998
0.09560977
0.15234151999999998
0.12251966999999996
0.09709276999999998
0.09844738
0.09911467999999997
0.09849962999999998
0.09538756
0.09327415
0.08306906
0.08413091
0.11896416
0.08879814
0.07962742
0.13000852
0.13227414999999998
0.13065143999999998
0.12144547
0.16234233
0.13792237000000002
0.12209826
0.12718878999999994
0.08257922
0.06382041
0.06189047
0.07907631000000001
0.06429576
0.06708661999999999
0.06295501999999999
0.06251081000000001
0.061942
0.06305311
0.07662191999999997
0.05581616
0.05514916
0.0557862
0.05376755
0.05295373
0.05299655
0.05606801
0.07377826
0.06997135
0.061946489999999986
0.05415659
0.05489816
0.05318845
0.05546795
0.053298600000000015
0.06102335
0.05277055
0.054773400000000014
0.06417016
0.05127384
0.04908246
0.05770325
0.04417779
0.04918973
0.04390664
0.04475844
0.05130931
0.07591120000000001
0.04868525
0.0456033
0.04340772999999999
0.04784775
0.04629417
0.07291116
0.06838610999999999
0.06285241
0.0581054
0.0564095
0.051901499999999996
0.060428450000000015
0.05294764
0.0521345
0.05412298000000002
0.05021474
0.0499244
0.057846359999999986
0.05137134
0.051500210000000005
0.05870506
0.0527012
0.04953425
0.051999550000000005
0.053672260000000006
0.0514625
0.054341150000000005
0.05218958
0.052127450000000006
0.05355433999999999
0.07508691999999999
0.05438644
0.05446655
0.0562811
0.05541141
0.07144402999999998
0.055358440000000016
0.05944516
0.15264884
0.14116407
0.13481035
0.13826897000000002
0.13850135
0.13931139999999995
0.13865124999999998
0.14164905
0.14019311
0.14598817
0.14337182000000004
0.14338184
0.06810878999999999
0.14860907
0.14613126
0.11870716
0.10580602999999998
0.17260974000000004
0.17740865000000006
0.17427193000000002
0.08731097999999997
0.13939664000000002
0.16752162000000004
0.14361991000000002
0.17895182
0.17732891000000006
0.09797976999999998
0.29108488000000005
0.34167745999999993
0.31387206999999995
0.18838011000000005
0.13592020999999996
0.17896797000000006
0.19746978000000004
0.19345869
0.19196173
0.19854262
0.09044459999999996
0.1991549900000001
0.18555837000000008
0.30264327
0.20733440000000009
0.2023925500000001
0.20301932
0.15821164000000004
0.18983118
0.25955593
0.20024565000000005
0.13892783000000006
0.23140337
0.33776825999999993
0.34115365
0.22743351
0.19808312
0.20392668000000005
0.20780864
0.20524248
0.09132192999999998
0.11572366
0.17031936000000006
0.15055707
0.14198860000000002
0.22956132
0.24164751
0.3536803699999999
0.34667125
0.3447502599999999
0.19790564
0.19138269000000005
0.19841674000000006
0.20176659000000005
0.20001859
0.20440379000000009
0.21064854
0.19464269
0.2047503400000001
0.10769559
0.25957037
0.34660592999999995
0.3466849899999999
0.35164194
0.34608512
0.33853320000000003
0.3440509199999999
0.29813143
0.3412
0.35276507999999995
0.34355602
0.34760673
0.09688232
0.12956456
0.09561352
0.11144150999999998
0.11871156
0.09754446999999998
0.10138552
0.09568319
0.36543088
0.35124703
0.28452151
0.20947252
0.2027193
0.20553008
0.20018803
0.15505297
0.17384929999999998
0.343472
0.340266
0.34223600000000004
0.34520009999999995
0.3482989
0.35468954
0.34994398
0.35268510000000003
0.3478512
0.35461420000000005
0.345659
0.113818
0.1008465
0.1015675
0.0991958
0.1075534
0.10261359999999996
0.1018006
0.12021459999999999
0.1169984
0.1129196
0.1158077
0.1599995
0.1100076
0.1232687
0.1257983
0.12391420000000004
0.2189321
0.20135039999999998
0.20187020000000008
0.20038129999999998
0.2081163
0.20647649999999998
0.1979415
0.23063939999999997
0.2033885
0.21027440000000008
0.2229325
0.2156473
0.1345254
0.2211466
0.2282426
0.2326127
0.2389906
0.2274506
0.2144746
0.2238824
0.2215454
0.2257964
0.2233255
0.2240515
0.22326179999999998
0.2261837
0.2329965
0.2340276
0.2287403000000001
0.2308384
0.2086634
0.1458224
0.2237531
0.29732230000000004
0.340989
0.34832640000000004
0.22273560000000006
0.2694558
0.2483539
0.2518519
0.245846
0.2668903
0.2494127
0.1628888
0.1541328
0.29703470000000004
0.2310897
0.17735610000000002
0.3191153
0.2327155
0.23555970000000004
0.2323277
0.19126500000000002
0.3522078
0.35974929999999994
0.35777620000000004
0.3569683
0.35327820000000004
0.3557123
0.3575342
0.3434199
0.34281890000000004
0.3451351
0.3478310000000001
0.22954349999999998
0.13606870000000001
0.1445876
0.15716970000000002
0.1476045
0.1421576
0.1267769
0.1267719
0.1285548
0.0881258
0.2056924
0.18592650000000002
0.2427297
0.2025725
0.19584749999999998
0.0913298
0.1765104
0.30145629999999995
0.2191034
0.17386970000000002
0.17623640000000002
0.17711529999999998
0.15405220000000006
0.0622765
0.29203840000000003
0.2217619
0.1953653
0.12979359999999998
0.1938863
0.1365114
0.1924541
0.285791
0.1893761
0.1772592
0.16743870000000002
0.08106709999999999
0.2403145
0.3328959
0.06946749999999999
0.056874
0.0714548
0.058721400000000014
0.0551674
0.054285300000000015
0.05863340000000001
0.0530002
0.07452840000000001
0.06626439999999999
0.0579869
0.051039
0.052054
0.0519287
0.08194560000000001
0.0605349
0.0978576
0.0885197
0.0675208
0.0579538
0.06661689999999999
0.07519169999999999
0.30741900000000005
0.31489540000000005
0.2695502
0.1711439
0.1743428
0.17637579999999994
0.1758867
0.17478670000000002
0.12861989999999998
0.06378500000000001
0.1982606
0.304134
0.3035339
0.30543200000000004
0.30637529999999996
0.3860234
0.3846656000000001
0.4017807000000001
0.14240830000000002
0.13910509999999998
0.13905499999999998
0.047532000000000005
0.068188
0.049536
0.049088
0.087729
0.11587
0.16123099999999999
0.130189
0.132477
0.13068600000000002
0.12978199999999998
0.15454466
0.14743170000000005
0.15166069999999998
0.1493317
0.1170367
0.15222980000000005
0.15387584
0.1319158
0.1150638
0.1146628
0.17018080000000002
0.18445975000000006
0.1821938
0.1816688
0.18071975
0.17812275000000002
0.15334575
0.17140075
0.1303097
0.1374727
0.07645375
0.1402567
0.074924
0.065298
0.123118
0.125064
0.073155
0.07178399999999999
0.069837
0.07077699999999999
0.097299
0.098318
0.095779
0.096013
0.085979
0.075273
0.07097099999999999
0.065308
0.06761
0.068164
0.120483
0.134873
0.1458
0.14566600000000002
0.150862
0.152788
0.098464
0.15108100000000002
0.11444700000000001
0.111408
0.153133
0.098326
0.14842399999999994
0.161996
0.091014
0.093404
0.094701
0.095729
0.098026
0.101975
0.099902
0.099949
0.123198
0.108846
0.10002799999999999
0.10084700000000002
0.130004
0.11205199999999996
0.12014100000000001
0.196048
0.188672
0.186433
0.109324
0.106134
0.102867
0.131003
0.127855
0.104799
0.10238789999999999
0.11745799999999999
0.108991
0.06981699999999999
0.071017
0.109447
0.11036099999999999
0.107752
0.112765
0.137228
0.11573900000000001
0.108869
0.13273
0.098537
0.097636
0.097741
0.103911
0.099823
0.100748
0.09869700000000001
0.099761
0.100372
0.11703199999999996
0.103246
0.092664
0.088814
0.096749
0.105544
0.101326
0.093762
0.096461
0.099872
0.099294
0.099893
0.106709
0.111986
0.107397
0.100284
0.10795
0.09574099999999999
0.100428
0.10205700000000001
0.11046740000000002
0.11326959999999996
0.10873210000000001
0.0994351
0.10001689999999999
0.1012309
0.099246
0.1030222
0.0996511
0.108576
0.1306295
0.12458039999999998
0.13873450000000004
0.1186373
0.16262120000000002
0.14311529999999995
0.1434503
0.14243329999999998
0.14405249999999994
0.14512850000000002
0.15066209999999994
0.1394442
0.14239520000000006
0.13990039999999998
0.15009029999999998
0.144153
0.1479914
0.17537100000000005
0.14701240000000002
0.14689809999999998
0.11674719999999998
0.1131995
0.14272720000000005
0.1395753
0.14550239999999998
0.1472889
0.14818939999999994
0.12580620000000006
0.1150048
0.07191449999999999
0.11847309999999996
0.1194481
0.1137595
0.1128317
0.1113978
0.1108198
0.1141468
0.1134186
0.1105837
0.1074288
0.10054869999999999
0.0992087
0.1017279
0.11932069999999999
0.09677199999999997
0.10237289999999999
0.10762689999999996
0.11196669999999999
0.10531869999999996
0.11456249999999996
0.13267660000000006
0.1151567
0.11371589999999998
0.1093017
0.1131356
0.10590899999999999
0.10561199999999996
0.10368189999999998
0.10922599999999998
0.1239927
0.0842892
0.08064679999999999
0.08097410000000001
0.07981599999999997
0.08126399999999999
0.0776909
0.07884
0.1003597
0.0831679
0.09991569999999997
0.10401189999999998
0.10973449999999996
0.1106757
0.0484
0.000165
0.00266426
0.00251555
0.00053211
0.0485821
0.0999363
0.1075503
0.15870850000000006
0.15044760000000001
0.1436451
0.1898857
0.1965514
0.14659570000000002
0.11621589999999998
0.12384400000000001
0.1226259
0.1402808
0.1218366
0.19416660000000002
0.16393190000000002
0.1117134
0.1133202
0.10844660000000002
0.1430055
0.07668729999999999
0.14980710000000005
0.1514471
0.07688990000000001
0.12574739999999998
0.12477039999999999
0.13924560000000002
0.12257760000000001
0.1239214
0.200984
0.1838507
0.1318876
0.13792970000000002
0.1180828
0.13564229999999994
0.1712995
0.151513
0.2013064
0.1581731
0.137776
0.06457087
0.07072634
0.07105761000000001
0.07156191
0.1097113
0.1433443
0.07813300000000001
0.07344077999999997
0.07560125999999999
0.08952959999999999
0.0933869
0.06801186000000001
0.12239830000000004
0.1141925
0.06950609999999999
0.06117544000000001
0.054654199999999986
0.02331698
0.00021743
0.01633962
0.17429260000000002
0.1230021
0.016947959999999998
0.014469439999999997
0.00789459
0.02611074
0.0823547
0.1449935
0.1649493
0.1309698
0.01457891
0.0007601000000000001
0.069716
0.07836230000000001
0.0595995
0.1139335
0.169967
0.103518
0.096663
0.06557281000000001
0.07004706000000001
0.00764549
0.01978606
0.06431400000000001
0.0812616
0.11521400000000001
0.1335424
0.1194985
0.1052776
0.1131509
0.1167723
0.1898729
0.06417823
0.01519888
0.008269829999999999
0.0335089
0.02408727
0.01338135
0.05446627
0.1319307
0.1072102
0.017935299999999998
0.027065699999999998
0.0650275
0.07166360000000001
0.0227769
0.05429923
0.0924788
0.02441179
0.03468039
0.02052407
0.02706011
0.03139707
0.00947939
0.05752299999999999
0.1162968
0.04721827
0.06261703
0.04989013
0.05251041
0.05579357
0.06394430000000001
0.15287479999999998
0.1082586
0.0004005
0.00035571
0.2034284
0.19999029999999998
0.2653939
0.2647172
0.204082
0.1514659
0.09809318
0.06409688000000001
0.05858327
0.06471405
0.04359261
0.08919880000000001
0.1321435
0.06645405
0.06383596
0.00302788
0.00291637
0.004584680000000001
0.06758533
0.05642479999999999
0.075688
0.04124341
0.07430545
0.07295835
0.06275187
0.047125730000000005
0.00313948
0.07092118000000001
0.08475126999999999
0.11472105
0.06445724
0.05991893
0.0412418
0.00464509
0.1585799
0.30786344
0.28722473
0.2123394
0.2134795
0.26938670000000003
0.023161900000000003
0.02793753
0.0669773
0.1873167
0.05673384
0.03257849
0.03152051
0.0310452
0.03151317
0.033956120000000006
0.08803216999999999
0.1005572
0.04476925
0.0418426
0.03264463
0.026984120000000004
0.039309840000000006
0.03391034
0.1053249
0.08688441
0.03448604
0.03109033
0.0229874
0.01752406
0.02381606
0.04795439
0.1017683
0.06134918
0.08113991
0.01929509
0.01571219
0.01661226
0.022899400000000004
0.06426544000000001
0.09680839999999999
0.04035725
0.02795748
0.02057816
0.01863866
0.01788782
0.01897892
0.08234823
0.1055195
0.0278893
0.13188870000000005
0.0332011
0.02536191
0.03071367
0.027733580000000004
0.1049349
0.07485169
0.00432111
0.00446102
0.01744701
0.09263169
0.01607048
0.03500423999999998
0.17877379999999998
0.0532971
0.063927
0.06311889999999999
0.05807390000000001
0.00631517
0.00509911
0.05107988
0.08700618
0.01264643
0.005527580000000001
0.006350209999999999
0.06967369999999999
0.04746801
0.08093260000000001
0.14761470000000002
0.0876714
0.02004146
0.00426813
0.02100113
0.01751433
0.02135826
0.03041429
0.08033960000000001
0.0447096
0.00459577
0.02487905
0.0542399
0.01909749
0.00466673
0.052833830000000005
0.07662089999999999
0.02434306
0.01746772
0.00454648
0.02773808
0.01886048
0.07750162
0.14200970000000002
0.1547325
0.08302718
0.0892737
0.08903011
0.1033288
0.08392717999999999
0.097872
0.1615789
0.1387516
0.08871082
0.08476002
0.07561939999999999
0.0874061
0.1366981
0.15707400000000002
0.2046102
0.1736478
0.1302732
0.15313800000000002
0.1472037
0.14226370000000002
0.14190419999999998
0.17453059999999998
0.1978485
0.1651921
0.1194261
0.1377409
0.13765280000000002
0.13903179999999998
0.1478566
0.2161535
0.221434
0.14696520000000002
0.1187656
0.14542239999999998
0.1364869
0.1450013
0.14822349999999998
0.222654
0.1820828
0.128885
0.1446684
0.1457674
0.14787699999999998
0.1306566
0.2034511
0.18281430000000004
0.13843970000000005
0.1193552
0.1594408
0.1630514
0.16049280000000002
0.16990970000000002
0.1995631
0.2137331
0.16810789999999998
0.15981040000000002
0.1643581
0.1489043
0.1443138
0.1587876
0.21245219999999998
0.2112983
0.1513132
0.155776
0.1098634
0.109872
0.10968800000000001
0.1136065
0.2466364
0.2261901
0.1827868
0.1866044
0.1870687
0.1941611
0.1777052
0.1681713
0.21078840000000001
0.16943
0.13055379999999994
0.1006635
0.1420804
0.139734
0.144171
0.1875908
0.2069456
0.16090420000000002
0.1429531
0.14355620000000002
0.14135750000000002
0.1336248
0.1406299
0.31604750000000004
0.38675970000000004
0.1568973
0.1436872
0.14307389999999998
0.1485257
0.1457258
0.14855330000000005
0.16526410000000002
0.1549134
0.09112089999999999
0.0974662
0.0950658
0.10784479999999998
0.09234810000000002
0.08507689999999997
0.15856019999999998
0.16672929999999994
0.11742570000000001
0.12117119999999998
0.13124829999999998
0.1069122
0.10865910000000001
0.1090434
0.15355770000000002
0.13550510000000002
0.0932472
0.0888163
0.09296550000000002
0.08934160000000001
0.08808327
0.141762
0.17083200000000004
0.11897930000000001
0.1038382
0.09320309999999997
0.0929902
0.0943435
0.08124780000000001
0.13327750000000002
0.14309189999999994
0.08841098
0.085931
0.08896411
0.08601572000000003
0.08702149999999999
0.08718302
0.16356089999999998
0.13890270000000002
0.08937929999999998
0.1446583
0.12795150000000002
0.1503451
0.1288463
0.1612606
0.203294
0.1922216
0.183814
0.14382140000000002
0.15212179999999995
0.0871517
0.14265999999999998
0.16836410000000002
0.1856832
0.05233399999999999
0.155
0.041072
0.12106800000000001
0.110573
0.007855000000000001
0.10671300000000004
0.107327
0.099619
0.100872
0.10490499999999996
0.10073700000000001
0.103689
0.09626800000000002
0.098544
0.099953
0.12695499999999998
0.12706199999999998
0.12981900000000002
0.13123900000000002
0.12857000000000002
0.135055
0.12750499999999998
0.114377
0.12896400000000002
0.12314999999999998
0.101441
0.104674
0.092761
0.091451
0.0915719
0.08826959999999999
0.08975119999999998
0.0898049
0.09644400000000004
0.10256300000000003
0.096473
0.100174
0.102623
0.095211
0.102449
0.104401
0.10339100000000001
0.109837
0.105366
0.101342
0.097962
0.102333
0.102868
0.09833999999999997
0.093217
0.09697
0.12730999999999998
0.126541
0.127137
0.12563000000000002
0.11722
0.106884
0.105493
0.099727
0.101646
0.09868
0.094229
0.10481700000000001
0.09922200000000002
0.091948
0.088585
0.091595
0.093373
0.095196
0.07944300000000001
0.07701000000000001
0.07837500000000001
0.12668200000000002
0.12091199999999999
0.122885
0.119278
0.11902
0.09856299999999996
0.101321
0.115331
0.099507
0.137716
0.05649100000000001
0.052855999999999986
0.08734
0.0451
0.04199
0.04376
0.04016
0.038939999999999995
0.03888
0.036930000000000004
0.03748
0.06885
0.042539999999999994
0.08545
0.13989000000000001
0.08753
0.16816
0.11902
0.17456
0.1645
0.10998
0.16216999999999998
0.15112
0.14398
0.12738
0.12268
0.12481
0.16187
0.14472000000000002
0.08539
0.13130999999999998
0.14405
0.08051
0.07828
0.13815
0.13824
0.09857
0.10749
0.13677999999999998
0.1001
0.08399000000000001
0.14349
0.17377379999999998
0.142171
0.14254
0.1203
0.13059
0.12085
0.14212000000000002
0.14175
0.16391
0.14194
0.12109
0.13249
0.1578
0.14966
0.09845
0.14389000000000002
0.15521
0.15478
0.14328
0.11487
0.08133
0.13760999999999998
0.14814000000000002
0.16960999999999998
0.14926
0.15475
0.15437
0.15192
0.15985
0.15878
0.18402
0.12534
0.15942
0.16877
0.13379000000000002
0.07871
0.08182
0.15020999999999998
0.08532999999999999
0.09443
0.08940999999999999
0.1029
0.09314
0.10614000000000001
0.14013
0.05267
0.12207
0.11108
0.11395
0.0578
0.12458
0.13489
0.06909
0.13427999999999998
0.13609300000000002
0.168114
0.15966
0.16065000000000002
0.16187
0.15294999999999995
0.15809
0.161628
0.15625
0.15345
0.18261
0.1709
0.16418
0.15792
0.14954
0.1002
0.16659000000000002
0.18325
0.1116
0.17563
0.16782
0.17212
0.19033
0.19969
0.06909
0.08887
0.0697
0.06299
0.18663
0.19136
0.07141
0.18578
0.18803
0.19286
0.21425
0.20915
0.21024
0.1952
0.06189
0.18619
0.1228
0.1959
0.06372
0.22033000000000005
0.19572
0.18552000000000002
0.06079
0.19003
0.18465
0.17820000000000005
0.17282
0.2119
0.17851
0.19182
0.1931
0.18326
0.17542000000000002
0.18227
0.20126
0.2172
0.17687000000000005
0.17282999999999998
0.17382999999999998
0.16910999999999998
0.19283
0.06665
0.1001
0.07483
0.17765999999999998
0.18163
0.17636000000000002
0.16797
0.16849
0.17160999999999998
0.2233
0.07703
0.06372
0.17104
0.16756
0.17196
0.18067
0.19777999999999998
0.3005
0.29439000000000004
0.26637
0.18822
0.24965
0.27748
0.2962
0.3248
0.31101
0.28496
0.27884000000000003
0.2852
0.28596
0.2838
0.31151
0.19468
0.30303
0.18459
0.28117000000000003
0.27414
0.17604
0.2308
0.29231
0.29525
0.15942
0.29604
0.29333000000000004
0.29708
0.29314
0.30094
0.30385
0.29668
0.29139
0.000843
0.0006942999999999999
0.07758999999999999
0.36431
0.37442
0.31598000000000004
0.23069499999999998
0.24556
0.32444
0.4128600000000001
0.42099
0.3101
0.16687000000000002
0.3906
0.32415
0.45268
0.31482
0.40689
0.3896
0.2526
0.34508
0.30457
0.19862
0.22535
0.3765
0.33188
0.04565
0.2559
0.2847
0.30583
0.17397
0.40865
0.45184
0.4380000000000001
0.411887
0.304335
0.413278
0.322635
0.4340580000000001
0.39026
0.211079
0.216148
0.35443800000000003
0.379798
0.230183
0.10733270000000003
0.08683800000000001
0.085891
0.13577405999999995
0.14135405999999998
0.14847697
0.13414405999999998
0.16779902
0.15372111
0.17304006
0.20441606
0.3134792
0.35883378
0.31000988
0.13334725
0.32597346000000005
0.40970725
0.42349488
0.33012297
0.17730915
0.30818011
0.2254182
0.38146583
0.12898629
0.06677062
0.06991703
0.07073998
0.07234809
0.07297044
0.1301071
0.07576768
0.07325327999999999
0.11855229
0.43661819999999996
0.31860297
0.07763348
0.11982439
0.34128629
0.28463011
0.3245082
0.4160882000000001
0.41565392
0.24699297
0.09537725
0.10749534
0.16071915
0.1723182
0.1632882
0.17195011
0.16927010999999995
0.15901010999999998
0.15682010999999998
0.26240629
0.30915392
0.27353488000000004
0.1684082
0.35474297
0.39049392
0.24375392
0.28316820000000004
0.3620862
0.17199715
0.36356925
0.30018706
0.09737629
0.07100843
0.15037319999999998
0.17362805999999995
0.18140302000000005
0.19627102
0.16664911
0.16432106000000002
0.18803702
0.16577302
0.16165311
0.17827105999999998
0.17203102
0.16328006
0.34556819999999994
0.33318678
0.33406678
0.17795297
0.13589869
0.43066202
0.29207488000000004
0.30082202
0.21873678
0.38350488
0.26919155
0.24884495
0.27932785000000004
0.38026725
0.21038392
0.29612202000000004
0.21063011
0.43639106
0.37890488
0.31018774000000005
0.14829915
0.36413488
0.29079202000000004
0.38095774
0.20464297
0.24854915
0.17188211
0.35811011000000004
0.38235106
0.34781869
0.16087010999999998
0.2895382
0.37861106
0.38529769
0.21043297
0.20423011
0.12246297
0.28443392
0.29130488
0.2681
0.1097
0.004967
0.008713
0.016065
0.06410395999999999
0.06542170000000001
0.095394
0.1582
0.185219
0.32655700000000004
0.284881
0.27685799999999994
0.251812
0.231303
0.313208
0.179641
0.351297
0.255409
0.067744
0.0635307
0.028566200000000007
0.0507444
0.06746880000000001
0.0660207
0.0621205
0.0679179
0.045594300000000004
0.0576257
0.049452499999999996
0.0568504
0.1898825
0.2603576
0.25988979999999995
0.2635185
0.26375800000000005
0.2629574
0.07572580000000001
0.0812756
0.0919112
0.10359266
0.10626151
0.12099231
0.10904866000000002
0.12582206
0.10887646
0.34319925
0.363467
0.3586364
0.34164700000000003
0.14717601
0.17333941
0.16121231
0.18434841
0.16886011
0.15286226
0.18373741
0.16917691
0.18788046
0.13214861
0.14188631000000002
0.14482741
0.17279981
0.17234586
0.17622195999999998
0.17300696000000002
0.16831026
0.05763051
0.059425909999999985
0.04100336
0.08785525999999999
0.12234276
0.08313316
0.12440919999999997
0.1096255
0.2589828
0.2716172
0.30762130000000004
0.149131
0.4561361
0.4660369000000001
0.4601930999999999
0.39295209999999997
0.4780154
0.4440870000000001
0.41607340000000004
0.3381407
0.3772604000000001
0.39354859999999997
0.3665125
0.3882183
0.366996
0.3931
0.37963338
0.35913529
0.36963338
0.3713343300000001
0.34833433
0.37867833
0.4235462900000001
0.45280433
0.4228
0.3892
0.3777
0.4191
0.43346
0.4476
0.3608
0.43151000000000006
0.4352700000000001
0.4038
0.4446100000000001
0.4385
0.3645000000000001
0.4151
0.3699
0.419
0.3909
0.3408
0.402743
0.3603
0.44465529
0.42598908
0.35703949999999995
0.3643945
0.3975717
0.34049549999999995
0.3245484
0.33999850000000004
0.32702220000000004
0.3320284
0.3643965
0.3769955
0.3363712
0.3813436
0.3819484
0.3705374
0.3822698
0.3785726
0.3834764
0.19699999999999998
0.05103
0.12999000000000002
0.26689
0.202307
0.1863865
0.31496
0.29593338
0.3137291
0.34925100000000003
0.4377911
0.4079997
0.40437690000000004
0.314017
0.3069693
0.29875415
0.4096993099999999
0.46026816
0.44764306
0.39725552
0.31485472000000003
0.45848602
0.42570252
0.43070663
0.31763557
0.35332462000000003
0.42231
0.4310181000000001
0.374928
0.2629
0.28847
0.35882
0.402
0.40273
0.43134
0.2923
0.3568
0.442072
0.38429
0.32542309
0.29899235
0.40207601
0.43668362
0.30295075
0.4559708
0.4382869
0.3777883
0.4682787000000001
0.4585159
0.4582778
0.3726436
0.4075502
0.3499
0.42601999999999995
0.3773199999999999
0.44956
0.44807
0.46038999999999997
0.39942
0.34460999999999997
0.43522
0.36319
0.21695
0.2911
0.3085148
0.2828095
0.3623145999999999
0.4533987
0.3693024
0.3308902
0.3682937
0.3714854
0.2701136
0.3665482
0.4076088
0.3834857
0.23366779999999998
0.4064779000000001
0.29996
0.33467
0.30951
0.35253
0.29823
0.37241101
0.29511719000000003
0.31321826
0.38386755
0.43391646
0.42565316
0.39601031
0.33131796
0.34405549
0.36108796
0.30316224
0.39910315
0.3862455500000001
0.44933787
0.38227745
0.4615365999999999
0.4370545
0.4468026
0.37794120000000003
0.44978999999999997
0.4615800000000001
0.402355
0.4216
0.39752
0.42348
0.37112
0.42536
0.44803
0.3645613
0.4532963999999999
0.4227264
0.4340492
0.4839854
0.46068159999999997
0.389585
0.472494
0.4534426
0.4816192
0.4495769
0.38871690000000003
0.47114490000000003
0.4591759
0.47175020000000006
0.42176779999999997
0.38933270000000003
0.4514761000000001
0.4774792900000001
0.23478
0.28136690000000003
0.40110999999999997
0.39721690000000004
0.32137360000000004
0.2071338
0.446684
0.32291689999999995
0.4080764
0.3900064000000001
0.37904401
0.37701675
0.29747876
0.44041112
0.4328936199999999
0.4075974800000001
0.28166081000000004
0.29184076000000003
0.27743461
0.16345037000000004
0.17401512000000002
0.23489242
0.20433242
0.38025202
0.37654147
0.3659774699999999
0.38273367
0.34828605999999995
0.33740602
0.36675887
0.33819792000000004
0.31588796
0.28622902
0.2298912
0.43865642
0.4518068699999999
0.4474802199999999
0.26533611
0.35807521
0.38876436
0.25278266
0.3939307699999999
0.32046
0.25298899999999996
0.197998
0.14332
0.22852
0.3361
0.36962
0.39326
0.21191
0.27368999999999993
0.27321
0.45181000000000004
0.42094441
0.4107901
0.28317000000000003
0.4246
0.40275
0.37277
0.29395
0.447
0.40149
0.41206000000000004
0.31278
0.42539
0.4253799
0.4031986
0.34066
0.3555379
0.3481917
0.3720498
0.37945070000000003
0.3663650000000001
0.34600980000000003
0.3861617
0.28905260000000005
0.30518059999999997
0.2958827
0.3020786
0.28578650000000005
0.2776717
0.2725174
0.28486279999999997
0.3032209
0.3356877
0.2863985
0.3200236
0.3460887
0.37017849999999997
0.4368069000000001
0.3003796
0.1350411
0.2159772
0.2550965
0.2231625
0.32149390000000005
0.4334832
0.450661
0.4761106
0.4729111
0.36702209999999996
0.3263227
0.3898982
0.3785399
0.34812982
0.21846749
0.30181826
0.328552
0.3366608
0.2476549
0.19267103
0.2849649
0.3684866
0.4138119000000001
0.3891943
0.472946
0.4335813000000001
0.4539764
0.3495178
0.2964616
0.30610859999999995
0.3194337
0.3013427
0.3326237
0.35527850000000005
0.3678955
0.3620944999999999
0.3754965
0.3638416999999999
0.35524370000000005
0.31389500000000004
0.34903179999999995
0.2891827
0.2587079
0.2648042
0.4397767000000001
0.34825550000000005
0.435704
0.424915
0.45820070000000007
0.3794232
0.29971309999999995
0.3660284
0.4037945
0.420501
0.4244560000000001
0.38132
0.446144
0.432629
0.406629
0.303055
0.4533115
0.4419426
0.3696112
0.4072329
0.31995300000000004
0.2800076
0.2929505
0.2968386
0.3005565
0.3097614999999999
0.30742060000000004
0.3336137
0.33291040000000005
0.3206475000000001
0.3100796
0.31311350000000004
0.3253979
0.3287678
0.31091070000000004
0.3229129000000001
0.3061368
0.2738506
0.2783167
0.2837736
0.3987992
0.4163782999999999
0.4356144
0.4518691000000001
0.4430364000000001
0.38441329999999996
0.3986385
0.40271
0.4561155
0.4506582
0.4588254
0.3845251000000001
0.4626294999999999
0.4486303999999999
0.4052529
0.4105635
0.4165994000000001
0.4544953
0.4366351
0.358928
0.4588280000000001
0.4552910000000001
0.4133419999999999
0.280256
0.336129
0.308898
0.356811
0.4302490000000001
0.4273920000000001
0.45973100000000006
0.3444384
0.4428574000000001
0.4457788
0.3540815
0.4774214
0.4545742999999999
0.4443164000000001
0.3405513
0.4690018
0.454555
0.38384483
0.4111425900000001
0.44234835
0.42829359
0.4103773300000001
0.45025079
0.43080418
0.28809241
0.41049592
0.39869227
0.37355102
0.36062062
0.4099554300000001
0.35664386
0.41092723
0.38231262
0.40487523
0.37082867
0.44459269
0.46012203
0.46574079
0.3841937699999999
0.25874602
0.37148692
0.2670597
0.27598855
0.2506183
0.28661355
0.32946381
0.28574066
0.28581356
0.2714361
0.26852665
0.27673359999999997
0.25409265000000003
0.30530809999999997
0.38942016
0.41974892
0.244071
0.17246860000000006
0.168574
0.44325
0.35013500000000003
0.422596
0.34735029999999995
0.3516847
0.3026207
0.32798350000000004
0.2752838
0.1822076
0.25864610000000005
0.16117769999999998
0.254124
0.2789969
0.3656205
0.3401498
0.4459361
0.4477015
0.4051413
0.3295961
0.4532851
0.4631382000000001
0.4239761
0.4704652
0.4493454000000001
0.4065394000000001
0.2153173
0.4008792
0.29581659999999993
0.31249990000000005
0.4301714999999999
0.30190900000000004
0.4245235
0.4487772
0.4672854
0.4373740999999999
0.36024310000000004
0.4110191
0.4665509000000001
0.4469842900000001
0.4107687
0.3966466400000001
0.46667589
0.46297479
0.4570623500000001
0.39207429
0.43135913
0.4495617300000001
0.45472669
0.39491389
0.458083
0.453155
0.4542419999999999
0.398484
0.37827
0.400304
0.34455399999999997
0.4069259
0.4591708
0.4574755700000001
0.4068100000000001
0.17502
0.232923
0.433418
0.37902600000000003
0.395534
0.43834399999999996
0.4417155999999999
0.46917890000000007
0.4449447
0.4678859000000001
0.4071512000000001
0.4392931000000001
0.466153
0.4642548999999999
0.4655031000000001
0.4216356
0.4526393
0.4634238000000001
0.4249401
0.45692449
0.45073774
0.44640035
0.20283900000000002
0.296559
0.415974
0.31433
0.298721
0.453173
0.403348
0.3598751499999999
0.33895795
0.3682428600000001
0.30702265
0.38931376
0.22914199
0.45438497
0.3421243
0.4211648
0.2331425000000001
0.3829062
0.36717340000000004
0.3898625
0.2492985
0.3288359
0.2270403000000001
0.0920994
0.24958490000000005
0.2256525000000001
0.0738125
0.3672669
0.4612982
0.4207462300000001
0.4729649600000001
0.45367533
0.46853518
0.39363292
0.36295596
0.41142482
0.38483478
0.42404605
0.47084901
0.42510010000000004
0.47398196
0.4683880999999999
0.4614228699999999
0.34869605
0.4500029600000001
0.43860395
0.45684887
0.25375396
0.28607278
0.34337702000000003
0.20324906
0.39034636
0.4170210999999999
0.20792301
0.21768692
0.22010107
0.20301697
0.27367116
0.27892269
0.27070587
0.27578142000000005
0.29125991
0.37847231
0.20877225
0.37093102
0.28275034000000004
0.41332241
0.2590811
0.36650706
0.36259812
0.36743177
0.13455516
0.23900484
0.23501358
0.36731432
0.45029062
0.43329651
0.2954677000000001
0.42196277
0.30806881
0.3831693700000001
0.2872221500000001
0.36575577
0.3352163
0.25178354000000003
0.43864086
0.42814645
0.4398537799999999
0.3660634600000001
0.33286015
0.44136681
0.36532086
0.41124846
0.3397077900000001
0.38312541
0.31561794
0.32978175
0.27682335
0.29273589000000005
0.27550069
0.2828220300000001
0.3010194900000001
0.26245602
0.25846171999999995
0.28339523
0.29339329000000003
0.28217399
0.28077838000000005
0.41117369
0.39246581
0.4060376100000001
0.2273215
0.10308149
0.21021462
0.38121514
0.4412017400000001
0.32545704000000003
0.38405771
0.31653513000000005
0.22527366
0.23806017
0.23620128
0.28088842
0.33008842000000005
0.32911595
0.31117899
0.39288592
0.42055095
0.37563886
0.43792595
0.44091351
0.3860806000000001
0.45782387
0.3900884
0.3868447
0.33273188000000004
0.42235972
0.42675454
0.42895722
0.35234881
0.31895182
0.35028902
0.34587909
0.33186569000000005
0.19679103000000006
0.21959242
0.2579964699999999
0.24807678
0.29593453000000003
0.2704460300000001
0.28793138
0.25653952
0.25997662
0.3400913700000001
0.38466074
0.43213286
0.346835
0.147399
0.300549
0.4568970000000001
0.417914
0.31930279999999994
0.10511199999999998
0.442984
0.468998
0.3727251
0.48369399999999996
0.441234
0.29792090000000004
0.34160290000000004
0.299824
0.4498297000000001
0.31247600000000003
0.178696
0.368215
0.454425
0.35690700000000003
0.41076999999999997
0.27566100000000004
0.480969
0.48185
0.45299
0.466585
0.429687
0.420923
0.35253
0.28760399999999997
0.42145900000000003
0.300249
0.140673
0.414508
0.435291
0.41739591
0.32049561
0.14329369000000006
0.13533292
0.14182000999999994
0.19558069
0.27967909
0.27825223
0.23662260000000002
0.13287311
0.19325255
0.19841364
0.29575706
0.33068211000000003
0.38706329
0.24108702
0.42542060000000004
0.19192174
0.11367868
0.25086813
0.23888664
0.36459231
0.3958985
0.24944181999999995
0.27305064
0.36794554
0.24579473
0.40291722
0.43526931
0.31218178
0.45045322
0.43291536
0.42046427
0.35757439
0.38172966
0.30959941
0.41038841
0.45194991
0.4732173000000001
0.42369021
0.32343779
0.46696021
0.4254163500000001
0.4187941700000001
0.31753124000000005
0.37700646
0.393268
0.43384279
0.4433561000000001
0.42423526
0.3904201
0.4541049
0.227263
0.31505900000000003
0.329805
0.413284
0.35979
0.452401
0.3174498
0.3389243
0.4365991
0.4231611
0.4417164000000001
0.3821701
0.4008363
0.4402112
0.4350076
0.3789058
0.3680587
0.3623451
0.35343630000000004
0.35587430000000003
0.42211751
0.365218
0.259077
0.337598
0.200878
0.158926
0.197138
0.2376252
0.2832555
0.331898
0.3644862
0.3578551
0.2914909
0.2475035
0.31593864
0.35881729999999995
0.3497546
0.32815424
0.24067697
0.33103975
0.3689754
0.3179506
0.3323678
0.3342257
0.34083040000000003
0.243695
0.176635
0.196196
0.3944419
0.359109
0.17891500000000002
0.25963600000000003
0.2478865
0.3554709999999999
0.35857579999999994
0.3658049
0.29091110000000003
0.2489742
0.3884322
0.3828035
0.3259311
0.2909567
0.2541909
0.25819410000000004
0.25189079999999997
0.27374
0.2852828
0.3661563000000001
0.39970659999999997
0.41055
0.28159900000000004
0.276099
0.441972
0.398918
0.346489
0.43762
0.40902923
0.34341998999999995
0.38577113
0.34100312999999993
0.37509028
0.33412613
0.4167943000000001
0.45999846
0.38787886
0.46505263
0.43448838
0.42756107
0.3266194000000001
0.36068578
0.32950640000000003
0.26388748
0.29883106
0.32026778
0.30807006
0.27924340000000003
0.2713448
0.3261407
0.29886999999999997
0.3185495
0.3029284
0.2693833
0.30016940000000003
0.2976144
0.2764083
0.2957173
0.3244413
0.3230912000000001
0.3333423000000001
0.3535493
0.3194242
0.25295500000000004
0.2675302
0.2196022
0.2538896
0.20131749999999998
0.32026740000000004
0.21038850000000006
0.2827835
0.3167242000000001
0.3256452
0.0786327
0.2435862
0.3850825
0.3688553000000001
0.38053790000000004
0.37286640000000004
0.46813109999999997
0.4595798999999999
0.4623178000000001
0.3668688000000001
0.42769250000000003
0.3561805
0.4381607
0.39271079999999997
0.240111
0.409682
0.3658709000000001
0.2610947
0.4352303000000001
0.3900471
0.2768665
0.22475170000000005
0.3950102
0.3337132
0.2641698
0.2900515
0.1781935
0.35798670000000005
0.3198607
0.29087939999999995
0.312533
0.1714987
0.35827
0.3691491
0.2897869
0.2545736
0.2974684
0.2506706
0.17270380000000002
0.35496370000000005
0.2298599
0.1726049
0.22082800000000002
0.1941059
0.3057877
0.39215700000000003
0.3810061
0.2313375
0.30464050000000004
0.4147627
0.3743387
0.21653429999999999
0.2419719
0.29709240000000003
0.2210529
0.3338698
0.3548393
0.29907890000000004
0.35826529999999995
0.2847476
0.3803346
0.3452002
0.31345120000000004
0.2208365
0.2083602
0.3923625
0.2533302
0.3917494
0.3956411
0.21119670000000001
0.4163654000000001
0.3677433
0.4039904
0.1689513
0.26992720000000003
0.1946796
0.22729339999999998
0.2127735
0.256838
0.2177718
0.2702516
0.3564762
0.2104034
0.0212001
0.09282889999999999
0.119571
0.09624760000000004
0.13759549999999998
0.053963800000000006
0.0578306
0.0277032
0.0953476
0.12430770000000002
0.1260191
0.1142688
0.0946829
0.10825219999999999
0.15854870000000001
0.142767
0.09519339999999996
0.0614227
0.0934929
0.07747430000000001
0.0996161
0.4400768
0.3789321
0.30555970000000005
0.2050764
0.3398337
0.4292314
0.27990240000000005
0.3141446
0.31492659999999995
0.3230809
0.2501856
0.2934049
0.2075545000000001
0.2305705
0.3038937
0.3570075
0.32863380000000003
0.2085135
0.34332099999999993
0.369041
0.285483
0.35686500000000004
0.35626199999999997
0.292504
0.34684240000000005
0.3407414
0.23762750000000002
0.2563923
0.20074950000000005
0.17316700000000002
0.2201702
0.2601131
0.2940392
0.2997169000000001
0.4224683
0.3147755
0.26264570000000004
0.2582634
0.21386890000000008
0.36706120000000003
0.34499820000000003
0.2119914
0.28110349999999995
0.3854395
0.42022489999999996
0.4181777
0.4117564
0.23432420000000004
0.2772617
0.31983340000000005
0.3786058
0.343154
0.34393080000000004
0.284297
0.3644782
0.26044680000000003
0.3592034
0.3655925
0.3916006
0.4211078
0.3518429
0.3134829
0.3573715
0.2363571
0.3809169000000001
0.3347636
0.4161641
0.32841190000000003
0.4134942
0.3814506
0.0
0.0768332
0.07471
0.0779327
0.07995319999999999
0.07734469999999999
0.11258
0.1205406
0.097022
0.05597200000000002
0.1027136
0.0947742
0.0922961
0.07316220000000001
0.1238728
0.07746510000000001
0.07382559999999999
0.07166230000000001
0.07804040000000001
0.07957800000000001
0.1011928
0.10526089999999999
0.18807810000000005
0.2010762
0.0946805
0.1069775
0.1056585
0.10514420000000001
0.0968109
0.1051385
0.0977657
0.1007962
0.16598039999999994
0.1359733
0.12824660000000002
0.14066800000000002
0.1937451
0.1944318
0.20102850000000005
0.2012556
0.14382709999999999
0.14859660000000002
0.1212732
0.04479709999999999
0.0723635
0.0783511
0.16762229999999995
0.14805439999999995
0.14547910000000006
0.2208109
0.2039523
0.16964749999999998
0.08462230000000001
0.0926474
0.034690700000000005
0.0341418
0.0481022
0.016734799999999998
0.0535122
0.018099900000000002
0.060002300000000015
0.0817728
0.1130623
0.08590710000000001
0.1116261
0.0834863
0.1110652
0.0984558
0.0425833
0.017051200000000002
0.0608476
0.0177444
0.0474023
0.027561900000000004
0.050650400000000005
0.025534099999999997
0.0569013
0.0484942
0.0469366
0.059529599999999995
0.08932040000000001
0.0541682
0.1002033
0.057038900000000003
0.0083033
0.0015002
0.0005255
0.0005236
0.0228084
0.060135500000000015
0.0005474
0.0005026
0.0005245
0.0005178
0.0005016
0.0005207
0.0005053999999999999
0.0005292999999999999
0.0005283
0.0005502999999999999
0.0005053999999999999
0.0005093
0.0005465
0.0005989
0.2432716
0.10870780000000002
0.015311400000000001
0.0078937
0.057991199999999986
0.0589377
0.015872400000000002
0.0423022
0.032197
0.0240123
0.0377859
0.0291223
0.029682
0.2088823
0.035669599999999996
0.045486600000000016
0.11266
0.1927717
0.1598606
0.1481808
0.1770789
0.1333674
0.098496
0.037214
0.06485399999999998
0.16050799999999998
0.16207660000000002
0.1569502
0.3965616000000001
0.329262
0.2915749
0.31911209999999995
0.3077068
0.2727693
0.2852691
0.2630824
0.187116
0.1845085
0.18709879999999995
0.2478879
0.2442194000000001
0.25949730000000004
0.2325431
0.0473315
0.009231999999999999
0.044052900000000006
0.032780000000000004
0.1357
0.1758
0.2288
0.2283
0.228
0.2275
0.2124
0.27871
0.28097
0.25684
0.26754
0.20435
0.4659100000000001
0.37996
0.31273
0.25884
0.28270700000000004
0.260085
0.266693
0.29478000000000004
0.31861
0.29427000000000003
0.278351
0.283452
0.210699
0.23516
0.1931
0.2129
0.2092
0.2085
0.2212
0.2222
0.2236
0.2246
0.2239
0.27691
0.27947
0.25555
0.3124
0.3528
0.36169
0.39279000000000003
0.43846
0.27161
0.25994
0.23102
0.1864
0.18492999999999998
0.18420999999999998
0.18696
0.1231
0.18749
0.09003
0.11377000000000001
0.26913000000000004
0.27488
0.25421
0.23955
0.30513
0.36144
0.24944
0.21192800000000003
0.11931
0.08234
0.21812
0.07477
0.11615999999999999
0.08970800000000001
0.11069000000000001
0.10238
0.11783799999999996
0.118584
0.126474
0.12118
0.13300399999999998
0.124919
0.12803299999999998
0.17428599999999994
0.19734
0.207246
0.112765
0.20375
0.136184
0.142776
0.080665
0.137217
0.13251300000000002
0.140198
0.174902
0.31665000000000004
0.17346299999999998
0.202979
0.15894799999999998
0.183909
0.16426300000000002
0.05865
0.059108
0.129065
0.123928
0.19955599999999998
0.189879
0.182015
0.156863
0.1856764
0.183328
0.26605300000000004
0.009316799999999998
0.0989277
0.0048752
0.13171699999999995
0.13760899999999998
0.025796
0.34167200000000003
0.059788
0.022097
0.11248149999999996
0.014254499999999996
0.11261559999999995
0.12162619999999999
0.1165395
0.1094655
0.13683299999999998
0.129574
0.30851799999999996
0.29097399999999995
0.193916
0.184838
0.086371
0.195679
0.190368
0.191933
0.207134
0.182755
0.205452
0.196642
0.181526
0.215252
0.220923
0.18747
0.232622
0.225002
0.050221
0.017086
0.016999
0.19823
0.17012699999999994
0.170923
0.016964
0.14607099999999998
0.172762
0.165152
0.16419899999999998
0.216647
0.210713
0.06667200000000001
0.079033
0.252791
0.289742
0.251855
0.236048
0.2431750000000001
0.29176
0.194681
0.214028
0.230093
0.216531
0.016891000000000003
0.212132
0.21728899999999998
0.216623
0.180354
0.17534199999999994
0.033692
0.188962
0.221496
0.198859
0.194216
0.21078200000000002
0.204543
0.201137
0.178973
0.06413200000000001
0.12960300000000002
0.15409599999999998
0.102894
0.107601
0.110032
0.007327999999999999
0.248977
0.10863699999999997
0.235298
0.23316199999999998
0.233735
0.24525999999999998
0.243883
0.282326
0.263606
0.302265
0.113254
0.251165
0.29198
0.262898
0.281033
0.27315399999999995
0.234848
0.238238
0.016967
0.226039
0.036489999999999995
0.22148099999999998
0.17887499999999998
0.209896
0.21297
0.22122000000000008
0.187265
0.038573
0.244457
0.27469999999999994
0.30003
0.33226999999999995
0.276527
0.25441
0.22656000000000004
0.23769
0.22195
0.2365
0.21623
0.2339
0.03296
0.21549000000000001
0.19562000000000002
0.21993000000000001
0.020630000000000003
0.23754
0.23099
0.22363
0.22447
0.21700999999999998
0.21736
0.01932
0.02682
0.01149
0.23018000000000002
0.22946000000000005
0.24372
0.1819
0.2011
0.20138
0.1958
0.23291
0.1895
0.20364000000000002
0.26267
0.23408
0.14007999999999998
0.012629999999999999
0.13567
