0.09586171
0.09825026
0.04750652
0.04905842
0.10138025
0.09923656
0.09819115
0.09910265
0.09639175
0.09940975
0.10730926000000003
0.10366412
0.10355842
0.1020461
0.0998507
0.09900452
0.10407935999999998
0.09884591
0.09638556
0.09951975
0.09964455
0.09874261
0.10205726
0.10077975
0.09824882
0.09977405
0.09896590000000002
0.09469451
0.04926171
0.09640131000000003
0.09597411
0.08424551
0.04896336000000002
0.05500746
0.05256626000000001
0.05328970000000001
0.06631305000000001
0.1003794
0.10482695
0.07820691
0.09914992000000004
0.10442848
0.05594276
0.05494212
0.10333656
0.05595645
0.09765080000000001
0.05050215
0.05539551
0.10989842
0.07568611
0.046880660000000005
0.04786506
0.08886151
0.09230411
0.08377456
0.08056085000000003
0.08582646000000001
0.08628171000000001
0.08792931000000001
0.07968931000000001
0.049126
0.0444219
0.04088905
0.04054025000000002
0.04179195000000002
0.05209420000000002
0.06799980000000001
0.06150815
0.07425961
0.05696080000000001
0.05225191
0.05273970000000002
0.053297000000000004
0.043977600000000006
0.041154800000000005
0.07538816000000001
0.08196781
0.08095562
0.07767177
0.07769755
0.07814745000000001
0.08506376
0.08541921
0.09090672
0.08793151000000002
0.09071927
0.08662222
0.08386400000000001
0.08160145
0.11667891
0.08203855
0.08682261
0.05443081
0.09082745
0.08307605
0.0977961
0.11475316
0.12865951999999994
0.10956312
0.12026265
0.11774746
0.11035052
0.10953536
0.05700981
0.0689092
0.051975110000000005
0.10912672
0.104288
0.14996231
0.15241856000000004
0.07490795
0.07263839999999999
0.07489900000000001
0.08557461000000001
0.11448292000000004
0.10588556
0.10611582
0.10795685000000002
0.10976112
0.10834475999999996
0.07673510000000001
0.08480652
0.07870806
0.11455957
0.07085996
0.07913292
0.13057386999999998
0.16526672999999995
0.12928482
0.14589482
0.09987292
0.08093191999999999
0.06625305
0.04802801
0.06155396000000001
0.10777392
0.10628622
0.10089857
0.08194657
0.08025649
0.04939957
0.06665272
0.08110792
0.07802402
0.07700271
0.06154571
0.06440856
0.04610551
0.048056360000000006
0.08331821
0.10038819999999997
0.10449189999999997
0.10229406
0.04940997
0.05044151
0.053364910000000015
0.04861025000000002
0.054081170000000005
0.09903207
0.10935142
0.12832571999999998
0.12063472
0.12615862
0.09940672
0.13979997
0.13572382
0.12534375
0.0984486
0.11365095
0.12011667
0.09906186
0.12201567
0.12029002
0.10382566
0.09990858
0.12138286
0.10424532
0.12398616
0.09810795
0.06427814999999999
0.07631565
0.06550305
0.05744084999999999
0.05967991
0.09988082
0.08964504999999999
0.08688325000000001
0.10108741
0.09359555
0.08891755000000001
0.11012321
0.10178621
0.12379622
0.09957522
0.10062192
0.11356291999999996
0.10180527
0.12621147000000002
0.15129152
0.10710311
0.10980612
0.12276342
0.11409772
0.07398284999999999
0.06316575
0.09884996
0.06682476999999999
0.09234242
0.11301661
0.10796556
0.10718450999999997
0.11176535999999998
0.09929595
0.09566451
0.0942911
0.06779489999999999
0.09145209999999998
0.10562885
0.07054215999999999
0.10767216
0.09943545
0.06959975999999997
0.11110982
0.11347746
0.11509117
0.10349216
0.10958066
0.09621311
0.09989216
0.10221305
0.09197117
0.10034215
0.10011831
0.06965451999999997
0.09803398
0.15521543000000002
0.10444497
0.0906212
0.09150500999999996
0.07408314999999999
0.10818921999999996
0.13914122999999998
0.08783221000000001
0.07359406
0.07457306999999999
0.10317842
0.10120972
0.10246508
0.09864781999999997
0.09969502
0.07905151999999999
0.06685267
0.10337412
0.06793155
0.06958765
0.09184926
0.10364552
0.09608317
0.07899732000000001
0.10167016
0.07013651000000001
0.09843591999999997
0.11898312
0.10536584999999997
0.10170442
0.11034305
0.11264316
0.11485876
0.08550597000000001
0.07995690999999999
0.09987592
0.08919391
0.11080402
0.11076932
0.09443791
0.11063475
0.13348885
0.07846924999999999
0.12660695000000002
0.0907341
0.11480787
0.12215755
0.08800044
0.07326693999999999
0.08661614000000001
0.08142277999999999
0.08761899000000002
0.13065248000000002
0.07209888
0.07366867999999999
0.07020501999999999
0.08452897
0.07938388
0.08160093
0.07394287
0.07186970999999998
0.07454997999999999
0.07648947
0.09235667999999997
0.08165141999999999
0.09531889999999996
0.08478108999999998
0.07433843999999999
0.07641828
0.07043710999999997
0.07010907
0.08398604
0.08860071
0.06084441
0.06594757999999998
0.08041091999999997
0.07319627
0.07640802999999999
0.07217596999999998
0.07335607999999999
0.06500191
0.07237057
0.07032770999999999
0.07514534
0.07542344000000001
0.06953248000000001
0.08607820000000001
0.06799529
0.07573843999999999
0.07856534
0.08533534
0.0904863
0.06772534
0.06733353
0.06660152000000001
0.06325258
0.06534463000000001
0.11260169
0.10561369
0.07298183
0.07670709
0.08185508000000001
0.10149213
0.08711966
0.06772146
0.08012303
0.09478302
0.05617103
0.06312098
0.06253532
0.06491869
0.06364334
0.06506543000000001
0.06436248
0.06312834
0.06407443
0.10644439
0.07883629000000003
0.05744825
0.10244252
0.20586202
0.23173106
0.2315101
0.2256591500000001
0.23131439
0.22225438
0.2280715200000001
0.22687628
0.20986648
0.20970784
0.19009899
0.22640757
0.22706423
0.22653244
0.22406344
0.22793439
0.22683125
0.17719629
0.22445439
0.1209882
0.21662916
0.16298934
0.21086329
0.06286248000000001
0.05846570999999999
0.05768285
0.05119385
0.06898789
0.10628771
0.04998889
0.05562699
0.07612390000000001
0.05768294
0.05517471
0.056682759999999985
0.05716466000000001
0.05710362
0.07127344
0.05452248
0.05071143
0.04973848
0.06113248
0.06266437999999999
0.07564439
0.06215439000000001
0.05816057
0.05926062
0.06901057
0.06945962
0.06238771
0.05660675
0.05794162
0.06126662
0.05617871000000002
0.05585162
0.06103962
0.10595725
0.09623039
0.10624153
0.09762962
0.09535644
0.09366348
0.08843862
0.06734648
0.07774448
0.07333557
0.08507534
0.07234848
0.06214643
0.04958529
0.06128348
0.05887857
0.05845065999999999
0.05860766
0.0525868
0.05208675
0.06375371
0.06486448
0.09986248
0.09195553
0.09421962
0.09495152
0.10659343
0.06213676
0.07494247
0.15278920000000001
0.15384629
0.15875411
0.09945629
0.07243834
0.10867757
0.12130252
0.07482762
0.07884839
0.08194725000000001
0.08269429
0.08309725000000001
0.06991528999999999
0.09676219999999999
0.10346324
0.10790919999999998
0.12761114999999998
0.10662220000000004
0.11598110000000003
0.11177510000000004
0.11534702
0.12023297
0.11258225
0.11026925
0.07227049
0.07297243
0.07782348
0.09197548
0.10920752
0.07553557000000001
0.09234644000000004
0.08026744000000001
0.11988925
0.13795629
0.12547629
0.12645248
0.11277439
0.08115543
0.08639534
0.09973934
0.09291538000000002
0.07601613
0.07948192999999999
0.08570999000000001
0.08061779000000001
0.10283638
0.09303938
0.08880541
0.09365062
0.08486845
0.08296936
0.08032151000000001
0.08991751
0.07890446000000001
0.07955746
0.08367938
0.08719942000000001
0.08894323
0.08009467
0.08450322
0.08390557000000001
0.08497557
0.08311418000000001
0.07847557000000001
0.07694132
0.08259414000000002
0.08040512999999999
0.08981119
0.07696304
0.1056096
0.08995475000000001
0.11825889
0.11637199
0.12152698
0.09079082
0.08310973999999999
0.11421908
0.08479798000000001
0.08118104000000001
0.07381027
0.08036845000000001
0.07928032999999997
0.07947414
0.15316174
0.10736579000000004
0.08892818
0.07918742
0.07807803
0.08837603
0.08457993
0.09241044
0.08910508
0.11075938
0.12500687000000002
0.12070318000000002
0.11650503
0.11757513
0.10603462
0.10805946
0.11627184000000006
0.10042694
0.10439699
0.11535514
0.11823984
0.11548228
0.10290084
0.11593273999999998
0.12205413
0.12369224
0.11106799
0.11375228
0.10391981
0.10949893
0.11140798
0.10073737
0.09958411
0.10313797
0.09845608
0.10724513
0.11248419
0.11490798
0.10971607
0.10970303
0.10966128
0.10679003
0.11258813
0.07637923
0.09975703
0.10479742
0.09860552
0.11409227
0.10972511
0.10442415
0.11064749
0.10681088
0.10728178
0.10454082
0.09157403
0.09714608
0.10732802
0.07753223000000002
0.06923752
0.14733269999999998
0.16749769
0.1713366
0.15806569
0.07709608000000001
0.08034632000000001
0.06724207
0.09017703
0.07694099000000001
0.11422998
0.07547260000000001
0.07747093000000001
0.07403561000000003
0.13903999
0.12242679
0.07841108
0.20420769
0.2347075
0.23508798
0.23526707
0.23546967
0.2334976000000001
0.23155074
0.07079199
0.08324619000000001
0.08864708
0.08494928
0.09117914
0.08016803
0.07770197999999999
0.15291404
0.22503703000000005
0.22735023
0.22866999
0.23332184
0.23519085
0.2350637
0.23482702
0.23385513
0.21766703000000004
0.22504088
0.16261903
0.06927904
0.07106437
0.06202831
0.062491299999999986
0.09015467000000002
0.08993556999999999
0.07133846
0.08400988
0.07121221000000001
0.06287227999999999
0.05407307
0.05276317
0.05327427999999999
0.05540061
0.057497769999999976
0.05273883
0.09557158
0.11096539
0.10318542
0.10509149
0.09737544
0.10499015
0.09894824
0.09508546
0.07179677000000001
0.07262152999999999
0.07611248
0.05851457
0.06682529000000001
0.08457448000000001
0.08260629
0.13943929000000002
0.1438682
0.11153629
0.1000263
0.05427443
0.05352062
0.04556576
0.05706248
0.06159771
0.06529505000000001
0.06633609
0.06983181000000001
0.07007086
0.05555987
0.06057033
0.06655561
0.0761089
0.062838
0.06375985999999999
0.05954081
0.05444291
0.05178695
0.06267700999999999
0.05661181
0.07018466
0.13636366
0.06200896
0.07050277
0.13352463
0.12765077
0.13751273
0.10433992
0.11882891
0.09864226
0.12377086
0.12751795
0.12542695999999998
0.07207591
0.07604210000000003
0.068598
0.06514306
0.06089637000000001
0.11468887
0.13147933
0.06659288
0.13028083
0.13247459000000006
0.13686262
0.12782739
0.13574976
0.12857382
0.12807697
0.13270696999999998
0.13764177
0.12295511
0.13689601
0.13425886
0.11689888
0.12477415
0.11511786
0.11354291
0.12865298000000006
0.13572411
0.11988506
0.12060606
0.13182601
0.12584365999999994
0.13514893
0.13411866
0.12034771
0.12014167
0.10540676
0.06798275000000001
0.12776675
0.06997062
0.08916152999999999
0.13683247999999998
0.09978962
0.12316962
0.08012343000000001
0.12243153
0.13659534
0.08393057
0.06535573
0.06781058
0.09909943
0.10820343
0.08136343
0.07907147999999999
0.09411152
0.06869048
0.06881083
0.06316662
0.07138442
0.06648906
0.06460651
0.07746236000000001
0.07628080000000001
0.07824273
0.07013942
0.07872277
0.06943432999999999
0.07070391999999999
0.08087321
0.07140651
0.08168318000000002
0.07667071000000003
0.07855842
0.08354937000000001
0.08563037000000001
0.08504657
0.07176986
0.08209942
0.08169183
0.08070316000000001
0.08030181
0.08159366000000001
0.10205368
0.08515316
0.08720658
0.08688322999999999
0.07990612
0.08070936000000001
0.08735221
0.08584461000000003
0.07612511
0.08195245000000001
0.07332321000000001
0.07518517
0.08021087
0.08869081
0.10968086
0.11195607
0.10895986000000002
0.10643942
0.08881608
0.06987936
0.08178176999999999
0.09998608
0.08352752999999999
0.07042112
0.06864197
0.01843603
0.06482552
0.06551897
0.08928842
0.04253898
0.03716422999999999
0.07869556999999999
0.06670805000000002
0.08339992
0.10899278
0.09918508
0.08112658
0.10380179
0.07645678
0.07953258
0.07803178
0.07192508
0.08736182999999999
0.07787272999999999
0.08664947999999999
0.07780752
0.07245301
0.06263782
0.08086183
0.07863412
0.07037126
0.06677517
0.06847125999999999
0.06943612
0.07530413
0.07601272000000002
0.07805658000000001
0.07864128000000001
0.12328193
0.11497208
0.07630393
0.08435548999999999
0.08550959
0.07237922999999999
0.08016788000000001
0.08453817000000001
0.09366938
0.12689798
0.12036316
0.11737362
0.12339324000000006
0.06977082000000001
0.06957932
0.07047372000000003
0.06523337
0.07222556000000001
0.06982322
0.07886227
0.07569413
0.06660266000000001
0.07856888
0.07249943
0.07944318
0.07643653
0.07073462000000001
0.07999938000000001
0.08100889
0.07787242
0.07474631999999999
0.07449652000000001
0.08462956999999999
0.08155251000000001
0.07592318
0.07465362
0.07496131
0.07727507
0.07348317
0.06856411
0.06711081
0.07298415000000001
0.08211555
0.09094886
0.06795601
0.08122742000000001
0.067777
0.06808876
0.07880126999999999
0.10207745
0.20951178
0.23469172
0.23496468
0.23473837
0.23586768
0.23487578
0.23577873
0.07772292
0.14042195999999998
0.13627004999999998
0.14702387
0.11377005
0.13818101
0.14030101
0.13647196
0.1410091
0.14045101
0.12867905
0.13671101000000002
0.14200005
0.13807196
0.12182901
0.12499673
0.15670482
0.14310482
0.14363292
0.14325292
0.13052196
0.13624292
0.13392387
0.13603387
0.13560196
0.14140101
0.13242005
0.14021482
0.14083673
0.13903196
0.11952100999999996
0.14079292000000002
0.14045101
0.12502196
0.13060291999999998
0.09968596
0.15319482
0.12457387
0.13720292
0.13757101
0.13050910000000002
0.10318196
0.1067461
0.13779292
0.12903601
0.10534005
0.12132292
0.09878387
0.06658292
0.13093387
0.12085101
0.07716101
0.05952287
0.050671820000000006
0.11049426
0.12861222
0.13491562
0.11914172
0.08375476
0.07412786999999997
0.06971292
0.06195992
0.12703387
0.13049692000000002
0.12292678
0.08535578
0.06727616
0.06866196
0.08579577999999999
0.08584578
0.06843387
0.14386387
0.11525292
0.08768387
0.06881761
0.05995092
0.10410482
0.06461482
0.13682196
0.13949387000000002
0.08038101
0.05452805
0.05293196
0.061596260000000014
0.08396196
0.10099101
0.06047292
0.10743387
0.08371101
0.07023901
0.06798196000000001
0.06829482
0.12427387
0.09648101
0.09797501
0.09868005
0.11306605
0.14147101
0.13683100999999998
0.12565101
0.07164051
0.07622006
0.07285101
0.15464387000000002
0.13911387
0.18220292
0.14682678
0.09491182
0.11025259
0.15369772999999998
0.13878196
0.08104505000000001
0.0632
0.06249296
0.1248311
0.14134481999999998
0.08719292
0.08794292000000001
0.12308101
0.07302700999999999
0.14163504999999998
0.13485601
0.0988811
0.06194930000000001
0.05945905
0.07702996
0.13163815
0.16342004999999998
0.09255005
0.1131521
0.07439419
0.12038201
0.0972891
0.14391196
0.1015391
0.14178386999999998
0.13468386999999998
0.1478711
0.14277005
0.0736141
0.07449569
0.06652623999999999
0.07151919
0.09306005
0.13784482
0.15728505000000004
0.09190101
0.08012101
0.13441005
0.13115705
0.14770101
0.13558205
0.07672619
0.07218524999999999
0.07056815
0.09146005
0.1193731
0.06993615
0.15247101000000002
0.09106101
0.07358242
0.08654005000000001
0.11716815
0.14328101
0.09261101
0.13949696
0.13503101
0.07829005
0.07574184
0.07003619
0.07127615
0.13823091999999998
0.13543482
0.07605101
0.07256110000000003
0.08870005
0.0772191
0.1112491
0.07875476000000001
0.08540292
0.07975101000000001
0.10938101
0.07738189999999999
0.08372201000000001
0.07210001
0.17452100999999998
0.17594578
0.16423287
0.17642101
0.12343236
0.1176921
0.11381815
0.12874005
0.14465101000000002
0.16017196
0.18074292
0.11726001
0.15605196
0.12771787
0.12742938
0.12570578
0.12560696999999998
0.13057886
0.12553972
0.12297742
0.11915186
0.11996556999999998
0.11901177
0.12411840000000005
0.12069985
0.10874275
0.10681986
0.11365321
0.10515131
0.10446362
0.10484651
0.10363891
0.10352222
0.10598222
0.10448558
0.10584032000000004
0.10385507
0.10490892
0.10769127
0.10743558
0.10299841
0.1066108
0.11288417
0.10885746
0.10873226
0.10921271
0.10672505999999997
0.10862647
0.10652417
0.10684647
0.10506936
0.10395266
0.10940268
0.10865428
0.10812886
0.11120227
0.10861317
0.10701652
0.10698702
0.10429132
0.10659368
0.10466128
0.10829367
0.10373696999999996
0.10485987
0.10342455
0.10705412
0.10576557
0.10410322
0.09883652
0.09849042
0.09750016
0.09926131
0.09843461
0.10240991
0.10951722
0.09957037
0.17818412
0.21493372
0.23543032
0.22155512
0.23571602
0.23278372
0.23533412
0.23076411
0.23307035
0.22482277
0.13862081999999998
0.13901745
0.10207605
0.09926365
0.1018922
0.10475176
0.15027101
0.15522292
0.05320815
0.13061815
0.1243241
0.13707701
0.1277961
0.11840710000000002
0.13155701
0.12933196
0.11731910000000001
0.12166101
0.11727387
0.11378492
0.13102005
0.1168691
0.12599815
0.11586005
0.12386005
0.12353719
0.12882005
0.12858101
0.10674815
0.11827005
0.12223605
0.12281196
0.12942205
0.11777005
0.11452705
0.12085996000000004
0.12371101
0.11939101
0.11623387
0.1186631
0.12408101
0.11942196
0.11583101
0.11917815
0.12004909999999999
0.1364691
0.20792382
0.14862482
0.15696782
0.10828196
0.10485005
0.04262101
0.12366796
0.0555771
0.03990405
0.04176996
0.03725056
0.07656305
0.09320505
0.04480005
0.12475196
0.12807387
0.04641995
0.04477715
0.04608292
0.04659805
0.10398296
0.12312296
0.11667387
0.12242196
0.10314401
0.08278432
0.09346378
0.11903672999999998
0.10688387
0.12745387
0.05125482
0.10807196
0.12299196
0.049592010000000006
0.04801796
0.04309101
0.04158645
0.05358196
0.08906292
0.11978196
0.04232196
0.07075673
0.07174866
0.15618482
0.11718142
0.04229692
0.09595387
0.10860578
0.04081673
0.12507773
0.07784292000000001
0.03893915
0.045859460000000005
0.07306196000000001
0.07994687
0.11362701
0.11677705
0.04551482
0.10045101
0.04845576
0.11696997
0.0432591
0.11685196
0.12113292
0.04098192
0.09401296
0.04216281
0.08767005
0.08662101
0.0528851
0.08096292
0.11214387
0.11153887
0.12240601
0.08158001000000001
0.06816605000000002
0.14703210000000005
0.09874601
0.13096491999999998
0.11019196
0.11713101
0.18794578
0.19892768
0.20255673
0.15498482000000002
0.12871482
0.10976796
0.09494692000000003
0.09576573
0.14796322
0.16300015
0.16548425
0.18513462
0.19323501
0.19312411
0.20108651
0.18944457
0.19751951
0.19649032
0.20159597
0.20300571
0.18718182
0.19596787
0.23228373
0.21147082
0.21387178
0.22949482
0.19284864
0.18455578
0.20747578
0.17551292
0.16444087
0.16743286999999998
0.16303842
0.11866482
0.18924768
0.16521482
0.10840582
0.12540195999999998
0.12739482000000002
0.12478101
0.13127805
0.12577196000000002
0.17003578
0.13987578
0.10705387
0.12789196
0.13355101
0.12740292
0.13008482
0.12772292000000002
0.0920791
0.07279815
0.11375215
0.09508815
0.08898101
0.09240815
0.0985391
0.07703910000000001
0.1260591
0.10399001
0.07936887
0.09721691999999996
0.12186987
0.07825901
0.10817301
0.12131196
0.08982101
0.12468601
0.08232001
0.09519401
0.10699196
0.11033292
0.12000386999999994
0.18439387
0.16818482
0.09972482
0.08314005
0.1329991
0.08398005000000001
0.06372381
0.06252196
0.10802005
0.09043196
0.08000101
0.11773387
0.06511192
0.06020571
0.05880101
0.08135292
0.059391960000000014
0.10208292
0.08017196
0.08054292
0.10636387
0.13227196
0.12759482
0.10780578000000003
0.13874482
0.07848796
0.10146192
0.12509482
0.09601778
0.09054492
0.08145105
0.11470996
0.09049701
0.10185005
0.06230682
0.14330682
0.09170292
0.13423481999999998
0.08761692
0.09814092
0.09991301
0.07626701
0.11388196
0.0911891
0.09293815
0.07130196000000001
0.09189292
0.12007482
0.11644801
0.08493482
0.11655487
0.07222992
0.11021196
0.09998101
0.08494387
0.07903196
0.10500196
0.09121101
0.12060100999999998
0.07649809999999999
0.05485625
0.04992015
0.08303624000000001
0.05485101
0.09542005
0.07305815
0.08546010000000001
0.08166910000000001
0.060263150000000015
0.08943809999999999
0.0817841
0.10518310000000003
0.1067191
0.07121815000000001
0.07728910000000001
0.11938292
0.10743196
0.11304577999999996
0.09375578
0.10291673
0.11388782
0.13194315
0.11898801
0.05051512
0.09299968
0.08891487000000001
0.23413864
0.09004482
0.08634172
0.08654196
0.08711400999999999
0.09162587
0.13761292
0.13556372000000005
0.19570482
0.23313446
0.2320181
0.07162576999999999
0.04755192
0.05147372
0.08639387
0.10734387
0.04591101
0.10439292
0.08855196000000001
0.04498805
0.041709350000000006
0.0454231
0.04269415
0.053843310000000005
0.10413401
0.10530345
0.09878055
0.13709292
0.09811565
0.10004235
0.10007101000000004
0.14022410000000002
0.15392801
0.09572196
0.1200081
0.09163895
0.08988505
0.12301005
0.10921196
0.14298101000000002
0.12005141
0.13436496
0.10423292
0.049113360000000016
0.04910585
0.04610005
0.0925191
0.07999909999999999
0.04606005
0.06152005
0.04555576
0.08111800999999999
0.0382286
0.0412362
0.0435691
0.06399101
0.04616196
0.13354101000000002
0.07872235
0.05256331
0.09243101
0.07064809999999999
0.03997134
0.03761715
0.03884624
0.04520715
0.04175719
0.12233719
0.03928529
0.08107218999999999
0.0875091
0.05198815
0.03512829
0.032977240000000005
0.03601499
0.06064715
0.0389371
0.06719818999999999
0.03400315
0.03592745
0.07166718999999999
0.0770091
0.06330519
0.05260415
0.0921701
0.10208292
0.06528336
0.11720482
0.14603387
0.12007387
0.07699196
0.11058001
0.10179196
0.13746101
0.08087041
0.08215806
0.07452596
0.11361196
0.11003482
0.07813578
0.07537296
0.11032996
0.07350305
0.07774700999999999
0.09460187
0.08970391999999999
0.07022596
0.10761105
0.11657805
0.13811996
0.12340292
0.13872482
0.15843578
0.18353402
0.08038872
0.13057292
0.10403005
0.13736182
0.10128387
0.09149673
0.07687578
0.07144601
0.07582111
0.07325196
0.07360692
0.09426782
0.14424487
0.10782292
0.10621796
0.11027196
0.11818196
0.07906115
0.10582796
0.07890216
0.09977908
0.09074482000000003
0.07793696999999998
0.08605072
0.07526537999999999
0.07683952
0.07860987
0.13290201
0.13072201
0.07528201000000001
0.08700596
0.12570505
0.11129705
0.13223696
0.10567792
0.08720996
0.10645005000000002
0.0810951
0.13545578
0.12687578
0.09930447
0.13536768
0.15219768
0.12249387
0.13276301
0.12293292
0.08354856000000001
0.11469396
0.14028481999999998
0.08516427999999998
0.08208201
0.07570496
0.12364192
0.13587892
0.11774387
0.13275692
0.11164496000000004
0.08152487
0.07917187
0.08398578000000001
0.12953482
0.15908387000000002
0.08996096
0.08377446
0.08297396
0.13597387
0.08553292
0.09201296
0.11330510000000002
0.10246392
0.15068605000000002
0.13590481999999998
0.14558196
0.14227592
0.14028296
0.11767401
0.13625595999999998
0.15133201000000002
0.11362296
0.11852387
0.11419196
0.12217001
0.11786205
0.12180396000000004
0.15359387
0.11918701
0.14926301
0.08711305
0.12743996000000002
0.10944796
0.15439901
0.09961396
0.13832687
0.11073782
0.15459578
0.09218005
0.10026387
0.10741192
0.09606296
0.07377692
0.09038296
0.11578501
0.06941214999999999
0.1065241
0.13385405
0.0914321
0.07189881
0.07976261000000001
0.09373245
0.09418396
0.11274092
0.09709841
0.06110096
0.08989126
0.09258187
0.11248602
0.12218692
0.16217278
0.15015309999999998
0.08619392000000001
0.11075692
0.08279810000000001
0.08385945
0.08828405
0.10083101
0.07818487
0.05473701
0.04903101
0.04946305
0.06441301
0.04590325
0.05251692
0.05435910000000002
0.07292600999999999
0.0532321
0.12796105
0.10303215
0.06407115000000001
0.10528896
0.08327815000000001
0.1189131
0.10913796
0.09371505
0.08406900999999999
0.08626215
0.10929719
0.10337505
0.07197387
0.1052491
0.08627101
0.08440196
0.12959387
0.08372196
0.08567910000000001
0.08366005000000001
0.14588101
0.09191196
0.09005387000000001
0.09214487
0.08339292
0.08454292
0.08519101
0.08245100999999999
0.07765386999999999
0.17178892
0.18330578
0.12484482
0.12736577999999998
0.09064092
0.09085092
0.08786892
0.15194672999999995
0.08985959
0.08394292
0.08707387
0.22905578
0.15416673
0.21150864
0.21655768
0.21173768
0.23704673
0.23546387
0.22345387000000005
0.2357637800000001
0.08243578000000001
0.08221101
0.08230101000000001
0.08224105000000001
0.08581005
0.08489196
0.08136596000000001
0.08264292000000001
0.08499292
0.08417292000000001
0.08452005000000001
0.08562196
0.08623291999999999
0.08429196
0.08585387
0.12956482
0.12956673
0.12643482
0.12668481999999998
0.12995482
0.13166292000000002
0.09888482
0.09224358
0.09586182
0.10828387
0.11366387
0.12690578
0.09801292
0.08992101
0.08903101
0.08674101000000001
0.08772005
0.08543005
0.08431387
0.08112195999999999
0.08250387
0.08409196
0.08513196
0.08058196
0.08068005
0.08054005
0.08158005
0.08245815000000001
0.08134910000000001
0.0815591
0.07968910000000001
0.08000787000000001
0.07779996
0.07718992
0.08048292000000001
0.08001005
0.0795391
0.07891101
0.07733996000000001
0.08080196
0.08290292
0.08439101
0.08187101000000001
0.07817005
0.07583501
0.07224505
0.07374105
0.07286392
0.07754482
0.12263292
0.08982292000000001
0.10920101000000004
0.08313392
0.07947996000000003
0.08125901
0.07474005
0.07162715
0.08744673
0.11165387
0.14776578
0.15555481999999998
0.08369387
0.05529196
0.04928315
0.04596215000000002
0.05001801
0.08405192
0.04526705
0.04320505
0.03620519
0.03256705
0.03818535
0.21005427
0.21608067
0.18451943
0.11302228
0.05228522
0.039947010000000005
0.04089492000000002
0.032796910000000006
0.0331913
0.04132210000000002
0.036685350000000005
0.04021540999999999
0.06848225
0.10116345999999997
0.08897546
0.05704316000000001
0.04645534
0.04554699
0.0494674
0.0494227
0.04614385
0.04592815
0.08242901000000002
0.07108401
0.11556782
0.17514578
0.17896995999999998
0.12319396000000002
0.04664145
0.05350759
0.07285272
0.06396535
0.06543710999999999
0.05277487
0.09822887
0.11438873000000002
0.10074632
0.14131373000000005
0.12679872000000006
0.10251987
0.13051681999999998
0.09058126
0.07376992
0.06887501
0.07389582
0.07232901
0.08062196000000002
0.06941604999999999
0.07745401
0.07301596
0.07320291999999999
0.06975005
0.06091005
0.09087101
0.08619292
0.10563387000000002
0.11107282000000004
0.10593281999999997
0.11291387
0.09738101
0.09730805
0.09681505
0.09432515
0.10073505
0.09724905
0.08988909999999999
0.09502005
0.10037815
0.09237501
0.07905910000000001
0.07375205
0.08871910000000001
0.09393005
0.09116005
0.07221319
0.07558719
0.08457005
0.10110101000000002
0.08159901
0.065564
0.07672962
0.08087910000000001
0.07545405000000001
0.08986119
0.08699501000000001
0.08025574999999999
0.08337399000000001
0.07802759
0.08074640000000001
0.07452710000000001
0.08246974
0.08323185000000001
0.07085905
0.07792015000000001
0.07360610000000001
0.08803005
0.0715831
0.06572815
0.08059515
0.08504610000000001
0.07944801
0.06761101
0.06976500999999999
0.08316005000000001
0.08392092000000001
0.07107101
0.0668731
0.07320394999999999
0.07938626
0.08357421999999999
0.07759521
0.09258025
0.09515882
0.13288496
0.11659266
0.12404162
0.11255645
0.15172526
0.16485906
0.16385992
0.16584101
0.15875101
0.15092101
0.14791400999999998
0.15235891999999998
0.16584482
0.16643196
0.16535101000000002
0.16222101
0.16343892
0.15479387
0.13396482
0.09024582
0.07345481999999999
0.11896578
0.10391196
0.12162196000000006
0.08745792
0.10043196
0.12557291999999998
0.13201578
0.10098292
0.07999410000000001
0.08277109999999999
0.0559031
0.07052005
0.09007005
0.08113901
0.08091487
0.08838796
0.11217392
0.08971287
0.10887887
0.11084578
0.11307992
0.10194692
0.10388387
0.09882596
0.15470587000000002
0.17342901
0.14267101
0.21781805
0.17448892
0.20815801
0.19751792
0.20899805
0.18624901
0.20137501
0.1803121
0.1952851
0.15286105
0.18367709999999998
0.17480101
0.17341805
0.18374101
0.17541392
0.14880095999999998
0.18864096
0.16977101
0.1870391
0.15226292
0.18330196
0.13962101
0.16787101
0.18463005
0.20223815
0.19857815
0.21849719
0.18788815
0.21939101
0.17548005
0.19145624
0.1893591
0.20712005
0.20946815
0.1879491
0.22483005
0.21749196
0.23374101000000005
0.23601196
0.23331592
0.21133005
0.23584196
0.1057491
0.05363005
0.051858150000000006
0.2273291
0.23413005
0.20724005
0.19516832
0.23396482
0.23638482
0.23741387000000005
0.23113473
0.04868901
0.05033096
0.11353101
0.06151215
0.06233619
0.0602921
0.15769387
0.23278196
0.23037578
0.23276787
0.20376668
0.22956482
0.22537473
0.23302264
0.22665173
0.22941958
0.23283952
0.23369239
0.23260482
0.23205578
0.2338157800000001
0.23104059
0.22874364
0.23312468
0.23266768
0.23180068
0.23420164
0.23502778
0.23448578
0.23396578
0.23452673
0.23021687
0.23055128
0.23239997
0.23053762000000005
0.2284715800000001
0.23305013
0.23182728
0.23324922
0.23309312
0.23253812
0.23422707
0.23192112
0.23345137
0.23344022
0.23416192
0.23408752
0.23412121
0.23222417
0.20537581
0.23265116
0.23344427
0.23316587
0.22383292
0.18658482
0.059613779999999984
0.18839387
0.23485264
0.15679459
0.04264377999999999
0.03700187
0.04169392
0.03867496
0.04812601
0.0873221
0.10291696
0.10171301
0.10886101
0.10779101
0.05073482
0.15418482
0.21069864
0.21128864
0.12242863999999998
0.12641868
0.11256487
0.12232387
0.12611178
0.11671778
0.15851378
0.09700978
0.10214387
0.04945297
0.046083700000000005
0.04153791000000001
0.045644550000000006
0.04657875
0.04518301
0.0428139
0.048130970000000016
0.07908977
0.12057595999999995
0.14880101
0.14989005
0.04727005
0.04333101
0.04406092
0.05225692
0.09102301
0.08775981999999999
0.08698386999999999
0.08957578
0.09281578
0.09180292
0.08889296000000001
0.09059301
0.09613482
0.17054672999999998
0.14894673
0.11222673
0.11263773
0.08861673
0.09034487
0.05745915
0.05040419
0.08103292000000001
0.10505482
0.08247578
0.09554578
0.059835010000000015
0.09305387
0.06814292
0.10017387
0.05716196
0.05741005
0.05559114999999999
0.05279005
0.0762131
0.08175005
0.08146101
0.07485291999999999
0.07884101
0.08060196
0.05855101
0.07724672999999999
0.08288482
0.08473386999999999
0.09005773
0.05309073
0.05391992
0.052340960000000006
0.06791000999999999
0.05535991999999999
0.05567896
0.06996292
0.08658796
0.08157386999999999
0.08560387
0.07454992
0.08193796
0.06732705
0.09711596
0.10689705
0.06930673
0.10995387
0.10818292
0.10865305
0.10362001
0.11120696000000002
0.10340796
0.09762996
0.11075291999999998
0.11467291999999996
0.09224815
0.0710591
0.08589705
0.10840905
0.11566796
0.11587005000000004
0.1228991
0.11643387
0.10580005
0.11263792
0.10636196
0.11301292
0.10701291999999996
0.11083101
0.11147100999999998
0.10737005
0.09963510000000002
0.11048292
0.11760096
0.11100982
0.0919171
0.08665719
0.1105491
0.10465719
0.09213815
0.10719909999999999
0.11580101
0.10631292
0.09931196
0.09048196
0.06521905
0.06029019
0.0669841
0.07423804999999999
0.06941810000000001
0.06992905
0.07237331000000001
0.07124515
0.06524961
0.06948096000000001
0.06647791
0.07099292000000001
0.06896646999999999
0.06643192
0.06539042
0.06456262
0.06820511
0.06248141
0.06207016
0.06492625
0.060056510000000014
0.061529660000000014
0.07026302
0.06658707000000001
0.06481236
0.06953007000000001
0.06498432
0.06596317
0.06391730999999999
0.06849655
0.06825421000000001
0.07064074999999999
0.06604054999999999
0.06261601
0.0639802
0.06360575
0.06520659999999999
0.06901765
0.06487471
0.06771795
0.06330090000000001
0.06496559000000003
0.06247009000000001
0.0667647
0.06583301000000001
0.0615982
0.0648399
0.06174481
0.05924775
0.06076731000000001
0.06012126
0.05967261
0.06185081000000001
0.05889295
0.06332301000000001
0.05929275000000001
0.055760199999999996
0.06364082
0.08274312
0.08734887
0.07348696
0.10271196
0.10373705
0.17157896
0.09739501
0.058891050000000014
0.09305592
0.06169101
0.05358005
0.051513100000000006
0.05767815
0.054126050000000016
0.06114201
0.05353115
0.05524305
0.060922009999999985
0.19150905
0.22847115
0.22391629
0.0625581
0.05248375
0.05098392
0.08724682
0.09265673
0.13195287
0.13174173
0.13214968
0.13448768
0.13962768
0.13394673
0.12764864
0.13731864000000002
0.09151673
0.13197768
0.13502767999999998
0.09159482
0.08714473
0.08557678
0.09463768
0.09194578
0.08879482000000001
0.09047578
0.08876672999999999
0.08905367
0.08333993
0.08253679
0.08052010999999999
0.07990179
0.08243402
0.07865956
0.07862521
0.08115921000000001
0.07730873999999999
0.08506683000000001
0.13944602000000006
0.08265779000000001
0.07704424
0.07374261
0.06940584
0.07166207
0.07275616
0.07224653
0.06952458000000003
0.06640002
0.06714867
0.06936444
0.07695377
0.05747987999999999
0.05464453
0.05363415999999999
0.0719583
0.05377665
0.07694012
0.05830447
0.05883683
0.05875934
0.07524779
0.07119856000000001
0.0475586
0.07164231
0.06657311999999999
0.04627581000000002
0.04487079
0.05884948
0.04583816
0.0471414
0.06902193
0.06888889000000001
0.04955507000000002
0.04574154
0.04447198
0.06964821000000003
0.06467149
0.06674845
0.06692693000000001
0.058049650000000015
0.07712798000000001
0.06402035
0.05784849
0.04555703
0.04522798000000002
0.07134185999999999
0.07213253
0.062159400000000004
0.06689824999999999
0.06358811
0.06672771999999999
0.06029949
0.04382767
0.04597312
0.04455871
0.05045267
0.12611872
0.052500580000000005
0.05354063
0.04856144
0.0492363
0.053113440000000005
0.0629793
0.06701467
0.05387926
0.0475804
0.04296672
0.06405453
0.06534767
0.06123858
0.04890958
0.06174396
0.19923864
0.18090778
0.21213868
0.15443464
0.08074978
0.05998778
0.05538205
0.06248296
0.054108920000000005
0.05227501000000001
0.06489887
0.05624082
0.05930504
0.05005453000000002
0.05094481
0.05205123
0.053617830000000005
0.078956
0.07161809
0.05813991
0.06148365
0.06355092
0.06245906
0.06204220000000001
0.09551906000000003
0.11619582
0.11081386999999998
0.11204323
0.18608448
0.20214978
0.20180213
0.21261594
0.11500403
0.11296403
0.11155948
0.13331258
0.12690277
0.08668178
0.08728082
0.13771367999999998
0.13054387
0.13630959
0.13574482
0.14318673
0.14170673
0.13774863999999998
0.13790578
0.14046578
0.14868864
0.13270872999999994
0.13066059
0.13037682
0.13210167999999994
0.13150473
0.13367468000000002
0.14319864
0.14415482
0.14320482
0.14925673
0.13925673
0.13056478
0.13756073000000002
0.13768167999999995
0.13226027999999998
0.13179728000000002
0.13685868
0.14180977999999994
0.13197149000000002
0.13306378
0.13740898
0.13761078
0.14516063999999998
0.14330664
0.14117559000000002
0.14525364
0.14321868
0.14460368
0.15017664000000006
0.14957968
0.15241364
0.12085378
0.10376408000000002
0.11113404000000003
0.10767798
0.11000894
0.10164478
0.09752938
0.10037408000000002
0.10348353
0.10926949
0.12992459
0.14264593999999994
0.14321124
0.14570497999999998
0.11451898
0.10746573
0.10478868
0.10607168
0.10823064000000003
0.10249278
0.09911564
0.10401164
0.11242264
0.12393959
0.11493245
0.1001315
0.10054464
0.09660464
0.09423985
0.09376035
0.09525989
0.09196268
0.09060888000000004
0.09093908
0.08799898000000002
0.09014418
0.09824559
0.15966409
0.11725918
0.09568848
0.09466798
0.09116039
0.09406319
0.098638
0.09776365
0.09552038
0.09164179
0.09733224
0.09218413
0.11454314
0.12245799
0.11173173
0.10176928
0.09764858
0.09669234
0.09222564
0.10090341
0.17662340999999998
0.16329341000000006
0.11352645
0.14216436
0.14418054
0.09844959
0.0983515
0.09791864
0.09688826
0.09245024
0.10195699999999998
0.13430768
0.13831693999999994
0.10334264
0.10404481999999997
0.10743378
0.11919578
0.09608673
0.11011196
0.11032387
0.10900387
0.10665387
0.14532482000000002
0.13934482
0.10246387
0.15713586999999998
0.10364982
0.10933352
0.05834062
0.05301815
0.06072691
0.05391925
0.06130252000000001
0.05953686
0.058501110000000016
0.16098612
0.23462744
0.16089742999999998
0.05707507
0.060840720000000015
0.13253508
0.10327602
0.05520317
0.05823576
0.15301712
0.20374937
0.20981981
0.07353742
0.12362240000000002
0.06334295
0.05913351
0.0624762
0.06218602
0.060878210000000016
0.06226625000000001
0.05908339
0.06103905
0.05892355000000001
0.052550800000000016
0.05415035
0.05905466
0.05791516
0.06523397
0.05928851
0.05640205
0.05585641
0.05512231
0.0532612
0.05078081
0.04955145999999999
0.04960246
0.05052936
0.04879177
0.05140636
0.04883434999999999
0.055009060000000005
0.05490905
0.05683881
0.058762859999999986
0.05007755000000001
0.05026901
0.0505051
0.047294800000000005
0.04572535
0.05155976
0.04878446
0.05057837
0.04568572
0.04972232
0.05410671999999999
0.10724667
0.05179826
0.0449369
0.04609585
0.08291031
0.04971942
0.08783532
0.08731285999999999
0.08548572
0.08151892
0.07757182
0.08098691999999999
0.07217317
0.05254501
0.05313492
0.07476082
0.07983096
0.07398687
0.08822592
0.07416605
0.08895905
0.0909051
0.04591896
0.04902101
0.04450496
0.04369792
0.04241292
0.04438496000000002
0.04370992
0.04412701
0.04817401
0.04999782
0.04958292
0.04335290000000002
0.04845492
0.05327187
0.10088896
0.09410196
0.10920805
0.10646901
0.10295201
0.08346837
0.07468621
0.04500246000000002
0.04748536
0.04560131
0.04136036
0.04187141
0.03997591
0.03839834
0.03878050000000001
0.0416075
0.0435139
0.05501725
0.04638625
0.04599021
0.04623316
0.05175716
0.05904401
0.05533166
0.11654882
0.12862283
0.04767992
0.12985877
0.12669152
0.12614096
0.06759222
0.10397093
0.13174418
0.13204468000000005
0.13514276
0.13558368
0.17048463
0.15917791999999995
0.16591567000000002
0.16086136
0.11175936
0.13556028
0.12156158
0.11954152
0.17721028
0.15227312
0.12964887
0.17050833
0.16295222
0.16621741999999998
0.11937263
0.16080931
0.16274642
0.10618886
0.16407836999999995
0.09522692
0.11993554
0.14310833
0.059549430000000014
0.13228166
0.05388880999999999
0.10015597
0.15069027000000002
0.10097072
0.14166931
0.12656311
0.13602127
0.12132312
0.13171837
0.14007902
0.14103321
0.13978826
0.12900546000000002
0.14434696
0.13249126
0.14279311
0.12955266
0.20029168000000008
0.18025598
0.16674788
0.16842598
0.09013367
0.06239692
0.08430316
0.0795341
0.08537075999999999
0.07451072
0.09517982
0.10067711999999998
0.08261882000000001
0.06439181000000001
0.09625715999999998
0.07972291999999999
0.07779596
0.09871508
0.09633507
0.07528892000000001
0.08356111
0.06829221
0.06860121000000001
0.09268316
0.07793101
0.08627312000000001
0.08701837
0.09557596
0.15325547
0.14371974999999998
0.10822412
0.13716166000000002
0.13557545
0.08726162
0.09792021
0.13568551
0.09118821000000002
0.08162251
0.07711599999999999
0.12672
0.080915
0.120925
0.115744
0.088808
0.085636
0.07175999999999999
0.07446
0.0966
0.06699000000000001
0.0660289
0.07170499999999999
0.06952920000000001
0.076442
0.130142
0.0711971
0.117782
0.086154
0.0578955
0.07037299999999999
0.063604
0.07824199999999999
0.067161
0.08910900000000001
0.09581
0.06582400000000001
0.094705
0.11453687
0.13236392
0.09267301
0.12396115
0.06626245
0.07741210000000001
0.07046110000000001
0.06880549999999999
0.1069481
0.14090705
0.06879210000000001
0.11578504999999994
0.09922605
0.08122701000000003
0.10550805
0.09840215
0.06889319
0.1070091
0.07685505
0.09894001
0.11421405
0.09999005
0.09696215
0.12578114999999998
0.12414815
0.06228079
0.13443910000000006
0.11231319
0.0650921
0.07118919
0.05860815000000001
0.06031719
0.09815224
0.08967839
0.10165601000000002
0.15986705
0.13360355000000002
0.14377887
0.11793005
0.1781491
0.12008622
0.14857192000000002
0.15565496
0.13890101
0.19380387
0.18052787
0.13342082
0.16391378
0.14303892
0.14922896
0.14717075999999998
0.14013287
0.13905492
0.06352792
0.06766875
0.09722601
0.11956605
0.11175505
0.08376801
0.07748005
0.07023305
0.09753692
0.14834687000000002
0.15183082
0.12774287
0.18390796
0.19507596
0.15679996
0.16287022
0.20134705
0.2101921
0.15019396000000002
0.10651386
0.09792201
0.06375811
0.08877310000000001
0.07267910000000001
0.07249789999999999
0.12636401
0.14191101
0.06398915
0.10326569999999999
0.07455105
0.12391996
0.11413196
0.09693096
0.07722996
0.11103882
0.14973405
0.15807005000000002
0.11486292
0.15280196
0.14396292
0.11291292
0.13806582
0.14653387
0.14050078000000002
0.13975905
0.09282892
0.11284795999999996
0.13348182000000006
0.09761887
0.14307992000000005
0.09466405
0.08883105000000001
0.10934996
0.13176201000000004
0.09706801
0.12637910000000002
0.11133292
0.11293101
0.12699301000000002
0.09262501
0.1305591
0.11515601
0.13422500999999998
0.09607292
0.07026196
0.19401478
0.18303101
0.08829901
0.12297905
0.10568310000000002
0.1328201
0.10330810000000001
0.117673
0.10937619
0.06033499
0.04743794
0.04681415
0.04605509999999999
0.04623419
0.05339889
0.05501605
0.05355914999999999
0.0636591
0.06081123999999999
0.06026815
0.05219805
0.05668115000000001
0.06608205
0.05689005
0.0875831
0.05428419
0.07356709999999997
0.08894315
0.1211391
0.05246719
0.07449415000000001
0.0477151
0.12633109999999995
0.04425824
0.04148124
0.05004524
0.05581719000000001
0.05560065
0.04727605
0.05724101
0.14916462
0.17278687
0.10535301
0.06141119
0.06026210000000001
0.0489771
0.04925985
0.0647431
0.05080805
0.055879050000000006
0.08153324
0.09307719
0.04739679
0.04891754
0.04391029
0.06690189999999999
0.0906471
0.0811461
0.06227315
0.08520015
0.11562910000000001
0.11914592
0.11012196
0.11135796
0.0682941
0.04801205
0.04395335
0.04377094
0.05465415
0.07211656000000001
0.08800742
0.09482292
0.09663896
0.07926891999999999
0.08119405
0.10745201
0.05570001
0.07653109999999999
0.06510814999999999
0.09561815
0.057779390000000014
0.0953491
0.14085496
0.12852101
0.11396705
0.14936196
0.1012111
0.10602892
0.0962333
0.09479001
0.09443305
0.10764101
0.09716396
0.14936101000000002
0.14922005000000002
0.12260196
0.13511196
0.13708810000000002
0.13296305
0.12965196
0.0924091
0.06758805
0.07182505
0.06930205
0.06820405
0.07085305
0.06131985
0.07956024
0.08732614999999999
0.08725724
0.1453911
0.08209505
0.06956409999999999
0.0694893
0.08320910000000001
0.08964305000000003
0.07857715
0.07301310000000001
0.13589205
0.06943005
0.07789815
0.0721891
0.07705405
0.08935509999999999
0.06641004999999997
0.06567134999999999
0.08006096
0.08131105
0.12371619
0.13172919
0.08147219
0.08878815
0.08421309999999999
0.07478619
0.1394351
0.07270610000000001
0.06814755
0.071315
0.06386819
0.07121960000000001
0.08236614999999999
0.09181301
0.0733391
0.07603900999999999
0.0810941
0.09845115000000004
0.06626415
0.07266105
0.0683561
0.06626201
0.060367009999999985
0.057961009999999986
0.07635395999999997
0.0840651
0.09856396
0.07845719000000001
0.07862029000000001
0.09056519
0.12766024
0.14165819
0.10284024000000004
0.0919421
0.10477215
0.10409219
0.13515215
0.10131765
0.11098115
0.10179215
0.10403396
0.09284196
0.15929101
0.10117415
0.1095491
0.11644815
0.10376319000000002
0.09769405
0.09701505
0.11132787
0.10477336
0.13161896
0.12920376
0.16994300999999998
0.11704996
0.08164401
0.08067924
0.07435104999999999
0.07755301
0.10984305
0.07990014999999999
0.06806295999999999
0.06539901000000001
0.06617905
0.07938687
0.07789595999999999
0.07320605000000001
0.09637296
0.18184196
0.09071005
0.10060415
0.09935815
0.12268310000000003
0.10995896
0.11213701
0.11242515
0.15312504999999998
0.07621945
0.11130745
0.07921005
0.08422196
0.08413704999999999
0.0950501
0.15088210000000002
0.09210101
0.06766135
0.06698338
0.05925188
0.07408974
0.08733471
0.07673776
0.09116957
0.09552757
0.07402539000000001
0.10690057
0.06205276
0.07472771
0.11874352
0.08098061
0.06870971000000001
0.07396262
0.062307569999999986
0.06841653
0.09315757
0.06432087
0.06373876
0.10097048
0.09771927
0.08912447000000001
0.09974698
0.11049844000000003
0.10119143
0.10021443
0.10099951999999998
0.11842153
0.09866444
0.10149009
0.10151034
0.10025413
0.06346267
0.09028362
0.05457866
0.06254257
0.06132767
0.07418462
0.06068152
0.06812061999999999
0.08155967
0.07993467
0.11407257
0.07133762
0.057239219999999986
0.05292272
0.07314456999999999
0.07130882
0.06418960000000001
0.06188186
0.07546671
0.07614280999999999
0.06651670999999999
0.09400462
0.05672181
0.07133861
0.05463876
0.06105671
0.05042589
0.05151371
0.05583106
0.05542706
0.05189852000000001
0.05604575999999999
0.06721479999999999
0.06679871
0.11689171
0.07986156999999999
0.11135567000000003
0.07044180000000001
0.08045553
0.10202453
0.07188475999999998
0.06080562
0.06112367
0.05845571
0.05340066000000001
0.048511740000000005
0.06472994
0.05368548
0.07495057
0.05246666999999999
0.04969770999999999
0.05206636
0.08506839000000001
0.07666934
0.08123047999999998
0.08507257
0.08995361
0.09121895
0.06272781
0.14701552
0.12899756999999998
0.08109670999999999
0.07770956999999999
0.08195062
0.08501511
0.04801255
0.05344271
0.059580699999999986
0.11879507
0.05912771
0.04786989
0.04732475
0.10368162
0.05327971
0.06734457
0.056179620000000006
0.056550570000000015
0.11268856999999995
0.05461661999999999
0.057254659999999985
0.04884657
0.03983576
0.17625438999999998
0.14048089000000002
0.13039309
0.07350053000000001
0.057359580000000014
0.06577952
0.08018557
0.05635666
0.07071767000000001
0.05307556
0.04849076
0.05174375
0.10593448
0.04927557
0.06219467
0.05798576
0.07730571000000001
0.07784266
0.05812985
0.06822566
0.11435771
0.14753948
0.05571882
0.05358272
0.05135152
0.04553356
0.0512197
0.05096966
0.08251876999999999
0.08173459
0.06759652000000001
0.07866366
0.08112053000000001
0.05618958
0.10715357
0.05971666000000001
0.05610667
0.06396343
0.12519439
0.06340652999999999
0.10025957
0.09879653
0.08276462
0.13275362000000002
0.07255489999999999
0.05669545
0.05938296000000001
0.05971561
0.07976678
0.07410728
0.07089013000000001
0.07944948
0.08735948
0.09355948
0.10855743
0.07773157
0.12144253
0.09746153
0.12055366
0.11106476
0.057199909999999986
0.07047181000000001
0.06414548
0.08853748000000003
0.06737734
0.12562647999999998
0.06555003
0.08833253
0.10473457
0.08593148000000002
0.10141957
0.06549198
0.06372321
0.06726252
0.07394053
0.07134647999999999
0.10711552
0.13813243000000006
0.06985639
0.09696034
0.07940839000000001
0.09083939
0.07641657000000003
0.06365153000000001
0.06647143000000001
0.07254529000000001
0.07509929
0.08807933999999998
0.08248229000000001
0.08192437999999999
0.07019543
0.07344548000000001
0.09258962
0.10070867
0.13920867
0.06782548
0.07792162
0.07064444
0.07055961
0.07589962
0.11487466
0.06974967
0.07597639000000002
0.08078147999999999
0.07908653
0.06978657
0.11486915
0.11072010999999997
0.07631664999999999
0.07225843000000001
0.08597347999999999
0.07044239000000001
0.06945960999999999
0.12254962
0.11153353
0.08531966
0.07501452
0.07357553000000001
0.06666560999999999
0.06027057
0.06592361
0.06782971
0.06309866
0.13501529999999998
0.18091816
0.13519025
0.14176734
0.14822915
0.13436442999999998
0.14029939
0.11973343
0.12035525
0.13562620000000006
0.13967415
0.14532725000000002
0.13308929000000005
0.10690257
0.08225258
0.06287651
0.06677306
0.06364180000000001
0.06760186000000001
0.07039612
0.06880710999999999
0.06806821999999997
0.06927503
0.07411878
0.07577653000000001
0.10346713
0.10174641
0.10726231000000004
0.08055001
0.06219415
0.0834271
0.06807510000000001
0.09350705
0.08591015000000002
0.08361714999999999
0.07430729
0.09614524
0.12537915
0.09052205
0.060940149999999985
0.05551819
0.06354805
0.06688996
0.07042406000000001
0.07012300999999999
0.08809205
0.06309196
0.0544601
0.12891405
0.09410733000000003
0.05701984000000001
0.07962159999999999
0.07859967999999999
0.09631067
0.06384007
0.06008235999999999
0.05771705
0.07460567000000001
0.0694559
0.21428966
0.23530872000000005
0.12319681
0.056653649999999986
0.05496645
0.05722523
0.0597989
0.08257258
0.08611190999999999
0.0981025
0.07320028
0.09825494
0.0928538
0.09417288999999998
0.10296971
0.10085683
0.11665794000000004
0.10538239999999999
0.12429985
0.05906944
0.07332158000000001
0.05519972
0.08051254
0.05850206999999999
0.05860962
0.061207720000000014
0.06799453000000001
0.05722863
0.08667185000000001
0.05778105
0.055649089999999984
0.04733811999999999
0.05788537
0.06346523000000001
0.06533222
0.06682208999999999
0.08518423
0.06401495
0.10492718
0.10232304
0.10944703
0.11992295
0.09846623
0.09799322
0.12324300000000002
0.09645204
0.10985322
0.14473822000000006
0.15247599
0.11525691000000005
0.10342704
0.10096823
0.09672909
0.13749818
0.09442673
0.09372608
0.09893609
0.10067079
0.11305299
0.10349408
0.10089213
0.11258713
0.09718923
0.09261004
0.10328223
0.10852895
0.1471239
0.10467099
0.09494256
0.12456082999999996
0.09203937
0.09201312
0.13458513
0.09733314
0.09708423
0.104428
0.13316486
0.104052
0.09967460000000003
0.097314
0.10076718
0.09239586
0.1264729
0.12963791
0.11455308
0.11452903999999994
0.10960533
0.09202227
0.11387427
0.12885237
0.09256882
0.09132406
0.08721026999999999
0.15029813
0.11295342
0.09151757
0.11090104
0.09204917
0.10612927
0.04051042
0.14895105
0.15080781000000004
0.13980781
0.12443300000000004
0.05547032
0.08395341
0.05344541
0.04758322999999999
0.05508717999999999
0.032709369999999995
0.03857937
0.04167251
0.04151074999999999
0.03992945999999999
0.07880450000000001
0.04438847
0.05294692
0.04193087
0.04350537
0.09678522
0.04036115
0.03952811
0.04256646
0.03750250999999999
0.09085922
0.11298013
0.09826304
0.05245224
0.10885928
0.03896886
0.04273722
0.04696718999999999
0.06966731999999999
0.04934527
0.06680817999999998
0.047874900000000005
0.12494486
0.05512028
0.07873923
0.05176827
0.10017941
0.03804447
0.07257018
0.08176642
0.06028152000000001
0.11208913
0.10807316999999997
0.07426727999999999
0.055108419999999984
0.06129931999999999
0.07810500000000002
0.0779438
0.06539418999999999
0.06041569
0.07919730000000001
0.07894799
0.07832109000000001
0.07885626000000001
0.08398095
0.06016814
0.07376632999999999
0.08102403999999999
0.05692122
0.08436100000000002
0.05844008
0.05719831
0.07955518
0.04814323
0.04612472
0.04950132
0.05349514
0.04572527999999999
0.04890636
0.08925928000000001
0.06289014
0.06622869
0.06307700000000001
0.07618308000000001
0.06840195
0.06197222999999999
0.09278323
0.062599
0.06598108
0.059012319999999986
0.05278822999999999
0.08488356000000001
0.05088936999999999
0.06253828
0.06172223
0.08396503
0.13946013000000002
0.06855890000000002
0.06558469000000001
0.06521465000000001
0.05658518
0.05768618
0.07219308
0.07038518
0.10922186000000003
0.06801218000000002
0.08922086000000003
0.06274795000000001
0.08530014000000001
0.12872918000000005
0.07801118000000001
0.06356913000000003
0.06273937
0.05804532
0.04912923
0.07191236999999999
0.06841213
0.14467104000000006
0.09063813
0.07732314000000001
0.06308318
0.06126609
0.05189109
0.06329909
0.06312314000000001
0.07413908
0.08746900000000002
0.07370808
0.06194218
0.06473518
0.07717818
0.05414618
0.07181128
0.10530037
0.08071331999999999
0.06816632
0.061390369999999986
0.05711732
0.06045805
0.08349505000000003
0.06607813000000001
0.06683827
0.11668914
0.07666432
0.06411322
0.06358227
0.07311423000000003
0.07275208000000001
0.11472423
0.07929504
0.06640517
0.08117716999999999
0.06733918
0.12769318000000004
0.06511731999999999
0.05561722
0.06588933
0.05916927
0.06186631999999999
0.13525913000000006
0.07053427
0.04628422
0.06484523
0.05933937
0.05697636
0.07825823000000001
0.05403327
0.05585698
0.05023232
0.06440218
0.05085522
0.05799414
0.04870507999999999
0.04768437
0.05039678
0.04473132
0.04846877999999999
0.05082420999999999
0.04764252
0.05194188
0.05818417
0.06081687
0.09277809
0.07026395999999999
0.057682100000000014
0.06039101
0.07263510000000001
0.12854896000000002
0.051590099999999986
0.06207517000000001
0.05145487
0.04179989
0.04933355
0.0477661
0.05895521
0.07699386999999999
0.06907096
0.06559801
0.09445901
0.06435211
0.05852596
0.05954801
0.07192005
0.05876205
0.04584701
0.04437715
0.06688424
0.04058838
0.04372693
0.04206129
0.06384615
0.05653409999999999
0.0562451
0.06821314999999999
0.051386150000000005
0.06265115
0.053973050000000015
0.046641190000000006
0.06645824
0.05065419
0.0505376
0.05161905
0.049374150000000006
0.04586005
0.0408449
0.05382215
0.05136110000000002
0.04686915
0.04340019
0.06743323999999999
0.040892290000000005
0.037739190000000006
0.04091619
0.04268965
0.05349024
0.06222424
0.04305519000000002
0.04225719
0.1012651
0.047916150000000005
0.0521881
0.047163100000000006
0.04715515
0.03899529
0.05629424
0.04209529
0.04277019000000001
0.03875919
0.038765190000000005
0.03721315
0.04107705
0.03929924
0.03905624
0.04767129
0.054362190000000005
0.03514024
0.04546924
0.047718049999999984
0.07039300999999999
0.12206756
0.07981001
0.07162710000000001
0.04809205000000001
0.04478705
0.03832101
0.10456101
0.04805196
0.06897205000000002
0.05183915000000002
0.05276305
0.041945010000000005
0.03427118999999998
0.0433829
0.0461658
0.04683100999999999
0.06980505
0.06017405
0.0567491
0.07211705000000003
0.05050945000000001
0.0456464
0.044093150000000005
0.04687119
0.05162315
0.11308192
0.14697196
0.14363292
0.08512205
0.0431041
0.03625515
0.08010719000000001
0.03512329
0.0644951
0.06502205
0.12345801
0.06916096
0.04620001
0.04409015
0.04034215
0.04448519000000002
0.05431815
0.06018115
0.04737510000000001
0.0417921
0.03870719
0.05718224
0.04786219
0.044837100000000005
0.06794814999999997
0.09143210000000004
0.05083309999999999
0.07309619
0.10319115
0.15043305
0.10206615000000002
0.07595815
0.04271215
0.05964119
0.08072115
0.03479705
0.04805675
0.04766205
0.0615341
0.0563991
0.05960605
0.0937921
0.06593510000000001
0.05835255
0.0594591
0.05923015
0.06194025
0.06854801
0.06113896
0.05501601
0.05002796
0.04963001
0.04631514999999999
0.051734020000000006
0.05206195
0.054914050000000006
0.07497896
0.07872100999999998
0.07551501000000001
0.05909905
0.05319405
0.04950405
0.050190450000000005
0.08021015000000001
0.05208209999999999
0.05091219
0.059356960000000014
0.11209414999999998
0.05362445
0.06955515
0.06606010000000001
0.08139396
0.057442099999999996
0.1007931
0.06155692
0.06314905
0.060072960000000016
0.06421805
0.06299292
0.13763500999999995
0.08601515
0.05100575000000001
0.05158105
0.04968915
0.04989715
0.0552821
0.05435719
0.12604101
0.05416301
0.06221505
0.06359901
0.06230205
0.11983505
0.0593728
0.0646881
0.052191150000000006
0.06146516
0.054745900000000014
0.06523096
0.10119382
0.07811177999999999
0.08031887
0.06844296
0.09203001
0.05994505
0.0764891
0.09174005
0.07513215
0.06695501000000001
0.06936814999999999
0.06913441
0.07752005
0.0634691
0.05959901
0.05941315000000001
0.10868715
0.06669405
0.07944414999999999
0.14278192000000006
0.11006601
0.06415005
0.07738205
0.10150301
0.14128596
0.08723105
0.06795415
0.06675901000000001
0.06154605
0.05080605
0.05557329
0.10059519
0.12818401
0.07505905
0.07862000999999999
0.07768596
0.10900010000000004
0.09968505
0.0514575
0.05220925
0.0527621
0.07242601
0.08387705000000001
0.06359565
0.057492809999999984
0.06624205000000001
0.06155765
0.05100525
0.05076050000000002
0.08931969999999999
0.05222624
0.06501324
0.05187399
0.05107593999999999
0.05550635
0.12635055
0.11739901
0.13605502
0.11274817
0.17124271
0.11896961
0.12050492
0.1022037
0.10209095
0.0963091
0.104886
0.12236785
0.11740914
0.11149975
0.10875385
0.10654095
0.10213639999999999
0.10217479
0.09976419
0.11378785000000002
0.10677309
0.10636905
0.13633
0.10497991
0.11617095
0.11230415
0.12412299999999996
0.12070265
0.14375970000000002
0.12694395000000006
0.11435905
0.10836037
0.09333296
0.07772335
0.056666199999999986
0.05373905
0.05803391
0.0474161
0.05253125
0.0686197
0.057552750000000014
0.05567751
0.07766105
0.0706628
0.06011105000000001
0.0808367
0.05519589
0.08177695
0.06165710000000001
0.05863479
0.055623000000000006
0.056583100000000004
0.10324137
0.10755384999999998
0.10521671
0.15735195
0.11120975
0.10318256
0.115791
0.10808289999999998
0.10328376
0.11170476
0.0978009
0.12259275
0.11168065
0.1259247
0.13491495000000006
0.13062580000000001
0.10915571000000003
0.10443956
0.10197305
0.10546359999999999
0.09891175
0.10264129
0.10119164
0.10215915
0.09979344
0.1026956
0.09989271
0.10182475
0.10214953
0.1029008
0.10126845
0.10413925
0.09659945
0.10059299
0.11235215
0.12209185
0.09388870000000002
0.13637394999999994
0.10087905
0.11296891
0.047823050000000006
0.0950441
0.05972537
0.06361280000000001
0.0545819
0.08753861
0.07202635
0.06726241000000001
0.11919926
0.07886289999999999
0.08289476
0.1024588
0.06486424999999997
0.05475038
0.05116224
0.05039818999999999
0.04762615
0.051926
0.04748311999999999
0.04243795
0.061502990000000014
0.09297156
0.09302151
0.11504946
0.08920165
0.10174265
0.08217075000000001
0.08456451000000001
0.08247455000000001
0.08468526
0.10060026
0.08200065000000001
0.08401890000000001
0.09316960000000002
0.14127026
0.08747165000000001
0.08666072
0.07908162
0.10321736
0.09370665
0.08571945000000003
0.09463066
0.15720881
0.10660405
0.08062589999999999
0.08401915
0.0796827
0.0977749
0.08807636
0.12727446
0.10080881
0.16168535
0.10883855
0.0902464
0.08917489999999999
0.04841701
0.06418495
0.04271115
0.06206485000000001
0.06218515
0.12028376
0.15143711999999998
0.16408812
0.15304494
0.13686612999999995
0.08321971
0.06047251
0.07565060000000001
0.05673685000000001
0.0524051
0.08114705
0.05266960999999999
0.05355291
0.05811405
0.05647288
0.07579401000000001
0.06337376
0.05933485
0.05892485
0.06286629
0.05641875
0.05717394
0.06941649999999999
0.05801954999999999
0.04919543999999999
0.08453113999999998
0.10999285
0.11480270999999995
0.06010860000000001
0.10269055
0.06668991
0.06538490000000001
0.05659076
0.05865470000000001
0.06380269999999999
0.06816950000000001
0.06465041999999999
0.06641155
0.07862675000000001
0.09770055
0.10000426
0.09187541
0.15341749999999998
0.10693765
0.0813419
0.07988869999999999
0.0965486
0.13539065999999994
0.08448771
0.0945208
0.07172970000000001
0.07338875
0.09933584
0.1254268
0.06984600000000002
0.10433965
0.13900485000000004
0.12341695
0.1011239
0.13132559
0.11884495
0.07446756
0.0700911
0.07155381
0.06926950000000001
0.1427356
0.08280875000000001
0.08611741
0.08120562
0.07496246
0.07281352
0.10870346
0.08454244999999999
0.08777375000000001
0.13123385
0.12487569999999998
0.08525879
0.090398
0.08389276
0.14925196000000002
0.09923760000000001
0.07194439999999999
0.0901679
0.10057166
0.14724265
0.08234205000000001
0.08545185
0.06942419000000001
0.06790500000000001
0.07324800000000001
0.14914165
0.08166659999999999
0.09093352000000003
0.07678045
0.07348985
0.0713678
0.07338075000000001
0.09109085
0.08554475
0.11086461999999997
0.14907452000000002
0.07826166000000001
0.06736202000000001
0.06505242000000001
0.06715551
0.08304242
0.0635627
0.07069275000000001
0.06590072000000001
0.07313285000000001
0.06785251
0.07141084999999997
0.06847331000000001
0.08066612000000001
0.07900322000000001
0.07026040000000001
0.09509715
0.07500245
0.08068415000000001
0.09944221
0.06852175
0.06862839999999999
0.07496756
0.07402104999999999
0.07404611
0.08407851
0.12014301
0.14237966
0.07440075
0.08296695999999999
0.06427145000000001
0.08199403
0.07402754
0.07436893000000001
0.08038747
0.09721963
0.09652173
0.08391903000000002
0.09610506
0.11596100999999998
0.07428577
0.09016153
0.09038677
0.07266192
0.11568657
0.06661170999999999
0.07395589999999999
0.07031401
0.06382790999999999
0.06506081
0.08425262
0.08549277000000001
0.07195601000000001
0.07321100999999999
0.06693821
0.07022015999999999
0.09127272
0.09078501
0.09949692
0.08182522
0.09896492
0.12272982999999996
0.10341767
0.09126302
0.09522081
0.06926047
0.11392592
0.07500172
0.05757845
0.07936116
0.06875036
0.13823131
0.08313812
0.06522933
0.10674983
0.08919778
0.05641167
0.11582264
0.08384073
0.07188543
0.07197806999999999
0.08073982
0.06347138000000001
0.07323742
0.08331336
0.05956635
0.06495601
0.05941956000000001
0.06217586
0.05573821
0.05869385000000001
0.05740686000000001
0.07974566
0.08132562000000003
0.07642946
0.08784695000000001
0.06675895999999999
0.06070295
0.06122685
0.05899991
0.0800956
0.06797749
0.08272395
0.06170865
0.12069409999999994
0.08293065999999999
0.06628515000000001
0.06394981
0.08365301
0.06501592
0.05730970000000001
0.052599900000000005
0.05046336
0.06602504999999999
0.07093475
0.060000510000000014
0.06088565
0.07305014999999998
0.06311965
0.06263445
0.05341435
0.05289735
0.0677911
0.06389061
0.052560300000000004
0.06094450000000001
0.08038775
0.05163432
0.06969834999999999
0.0549386
0.062142450000000016
0.06155040000000001
0.08755831000000001
0.0547344
0.06648799
0.05394504
0.05309545
0.08632101
0.05186539999999999
0.05718746999999999
0.05913492
0.04911903
0.07558169000000002
0.04219291
0.05366283
0.047079060000000006
0.05521892
0.05267477
0.07205576
0.05530052
0.05686841
0.04939346999999999
0.04914516
0.04489551
0.04620226
0.051882870000000005
0.05369277
0.10394814
0.10170483
0.09361767
0.09189991
0.08946945999999999
0.09326188
0.09382423
0.09295053
0.09124018
0.08710108
0.09713272
0.08972544
0.08485764
0.04570388
0.08540077
0.04850036
0.05153501
0.05108696
0.047402610000000005
0.062416159999999984
0.04803021
0.052239859999999985
0.07411725999999999
0.04651096
0.05000405
0.04300316
0.052894559999999986
0.06557527
0.04986406
0.06915067
0.09556888
0.051626710000000006
0.04950703
0.061775020000000014
0.05154437
0.054668130000000016
0.05764217000000001
0.05963812999999999
0.05336262
0.07837192
0.07111883000000001
0.08717937999999999
0.12775534000000002
0.06610134000000001
0.07787773
0.07635291999999999
0.09063022
0.11304791000000004
0.05816307
0.06176133
0.06622222000000001
0.05501226000000002
0.05022651
0.10886837
0.06422821
0.05538826
0.05692236000000001
0.05342598
0.12885787
0.06220401
0.06505171
0.06403947
0.05917297000000001
0.05897261
0.05702245
0.05778776
0.09423367000000002
0.06766202
0.07039082
0.06116673000000001
0.11616616
0.07692677000000002
0.07404121
0.17424592
0.09788591
0.07304171
0.08443562
0.10254742
0.112754
0.05574273
0.05858377
0.05937936
0.06933066
0.09474307
0.11270425
0.12792697
0.09988645
0.1369874
0.10291639
0.10862209
0.10600739
0.12425554
0.11116033
0.11039642
0.12432409999999999
0.13803551
0.06732785999999999
0.07469782000000001
0.07884463000000001
0.07766781
0.07149391
0.07138696
0.11500882
0.06880929999999999
0.09723356
0.14807166000000002
0.08906695999999999
0.07299691
0.074116
0.07115886
0.11639926000000002
0.13851361
0.0710963
0.09419401
0.12883591000000005
0.11953982
0.10454979999999996
0.0753593
0.0791699
0.07181214000000001
0.06855549000000001
0.08053116
0.0812344
0.0712488
0.07946679999999999
0.12778881
0.06561589999999999
0.08490955
0.07572380000000001
0.06796886
0.06959420999999999
0.11288451
0.06482741
0.07459231
0.07570251000000001
0.14444411
0.07958046
0.06527776
0.06796625
0.06300410000000001
0.08390471
0.06103525
0.07268806000000001
0.0633019
0.06437114999999999
0.08617171
0.06906105
0.0729448
0.0648612
0.12810455
0.06336385
0.06122225
0.06590838
0.0677206
0.06769107
0.06977602
0.06879797
0.07000708
0.08155753
0.06440248
0.06086366
0.10060057
0.07635596000000001
0.09348931
0.11339987
0.12232387
0.13504101000000002
0.06697391000000001
0.08094292000000003
0.07583292
0.07413192
0.10389101
0.09144005
0.06479845000000001
0.06227991
0.06115196000000001
0.06350305
0.06546824999999999
0.06269061
0.08938101000000001
0.08334005
0.09070196
0.06833774
0.16610441000000006
0.18035439
0.18384438000000008
0.18928439
0.15832825
0.16390343000000002
0.1688863
0.19463439
0.12892152
0.08169865999999999
0.06369962
0.06556153
0.06275771
0.08513770999999999
0.06545671
0.06257586
0.10335244999999996
0.17483454999999998
0.08341030999999999
0.07634105
0.07059108
0.07194067000000001
0.23257852
0.20971952
0.22848052
0.12615274
0.06887388000000001
0.09501458
0.08484641000000001
0.16225309
0.22256935
0.23672644000000004
0.23641215
0.23517884
0.2267693
0.12884125
0.059221150000000014
0.05619015
0.05845879
0.05251343
0.05263252
0.054159300000000014
0.05396403999999999
0.05802076
0.16285648000000005
0.1641646
0.16047934
0.15510841
0.15448555
0.16053031
0.1944184
0.20601601
0.20665697
0.20581071
0.13574498000000002
0.10860899
0.10595785
0.05749098
0.05694952
0.05561242999999999
0.05962996
0.06111408
0.11511017
0.10893417
0.05199626
0.05195973999999999
0.05830404
0.12666418000000002
0.12394518000000004
0.13405403
0.12790879
0.11848318
0.11515703
0.10771308000000004
0.14501783
0.14687503
0.14165593
0.13803503
0.12944641
0.14463403
0.11846021
0.09725981
0.05237051
0.09732736
0.08541955000000001
0.07088626
0.15162191
0.04832086
0.04205435
0.04389677999999999
0.04505111999999999
0.04715686
0.04664732
0.04432725
0.04382753
0.04749538
0.04140465
0.04128414
0.04558302
0.05173489
0.04683682
0.04516246
0.04442771
0.04489689
0.04328954
0.04108683
0.04322489
0.04736176999999999
0.06778806
0.04521877999999999
0.04092791
0.04577572999999999
0.12887692
0.09190547
0.12055642
0.04716218999999999
0.05180467
0.08845916
0.04629092
0.04397551999999999
0.19689167
0.04429497
0.04335466
0.04480876
0.05389122
0.16178102
0.18333934
0.04969307
0.05057017999999999
0.04664533
0.08148218
0.046245269999999984
0.04888635
0.04338367
0.07488971
0.09406172
0.08200881000000003
0.09235316
0.04921543
0.05144109
0.10232551
0.10517591
0.09765297
0.2162083300000001
0.19575172
0.13069591
0.17337591
0.09558346
0.09480362
0.08420301
0.08036621
0.08383495
0.09661975
0.10443594
0.0956459
0.04830308
0.04716112
0.10113689
0.0951559
0.05046641
0.15418883000000005
0.1102637
0.0485696
0.05620456
0.05405359999999999
0.05240266
0.0512398
0.09957869999999999
0.04898386
0.10351308
0.05116645
0.10356589999999999
0.09908836
0.14878892
0.10437308
0.10829291
0.09838866
0.1058404
0.11269261
0.11811452
0.11050471
0.11447276
0.09169451
0.10486833
0.10423251
0.10657491
0.10423726
0.10668041
0.10444841
0.10378214
0.10930785
0.11054551
0.06078175
0.06060655
0.06338661
0.0603855
0.06537081000000003
0.06394715000000001
0.06850570000000003
0.06252764999999999
0.0619875
0.06502800000000003
0.06484811000000001
0.12679807999999998
0.13205293
0.12746533
0.14346655
0.14473868
0.1459445
0.14140718000000002
0.15112289
0.15412713
0.10769092
0.11164762
0.04962311
0.09161036
0.06096465
0.07270458
0.10111412
0.08815247000000001
0.07435618000000001
0.08163061
0.07106901000000003
0.06751660000000001
0.07133135
0.06760326
0.06819524
0.06718782999999999
0.06591215
0.062151749999999985
0.06227192
0.06208895
0.06134696
0.06078215
0.08796594
0.20462075
0.07443551
0.06998027000000001
0.19013978
0.17079787000000002
0.15266654999999998
0.18220217
0.12853222
0.06952502
0.06360552000000001
0.06973307000000001
0.07957976000000001
0.06817831000000002
0.08273789000000001
0.06751685
0.06638589
0.10434788000000003
0.10261883
0.10305644
0.10431745000000002
0.11275976
0.1091336
0.17914178000000006
0.19366844
0.19546534
0.18508759
0.11573391
0.11210497
0.10613891
0.10949505
0.11920702
0.12343577
0.11626898
0.11703982
0.11040836
0.1071877
0.10716670000000003
0.10661330000000001
0.10914151
0.11173006
0.10319015
0.1072762
0.11012021000000002
0.10419010000000001
0.10137205
0.10546210000000003
0.10525911000000003
0.10256781
0.1069942
0.10053569
0.10002921
0.10127352
0.10200911
0.10355552
0.10202595999999996
0.10386401
0.10193207
0.10631676
0.10248226
0.10151401
0.09777340000000002
0.13858895
0.12422644
0.13430720000000002
0.14009461
0.14002884
0.13994880999999998
0.10240553
0.10016695000000002
0.13460192
0.13670958000000002
0.13412552
0.10394509
0.09793346
0.17473670000000002
0.15005954000000002
0.12772116
0.15052393
0.18811055
0.17482388
0.18926961
0.14385057999999998
0.13943141999999994
0.13933622
0.14174526999999998
0.14145592
0.14852547
0.14986317
0.13948660999999998
0.14300907
0.15167513
0.14485889
0.15136284
0.14924479000000002
0.14567874
0.14731484
0.14433314
0.22162484
0.14830183
0.14377778
0.14173098
0.14688894
0.14304178
0.14252678
0.14887894000000002
0.14411697999999998
0.14251528
0.14223269999999996
0.14231689000000006
0.14382568999999995
0.14388194
0.14220179
0.14213974
0.14141127999999994
0.14075694
0.13791114000000002
0.14238509
0.13821518
0.13975117999999995
0.14338112999999994
0.13758324
0.14016103
0.13990604
0.13548769
0.13292488
0.13061794000000002
0.12316789999999997
0.12370579
0.12907302999999998
0.12147204
0.11268119
0.08435198999999999
0.07754414
0.06932011999999999
0.06810193
0.12332432999999995
0.11906313
0.10636308
0.08715712999999999
0.11425408
0.06850428
0.06057822
0.06137962
0.06293132
0.06683478
0.06060823
0.06196628000000001
0.06167401999999999
0.05599136999999999
0.05486262000000002
0.05627772
0.05556342
0.05964648
0.21013984
0.16494039
0.1944305
0.059893820000000014
0.055245850000000006
0.09751152
0.13523842
0.13341677
0.13292882
0.19996862
0.16497152
0.19848668
0.13592282
0.13682432
0.14001172
0.13574782
0.14618267
0.13957816
0.13720402
0.14312242
0.13383325
0.1352979
0.13475935000000006
0.13391376
0.09614162
0.08980171
0.09819691
0.06881645000000003
0.05268530999999999
0.09065006
0.14583367000000005
0.17296393
0.10291887
0.09112606
0.07976101000000001
0.08615025000000001
0.08641820000000001
0.09186915
0.08632419999999999
0.08023025
0.07069489999999999
0.07444015
0.08015805000000001
0.07478275000000001
0.08516420000000002
0.07649901
0.05726991
0.07566566999999999
0.21178277
0.21982492
0.21994617
0.10569976
0.06847472000000003
0.0632687
0.0596269
0.058676709999999986
0.061710130000000016
0.057399999999999986
0.06062601
0.05990075999999999
0.062234919999999985
0.06413414999999999
0.08482681
0.09621462
0.10142662
0.10636261
0.09413451999999996
0.0961888
0.08835101
0.14507756
0.16069386000000002
0.19003052
0.18596096
0.14874451
0.08618291
0.11041446
0.09522906
0.07620275
0.08654031
0.08468376999999999
0.08173206999999999
0.08806061999999999
0.08706667
0.10062372
0.14951555
0.15787110999999998
0.10342653999999996
0.10548
0.10065483999999998
0.09719384
0.10584930999999996
0.10090060000000001
0.1006078
0.10114539999999997
0.10311444999999997
0.10267389999999996
0.10530650999999998
0.1089691
0.10197493999999996
0.10736294
0.10682594
0.10751249
0.10883677999999998
0.09926543
0.10177064
0.10420023
0.11001358
0.10489627
0.10480728
0.10672212
0.12487777999999998
0.12723553
0.11989798
0.12565478000000002
0.18642773
0.18823832
0.16181129000000002
0.16240407999999998
0.15783923999999994
0.16234804000000005
0.15906912999999998
0.15703723999999994
0.16437404
0.19545930000000009
0.19436379
0.21068343
0.22343963
0.22366238
0.20136489
0.20479814
0.2049787
0.20608764
0.20482640000000002
0.2059264
0.20309245
0.20652769
0.19959769
0.20540774
0.17371964
0.17205737999999998
0.16877728000000006
0.17284924000000002
0.17101494
0.17123103999999995
0.17115964
0.17155968
0.17395639
0.13625104
0.17093394
0.17246354
0.17287734
0.16460969
0.17152884000000002
0.16890488
0.15792208
0.13962338000000002
0.14207742999999998
0.11893688
0.11540113
0.16742164
0.17420108999999998
0.17373398999999998
0.17918245
0.17384439
0.16968863999999995
0.17359859000000002
0.17785320000000002
0.17404054000000002
0.17406969
0.17011444
0.17171549
0.17246018
0.17244294
0.1699678
0.10981598
0.10296974
0.11189503999999996
0.12021194
0.10963738
0.10516253999999996
0.11339114
0.11027428
0.10876544
0.1120225
0.11017519999999996
0.10649599
0.11076165
0.11239735
0.10445630000000002
0.10685260999999996
0.10865541
0.11047551
0.10492601
0.10895936
0.13136020999999998
0.12715734
0.13418175999999998
0.13259135
0.1320719
0.1294302
0.13341539
0.13467444
0.13219024
0.11381798
0.19129475
0.18951661000000009
0.17034549
0.21285424
0.11629379
0.10539854
0.13215000999999998
0.12994241
0.13721434999999998
0.13256244
0.13019949
0.1377195
0.13414241000000002
0.13458804
0.13191760000000002
0.13517569999999998
0.13404569
0.07847428
0.10654808
0.13334614
0.13032903999999998
0.13188379
0.12991863999999995
0.13277669
0.12794760000000002
0.12960279000000002
0.12486378
0.1029885
0.2178772
0.22575854
0.22389043
0.14944478
0.10973682999999998
0.10612574
0.10665649
0.10613598
0.10789839
0.11284114
0.18595485
0.19748281
0.19663475
0.19655479999999997
0.19086194
0.10385239999999998
0.09852954
0.10112660000000001
0.10330521
0.13322825
0.13153814
0.12851654
0.1273421
0.13319764
0.12584204999999998
0.1274391
0.12578393999999998
0.12839250999999996
0.12578525
0.12107815
0.12099144
0.1227344
0.12576044
0.11697880000000001
0.11756109
0.11118569
0.12099049
0.11529937999999998
0.11405351
0.1102667
0.10633219
0.10647064
0.10570099
0.10379648
0.11015413999999996
0.10442309
0.09989122999999996
0.10289934
0.10778839
0.10092208
0.10266828
0.10875314
0.10534543
0.19398548
0.14828358
0.12361693
0.09997339
0.09907168
0.13780258
0.22714299
0.10383362
0.09714768
0.06219486000000001
0.06671085
0.06596082
0.08262662999999999
0.08438733000000001
0.07181913
0.06313402
0.058671409999999986
0.06236802
0.06446297000000001
0.06741805999999999
0.07261455999999998
0.20756359
0.21987649
0.21749082
0.20670758
0.07099003
0.06161172
0.06541662000000001
0.22003588
0.22146268
0.21790178
0.22122868
0.21935773000000008
0.22013882
0.21133123
0.22101112
0.22123946
0.21671353
0.21766528
0.21667342
0.22018914
0.21854708
0.21986122
0.21963127
0.21965078
0.21854738
0.21491414
0.22465602
0.21856408
0.21961768
0.22031159
0.21962964
0.21575343
0.20906019
0.21889198
0.22105002
0.21907768
0.21616628
0.22116293
0.21889874
0.21928054
0.21985392
0.21153152
0.22021387
0.21087156
0.21976577
0.21187967
0.22404922
0.22003528
0.21951339
0.21865383
0.22198677
0.08381486
0.12152542
0.09536493
0.13198968
0.12813218
0.12927928
0.12934637999999998
0.12683303
0.12780594
0.12900737
0.13226683
0.13417358
0.13638398
0.14060262999999998
0.13886062999999998
0.14045639
0.14133159
0.13989634
0.13757688
0.14245121
0.1381227
0.13744699
0.13747934
0.13962068
0.13866878
0.13839543999999998
0.08218592999999999
0.09489128
0.09461456999999998
0.10038737999999996
0.13970403
0.12715308
0.10493937999999996
0.09739222999999997
0.09655547999999996
0.04658878
0.10627028
0.09927648
0.09880168
0.10685883
0.11450062999999998
0.10974548
0.10336547999999998
0.10597832
0.10544543
0.10195399
0.10421062999999996
0.10231218
0.10179263
0.10340308
0.09698788
0.09946072
0.10425413
0.09847588
0.12715407999999995
0.12959258
0.12677694
0.12839453
0.11191542999999997
0.09897928
0.10203934
0.14938978
0.11091593
0.10818647999999996
0.14118738999999994
0.13649504
0.13558779
0.11395933999999998
0.11399638999999998
0.11397645
0.11436884
0.12358594
0.11175354
0.14766789
0.14127409
0.14834644000000002
0.13877119
0.13594398000000002
0.13932503999999998
0.13947414
0.11488113
0.10526214
0.10333833
0.09785034
0.09834834
0.10475510000000002
0.10243544
0.12601549
0.13372224
0.10884419
0.11390734
0.11111504
0.11875163999999998
0.1218863
0.11362511
0.14363644
0.12241383999999995
0.1524912
0.17260928
0.09471882
0.09710977999999998
0.12543727999999998
0.11082648
0.10031107999999997
0.10010677999999998
0.10456798
0.10507894
0.09907028
0.09993264
0.10044793
0.09452357999999997
0.09575459
0.09698294
0.09646594
0.17456155
0.17945120999999994
0.18444344
0.18351124
0.11861254
0.11259504
0.10361213999999998
0.10280098
0.10248023
0.09662128
0.09427344
0.16681119
0.16470054
0.16904669
0.16924968
0.17150258
0.16646263999999994
0.16432824
0.16683842999999998
0.16823068000000002
0.22037558
0.21703538
0.21961194
0.21776583
0.21980238
0.21527168
0.21465058
0.21606129
0.21901348
0.21861138
0.22432824000000004
0.22452444
0.18205823
0.20222824
0.19964698
0.16032953
0.16189994000000002
0.16046184
0.16329834
0.16427867999999998
0.15841029
0.15573654
0.18856349
0.21474074
0.19477214
0.15834449000000006
0.09050064
0.11587743
0.08451168
0.07936067999999999
0.07872774
0.08729004
0.08704250000000001
0.08883583
0.08512535
0.08647009
0.0917896
0.09218593
0.16243048999999998
0.17142919
0.17230512999999995
0.15425819000000002
0.13011389999999998
0.1305315
0.10676154
0.08714544
0.08204434000000001
0.08405413999999999
0.08443459
0.08868580000000001
0.08850684
0.07636453999999998
0.07875947999999999
0.07781173999999999
0.08466049
0.09341938
0.08062344
0.07989113
0.07487748
0.14469432999999998
0.07998018
0.08107728
0.07612494
0.07341624
0.07641149
0.07318819
0.07809788
0.07898788
0.07140737
0.06978573
0.06890157999999999
0.06650778
0.06958622999999999
0.06434428
0.06286314
0.06197993
0.06412882000000003
0.061758670000000015
0.06540638
0.11857974
0.11712158
0.09274253
0.05829857
0.05397912
0.06050058
0.06749823999999999
0.06243212
0.05414246
0.05115040999999999
0.05063241
0.05078302
0.04964227
0.04860066999999999
0.04684131
0.05346627
0.05204582
0.05180006999999999
0.05443292
0.10559018
0.12993391999999998
0.09109736
0.06256862
0.07520247999999999
0.04343121999999999
0.04567981
0.04270696
0.04162156
0.04179681
0.04208306
0.04288581
0.0426203
0.04615111
0.05792561
0.04441782
0.04701111
0.04914785
0.04112655
0.06797906
0.07948392
0.07932046000000001
0.13017232
0.07226362000000001
0.04378492
0.07941742
0.14187555999999998
0.06349415
0.06782259999999997
0.05275686000000001
0.043915760000000005
0.04224176
0.04296900000000002
0.04690970999999999
0.047201510000000016
0.045917550000000015
0.04458675
0.04386185
0.04332232
0.046808220000000005
0.05653452000000001
0.05305961
0.05283306
0.050518360000000005
0.05112052000000001
0.14505673
0.14034388
0.14447078
0.12327442
0.08771917
0.06197591000000001
0.059063600000000015
0.061992299999999986
0.06105386
0.06112946
0.06078246
0.06429855
0.06908251
0.06747721000000001
0.06638052
0.07046276
0.13268762
0.12760967
0.08587826000000001
0.07647482
0.07657827
0.07519997
0.07630601999999999
0.07898312
0.07717527
0.07549477
0.07604742
0.07803468000000001
0.07823347
0.07689747
0.07743817
0.08207562000000003
0.08187472
0.08099267
0.08005448000000001
0.08076552
0.08069766
0.08014431000000001
0.08128480999999999
0.08124101
0.08132071
0.07991241
0.15082032
0.15493548
0.17338354
0.16391739
0.16045599
0.14427027999999995
0.15092403999999998
0.09488029
0.08955188
0.09187309
0.09011984
0.08764112999999997
0.08627919
0.08775356999999999
0.09116128
0.09125453
0.10135368
0.09654824
0.08564323
0.08539052
0.08558123000000001
0.08478257999999997
0.08636813
0.08577191999999999
0.08594714
0.08527061999999999
0.08702623
0.08743437999999999
0.13636618
0.13912323
0.10249928
0.09676328
0.10782108
0.13346762
0.13065673
0.13095738
0.13371333000000002
0.13076919
0.13150408
0.16022973
0.16251758
0.16765638
0.16339934
0.16307023999999998
0.16089412999999994
0.14994218
0.13707684
0.13152238
0.13248833000000002
0.13608957
0.13381258
0.13021738000000002
0.13264808
0.13267318
0.13456224
0.15639124000000004
0.15262758
0.13338254
0.13448707999999998
0.13756227999999998
0.13163241999999994
0.12745628
0.13163714
0.11902132
0.08305938000000003
0.08338423
0.08643484000000001
0.08241907000000001
0.08903378
0.08603133
0.08663068
0.08413168000000001
0.08446038
0.08480497999999999
0.08581818000000001
0.08204112000000001
0.08213767999999999
0.08379323
0.08107537999999999
0.07925344000000001
0.08036697000000002
0.08559772
0.08308148
0.09213403
0.12663588
0.11483028
0.11241828
0.12655418000000002
0.11031212
0.08690648
0.08359122000000001
0.08226393
0.08487214
0.13223098
0.13310973
0.08169982
0.08330713000000001
0.09018008
0.08851473
0.09355533
0.09156562
0.08937856999999999
0.08727372999999998
0.13999503
0.08866353
0.11298439000000005
0.12068064
0.12107108
0.1125632
0.1107184
0.10461780000000001
0.11901911
0.14221971
0.091721
0.0923907
0.08748814
0.08702869
0.08685738
0.08655332999999997
0.08543896999999999
0.08713003000000001
0.08599528000000001
0.08645492
0.08487453
0.08493611999999999
0.08425603
0.08603867999999999
0.08278702
0.09205183000000004
0.08319628
0.08337068
0.08148006999999999
0.09340008
0.08094947000000001
0.07812522
0.07753028000000001
0.07530151999999997
0.08190027999999999
0.16106333
0.13513862999999998
0.13371689999999994
0.12949298999999995
0.13366298999999998
0.13602065
0.10585248
0.0943088
0.09045783
0.10260298
0.09256284
0.09071384
0.08646598000000001
0.08753793000000001
0.08669487999999999
0.08317019
0.08535989000000001
0.08239648
0.07994891999999999
0.07963877
0.08091563
0.08880658000000001
0.08060271999999999
0.08351763
0.08033563
0.07590281000000001
0.07729315
0.07981071999999999
0.07545132
0.08131463
0.08063377
0.08163871
0.08101977
0.07954767
0.07791391
0.07394256
0.07085303
0.07069191
0.06922686
0.06881546
0.06612632999999997
0.06819064999999999
0.06366522
0.0611936
0.05963577000000001
0.0585694
0.0656473
0.06264117999999999
0.06264349999999999
0.05802735000000001
0.056913260000000014
0.05543949
0.0547293
0.05444715
0.052296400000000014
0.0574025
0.05161460000000001
0.055176390000000006
0.05866535000000001
0.05545263000000001
0.05365973000000001
0.12954398
0.12416495
0.15515398
0.07920486
0.0533556
0.06905477
0.04818115
0.048706400000000004
0.048213580000000006
0.05001915
0.046773720000000005
0.04896439
0.05093968
0.08055079000000001
0.04847503999999999
0.04653981
0.04556877
0.04501101
0.04479729
0.04870302000000002
0.051414730000000006
0.04892873
0.0475161
0.04569577
0.05245015000000002
0.04959006
0.04621486
0.04594877
0.04808215999999999
0.05218506
0.05260231000000001
0.047462199999999996
0.05462934000000001
0.11443056
0.07843954
0.06697966
0.06202778
0.06431861000000001
0.06506241000000001
0.05992916000000001
0.05844325
0.06872841
0.05879137000000001
0.05613721000000002
0.07615034000000001
0.06733647
0.07427871
0.06619821000000001
0.07256541000000001
0.06883059999999999
0.053862539999999993
0.058326349999999985
0.05063113000000001
0.05823919
0.054438730000000005
0.05381303
0.05788784
0.0601659
0.06129583
0.057961600000000016
0.053318250000000005
0.05445804
0.05582769
0.05802994
0.05888123
0.06473351000000001
0.06718734000000001
0.07110965000000001
0.07092538
0.0713283
0.07354500000000001
0.07661825000000001
0.07391589999999999
0.07604161000000001
0.07362085999999997
0.07817776
0.07901108999999999
0.07569854
0.07355476
0.07423590000000001
0.07447785
0.07608302
0.07716458
0.08515396000000001
0.08390943999999999
0.07724249000000001
0.08133529999999999
0.07983967
0.08463162999999999
0.08159301
0.0817621
0.08339612
0.15336163000000005
0.11686207
0.11623167
0.10042892
0.11777588
0.11605683
0.11772188
0.10839353999999997
0.10355016
0.10974878
0.10502591
0.10729727
0.11430412
0.11296027
0.11597927
0.12342017
0.12117397
0.11773733
0.09030802
0.09089143
0.08979558
0.09106913
0.09181998
0.08642521
0.08608566
0.08759905999999999
0.08643390999999999
0.08370654999999999
0.08301465
0.08382048
0.08667385
0.09168095
0.09095474
0.09380432999999998
0.08690155
0.08675386
0.08647657
0.08608745999999999
0.08511184999999999
0.08563466000000003
0.08723389000000001
0.08637525
0.08121400000000001
0.08393689999999998
0.08916044999999999
0.08473736
0.08607373
0.08535965999999999
0.0838573
0.08565907
0.08176209999999999
0.08116335
0.07950831000000001
0.08149311999999997
0.09364941999999997
0.07948588
0.08220551999999999
0.08849437
0.08035572
0.08344678
0.08583157
0.08625292000000001
0.09355632
0.08722888000000001
0.08814452
0.09210542
0.08899548
0.08446007999999999
0.08126738
0.08216293
0.08595498
0.08553085999999999
0.08105742
0.08052382
0.08056106
0.08100942
0.09329374
0.08164437999999999
0.08693248
0.09302978
0.08990419
0.09102568
0.09501028
0.08875538
0.08945047
0.08604722
0.08534622000000001
0.08170662
0.07980777
0.08242238
0.08645304
0.08904873999999999
0.08266508
0.08014552000000001
0.08023808
0.08239363
0.07943581999999999
0.08000278
0.08077982
0.09012157
0.08276632
0.07967985
0.08046802
0.08326581999999999
0.08555772
0.08268657
0.08290658000000001
0.08468067
0.22935502
0.23046507
0.16511837
0.08219273000000002
0.08893432999999999
0.15563808999999998
0.08776474000000001
0.08526343
0.08514163999999999
0.10004278
0.07936013
0.07983388000000001
0.08122504
0.08250410000000001
0.08505524000000003
0.08282088
0.08700437999999999
0.09054103
0.08551942
0.08294822
0.13262314
0.12435053999999998
0.08825504
0.08316712000000001
0.09361773
0.08987208
0.09928298
0.09073772
0.09024868
0.09121153
0.09103393
0.09658304
0.09122773
0.12131238
0.12287443
0.11876064
0.11624563999999996
0.11422758
0.11640734
0.11417258
0.12487679
0.11749859
0.12084114
0.12269148
0.11661713
0.11601793000000002
0.11296393
0.07964312999999999
0.07863518000000001
0.08096408
0.07955553
0.07663096
0.07355518
0.07609957
0.07311548000000001
0.07082472000000001
0.07340253
0.07054743
0.06837349
0.10031408
0.12329499
0.11099384
0.08708352999999999
0.11649923
0.06257908
0.06118753
0.05767243000000001
0.05706473
0.05643253
0.05581753
0.05563967000000001
0.05494192999999999
0.05458328
0.05683873000000001
0.06120398000000001
0.05482527
0.05054597
0.049336010000000007
0.04941536
0.04798655999999999
0.05401745
0.05068426
0.04880501
0.04978527
0.04637225999999999
0.04779702
0.04859971
0.04809806
0.04962661
0.05263391
0.05303487
0.10638932
0.05546961
0.05437907
0.05312607
0.14767176999999998
0.14946597
0.08381845000000003
0.07587436
0.04744485
0.04836875
0.047737850000000005
0.04833505
0.05189295
0.04936595
0.04585915
0.0470069
0.07741721
0.049000810000000006
0.05413526
0.19881038
0.20364298
0.19550323
0.18407823
0.10566792
0.07841502
0.06111586
0.05661296
0.053567049999999984
0.05880744999999999
0.05337690000000001
0.05643695
0.0561232
0.05973220000000001
0.05537075
0.05790645000000001
0.0572347
0.05548635
0.05698302
0.06166207
0.06588306999999999
0.08639537
0.09427537
0.06687887
0.06400315999999999
0.10907222
0.07332295999999999
0.06573806000000001
0.06466032000000001
0.09584887000000004
0.13026636
0.18271718
0.19428868
0.18390313000000005
0.16577488
0.07860287
0.10572018
0.09849068
0.11799018
0.12012543
0.12124308
0.12689494
0.09563308
0.14780893
0.12824728
0.12739493999999998
0.12229638
0.12257038
0.12429833
0.12473214
0.12223358
0.12591019
0.12130207999999998
0.12271828999999998
0.12315544
0.12456285
0.12730419999999998
0.12500103
0.11815203
0.13087504
0.12287594
0.12635793
0.12410833999999996
0.12924595
0.11719959000000002
0.11126878
0.12492788
0.14588913
0.14336402999999998
0.14110383
0.15098688
0.15792181
0.15037599
0.15066507999999998
0.16156454
0.16133873999999998
0.15746014000000005
0.15167545
0.15861905
0.15659676
0.15972155999999998
0.15503541
0.16126395
0.16102589
0.15870299999999998
0.1573383
0.14388209000000002
0.16502439
0.13533304
0.16002924000000002
0.15714634
0.15703915
0.15664453
0.158184
0.15930835
0.16318401
0.16688156999999998
0.13821589999999995
0.10891630000000001
0.10854299
0.10503984
0.11043273
0.10809464
0.11270064
0.11294054
0.11113412
0.11687007
0.11010288
0.14660874000000002
0.13954403
0.11683744
0.12646779
0.12708548
0.1081985
0.10600644
0.1011842
0.1035616
0.10145748999999996
0.10300045
0.10337374
0.10005478999999998
0.10728320999999998
0.13671159
0.12887463999999998
0.11408159
0.10767374
0.11519209
0.12170164
0.10460184
0.11553069000000002
0.11481447999999995
0.1200731
0.10709999
0.11424454
0.10945625
0.12012854
0.11349283999999996
0.09948204
0.09645425
0.11881155
0.10781114
0.10110618999999996
0.09735585
0.11569165
0.10805844
0.11050979999999999
0.12352024
0.14698964
0.14085643999999994
0.12515278
0.11329382
0.11124472
0.10849296
0.10737258
0.11959823999999995
0.11177738
0.10866832999999998
0.10996424
0.1094189
0.10787851
0.10567338
0.1055621
0.10933829
0.11811249
0.11969009
0.1093844
0.10359024
0.10337348
0.11039053
0.10833047999999998
0.11227724
0.12864764
0.11453289
0.11041054
0.10981434
0.11088949
0.11191658
0.09541768
0.09721938
0.09912214
0.10384390000000003
0.10045329999999998
0.10097254
0.1032585
0.10941625
0.10649459
0.1099243
0.10015048
0.08871728
0.09214234
0.09004538
0.09805149
0.09279895
0.09240653
0.09309334
0.09784652
0.22522131
0.22150724
0.17853743
0.1280144
0.09376804
0.09341744
0.09990464
0.09976074
0.09754434
0.17495214
0.19093531
0.18895422
0.19010424
0.1835872
0.14377159
0.08594824
0.09587444
0.09610628999999997
0.07685618999999999
0.06886308000000001
0.07570531999999999
0.07453162999999999
0.13288218
0.14880954000000002
0.09337258
0.16605873
0.22217284
0.22598041
0.1953113
0.22210014
0.21732219000000005
0.21241378
0.20807934
0.22528163
0.22775598
0.22891303
0.21597688
0.22528468
0.22687553
0.22730498
0.22643074
0.22678789
0.22593184
0.20410283
0.19900338
0.20126917
0.21663252
0.22204422
0.22214358
0.21919623
0.21323177
0.18291828
0.22822854
0.22806859
0.22429774
0.2263759300000001
0.22181648
0.22701068
0.22548974
0.21321018
0.22620923
0.22221478
0.23262434
0.23096033
0.20146737000000006
0.20928107
0.23088367
0.22217402000000008
0.21804512
0.22371058
0.19865402
0.21204992
0.20883841
0.23508917
0.17895132
0.22746532
0.22549458
0.22691823
0.22505598
0.22688074000000005
0.044221
0.042152
0.09056
0.092007
0.07310900000000001
0.04244196
0.04161992
0.04268292
0.0937471
0.04831496
0.044362290000000006
0.053184890000000005
0.044911550000000015
0.08581935000000003
0.17346582
0.04576971
0.04206255
0.0405915
0.08456155000000001
0.04663225
0.05091281
0.09025615
0.11433175
0.12460901
0.16992962
0.22717067
0.19321458
0.18980858
0.19305182
0.19384648
0.23236082
0.23236896
0.23228406
0.23300677
0.05138891999999999
0.06356273
0.22564782000000005
0.23009364
0.22974173
0.21863187
0.15126387
0.11333395999999996
0.10364496
0.09932501000000002
0.1020301
0.10292205
0.10434210000000001
0.10229201
0.1068612
0.1044624
0.1048011
0.10622059999999996
0.10552
0.10955510000000003
0.10605730000000001
0.11006045000000003
0.11186752
0.14298263
0.14466988
0.11727907
0.11576732
0.11414922
0.11894962
0.11516988
0.15254812
0.15692576000000005
0.15707616
0.12195226000000002
0.12222196000000002
0.12160271999999996
0.12880086
0.12734871999999994
0.12562167
0.13217463000000002
0.12654377
0.12830278
0.12702857
0.14465908
0.16954967999999998
0.18658113
0.23139644
0.224646
0.20282124
0.21207468
0.19991643
0.12780693
0.09352602
0.12020693
0.16637887999999998
0.16500978
0.16762888
0.17647887999999998
0.17107978
0.16729364
0.21414548000000005
0.21269933
0.21454214
0.21758834
0.21960454
0.22022929999999996
0.19584649
0.20517359
0.20487269
0.19967074000000004
0.19604134
0.1987537
0.19578961
0.20482976
0.19861464
0.19757361
0.1959342
0.19816048000000008
0.20264764000000005
0.200401
0.20119189999999998
0.19959764
0.19773104
0.19289433000000009
0.19865764
0.20318339
0.19996284000000009
0.1988348
0.2015604
0.2002814
0.2037048
0.1971066
0.19867050000000008
0.1984556
0.1998491
0.20027180000000008
0.2023294
0.1978889
0.2015885
0.1973794
0.20223110000000002
0.19929229999999998
0.1995294
0.1983152
0.1981471
0.1994394
0.2003691
0.2021725000000001
0.2003181
0.1975355
0.19890050000000006
0.2000104
0.1984744
0.1993402
0.1976999
0.1326505
0.13724953999999998
0.12830054
0.13250482
0.16132786999999998
0.16164881999999994
0.16387292
0.16328578000000002
0.15811182
0.15834673
0.16716673
0.16609768000000005
0.16453578
0.16263768
0.16523864000000002
0.16715864
0.16441578
0.16528578
0.16166864
0.12981054
0.15827149999999998
0.16119859
0.15815224
0.15269654
0.15371548999999998
0.15394505
0.15595649
0.17592169
0.16536844
0.14568648
0.12169552999999995
0.12608628
0.12244958
0.19842764
0.14538763000000002
0.11567048
0.12313958
0.12120543
0.12074023
0.16300488000000002
0.11925663
0.11749573
0.21369454
0.16446559
0.12868959
0.18011959
0.18599084
0.17993032
0.16567316
0.10877991
0.11874371999999996
0.10656175999999998
0.14305366000000005
0.14295577
0.10477724
0.10276005
0.09720068
0.14199070000000005
0.0915576
0.09039175
0.09290999
0.095938
0.09753754999999996
0.13487005
0.16926625
0.09602704
0.08995294
0.08633403
0.08548793
0.08457783
0.08139143
0.08147743
0.07434623
0.07658153
0.08039818
0.08350243000000003
0.08291043
0.11536043
0.11172928
0.16815999
0.165472
0.11592908
0.10629753
0.10820433
0.10987951999999998
0.10592768
0.10800842
0.10167242
0.09937142
0.10085032
0.10668767999999998
0.11130342999999998
0.11222467
0.10718072
0.10350357000000003
0.11070938
0.10190732
0.10254227
0.10015011999999998
0.10425928
0.09725322
0.10094332
0.10049407000000002
0.14506738
0.14058642999999998
0.14173632000000005
0.13963537
0.13336448
0.10270407
0.09889036999999998
0.09392512
0.12430448
0.08732967
0.11550248
0.08510682
0.08188786
0.07904176
0.08913857
0.16559407999999998
0.17355098
0.17517043
0.15056233
0.14625543
0.15905672
0.16693683
0.14682802
0.14245508
0.14245222999999996
0.09053806
0.06001225
0.04494126
0.04475181
0.09397181
0.04664341000000001
0.05134942
0.05610542
0.04942781
0.06668702
0.07992456
0.07717060999999999
0.07042502
0.06694552
0.07229321999999999
0.05612848
0.07137172
0.05538952
0.11617867
0.08672837
0.05516002
0.05069545
0.04704625000000001
0.05715366999999999
0.10636622
0.10653836
0.11055536
0.11418456
0.11184745
0.11176772
0.15384161999999998
0.15599842
0.15510252
0.11663727
0.11972745
0.11543926000000004
0.11508022
0.11076531
0.11450231
0.11604355
0.11707426
0.1100926
0.11031726
0.11598976
0.12334561
0.16375642
0.09134062
0.09274858
0.12769057
0.06555058000000001
0.06784462000000001
0.09784682
0.08263501000000001
0.057190060000000015
0.10158961
0.054805610000000005
0.10425472
0.10648302
0.10738566
0.09356886
0.10906672
0.11198272
0.10775066
0.05924772
0.11585866
0.06255066999999999
0.06541996
0.06292082
0.07128602
0.09576712
0.08361991999999999
0.12829897999999998
0.11610516
0.07143446
0.11963042
0.12264322
0.14152412
0.12811416000000006
0.12856891999999998
0.12843182
0.12768986
0.12615891999999998
0.12101786
0.12189686
0.11660486
0.11731276
0.11892391
0.11807292
0.12065806
0.12310386
0.12715276
0.12622578
0.12098422
0.13338882
0.08821596999999999
0.09066691999999996
0.12741316
0.12766777
0.12613971999999998
0.13933272
0.17593108000000002
0.17248513
0.13857938000000006
0.13851751999999998
0.13947758000000002
0.13245557
0.13512257000000005
0.13481238000000004
0.14130528
0.13650838
0.14757522
0.14689528
0.15184628
0.14656908000000002
0.14822322999999998
0.15936238
0.10649928
0.10700913
0.14590333
0.13973351999999994
0.13756547
0.13643768
0.14260138
0.14666532
0.14329851999999998
0.13846342000000006
0.14275617999999998
0.13519541999999998
0.13317141999999998
0.13482332
0.13645142
0.13942422
0.13900122
0.13668932
0.13446538
0.13934148
0.14145622
0.13652742
0.13332547
0.14317728000000002
0.15382328
0.10239252
0.13480336999999998
0.10206348
0.09899252
0.09993238000000004
0.10776152
0.08877267000000001
0.10403042
0.10290052
0.10683738
0.10981438
0.10006253
0.11984358
0.08503648000000001
0.09804358
0.08804452
0.12223363
0.07976887
0.10393694
0.08250032
0.09478642
0.09465172000000002
0.08895357
0.08313562
0.09184177
0.09951737
0.10172882
0.09711962
0.09655143000000002
0.11782868
0.09260538
0.09187358
0.10635853
0.12153553
0.10807254
0.08406334
0.09130459
0.10109649
0.09548940000000004
0.10655499
0.09159263
0.08576643
0.08507858
0.08723459
0.09011939
0.08500333
0.09814242
0.08921292
0.08741337
0.09843552
0.10671124
0.09826558
0.09434138000000004
0.10384268
0.09253718
0.08810584
0.10549124
0.10065029000000003
0.09583758
0.09097728
0.10493742999999996
0.09324772
0.09835928
0.09579362
0.09770438
0.09779218
0.10884833
0.09235408
0.09342923
0.08487733
0.08269078
0.08958613
0.08602924
0.08444208
0.08500252999999999
0.10127644
0.11022918
0.10632728
0.11037289
0.11015814
0.10834804
0.10588034
0.10580088
0.10337993
0.09993364
0.10535794
0.10062554
0.11806469
0.09920738
0.09437739
0.09617668999999998
0.09454758
0.08455027999999999
0.08322788
0.09379454
0.06151232
0.06794752
0.06604682
0.06335222
0.06812357
0.06601067000000001
0.07444142
0.05918427
0.00029182
0.00011059999999999999
0.0251383
