0.193895
0.21501639999999997
0.2116365000000001
0.31132259999999995
0.2285412000000001
0.20817090000000005
0.22805840000000005
0.2636426
0.2838345
0.31920540000000003
0.35797059999999997
0.2748278999999999
0.2350161000000001
0.2863744999999999
0.12920160000000006
0.1434795
0.1112617
0.14304270000000002
0.13636610000000002
0.1133103
0.1176469
0.1153702
0.1130953
0.13378579999999998
0.21941500000000005
0.43795429999999996
0.3764366
0.15057470000000006
0.1881923
0.0857949
0.08959690000000001
0.16081979999999998
0.4211825
0.41432
0.2441306000000001
0.26968250000000005
0.284004
0.4443596
0.45349629999999996
0.4517963
0.4592749
0.4058338
0.45084659999999993
0.35668940000000005
0.25300500000000004
0.2710172
0.4116643999999999
0.404096
0.2529243
0.3109114
0.1892713
0.32941390000000004
0.33616339999999995
0.3223572
0.31419369999999996
0.3581278
0.3480718
0.3713007
0.432579
0.4257157999999999
0.375097
0.4485428
0.31452499999999994
0.2045032
0.41725829999999997
0.4516366
0.4305189
0.4406081000000001
0.3718325000000001
0.4485679
0.3791857000000001
0.27452109999999996
0.4279443
0.4322727
0.2970806999999999
0.28425189999999995
0.39539179999999996
0.3914918
0.2418239
0.3709545
0.4523882000000001
0.4600175999999999
0.461741
0.4351845
0.3938978
0.42939929999999993
0.3465453
0.3443403
0.4529490000000001
0.4389116
0.4279223
0.371344
0.4472066
0.38753150000000003
0.2873042000000001
0.28862720000000003
0.28490770000000004
0.2659330999999999
0.3225769
0.3880919000000001
0.3064679
0.2572116
0.2695626
0.2117040000000001
0.3936755
0.44314609999999993
0.32529159999999996
0.24038130000000002
0.4540668
0.45906959999999997
0.4466326
0.4539808
0.4119217000000001
0.435167
0.3268549000000001
0.13578410000000005
0.189842
0.4340191
0.4646745000000001
0.45195100000000005
0.4316966999999999
0.2922327000000001
0.4327318
0.35393030000000003
0.28835799999999995
0.2950966
0.3005415999999999
0.3328728
0.30087290000000005
0.2910006
0.3125214999999999
0.3459989
0.4058466000000001
0.4567503000000001
0.3902643
0.2588902
0.3629849
0.4319606
0.4621034000000001
0.4565425
0.4535114999999999
0.4303548000000001
0.4492356
0.3732123000000001
0.3456965
0.3864088
0.4236081
0.4219095000000001
0.30640059999999997
0.3044268
0.3697603
0.3773512
0.4017170000000001
0.4210960999999999
0.4379892
0.4651574000000001
0.4303435000000001
0.4660583
0.4541696000000001
0.3703636
0.4570291999999999
0.4614871
0.4395238
0.4655575999999999
0.4402047000000001
0.4453621
0.45489830000000003
0.3774693
0.3968955
0.3611475
0.3144385
0.28351570000000004
0.3113073
0.3061739
0.2785808
0.2798631
0.2348607000000001
0.3084317
0.4321339
0.4658088000000001
0.38736859999999995
0.2435442000000001
0.15134550000000002
0.13293640000000004
0.126912
0.08009669999999999
0.1464262
0.14988300000000002
0.30140890000000004
0.2906939
0.31504
0.3256464000000001
0.29549440000000005
0.3482754
0.2341142
0.23816579999999998
0.3345068
0.34958859999999997
0.3944997
0.28699289999999994
0.28508720000000004
0.3898856
0.419612
0.395386
0.33188120000000004
0.22461840000000005
0.20765710000000004
0.19834920000000006
0.1646228
0.2376038000000001
0.1729904
0.185184
0.26105
0.350718
0.4097730000000001
0.4713117
0.4022208
0.33672450000000004
0.4635808000000001
0.4631213000000001
0.2997816
0.4440719
0.4313802
0.4079263
0.3586474
0.34923469999999995
0.3846903
0.4322290999999999
0.4522719000000002
0.4311091
0.28157990000000005
0.190284
0.1740098
0.1657838
0.2280212000000001
0.2213779
0.3773896000000001
0.4401725
0.4460695
0.3731243
0.29960790000000004
0.3151255
0.3551867
0.35164300000000004
0.3800194000000001
0.4461071
0.4504095000000001
0.29909620000000003
0.31635479999999994
0.327375
0.3405164
0.3491956
0.43705459999999996
0.4615449
0.2918079000000001
0.13860280000000005
0.14357960000000006
0.14211859999999998
0.160159
0.17913339999999994
0.3460233
0.3711036
0.4475309
0.4210954000000001
0.32117120000000005
0.3327383
0.30956530000000004
0.30364880000000005
0.33072759999999995
0.32143
0.2090994
0.19771830000000004
0.26898549999999993
0.2581352
0.21649980000000005
0.4002981000000001
0.4444853
0.34704470000000004
0.16075520000000004
0.13607450000000004
0.16357800000000006
0.1345131
0.11315320000000005
0.10766949999999999
0.2997390000000001
0.29112009999999994
0.2469377
0.27723999999999993
0.27368849999999995
0.25129720000000005
0.2786612
0.22682280000000002
0.17094400000000004
0.3771393000000001
0.4386368000000001
0.33455290000000004
0.28209189999999995
0.3637681
0.437704
0.30589970000000005
0.28089639999999994
0.2604314
0.13220670000000004
0.12932870000000002
0.14505750000000006
0.14870279999999994
0.14713270000000006
0.15922160000000005
0.3058564000000001
0.4330426000000001
0.4431318999999999
0.2702009
0.2977505000000001
0.3231020000000001
0.3847283000000001
0.4404884
0.3029659999999999
0.2960730999999999
0.4450919
0.4196336
0.25119870000000005
0.28878820000000005
0.27629980000000004
0.30332420000000004
0.3414231
0.4357675999999999
0.3721718000000001
0.1830273
0.13155319999999998
0.11615559999999996
0.1154712
0.09875259999999997
0.21344810000000008
0.3817645
0.432097
0.3648429999999999
0.2408489
0.2580371
0.3595142999999999
0.4455067
0.38787849999999996
0.2843281
0.3161912
0.2288855
0.33210270000000003
0.2142614
0.300466
0.3189968
0.3454791
0.35035209999999994
0.38557220000000003
0.2719758
0.16771770000000005
0.13051400000000002
0.181
0.17387149999999996
0.2704807
0.30486290000000005
0.25025210000000003
0.13236099999999998
0.15058570000000002
0.24067719
0.30923103
0.34638071
0.30656555
0.1775056
0.31682985
0.28989045
0.15405927
0.09841697000000002
0.15903863
0.27704868
0.33406806
0.38584805
0.31785034999999995
0.2784972
0.39584675
0.41830607
0.30478392000000004
0.23273645
0.4451204000000001
0.46215402
0.4285298300000001
0.45854889
0.41646441
0.44979316
0.45272882
0.3934357
0.44194376
0.43633534
0.4446248
0.45267918
0.45607518
0.44243034
0.43935315
0.4217811500000001
0.43728690000000003
0.39799329
0.24551126
0.3794400000000001
0.44977132
0.4438791799999999
0.45345795
0.3978552500000001
0.3230462
0.38722709
0.3610885199999999
0.34756374999999995
0.19783708000000005
0.37598897
0.46087293
0.46022143
0.44950369
0.42210812
0.4520331400000001
0.4490746400000001
0.4516024
0.4380814
0.4415434
0.4437996
0.4486622
0.4447351000000001
0.4477887
0.4515074000000001
0.45618190000000003
0.4533012
0.4299297
0.40987520000000005
0.4459112
0.4656547
0.42073720000000003
0.4192253
0.446089
0.3675356
0.3750755
0.3948054
0.30773932
0.16775320000000002
0.3853363
0.4512212
0.44945240000000003
0.4615523
0.458349
0.4664866
0.4651007
0.47030550000000004
0.4617796000000001
0.4402946
0.41171199999999997
0.452079
0.4646266
0.4671803
0.4597815
0.453062
0.4599065
0.4626367999999999
0.465503
0.3689955999999999
0.33221480000000003
0.4363475000000001
0.4540932
0.4545242000000001
0.456488
0.4225215000000001
0.4292248
0.415704
0.388117
0.235308
0.34721799999999997
0.456345
0.457317
0.4556412
0.4639050000000001
0.4552866
0.4542521
0.45919849999999995
0.4505252999999999
0.4511898
0.4517122
0.42618
0.46189020000000003
0.457021
0.4680942999999999
0.4695037000000001
0.4635018
0.4609774
0.4691764000000001
0.4293293
0.2511645
0.3528855
0.4358062
0.43654729999999997
0.462709
0.45134399999999997
0.4054074000000001
0.4305920999999999
0.4233811
0.3300593
0.27092019999999994
0.4508807
0.4698812
0.4580342000000001
0.4612939
0.4540616
0.4684747
0.4689852
0.4655869000000001
0.4078309
0.4313846
0.4666861
0.459348
0.45808820000000006
0.4503140000000001
0.458258
0.4680762
0.41429679999999997
0.4271605
0.415044
0.27599500000000005
0.320734
0.44023
0.4481170800000001
0.44796208
0.4452049400000001
0.3732360000000001
0.41319700000000004
0.3995
0.353376
0.277807
0.3955840000000001
0.4337690000000001
0.428968
0.46702899999999997
0.46156099999999994
0.464193
0.44897
0.468216
0.453517
0.469883
0.4697
0.4565670000000001
0.46343999999999996
0.453795
0.462654
0.470081
0.45693199999999995
0.457352
0.456081
0.45507200000000003
0.255175
0.4212660000000001
0.458687
0.454882
0.446532
0.44875299999999996
0.420033
0.446484
0.409767
0.242391
0.308
0.4661540000000001
0.457567
0.469361
0.4619750000000001
0.427749
0.428843
0.465301
0.4663720000000001
0.446304
0.454148
0.46174399999999993
0.46230190000000004
0.4698734000000001
0.4639055
0.4598869
0.4570840000000001
0.458069
0.4567769999999999
0.26819
0.387101
0.433723
0.433569
0.41985900000000004
0.445203
0.460246
0.4196760000000001
0.4559750000000001
0.412416
0.31528399999999995
0.345979
0.455729
0.333805
0.220369
0.40436500000000003
0.432475
0.457286
0.461583
0.454275
0.46037700000000004
0.4262280000000001
0.46812
0.435637
0.419494
0.4636670000000001
0.47101773
0.44387087
0.458425
0.448288
0.463741
0.43408
0.407298
0.31754000000000004
0.46548999999999996
0.45964
0.448217
0.446865
0.42310200000000003
0.424979
0.443875
0.33060500000000004
0.223052
0.444346
0.462134
0.456768
0.45601
0.447371
0.4596753
0.418626
0.430922
0.444262
0.458329
0.455215
0.447905
0.433519
0.470984
0.451695
0.4525
0.423706
0.165939
0.32413299999999995
0.384864
0.408535
0.428846
0.4470543
0.356522
0.38545
0.372883
0.299559
0.23435799999999998
0.442349
0.462474
0.448517
0.457909
0.44398000000000004
0.43396
0.409921
0.420638
0.448058
0.4419610000000001
0.459073
0.458033
0.457363
0.43356400000000006
0.42153100000000004
0.4530120000000001
0.429997
0.282437
0.413951
0.443295
0.43820600000000004
0.41574700000000003
0.4123310000000001
0.4330430000000001
0.458779
0.435555
0.232679
0.349066
0.4561
0.455179
0.450125
0.462536
0.458691
0.46914700000000004
0.459884
0.4542740000000001
0.442154
0.452832
0.441303
0.42688
0.45009099999999996
0.453274
0.45244399999999996
0.440166
0.433414
0.365799
0.301238
0.4300390000000001
0.40513340000000003
0.35494950000000003
0.33106070000000004
0.3349368
0.304793
0.3218225
0.3817087
0.3938087
0.43212
0.447254
0.378687
0.358028
0.4213170000000001
0.4315229999999999
0.4158850000000001
0.448241
0.445666
0.44977
0.446658
0.4401910000000001
0.430841
0.444712
0.434307
0.42744099999999996
0.434557
0.443345
0.447813
0.446546
0.433646
0.44959099999999996
0.4493929999999999
0.4351999999999999
0.432651
0.343118
0.41979099999999997
0.414215
0.380178
0.423768
0.430014
0.403374
0.422009
0.333464
0.449693
0.33451000000000003
0.359414
0.3038
0.420992
0.4355035
0.401692
0.422465
0.419153
0.422962
0.4519970000000001
0.440321
0.420213
0.44829
0.4047355
0.3297306
0.32523670000000005
0.350267
0.4036345
0.3989413
0.333994
0.4489320000000001
0.449504
0.4398490000000001
0.429171
0.4061560000000001
0.4160059999999999
0.44456
0.417853
0.268421
0.422689
0.433364
0.422784
0.445013
0.40405
0.3904010000000001
0.425385
0.35527479999999995
0.3712783
0.35958
0.3167664
0.35118
0.33129440000000004
0.3222625000000001
0.3369163000000001
0.360029
0.446934
0.435678
0.393748
0.35643
0.356877
0.28186009999999995
0.37289140000000004
0.35890029999999995
0.3594258000000001
0.3411208
0.3861568
0.4073726
0.3746038
0.4149822999999999
0.41034659999999995
0.35329629999999995
0.336785
0.4029835
0.42719529999999994
0.42321909999999996
0.4142165
0.3130048
0.2782403
0.2787986
0.2644175
0.2551834
0.203272
0.24772529999999998
0.24373670000000003
0.27541340000000003
0.3054958
0.28168190000000004
0.24679020000000002
0.2519568
0.23562220000000006
0.2428339
0.200411
0.22900389999999998
0.2365476
0.2402719
0.28342930000000005
0.30490490000000003
0.3343735
0.34463971
0.34621456
0.33408837
0.3856520099999999
0.37273142
0.35026257999999993
0.29768497
0.29335777
0.31549450999999995
0.31608545
0.32784825
0.33655106
0.3632595599999999
0.32459530000000003
0.30846956000000003
0.18588456
0.16953726
0.2381352
0.1213144
0.1086159
0.09091119999999996
0.1017556
0.29896359999999994
0.27862990000000004
0.13553179999999998
0.14287850000000002
0.1142893
0.1139964
0.14584809999999998
0.0996979
0.10764639999999999
0.140173
0.08603709999999998
0.07478080000000001
0.0744165
0.1247423
0.1747934
0.1825932
0.15112089999999995
0.19074620000000006
0.10866539999999998
0.12281859999999994
0.11220410000000001
0.092197
0.2689466
0.27261992
0.05665851000000001
0.07042607000000001
0.13107839999999996
0.13733789999999998
0.13137839999999998
0.10278803
0.09840803
0.07882547999999999
0.16422977
0.22648453
0.22831707
0.21828617
0.12329273
0.1664486
0.20617919999999995
0.1675844
0.16472689999999998
0.23126279999999996
0.1163338
0.13194718000000005
0.19418818
0.18152098
0.232019
0.4560035000000001
0.4279517
0.4047436
0.4312117000000001
0.4033134
0.3872141
0.4180571
0.3907046
0.3974188
0.4033314
0.4205380999999999
0.4277925
0.4365385
0.4352683
0.3898793
0.4341232
0.4425523
0.40492209999999995
0.4286201000000001
0.4206599
0.27198490000000003
0.3494851
0.3792535
0.4230125
0.4076881
0.3670413
0.3061247
0.3099179
0.3781249
0.42555790000000004
0.27960290000000004
0.3528343
0.4255662
0.4051095
0.3761008
0.3960487
0.3836863
0.399543
0.3568867
0.4353656
0.4132249
0.4496085999999999
0.4060404
0.4368682
0.4257034000000001
0.382573
0.4274212000000001
0.3717564
0.4439755
0.4085814999999999
0.4036679
0.26988579999999995
0.366872
0.4184271
0.4152918
0.40289
0.412216
0.4343425
0.3880348
0.3929068
0.2989949000000001
0.3679394
0.35083439999999994
0.3732248
0.4246061
0.3955621
0.3636197
0.3653695000000001
0.3946769000000001
0.4204672
0.439841
0.40303540000000004
0.39278270000000004
0.4073911
0.4468569000000001
0.4494789000000001
0.4254384
0.4133344
0.44459399999999993
0.44725690000000007
0.419584
0.42552340000000005
0.4317849
0.26051689999999994
0.3750712
0.4282259000000001
0.432376
0.4154129
0.4481446
0.39935390000000004
0.4298225000000001
0.4091462
0.4347384
0.41980159999999994
0.34441679999999997
0.4200319000000001
0.45535649999999994
0.4206862
0.4364448
0.4419235
0.4554933
0.3843226000000001
0.3685934
0.395967
0.41897449999999997
0.4209878
0.4278068
0.4375944000000001
0.4455585
0.4518269
0.4289228
0.4238486
0.4141565999999999
0.4164371
0.4067007
0.4307135
0.3679838
0.33354559999999994
0.3415678
0.3729398
0.3644341
0.3751538
0.39936679999999997
0.3912062
0.4314560000000001
0.3985459000000001
0.3953995
0.4434926
0.4582831
0.4479255999999999
0.3323362
0.4373561
0.4238838
0.3801081
0.4099477000000001
0.4259549
0.4260361
0.40495290000000006
0.3785033999999999
0.3503509
0.41518900000000003
0.4206428
0.3974893000000001
0.3951866
0.4289618000000001
0.4368089
0.43195320000000004
0.4203718
0.3993305999999999
0.390705
0.4122655
0.4383782000000001
0.3788162000000001
0.3562207000000001
0.4505099
0.4529786
0.4247556
0.4201564
0.4133425
0.27143090000000003
0.3837438
0.4163165
0.39012070000000004
0.35635029999999995
0.3117426
0.2810226
0.3787606000000001
0.4191094
0.3308293
0.365339
0.35482260000000004
0.3833162000000001
0.3270324
0.35108300000000003
0.32786350000000003
0.3644825999999999
0.3699683
0.35020500000000004
0.3788589000000001
0.33599493
0.36577664
0.32842385
0.36696753
0.41898367
0.43240178
0.39261388
0.40000174
0.42665504
0.45109472
0.41719398
0.41838222
0.45308628
0.42647844
0.41974963
0.40131859
0.43023078
0.41143884
0.37454033
0.33090528
0.23486193
0.24038577
0.28237951
0.30467167
0.37429139
0.32136292
0.33019427
0.36101183
0.33477198
0.32236624
0.32865917999999994
0.33286794000000003
0.32245394
0.31238898
0.23783132
0.33430316000000004
0.32291412
0.34481282
0.33846514
0.34772944
0.3347534999999999
0.35186844999999994
0.29494254000000003
0.33424824000000003
0.3205673900000001
0.31127034
0.32174669
0.30804528
0.32018423999999995
0.35828497
0.31780562
0.28197669
0.32534454
0.33023044
0.35302004
0.33683632
0.31775137000000003
0.3625124200000001
0.36812282
0.37808668
0.33518588000000005
0.32907073
0.30860058
0.27603113
0.30491944000000004
0.28453853
0.26974328000000003
0.25310547
0.28318768
0.26077382
0.26641222
0.38464783
0.27951617
0.30845742
0.29062883
0.27255837000000005
0.31112526
0.32671796000000003
0.42359187
0.33365344
0.35780313
0.40602973
0.30455672
0.4229885200000001
0.37999652
0.38889978
0.25582703
0.31027898
0.19572557
0.32047074
0.34606978
0.33061707
0.30234572
0.28805367
0.30975046
0.28788686
0.29741656999999994
0.32665627
0.38360362
0.35972726
0.37045962
0.37584087
0.33224773
0.33926682
0.37156782
0.38480592
0.41123096
0.41969796
0.40132101
0.40492396
0.41467201
0.41186296
0.38244482
0.39165492
0.42448687
0.43490787
0.37893287
0.38333068
0.21369892
0.34456577000000005
0.37527842
0.38466473
0.36626022
0.36504305
0.36593396
0.35654578000000003
0.37609159
0.36353464
0.37946674
0.39346304
0.38331149999999997
0.41976621
0.29226334
0.32014303999999993
0.33810053999999995
0.32227837000000004
0.31798657
0.34568328
0.35850027999999995
0.34434454000000003
0.32495068
0.29231993
0.35009202999999994
0.35742895
0.37901636
0.38640301
0.37553876
0.32924229
0.32125894
0.33183414
0.26743923000000003
0.12904167
0.19911433
0.21779648
0.19910692
0.17885943
0.18296282000000005
0.21925432
0.18129973
0.18643897
0.13018807000000002
0.13217892
0.18809362
0.20533838
0.17254417000000002
0.12898896999999998
0.25758372
0.25456298
0.22820411999999995
0.19821432
0.22701327
0.22924262999999995
0.27960992
0.26705892
0.30619077
0.38894323
0.37188968
0.33127734
0.38424703
0.35763373
0.39077908
0.35765638
0.36761874
0.32615001
0.32023201
0.2749347600000001
0.31274702
0.31165638
0.3613054
0.33278983999999995
0.36146743
0.37952362
0.36202644
0.27284533999999994
0.15168462
0.21388976000000004
0.21948212
0.18385776
0.20709495000000008
0.30950312
0.36061887
0.35256343
0.33563177999999994
0.33701747
0.36194127
0.32515698000000004
0.32123073
0.33492548
0.31256758
0.34622034
0.29784028
0.37348477
0.38261422
0.36116878
0.36019182
0.33973503000000005
0.32419353
0.20403765
0.18136602
0.13714787000000006
0.18003447
0.23514217
0.17071502
0.30099202
0.3372402800000001
0.29606503999999995
0.30174198
0.3072587900000001
0.36167271
0.31019724
0.27212204
0.33362588
0.34177583
0.33826952000000005
0.33228886
0.28791556
0.36855882
0.37384272
0.35019541
0.36596604
0.25909387
0.17312271999999998
0.19469966
0.19963417
0.26190032
0.23640466
0.27320291
0.34338972
0.35403989
0.36611948
0.35526908
0.30771532
0.32300297
0.34438488
0.33806303
0.33887115
0.35850489
0.38879543
0.35444069
0.29380485
0.336814
0.35351219999999994
0.3411811
0.3505726
0.38193309999999997
0.3736137
0.34681684
0.28070158
0.28172172
0.16846652
0.20383377000000005
0.36265489
0.33678968
0.32455358
0.33970398
0.35907299
0.34025644
0.31948484
0.29523977999999995
0.33197734
0.26372548
0.30996114
0.34026869
0.37162931
0.30159475
0.32384271
0.29985165
0.37935
0.2509945
0.1893659
0.2584226000000001
0.2661978
0.2626597
0.23644920000000003
0.23235970000000006
0.2295845
0.2158968
0.25287020000000004
0.177528
0.2052973
0.216494
0.1882497
0.2385653
0.1829377
0.2380934
0.12566480000000002
0.16821160000000002
0.2000402
0.2413472
0.16531549999999998
0.1980171
0.2219618
0.25006490000000003
0.2289573000000001
0.2500077
0.2868434
0.2372354
0.2790654
0.2627892
0.26767529999999995
0.27688869999999993
0.31759210000000004
0.2453839
0.26152010000000003
0.1904035
0.15642000000000006
0.15853820000000002
0.2039108
0.27680029999999994
0.2335527
0.2626444000000001
0.22674410000000006
0.2377382
0.1911246
0.21197829999999995
0.2385924
0.17297610000000002
0.212751
0.2172645
0.18534389999999998
0.1916371
0.2049658
0.13747460000000006
0.15433870000000002
0.15082269999999998
0.1784183
0.1971655
0.16040729999999995
0.15716429999999998
0.12951359999999998
0.2232403
0.28074699999999997
0.2611103
0.24616820000000006
0.22232030000000005
0.2289947
0.2116498
0.11355989999999999
0.15826999999999994
0.13939269999999998
0.15092190000000005
0.2581053
0.20516439999999997
0.1891207
0.2005592
0.22578449999999997
0.14649920000000002
0.1821782
0.20353
0.1478418
0.15963229999999998
0.17028110000000002
0.2119788
0.31890539999999995
0.16921879999999995
0.173126
0.13302279999999994
0.1347931
0.16292720000000002
0.3061049000000001
0.1544927
0.2418376
0.401067
0.4019815
0.3827095999999999
0.40503629999999996
0.307058
0.19065739999999998
0.20077280000000008
0.17991629999999995
0.129574
0.1358178
0.14057250000000002
0.192733
0.1503776
0.2033696
0.2178992
0.16954979999999994
0.1560773
0.1906081
0.14046669999999994
0.13028399999999998
0.13733320000000002
0.18464049999999999
0.1765945
0.135938
0.2930938
0.2661664
0.34114540000000004
0.2917037
0.35121240000000004
0.3596113999999999
0.30394140000000003
0.34660799999999997
0.3336952
0.32366740000000005
0.3141779000000001
0.3095388
0.33064800000000005
0.32128939999999995
0.35574179999999994
0.32006100000000004
0.3092845
0.34138440000000003
0.32391420000000004
0.3290643
0.3206644000000001
0.3670807
0.3835924000000001
0.3906015000000001
0.3940682
0.3857419
0.3685121
0.35968190000000005
0.35996859999999997
0.3760378
0.3683832
0.3840833
0.4324942
0.32577330000000004
0.3725304
0.4382052000000001
0.4410906
0.4029737000000001
0.29150580000000004
0.2981202
0.347166
0.3466468
0.38536679999999995
0.4081988
0.378199
0.387502
0.3709153
0.3351321
0.3211986
0.34738979999999997
0.4161351
0.4270796
0.40758390000000005
0.4070998
0.4106317
0.34784190000000004
0.3584671
0.4007279999999999
0.3989491
0.4208998000000001
0.3924726
0.3259978000000001
0.33112450000000004
0.3933493000000001
0.33226100000000003
0.3152441999999999
0.3642461
0.4047926000000001
0.4177814
0.4121548
0.400537
0.3831778
0.4177585
0.35893460000000005
0.3655191
0.4249853
0.42002219999999996
0.4511191
0.365684
0.333064
0.30420849999999994
0.3066027
0.448724
0.4116244000000001
0.4121334
0.3904052
0.425904
0.3961732
0.40270459999999997
0.3563601
0.347026
0.3465976000000001
0.3855011
0.4084478
0.33512459999999994
0.35143420000000003
0.3777879000000001
0.432123
0.4001399000000001
0.4532733
0.4404654000000001
0.3966165
0.4287969
0.3507002
0.3753327
0.3861657
0.4083618
0.31175099999999994
0.29789340000000003
0.3293335000000001
0.32591440000000005
0.3609653
0.2754966
0.2844231
0.3143457000000001
0.3284578
0.352546
0.3645942
0.3401748
0.3593896
0.3721346
0.38210459999999996
0.367768
0.35356220000000005
0.3850991
0.3647718
0.3400503
0.32743940000000005
0.3536189
0.44492170000000003
0.3605975
0.30879070000000003
0.3405328
0.413079
0.4177563999999999
0.38518600000000003
0.32274
0.3431026999999999
0.3437717
0.4444779
0.4383899000000001
0.4154565000000001
0.3856516
0.3773065
0.398891
0.3754508
0.4107558000000001
0.3975832999999999
0.30978049999999996
0.33111349999999995
0.3463739
0.2747825
0.35415840000000004
0.3470096
0.32005179999999994
0.3477927
0.3677509
0.3889325
0.399505
0.397441
0.3828626
0.4021839
0.4116055
0.40602140000000003
0.4154602
0.424072
0.35270499999999994
0.3731281
0.3640007
0.3976692
0.34140479999999995
0.320422
0.27003340000000003
0.32026659999999996
0.2754688
0.3131356
0.2256052
0.2897269
0.2605322
0.29708959999999995
0.3380442
0.3331342
0.2737178
0.3082188
0.3722204
0.3707
0.3656965
0.2210313
0.1514007
0.1532056
0.1128548
0.146921
0.2995982
0.25529339999999995
0.2364301
0.30771000000000004
0.3924453000000001
0.32289270000000003
0.296655
0.31991070000000005
0.3085609
0.3278143
0.3428348
0.27874709999999997
0.30498070000000005
0.34925100000000003
0.26838270000000003
0.275822
0.33059540000000004
0.4354425
0.3752287
0.2495967
0.11008630000000001
0.08419890000000001
0.08499259999999999
0.17107139999999998
0.2499747
0.29615949999999996
0.2823414
0.36233740000000003
0.33350040000000003
0.3362888
0.39629369999999997
0.4064032
0.3434558
0.29389040000000005
0.31317750000000005
0.3411357
0.3271324
0.3628165
0.29031110000000004
0.3139771999999999
0.2916815
0.26169549999999997
0.1712172
0.1920547
0.21693320000000002
0.16493010000000002
0.1632876
0.19900759999999995
0.1668488
0.1663721
0.2438052
0.2294287
0.1879256
0.140847
0.14796800000000002
0.16883969999999998
0.1161486
0.23191189999999995
0.17773079999999994
0.13740429999999998
0.4032486
0.4485544
0.34256279999999995
0.228436
0.3463277
0.3240119
0.32309679999999996
0.3367522
0.4287783000000001
0.3572381
0.364192
0.3438875
0.29353700000000005
0.2639302
0.2742134
0.29196910000000004
0.2586252
0.28041
0.25777169999999994
0.3134697
0.3858756
0.396322
0.2819503
0.34046579999999993
0.2949777
0.22253700000000004
0.17051909999999998
0.120494
0.14659389999999994
0.17996820000000002
0.1526378
0.14540079999999994
0.1569813
0.1515547
0.13931039999999995
0.13752070000000002
0.1349765
0.1454066
0.1156787
0.17486290000000002
0.1912164
0.17381770000000002
0.2810319000000001
0.15443609999999994
0.1271638
0.1602652
0.2640186
0.40537
0.4050017
0.3510864
0.28149060000000004
0.26524790000000004
0.2821369
0.24317070000000005
0.2433115
0.2762774000000001
0.26261100000000004
0.2783441
0.331549
0.3563598
0.34575209999999995
0.3246073
0.30676420000000004
0.19558600000000004
0.2136342
0.2025455
0.1966245
0.17003690000000002
0.1508078
0.2190381
0.3049575
0.2723322
0.2856666
0.32348720000000003
0.3669342
0.4314787000000001
0.4492298
0.3161993
0.2948863
0.28562059999999995
0.265023
0.33146390000000003
0.38633870000000003
0.361282
0.3464824
0.3009464000000001
0.3635438
0.4348265000000001
0.395502
0.4018635
0.3955357
0.41559529999999995
0.374198
0.3279609000000001
0.33614560000000004
0.33031619999999995
0.3341841
0.4316951000000001
0.4215572
0.4509241000000001
0.39658119999999997
0.34306449999999994
0.401791
0.4095594
0.3859033
0.34527440000000004
0.3645453
0.3960511
0.3410803
0.3869002
0.3702664
0.3948062
0.36223649999999996
0.3334365
0.3534022
0.2722735
0.3387219
0.33543829999999997
0.3579895
0.3838188
0.3779476000000001
0.3854413
0.3670908
0.31036679999999994
0.3660061
0.36645659999999997
0.31982009999999994
0.2208562
0.25576079999999995
0.2611139
0.28766400000000003
0.3838632
0.41850879999999996
0.4300501000000001
0.3322700000000001
0.3515397
0.26811070000000004
0.2523579
0.3710718000000001
0.4400701
0.37716170000000004
0.3273108
0.4034839000000001
0.3009178
0.259115
0.3082547
0.3114587
0.3040957
0.32149019999999995
0.2497609
0.32699090000000003
0.30949580000000004
0.30645690000000003
0.3282496
0.28047940000000005
0.3210987
0.30605980000000005
0.2918158
0.2973993
0.3062111
0.30079920000000004
0.353752
0.2270419
0.211447
0.1894345
0.2210383
0.3647315
0.3290211
0.38795609999999997
0.3949452
0.3856674000000001
0.376416
0.28697880000000003
0.3340784
0.381115
0.32878679999999993
0.3225367
0.2676858
0.1972207
0.20024460000000002
0.1854557
0.0955448
0.17764760000000002
0.1843508
0.17995179999999994
0.14734170000000002
0.1927278
0.1886159
0.13155460000000002
0.171346
0.1800986
0.17595119999999995
0.150049
0.177373
0.1841124
0.26328709999999994
0.23360219999999998
0.22203960000000003
0.1688845
0.16765999999999998
0.1005839
0.2954038
0.2266286
0.2125023
0.14543150000000002
0.10000830000000001
0.2286493
0.14272830000000006
0.25082249999999995
0.20540970000000006
0.2162608
0.16285020000000006
0.188164
0.1096372
0.2822964000000001
0.1627834
0.2216524
0.32088320000000004
0.14016209999999998
0.1347184
0.14409370000000002
0.1365359
0.16386440000000002
0.16838979999999998
0.17394320000000002
0.17774589999999998
0.1422702
0.14476089999999994
0.16465120000000005
0.1358154
0.19213600000000008
0.1730116
0.1836037
0.1824176
0.13462910000000006
0.112197
0.1483062
0.1480431
0.1747355
0.1697543
0.164579
0.1637751
0.1274614
0.173785
0.155084
0.1356488
0.17883780000000002
0.1384421
0.1912547
0.2213588
0.20553900000000005
0.1617574
0.1513615
0.1382049
0.13448259999999998
0.17064590000000002
0.169451
0.1718213
0.1720606
0.15579439999999994
0.16958040000000002
0.16892789999999994
0.1254121
0.1396776
0.1313312
0.15483670000000002
0.13125920000000002
0.15834800000000002
0.15946429999999998
0.13557429999999998
0.1207281
0.0987893
0.12164680000000001
0.1063675
0.16757249999999999
0.12653799999999998
0.116222
0.1357767
0.17324279999999995
0.3695184
0.28760630000000004
0.3457972
0.32061169999999994
0.3439433000000001
0.2758795
0.28481320000000004
0.28183
0.35176460000000004
0.3396834
0.3421117
0.3622805000000001
0.35798359999999996
0.2518014
0.1821762
0.2448029
0.2269436
0.3813527
0.201016
0.29442929999999995
0.28298310000000004
0.3232205
0.25036729999999996
0.2276037
0.1687646
0.1822149
0.2508571000000001
0.35722050000000005
0.4105337000000001
0.3977735
0.3953927
0.1805671
0.1150617
0.16618570000000002
0.1495527
0.209537
0.22515900000000005
0.2328591
0.17332609999999998
0.17940520000000001
0.20102030000000004
0.2487549000000001
0.2020542
0.17080420000000002
0.1866333
0.1950787
0.18446569999999995
0.2038118
0.2218467
0.212379
0.2097886
0.2209609
0.1692479
0.1494269
0.1660463
0.12957480000000002
0.10299449999999996
0.1008923
0.1300456
0.1124048
0.09854419999999996
0.14355279999999998
0.1869033
0.21164270000000002
0.1919742
0.22859520000000005
0.1959749
0.1753567
0.1325755
0.19639260000000003
0.20838290000000004
0.1285799
0.12478
0.1174992
0.1459429
0.13151590000000002
0.208579
0.158882
0.1805171
0.16393829999999998
0.14347420000000002
0.13985379999999994
0.2950335
0.2626888
0.3042282
0.3127276
0.32326140000000003
0.2732849
0.32668400000000003
0.33532129999999993
0.3214261
0.3051952
0.3595545
0.28645
0.3111738
0.33983030000000003
0.3033228
0.31132020000000005
0.3295617
0.3489313
0.33989959999999997
0.343877
0.33328470000000004
0.426533
0.4292412
0.4103726
0.4093513
0.43982309999999997
0.4295761
0.391827
0.36518379999999995
0.3890523
0.3647353
0.3630826
0.3253454
0.3668689000000001
0.3749253
0.3971325
0.28029970000000004
0.32066079999999997
0.3590165
0.344148
0.30580519999999994
0.28367289999999995
0.35072829999999994
0.35641310000000004
0.38654890000000003
0.3827718
0.3677395
0.2314028
0.3453421
0.3926733
0.43948370000000003
0.3076497
0.3375036
0.3470665
0.32796559999999997
0.3549413
0.34289650000000005
0.4282925000000001
0.44454859999999996
0.4282555
0.3327954
0.3636412000000001
0.37175820000000004
0.3453355
0.3966338000000001
0.40548850000000003
0.4093673
0.40053
0.4328412
0.3561132
0.3473395
0.3744920000000001
0.3756113
0.3396127
0.31326469999999995
0.31237370000000003
0.3492338
0.3550438
0.3721567
0.3838053
0.3986121
0.3624933
0.3774541
0.3798466
0.4006269
0.3955321
0.3847068
0.3758347000000001
0.3407808
0.3355585
0.2771541
0.3323900999999999
0.3657351
0.36004040000000004
0.3740266
0.3621814
0.3701436000000001
0.3844789
0.3744942
0.3775043
0.3491815
0.3359291
0.3651929
0.3859125
0.3839516
0.3787858
0.3703756
0.3451078
0.35030690000000003
0.3499354
0.38299829999999996
0.361333
0.3464078
0.3454503
0.3049026
0.3504329
0.3179544
0.392784
0.413152
0.40136679999999997
0.3980491
0.3480716
0.35001760000000004
0.4173598
0.4056627
0.4223355
0.3847655999999999
0.3812761000000001
0.3645748
0.3972564
0.35814
0.3153714
0.30592790000000003
0.30327069999999995
0.33215979999999995
0.33812460000000005
0.3178498
0.3811515
0.3723375
0.1836261
0.3723709
0.35713860000000003
0.3594067
0.35194200000000003
0.3533297
0.3084712
0.31610509999999997
0.3387884
0.3691363
0.370258
0.3207469
0.3601804
0.3219657
0.3257587
0.3687673
0.35201059999999995
0.32345060000000003
0.3450871
0.3417161999999999
0.33955029999999997
0.3215875
0.35033179999999997
0.34646074999999993
0.340914
0.3614851
0.34866149999999996
0.3381728
0.3189927
0.33360895
0.3450268999999999
0.3468349
0.3277053
0.3421946999999999
0.3403938
0.3343223
0.3311277
0.35286589999999995
0.3096912
0.3934472
0.4146532
0.4120131
0.402151
0.266775
0.3894955000000001
0.3948056
0.3838397
0.3788751
0.4008801
0.4088772
0.3939486
0.3741571
0.3715547000000001
0.3613804
0.34161909999999995
0.3590428000000001
0.3714400000000001
0.38659790000000005
0.3542579
0.3735034
0.34755800000000003
0.3634113
0.3487561
0.4330694000000001
0.32166350000000005
0.29269080000000003
0.2504486
0.31740450000000003
0.211027
0.3093833
0.31889359999999994
0.2370734
0.2577764
0.123052
0.1807057
0.3037963
0.31808400000000003
0.4484358000000001
0.3510163
0.4004328
0.336648
0.313341
0.35523399999999994
0.3798173
0.3212534
0.376309
0.427822
0.403851
0.33445709999999995
0.3119694000000001
0.28911040000000005
0.22070610000000002
0.1387563
0.14997770000000002
0.211446
0.3419031
0.332438
0.25662399999999996
0.30215059999999994
0.2808372
0.270003
0.31306480000000003
0.4152992
0.4540641000000001
0.3514295
0.3820874
0.28918900000000003
0.238918
0.33991000000000005
0.338937
0.33437340000000004
0.3227584000000001
0.2572969
0.2429762000000001
0.1532724
0.31645520000000005
0.3281662
0.2965759
0.2377145
0.2891338
0.40232049999999997
0.3030784
0.3120432
0.4145565
0.3849675
0.1301473
0.27155759999999995
0.3863236
0.399779
0.3611346
0.3765254
0.3708203000000001
0.3836263
0.3280415
0.36038600000000004
0.36924029999999997
0.3884747
0.4472811
0.3680883
0.4287635999999999
0.4273903
0.31330490000000005
0.25103739999999997
0.21818289999999999
0.28786880000000004
0.252996
0.2197985
0.2864355
0.288161
0.3915398
0.40651040000000005
0.4200784000000001
0.4065928
0.3941972
0.377208
0.3694015
0.2882237
0.2830398000000001
0.3168068
0.4303815
0.421652
0.3815555
0.4031287
0.4122284000000001
0.444465
0.46258999999999995
0.4441505
0.4135907999999999
0.450337
0.4465413
0.3972893
0.4069118000000001
0.4076199
0.4047687999999999
0.37902420000000003
0.35436609999999996
0.4362707
0.4251113
0.3416203
0.35927129999999996
0.362307
0.36195479999999997
0.3759787
0.3268487
0.3200712
0.2493239
0.29801120000000003
0.33296970000000004
0.30671740000000003
0.3140198
0.34943320000000005
0.3600699
0.4397735999999999
0.4434562
0.4530559
0.4188578000000001
0.3784929
0.3090973
0.31507029999999997
0.2453005
0.35906760000000004
0.33377379999999995
0.3011379
0.32907809999999993
0.356629
0.3771851
0.3471869
0.28399420000000003
0.3393392
0.31683130000000004
0.28449116
0.26819390000000004
0.33998688
0.388365
0.39520938
0.36074307
0.33082487
0.3874957000000001
0.4003660000000001
0.4342043
0.4430161
0.4545817
0.4598218
0.4468566
0.4544427
0.4485056000000001
0.3730143
0.3556306
0.3513123
0.3784229
0.3805523
0.386751
0.3908998
0.3806009
0.3583663
0.3579735
0.3820551
0.3739085
0.3857954
0.4055499
0.4169709
0.4123388
0.4121457000000001
0.3997019000000001
0.3319342
0.3991983
0.3793749
0.4323604
0.3860765
0.3717446
0.31643509999999997
0.3072955
0.3703638
0.35550279999999995
0.3635875
0.3922199
0.4092057
0.3992692
0.44707600000000003
0.4509837
0.3973942
0.4357615
0.3716988
0.41469849999999997
0.4295270000000001
0.4368431
0.44673279999999993
0.4090155
0.4152609
0.3866133000000001
0.3934016
0.4094046
0.3986957
0.3640733
0.3868387
0.3869343000000001
0.3817019
0.3693414
0.4137514
0.4232978
0.4326389000000001
0.408894
0.4243497000000001
0.4040665
0.4029115
0.4176744000000001
0.4107609
0.41876
0.41648050000000003
0.4256090999999999
0.3618457000000001
0.3896263
0.4012623
0.4106014
0.4229843
0.4183076
0.4204738
0.3650871
0.4202329000000001
0.4385376
0.3965386
0.2880789
0.3465627
0.33317290000000005
0.3078789
0.36331379999999996
0.3763510000000001
0.412282
0.4098971000000001
0.3720674000000001
0.41254189999999996
0.4225693
0.4187712000000001
0.3912355
0.3922545
0.3985345
0.371607
0.3822259
0.31856100000000004
0.3408394
0.3166934
0.37147220000000003
0.35491700000000004
0.35062770000000004
0.31468739999999995
0.28570759999999995
0.2959324
0.3816352
0.3471734
0.3491484
0.31416109999999997
0.3661618
0.3678731
0.36913229999999997
0.3713864
0.3323167
0.3117954000000001
0.29796300000000003
0.32742560000000004
0.3604817
0.30586620000000003
0.30083439999999995
0.3369609000000001
0.2860103
0.32036830000000005
0.3856660000000001
0.35105959999999997
0.34719190000000005
0.31720229999999994
0.35826420000000003
0.3285538
0.3353333
0.29968670000000003
0.3361208
0.34733440000000004
0.3343084
0.17057770000000005
0.20918650000000005
0.140389
0.285562
0.26797779999999993
0.28163629999999995
0.2993033
0.3259629999999999
0.3288107
0.2940592
0.3115135
0.3212302
0.3139896999999999
0.30083845
0.3052871
0.2930897
0.250759
0.25744799999999995
0.2638208
0.28374299999999997
0.2758105
0.2354765
0.2367773
0.23765460000000002
0.3402902
0.2966632
0.26655870000000004
0.229936
0.27163649999999995
0.261448
0.2504906
0.1991152
0.2052441
0.1937056
0.213279
0.2644411000000001
0.25399900000000003
0.22726170000000004
0.07563220000000002
0.07888040000000003
0.07000750000000001
0.04140110000000001
0.0614487
0.09672380000000001
0.14009889999999994
0.08913710000000002
0.1737704
0.15126100000000006
0.1063299
0.1468524
0.0863471
0.08872770000000002
0.0898716
0.0974296
0.0982067
0.0490026
0.035297
0.08370839999999999
0.2045039
0.08935910000000002
0.10220080000000001
0.10871589999999999
0.06325030000000002
0.1046604
0.08873860000000001
0.12926880000000002
0.2285335
0.2810026
0.31888940000000005
0.295369
0.29097890000000004
0.3024897
0.3108077
0.31222890000000003
0.2419279000000001
0.31965340000000003
0.2855025
0.29702340000000005
0.2712273000000001
0.2703218
0.2611218
0.2739995
0.31362140000000005
0.3178152
0.3570045
0.29664820000000003
0.33092150000000004
0.3157302
0.3395796
0.2870645
0.30624759999999995
0.34765359999999995
0.3199474
0.3681353
0.332522
0.2825174000000001
0.27021660000000003
0.2768274000000001
0.2943759
0.3256775
0.2571656
0.250388
0.2508095
0.2385003
0.2666843
0.30384279999999997
0.3253298
0.2072222
0.2817902
0.2837382
0.28372909999999996
0.2619355
0.30088970000000004
0.28772929999999997
0.2673119
0.2742355
0.28928649999999995
0.2639247
0.25928049999999997
0.2409253
0.3260369
0.3437652
0.335866
0.3521849
0.3719618
0.35113740000000004
0.3371947
0.37706290000000003
0.4003
0.37685159999999995
0.366333
0.3426466
0.323424
0.2921901
0.33176120000000003
0.32140640000000004
0.3311646
0.3345129000000001
0.355802
0.3572652000000001
0.3414521
0.3540702
0.376576
0.4000162
0.3773427
0.361178
0.34677269999999993
0.3267008
0.3255928
0.3508633
0.3832808
0.391711
0.3869458
0.3897196
0.4070966
0.3493547
0.3664959
0.3583039
0.33370209999999995
0.3275224
0.3412450999999999
0.3535982
0.3734215
0.3723261
0.3474322
0.3394159
0.3793605
0.35422800000000004
0.3718686
0.3886881
0.3087651
0.3208995000000001
0.3452234
0.3226663
0.3518857
0.3624563
0.4147010000000001
0.4523712000000001
0.4566921999999999
0.4532037
0.37962579999999996
0.3820515
0.3939256
0.3630074
0.3463556
0.33759720000000004
0.3176166
0.32088009999999995
0.33725609999999995
0.32120370000000004
0.2996995
0.3132758
0.354829
0.3796535
0.3114203
0.3648868
0.3655221000000001
0.32621859999999997
0.3380189
0.30992859999999994
0.32500349999999995
0.33125029999999994
0.3193288
0.3397231
0.3937118
0.41385382
0.43860864
0.4214845700000001
0.42220577
0.39371251
0.39829356
0.39915401
0.39968481
0.37059832
0.33961587
0.41366334
0.41757125
0.3999491900000001
0.42849958
0.41361214
0.38761079
0.34197444
0.34327174
0.31980973
0.36232857
0.31879618
0.32858913
0.33169117000000004
0.36167637
0.35696567
0.40296111
0.27571360999999994
0.36651526
0.34779141
0.31445831
0.29669301
0.29294646
0.30680176
0.35854826
0.37783527
0.3152234700000001
0.29340637
0.35477722
0.34891174
0.34919737999999995
0.24005333
0.35058487999999993
0.31629674
0.31173784000000004
0.3185296300000001
0.33228808
0.3000761300000001
0.3203325700000001
0.30040472
0.31530607
0.2737845300000001
0.3161363700000001
0.3180252700000001
0.3190265700000001
0.29913397
0.28621407
0.30170582
0.31606987
0.29860602
0.26701923
0.28697846
0.26615852
0.30351807000000003
0.27188702000000003
0.29166456
0.27304985
0.20219716
0.14707546
0.09171690999999996
0.13241826
0.14862781
0.16662107
0.25673946000000003
0.24200566
0.12014666
0.12935496000000002
0.1246893
0.21298345
0.29156276000000003
0.22067527
0.19663216
0.31707317
0.24650017
0.25817017
0.28478641
0.28912116000000004
0.27474636
0.28890627
0.38601122
0.23400031
0.14775008
0.16936273999999998
0.22934802
0.23716487
0.18402263
0.11269527
0.15575730999999998
0.08565095999999997
0.17483411
0.20846547
0.17357775999999994
0.31117030999999995
0.38427717
0.34989626999999995
0.38603813
0.42495113
0.3632252699999999
0.31686031
0.32583336
0.34573536
0.31475908
0.33695487
0.34415867999999994
0.32736804
0.39846217
0.43877822
0.36657531
0.27583741
0.27386641
0.37453851
0.19810028
0.449363
0.44034120000000004
0.45299965
0.4555629099999999
0.21444604
0.31778727999999995
0.30234013
0.26656122
0.30672808
0.40839194
0.44639199
0.3773059
0.4303308
0.42960499
0.43511685
0.43065014
0.40523314
0.38698985
0.3843024
0.38769249
0.3679178
0.37773064
0.17262843
0.19667042999999995
0.18133648
0.18208527
0.09704051
0.16714767
0.21396277
0.4041253300000001
0.31121823
0.32517108
0.33883574
0.32134684
0.28978254
0.32881899
0.39797669
0.4380067400000001
0.42052443
0.34348257
0.31679363000000005
0.4183976000000001
0.4570068899999999
0.40084093
0.22328947
0.32597573
0.33563642000000005
0.29235039
0.36143005
0.40501219
0.4254639200000001
0.37307844
0.31840772
0.41367556
0.4314748499999999
0.4205818300000001
0.42788614
0.46261418
0.30320488
0.3381759
0.3565252099999999
0.4428883599999999
0.43302839
0.27257892999999994
0.32603079
0.37400703
0.41604412
0.3819490800000001
0.3074981699999999
0.43575506
0.46345391
0.4730520600000001
0.4521759100000001
0.42163906
0.46325131
0.45556027
0.41943047
0.45568542
0.46864586
0.46149327
0.44614757
0.4268696300000001
0.43460757
0.40680562
0.41411508
0.4471531400000001
0.37143418
0.36675027
0.41072254
0.39687717
0.33824275000000004
0.25683877
0.30590516
0.30346211
0.34519198
0.38970422
0.45785245
0.4268072
0.45191532
0.42706242
0.31540082
0.27471172
0.30037457
0.42754574
0.41929457
0.29764695
0.24307438
0.34984031000000004
0.33558697
0.32007033
0.32336601
0.3674124899999999
0.3455753300000001
0.3749014
0.38971402
0.31837699
0.4185127399999998
0.4428966000000001
0.36088431
0.4556145800000001
0.4608185999999999
0.4497513799999999
0.34506219000000005
0.33349217000000003
0.3874513300000001
0.3507880800000001
0.33559703
0.31181751
0.35364614999999994
0.3234646299999999
0.32839709999999994
0.41522284
0.37322944
0.23238063
0.31521458
0.34743283
0.33725534
0.3904176400000001
0.40806049
0.44878094
0.4680425099999999
0.44906488
0.40767592
0.45081481
0.39820885
0.34136235
0.29221464
0.3649617
0.38930255
0.44327236
0.4180569000000001
0.42059402
0.38776392
0.45223043
0.40784755
0.35674878
0.38143028
0.30400762000000003
0.35253415
0.29060282
0.30332625
0.32206717
0.37195195
0.36873676
0.40985597
0.40579747
0.26619611000000004
0.24751383000000005
0.37890817
0.34174863999999994
0.38203476
0.35144779
0.3596338200000001
0.3904599
0.39925032
0.41678912
0.35922143
0.34336436000000004
0.36380895
0.3641049499999999
0.30088926000000005
0.36465088
0.32184029999999997
0.35552288
0.33538859000000004
0.37503225
0.38954746
0.37621555
0.35959209999999997
0.32945649
0.34018689
0.36427254
0.32599670000000003
0.35775005
0.37500459
0.37900156
0.34299279
0.37988869
0.41499218
0.4020448
0.33553372000000004
0.33859475999999994
0.31620981
0.33750559
0.35785110000000003
0.23253357
0.3622798099999999
0.36272035
0.32981407
0.31703293
0.33639649000000005
0.34406726
0.34984618999999995
0.31216838
0.34636438
0.28176502
0.36289099
0.36723023
0.39179688
0.3924560600000001
0.37083082
0.3924446800000001
0.4209809199999999
0.40501136
0.43457577
0.44687377
0.40614017
0.31547484
0.29842142000000005
0.39947478
0.4066461
0.3933033300000001
0.3789739600000001
0.37022649
0.3774758299999999
0.26452924
0.27506914
0.28147719
0.2955590200000001
0.34580474
0.36346628
0.34897542
0.32747805
0.33658078
0.3525144899999999
0.3221157599999999
0.30909854
0.26435197
0.28820933
0.30759213
0.32516059999999997
0.35434481999999995
0.35061405
0.36049878
0.2730499
0.31637725
0.30985927
0.38287298
0.34512048
0.40787049
0.40115032
0.37150565
0.3649006100000001
0.46436078
0.43479382
0.402276
0.3696981700000001
0.32281963
0.40030522
0.41450072
0.3714228800000001
0.33864395
0.35699031
0.33103704
0.31711008
0.30430876
0.32921144
0.3956396600000001
0.37479426
0.26557859999999994
0.21078476
0.21326449
0.16756663
0.17288727999999995
0.1502763
0.18128297000000004
0.20404553
0.20400323
0.40119013
0.31636219000000004
0.28829418
0.29876554999999994
0.28457513
0.39829952
0.36653217
0.37330938
0.29778944
0.33398951
0.3817269400000001
0.4319938
0.4434982900000001
0.29995635
0.21399770000000004
0.32352769000000003
0.33263447
0.34112988
0.21585367
0.21440918
0.22815357
0.20067498999999994
0.24143556
0.17154522999999994
0.14809377
0.15631744
0.11866163
0.18000326000000005
0.28271725
0.396473
0.35201626
0.36841748
0.3309452
0.34326553000000004
0.32878700999999994
0.28978660999999994
0.38722844
0.40317007
0.39282653
0.27874919000000004
0.19958275
0.17491752
0.38481854
0.41861917
0.40953033
0.40689089
0.43619314
0.4299732900000001
0.37285906
0.33996868
0.3749076300000001
0.4159842300000001
0.33390491999999994
0.375117
0.41363675
0.4423026
0.42881339
0.42700256
0.3985876700000001
0.36009496
0.41410678
0.4478083000000001
0.40871818
0.40120442
0.4515384
0.4043271699999999
0.43670981
0.43441328
0.28426374
0.33363559
0.44260734
0.37872709
0.42142024
0.40863043
0.39719987
0.43989571
0.4237390100000001
0.43969864
0.42986973
0.42709168
0.44689678
0.44826523
0.4354037299999999
0.4492635099999999
0.43085329
0.3995770300000001
0.36602452
0.40922802
0.41714354
0.34652002000000004
0.3830359999999999
0.40049668
0.39367998
0.32719853
0.3951524099999999
0.36280879
0.38073070000000003
0.35104968000000003
0.43837798
0.45736346
0.44241068
0.46748188
0.46764799999999995
0.474341
0.47382369
0.47510941
0.47361111
0.47024643
0.4676017
0.46651503
0.4621755
0.4085747400000001
0.4191202000000001
0.46897681
0.46541772
0.46686002
0.46144301
0.41777452
0.4311463099999999
0.4660986
0.4171557699999999
0.43027145
0.3817782300000001
0.43758689
0.39756849
0.35578578000000005
0.43737336
0.4334311400000001
0.45767526
0.45641509999999996
0.4543934
0.37950513
0.3440364300000001
0.42912213
0.40587376
0.42601086
0.40978204
0.42927741
0.43131447
0.39541529
0.39489173
0.41659146
0.46505562
0.4553065799999999
0.40044126
0.45270752
0.45262478
0.45107644
0.40378345
0.44332150000000003
0.4658814399999999
0.45683958
0.44829255
0.41512609
0.42349486
0.40701714
0.4136184000000001
0.44053597
0.44736214
0.44391619
0.44514291
0.44553481
0.3988604499999999
0.40328788
0.44972652
0.4636120299999999
0.41903739
0.37792674
0.31771392
0.39296821
0.29339964
0.39504248
0.43183117
0.38492552
0.31282058
0.35743590000000003
0.4192957299999999
0.44003499
0.46947492
0.4352695
0.34228614
0.37481632
0.3860163799999999
0.41924169
0.3743609100000001
0.37926289
0.40325204
0.4650073400000001
0.4529388899999999
0.40211323
0.3238434400000001
0.28465183
0.18002966999999995
0.28707623
0.24970724
0.27833993
0.3507605
0.3766354
0.35571408
0.33132363
0.18162429
0.16076489
0.13950175
0.19207164
0.3276935
0.32169049
0.30121877
0.28276608000000003
0.30358774999999993
0.29419195000000004
0.28450744
0.25933892000000003
0.26534260000000004
0.28473004
0.27653995
0.27921111
0.24442938
0.2386808
0.25326856
0.31498895
0.31652897
0.3029518800000001
0.32795936
0.25124541
0.3214693
0.30651235999999993
0.31033421
0.29174201
0.3403474
0.29090393
0.28792729
0.33364192
0.37351839
0.10747221
0.12395966999999998
0.30297995
0.11578598
0.0249143
0.0335179
0.02812709
0.0390013
0.0386494
0.041202
0.080072
0.126031
0.11377
0.118788
0.087503
0.102504
0.098366
0.122167
0.103696
0.117556
0.13714300000000001
0.126976
0.098901
0.093535
0.097764
0.09839
0.130449
0.3391
0.37596
0.387794
0.361192
0.341308
0.33807
0.35476
0.34879578
0.32826387
0.32752292
0.3643238700000001
0.40402387
0.40398578
0.41424278
0.43418268
0.3865317800000001
0.36037978
0.35233292
0.34058492
0.16114096
0.09114171
0.16852154
0.21644036000000005
0.17176341
0.1802385
0.20910468
0.21017064
0.19254873
0.2079616400000001
0.20099768
0.15452578
0.16057882
0.15895082
0.11631386
0.21633277
0.16122086
0.18296505
0.09181109
0.07700946
0.11922842
0.08644255
0.07438655000000001
0.04324474
0.03877337
0.04115679
0.05261383000000002
0.04335164
0.05872669
0.09859137
0.07653436999999999
0.1883206
0.22006251
0.24061718000000004
0.24364828
0.21156750000000002
0.20219451
0.12403227
0.10540842
0.07169613000000001
0.06603023
0.07104927999999999
0.06354523
0.059670130000000016
0.07782681
0.0979899
0.14050162000000002
0.11383814
0.09610723
0.09185732
0.06689164
0.06442346
0.10195628
0.12224518
0.12341823
0.07313561999999997
0.23732977
0.14478382
0.13921078
0.14496886999999994
0.15913167999999994
0.13242273
0.15693768
0.13973867999999998
0.15643759
0.15371878
0.10723696
0.16414373
0.13056782
0.08426291999999999
0.25651887
0.2252049200000001
0.20699782
0.14726995999999998
0.15005501
0.15086092
0.32993268000000003
0.42140944
0.3908270400000001
0.36042728
0.28679137000000005
0.29670258
0.25091838
0.15960082
0.16590176
0.18911458
0.21465959
0.28616441
0.33656354000000005
0.32553959
0.26191654
0.22005064
0.24171568
0.24478454
0.2421915
0.23194050000000002
0.2170215
0.20926645
0.22900845
0.14657354
0.14662668
0.16433854
0.14984364000000006
0.15051068
0.13863642999999998
0.14030344
0.13346173
0.14636848
0.13028078
0.12382478
0.12810372
0.14124668
0.13037068000000002
0.40343499
0.46777609
0.4657588900000001
0.45944673
0.3107
0.298349
0.3191234000000001
0.3195398
0.3282436
0.2548936
0.2562816
0.25137529999999997
0.2203963
0.2384963
0.2783161
0.26252309999999995
0.3082171
0.3066662000000001
0.3129433
0.26511920000000005
0.2613703000000001
0.24756839999999997
0.14886789999999994
0.2407362
0.2729914
0.25619119999999995
0.1884464
0.18147420000000006
0.19963329999999999
0.15328429999999998
0.1831624
0.14275739999999998
0.1963933
0.25122540000000004
0.3388035
0.3053464
0.1881873
0.1951511
0.1160373
0.1720111
0.1879411
0.16613558
0.19054273
0.16567367
0.2033142
0.3030961
0.32612220000000003
0.203514
0.22349879999999997
0.20078454
0.16219877
0.17340682999999996
0.12881305
0.26856673
0.32699245
0.23304768
0.24753054
0.36599054
0.24027864
0.2399015
0.24484436
0.25693531
0.28796817
0.24985722
0.28288627
0.27078341
0.29794341
0.19377149999999999
0.38664436
0.2619615
0.22115341
0.24848531
0.35493104
0.28516945000000005
0.34237341
0.3346824500000001
0.27768746
0.33603627
0.39776245
0.44782531
0.4527615
0.4318134100000001
0.3968250800000001
0.4425934100000001
0.3899875900000001
0.38664164
0.38744354
0.38289164
0.4185895399999999
0.38199927
0.35245608
0.36307441
0.27962645
0.40317341
0.47171636
0.37067522
0.37122029
0.35748404
0.36910801
0.25597471
0.2045445
0.28229419
0.21257524000000005
0.31505029
0.32270133999999995
0.3710156
0.36366099
0.45418094
0.31466998
0.39261447
0.36619308
0.35478287
0.15293692
0.21142322
0.21112312
0.21777302
0.21293812
0.22963793
0.27622923999999993
0.31225164
0.34994057999999995
0.33941702
0.29855988
0.23156778
0.24018149
0.25193248999999995
0.25523514
0.23672324
0.11327349
0.21831264
0.16819287
0.15083840999999998
0.17149592
0.17531072999999994
0.17671462999999998
0.21539624
0.14301858
0.13702525
0.19373609
0.19791587
0.16872637
0.13508315
0.13365
0.14173471999999998
0.14302386
0.14670894999999998
0.13876419
0.1592102
0.1849307000000001
0.12347834
0.13608205
0.13773285
0.12687904
0.15080352
0.14225780000000002
0.13312680999999998
0.12132842
0.10658795
0.13216524
0.14133875999999998
0.14832947
0.10834887
0.11045944000000002
0.12376119
0.07708377000000001
0.07704372000000001
0.12770252
0.13012167
0.11854282
0.10935329000000002
0.05855969000000001
0.059839110000000015
0.06797591
0.08704853
0.08282452
0.07315787
0.06369987
0.07556587000000001
0.05653335000000001
0.058058920000000014
0.07045973
0.08073097
0.06930215
0.07143303000000001
0.04695259
0.051836490000000006
0.07718253000000001
0.09206324
0.15706623000000006
0.12985477
0.08861461999999999
0.09449748000000002
0.15452203999999994
0.2914159
0.18163791
0.15862004000000002
0.22002682
0.24760681
0.22730795
0.23053799000000005
0.23412600000000003
0.26439967
0.27591553
0.23345681
0.2986887199999999
0.2236689
0.361453
0.21010509
0.15271909
0.15056996999999994
0.15962689
0.16359513
0.16858518000000006
0.1848079
0.19712126
0.19311963
0.18722063
0.18932967
0.21137968
0.12929253000000002
0.33350681
0.16696727
0.14120340999999995
0.16521318000000002
0.25776655
0.2530216
0.26067746
0.28658823
0.28110628
0.28532728
0.2900410900000001
0.28905023
0.26554446
0.21109725
0.26095033
0.36519809
0.25240341000000005
0.27351823
0.28988013
0.295763
0.27532633
0.21065918
0.22485823
0.21646205
0.20230014
0.24096776
0.23052299
0.17817395
0.3556739499999999
0.19052204
0.18916109
0.21157204
0.17959108999999998
0.22337872
0.216748
0.19152109
0.19328919
0.15141918999999998
0.20908728
0.23007395
0.24982395
0.28325919
0.19322395
0.16687118
0.201653
0.19053395
0.16447404000000004
0.19111395
0.19511299000000004
0.19357109
0.1943749
0.22042967
0.24180681
0.21713109
0.350673
0.15368204000000002
0.2154749
0.23944585999999995
0.21457681
0.27213872
0.27946154
0.33463959
0.3082915
0.31455959
0.28280958999999994
0.28895054000000003
0.20773554
0.16690433999999998
0.32131715
0.33448715
0.22473239
0.18998618
0.20250664
0.26882564000000003
0.25102794
0.25419664
0.26034704
0.26014999
0.27242094
0.24423043
0.28350133
0.21648607999999994
0.37689874
0.26453828
0.21524403
0.27203018
0.26503617999999995
0.26935113
0.27143818
0.24341823
0.24636170000000002
0.26660993999999993
0.25312518
0.24662608
0.29414114
0.2533193
0.3856507
0.25086820000000004
0.227707
0.2254841
0.218357
0.24956370000000005
0.27286370000000004
0.29305990000000004
0.277507
0.2573227
0.2418368
0.24368769999999995
0.25351070000000003
0.3258477
0.3128513
0.2455384
0.45708230000000005
0.4625632000000001
0.4520808
0.3508642
0.31301179999999995
0.3032537999999999
0.2624847
0.28757779999999994
0.28192949999999994
0.28934779999999993
0.27962079999999995
0.3903901
0.2436884
0.22877040000000004
0.22538730000000004
0.2416543
0.2385603
0.24054629999999996
0.2164114
0.2134594
0.2318224
0.2290573
0.2135354
0.2548121
0.25003119999999995
0.35134600000000005
0.21093740000000005
0.2181714
0.21971639999999998
0.2285685
0.23990340000000002
0.2308814
0.27711020000000003
0.27974509999999997
0.24949429999999995
0.23188240000000002
0.26250929999999995
0.17653229999999998
0.34222620000000004
0.2312332000000001
0.3090703999999999
0.34849680000000005
0.31269259999999993
0.34297940000000005
0.1864741
0.1967725
0.31274739999999995
0.3326396
0.27580770000000004
0.2136137
0.283667
0.4113448
0.4337567
0.2494786
0.23794760000000004
0.2644586
0.358072
0.3875985000000001
0.3028405
0.3235527
0.328046
0.3863866
0.4353218
0.3914917
0.4020062
0.3910071
0.4520606999999999
0.3811128
0.2787067
0.2809136
0.37707840000000004
0.3406024
0.2805675
0.23099150000000004
0.17292970000000002
0.2437123
0.28386120000000004
0.2746635
0.3567114
0.2636007
0.2399951
0.2352951000000001
0.2275708
0.2238768
0.2219041
0.2134051
0.22750789999999999
0.2592902
0.2391747
0.3240041
0.2613577
0.2127007
0.21657070000000003
0.2695718
0.2586695
0.22303299999999995
0.2321757
0.2116239
0.22116170000000002
0.2214036
0.22692649999999998
0.2671723
0.2392404
0.32029120000000005
0.2690269
0.26223669999999993
0.2643023
0.27016100000000004
0.31031759999999997
0.27442200000000005
0.2721518
0.2537143
0.2630094
0.25605589999999995
0.3017306
0.2956855
0.3749646
0.28142280000000003
0.2731943
0.24857800000000002
0.275974
0.21717659999999994
0.22245770000000004
0.2244835
0.2075518
0.1854341
0.18896329999999997
0.2163508
0.2012832
0.24071220000000004
0.3027907
0.22765429999999998
0.207321
0.2120949
0.1944822
0.2121437
0.2205148
0.2151339
0.2306608
0.2237553
0.310855
0.2345328
0.23680429999999997
0.3223239
0.2465783
0.23222240000000002
0.2682723
0.25255603
0.26073179
0.24301043
0.23396366
0.22574758
0.20127358
0.23117867
0.24952712
0.30611174
0.27262262
0.24320757
0.22023157
0.24301144
0.29809734
0.24933079
0.24298318
0.24300499
0.21093646
0.19114993
0.16828317999999998
0.17101307
0.28169771
0.15753303000000002
0.16092733
0.16190217999999998
0.17939296999999998
0.16338814
0.19447056
0.19946813
0.19530118
0.19471751000000004
0.36197507
0.44697803
0.44990511
0.45909906
0.23600416
0.44648607
0.44246221
0.44422721
0.44304131
0.44073187
0.44188026
0.4452819000000001
0.44211179999999994
0.4468776
0.4455689000000001
0.4588607
0.445687
0.4189347
0.4028771
0.3920825
0.4002386
0.3950243
0.39988440000000003
0.3992276
0.3983877
0.3997477
0.3962744
0.3916424000000001
0.4341534000000001
0.4404062
0.4136829000000001
0.411892
0.4351696000000001
0.4355243
0.4291205
0.41510990000000003
0.4011557
0.3996115
0.4037667
0.40625429999999996
0.4073353
0.4127242999999999
0.4064605
0.4093953
0.4076224000000001
0.4074862
0.4071453
0.4107291
0.41704719999999995
0.4088462000000001
0.4067205
0.4158328
0.41722479999999995
0.4064881
0.40810240000000003
0.41041720000000004
0.4037986
0.4243286
0.4219158
0.4232867
0.4173401
0.41374
0.4223139
0.42617570000000005
0.4325468
0.2486681
0.33373289999999994
0.32759723
0.33015009999999995
0.3486033
0.34074379999999993
0.2785557
0.3703462
0.33886479999999997
0.3453476
0.3788586
0.3843877
0.3909510000000001
0.38691909999999996
0.313811
0.31847190000000003
0.3788614
0.3678405
0.3689362
0.3757790999999999
0.3583619
0.3234043
0.3368791
0.30603100000000005
0.2848933
0.32297950000000003
0.2660876
0.314931
0.29515050000000004
0.4089376
0.3963404999999999
0.27131900000000003
0.27643
0.41851809999999995
0.420271
0.4198581
0.3816496
0.29318720000000004
0.3288109
0.3432338
0.34628859999999995
0.3774219
0.3835905
0.3939353
0.39348099999999997
0.3871348
0.3840976
0.3870791
0.35390809999999995
0.35312059999999995
0.32091580000000003
0.3035529000000001
0.2715867
0.3562387
0.33841049999999995
0.3279386
0.31181190000000003
0.30367619999999995
0.36306
0.325202
0.283382
0.3208163
0.3202914
0.2856101
0.2581569
0.3243225
0.2686375
0.2385135
0.2301010000000001
0.2169991
0.2116732
0.2078966
0.26049490000000003
0.27524370000000004
0.26794359999999995
0.26407820000000004
0.27222240000000003
0.2703791
0.2860802
0.2650926
0.3330944000000001
0.2897185
0.2383225
0.25444930000000004
0.2505298
0.25853960000000004
0.17206039999999995
0.17859419999999998
0.1961277
0.2321313
0.2052949
0.2190983
0.1757415
0.19638529999999998
0.2122949
0.2196759
0.1677725
0.1851503
0.31372999999999995
0.4481043
0.4036141
0.3984227000000001
0.34367620000000004
0.33347519999999997
0.3844007
0.3859689
0.3291323
0.3190891
0.3950143
0.4151243
0.4551916999999999
0.4359214
0.4476767
0.4525931999999999
0.4360854
0.4552417
0.4532236
0.45169
0.450101
0.4417727
0.4411177
0.4375769000000001
0.4437888
0.4501270000000001
0.4242347
0.4368112
0.4218639
0.4404997000000001
0.4103416
0.4102788
0.39805450000000003
0.3562369
0.3890261
0.3673536000000001
0.435151
0.4459443000000001
0.3951793
0.4505605999999999
0.3845203
0.3586421000000001
0.3465525
0.3545408000000001
0.35208110000000004
0.375391
0.3340643
0.3198786
0.3823156
0.3824656
0.3836456
0.4153791
0.3166915
0.4174625
0.4060507
0.4168723
0.4208240999999999
0.4274305000000001
0.4256781
0.41082399999999997
0.3840283
0.3361926
0.3385458
0.4298082
0.3780523000000001
0.3927871000000001
0.3870129000000001
0.29850150000000003
0.3332762
0.4346625
0.4491751
0.4407807
0.4140670999999999
0.32438449999999996
0.19421730000000004
0.1917208
0.2717567
0.2523866
0.29030359999999994
0.3357234000000001
0.32913780000000004
0.3860881
0.4086439
0.3638674000000001
0.3812046
0.3497969
0.29182040000000004
0.2230119
0.2975824
0.3426884
0.3761095
0.3762763
0.36548400000000003
0.3853374000000001
0.41090891
0.4053981300000001
0.37175983
0.24278672
0.20606179
0.25926285
0.22122757
0.17771461
0.45764061
0.4115396
0.43947159999999996
0.4562872
0.43772051
0.42940311
0.14344116999999998
0.16295978000000005
0.21111628
0.15139253000000005
0.12858453
0.10867871
0.17130546000000002
0.27901641
0.28762092
0.33104751
0.333254
0.24119254
0.23262724
0.24049509
0.18341016
0.30291737
0.29693317
0.20875918
0.18960068
0.22612722
0.26335176
0.17656441
0.22561992
0.25834678
0.23564803
0.16799522
0.14238270000000006
0.1776726
0.2186464
0.1816149
0.2081379
0.3731964999999999
0.3796285
0.3972005
0.41517040000000005
0.4114731
0.3910935
0.3690338000000001
0.29972810000000005
0.29378459999999995
0.31487970000000004
0.2652649
0.3087783
0.3322005
0.2635915
0.3776549
0.29138010000000003
0.1829811
0.1954523
0.1848315
0.2101297
0.1993921
0.20734439999999998
0.2105688
0.2090598
0.2243163
0.23411639999999997
0.3584045
0.3764891
0.3651496
0.3601434
0.3353025
0.27307220000000004
0.2773493
0.2983796
0.3126319
0.289083
0.2743124
0.2943369
0.34575159999999994
0.3384991
0.1891444
0.29397840000000003
0.34732699999999994
0.35774510000000004
0.34690449999999995
0.2770521
0.1850579
0.1834415
0.1544234
0.155513
0.21831550000000002
0.16851229999999998
0.2951954
0.2641138
0.29402749999999994
0.29939509999999997
0.30759679999999995
0.29133060000000005
0.30483930000000004
0.2505019
0.13621950000000002
0.15885339999999998
0.3092858
0.33212780000000003
0.3525231
0.25792000000000004
0.2577764
0.1300067
0.1508582
0.1365205
0.2374288
0.3051949
0.3048582999999999
0.2798764
0.15691479999999994
0.17190899999999998
0.1645067
0.17591430000000002
0.178189
0.1884433
0.2649114
0.2555019
0.263701
0.29831009999999997
0.24289760000000005
0.1977625
0.198005
0.2221784
0.2244303
0.17832730000000002
0.17984360000000002
0.1342207
0.2658731
0.2378631
0.3227860000000001
0.435736
0.4278768
0.3876633
0.36000909999999997
0.3800265
0.3559998999999999
0.2670232
0.2674851
0.2650605
0.2411049
0.2411268
0.2326181
0.21744560000000002
0.2452287
0.3259264
0.4024983999999999
0.3854076
0.4007177
0.3849122999999999
0.3296527
0.3196948
0.2874356
0.2968831
0.3332861
0.22777160000000005
0.21006550000000004
0.3003212
0.29659719999999995
0.3054451
0.32576
0.31951739999999995
0.27559870000000003
0.3474888
0.3371961
0.4223044
0.4082051
0.3627348
0.34919959999999994
0.3687083
0.4484426
0.436396
0.3497842
0.360817
0.39076940000000004
0.37315690000000007
0.2404651
0.1814734
0.3422902
0.3936196000000001
0.31172859999999997
0.2254669
0.2047858
0.1995886
0.2072549
0.2510435
0.254441
0.2427982
0.4294943000000001
0.43354490000000007
0.4711608000000001
0.258667
0.3627657
0.3763220000000001
0.3788405
0.3832572
0.3670148
0.33475760000000004
0.1828833
0.1378509
0.31115190000000004
0.243841
0.12967269999999995
0.1732671
0.2270181
0.14266420000000002
0.08868090000000001
0.1435595
0.188132
0.1800171
0.1749966
0.17874
0.1788034
0.25120149999999997
0.1684099
0.15405999999999995
0.1261887
0.1155286
0.1633269
0.1822428
0.13823429999999998
0.14163589999999998
0.1664786
0.1007038
0.15992050000000002
0.1841157
0.16060660000000002
0.13603569999999998
0.14176320000000006
0.16589279999999998
0.14757180000000006
0.144208
0.1828757
0.16217620000000002
0.1417741
0.124617
0.1277166
0.12383800000000003
0.15062379999999995
0.28706479999999995
0.24298000000000006
0.26954100000000003
0.2661152
0.25578860000000003
0.2544095
0.20007429999999998
0.2418814
0.2279053000000001
0.2637542
0.23349810000000001
0.156954
0.17288610000000001
0.126915
0.2705823
0.3335413
0.2715935
0.2413982
0.28016440000000004
0.31502579999999997
0.33167500000000005
0.389695
0.4036807
0.3569164
0.3318897
0.3132592000000001
0.2267516
0.0782003
0.071349
0.06714239999999999
0.06667229999999999
0.07762639999999997
0.13250710000000002
0.1340581
0.2546568
0.08142529999999999
0.14298239999999998
0.13666760000000006
0.1866995
0.20919920000000006
0.28565480000000004
0.3117345
0.3079235
0.2615578
0.2405497000000001
0.20691920000000005
0.2838859
0.3012926
0.3276364
0.3426245
0.3328864
0.3030302
0.16858829999999994
0.10595190000000004
0.1205556
0.12468519999999998
0.1421134
0.15840910000000002
0.1258045
0.07726490000000001
0.052768899999999994
0.0673404
0.14089089999999999
0.078569
0.0630547
0.07798889999999999
0.19126010000000002
0.26735820000000005
0.3000262
0.3202853
0.2034158
0.2398844
0.198991
0.0860653
0.0507794
0.0568925
0.07682040000000001
0.0811084
0.0898075
0.1990316000000001
0.16830390000000006
0.4146814
0.4263989
0.4391737
0.31802299999999994
0.27310910000000005
0.2209817
0.1530123
0.2020666
0.182759
0.3109151
0.3366603
0.3975097999999999
0.3377108
0.3220867
0.2809987
0.2205752
0.31444409999999995
0.23394179999999998
0.1659725
0.17135979999999998
0.14001919999999998
0.1242682
0.2397139000000001
0.2547874
0.19082420000000005
0.19351279999999998
0.18462910000000002
0.16525810000000002
0.20581590000000002
0.1872169
0.1638049
0.18754849999999998
0.1890521
0.1810109
0.3359703000000001
0.3462412
0.290785
0.34720900000000005
0.31064400000000003
0.3000738000000001
0.2618237
0.1666596
0.1576753
0.1601467
0.1374106
0.1057367
0.1585375
0.1470621
0.09397030000000002
0.08553999999999999
0.1532717
0.200725
0.14305279999999998
0.1162481
0.0907737
0.0932842
0.1027336
0.17914860000000002
0.4009462
0.379888
0.2960354
0.2865307
0.3255197
0.2297805
0.1652212
0.1418912
0.1047997
0.1144449
0.1048239
0.1343967
0.1957501
0.29995340000000004
0.11980330000000003
0.13928580000000002
0.12313330000000001
0.1107701
0.23588289999999998
0.1584235
0.12387329999999999
0.1557954
0.138201
0.2667216
0.3616394
0.3264769
0.3115745
0.3634593
0.2945835
0.24774780000000002
0.29047259999999997
0.2077998
0.14186189999999999
0.11697060000000001
0.23687950000000002
0.2423789000000001
0.1866271
0.1632075
0.1272551
0.1517466
0.2928691
0.3054524
0.32925909999999997
0.30866540000000003
0.2584858
0.23308379999999998
0.2155527
0.26369240000000005
0.3788917
0.315727
0.2687893
0.3026651
0.32600500000000004
0.33496570000000003
0.4361087000000001
0.3994307
0.30699200000000004
0.291931
0.314664
0.240579
0.1627649
0.1445503
0.27925490000000003
0.2396712
0.22553070000000003
0.2184366
0.23672310000000002
0.3484359
0.2431174
0.3127926
0.3132835
0.3161802
0.3684131
0.390514
0.3198489
0.19685550000000002
0.25152
0.4310641
0.4789915
0.44415820000000006
0.4197907
0.3766357
0.4047372
0.313681
0.1867228
0.2001326
0.2456096
0.25543920000000003
0.15698689999999998
0.26793859999999997
0.3940303
0.4155853000000001
0.38214640000000005
0.31941970000000003
0.31717249999999997
0.32837380000000005
0.3886383000000001
0.2952887
0.2794293
0.326805
0.1848361
0.2815944
0.2923682
0.27947209999999995
0.2485549
0.2656714000000001
0.2959131
0.2736137
0.3506911
0.3354452
0.3022486
0.31337590000000004
0.3299719
0.2828509
0.3317728
0.3642953
0.27508940000000004
0.2464115000000001
0.2407568
0.2085036
0.37105370000000004
0.39790549999999997
0.2933631
0.26463109999999995
0.2502651
0.250466
0.3117340000000001
0.157085
0.10801489999999998
0.09693029999999997
0.0930211
0.0989317
0.3087143
0.14132549999999994
0.07789147
0.0952318
0.08073891999999999
0.0640444
0.2200482
0.2963599
0.2083779
0.23043320000000006
0.2528838
0.3008054000000001
0.31985640000000004
0.25159780000000004
0.2640213000000001
0.27061118
0.28627623
0.30974689999999994
0.352725
0.438201
0.425832
0.188633
0.130425
0.11603139999999998
0.1574439
0.1324362
0.1942221
0.1533614
0.1232004
0.1141289
0.285848
0.33301000000000003
0.42371
0.43181
0.29072000000000003
0.35181
0.42246999999999996
0.440615
0.35604
0.30926000000000003
0.478337
0.467566
0.483928
0.466405
0.40072
0.17577900000000002
0.17225
0.12371700000000002
0.2090232
0.1796356
0.1222366
0.173467
0.1855099
0.1848308
0.3071
0.415921
0.4638020000000001
0.483472
0.4523100000000001
0.476369
0.4002
0.34162600000000004
0.191
0.27697
0.24472
0.24276
0.40761
0.45181
0.28857
0.16349999999999998
0.12649100000000002
0.2038723
0.2485809
0.2895723
0.2306861
0.2899623
0.112168
0.0984327
0.14297659999999998
0.121946
0.07095180000000001
0.16490749999999998
0.1667204
0.1878637
0.2469251
0.23024560000000002
0.1885913
0.1429927
0.08534889999999999
0.0591398
0.1116204
0.1012494
0.06320700000000001
0.28032080000000004
0.1035551
0.1043937
0.15707759999999998
0.138163
0.1008089
0.0958481
0.16918370000000002
0.0898784
0.14902200000000002
0.16182629999999998
0.1593311
0.1843276
0.1916628
0.13834039999999995
0.39724
0.45841
0.4005
0.23246
0.127193
0.08489
0.109772
0.1026787
0.1120289
0.1237508
0.1005285
0.22368369999999999
0.1994504
0.25525370000000003
0.2022966
0.1216537
0.1074264
0.08149020000000001
0.1691726
0.2491129
0.048619800000000005
0.0470435
0.0414658
0.034581
0.0905997
0.0790311
0.0449263
0.059243400000000015
0.0447587
0.0349149
0.1078474
0.13012449999999998
0.062003499999999996
0.07098870000000003
0.0749173
0.060328699999999985
0.0998474
0.080683
0.0505092
0.06667390000000001
0.062075099999999994
0.062415600000000016
0.1141551
0.1077322
0.08003890000000001
0.0719175
0.0667975
0.1097741
0.1299799
0.098637
0.0967204
0.123056
0.13144470000000005
0.15621269999999998
0.29826040000000004
0.12514569999999994
0.06996700000000003
0.1272839
0.1034624
0.13980209999999998
0.1847019
0.1708502
0.1069851
0.1571322
0.11810610000000002
0.16999989999999998
0.1988885
0.2925575
0.2193104
0.2058808
0.1855185
0.29771000000000003
0.264453
0.16121399999999994
0.08242460000000001
0.2180427
0.1354832
0.1119977
0.1734113
0.17204819999999998
0.140707
0.150576
0.131427
0.11802560000000001
0.17140039999999998
0.1096979
0.035508500000000005
0.0644432
0.045112300000000015
0.0423454
0.12824370000000002
0.0928498
0.2171022
0.239666
0.205897
0.284146
0.48396000000000006
0.48408
0.4553
0.45968000000000003
0.36502
0.3326
0.35834
0.3432
0.34299999999999997
0.44
0.44477
0.302358
0.259789
0.24609699999999998
0.216062
0.1977202
0.2057493
0.1987172
0.27337500000000003
0.380644
0.371463
0.39629699999999995
0.412992
0.40439
0.417285
0.416147
0.35310199999999997
0.3530029000000001
0.344774
0.366592
0.400111
0.32315900000000003
0.28081
0.363448
0.3626755
0.3678471
0.3953443
0.3723719
0.36767459999999996
0.31534650000000003
0.30533390000000005
0.28880370000000005
0.26225190000000004
0.3396719
0.30365790000000004
0.3169807
0.3235585
0.4453933
0.4697664000000001
0.4242285
0.33409510000000003
0.3637974
0.36733879999999997
0.27700050000000004
0.2833447
0.33459140000000004
0.3145387
0.3084387
0.306388
0.4305358
0.455175
0.438694
0.335563
0.3583034
0.28711620000000004
0.22619099999999998
0.263351
0.424223
0.41877700000000007
0.422907
0.4163170000000001
0.420904
0.382226
0.386668
0.3233016
0.448101
0.439731
0.213798
0.4208560000000001
0.445213
0.32365900000000003
0.324461
0.3185253
0.3283382
0.3833235
0.3718732000000001
0.28353480000000003
0.33773200000000003
0.29810549999999997
0.2270111
0.2808606
0.3713111
0.32563709999999996
0.3194043
0.31972510000000004
0.3257989
0.3626479
0.35481399999999996
0.3118453
0.3218373
0.35280209999999995
0.2336336
0.2485485
0.35535209999999995
0.3131463
0.3244061
0.321617
0.346719
0.3605268
0.3325897
0.32103390000000004
0.3435486
0.3541769000000001
0.33290390000000003
0.29013340000000004
0.3215504
0.3413176
0.363722
0.34606099999999995
0.3817985
0.38002579999999997
0.3656423
0.3365078
0.36068290000000003
0.27307800000000004
0.2059661
0.2639329
0.366788
0.2118583
0.267624
0.29416650000000005
0.363301
0.4235528
0.4118124000000001
0.3757883
0.3347791
0.3015572
0.24008110000000002
0.27746309999999996
0.3746629
0.3239871
0.34569180000000005
0.3768160000000001
0.35612740000000004
0.3983890000000001
0.3729662
0.36000420000000005
0.3813829000000001
0.3798358
0.3889837
0.41166149999999996
0.35823180000000004
0.3696348
0.3612955
0.3358959
0.3697776
0.4226214999999999
0.4101005
0.34632579999999996
0.3825810000000001
0.3626775
0.23702689999999998
0.2811661
0.3901829
0.3238094
0.384508
0.3456189
0.3582579
0.3656348
0.38258359999999997
0.32633759999999995
0.3600339
0.26324210000000003
0.2294341
0.2923433
0.3861122
0.31975849999999995
0.3748385
0.37112790000000007
0.34692199999999995
0.3648359000000001
0.389608
0.39168600000000003
0.3959958
0.38499690000000003
0.3634789000000001
0.3801069
0.3859719
0.3641117999999999
0.3400011
0.3198353
0.33902799999999994
0.33577090000000004
0.3680554999999999
0.39578779999999997
0.3738087
0.3218777
0.3392968
0.3690276
0.38912759999999996
0.3896488
0.35248179999999996
0.3339958
0.357565
0.3671202
0.3949309
0.4053917
0.3692919000000001
0.3560089
0.351414
0.34760309999999994
0.34672129999999995
0.3728181
0.36438709999999996
0.35314519999999994
0.3633821
0.3350898
0.3638938
0.3770046
0.36197959999999996
0.3361406
0.3144366
0.2412891000000001
0.263716
0.2229499
0.2587627
0.23681910000000006
0.30049430000000005
0.32108210000000004
0.3649958
0.3829642
0.29658699999999993
0.407108
0.3435442
0.3090721
0.2661593
0.28676439999999986
0.2708859
0.2465269
0.28717810000000005
0.35907189999999994
0.3895647
0.4186585
0.3782196
0.3437558
0.33993090000000004
0.34132510000000005
0.368099
0.384367
0.34926280000000004
0.3055292
0.26352610000000004
0.33265959999999994
0.3348238
0.39766050000000003
0.3641592000000001
0.3419159
0.3358178000000001
0.356815
0.3133011
0.2757812
0.2449109
0.234075
0.27073509999999995
0.33614209999999994
0.3445227
0.4007834
0.3886544
0.3693444
0.3598453
0.3919744
0.4085463
0.3883679
0.3683384
0.2908607
0.219825
0.33859989999999995
0.3701927999999999
0.3444446
0.3651129
0.3175678
0.3747068
0.2812889
0.3119657
0.3801607
0.3082511
0.3192281
0.3229658
0.34099890000000005
0.3398454
0.4077707
0.3676837
0.31989779999999995
0.3196107
0.3699055
0.3883694
0.33662859999999994
0.3332011
0.22206439999999997
0.2601657
0.2597025000000001
0.2640228
0.25974899999999995
0.3002900000000001
0.23689670000000002
0.31751999999999997
0.28430170000000005
0.30444879999999996
0.41754369999999996
0.3914457
0.3674805
0.3697744000000001
0.4064664999999999
0.374067
0.373885
0.32510890000000003
0.236212
0.229102
0.364152
0.412537
0.3932027
0.4356619999999999
0.424278
0.420849
0.388772
0.3657078
0.32266490000000003
0.277997
0.396402
0.35698089999999993
0.4439532
0.4553329
0.3946563
0.4452397000000001
0.3817813
0.3869732
0.4650729
0.4565525
0.4730008
0.4699797000000001
0.3895794
0.34192219999999995
0.33497210000000005
0.3090869
0.2377743
0.22490949999999998
0.2173962
0.206834
0.2063831
0.204135
0.2072232
0.2431253
0.3676665
0.4426071
0.4682446
0.3921363
0.3987149
0.3788628000000001
0.34899709999999995
0.3531575
0.3599735000000001
0.3604853
0.42404359999999997
0.449136
0.448821
0.44794449999999997
0.4319221
0.4366771999999999
0.1542166
0.2934047
0.30726479999999995
0.26676259999999996
0.26618
0.329089
0.3470822
0.4124584
0.4281430000000001
0.39029899999999995
0.391295
0.379412
0.377335
0.4141853
0.41378739999999997
0.35783400000000004
0.3620604
0.3830851
0.34031550000000005
0.3646185
0.3594276
0.3205828
0.3579358
0.3649277
0.395122
0.42051009999999994
0.4251135999999999
0.4702246000000001
0.44681629999999994
0.4758601000000001
0.4778249
0.4776653
0.4787807
0.3896404000000001
0.3991571
0.3961319999999999
0.38328979999999996
0.4021637
0.4237757
0.4188271000000001
0.3424264000000001
0.2990783
0.2600461
0.29603509999999994
0.3514815
0.40433320000000006
0.428558
0.2742931
0.14825970000000002
0.15508039999999998
0.21029180000000008
0.2878054
0.3062863
0.3771409
0.3933248
0.3913554
0.3814316
0.3790443
0.3762602
0.3786722
0.38551540000000006
0.368619
0.3615742
0.380909
0.342133
0.3685620000000001
0.37823
0.3693369999999999
0.3833690000000001
0.32104940000000004
0.31251680000000004
0.3767790000000001
0.3873310999999999
0.347247
0.3883894
0.44546990000000003
0.46827440000000004
0.3941686
0.4311842000000001
0.4369884
0.4375554
0.4397241
0.407367
0.4351103
0.4423551
0.4171053
0.346568
0.4372125
0.4098152
0.40189600000000003
0.3700904
0.3321938
0.20374280000000008
0.2861052
0.2822667
0.16182800000000006
0.2075777
0.12065990999999998
0.10520982
0.10192885999999997
0.09418460000000001
0.28987949
0.35111162
0.29373841
0.31681526000000004
0.17662219999999998
0.21287300000000006
0.25226807
0.3059869
0.249939
0.34306869999999995
0.3879863
0.3881948
0.4029811999999999
0.4068673
0.4227715
0.3931877
0.4042895
0.35549200000000003
0.384334
0.3946060000000001
0.25456700000000004
0.17875000000000002
0.09704559999999998
0.08865630000000001
0.15665329
0.22000628
0.11667442
0.11531828
0.18618303000000005
0.30126000000000003
0.4357144
0.4677547
0.4394321
0.4559634
0.4289030999999999
0.46926309999999993
0.4587513
0.470988
0.467024
0.4745093
0.4663964
0.4675454000000001
0.4253295
0.35792270000000004
0.4306109
0.26705704
0.33065015
0.439673
0.4406146000000001
0.356976
0.3188865
0.3298295
0.3408382999999999
0.352687
0.457751
0.44572
0.4179246600000001
0.38490571
0.2407893
0.3683879000000001
0.4031638
0.2236496
0.2883855
0.27256020000000003
0.22923049999999998
0.23441260000000005
0.32155950000000005
0.25524389999999997
0.22401149999999997
0.2648979
0.2627079
0.4463865
0.4566919000000001
0.32363109999999995
0.32309770000000004
0.3417584
0.32847009999999993
0.3300243
0.3476017
0.2998329
0.3808313999999999
0.3855347000000001
0.3885724
0.4138672000000001
0.44383429999999996
0.41142860000000003
0.4454817
0.4028834
0.2724130000000001
0.38287
0.4420520000000001
0.33633110000000005
0.2480794
0.1716204
0.17881870000000002
0.2186943
0.28485770000000005
0.2485320000000001
0.21096220000000002
0.07804
0.2254606
0.3770344
0.4632560000000001
0.4693545
0.4376941
0.3937885
0.3843994000000001
0.3910868000000001
0.4197741
0.4153559000000001
0.39920300000000003
0.4163111000000001
0.4087712000000001
0.3809999000000001
0.34196570000000004
0.31615400000000005
0.31565560000000004
0.3091879
0.29340350000000004
0.3076199
0.3250588
0.2912745
0.2513862
0.4631131
0.4453991
0.4787378
0.4756549
0.4787148000000001
0.4768824999999999
0.4786676000000001
0.4768730000000001
0.4675311999999999
0.4754678000000001
0.47869979999999995
0.4779953
0.4753694000000001
0.2956572
0.25094390000000005
0.3011845000000001
0.2519717
0.2533453
0.28745529999999997
0.2881676
0.2544757
0.3357998
0.30317200999999994
0.3665468
0.3615992
0.4021254
0.4303816
0.4335967000000001
0.4155455
0.4436833000000001
0.3882387
0.3613843
0.4293079000000001
0.4088619
0.432345
0.4019744999999999
0.35972600000000005
0.364882
0.4016409
0.38269580000000003
0.44649859999999997
0.44040100000000004
0.378261
0.203655
0.3762229
0.389198
0.3873507
0.3075758000000001
0.35602
0.4279910000000001
0.471967
0.472592
0.376026
0.357059
0.463363
0.4487218
0.4406656000000001
0.4350797999999999
0.4453885
0.45491229999999994
0.4544253
0.4562727
0.43379589999999996
0.44116890000000003
0.4065024
0.4275626
0.4196919
0.420891
0.43350370000000005
0.4301093
0.4068987000000001
0.344158
0.3086108
0.36262205
0.41703696
0.4311992300000001
0.40053087
0.3934415
0.4031681600000001
0.3743099600000001
0.390466
0.4430976
0.4323727
0.4287389
0.4387208
0.4419123
0.4442637
0.4555047
0.4324447
0.4700879
0.4442996
0.4365777000000001
0.4502427
0.4519581
0.3916368
0.35128940000000003
0.4080721000000001
0.4491922999999999
0.4506072
0.4225195
0.4643258
0.4491808000000001
0.4282893
0.44878450000000003
0.45414340000000003
0.4795837000000001
0.3001767
0.28177420000000003
0.4306006000000001
0.3729062
0.344886
0.400781
0.3694846
0.3725397
0.3764903
0.3696722
0.39223
0.4203413999999999
0.4000537
0.4020149
0.3984459
0.4532171999999999
0.4654353
0.4483529000000001
0.4524704000000001
0.39309920000000004
0.4714863
0.3807614
0.4674197000000001
0.3959693
0.457148
0.34074340000000003
0.39288290000000003
0.3553644
0.4243825
0.4175479999999999
0.4324609
0.4150889
0.4098133
0.3931404000000001
0.4044719000000001
0.3820937
0.3750726
0.38262609999999997
0.3562907
0.4541405
0.46905420000000003
0.4419588
0.4076899000000001
0.35557960000000005
0.3373678
0.4372402
0.4263635
0.4619278
0.4324184
0.396692
0.26026439999999995
0.3986598
0.2820691
0.4440285
0.3999046
0.3892889
0.38067940000000006
0.3977654000000001
0.3683827
0.4245644
0.4397193999999999
0.4005762
0.3143391
0.3311407
0.4193074000000001
0.4405845000000001
0.45364209999999994
0.4496863999999999
0.4127564
0.4330665
0.4801897
0.3878083
0.4140202000000001
0.37460879999999996
0.2545136
0.24749720000000006
0.3865435
0.3963764
0.2202136
0.2786705
0.2285331
0.3779282
0.3865991
0.2845179
0.3793916
0.2962601
0.3009422
0.4094584000000001
0.4055698
0.3987899999999999
0.3231518
0.3916744
0.34964930000000005
0.3379786
0.45524176
0.3707392000000001
0.36195225
0.40732391
0.4271638
0.35244999
0.1864094
0.36562707
0.31889553
0.25509642
0.21811788
0.27059256
0.30792412
0.36129076
0.25674406
0.34481118
0.35353418
0.40245317
0.4394475000000001
0.4678808
0.4806311
0.47331999999999996
0.4763350000000001
0.385226
0.399862
0.415238
0.371273
0.385767
0.336654
0.27724999999999994
0.3135119
0.32883
0.29110949999999997
0.2763295
0.2596795
0.2519433
0.2733294000000001
0.28668760000000004
0.28434240000000005
0.2588163
0.246469
0.24779829999999997
0.27405840000000004
0.309303
0.303149
0.391866
0.423988
0.460521
0.383894
0.364114
0.33482
0.30647700000000005
0.424178
0.461865
0.372415
0.34625399999999995
0.208015
0.141721
0.1631335
0.137601
0.17003310000000002
0.2142284
0.1411361
0.15527739999999998
0.15003709999999998
0.1356654
0.20391270000000006
0.2458264
0.276805
0.3833380000000001
0.44001
0.40788
0.45835
0.4744136
0.4166189
0.3853650000000001
0.4766997
0.4659364
0.3967022
0.32280029999999993
0.288261
0.25244279999999997
0.27776009999999995
0.28531769999999995
0.3281255
0.3031963
0.26820429999999995
0.28570549999999995
0.3019367000000001
0.2989755
0.3159856999999999
0.35916620000000005
0.3174918
0.4125108999999999
0.4439433
0.465262
0.35666104000000004
0.364392
0.4357722000000001
0.377387
0.44706204
0.4674786
0.35421644
0.35108327
0.32370583
0.2274670000000001
0.46869718
0.46846428
0.46771670000000004
0.4677691199999999
0.4648986400000001
0.4307877000000001
0.44609872
0.43972353
0.4782193
0.48045340000000003
0.4806532000000001
0.475808
0.45221819999999996
0.4452898
0.4025600000000001
0.3924647000000001
0.4737963000000001
0.4786098999999999
0.46799564
0.386882
0.3684294
0.3217079
0.16714245
0.2112014
0.2405672
0.28169960000000005
0.4742370000000001
0.3328729
0.2931244
0.3074095
0.30838190000000004
0.3666663
0.3852172
0.3754242
0.32954690000000003
0.32680760000000003
0.36497340000000006
0.4254774000000001
0.4582166
0.40460083
0.38059985
0.30015381
0.28606175
0.22125356
0.13644362999999998
0.24412327
0.16586464000000006
0.17961154999999998
0.14539844
0.14048905
0.14656361
0.1803286
0.12412379
0.12160396
0.16559319
0.25399399999999994
0.26960882
0.36147036
0.32562936
0.30464213
0.3140925399999999
0.32253658
0.40123267
0.38484926
0.315278
0.30240678
0.38753198
0.39909869
0.27641827
0.30192766
0.29809956000000004
0.3006692
0.38798345
0.41111427
0.42572198
0.41808904
0.37000479
0.3702389199999999
0.21721379
0.3113785000000001
0.29236718
0.41029268
0.47207589
0.44168804
0.34378822000000003
0.23463
0.4568392100000001
0.45904069
0.41228348
0.29529817
0.38791104
0.43659521
0.27217695
0.3488129500000001
0.31367479
0.3185257000000001
0.27712138000000003
0.30370797999999993
0.28299518
0.3672361
0.37774087
0.27574442
0.29777428
0.41485482
0.44579868
0.44814405
0.47982687
0.48047564
0.4819136799999999
0.46491978
0.47277054
0.37044245
0.46410259
0.46201164
0.4667285
0.26297668
0.3023166399999999
0.32311564000000004
0.2774773400000001
0.29761954
0.33911999
0.24885678
0.29858143
0.29975228
0.24587287
0.2545921200000001
0.2407015200000001
0.29142073
0.38387664
0.43019464
0.41361659
0.4322717800000001
0.47040731
0.46374799999999994
0.3954740000000001
0.339471
0.323102
0.4064820000000001
0.4801469999999999
0.48068208
0.47605527
0.48010541
0.36791636
0.29585227000000003
0.23152944
0.12819419
0.22775713
0.34606132999999994
0.33455618000000004
0.31562419
0.29216040000000004
0.30532200000000004
0.45898
0.46452
0.47081999999999996
0.47548
0.47586000000000006
0.47462
0.47838
0.4362799999999999
0.33034
0.363503
0.48087799999999997
0.480022
0.4541330000000001
0.4714430000000001
0.241391
0.2157300000000001
0.2168567
0.248993
0.2974673999999999
0.3206106
0.244957
0.331008
0.4305704000000001
0.4278686
0.31110000000000004
0.3739431
0.3751797000000001
0.29085359999999993
0.3841392
0.34369809999999995
0.3663755
0.3811792000000001
0.4398801000000001
0.4470883000000001
0.4021912200000001
0.2714493
0.2371110300000001
0.32608531
0.40923915
0.27845238000000005
0.24484236
0.24139356
0.24549532
0.25370133
0.29548257
0.24260547
0.23781843
0.35122254
0.40908292
0.45182787
0.42028
0.43415
0.3070600000000001
0.416307
0.4778809999999999
0.4678436999999999
0.33277352
0.402405
0.3987959999999999
0.33410259999999997
0.20555484
0.30640741
0.30483118
0.33423182
0.28931188
0.29859602
0.31642988
0.39403514
0.31118338
0.2272908700000001
0.26205496
0.21558425
0.28142607000000003
0.38014998
0.29426408000000004
0.17996526000000002
0.16196061999999994
0.17272082000000002
0.21927376
0.30062762
0.23701902
0.23935862
0.24625569
0.26300608000000003
0.23086393
0.24646573
0.24493667
0.26134752
0.29854042000000003
0.40997427
0.43236287
0.45941287
0.44645427
0.42657182
0.42335616
0.43711902
0.43638377
0.4530247200000001
0.44274812
0.43358818
0.44761628
0.43851848
0.44492098
0.4402134800000001
0.45684928
0.43039793
0.24421538
0.38264608
0.26551848
0.37412388
0.30211712
0.31331938
0.31127897
0.30834942000000004
0.35666428
0.34095478
0.33846042
0.25635423
0.39666762
0.42883852
0.4284747700000001
0.43984002
0.40878426
0.28034905
0.27722517
0.2497415100000001
0.39172607
0.38082362
0.35449216
0.29371782
0.37725022
0.3739720600000001
0.26068122000000005
0.3726890799999999
0.25156616000000004
0.38431582
0.4400567
0.4102191
0.4439914000000001
0.380303
0.2874489
0.4270696
0.3535143
0.3398758999999999
0.3760719
0.415526
0.3810737
0.3388511
0.3800491
0.341844
0.3316601
0.3193764
0.3261602
0.33761499999999994
0.4304165
0.4553746
0.4285348000000001
0.3625152
0.1984875
0.1506767
0.16724350000000002
0.1595743
0.19691199999999998
0.2568078
0.2107376
0.1899443
0.1782018
0.14389749999999998
0.31827399999999995
0.3711493
0.2845908
0.3216808
0.4179205999999999
0.38938
0.4266769
0.4601873999999999
0.4424344
0.4394970000000001
0.4564673000000001
0.4087954
0.3881528
0.2942307
0.1302536
0.0694992
0.0688565
0.08791289999999999
0.16791589999999998
0.27195240000000004
0.13370279999999998
0.0642122
0.2128947
0.2008893
0.24067380000000005
0.4056438
0.4811317
0.4792028
0.4232000999999999
0.4447093
0.3732544
0.453371
0.4390775
0.28371260000000004
0.2393429
0.3906395
0.429518
0.35087440000000003
0.1863058
0.08124650000000001
0.11452890000000004
0.113808
0.1492838
0.3752471
0.202918
0.11680650000000001
0.11245280000000002
0.090282
0.12368310000000003
0.38724309999999995
0.4331564000000001
0.4480582000000001
0.4591710000000001
0.3725737
0.4016458000000001
0.4327858
0.4513567000000001
0.4415191
0.4609277
0.4624161000000001
0.4642069999999999
0.42647399999999996
0.16216870000000005
0.13555969999999998
0.11824080000000001
0.2532996
0.12733189999999994
0.4094505000000001
0.4067089999999999
0.33819039999999995
0.3521353
0.408476
0.391058
0.4482431
0.4430954000000001
0.410318
0.4370902
0.4626268
0.4628396
0.4659672
0.4687666999999999
0.358394
0.40372399999999997
0.4390535999999999
0.4497259000000001
0.4565421
0.42862669999999997
0.3928151
0.3614013
0.4050623
0.3724461
0.394449
0.3583293
0.0875427
0.11513110000000001
0.0817698
0.10477439999999999
0.3074248
0.2684007
0.3887455
0.4137118000000001
0.4797995000000001
0.477999
0.47202959999999994
0.4487962000000001
0.4781113
0.4752429
0.4754789000000001
0.4763458
0.4779952
0.468583
0.46685920000000003
0.4583973
0.4499412999999999
0.4695464
0.46818919999999997
0.4688377
0.4607895
0.3930427
0.3907881
0.07661209999999999
0.3471369
0.25087210000000004
0.27651859999999995
0.47569870000000003
0.472562
0.3435424
0.431802
0.3158281000000001
0.312215
0.4247432999999999
0.392358
0.3383425
0.2717741
0.18794400000000008
0.1549499
0.17449089999999998
0.3924213
0.4018737
0.2221402
0.26993140000000004
0.27863530000000003
0.2586061
0.3206653
0.32432300000000003
0.4080794
0.4144575
0.4465597999999999
0.45928859999999994
0.46630379999999994
0.4672256000000001
0.4608101
0.4733135000000001
0.459012
0.43803729999999996
0.3643452
0.382951
0.1983621
0.23850510000000005
0.2495486
0.22099720000000006
0.2214862
0.26524200000000003
0.1972909
0.1178528
0.1281171
0.1374099
0.12479660000000001
0.2384214
0.3927216000000001
0.4510474
0.4668092999999999
0.4050577999999999
0.32750320000000005
0.2519341
0.3293049000000001
0.2097273
0.2911273
0.4837865
0.4823016
0.4777220999999999
0.4796069000000001
0.3924764
0.4476747
0.22596110000000005
0.08859289999999999
0.08691660000000001
0.1168262
0.0679913
0.11318810000000001
0.1039034
0.1349514
0.2166388
0.385035
0.47655169999999997
0.4640298
0.4818710000000001
0.4051212
0.4660873
0.4127892
0.227693
0.3073078
0.4257683
0.3521454
0.21147830000000006
0.1221042
0.103754
0.0644766
0.07099520000000001
0.0606761
0.0571524
0.06785989999999999
0.0667085
0.0554053
0.03836559999999999
0.1028147
0.12426199999999997
0.266044
0.31859780000000004
0.2748087
0.27831680000000003
0.22210259999999998
0.2527145
0.4636283
0.4578802999999999
0.3919253
0.3064357
0.4115217000000001
0.4667374
0.4487271
0.3882508
0.2114578
0.0741857
0.0929385
0.13186029999999999
0.08696310000000003
0.1020445
0.10080689999999999
0.0928969
0.30569359999999995
0.2445833
0.2811639
0.33406300000000005
0.3639819
0.4662737000000001
0.4513403
0.4032707
0.3265737
0.4732995
0.478513
0.4792391
0.4788746999999999
0.4561219
0.4250397
0.46891720000000003
0.4652353
0.2220418
0.2075702
0.2091423
0.1882379
0.19734029999999997
0.2019797
0.2461197
0.2047116
0.2535927
0.1929317
0.2586088
0.3590153
0.4671702
0.4812214
0.4727554000000001
0.3999564000000001
0.3904872999999999
0.3935736000000001
0.4227254
0.4147148
0.3912387
0.25119589999999997
0.25699170000000005
0.1916901
0.34661439999999993
0.1980854
0.19371739999999998
0.1937844
0.24253920000000004
0.2474553
0.2474458
0.24823820000000002
0.2788741
0.28263590000000005
0.2839084
0.2814787
0.3605772999999999
0.3989649000000001
0.4571395999999999
0.397543
0.4011914
0.3884379000000001
0.3952455
0.4246453
0.4740942999999999
0.4744162
0.4646216
0.4385852
0.35448209999999997
0.3912963
0.4680777
0.1854387
0.16106726
0.16509724
0.14664783999999995
0.13130172
0.16441382999999996
0.31676509999999997
0.393695
0.35517020000000005
0.3701736000000001
0.4126422000000001
0.4582002000000001
0.4559026
0.35584550000000004
0.26517450000000004
0.31666350000000004
0.3813159
0.4303212000000001
0.4187569999999999
0.2604694
0.159597
0.19630029999999998
0.1557932
0.1901983
0.1280197
0.1203737
0.073153
0.12600350000000002
0.1285715
0.1291335
0.1591534
0.2801018
0.2597337
0.3161695
0.41316270000000005
0.4626113
0.3880175
0.2809956
0.35743649999999993
0.46774629999999995
0.4759052999999999
0.4367533
0.45706440000000004
0.2165901
0.4330485
0.2232254
0.2594322
0.2468137
0.24032690000000004
0.1957397
0.12211210000000002
0.2236312
0.2482315
0.3462341
0.20794580000000001
0.2029966
0.3209269
0.44797703
0.47926156
0.47258937
0.48259176
0.46775586
0.45963723
0.47035547
0.46926831
0.4695550600000001
0.46471881
0.30859240000000004
0.13585529999999998
0.11311460000000002
0.2043328
0.094063
0.1465131
0.10016459999999998
0.09362031
0.07693657
0.10242142
0.17752694
0.22088504
0.12157516
0.2416565
0.2054581
0.1498217
0.2375051
0.27222120000000005
0.4297808
0.4318374
0.282130883
0.256868476
0.377344183
0.432110583
0.34268332900000004
0.22000013899999998
0.123374499
0.108895486
0.11078002
0.09966985
0.0980786
0.12735942
0.19677998
0.18585379
0.18838238
0.16487468000000002
0.13343332
0.23762191000000005
0.34780156
0.26104365
0.11327338000000002
0.28574106
0.40625812
0.4531633
0.3694128
0.31124818
0.31573905
0.41243797
0.4181927
0.31179090000000004
0.1696725
0.13968360000000002
0.209184
0.2245555
0.2265361
0.1911609
0.2571403
0.208435
0.2500361
0.2107346
0.2078794
0.2724515
0.3393025
0.35877459999999994
0.4052821
0.410076
0.4451308
0.35633990000000004
0.2978618
0.3064413
0.2954531
0.3403812
0.33919639999999995
0.4098526
0.3833328
0.3033137
0.2632117
0.2202788
0.3077523
0.2584478
0.18913370000000002
0.17795219999999998
0.17709599999999998
0.2043689
0.2182522
0.26759890000000003
0.3168599
0.4486484000000001
0.4275580000000001
0.3896574
0.3467165
0.3614022
0.3803932
0.3794904000000001
0.4153175
0.26726009999999994
0.29285229999999995
0.2672802
0.233397
0.3267259
0.2303908
0.2398531
0.2455636
0.2817836
0.2840636
0.2848298
0.29382410000000003
0.20849450000000003
0.2562127
0.2875351
0.271399
0.33213550000000003
0.4195013
0.4039356000000001
0.4211942
0.3224605
0.33046809999999993
0.3629261
0.3944453
0.40810290000000005
0.3467972
0.2285968
0.2453475
0.26530940000000003
0.2289143
0.2434984
0.181147
0.1976814
0.2155502
0.2044316
0.1852581
0.234449
0.23929229999999999
0.3597485
0.4286224
0.4237665000000001
0.4224727
0.4204312000000001
0.4183494
0.4174413
0.3797575
0.32633650000000003
0.30506130000000004
0.2247872
0.2723396
0.2968119
0.24809849999999994
0.30545920000000004
0.25625570000000003
0.3085388
0.3020222
0.3276758
0.32097859999999995
0.3180568
0.3173803
0.3209755
0.25162509999999993
0.3117394000000001
0.3980347
0.4091881
0.3700915
0.35319659999999997
0.26825079999999996
0.4168010999999999
0.3588944000000001
0.3790237
0.4043909
0.3847671
0.3742881
0.4302841000000001
0.4225314000000001
0.36700859999999996
0.33351109999999995
0.3522178
0.2538335
0.2787254
0.2224861
0.2428132
0.2383335
0.2133176
0.3137687
0.3677236
0.35779890000000003
0.3916501000000001
0.4320383
0.4577942
0.4151755999999999
0.33250230000000003
0.42287790000000003
0.4534803
0.35780429999999996
0.3462743
0.4302076
0.4420328
0.3860086
0.268191
0.25206239999999996
0.168997
0.1901632000000001
0.1897659
0.2029636
0.3065588
0.4087137
0.33587540000000005
0.3012366
0.29016020000000003
0.3326042
0.343438
0.3979645
0.4082177
0.3289597
0.3825267000000001
0.4521318
0.3765199
0.2649085
0.20557110000000006
0.17553809999999995
0.1813066
0.16236989999999998
0.16939769999999998
0.20482329999999996
0.1119249
0.1326931
0.12752349999999998
0.13105469999999994
0.1081569
0.09754169999999998
0.08635349999999999
0.09910449999999996
0.23215560000000002
0.2246869
0.1578751
0.15563459999999998
0.3394692
0.4561221
0.3827739
0.275118
0.4592407
0.47999200000000003
0.4800497999999999
0.4394556
0.4535565
0.3319724
0.1111864
0.09997049999999998
0.1654773
0.18120770000000003
0.21268679999999998
0.22594970000000006
0.18276470000000006
0.1810349
0.2227095
0.2095967
0.2545533
0.22645389999999999
0.2705862
0.2989338
0.27616999999999997
0.2544605
0.1875571
0.18426510000000001
0.1505793
0.21356329999999998
0.16364330000000002
0.2163333
0.326745
0.3997985000000001
0.4434800999999999
0.466824
0.27986809999999995
0.13558670000000006
0.1790039
0.1870844
0.16398279999999998
0.2269132
0.2316955
0.2375194
0.26783490000000004
0.27966579999999996
0.2972075
0.2463918
0.2345062
0.29382620000000004
0.3870822
0.4295499
0.3535536
0.4004783
0.3762728
0.3862443
0.4303356
0.2248406
0.0947684
0.0951386
0.1019063
0.08340779999999999
0.0929189
0.1329825
0.1299249
0.15809260000000006
0.15664579999999995
0.1629469
0.32939890000000005
0.3133896
0.4379335999999999
0.4613956
0.3797711
0.3825278
0.3327339
0.4493181000000001
0.45141000000000003
0.2954279
0.3136482
0.4523028
0.42527570000000003
0.27636350000000004
0.2003709
0.18131529999999998
0.1910164
0.31140100000000004
0.2360923000000001
0.2222081
0.2152091
0.21736439999999999
0.14487629999999999
0.0995899
0.22742710000000002
0.1866326
0.236884
0.16149129999999998
0.27338909999999994
0.4343597000000001
0.4467415
0.30636220000000003
0.3873042
0.4499352
0.3875564000000001
0.34366740000000007
0.22544250000000002
0.21689
0.18770320000000001
0.1862739
0.18054579999999998
0.1581514
0.0
0.08868
0.04639
0.04071
0.04041
0.04724
0.07434
0.44519
0.30856
0.11943499999999999
0.100426
0.23827060000000005
0.201071
0.13207370000000002
0.28402649999999996
0.3548827
0.34299650000000004
0.34233030000000003
0.3914932
0.35297510000000004
0.3713813
0.3726379
0.33960510000000005
0.2767451
0.1699008
0.14010889999999998
0.2068637
0.21331839999999996
0.23353939999999998
0.2083246
0.23659940000000002
0.2199984
0.2371203
0.2045246
0.1936827
0.2301184
0.1582894
0.08873230000000001
0.10115954
0.22970370000000004
0.155668
0.3590384
0.35893210000000003
0.38405429999999996
0.3771615
0.37920329999999997
0.3766093
0.3838893
0.18506129999999998
0.3871784
0.3793765
0.3793403
0.3803846000000001
0.3805513
0.3947784
0.39112929999999996
0.3888203
0.3775374
0.32066700000000004
0.35529590000000005
0.3476109000000001
0.1367865
0.193047
0.130645
0.117559
0.0817123
0.08757480000000001
0.07960980000000001
0.08705979999999999
0.085247
0.099231
0.1231809
0.13136660000000006
0.13291789999999998
0.13628700000000002
0.12776010000000002
0.2128438
0.1982209
0.21440170000000008
0.30770770000000003
0.21381060000000002
0.1201622
0.0927903
0.1023104
0.1026556
0.20581590000000002
0.1920873
0.1899132
0.1828185
0.1837042
0.2164854
0.124804
0.16482690000000005
0.1896713
0.1963287
0.1655596
0.12872229999999998
0.1136683
0.159145
0.1671217
0.1937641
0.2053498
0.1954898
0.1953041
0.1888969
0.19169260000000002
0.1328207
0.1374721
0.1170273
0.11676680000000003
0.1185474
0.10772969999999996
0.1044735
0.1938549
0.1049202
0.12114260000000002
0.1224612
0.0863807
0.08851440000000001
0.21365689999999998
0.294699
0.2465656
0.2727042
0.1873737
0.16557750000000002
0.14401660000000002
0.14383710000000002
0.1505775
0.064598
0.066648
0.08907999999999999
0.09708
0.10177
0.11637
0.07056
0.05047
0.04687
0.16767
0.17447000000000001
0.17581
0.14754
0.163346
0.125497
0.13181700000000002
0.035186
0.05326600000000002
0.04143
0.04103
0.031895
0.14519300000000002
0.140981
0.15237
0.15453
0.21727
0.19189
0.1278461
0.121348
0.125211
0.09465
0.096461
0.123582
0.11616230000000001
0.1207514
0.16202149999999998
0.1576576
0.13569089999999998
0.0868355
0.08134559999999999
0.0838404
0.1352204
0.1053847
0.1013185
0.0981861
0.10123560000000001
0.1010799
0.12751900000000002
0.19954
0.1671457
0.2357052
0.17518399999999998
0.147022
0.25612100000000004
0.28903
0.1647072
0.1953719
0.1962784
0.14785079999999998
0.11462470000000001
0.0971595
0.08938000000000001
0.0509193
0.18252000000000002
0.22721000000000005
0.173276
0.18775000000000008
0.27031
0.26513200000000003
0.25830000000000003
0.22598400000000002
0.26707000000000003
0.208894
0.25511
0.19694499999999995
0.213909
0.191274
0.184124
0.12051
0.20367
0.12147999999999999
0.29688600000000004
0.13001
0.09689
0.30199000000000004
0.31647000000000003
0.32453000000000004
0.39492
0.096914
0.08509800000000001
0.11641199999999999
0.13633
0.13848
0.09638
0.07919
0.10705
0.09037
0.08642999999999999
0.050471
0.07188
0.07151
0.08184
0.13134
0.100904
0.13251000000000002
0.097565
0.09398
0.11870999999999995
0.1603
0.412991
0.371587
0.35784000000000005
0.17228500000000002
0.13151700000000002
0.100724
0.08976500000000001
0.110421
0.057994999999999984
0.06248900000000001
0.058891099999999995
0.0582464
0.0595904
0.06456669999999999
0.061452
0.05877200000000001
0.07537900000000003
0.077694
0.07746300000000003
0.08776300000000001
0.14665
0.25293000000000004
0.07361000000000001
0.09921
0.19189
0.17742999999999998
0.18392
0.10547
0.192099
0.1896714
0.21719
0.23145
0.1911091
0.318537
0.31428090000000003
0.22543000000000002
0.20222
0.1549914
0.27506200000000003
0.1866847
0.249516
0.218583
0.2524352
0.2706
0.265035
0.27918000000000004
0.28351
0.1984
0.26208000000000004
0.2962
0.26766999999999996
0.26678
0.21225
0.203753
0.30901999999999996
0.3017
0.27454
0.364836
0.18134
0.2354300000000001
0.19794
0.21713
0.23265999999999998
0.2263971
0.210916
0.222381
0.26132999999999995
0.23864
0.23904
0.17576
0.229911
0.230891
0.19111
0.16161
0.155712
0.20126
0.16727229999999998
0.15195799999999998
0.140421
0.165384
0.272905
0.2734090000000001
0.3873652
0.4110175999999999
0.3517561
0.40725100000000003
0.3843129999999999
0.371602
0.3924568000000001
0.429365
0.2063571
0.21854099999999999
0.212099
0.2200728
0.210128
0.1239795
0.1322566
0.121708
0.113208
0.12158
0.083659
0.095692
0.11566400000000002
0.1049161
0.0927385
0.0927628
0.1327943
0.12796760000000001
0.0987256
0.0954728
0.1748428
0.1723504
0.3279966
0.31581
0.349317
0.38364299999999996
0.2784668
0.4337099999999999
0.32972
0.424052
0.3749822
0.419722
0.413339
0.37654699999999997
0.3604944000000001
0.34208099999999997
0.3961305
0.39539
0.366845
0.25378
0.21254
0.062676
0.049221
0.05344680000000001
0.06020800000000001
0.055174
0.051126099999999994
0.30843899999999996
0.26085610000000004
0.22565
0.0971291
0.0320259
0.043637
0.04262
0.031399
0.045284
0.09623
0.08232700000000001
0.059067
0.033177
0.059406
0.10519200000000001
0.105684
0.0981543
0.08517690000000001
0.11560999999999999
0.08819750000000001
0.105863
0.1207586
0.051137
0.039741000000000005
0.05874
0.0245899
0.029304200000000002
0.0198251
