0.3691304000000001
0.3667144000000001
0.4184487000000001
0.4405862999999999
0.4379216
0.4312041000000001
0.4077007000000001
0.4114683000000001
0.40392870000000003
0.4093343
0.4460992
0.4493586000000001
0.4458312
0.4501948000000001
0.3114059
0.2795726000000001
0.27048320000000003
0.22321640000000006
0.20701010000000009
0.30539140000000004
0.2702073
0.4101376000000001
0.37655340000000004
0.3967466
0.39114770000000004
0.3738049000000001
0.3416923
0.32610159999999994
0.33062600000000003
0.2957632999999999
0.3177159
0.31676360000000003
0.2705226000000001
0.4083884
0.44666140000000004
0.4091328
0.3797191
0.4332834
0.43256290000000014
0.4538219000000001
0.4671578
0.4455326000000001
0.39579770000000003
0.4514731999999999
0.4320370000000001
0.4324664000000001
0.4092891
0.3938968000000001
0.4252243000000001
0.4052954000000001
0.3629725
0.3754407
0.3966623000000001
0.3930183
0.41577600000000003
0.4015916
0.400065
0.4061745000000001
0.3878456000000001
0.3731587999999999
0.4197396000000001
0.4113844
0.4639263
0.4454923000000001
0.4489380000000001
0.3886924000000001
0.4524491999999999
0.4614773999999999
0.44344399999999995
0.4207713000000001
0.3986715000000001
0.4186181000000001
0.4157552
0.43149
0.43235470000000004
0.4184975000000001
0.3837771000000001
0.41652799999999995
0.4239453
0.4131771
0.4032640000000001
0.3644513
0.4363637
0.4150041999999999
0.4087221
0.4325889000000001
0.4401116
0.3682675
0.4490259
0.4437101000000001
0.4519308
0.4372174
0.4220015000000001
0.4063234000000001
0.4202848
0.4137458000000001
0.4114621000000001
0.3906093000000001
0.41996400000000006
0.3987899999999999
0.37549499999999997
0.3939385
0.3979341
0.3630932
0.3657501
0.40052757
0.4179403700000001
0.38595559
0.402845
0.3843680500000001
0.39234447
0.33643270000000003
0.31340510999999993
0.35138224999999995
0.38723443
0.34228245
0.3288534
0.3899176600000001
0.34773227
0.33460071
0.38424604
0.36218558
0.38649808
0.37573412
0.39620688
0.38924037
0.4167247400000001
0.38563045
0.36097271
0.41479623
0.42070820000000003
0.40460976
0.4171145000000001
0.3341875999999999
0.34047977999999995
0.33425390000000005
0.3921499000000001
0.3698489
0.34510820000000003
0.3305844000000001
0.3378634
0.3709373000000001
0.3791453000000001
0.3684595000000001
0.3702829
0.3321885999999999
0.3807592
0.34567869999999995
0.33937
0.3147401999999999
0.3534693
0.3777193
0.3773665
0.3693540000000001
0.3391601200000001
0.3118401800000001
0.3922183000000001
0.37752018
0.36526728
0.35847492000000003
0.36567232
0.3602978000000001
0.3753751500000001
0.37611059999999996
0.3942419800000001
0.36010515
0.36329051
0.40578566
0.42312323
0.3689408
0.3587171
0.34447501
0.3806324
0.35938800000000004
0.3613822
0.3477255
0.36020772
0.37268928
0.3908243499999999
0.34400267
0.39370637
0.4283275100000001
0.3332747099999999
0.34455386999999993
0.34726526
0.26789866
0.21683743
0.167392
0.16444072000000004
0.30468189
0.31723789
0.35180771
0.33233650000000003
0.34943725
0.2337639400000001
0.37069387
0.29879113
0.29138693
0.33046383
0.33026634
0.37681995
0.3505267
0.3516449400000001
0.35279858
0.33119495000000004
0.32696318
0.33725937999999994
0.21626114
0.25638457
0.2404368000000001
0.28791879
0.26208776
0.25558692000000005
0.3727564500000001
0.4308142400000001
0.4734043400000001
0.4741459100000001
0.4715544
0.3768226500000001
0.4416528000000001
0.42200061
0.3763006900000001
0.4079330400000001
0.38989417
0.3951905500000001
0.40844248
0.4101961
0.41667473
0.41384927
0.2950558
0.31621205
0.41912468
0.26046362
0.23944655
0.28562624000000003
0.23060087999999995
0.3792927500000001
0.41052879
0.42976202
0.43670015
0.39127682
0.43336582
0.38514355
0.3990255
0.3834215899999999
0.41398781
0.4056760500000001
0.39818584
0.40925883
0.3830660400000001
0.3941934100000001
0.3471629699999999
0.38241116
0.3719573800000001
0.23725886
0.23524501
0.21054651
0.23798748
0.25693285000000005
0.3187050799999999
0.33990551
0.3792317300000001
0.34857579000000005
0.34272272000000004
0.3705981800000001
0.3591208200000001
0.40221355
0.38686139
0.4603418500000001
0.30830602
0.3530023200000001
0.39049841
0.4498695899999999
0.4050862300000001
0.3821789299999999
0.3863527500000001
0.41714616000000015
0.43152048
0.42114206
0.4131829300000001
0.27168387
0.27792734
0.28973378999999994
0.2656305600000001
0.3162256
0.3617156000000001
0.4207883900000001
0.4062452300000001
0.06421
0.06655399999999999
0.086604
0.33207115
0.33120844000000005
0.3868053699999999
0.13133200000000006
0.08779896999999999
0.06570980000000001
0.19699072
0.17188061
0.08384066
0.20854016
0.15464408599999996
0.18003945999999998
0.15958087999999998
0.0884806
0.08396649999999999
0.0737312
0.08039510999999999
0.08054026
0.14421028
0.3791007
0.4140326000000001
0.4375202
0.07499668
0.08278016999999999
0.06685652
0.05304627
0.04778565
0.05758016
0.26700738
0.267755
0.26509738000000005
0.26159173
0.21096397
0.07463310000000001
0.12411938
0.08347410000000001
0.1120031
0.07060027
0.06716376999999997
0.14142650000000004
0.1292478
0.04295942000000001
0.04221579
0.128805
0.2823409
0.4483871
0.4446665
0.4485918
0.46368739999999997
0.4539528000000001
0.46732740000000006
0.437842
0.4380328
0.4336478
0.4478346000000001
0.4407955
0.4457698000000001
0.4632365
0.09600560000000001
0.08194927
0.05690164
0.25995401
0.26872547
0.24467355
0.23360013
0.03904966
0.04681252
0.05067643
0.05439774999999999
0.10358390000000002
0.1098763
0.096952
0.0998991
0.11134162
0.05055942
0.04810842
0.04744613
0.09726204
0.13430920000000002
0.12954620000000006
0.10918947
0.05004760999999999
0.08367260000000001
0.14862599999999998
0.1917103
0.13884660000000001
0.1067984
0.09085089999999997
0.08761073000000003
0.08188261999999999
0.05244704
0.08778216
0.07799592000000001
0.08237157
0.0942531
0.1480017
0.0940594
0.0905164
0.07803739999999999
0.05775546
0.05922731
0.04517689000000001
0.05023881
0.1457626
0.1995584
0.17371942999999998
0.21293690000000004
0.1452098
0.29131460000000003
0.273266
0.2417604
0.1929075
0.2146531
0.1662285
0.16279070000000004
0.13115878
0.12997642
0.176147
0.2167156
0.1968912
0.22252929999999996
0.23023510000000005
0.1648422
0.12380293
0.11839867
0.17685642999999998
0.1173225
0.2122024
0.1375056
0.13139857
0.14025581
0.1181865
0.07579200000000001
0.12603846000000002
0.14033816999999998
0.12760955999999998
0.17384582
0.14624521
0.16677528000000005
0.1475297
0.2356083
0.3951588
0.4321545
0.44955020000000007
0.4422547000000001
0.4309686
0.4317617
0.4334977
0.4423581999999999
0.4493044
0.4426729
0.4320957
0.4282683
0.4321157000000001
0.4382960999999999
0.4395494999999999
0.4249096
0.42799719999999997
0.4271829000000001
0.4155443
0.4063001
0.4142524
0.40859
0.4172687
0.4181462999999999
0.4078849
0.4155751999999999
0.4161572000000001
0.2418886
0.1764454
0.17845970000000005
0.17690580000000006
0.1908525
0.3094581
0.2889468
0.17857519999999996
0.09932289999999998
0.08044420000000001
0.0797788
0.06835580000000001
0.06398519999999999
0.059022300000000014
0.056043700000000016
0.048517500000000005
0.1093114
0.16247
0.0974054
0.1405356
0.13207129999999995
0.1360382
0.364609
0.456291
0.4713755999999999
0.463037
0.4517952000000001
0.4309347000000001
0.4310609
0.4358556
0.438929
0.4462781000000001
0.4458514
0.42314
0.4265243
0.4421157000000001
0.4385695000000001
0.4438018
0.4309671000000001
0.42219700000000004
0.4238965000000001
0.41423940000000004
0.4028132
0.4054474
0.4114331
0.4141010000000001
0.41145909999999997
0.41223342
0.41477588
0.4110306500000001
0.18464839
0.18307258
0.17850490000000002
0.18530644
0.26312454
0.37486346
0.31615251000000005
0.23645395
0.12869971
0.057974310000000015
0.052091370000000005
0.06619523999999999
0.15190709
0.0836305
0.0621408
0.0419998
0.05956810000000001
0.28405963
0.4578135
0.44672890000000004
0.4399435
0.429584
0.42978549999999993
0.4345026
0.4482964
0.4513521
0.4574954000000001
0.4568412
0.4435478
0.44313450000000004
0.455695
0.4532017
0.4528969000000001
0.4445288
0.43830020000000003
0.4370130999999999
0.40609120000000004
0.408336
0.41174079999999996
0.41955990000000004
0.42008290000000004
0.4174269000000001
0.4092712
0.4146007
0.4099884
0.20516930000000005
0.1744022
0.17760220000000002
0.17986220000000006
0.1978441
0.2801531
0.2735289
0.2061522
0.1909127
0.180277
0.29730690000000004
0.47395299999999996
0.471747
0.465432
0.45461
0.45725
0.45439
0.44902
0.43717
0.4436100000000001
0.44466999999999995
0.42441999999999996
0.42888
0.43696
0.44551
0.4451
0.44049
0.4277405699999999
0.43527202
0.43963
0.43985632
0.42815632
0.42601632
0.41787018
0.41033
0.4183922000000001
0.4176121999999999
0.4087774000000001
0.41424794
0.41811841
0.34835705
0.21724807
0.20794369
0.20019234
0.23337087
0.2496813800000001
0.2925261
0.25407929999999995
0.3071988
0.1815865
0.15859379999999998
0.08587790000000001
0.1296129
0.1306372
0.12508439999999998
0.13414890000000002
0.2859906
0.33404870000000003
0.33651479999999995
0.3391091
0.3249192
0.4300764
0.3593040000000001
0.4419689000000001
0.36013870000000003
0.34468180000000004
0.34177895
0.31703555000000005
0.10840595
0.08244529
0.06559852
0.11272792
0.11621062
0.11339397
0.11820347
0.13778823
0.14155203
0.15111449
0.12766828
0.13524064
0.13123733
0.12755341999999995
0.14599929
0.09611163
0.13551207999999998
0.12260879
0.12768754
0.09806228999999997
0.12325259
0.12479309
0.13313203
0.07959208000000001
0.08549064
0.10431348
0.07636428
0.06478057999999999
0.10568723
0.16436779999999998
0.10076165
0.28029785
0.27333257
0.08918975999999999
0.07996721999999999
0.12895197
0.18092748
0.20665652
0.22605036
0.21936127
0.21296107000000009
0.22055852000000006
0.26688897
0.36847542
0.45997
0.4582769
0.4490066
0.429602
0.43621450000000006
0.443276
0.4498393
0.4516969000000001
0.4568374
0.4562007000000001
0.4550136
0.4329072
0.4268196
0.4337238000000001
0.4378014000000001
0.4397405
0.4346257000000001
0.4257612
0.4291083
0.4215505
0.4037367
0.4089433
0.410762
0.41353723
0.41814283
0.41652809
0.41179051
0.4183878
0.4369587
0.35111869999999995
0.20155
0.21096579999999998
0.2105771
0.25158020000000003
0.3080507
0.35393300000000005
0.3570634
0.26049229999999995
0.13553479999999998
0.1243113
0.10673738
0.09735792
0.09398882
0.08251070999999999
0.08683927
0.07208260999999999
0.09137832
0.08712121
0.1868856700000001
0.18852808
0.19006768
0.18400943
0.1402874
0.08508616000000001
0.08295641000000001
0.1033553
0.11368330000000001
0.17274979999999998
0.1983672
0.08624000000000001
0.1911461
0.17961329999999998
0.1925353
0.20745439999999998
0.1961949
0.3110706
0.4426206
0.426813
0.429182
0.43791779999999997
0.4293606
0.4317168
0.4285959
0.4400268
0.4468125
0.44656629999999997
0.4465535
0.4292016
0.42764250000000004
0.4347797000000001
0.4422125
0.4515044
0.4457016
0.43763630000000003
0.434214
0.4355268
0.4243216
0.41876260000000004
0.4243073000000001
0.4256635
0.42320209999999997
0.4297102
0.4305459
0.4232419
0.420837
0.4230695
0.4005694
0.249119
0.2352609
0.2286009
0.2553357
0.2666305
0.3007848
0.30097090000000004
0.3255371
0.34805230000000004
0.1831161
0.19800210000000004
0.1452398
0.1615414
0.12669460000000002
0.11720559999999998
0.1253365
0.11494649999999998
0.1295531
0.1348245
0.1709612
0.17367890000000002
0.14756170000000002
0.144346
0.1365303
0.1173227
0.1119479
0.0953151
0.11200260000000001
0.1179385
0.0946169
0.0936774
0.1342688
0.12090167
0.1279779
0.12973790000000002
0.1314897
0.19152220000000003
0.2062441
0.2002194
0.21072220000000005
0.16887120000000005
0.2039494
0.14245439999999998
0.1355557
0.1579815
0.3747042999999999
0.3269462
0.3007172
0.13633630000000002
0.1888574
0.16069460000000002
0.1606283
0.16316070000000002
0.15244770000000002
0.15028470000000002
0.2105229
0.16086620000000001
0.13304520000000006
0.12975530000000002
0.1276392
0.1292587
0.1205103
0.07949019999999997
0.0971811
0.110409
0.1194466
0.11632900000000004
0.11640999999999999
0.14638920000000002
0.16482729999999998
0.1158532
0.0980163
0.08439600000000001
0.1851434
0.24292356
0.16908410999999998
0.07338920000000003
0.06936877000000001
0.06897606999999999
0.11292162
0.12290417000000002
0.12395127
0.12044691
0.12645357000000002
0.2440741
0.222777
0.1387993
0.08767177999999999
0.1500193
0.13140739999999998
0.14003749999999998
0.13671450000000002
0.1306713
0.10013320000000002
0.10988699999999998
0.09562278
0.1558904
0.2163813
0.21172370000000004
0.20590129999999998
0.19092
0.1826513
0.14448500000000006
0.154757
0.136327
0.11723460000000002
0.225497
0.0806246
0.0781337
0.1429546
0.2293937
0.1996546
0.1486804
0.1975828
0.15975999999999999
0.15970423
0.202675
0.206179
0.187855
0.1581229
0.1675946
0.1951929
0.26978
0.261251
0.2920299000000001
0.2674554
0.2406343
0.19374010000000005
0.1987938
0.2100458
0.19676960000000002
0.1971704
0.3798548
0.4287192
0.4417155
0.4670721000000001
0.4652424000000001
0.46219840000000006
0.4600995
0.4668732
0.4733631000000001
0.4644775
0.4585406
0.4519862
0.4748733000000001
0.4750997
0.4735482
0.47514409999999996
0.4343625
0.4705616
0.4748253
0.4716001
0.47043999999999997
0.45653
0.4418900000000001
0.44434399999999996
0.325919
0.472171
0.471181
0.4693499999999999
0.47218999999999994
0.4222
0.46106
0.45138
0.43972
0.45564
0.46114
0.4623
0.45858
0.45598
0.45885
0.47188
0.4684
0.32125
0.463846
0.4629180000000001
0.454395
0.4522350000000001
0.42608
0.408036
0.24771
0.34791000000000005
0.44755
0.43595
0.45286000000000004
0.43668
0.43529
0.43808
0.43983
0.44123999999999997
0.44617
0.4536600000000001
0.45438999999999996
0.4378800000000001
0.43479
0.44783
0.44675
0.44315
0.44617
0.43821
0.43402
0.43368999999999996
0.43022
0.3855
0.41903999999999997
0.4195100000000001
0.42414
0.4238600000000001
0.39581
0.42195
0.41912
0.37514
0.23886
0.18935
0.20994
0.2212
0.25105
0.30926
0.28289000000000003
0.35623
0.1996
0.21859
0.44969
0.42399
0.46647
0.45595
0.40956
0.43523
0.44158
0.4124600000000001
0.44938999999999996
0.42273
0.44732
0.44701
0.4385
0.43677
0.43819
0.44372
0.44606
0.43622
0.43636
0.43003
0.4240600000000001
0.42103
0.40817
0.41178
0.38461
0.39058
0.42022
0.39889
0.4177
0.38806
0.4166300000000001
0.27382
0.21857
0.2329
0.23266
0.20886
0.25817
0.34385
0.29172000000000003
0.37078
0.21469
0.26295999999999997
0.46445
0.46
0.45894
0.44988
0.43526
0.43795
0.43822
0.44201999999999997
0.44251
0.42058
0.45089
0.44639
0.40423
0.43362
0.44294
0.44454
0.4444
0.44449
0.43586
0.4287000000000001
0.43146999999999996
0.41603
0.41678999999999994
0.41781999999999997
0.4178
0.41936
0.42199
0.42193
0.41286000000000006
0.4175800000000001
0.41934
0.33784000000000003
0.22791999999999998
0.22616
0.22147
0.22653000000000004
0.2615
0.27958
0.43082
0.4507982
0.4384423
0.34103999999999995
0.33237
0.38704
0.458874
0.456275
0.449248
0.433864
0.431046
0.431957
0.4398773000000001
0.4460702
0.4462931
0.4473036
0.4361454999999999
0.43223
0.43169
0.44514
0.4499931
0.4416079000000001
0.4358422000000001
0.4252611
0.4317719
0.4207919
0.4064067
0.4129556
0.4161837000000001
0.4163714
0.4186614000000001
0.4185062
0.4148875
0.4127947
0.4152779
0.28664259999999997
0.19735100000000005
0.19759430000000008
0.2122424
0.2278137
0.25659760000000004
0.281099
0.3432714000000001
0.2098399
0.1256913
0.2762656
0.4664593
0.001877
0.009353700000000001
0.01852
0.0130219
0.01379
0.01877
0.01746
0.0223326
0.04968
0.0300887
0.017225599999999997
0.016880000000000003
0.01236
0.020659999999999998
0.02139
0.01859
0.0213
0.046689999999999995
0.056520000000000015
0.02429
0.04736
0.05005
0.056029999999999996
0.0528
0.04742
0.08722
0.28731
0.12320999999999999
0.0928
0.08407
0.10228999999999999
0.08273
0.103488
0.07234
0.12604
0.10555999999999999
0.06740499999999999
0.07602999999999999
0.058503
0.12206
0.102196
0.37519
0.146039
0.105422
0.07561999999999999
0.05963
0.05615
0.05682
0.16915999999999998
0.18152000000000001
0.18683
0.187851
0.18726
0.17664000000000002
0.17937999999999998
0.18719
0.18188
0.18695
0.17575
0.17512999999999998
0.16992999999999994
0.17454999999999998
0.16797
0.18402000000000002
0.19476
0.17912999999999998
0.23065
0.23761
0.23101
0.22601
0.2343800000000001
0.23969
0.23933
0.24219000000000002
0.24114000000000002
0.24377
0.25879
0.1988
0.25293000000000004
0.21692
0.20592
0.24499
0.24873
0.24927
0.21161
0.18958000000000005
0.1933600000000001
0.21305
0.2043
0.18591
0.22073
0.21155
0.20603
0.19842
0.22523
0.19958
0.21411
0.20862
0.194209
0.18558370000000002
0.18819400000000008
0.188817
0.190139
0.22575
0.2406
0.206487
0.1898
0.18317
0.1684486
0.175538
0.1633603
0.196759
0.20410500000000004
0.26172
0.27998
0.24427
0.21308
0.26428
0.26081
0.17881999999999998
0.16203499999999998
0.155672
0.169178
0.16886600000000002
0.152896
0.14207
0.16659999999999994
0.205394
0.13633800000000001
0.11506
0.10335
0.10077
0.16872000000000004
0.14257
0.17981
0.20447
0.16074000000000002
0.15777999999999998
0.14469
0.14868299999999998
0.119576
0.100113
0.091428
0.09145700000000001
0.097423
0.13427999999999998
0.13214
0.13107
0.13232
0.13108
0.13305
0.13860999999999998
0.13890999999999998
0.14277
0.09027
0.17298
0.1965
0.21137
0.11499000000000001
0.12451
0.13696
0.10572
0.09326
0.11657999999999999
0.06842000000000001
0.06043
0.059410000000000004
0.059629999999999996
0.06085
0.06775
0.06909000000000001
0.07035
0.0802
0.25415
0.25485
0.25176
0.24759
0.25693
0.26279
0.26289
0.23252
0.10828000000000004
0.09698
0.09039
0.13812
0.11981
0.15039
0.1651
0.18054
0.20885
0.17475000000000002
0.17242000000000002
0.16870000000000002
0.15613
0.14288
0.14288
0.1521
0.1416
0.14569000000000001
0.13032
0.16363
0.1767
0.17304
0.15961
0.16559
0.31175
0.18433
0.13184
0.1022
0.089527
0.08362
0.07513
0.07312
0.07082999999999999
0.08551
0.21399
0.23073
0.23795
0.241687
0.24115
0.24798
0.23464000000000002
0.20914
0.21312
0.21834
0.20639000000000002
0.20796
0.18445999999999999
0.12295999999999999
0.1167
0.11407
0.14264000000000002
0.15112
0.14197
0.11249
0.11975999999999999
0.11517000000000001
0.11193
0.088345
0.08598900000000001
0.09641
0.10938
0.098661
0.08471000000000001
0.07193
0.04938
0.04932
0.06652999999999999
0.06556000000000001
0.0532
0.06808
0.10022
0.12518
0.07077
0.06064
0.07074
0.07965
0.07458999999999999
0.07422000000000001
0.07679
0.07269
0.16772
0.25232
0.24377
0.20401
0.0925
0.08843999999999999
0.08074999999999999
0.08307
0.20110999999999998
0.34042
0.12145999999999998
0.073
0.07153999999999999
0.07227
0.06799000000000001
0.1142
0.07251
0.06885
0.06525
0.08899
0.07408999999999999
0.07074
0.11908
0.46992
0.4720400000000001
0.39119
0.150049
0.143836
0.091511
0.082732
0.089476
0.13796100000000006
0.12464599999999998
0.124207
0.153128
0.211952
0.215732
0.238524
0.230474
0.14864899999999998
0.151256
0.17596299999999998
0.124444
0.34691999999999995
0.44231
0.14038
0.16712000000000002
0.14417
0.13177
0.1387781
0.12738
0.15259
0.17175
0.19086
0.16681
0.14282999999999998
0.32603000000000004
0.21924
0.22064000000000009
0.34027
0.286387
0.20017000000000004
0.201442
0.12433
0.14215
0.18146
0.15708699999999998
0.183221
0.21065
0.22958
0.21116999999999997
0.16174000000000002
0.381676
0.23401
0.16971000000000006
0.1402
0.14488
0.143337
0.16162999999999994
0.140929
0.17594
0.22426999999999997
0.19875
0.22555999999999995
0.183635
0.20678
0.196329
0.21359
0.20016
0.188183
0.1352
0.11993
0.12574000000000002
0.12432
0.12572999999999998
0.13279999999999995
0.14551
0.252
0.25355
0.26627
0.256
0.2477310000000001
0.21399
0.21550999999999998
0.21749000000000002
0.26468
0.24336
0.23533
0.22818
0.22921
0.23067
0.22718
0.23307
0.23527
0.23781999999999998
0.19843
0.11554
0.1012
0.10192999999999999
0.1181
0.12323
0.13342
0.1676
0.1297
0.12616
0.1316
0.36879
0.23536
0.17428000000000002
0.34024999999999994
0.23983000000000002
0.15959500000000001
0.13532399999999994
0.144751
0.16308
0.135734
0.20217000000000002
0.18857000000000002
0.168006
0.21678000000000006
0.178562
0.28814
0.23885
0.20294
0.16333
0.17816
0.21698
0.15555999999999998
0.16978
0.14611999999999994
0.32716
0.3337
0.32420000000000004
0.31089
0.31834
0.3174
0.33511
0.32416999999999996
0.4077
0.24615
0.30299
0.30893000000000004
0.28669
0.28537
0.29476
0.2808
0.23657
0.32559
0.13524999999999998
0.10614
0.10523
0.14745
0.10645000000000003
0.09436
0.1557691
0.14655
0.14783000000000002
0.15399000000000002
0.10974
0.1012
0.09637000000000001
0.34806
0.3496
0.42854
0.44068
0.33228
0.447375
0.466175
0.47159
0.4753
0.47263
0.44394
0.44442
0.39056
0.28252
0.329679
0.3443
0.34607
0.35779999999999995
0.460302
0.4644900000000001
0.31071
0.29543
0.30855
0.4203
0.4521600000000001
0.31046
0.16886900000000002
0.145653
0.0953837
0.14649840000000006
0.1669894
0.1696356
0.15392460000000002
0.1463065
0.21290370000000008
0.2140424
0.2035822
0.2280541
0.27224632
0.31804
0.35184399999999993
0.4036816
0.39305
0.316323
0.283501
0.28291700000000003
0.298241
0.307721
0.28736659999999997
0.30248800000000003
0.3104
0.216116
0.18756199999999998
0.132688
0.12337750000000001
0.1414281
0.1185576
0.1209382
0.15509199999999998
0.14073339999999998
0.11494069999999999
0.17355700000000002
0.307456
0.302694
0.294619
0.30700200000000005
0.261261
0.243044
0.2586622
0.241987
0.260947
0.240631
0.239693
0.18096500000000001
0.108993
0.1268667
0.12041439999999998
0.1433558
0.1451398
0.1915695
0.180175
0.1703583
0.1440007
0.16430999999999998
0.16666460000000002
0.385794
0.2572450000000001
0.241893
0.251593
0.2640875
0.29629500000000003
0.28691300000000003
0.249896
0.283407
0.226955
0.25923300000000005
0.263454
0.364164
0.3115860000000001
0.304054
0.28403740000000005
0.2747063000000001
0.16674599999999998
0.08328789999999997
0.1266192
0.111242
0.11264789999999998
0.215652
0.34433800000000003
0.2818570000000001
0.296312
0.31124
0.289354
0.23773200000000003
0.254029
0.237384
0.278115
0.264725
0.267733
0.263303
0.311161
0.301531
0.25741899999999995
0.310828
0.295926
0.2913579999999999
0.30326400000000003
0.29949800000000004
0.30889700000000003
0.296419
0.297306
0.2643125
0.27924099999999996
0.241091
0.252101
0.286287
0.343604
0.30690300000000004
0.31966900000000004
0.25130399999999997
0.294559
0.31176370000000003
0.287903
0.28055800000000003
0.258236
0.261034
0.279049
0.28089600000000003
0.293553
0.283846
0.3039060000000001
0.295004
0.33060900000000004
0.3047110000000001
0.259533
0.3122833099999999
0.2823094999999999
0.24538954
0.287571
0.26240300000000005
0.271358
0.280495
0.28908259999999997
0.2813691
0.27795220000000004
0.26001099999999994
0.2675765
0.2881458
0.25752600000000003
0.2912098
0.2788838
0.26772379999999996
0.2881384
0.29858900000000005
0.2985526
0.31213699999999994
0.3340970000000001
0.2790400000000001
0.31901799999999997
0.34370500000000004
0.34999600000000003
0.337069
0.33683300000000005
0.31659600000000004
0.3168360000000001
0.34062800000000004
0.308235
0.311015
0.3216090000000001
0.31400500000000003
0.25732920000000004
0.272468
0.31222700000000003
0.2996230000000001
0.303746
0.31545500000000004
0.330835
0.343195
0.3121030000000001
0.3390050000000001
0.33102000000000004
0.321311
0.322008
0.284043
0.27675720000000004
0.29606600000000005
0.292529
0.2793089999999999
0.26452200000000003
0.249752
0.23585700000000004
0.27324
0.2996120000000001
0.3020680000000001
0.322881
0.29605600000000004
0.31754400000000005
0.298781
0.281912
0.2984509999999999
0.28426900000000005
0.28675300000000004
0.297279
0.31132400000000005
0.34545400000000004
0.345039
0.311775
0.3039
0.309999
0.347333
0.339408
0.33505
0.33110500000000004
0.31790100000000004
0.32254999999999995
0.327831
0.317227
0.30932200000000004
0.31930000000000003
0.299681
0.281141
0.339717
0.321837
0.29981500000000005
0.305551
0.28042900000000004
0.29973579999999994
0.302284
0.30459600000000003
0.317947
0.304989
0.30089499999999997
0.332539
0.313243
0.323864
0.313964
0.3123760000000001
0.2922637
0.32245840000000003
0.30982509999999996
0.3236083999999999
0.3158219
0.30428700000000003
0.3124776
0.30115349999999996
0.3057566
0.3311154000000001
0.2954937
0.3187683
0.29546160000000005
0.2895975
0.3290988
0.3523420000000001
0.34089840000000005
0.30523340000000004
0.3183861
0.3457640000000001
0.330881
0.3430433
0.3194169000000001
0.31354000000000004
0.31497670000000005
0.3236451000000001
0.3084261
0.3159678
0.2934505
0.3066067
0.27586350000000004
0.30537790000000004
0.3674724
0.3054795
0.31731989999999993
0.34584589999999993
0.30078980000000005
0.2937602
0.28994970000000003
0.2952199
0.29672839999999995
0.2817177
0.3220318999999999
0.30999550000000003
0.33043979999999995
0.2566256
0.36029479999999997
0.3573289
0.3136308
0.29774509999999993
0.27068600000000004
0.28972590000000004
0.30117409999999994
0.3281336
0.30090079999999997
0.33118630000000004
0.30088400000000004
0.1820318
0.14642109999999994
0.133475
0.15351810000000002
0.21688579999999996
0.4785133000000001
0.4783738
0.4680206
0.4685134
0.418454
0.3978616
0.4729148
0.4727654000000001
0.4481992
0.4739896
0.3914384
0.4420831
0.4277398
0.32022209999999995
0.471142937
0.4768117
0.4503688
0.4702448
0.3707535
0.4767512
0.4542081
0.3760756
0.3875394
0.3581318
0.34166459999999993
0.3657430999999999
0.3690357000000001
0.3845045999999999
0.33969770000000005
0.327443
0.32746099999999995
0.34357920000000003
0.31949429999999995
0.3547717999999999
0.3556037
0.3784148
0.36002290000000003
0.3370829
0.3226077
0.26899629999999997
0.17253049999999998
0.17201899999999998
0.16203910000000002
0.15352880000000002
0.15284389999999998
0.16323110000000002
0.15582449999999998
0.16656459999999998
0.121732
0.119798
0.1553359
0.1606122
0.105114
0.1157763
0.19225970000000006
0.1917893
0.2006483
0.15679179999999998
0.1479498
0.16892089999999998
0.16622359999999994
0.0981765
0.21923310000000001
0.3011949
0.4678079000000001
0.423774
0.4701702999999999
0.3683701
0.29823390000000005
0.3850138
0.31299710000000003
0.24219810000000006
0.28411679999999995
0.41564670000000004
0.32337530000000003
0.4427536
0.467596
0.4703418
0.4676861
0.4458728
0.40302
0.3657556
0.46524269999999995
0.4653433
0.4742765000000001
0.4444456
0.4557547000000001
0.35703290000000004
0.3714028
0.3132981
0.3480461
0.3857386
0.4333343
0.44508329999999996
0.4334067
0.3466223
0.3085961
0.4077146
0.4325051000000001
0.3491027
0.400321
0.4678959
0.4675393
0.4700484
0.431403
0.4382003
0.3804259
0.4735688
0.4755919
0.4742421
0.4544353
0.400547
0.3487892
0.32815500000000003
0.37140300000000004
0.4600302
0.4683474
0.4716098
0.4304926
0.4552630999999999
0.35905479999999995
0.3373857
0.34699280000000005
0.4414113
0.4460093
0.454094029
0.4781695999999999
0.4795775
0.4793299
0.4724043000000001
0.476984
0.4522270000000001
0.4634142
0.4802104999999999
0.47944609999999993
0.4632732
0.4690906
0.3714906
0.3491680999999999
0.3473882999999999
0.3213781000000001
0.3699049
0.3934094
0.37645300000000004
0.39612
0.3799949
0.472774
0.4757451
0.47646009999999994
0.4413723
0.4495839
0.4033897
0.4727522
0.47546689999999997
0.4793547
0.4694224
0.4717005
0.37737509999999996
0.4687920999999999
0.4727146
0.47551099999999996
0.4310062000000001
0.4413483
0.3828528000000001
0.44962529999999995
0.444455
0.35099129999999995
0.43746090000000004
0.4581071
0.4522063
0.3747153999999999
0.4261634
0.4276882000000001
0.432653
0.3988058
0.3551776
0.3714826000000001
0.3800651
0.4031705
0.4043398
0.384943
0.3677227999999999
0.3781856000000001
0.3837985
0.3520362
0.319919
0.3930285000000001
0.44120820000000005
0.4693899
0.3296092
0.3333389
0.4056257
0.4477016999999999
0.4414505
0.4385976
0.31000809999999995
0.3949231
0.47107730000000003
0.47189
0.4611557
0.4606233
0.4188613000000001
0.32533740000000005
0.3704647
0.3611128000000001
0.3350105
0.33864720000000004
0.31436200000000003
0.31085690000000005
0.2933867
0.3286856
0.4023443
0.3415565
0.4091925
0.4719928000000001
0.47642799999999996
0.4769141
0.44797650000000006
0.4665255
0.3708199
0.426051
0.4470835999999999
0.4334852
0.3661172
0.4695983
0.477763
0.4772883
0.4473498
0.4519307
0.3964022000000001
0.4743726
0.4778890000000001
0.4589133
0.4717049
0.3828241
0.31720940000000003
0.298129
0.3344493
0.3299808
0.3700395
0.4019950000000001
0.44770329999999997
0.4569443000000001
0.458799
0.4089556
0.4693854
0.46128290000000005
0.4666399000000001
0.4535874
0.4460773
0.3855155000000001
0.4643725
0.4658911
0.4632861
0.4415698
0.4085869
0.3408987
0.3437156
0.3813529000000001
0.4548918000000001
0.45491990000000004
0.42928469999999996
0.30113650000000003
0.3561709
0.3217051
0.286519
0.27851659999999995
0.2896478
0.28716600000000003
0.2853723
0.29174479999999997
0.28100010000000003
0.3029585
0.1762035
0.15033600000000005
0.15735909999999995
0.16058209999999998
0.2190431
0.1928054
0.2918026
0.33420609999999995
0.35059
0.35046510000000003
0.3691353
0.3590888
0.2938618000000001
0.28828439999999994
0.32742740000000004
0.32826409999999995
0.3558026
0.3730659000000001
0.2753461
0.14244300000000001
0.1380428
0.14041410000000004
0.1166952
0.1613985
0.1996021
0.2119657
0.229654
0.1392183
0.18227929999999998
0.2431896
0.324824
0.3639909000000001
0.3478645
0.3455614
0.4540027
0.3959291
0.33880940000000004
0.35380900000000004
0.376974
0.35600279999999995
0.3283106000000001
0.3731998
0.2952617
0.4228989
0.4544574999999999
0.4335146
0.17854720000000002
0.1290279
0.13656680000000002
0.15239489999999994
0.1356196
0.12391019999999997
0.11871199999999997
0.13067930000000005
0.29878259999999995
0.33507269999999995
0.32709419999999995
0.33674219999999994
0.3239286000000001
0.26429990000000003
0.2783168
0.31539530000000005
0.35046349999999993
0.3289191
0.4025661
0.4452763
0.449609
0.24242539999999999
0.11455850000000001
0.12885100000000002
0.1118194
0.1907325
0.1881327
0.2010919
0.2070053
0.21364320000000003
0.1681425
0.17467220000000006
0.2516773
0.27219849999999995
0.34053340000000004
0.3712648
0.4398589
0.438071
0.3027499
0.32479649999999993
0.2633724
0.311167
0.33409759999999994
0.31088550000000004
0.4421327000000001
0.4538914000000001
0.3474466000000001
0.4496399
0.469398
0.468207
0.4490153
0.4070086000000001
0.396731
0.4675997
0.47084560000000003
0.4377316
0.4239354
0.24705410000000005
0.30650419999999995
0.28698289999999993
0.3242753
0.31106880000000003
0.26218830000000004
0.381808
0.47373180000000004
0.4775741
0.4254189
0.44421809999999995
0.3319621
0.4330920999999999
0.4369662
0.2829893
0.4629884
0.469836
0.4663365
0.4443833
0.4415449000000001
0.3793261000000001
0.46484
0.46974079999999996
0.4723865
0.44163559999999996
0.4494262
0.33044300000000004
0.34709720000000005
0.2698764
0.2633318000000001
0.37435419999999997
0.44375509999999996
0.437835
0.341609
0.3386586
0.337971
0.32680609999999993
0.3051844
0.32181000000000004
0.2863132
0.4587444000000001
0.4695208
0.4680527
0.4300863
0.4687725
0.3449281
0.4397526
0.41140509999999997
0.4276009
0.41343779999999997
0.3592406
0.3655541
0.3560051
0.2571988000000001
0.2511242
0.2830526
0.31581859999999995
0.34812629999999994
0.3503812
0.2956793
0.29868560000000005
0.3704927
0.4490295999999999
0.4533326
0.4071249
0.4786526
0.47915969999999997
0.4682267
0.4450162
0.4451772
0.3609192
0.4608342000000001
0.4678214
0.4659666
0.4198681
0.4254868
0.3157689
0.362545
0.4598787
0.4428717
0.31315550000000003
0.3608321
0.28089270000000005
0.3246198
0.29073309999999997
0.3350888
0.3670369
0.3279797
0.3460707
0.35201020000000005
0.3621261
0.3387823
0.372448
0.3947537
0.3904263000000001
0.3770308
0.3960853000000001
0.3739408
0.3745831000000001
0.365158
0.3287165
0.4696281000000001
0.4404260999999999
0.4737826
0.4025594
0.34808130000000004
0.3978508
0.4731659000000001
0.4754618000000001
0.4757856999999999
0.4429461
0.4731251
0.43702420000000003
0.4003295
0.4425978
0.4230948000000001
0.3991943
0.37117659999999997
0.3849297
0.3941006
0.3582607
0.3796852000000001
0.36465240000000004
0.3205136
0.2765908
0.30123449999999996
0.27415729999999994
0.3332549
0.3018677
0.33648690000000003
0.32302049999999993
0.3336775
0.4234791
0.4486137000000001
0.4408781
0.35237529999999995
0.4579907
0.4624825
0.4678314
0.4055101999999999
0.44057929999999995
0.3278764
0.4628777
0.4749108
0.4729136000000001
0.4716247
0.4414338000000001
0.45846
0.36600920000000003
0.31780430000000004
0.3227215
0.40535140000000003
0.18099920000000005
0.3747905
0.3644630999999999
0.360829
0.3658686
0.3475683
0.3542944000000001
0.3715887
0.30175519999999995
0.34521889999999994
0.3689505
0.3589562
0.3589544
0.3474943
0.3630363
0.3115643
0.2987454
0.3392382
0.3455631
0.3538853
0.2942966
0.32006
0.3468182
0.27369790000000005
0.2869584000000001
0.3003294
0.3382728
0.35196500000000003
0.31559590000000004
0.3229677
0.3328368
0.27848340000000005
0.2915047
0.3638648
0.46089709999999995
0.4256317
0.3505749
0.3860168
0.381944
0.3636351
0.4252805000000001
0.4030356
0.34818140000000003
0.29707919999999993
0.3034103
0.325591
0.3496736
0.3730213
0.3743652
0.4092597
0.3982406
0.4041309
0.4145182
0.4184095000000001
0.17945719999999998
0.17523709999999998
0.1833172
0.15183670000000002
0.190886
0.28521300000000005
0.2944950000000001
0.33294359999999995
0.319198
0.3461070000000001
0.3172285
0.3000282000000001
0.3031429
0.2606290000000001
0.2921168999999999
0.2984912
0.2520141
0.1677128
0.27132670000000003
0.3179033000000001
0.3123458
0.3170627
0.4157625
0.2031457
0.16364949999999998
0.11401949999999995
0.192989
0.2065073
0.2170141
0.2511397
0.2950320000000001
0.3108291
0.30217360000000004
0.3283375
0.31097659999999994
0.31467130000000004
0.3052015
0.29385340000000004
0.405709
0.3962711
0.3970747
0.17684209999999995
0.2080856
0.2044507
0.19613870000000005
0.1890012
0.1874707
0.20331400000000002
0.179855
0.2059494
0.17309999999999998
0.1814063
0.15497149999999998
0.26894100000000004
0.1858135
0.1727977
0.23827870000000004
0.382673
0.4237300000000001
0.4459057999999999
0.4630101
0.4263469000000001
0.3328707000000001
0.3624994
0.374495
0.4430183999999999
0.4298486
0.2167084
0.1640512
0.4647513
0.47632420000000003
0.4807812000000001
0.4773854
0.439666
0.4779648
0.4260310000000001
0.3844033
0.4749125
0.4718486
0.4606441000000001
0.4693312
0.4230933
0.4709876000000001
0.4369470000000001
0.3981423
0.4739352
0.4767559
0.4750337000000001
0.4711829000000001
0.4729784000000001
0.4315313
0.4559497
0.362579
0.3811194000000001
0.416079
0.452554
0.445929
0.3344492
0.3792639
0.3637852
0.3502574
0.370308
0.3863118
0.33544500000000005
0.3913433999999999
0.4450541000000001
0.4404920000000001
0.4504329000000001
0.45717399999999997
0.440346
0.37450429999999996
0.4782137000000001
0.4777733000000001
0.4771195
0.4768367
0.4401204000000001
0.4429211
0.35396700000000003
0.374893
0.339511
0.383343
0.35191
0.34236550000000004
0.442386
0.463217
0.457322
0.371692
0.4092046
0.4086575
0.4187774
0.46244700000000005
0.4073584
0.3796507000000001
0.4333649000000001
0.4766623
0.4737119000000001
0.47638800000000003
0.4667245999999999
0.44254340000000003
0.4336781
0.3496607
0.35376670000000005
0.4248207000000001
0.4078524000000001
0.3728428
0.42242929999999995
0.113129
0.29831199999999997
0.409788
0.448725
0.427525
0.311541
0.33096
0.4680575
0.4781079000000001
0.4782979000000001
0.4754254
0.4449884
0.4688965
0.4470206000000001
0.39457770000000003
0.47176949999999995
0.4767540000000001
0.4774615
0.4725306
0.4366150000000001
0.45904861
0.38382394
0.34817383
0.36161427
0.37026909999999996
0.37888879999999997
0.3801219999999999
0.3620783999999999
0.440086
0.4487930000000001
0.434745
0.364503
0.4686103
0.4718869000000001
0.4751334
0.474869
0.428321
0.4780305
0.4311680000000001
0.40508
0.4601678000000001
0.4659533
0.46733159999999996
0.46665390000000007
0.3945299
0.4680598
0.416102
0.4227
0.452733
0.454917
0.364416
0.265698
0.312136
0.430396
0.4642702
0.4594322
0.4624636000000001
0.4622411
0.4138759999999999
0.4357039000000001
0.4630905
0.4269060000000001
0.4103397
0.4594210999999999
0.4651023
0.4525363
0.468883
0.4413293
0.4522080000000001
0.372319
0.31113499999999994
0.40026799999999996
0.425281
0.4566190000000001
0.37681
0.4059099999999999
0.4737928
0.4716760999999999
0.4785503999999999
0.4726431
0.40023
0.4175349999999999
0.39954
0.42166359999999997
0.4316723000000001
0.4459779999999999
0.434202
0.4636786
0.379772
0.45287089999999997
0.370901
0.325851
0.372804
0.433555
0.410442
0.024319999999999998
0.0
0.27332
0.307373
0.343175
0.37463
0.38104899999999997
0.375382
0.295862
0.26577399999999995
0.269227
0.4713875
0.4096455
0.403826
0.387247
0.31049000000000004
0.42249
0.38839812
0.32964
0.20561852000000005
0.17565066
0.20178998
0.34161198
0.29542839
0.25601034
0.39881352
0.32105962
0.32378566
0.31279093
0.25764499999999996
0.428169
0.301487
0.22239
0.20322300000000001
0.179615
0.1191628
0.1284638
0.10031110000000001
0.0994636
0.097486
0.1751855
0.1175059
0.09686719999999996
0.2208764
0.18408320000000009
0.1216615
0.0457848
0.039981699999999995
0.03639250000000002
0.0392465
0.0616951
0.062299210000000015
0.2288027
0.18022233
0.16983237999999998
0.23445593
0.12467726999999998
0.26768404
0.2334732
0.21222030000000008
0.46337280000000003
0.4022315
0.2543424
0.1878019
0.2187704
0.1955449
0.1837491
0.2228304
0.13222920000000002
0.07418600000000003
0.1920628
0.20926380000000008
0.2083246
0.1921833
0.1890734
0.1817236
0.1874704
0.1894134
0.2100889
0.1971251
0.1951834
0.1871817
0.20890010000000006
0.1951629
0.09574399999999998
0.1640444
0.2346403
0.2699626
0.22386
0.2313493
0.2296614
0.2309118
0.23183160000000005
0.2537746
0.2630592
0.3069365
0.3543082000000001
0.32386439999999994
0.3266251
0.15891789999999995
0.23477510000000001
0.2238998
0.23832960000000003
0.2688897
0.2699282
0.2771217
0.2585791
0.23207840000000002
0.26419349999999997
0.21521500000000002
0.2133641
0.2415322
0.2042987
0.1988746
0.2406033
0.21013660000000006
0.17735310000000004
0.21157060000000005
0.2164522
0.06484680000000001
0.17487589999999995
0.18136010000000002
0.1237735
0.11667860000000001
0.1500501
0.13265320000000005
0.1625094
0.16044429999999998
0.14200020000000002
0.1512973
0.13034110000000002
0.15528189999999994
0.152239
0.0988831
0.10692939999999998
0.09971899999999996
0.0991307
0.1014966
0.0910392
0.08126610000000001
0.0815822
0.0962253
0.0876425
0.08003049999999999
0.10528057
0.09918844
0.08289593
0.11949029
0.12869715
0.23269555
0.28833050000000005
0.38445445
0.44873355
0.4566975999999999
0.45697545
0.45638095
0.08418070000000001
0.09074481
0.07099475
0.09141961000000004
0.11409747
0.19717812
0.32366162
0.33233692
0.30654366
0.12919876
0.15209820999999998
0.22512337
0.2369904
0.26800573
0.32085683
0.30051915
0.25990796
0.25713842
0.26216972000000005
0.25529852
0.26321752
0.2785463300000001
0.28192584
0.27641819
0.18961182
0.1975942
0.21879525
0.20459311
0.23479421
0.23102935
0.25443258
0.25785832
0.24313412000000004
0.23783242
0.24493171
0.24230992
0.29328908
0.29848358
0.2327110000000001
0.2558714
0.2314496
0.23675960000000004
0.25242960000000003
0.42162174
0.35925386
0.23037502
0.25922542
0.26107682
0.2880335200000001
0.3042753400000001
0.316422
0.30779468000000004
0.28086817000000003
0.24734336
0.21946715000000008
0.20518325
0.15163954999999998
0.1660149
0.18297110000000005
0.14154515
0.2803021
0.25766796000000003
0.23365
0.28022342
0.31559971
0.15230516
0.19194157
0.19717132
0.40096235
0.32962793
0.31035401999999995
0.29542772
0.24393936
0.24402192
0.27260747
0.31610472
0.19433195
0.19703951
0.17887458999999994
0.17170245
0.17871465000000006
0.14993535
0.13082775
0.14685720000000002
0.17872316000000005
0.12008152000000002
0.20240006
0.18065355
0.16848061000000006
0.16085191
0.16629481
0.13114135999999998
0.18352902
0.16307245
0.19381245
0.19402979
0.19880680000000006
0.21851895
0.18365005
0.13639219
0.12791499
0.14029954
0.13957304
0.09875375
0.11890879
0.12419354
0.07739025000000001
0.18825265
0.13395649
0.12480779
0.12851399000000002
0.09619305
0.20955578
0.21985288000000008
0.21289368
0.21702873
0.18917247
0.18997962000000004
0.17801772
0.19599447
0.18183656
0.17198535999999998
0.19506906
0.12510151
0.18720655
0.15455410000000006
0.13860745000000002
0.13363270000000002
0.10682495
0.15404431000000002
0.16056851
0.13395395
0.13303805000000002
0.05086949
0.1216316
0.14021005
0.09494919
0.08858144999999999
0.10268624
0.04756414
0.04989919
0.12372715
0.14677430999999996
0.16815922
0.13176326
0.09921139999999998
0.12554665
0.07500485000000001
0.14965799999999999
0.11376935
0.08565974
0.08996959
0.08428429999999999
0.1498794
0.06380115
0.15475246
0.21584768
0.19361587
0.17741242000000002
0.18217887
0.14365081000000002
0.1271042
0.14095240999999994
0.10500881
0.10914741
0.10796351
0.07350555999999997
0.14221171
0.16024587
0.12963416
0.12786172
0.13074796
0.20241172
0.17931507
0.18884568
0.15458477
0.19456836
0.21481987
0.21455992
0.13938546
0.12835826000000006
0.11909876
0.13149051
0.14006855
0.1247275
0.18138020000000002
0.13448215000000002
0.2391030100000001
0.21031671
0.18614761
0.13544791000000006
0.17278745
0.13802050000000002
0.11959240999999995
0.12438779
0.13464085
0.15652032
0.23279468
0.20679858
0.18967948
0.23875808
0.2293304300000001
0.22152462
0.26507758000000003
0.20202814
0.27185004
0.23016293
0.22472733
0.23342213
0.16037761
0.16737246
0.20616411
0.19347227
0.16786112
0.21756746
0.21239492
0.17963186999999994
0.13116081
0.14726755999999994
0.12611775
0.18573896
0.16770556999999994
0.14186826000000002
0.19377362
0.23560647
0.21094372000000008
0.1950402
0.1293507
0.226429
0.2518126
0.26397
0.2352746
0.21001039999999999
0.1953861
0.1798642
0.14351159999999996
0.20541620000000002
0.20296140000000001
0.16804280000000002
0.2172797
0.24985900000000003
0.2905478
0.23240340000000004
0.25248000000000004
0.2612376
0.26604130000000004
0.2710787
0.267724
0.24694350000000004
0.18579520000000002
0.15178529999999998
0.15579769999999998
0.15633679999999994
0.1464768
0.14860620000000002
0.13039230000000002
0.1440766
0.1264027
0.1562297
0.17337590000000005
0.17615020000000006
0.1430325
0.16949699999999998
0.169024
0.14117520000000006
0.12864359999999994
0.1547257
0.17204749999999994
0.2652872000000001
0.2766261
0.1222245
0.2401844
0.2018008
0.1939633
0.1903716
0.1635775
0.14694770000000001
0.17203230000000005
0.15621000000000002
0.24027310000000004
0.14321679999999998
0.15465079999999998
0.15860549999999998
0.10647639999999998
0.20250610000000002
0.21937519999999994
0.2763488000000001
0.268123
0.2625513
0.2858433
0.28165700000000005
0.3015661000000001
0.2991653
0.3111456
0.32484
0.3053721
0.28401042000000004
0.28632882
0.29833872
0.28599951
0.2656332
0.25049715
0.25604595
0.2626273000000001
0.21124110000000001
0.25414770000000003
0.26498540000000004
0.25750625000000005
0.20792495000000005
0.2030633
0.11367769
0.19880870000000003
0.215259
0.22695010000000002
0.2871557
0.2932377
0.21646550000000006
0.2443225
0.2234153
0.3879494
0.4007927
0.371811
0.3638049
0.27675039999999995
0.26638320000000004
0.2129453000000001
0.3439264
0.3632233
0.35758490000000004
0.40009
0.4002504000000001
0.2904982
0.30297490000000005
0.360769
0.30932350000000003
0.1819936
0.1246035
0.1230987
0.1225416
0.094674
0.24219670000000001
0.2739884
0.2534559
0.31493550000000003
0.46772759999999997
0.4816076
0.4736048
0.4433932
0.3830506
0.4766916
0.4751496
0.3647292
0.4794646
0.42140489999999997
0.35259650000000003
0.35322929999999997
0.4665406
0.4798807
0.4508514
0.4528663
0.2485778
0.27037350000000004
0.29236889999999993
0.29939940000000004
0.2874471
0.266058
0.2772413
0.3539024000000001
0.3112667
0.47157899999999997
0.4788270000000001
0.4519346
0.4301272
0.24552870000000004
0.3042128000000001
0.33078620000000003
0.4574622999999999
0.4651708
0.3880482
0.4410604
0.4417141000000001
0.4231339
0.3879704
0.4307614000000001
0.4074578
0.4460406
0.3453069999999999
0.35106269999999995
0.4390719
0.4380934
0.3235
0.4100602000000001
0.473778
0.45134250000000004
0.02408
0.01675
0.02985
0.03864
0.03381
0.03601
0.059128
0.200496
0.30785999999999997
0.002731
0.007034
0.08522019
0.13746299999999995
0.13210999999999998
0.14362000000000005
0.13915999999999998
0.06494
0.12689
0.29586
0.29807
0.304097
0.410169
0.289
0.363771
0.278847
0.13278900000000002
0.140655
0.23847
0.32904
0.30864
0.25964
0.20459
0.10772999999999999
0.09869
0.17073399999999994
0.17336500000000002
0.2246807
0.156415
0.13139
0.10163
0.12982
0.13642
0.10935
0.2326600000000001
0.22669
0.15527000000000002
0.10415
0.16348
0.15782999999999994
0.12858599999999998
0.169998
0.14068
0.12305
0.14764000000000002
0.13816099999999998
0.15735
0.18325999999999998
0.17614000000000002
0.17218
0.36918
0.26238
0.14592
0.215317
0.202134
0.218568
0.25847990000000004
0.1651519
0.12092
0.10309000000000001
0.14297
0.11358620000000001
0.085596
0.10736
0.113879
0.19685
0.26156
0.203368
0.1347743
0.1968052
0.29381999999999997
0.26051929999999995
0.1179446
0.15192
0.15325999999999998
0.10592
0.08308299999999999
0.08589110000000001
0.09546
0.1386
0.16180999999999998
0.12065639999999997
0.11271700000000001
0.11155899999999999
0.1042387
0.13672
0.10544
0.095204
0.0921917
0.08771489999999997
0.0963501
0.084884
0.17057
0.15829
0.13417869999999998
0.105472
0.1140538
0.10863580000000002
0.094903
0.108241
0.173752
0.1647354
0.165855
0.17248000000000002
0.15272999999999998
0.186834
0.16793346
0.21381
0.2063
0.1806404
0.1863211
0.39937297
0.19623
0.18137727
0.18203727
0.17089500000000002
0.16648200000000002
0.18179918
0.18564823
0.18864489999999998
0.17323300000000005
0.158889
0.15215011
0.15926297
0.16274106
0.177921
0.17897678
0.22046
0.24201
0.4652099999999999
0.45649
0.453262
0.365933
0.27304979999999995
0.241067
0.208499
0.1992285
0.21783289999999997
0.17981979999999995
0.18556641
0.219597
0.21358727
0.21546420000000002
0.209679
0.189533
0.18303
0.19124
0.180321
0.228191
0.200158
0.18714100000000009
0.24051799999999998
0.25619600000000003
0.213437
0.18769
0.20893499999999998
0.189632
0.20768700000000004
0.205383
0.211625
0.242391
0.24081599999999997
0.23864
0.239084
0.270332
0.27716500000000005
0.262669
0.194089
0.241513
0.27977
0.19289
0.4199000000000001
0.40363
0.3759
0.43906999999999996
0.3734
0.39782
0.3725
0.207575
0.250695
0.2462860000000001
0.237309
0.25906599999999996
0.244272
0.26158000000000003
0.301433
0.16450000000000006
0.187606
0.190478
0.28970700000000005
0.282507
0.282556
0.253774
0.276585
0.36001700000000003
0.323145
0.29524700000000004
0.18221700000000002
0.264089
0.231692
0.169826
0.204219
0.221572
0.251042
0.192443
0.21966100000000002
0.16096600000000005
0.11776600000000001
0.25463
0.22083000000000005
0.24164
0.40373
0.36885999999999997
0.33972
0.41831
0.34739000000000003
0.26509
0.22406500000000001
0.128395
0.2655460000000001
0.121168
0.20298900000000009
0.221594
0.25722399999999995
0.234972
0.20207999999999998
0.155737
0.160975
0.19787700000000005
0.2029060000000001
0.133364
0.192112
0.22298600000000002
0.28709
0.13366799999999998
0.242686
0.196838
0.164838
0.118897
0.209826
0.184932
0.201442
0.272467
0.124715
0.191385
0.12441
0.187726
0.155184
0.27675500000000003
0.11091
0.18954200000000004
0.11196800000000001
0.245144
0.11707
0.28417000000000003
0.40883
0.3271200000000001
0.33448
0.27924000000000004
0.34764
0.36683
0.291323
0.26494
0.25119400000000003
0.27071500000000004
0.2869299999999999
0.269245
0.312369
0.365755
0.38171700000000003
0.292153
0.304043
0.250891
0.21791100000000002
0.29992800000000003
0.34195200000000003
0.25677
0.13485200000000006
0.205743
0.13272499999999998
0.221019
0.309192
0.293335
0.272976
0.287666
0.330959
0.335443
0.34361499999999995
0.3313759999999999
0.32015200000000005
0.265065
0.34451
0.34366399999999997
0.27772199999999997
0.26168299999999994
0.4020870000000001
0.387001
0.32966
0.27325199999999994
0.394089
0.266807
0.278391
0.29186
0.307102
0.336175
0.239427
0.302859
0.37795
0.34064
0.31519
0.38516
0.38946
0.40776
0.40656
0.43124
0.40199
0.34912799999999994
0.31494099999999997
0.3565169999999999
0.308614
0.31313
0.31133
0.30266600000000005
0.28935
0.289721
0.33303199999999994
0.29009500000000005
0.2928330000000001
0.30952500000000005
0.31333700000000003
0.337404
0.3404559999999999
0.34161800000000003
0.3126020000000001
0.3166380000000001
0.28982899999999995
0.27007600000000004
0.290486
0.26967699999999994
0.302371
0.343969
0.296709
0.324141
0.27629800000000004
0.28657
0.271381
0.26321100000000003
0.27234400000000003
0.277297
0.28184000000000003
0.29106
0.28006
0.266548
0.2644297
0.2543788
0.280988
0.31421
0.31458
0.271542
0.31214000000000003
0.27461
0.2685455
0.25921079999999996
0.32219000000000003
0.32415000000000005
0.27123200000000003
0.280485
0.285099
0.2704449
0.06445000000000001
0.0343621
0.0441387
0.03825799999999999
0.065082
0.09685
0.046245
0.047990000000000005
0.1217
0.1054
0.07375979999999999
0.048870300000000005
0.054673000000000006
0.06397858
0.06619391
0.06732410000000001
0.2825603
0.2353166
0.17257521
0.1627902
0.22795732
0.2459490000000001
0.20486
0.473241
0.4753020000000001
0.4606946
0.479426
0.47585718
0.47941999999999996
0.43917
0.4447016
0.40161251
0.43786251
0.44263629
0.445867
0.4817711
0.481242
0.45092774
0.4296287
0.4376282
0.43547774
0.43908
0.46701784
0.4746628
0.4826690300000001
0.46093999999999996
0.48234940000000004
0.4824425100000001
0.48098199999999997
0.4544838299999999
0.479491
0.45663932
0.2356152
0.29239274000000004
0.278012
0.271594
0.24101259
0.29326100000000005
0.2553825
0.2347721
0.11452906000000004
0.05124011
0.054658000000000005
0.05918174
0.102941
0.0682761
0.0952212
0.105977
0.19477
0.24117
0.19137
0.14137840000000002
0.10901330000000002
0.0805423
0.0815442
0.07804630000000001
0.16931
0.07195510000000001
0.042979199999999995
0.0382251
0.0377518
0.060299900000000003
0.028405
0.034000800000000005
0.040019400000000004
0.0255686
0.0358781
0.058538
0.06189250000000001
0.1203161
0.09326269999999999
0.05151699999999999
0.045783199999999996
0.0683551
0.062106
0.08813599999999999
0.0649313
0.0536341
0.10463039999999997
0.0759937
0.1250037
0.11219460000000002
0.11085940000000001
0.07800409999999999
0.0495603
0.0786732
0.0662822
0.07847080000000001
0.08591749999999998
0.08277369999999999
0.1138494
0.1709213
0.14504509999999998
0.12256
0.15976
0.142521
0.08904999999999999
0.1011132
0.112109
0.09345
0.11103000000000003
0.14808
0.135495
0.060746
0.12628
0.23303000000000001
0.10708
0.1092
0.10138
0.13532
0.22165
0.14648000000000005
0.21450999999999998
0.18603
0.1936
0.12635
0.11861
0.08678999999999999
0.10687
0.24278
0.14188
0.07833999999999999
0.04083
0.10860999999999997
0.1058
0.026180000000000002
0.04605
0.062955
0.06921000000000001
0.10126
0.31463
0.31949
0.2848
0.10570999999999997
0.30782
0.31467
0.29601
0.21803000000000006
0.3090100000000001
0.28133
0.25355
0.27224000000000004
0.27162
0.31210000000000004
0.22689
0.21658000000000002
0.26358000000000004
0.28079
0.27212000000000003
0.25404
0.31477
0.32918000000000003
0.19945
0.28302000000000005
0.15755
0.23725900000000003
0.3085116
0.27313000000000004
0.25656
0.26423
0.30678000000000005
0.25876
0.19688
0.25962
0.27017
0.1944299
0.07122289999999999
0.2490595
0.18452
0.22657
0.23312
0.25411
0.29410000000000003
0.19459
0.200184
0.25542
0.20934
0.31211
0.2844
0.31244000000000005
0.28595999999999994
0.18598
0.29132
0.2433295000000001
0.22388000000000002
0.30604000000000003
0.25146
0.24947000000000005
0.27853
0.45932
0.45663
0.45794
0.35623
0.28864
0.31843
0.29565
0.25477
0.2115
0.24463000000000001
0.22255
0.23358
0.37962
0.3819
0.36517
0.3605
0.3891600000000001
0.40942
0.29224
0.27901
0.25887000000000004
0.29143
0.32606
0.26954
0.23159
0.14649
0.25334
0.23603000000000002
0.23311
0.20854
0.24138
0.25359
0.26433
0.24291
0.22487011
0.3587
0.41324
0.34415
0.44701
0.4608
0.37882
0.41473
0.460903
0.40045
0.35873
0.2329
0.191425
0.28225300000000003
0.370632
0.29886999999999997
0.34778000000000003
0.35407
0.35196
0.38599
0.35978000000000004
0.32924000000000003
0.37585999999999997
0.247822
0.231686
0.28421299999999994
0.29633000000000004
0.4221235
0.4748531
0.401461
0.4003835
0.33132949999999994
0.3639508
0.35593415
0.3635115
0.2708669
0.1928042
0.2790397
0.35269680000000003
0.2583026
0.29327800000000004
0.4417497
0.47503199999999995
0.3725178
0.33735106000000004
0.33664227
0.376128
0.45566441
0.48129488
0.482907
0.47566
0.47369727
0.38388441
0.45895
0.3008674000000001
0.34782155000000003
0.32242106000000004
0.33495534
0.349191
0.29748106
0.2055722
0.28143865999999995
0.25455485
0.26953106
0.31951
0.33532110000000004
0.3856682
0.38841534
0.4778017399999999
0.4716500000000001
0.418044
0.4782905100000001
0.4674205
0.3866882
0.39000106
0.3682673400000001
0.4301691
0.4633606
0.3581045
0.32009420000000005
0.4164216
0.4642155
0.35404309999999994
0.39731274
0.483216
0.4802980000000001
0.48099655
0.4505775
0.43226688
0.33069934
0.345333
0.35686379999999995
0.321316
0.33815288
0.380475
0.31161399999999995
0.20841906
0.20050246
0.3225674000000001
0.383959
0.481056
0.48476199999999997
0.4837139999999999
0.4713000000000001
0.4626873
0.41868
0.43227
0.4659200000000001
0.412681
0.23399
0.2654
0.36316
0.37235
0.477575
0.480523
0.372596
0.48377
0.46411
0.41573
0.44587
0.35412
0.243965
0.29026
0.44014
0.47222
0.4160600000000001
0.39574000000000004
0.46412
0.46976
0.46443999999999996
0.27704
0.4249999999999999
0.37185
0.297211
0.31936
0.34989000000000003
0.39962
0.47465
0.46977
0.42845
0.41999
0.4397099999999999
0.47447
0.478733
0.44422
0.4017720000000001
0.219755
0.440079
0.288887
0.463623
0.4773850000000001
0.4800960000000001
0.284337
0.458715
0.4755149999999999
0.481175
0.480012
0.471461
0.231412
0.456711
0.4697710000000001
0.314907
0.475178
0.292811
0.4426
0.45377
0.4530000000000001
0.47065
0.47882
0.47865
0.46038999999999997
0.40614
0.4426
0.43903
0.43749
0.4343
0.38439
0.43854
0.29916000000000004
0.3097
0.47853999999999997
0.47306000000000004
0.4517553
0.41767
0.46488
0.46915
0.480436
0.4817819999999999
0.472825
0.47058
0.4379199999999999
0.456853
0.474948
0.479167
0.47873000000000004
0.46401000000000003
0.43532
0.4415899999999999
0.467904
0.43184
0.44907
0.43249
0.44484
0.41648231
0.40290927
0.4008884
0.4173396
0.3908389
0.3842175000000001
0.349507
0.41816
0.48198
0.478917
0.4819440600000001
0.48133562
0.48199008
0.48342982
0.4810508200000001
0.48192407
0.48119099
0.4786013599999999
0.4591905399999999
0.4616662700000001
0.47303054
0.4790243599999999
0.47929531
0.4804655
0.4527105400000001
0.46630959
0.34245154
0.40683459
0.38143188
0.40064144
0.34532192
0.33573990000000004
0.19640482
0.46944387
0.47991924
0.47975692
0.33685236
0.48235798
0.4759088200000001
0.29019854
0.48003428
0.44530694
0.3395468700000001
0.48049673
0.47952468
0.35324773
0.32274296
0.4459535600000001
0.47531482
0.47002472
0.46320436
0.31039846000000004
0.18206969
0.30943029
0.19599133
0.24219982
0.32873479000000005
0.48071827
0.48182462
0.48261582
0.48347607
0.35423517
0.35986672
0.47022873
0.41694717
0.36271216
0.45273452
0.45093317
0.4550641099999999
0.3612049700000001
0.47394472
0.45659702
0.45085077
0.47876212
0.3835091900000001
0.432961
0.4054695900000001
0.3672026900000001
0.29053908999999994
0.35137653
0.42771755
0.44782991
0.45071246
0.46373735
0.46262526
0.4585984100000001
0.45225225
0.4462134
0.46739064
0.47750995
0.4786860899999999
0.46798094
0.36859489
0.4635415900000001
0.46043384
0.46526985
0.45101805
0.4706125900000001
0.4787509
0.47931345
0.4794012500000001
0.47858015
0.40091237
0.42763271
0.4247302500000001
0.41064249
0.44963715
0.4771499000000001
0.4828548500000001
0.4802659500000001
0.4757347500000001
0.46785228
0.41058932
0.46313392
0.40147377
0.38152783
0.26558603000000003
0.47000169
0.4691872
0.47104014
0.4702331400000001
0.46392486
0.40132235
0.4820233000000001
0.48194985
0.48074771
0.4800887
0.47732306
0.4764279000000001
0.4791534600000001
0.4800192
0.4700005700000001
0.47570015
0.48204605
0.41852412
0.46685932
0.4649767
0.47589725
0.47019689
0.47327849
0.3970287300000001
0.44062271
0.47165681
0.46876778
0.46808909
0.41106409
0.47844793
0.47916529
0.4807701999999999
0.4782753999999999
0.47663075
0.4599716500000001
0.4208895800000001
0.4767231499999999
0.4799246
0.44682633
0.46734759
0.44591062
0.46702788
0.44237477
0.3968009
0.44401196
0.4780324500000001
0.43865179
0.37488635
0.3710242
0.3314417499999999
0.23505817
0.32750924
0.33737323
0.4746142999999999
0.47016645
0.47730646
0.46967801
0.28728331
0.17902029999999994
0.44166668
0.46987254
0.47035893
0.44623296
0.46279146
0.42391996
0.47660159999999996
0.4780977499999999
0.4663004
0.46557649
0.45481815
0.39592911
0.31519979
0.37234456
0.45023546
0.4792328300000001
0.45117803
0.3860257600000001
0.3928917500000001
0.34428365
0.38772417
0.18704291
0.24408691
0.20860139000000005
0.28552791
0.28201529999999997
0.26299065000000005
0.2335234900000001
0.30920619
0.44259035
0.4803545500000001
0.48199295
0.43688071
0.47753135
0.4809302
0.47622798
0.4551457299999999
0.41746133
0.4573665200000001
0.4815398500000001
0.4831647499999999
0.4801013499999999
0.4815864099999999
0.47968710000000003
0.32801452
0.46211144
0.45501044
0.4300136700000001
0.45390739
0.43614099
0.46869477
0.32416669
0.30882198999999994
0.24460522
0.4122891800000001
0.44577934
0.44202522
0.35807709000000004
0.17381209000000006
0.19392328
0.42688041
0.41372635
0.4334108199999999
0.43372277
0.44271577
0.46129615
0.46091511
0.46932611
0.46639605
0.4661506100000001
0.43192695
0.46004651
0.45866725
0.4584634
0.4691923100000001
0.46867395
0.4717695000000001
0.4680112099999999
0.47433846
0.4789864700000001
0.4762982100000001
0.46816641
0.47728246
0.4792542699999999
0.4760278699999999
0.46888346
0.46557246
0.46757496
0.44573005
0.38676702
0.39323632
0.4469124899999999
0.41808688
0.39006979
0.4036505
0.3951164700000001
0.43100332
0.44864671
0.46441146
0.45535331
0.4691656
0.47177626
0.47443572
0.47099042
0.47945962
0.46750357
0.4772814300000001
0.48074927
0.48186357
0.48151032
0.4740080600000001
0.4638239000000001
0.45697445
0.34048136999999995
0.36043422
0.40495892
0.35455020000000004
0.37419981
0.40821062
0.36972018
0.430624
0.4068224000000001
0.3789412
0.4629157999999999
0.4538817
0.4662338
0.46404540000000005
0.4804341999999999
0.4690406
0.4803924
0.4678582000000001
0.4623705999999999
0.4455076
0.4771628
0.4743942
0.4792391999999999
0.4696706000000001
0.4774074
0.4789985
0.3984144
0.3612112
0.3702967
0.3798305
0.3613095
0.4032303
0.37170036
0.40366799999999997
0.4200167
0.3888848
0.2883821
0.4811704000000001
0.4814702
0.4796081
0.4824702
0.4631398
0.3692883
0.4754933
0.4733627999999999
0.4710045
0.4254319
0.3703994000000001
0.3768266
0.35580090000000003
0.2209895
0.3715888
0.295865
0.3652276
0.21064259999999999
0.408839
0.3873559
0.4813889
0.4787333
0.4633425000000001
0.480029
0.4562936
0.4780968
0.3986116
0.4446821
0.43112399999999995
0.4628009
0.4318485
0.3808988
0.3934486
0.4369316
0.38845559999999996
0.17685489999999998
0.1761996
0.2305208
0.32791220000000004
0.2607214
0.3445404
0.325758
0.33092530000000003
0.280882
0.0813237
0.2341095400000001
0.3637027000000001
0.34545386
0.2116504
0.2556213
0.3582013
0.31021674
0.42613586
0.4782191
0.479899
0.4781661
0.46941170000000004
0.4774876
0.4396435
0.4842004
0.46378100000000005
0.4821540999999999
0.4503379
0.4708154000000001
0.4793449000000001
0.16664790000000002
0.4666070000000001
0.4677546000000001
0.4661234
0.4779270000000001
0.47523180000000004
0.474729
0.4816095
0.4385359
0.4748640999999999
0.480973
0.4431782
0.4685444000000001
0.3472915
0.47900249999999994
0.4788513
0.4749643
0.4731892
0.4790992
0.425662
0.4703792000000001
0.4510994
0.2407572
0.4717554
0.4689543
0.4815622000000001
0.4833411
0.4610343
0.48035375
0.46108068
0.4740083000000001
0.47374107
0.4787997000000001
0.30106120000000003
0.4764015700000001
0.47797905
0.4841497000000001
0.4795039800000001
0.45760268
0.4796229000000001
0.47402948
0.4749784000000001
0.4788446
0.47760837
0.4524327
0.46728630000000004
0.4691356
0.208625
0.46760690000000005
0.44838435
0.4829471799999999
0.48358108
0.4488403
0.4788134
0.4793210000000001
0.47971258
0.47705718
0.4782805000000001
0.4431803
0.4114121
0.4762982
0.4836464
0.4842317
0.48027120000000006
0.4810517800000001
0.4613465000000001
0.3738531000000001
0.4632527
0.18296735
0.46117705
0.46597120000000003
0.4637625
0.4698785
0.4817755
0.4411466
0.4800735
0.4548363
0.4531594000000001
0.4668958
0.439078
0.4305693
0.4169709
0.4370898
0.4148822
0.4216163
0.44923
0.4433058
0.4474779
0.3939142000000001
0.4825046
0.4023172
0.47725150000000005
0.3993012
0.4141303
0.13633859999999998
0.37003259999999993
0.3744606
0.48126800000000003
0.4586643
0.42655479999999996
0.3813763
0.4787177
0.4657695
0.24426869999999998
0.3660892
0.3446228
0.3882433
0.4539221
0.4612020000000001
0.457413
0.3367045
0.3364896
0.38025770000000003
0.3710910000000001
0.4564862
0.2948114
0.2908196
0.1895229
0.1546362
0.2263621
0.4721987
0.4640148
0.2531861
0.47916359999999997
0.4745035
0.4649631
0.4735043
0.481207
0.4648625
0.360476
0.4068366
0.3625858
0.2153319
0.3697883
0.34212919999999997
0.3997735
0.4149139
0.34259919999999994
0.32143219999999995
0.3484909
0.3046578
0.2832377
0.26807249999999994
0.2472764000000001
0.216691
0.23814520000000003
0.23804760000000005
0.2632801
0.2465942
0.4419684999999999
0.42866909999999997
0.4285218
0.4195635
0.4119233
0.4050561
0.4552222999999999
0.4761049999999999
0.4714616999999999
0.27567450000000004
0.45029430000000004
0.4675705
0.47801059999999995
0.4757679
0.47992650000000003
0.4613153
0.3374592
0.26931409999999995
0.27881370000000005
0.2778594
0.26844229999999997
0.2968789
0.28271290000000004
0.26217009999999996
0.43674830000000003
0.4686982
0.4713375000000001
0.4730617999999999
0.4674456
0.4207577
0.31879240000000003
0.2698458
0.2685866000000001
0.27170209999999995
0.37518720000000005
0.4702712000000001
0.4693919
0.470801
0.4637765
0.2486997
0.2041004
0.0520984
0.2513245000000001
0.34746940000000004
0.3436617
0.31061130000000003
0.3301111
0.3153343
0.4301213
0.33385970000000004
0.4232686000000001
0.4704286
0.47496579999999994
0.45932870000000003
0.4736712000000001
0.3746358
0.3987469
0.4426205
0.3054834
0.4556896
0.4541668
0.2852548999999999
0.11515979
0.25975123
0.20346599
0.22081966000000008
0.22267364
0.48052864
0.48185614
0.26304345999999995
0.4365051700000001
0.45170535
0.45659345
0.44799732
0.48014487
0.45996138
0.26132002
0.24942118
0.39581778
0.26798801
0.44139284
0.41021875
0.37973099
0.24239565
0.24546451
0.26676628
0.38687849
0.19639614
0.25776143
0.31659334
0.31341515
0.31982017
0.43324147
0.41905545
0.42898207
0.38771806
0.29366246999999995
0.42039657
0.26113502
0.3947565
0.41452916
0.30063655
0.36749906
0.3978358799999999
0.31529471
0.34129354
0.37438465
0.44116671
0.40244689
0.29305546
0.28394197
0.32946749000000003
0.26771008
0.33888292
0.35239668
0.23698737
0.26270341
0.33116533
0.33676418
0.27631655000000005
0.32302790000000003
0.25421058
0.30118727999999995
0.32202288
0.387334
0.3580804
0.3992084000000001
0.4224434
0.25995830000000003
0.3107014
0.21498320000000004
0.1297856
0.190071
0.320251
0.33819740000000004
0.4076692000000001
0.15924440000000006
0.3533706
0.4022088
0.47980779999999995
0.4570626
0.4837479
0.4772722
0.47920640000000003
0.4804159000000001
0.4778209000000001
0.3447639
0.30691836
0.4686395600000001
0.47387278
0.47473697
0.46197740000000004
0.4504965600000001
0.4405232100000001
0.46330185
0.46340585
0.46403543
0.37071674
0.46876444
0.47012295
0.46845309
0.4549576400000001
0.44761264
0.4428646000000001
0.4838413600000001
0.45982742
0.48100201
0.47943982
0.47193531
0.4609528000000001
0.47812211
0.4183900700000001
0.43717888
0.47110287
0.48207296
0.4255038700000001
0.45981295
0.29077295
0.4731435500000001
0.46625424
0.44472119
0.46795284
0.46755489
0.46970405
0.46934419
0.46709124
0.46944268
0.46477544
0.46430958
0.47109389
0.4821323
0.48389171
0.45485571
0.47573791
0.47744691
0.4758523000000001
0.42174031
0.37936306
0.4824026
0.46181096
0.47981661
0.48025027
0.46553451
0.47411707
0.47536507
0.36810035
0.3776018900000001
0.11979539000000004
0.46954905
0.46980259999999996
0.35020775
0.39283109
0.46807099
0.4799801500000001
0.47942262
0.45936645
0.4794892100000001
0.47755986
0.44543031
0.46154786
0.46124421
0.29470605
0.46895966
0.47205661
0.47147351
0.45947845
0.46435101
0.41678905
0.45760027
0.44294698
0.46855855
0.4342062
0.41961005
0.43966642
0.46073128
0.42390475
0.46285575
0.4633000000000001
0.44823527
0.41670402
0.47012842
0.39067411
0.36861756
0.39054917
0.4754807600000001
0.41761897
0.4755380700000001
0.47748002
0.47459423
0.36982343
0.31132302999999995
0.48097223
0.47741198
0.47587676
0.46849051
0.47305142
0.18086092
0.37686367
0.46115272
0.45181748
0.45246454
0.44494272
0.45651797
0.32871292
0.48011613
0.47891019
0.45149078
0.47997978
0.4804240300000001
0.4808082200000001
0.47030502
0.47835458
0.36604497
0.32826492
0.48007782
0.27724542
0.46865078
0.46365973
0.4724021799999999
0.47501967
0.47374228
0.46654798
0.47146643
0.47371073
0.47217664
0.4769331400000001
0.45893357
0.4786047800000001
0.4780606200000001
0.47796202
0.47354922
0.47259997
0.46962438
0.46663798
0.34949773
0.32763891
0.36498001
0.30677471
0.33543377
0.30957738
0.25581835
0.2414148100000001
0.27500882000000004
0.36158992
0.37906176
0.39177656
0.38545646
0.38572356
0.3787430199999999
0.39160301
0.40876586
0.3762782000000001
0.40098161
0.39468747
0.39387122
0.4223709800000001
0.4174689200000001
0.41650252
0.43933528
0.4026603100000001
0.42091526
0.41603456
0.44164327
0.41007077
0.40846061
0.42699916
0.41490311
0.39816971
0.24449291
0.40483981
0.43859397
0.4135579600000001
0.41709156
0.4105540600000001
0.41796786
0.38846415
0.43611616
0.40813781
0.4184929200000001
0.38686715
0.36091961
0.42381091
0.3461546
0.38575275
0.40586296
0.4195073700000001
0.39209571
0.36228391
0.38752255
0.34530491
0.4018198
0.41928590000000004
0.4447639000000001
0.4717649
0.4404737
0.4713768
0.25046110000000005
0.47762029999999994
0.4454688
0.30895110000000003
0.31145589999999995
0.4631341
0.4658129
0.4776746
0.477401
0.4723424000000001
0.3267399
0.4352874000000001
0.47638590000000003
0.3193466
0.4783946000000001
0.47094600000000003
0.47415640000000003
0.35792670000000004
0.4732624
0.28529209999999994
0.21386329999999998
0.35330900000000004
0.3003867000000001
0.2685714
0.3410568
0.34687579999999996
0.3339736
0.2842181
0.29319520000000004
0.1830846
0.2933082
0.4602312
0.47427870000000005
0.4564446
0.4727144
0.3589854
0.4634138
0.467817
0.4780818000000001
0.471817
0.4304032
0.4680339000000001
0.37952509999999995
0.3729066
0.4528982
0.3743634
0.48260770000000003
0.46239759999999996
0.4628659000000001
0.327367
0.3174872
0.4611918999999999
0.4689387
0.481383
0.4679346
0.4780558999999999
0.42948159999999996
0.4311102
0.4114717000000001
0.4227141
0.35840180000000005
0.4233288000000001
0.419541
0.4662601
0.4716164000000001
0.3041489
0.2975928
0.46597840000000007
0.4616982
0.3987265
0.2423629
0.3140392
0.21990720000000002
0.3211706
0.42073760000000004
0.4783969
0.4809679
0.4597387
0.4647719
0.4273690000000001
0.3798843
0.4023305
0.3895808
0.3800235
0.3409574
0.35695330000000003
0.4588277000000001
0.4739675999999999
0.382833
0.4656772
0.4687477
0.36198
0.24609560000000005
0.2387265000000001
0.10774775
0.08555600000000001
0.0905158
0.25251325
0.3475098500000001
0.43700075
0.4378435999999999
0.3475514
0.29809670000000005
0.37154770000000004
0.23804270000000002
0.17356660000000002
0.1620068
0.2294426
0.1929533
0.24532090000000004
0.29841080000000003
0.34278220000000004
0.20166589999999998
0.18265835
0.14938755
0.0890612
0.07480500000000001
0.24242475
0.2471113
0.2810877
0.2919860999999999
0.29252615000000004
0.30473685
0.282474
0.24644735
0.2234748
0.2540704
0.25247375
0.28546239999999995
0.3557962000000001
0.3346576000000001
0.3143829
0.4833270000000001
0.48240125
0.4832923
0.4763844999999999
0.4446393
0.2044298
0.35058884999999995
0.35061909999999996
0.34173359999999997
0.3467672
0.17407865
0.0978366
0.08868680000000001
0.33760500000000004
0.3941852
0.3385784000000001
0.3603107
0.3165124999999999
0.2981539
0.2796119
0.2657312
0.2939525
0.2995546
0.20265999999999998
0.2117056
0.22825160000000005
0.2356568000000001
0.4190452
0.4674538
0.44834989999999997
0.4269697
0.270116
0.426824
0.4779679
0.4796973000000001
0.4769557
0.4465716999999999
0.4605483
0.34412619999999994
0.4378897
0.4792393
0.3797621
0.472266
0.3709423
0.3278196000000001
0.4575871
0.3734628
0.4128986000000001
0.34284460000000005
0.3610859
0.3802883999999999
0.3968641
0.4102498
0.41698599999999997
0.4026491999999999
0.07580930000000001
0.06601739999999999
0.25494229999999996
0.077115
0.06934060000000003
0.4101282
0.47077650000000004
0.4818064
0.4810308
0.2619983
0.47822890000000007
0.478408
0.4534088000000001
0.4809328
0.4796992
0.4749715
0.4154414000000001
0.4761228
0.4822995
0.4810947
0.4803737
0.4776547
0.4785899
0.4506696
0.4810910000000001
0.4652810000000001
0.42918249999999997
0.4359202
0.48221549999999996
0.48068130000000003
0.4831841
0.4804562000000001
0.4738064
0.4814082
0.4705918
0.4824323
0.4752727
0.4650270000000001
0.4759245
0.4769181
0.476167
0.4758058000000001
0.4657755
0.4378875
0.4604345
0.47557209999999994
0.4765796
0.4760278
0.4777760999999999
0.4635407
0.4074182000000001
0.4826110999999999
0.4816474
0.482923
0.48345959999999993
0.4832045999999999
0.4821294
0.4783596
0.46735329999999997
0.4811121
0.4814765
0.4775057
0.4509245
0.4687960000000001
0.4779441
0.4584574000000001
0.3831141
0.4224345000000001
0.4519459000000001
0.4671558000000001
0.4732071
0.4713833000000001
0.4739526
0.40727270000000004
0.4729775
0.4822095
0.4824294
0.4823989000000001
0.482694
0.4824316000000001
0.4827465
0.4488124
0.478169
0.4807434000000001
0.4751111
0.4709504
0.470758
0.443169
0.4653924
0.4711512000000001
0.4665872999999999
0.4680073
0.3461805
0.2617585
0.3108495
0.3110478
0.102385
0.2407171
0.07891219999999999
0.2722324
0.3109673
0.2146128
0.1202934
0.2711673
0.07307920000000001
0.22482020000000005
0.1827564
0.2014131
0.41513770000000005
0.4135115
0.34759029999999996
0.26465190000000005
0.3276529
0.3565256
0.4614813
0.4399814000000001
0.4588094
0.43148
0.4677657
0.4564313
0.4292075999999999
0.3505279000000001
0.4666946
0.4730136
0.4392724
0.25157070000000004
0.18982670000000001
0.1271115
0.044808200000000006
0.17596620000000002
0.1199711
0.4005849
0.3049594
0.4368615000000001
0.3937495
0.4539101
0.3410109999999999
0.4691125
0.3863883
0.3955423000000001
0.34833450000000005
0.4246648000000001
0.4730362
0.43426590000000004
0.4454872
0.3246478
0.47163640000000007
0.4386553
0.4718077
0.3620848
0.3939525
0.1871788
0.14482720000000002
0.33092449999999995
0.4335168
0.4755918
0.4665104000000001
0.45872299999999994
0.33414530000000003
0.3775087
0.3948599
0.3630764
0.35057140000000003
0.2282928
0.2574319
0.2836225000000001
0.2018073
0.1088846
0.12455919999999998
0.14001729999999998
0.3722719
0.4240795
0.4031682
0.44174250000000004
0.4089172
0.3518243
0.2253047
0.45902570000000004
0.4701357000000001
0.4324455
0.3582935
0.32157090000000005
0.2929029
0.2433539
0.27669160000000004
0.4617835
0.4710147000000001
0.4366587000000001
0.4286249
0.2855247
0.3257365
0.23167820000000003
0.3617184000000001
0.4400384
0.4552888
0.3088031
0.19705250000000002
0.17776999999999998
0.17025235
0.1028364
0.0967276
0.1161059
0.146259
0.14276660000000002
0.2038357
0.2589338
0.3315635
0.2884157
0.33029990000000004
0.22084000000000004
0.2660611
0.25973820000000003
0.36210665
0.4670745000000001
0.44248009999999993
0.30833195
0.28558825
0.2016634
0.4344826000000001
0.4820420999999999
0.4664714
0.46045215
0.3019797
0.10685599999999999
0.0934212
0.11098859999999999
0.1363901
0.14501595
0.1877731
0.1425003
0.230683
0.24737815
0.27130665
0.3568871
0.3534182
0.2448173
0.29145485
0.30604955
0.4366875
0.45246305
0.3945704
0.1981596
0.1998308
0.3923177
0.4375554
0.4407216000000001
0.3888318
0.4347181
0.22912825
0.1383858
0.2854614
0.4701184000000001
0.4633833
0.40278315
0.471532
0.35293860000000005
0.4269398
0.41645509999999997
0.3995009
0.47219679999999997
0.4715413
0.3690536
0.34208320000000003
0.3055341
0.4143989000000001
0.4291142
0.3294223
0.4170082000000001
0.4714578999999999
0.47273177
0.43843857
0.31578015
0.12149098
0.08580507000000001
0.10319417
0.14172082000000005
0.18421103
0.2890868
0.21360744
0.21811329
0.23422083
0.28152719000000004
0.46078928
0.45586454
0.3648964000000001
0.354733
0.3520844
0.37713009999999997
0.15303060000000002
0.2018278
0.1876856
0.1284182
0.13998470000000002
0.2947445
0.2407815
0.26660617600000003
0.16904750000000002
0.4006998000000001
0.4060310000000001
0.48052259999999997
0.46123980000000003
0.4516642000000001
0.460247
0.14649420000000002
0.28635229999999995
0.37077940000000004
0.1444695
0.1819791
0.27668590000000004
0.3167913
0.33458170000000004
0.2741769
0.44738279999999997
0.4621455
0.4574236
0.3520732
0.18370599999999995
0.15071209999999996
0.15685700000000005
0.2676082
0.33788429999999997
0.4784274000000001
0.48127359999999997
0.4803257000000001
0.4736198999999999
0.341164
0.4726258
0.3073283
0.3690888
0.3798172
0.4274401
0.4603558
0.4729996
0.4462744000000001
0.41064579999999995
0.39417199999999997
0.2608587
0.24488189999999999
0.27553390000000005
0.29767990000000005
0.2835382
0.2789811
0.2177204
0.2220305
0.3733862
0.4792089
0.481836
0.4822815
0.48240370000000005
0.46974269999999996
0.4597419
0.3257067
0.2525533
0.3297696
0.3845372
0.2829029000000001
0.41390150000000003
0.4501692000000001
0.2896853
0.33996570000000004
0.3339265
0.23345820000000006
0.2006611
0.2595372
0.3949028999999999
0.318348
0.4595299
0.4724268
0.3695386000000001
0.4111281
0.3832705
0.4180586
0.313772
0.3797105
0.18826190000000004
0.40608249999999996
0.45614160000000004
0.2626903
0.4691857
0.4501654000000001
0.29941919999999994
0.1837977
0.2509177
0.1608465
0.2428341
0.32143390000000005
0.2984725
0.3953730000000001
0.4669906
0.4641563
0.4710031
0.3551954
0.1923904
0.17921060000000005
0.2403703
0.18239470000000002
0.2644938
0.3962467000000001
0.2037673
0.3259061
0.2585619
0.3916277
0.3718065
0.4653918
0.4779125
0.471338
0.4363889
0.4185261
0.339744
0.24072849999999998
0.23904070000000002
0.2029355
0.2106797
0.161619
0.1760476
0.2080439
0.2631417
0.2387011
0.1937277
0.1108729
0.1950193
0.2327159
0.3287022000000001
0.33187140000000004
0.1687287
0.1831858
0.15422339999999998
0.19285110000000005
0.4057059
0.4590021
0.4688516
0.4344770000000001
0.4357386
0.24434210000000006
0.0860722
0.117959
0.1118928
0.1648921
0.4010686
0.4724089
0.472587
0.4359599
0.4619377000000001
0.2429891
0.1922192
0.3464844000000001
0.3747777000000001
0.35172590000000004
0.3959533
0.3816755
0.43935909999999995
0.4485721
0.3063186
0.2822438
0.4066018000000001
0.4272061
0.4679639
0.465247
0.34742090000000003
0.34359880000000004
0.3390795999999999
0.3453675
0.4224412
0.32771609999999995
0.23192159999999998
0.08592169999999999
0.1256267
0.4623713
0.4761264
0.4766395000000001
0.4318295999999999
0.42765159999999997
0.33287340000000004
0.2550052
0.2694805
0.29870290000000005
0.1981977000000001
0.15802829999999998
0.2402442
0.1158481
0.29532220000000003
0.2566754
0.3894348
0.4478758
0.452849
0.3045425
0.3805690000000001
0.4465089999999999
0.4419655
0.3753155
0.3645895
0.43283140000000003
0.2899939
0.4593507000000001
0.4690794
0.4655622
0.3778780000000001
0.3813572
0.1954092000000001
0.30930055
0.464958
0.471159
0.4235243
0.4584536
0.28190315000000005
0.0751503
0.3360842
0.4751744000000001
0.4781095500000001
0.4444706
0.4554784000000001
0.35214445000000005
0.4005895
0.4576643
0.4800065000000001
0.4436402
0.453718
0.3264555
0.2436927
0.3695674000000001
0.4296794
0.40376645
0.2268099
0.2401131
0.40284735
0.4329898
0.27457000000000004
0.4314583499999999
0.45737135
0.43358850000000004
0.4317478
0.4798909000000001
0.48027095
0.4795017
0.4628586
0.4691257
0.3181097
0.4671171
0.4765102000000001
0.458117
0.4360302
0.3954111499999999
0.2147915
0.22024565
0.3738229
0.43541840000000004
0.32675400000000004
0.3080199
0.29521090000000005
0.1839537
0.15850079999999994
0.19365770000000002
0.29854
0.3213717
0.3641508
0.4547095
0.4734019999999999
0.2634945
0.15435780000000002
0.17085179999999994
0.0927886
0.3951195
0.4736875
0.4716224
0.4146899000000001
0.45164319999999997
0.3029967
0.2834513
0.424772
0.4709585
0.42914540000000007
0.298502
0.2420031
0.4053288
0.4751598
0.4542322
0.1822928000000001
0.1822302
0.2585124
0.3469475
0.480285
0.4795348999999999
0.4780877000000001
0.4093852
0.4604182000000001
0.3642293
0.3876649
0.4714026
0.4667736
0.4205216
0.4540283
0.3613554
0.25611690000000004
0.273115
0.34836409999999995
0.3478288
0.2890959
0.3435398000000001
0.3492032
0.3333914
0.3873729
0.28057009999999993
0.4483088000000001
0.443976
0.435775
0.2287413
0.2789625000000001
0.4723985
0.4777619000000001
0.3988843
0.4741955
0.4209068
0.4701275
0.3013876
0.383283
0.31968689999999994
0.4590193
0.4463579000000001
0.4000054
0.1240601
0.3328083
0.2691563
0.3384058
0.4517085000000001
0.4608295
0.4416974
0.3545393
0.3098635
0.4658877
0.4777398
0.430448
0.4218628
0.4785066
0.3877033
0.3507080000000001
0.4735239000000001
0.4723611
0.4731491
0.4545881
0.4658344
0.3429791
0.380824
0.4291073
0.43087299999999995
0.4688639000000001
0.47549250000000004
0.3976963000000001
0.42167550000000004
0.43504750000000003
0.45748820000000007
0.4164582000000001
0.3194477000000001
0.4733082
0.47956049999999995
0.40210999999999997
0.4654137
0.3508196
0.4305019000000001
0.39706959999999997
0.4746324000000001
0.4743469
0.46681409999999995
0.4801348
0.4444505999999999
0.4555264
0.2693632
0.29133640000000005
0.2112712
0.2501319
0.29847179999999995
0.3214962
0.438784
0.4471590999999999
0.435815
0.2830655
0.45225010000000004
0.3411002
0.4562111
0.23167129999999997
0.0744967
0.15112079999999994
0.2404526
0.17441289999999998
0.3071815
0.1167808
0.4180430000000001
0.3619886000000001
0.27803259999999996
0.2691148
0.2896247
0.09937130000000001
0.17213599999999998
0.1937242
0.19735229999999998
0.2025174
0.21717000000000009
0.16932239999999998
0.12524570000000002
0.0817123
0.1409206
0.4368339
0.4609244000000001
0.4375133000000001
0.1306376
0.0750577
0.08946330000000002
0.1029278
0.1114511
0.15837530000000002
0.2420679
0.2375945
0.26472850000000003
0.2646074
0.1697136
0.2193484
0.0472689
0.1359124
0.2389774
0.4281088000000001
0.4703261
0.4216852
0.1856916
0.2916101
0.4593003
0.4609525
0.4420492999999999
0.34673019999999993
0.405891
0.34246590000000005
0.32270540000000003
0.4696103
0.4087909
0.4174294
0.2806018
0.362238
0.30930630000000003
0.34930320000000004
0.2686844
0.33995390000000003
0.3615065
0.4451076
0.4678463000000001
0.4165471
0.3167812
0.3648757
0.235926
0.4600621
0.4670081
0.3748678
0.2313324
0.2448839
0.4782727
0.4815362
0.4816647
0.4584314
0.3682758
0.4149022000000001
0.4809615999999999
0.48117730000000003
0.42731620000000003
0.4728079000000001
0.4059224
0.3326599
0.3623110000000001
0.31324840000000004
0.2478672
0.3160981
0.3438837
0.25559655
0.17398800000000006
0.2113964
0.4747117000000001
0.47725575
0.47315905
0.46479269999999995
0.416729
0.1293825
0.2263362
0.4139374000000001
0.4530883000000001
0.4435499000000001
0.29468520000000004
0.1988725
0.18596685
0.1937488
0.2188789
0.1265021
0.139071
0.2392719
0.447662
0.25361870000000003
0.17590690000000006
0.21588330000000008
0.13846229999999998
0.44618305
0.4206654
0.2281936
0.13351529999999998
0.2196966
0.10706445
0.1082787
0.4260415
0.46317775
0.47877525
0.45411239999999997
0.43917515
0.3893096
0.32390919999999995
0.23265985
0.22839250000000005
0.3792045
0.47650200000000004
0.4768361
0.4373662
0.3422563999999999
0.3993335
0.4781582500000001
0.4785165
0.4334024
0.3147262000000001
0.0967683
0.08221795000000001
0.07857710000000001
0.10466700000000001
0.1536773
0.25145925
0.4743098
0.4739854
0.43751419999999996
0.4692022
0.2753166
0.1843925
0.2730955
0.3891334000000001
0.4708855
0.4563558999999999
0.2643625
0.297086
0.3180761
0.2068494
0.374882
0.4717094
0.4774939
0.4393199
0.4243135
0.17176760000000002
0.08179430000000001
0.0713417
0.1154857
0.4722249
0.4794687
0.4797098000000001
0.4297126
0.34853530000000005
0.2382936
0.4589695
0.4671766000000001
0.35061729999999997
0.453491
0.251966
0.1523962
0.4076148
0.474283
0.4744978
0.4727672000000001
0.3708799
0.4128236
0.27447320000000003
0.27115670000000003
0.2095821
0.4130468000000001
0.4799897
0.48052799999999996
0.4803814
0.3719637
0.3896460000000001
0.1832905
0.17751519999999998
0.0980677
0.08628120000000003
0.0949052
0.1091747
0.1126147
0.2968873
0.4693936
0.4768010000000001
0.4510227
0.46835889999999997
0.26389450000000003
0.2454681
0.1746007
0.0810137
0.2318158
0.4800992
0.4778744
0.45757749999999997
0.3662273
0.28719930000000005
0.11313379999999998
0.20051739999999998
0.4731455
0.4763326
0.26740240000000004
0.47595360000000003
0.45577829999999997
0.29721590000000003
0.1056193
0.06128620000000001
0.12110229999999995
0.1638883
0.122779
0.08566339999999999
0.07783929999999999
0.1168572
0.1144895
0.191308
0.14559670000000002
0.29490960000000005
0.3124616
0.32209499999999996
0.3046864
0.3711559999999999
0.347023
0.3067497
0.2459268
0.36032470000000005
0.35122309999999995
0.2573731
0.4464119000000001
0.4783018
0.4641545999999999
0.3805917
0.4595895
0.2245178
0.1702452
0.0903177
0.098553
0.17143989999999998
0.1083124
0.110166
0.0906124
0.16919479999999998
0.2338552
0.1797927
0.2094219
0.07786420000000001
0.1044103
0.12091359999999995
0.03713280000000002
0.04541560000000002
0.17120290000000002
0.060260899999999985
0.0958886
0.0350418
0.1563634
0.4748713
0.4441399
0.3868919
0.4758081
0.4690803
0.3939948
0.038763699999999984
0.0989666
0.16027629999999998
0.166909
0.1989701
0.086066
0.0319703
0.1654094
0.025285
