0.05886
0.06009000000000001
0.06008
0.05532
0.05752
0.05625000000000002
0.0522
0.050780000000000006
0.04919
0.05229
0.05844
0.07013
0.06268
0.05896000000000001
0.059779999999999986
0.05905
0.05734
0.0545
0.053279999999999994
0.05297
0.06057000000000001
0.06799
0.059779999999999986
0.052729999999999985
0.061720000000000004
0.05975
0.06
0.05694
0.05719
0.0549
0.04842
0.052370000000000014
0.05426
0.05936
0.0625
0.056029999999999996
0.05710000000000001
0.05771
0.06756999999999999
0.06967000000000001
0.06531
0.0585
0.05449999999999999
0.0542
0.05731
0.05673
0.05729
0.05255
0.054439999999999995
0.06021
0.06064
0.06214
0.06262000000000001
0.06662
0.06049
0.054540000000000005
0.04907
0.05529
0.04948999999999999
0.05421000000000002
0.05832
0.05225
0.05878000000000001
0.05777
0.04966
0.05215
0.05269
0.047439999999999996
0.05335
0.055040000000000006
0.054141
0.046083
0.045770000000000005
0.042710000000000005
0.04286
0.039798
0.04191400000000002
0.04163
0.035534
0.033244
0.035518
0.034467000000000005
0.03957
0.032614
0.033474000000000004
0.034244
0.034005
0.035873
0.036989
0.037392
0.040241000000000006
0.035920999999999995
0.028486
0.030402
0.031415
0.030171000000000007
0.031865
0.034835000000000005
0.032612999999999996
0.032159000000000014
0.028122
0.027694
0.024981000000000003
0.028552
0.028467000000000006
0.026849
0.025184
0.029440000000000008
0.031429
0.027608999999999998
0.026607
0.028988999999999997
0.031580000000000004
0.027403
0.030330000000000006
0.029038
0.026387
0.027581
0.030648
0.029428
0.028475999999999998
0.028738
0.031983000000000004
0.028477
0.02945
0.024804
0.027687
0.026483
0.031964
0.028521
0.029945
0.023929
0.026139000000000003
0.029480000000000006
0.028942000000000002
0.032889999999999996
0.034815
0.035363000000000006
0.034957
0.028755000000000006
0.029564000000000007
0.032712000000000005
0.033211000000000004
0.034641000000000005
0.035659
0.037682
0.035175000000000005
0.040557
0.036419
0.038043
0.037975999999999996
0.038268
0.044728
0.036769
0.040576
0.039471
0.03766
0.038053
0.040463
0.049679
0.043083
0.041965
0.049817
0.04808
0.050431000000000004
0.048938
0.047422000000000006
0.04181
0.041964
0.04468
0.047474
0.05159
0.049883
0.046784
0.049
0.041812
0.046177
0.05234
0.047580000000000004
0.05192000000000001
0.05532
0.05628
0.05649
0.05542
0.05682
0.05391
0.06021
0.05486
0.05916
0.05812000000000001
0.05269
0.05118
0.05879
0.05548
0.05985
0.06299
0.06161000000000001
0.06327999999999999
0.05751000000000001
0.05628999999999999
0.05976
0.060270000000000004
0.06152000000000001
0.06256
0.05574
0.05902
0.05462
0.05292
0.06696
0.06134000000000001
0.05725
0.05923
0.05313
0.05739
0.05881
0.06287000000000001
0.06636
0.06315
0.062320000000000014
0.06645999999999999
0.06344
0.05851
0.05365
0.057759999999999985
0.06359999999999999
0.06725999999999999
0.058820000000000004
0.06903
0.06214
0.06504
0.07092999999999999
0.06241
0.057999999999999996
0.06124
0.06488
0.060029999999999986
0.06113
0.06187
0.05727
0.05728
0.061980000000000014
0.06644
0.05193
0.05777
0.05419
0.05887000000000001
0.056500000000000015
0.07322999999999999
0.06395999999999999
0.05946
0.05899
0.06875
0.06695
0.06329
0.0633
0.06683
0.06885
0.05991000000000001
0.06484000000000001
0.06674
0.059189999999999986
0.05699
0.06727999999999999
0.06526
0.06247000000000001
0.05462
0.053320000000000006
0.05244
0.056970000000000014
0.05499
0.06673
0.01381
0.06325
0.060729999999999985
0.06644
0.06365
0.06456
0.0664
0.07547000000000001
0.06869
0.07578
0.06978999999999999
0.07617
0.06967999999999999
0.08191000000000001
0.07544000000000001
0.07139000000000001
0.07757
0.08553999999999999
0.07721
0.07007000000000001
0.07214
0.07318
0.06522
0.07413
0.07285
0.07789
0.07581
0.07431
0.07833999999999999
0.09122000000000001
0.09179
0.07944000000000001
0.07712000000000001
0.0723
0.08093
0.08258
0.10968
0.08466
0.08123999999999999
0.09018
0.08617999999999999
0.08569
0.08093
0.086
0.08271
0.07797000000000001
0.07846
0.08786000000000001
0.09308
0.07889
0.08181000000000001
0.07886
0.07497999999999999
0.07555999999999999
0.07126
0.07561999999999999
0.08161
0.078
0.07517
0.07376
0.07225999999999999
0.08207
0.07123
0.06955
0.07486
0.0776
0.07724
0.07379
0.0701
0.07675
0.07126
0.07602
0.06878999999999999
0.06977
0.07242
0.07138
0.06225
0.06509
0.07226
0.07632
0.05881
0.05444
0.05319
0.05759
0.05376
0.05345
0.060379999999999996
0.05201
0.048220000000000006
0.049678
0.05112
0.052785000000000006
0.051991
0.044910000000000005
0.050198000000000007
0.053784000000000005
0.047314
0.049783
0.042445
0.047042
0.05201
0.055145000000000007
0.04529
0.044582
0.04245500000000002
0.038167000000000006
0.036984
0.036678
0.034517
0.036464
0.040625
0.033710000000000004
0.03318
0.035852999999999996
0.034041
0.035480000000000005
0.036728
0.037652000000000005
0.041885000000000006
0.046658000000000005
0.035913
0.035844
0.031838
0.036428
0.036286
0.038603
0.03292
0.033757999999999996
0.036474000000000006
0.036022000000000005
0.033786000000000004
0.038744
0.03108
0.032214
0.029311
0.032448000000000005
0.033643
0.034417
0.030169
0.030931
0.02823
0.031027
0.028593000000000007
0.032560000000000006
0.032285
0.036835
0.032456
0.034729
0.033629
0.037989
0.035407999999999995
0.03243
0.029464
0.032059000000000004
0.036041
0.035789999999999995
0.03648
0.039376
0.038738
0.04103
0.040461000000000004
0.041075
0.04205
0.04129
0.048015
0.043956
0.040435000000000006
0.043063
0.045499
0.045375
0.048238
0.047624
0.047046
0.047666
0.04675
0.04585600000000002
0.050647000000000005
0.059315000000000014
0.052348
0.06649
0.05853600000000001
0.052108
0.056949
0.055561
0.051205
0.050905000000000006
0.051136
0.05656
0.060528
0.05626
0.06301000000000001
0.06558
0.058789999999999995
0.05716
0.05998
0.05646
0.06385
0.06332
0.058919999999999986
0.06027
0.06730000000000001
0.06961
0.06808
0.06803
0.06514
0.07062
0.06942999999999999
0.07232000000000001
0.06362999999999999
0.06555
0.06644
0.07000999999999999
0.07397000000000001
0.06982999999999999
0.07843
0.07386000000000001
0.07767
0.07889
0.07629
0.07357999999999999
0.07927000000000001
0.07267000000000001
0.07532
0.08664
0.07547000000000001
0.07071000000000001
0.07318000000000001
0.07944000000000001
0.07808999999999999
0.07409
0.08261
0.07937000000000001
0.07696
0.07214
0.07071000000000001
0.08032
0.07995000000000001
0.07773
0.08267000000000001
0.08492999999999999
0.07501000000000001
0.07852
0.07815
0.06919
0.091
0.08298
0.07937000000000001
0.07186000000000001
0.07379
0.07285
0.07271
0.07064000000000001
0.06938
0.06923
0.06455999999999999
0.06304
0.06704
0.07159
0.06684999999999999
0.06552000000000001
0.06851
0.07518
0.07562999999999999
0.07822
0.07016
0.06415
0.0723
0.06845
0.07334
0.06619
0.08362
0.07031
0.06482
0.06479
0.07163
0.06301999999999999
0.06829
0.08118
0.06805
0.073
0.06989
0.07651000000000001
0.07144
0.06711
0.06337999999999999
0.06006
0.05869000000000001
0.06772
0.07621
0.07772000000000001
0.069
0.059379999999999995
0.06619
0.07582
0.07364
0.06467
0.07218000000000001
0.06515
0.06622
0.06833
0.06836
0.0618
0.06271
0.06627999999999999
0.06711
0.06530999999999999
0.06235
0.06686
0.06527000000000001
0.06820999999999999
0.06595000000000001
0.06401
0.06626
0.056379999999999986
0.05591
0.057040000000000014
0.06634000000000001
0.06484999999999999
0.0683
0.06234999999999999
0.060370000000000014
0.05823
0.06827000000000001
0.07156000000000001
0.06772
0.0712
0.0693
0.06754
0.06464
0.06787
0.07843
0.07539
0.0654
0.06015
0.05759
0.06293
0.06548999999999999
0.07849
0.07211000000000001
0.07522000000000001
0.06295
0.06369
0.06752999999999999
0.07026
0.06186000000000001
0.06357
0.061739999999999996
0.06484999999999999
0.05255
0.0505
0.051370000000000006
0.05426
0.060279999999999986
0.06872
0.06772
0.05512
0.06577000000000001
0.05673
0.05451
0.05353
0.059479999999999984
0.05728
0.05716
0.055689999999999996
0.05792000000000001
0.052230000000000006
0.04621
0.051620000000000006
0.0594
0.04687
0.0536
0.04652
0.04765
0.05035
0.04439
0.04107
0.045410000000000006
0.0443
0.0422
0.0431
0.04394
0.04106
0.038847
0.037842
0.047286
0.036541000000000004
0.037998000000000004
0.034551
0.038951
0.037678
0.034181
0.033676
0.028769
0.034385
0.032262
0.032208
0.040943
0.042035
0.033665999999999995
0.033718000000000005
0.035339999999999996
0.032572000000000004
0.032813
0.033932000000000004
0.02806
0.026747000000000003
0.028980000000000002
0.026408
0.025111
0.026207
0.022276
0.02762
0.031383999999999995
0.031932999999999996
0.026587
0.033206
0.02862
0.029077
0.030829000000000002
0.02967
0.028833
0.029056
0.029894000000000007
0.027705
0.029005000000000006
0.027352
0.024967
0.029824
0.033344
0.036757
0.031678
0.037185
0.027286
0.026039
0.028534
0.029282
0.027221
0.027108
0.027057
0.029131999999999998
0.035421999999999995
0.032012
0.03512
0.031915
0.025116
0.026048
0.031931
0.033837
0.035298
0.037349
0.033471
0.033917
0.038762
0.040836
0.038954
0.041228
0.03675
0.038133
0.04343
0.047345
0.04082
0.050963
0.042112
0.041188
0.048869
0.045368
0.048969000000000006
0.04899
0.045044
0.05416000000000002
0.049608
0.050459
0.049339999999999995
0.05476
0.051829999999999994
0.047439999999999996
0.049809
0.044095
0.039707
0.043910000000000005
0.04173
0.051620000000000006
0.04895
0.04775
0.04724
0.05039
0.04559
0.05667000000000001
0.052370000000000014
0.05690000000000001
0.047950000000000007
0.05292
0.048760000000000005
0.04630000000000002
0.042330000000000007
0.04192
0.05319
0.048670000000000005
0.05086
0.04489
0.049420000000000006
0.04663
0.05718999999999999
0.06824
0.06314
0.05873
0.06564
0.06897
0.06491
0.06502999999999999
0.06570000000000001
0.058039999999999994
0.060120000000000014
0.05902
0.07172
0.07250000000000001
0.07196
0.06495000000000001
0.06138
0.05825
0.06227000000000001
0.06935000000000001
0.07293999999999999
0.07003999999999999
0.07504
0.07178
0.06999999999999999
0.06924999999999999
0.06416000000000001
0.05623
0.05346000000000002
0.06251999999999999
0.06745999999999999
0.006599
0.040714
0.033556
0.03042
0.026606
0.02356
0.02206
0.021
0.01797
0.01743
0.015719999999999998
0.014790000000000001
0.01335
0.01149
0.008926
0.008591
0.008179
0.008713
0.008926
0.00795
0.006981
0.005692
0.005249
0.004997
0.009659000000000001
0.004111999999999999
0.003578
0.0034479999999999997
0.0031739999999999997
0.0034219999999999997
0.00325
0.003193
0.003307
0.003368
0.0029980000000000002
0.00296
0.003094
0.002895
0.002884
0.002892
0.005836
0.006337000000000001
0.007626000000000002
0.006062
0.005409000000000001
0.004913000000000001
0.004497
0.004595
0.004366
0.004651
0.004635
0.004061
0.0038200000000000005
0.003971000000000001
0.004102000000000001
0.004104
0.003956
0.003697
0.003933
0.0042380000000000004
0.004309
0.004168
0.004118
0.003872
0.004242
0.0038929999999999998
0.003957
0.003942
0.003891
0.003743
0.0035399999999999997
0.003954
0.003751
0.003569
0.0033659999999999996
0.0034460000000000003
0.003586
0.0038729999999999997
0.003754
0.003738
0.004036
0.003922
0.003965
0.003981
0.003996
0.004351
0.017751000000000003
0.037212999999999996
0.054978
0.050732
0.054032
0.045359
0.050449
0.069495
0.056835000000000004
0.061275
0.070615
0.057645
0.069355
0.066268
0.059620999999999987
0.065982
0.06978000000000001
0.06631899999999999
0.058614
0.056289
0.06264800000000001
0.06483799999999999
0.060889
0.070634
0.061001
0.052824
0.047685000000000005
0.05525
0.056416999999999995
0.06052100000000001
0.078722
0.05915
0.06136000000000001
0.058178000000000014
0.048632
0.048147
0.04746
0.044427
0.045909
0.047847
0.050958
0.045881
0.042018
0.04193
0.043549
0.054943000000000006
0.059609
0.049551000000000005
0.053867999999999985
0.046581
0.043932
0.053029
0.041363
0.041191000000000005
0.044853
0.045098
0.044844
0.042416
0.040127
0.045034
0.044483999999999996
0.042599
0.0429
0.051094
0.045589
0.049252
0.045837
0.044741
0.045452
0.042096
0.038151
0.040534
0.047198
0.044204
0.047819
0.042674
0.042434
0.035305
0.042175
0.043765
0.054698000000000004
0.045768
0.037362000000000006
0.035525
0.035459000000000004
0.034861
0.04383
0.043888
0.03941700000000002
0.040136
0.041951
0.037286
0.03846
0.037391
0.038775
0.039389
0.040150000000000005
0.046531
0.047452
0.046397
0.043027
0.040992
0.038557
0.040165
0.041763
0.044108
0.039251
0.042369
0.039145
0.044239
0.045348
0.046839
0.040955000000000005
0.039473
0.045354000000000005
0.04437
0.045648
0.049582
0.047856
0.046489
0.048532
0.047092
0.048322
0.05083
0.048327999999999996
0.052529
0.060779999999999994
0.05957000000000001
0.064471
0.071653
0.071977
0.068837
0.07442900000000001
0.068575
0.070953
0.070738
0.071598
0.07619
0.08190599999999999
0.075422
0.071016
0.073518
0.07445
0.07200999999999999
0.08531
0.08303999999999999
0.07877
0.08052999999999999
0.07834999999999999
0.07961
0.08324000000000001
0.09172
0.09148
0.08804
0.08436
0.08845
0.09405
0.09595
0.09194
0.09082
0.08606000000000001
0.09257
0.10001
0.09207
0.09414
0.09654
0.13280999999999998
0.09529
0.10226
0.09154
0.1077
0.08853
0.08614
0.08517000000000001
0.10803
0.11189
0.09202
0.10243
0.09561
0.09427
0.0936
0.08785
0.08832999999999999
0.09044
0.08349000000000001
0.07980000000000001
0.08127999999999999
0.07546
0.08413999999999999
0.0881
0.07844
0.08199999999999999
0.08354
0.08574
0.09288
0.08927
0.09388
0.09235
0.11215
0.10158
0.09575
0.08990000000000001
0.08985
0.10260999999999999
0.09485
0.08562
0.087
0.08837
0.09201000000000001
0.09734
0.08582999999999999
0.0937
0.08676
0.09677
0.08827
0.08914
0.08856000000000001
0.08606
0.09665
0.10774
0.0952
0.09794
0.09374
0.1111
0.09118
0.09456
0.12017
0.11217
0.10727
0.10822
0.1066
0.10426
0.09499
0.10669
0.10008
0.0892
0.09822
0.093855
0.0985
0.10106
0.095824
0.090865
0.091397
0.102509
0.096483
0.098555
0.08788900000000001
0.08483900000000001
0.106949
0.08861000000000001
0.090758
0.099012
0.11251400000000003
0.097367
0.09038
0.091869
0.088031
0.08274899999999999
0.08416000000000001
0.072215
0.069927
0.07096799999999999
0.069755
0.07320800000000001
0.078953
0.06805
0.05284
0.044955
0.039905
0.037857
0.042072000000000005
0.038089000000000005
0.050983999999999995
0.045148
0.048023
0.044334
0.043562000000000003
0.043266000000000006
0.042849
0.049243
0.041165
0.044928
0.045728000000000005
0.043761
0.04268
0.044864
0.039785
0.039610000000000006
0.04325
0.049214
0.037117
0.02808
0.028134000000000003
0.019780000000000002
0.01816
0.01602
0.01518
0.01495
0.013059999999999999
0.0130593
0.0125365
0.016036
0.041704000000000005
0.06781000000000001
0.07803
0.07558
0.08639
0.08872000000000001
0.09399
0.08664000000000001
0.08887
0.08632999999999999
0.09909
0.09446
0.09485
0.09729000000000004
0.09909
0.09473
0.0932
0.08880999999999999
0.091
0.08087000000000001
0.08077999999999999
0.08416
0.07941999999999999
0.08921
0.07699
0.06966
0.06473
0.065624
0.06340499999999999
0.07017100000000001
0.067334
0.0711
0.07393999999999999
0.06485
0.07107000000000001
0.07432000000000001
0.06947
0.07178999999999999
0.06821
0.06467
0.06667000000000001
0.06416000000000001
0.065616
0.060499
0.05769700000000001
0.062375
0.058873
0.059565
0.055534
0.06309999999999999
0.055269000000000006
0.050383
0.049636
0.049617
0.051022000000000005
0.056158000000000007
0.051715
0.057548
0.051984
0.049468
0.046514
0.051696000000000006
0.049604
0.04824
0.053309
0.059028
0.055748000000000006
0.061977
0.050812
0.053922000000000005
0.05860700000000001
0.055547000000000006
0.052098
0.056012
0.050554
0.053581
0.050273000000000005
0.047
0.05063600000000002
0.054098
0.050342000000000005
0.053509
0.055772
0.055059000000000004
0.061681000000000014
0.063695
0.057377
0.05627000000000001
0.054699
0.046779
0.049319
0.057703999999999984
0.06346900000000001
0.06030700000000001
0.05525499999999999
0.0528
0.051417
0.052403
0.055404
0.054132000000000007
0.055057
0.055954
0.052804
0.058409
0.06278500000000001
0.059827
0.06548899999999999
0.065348
0.066701
0.073516
0.07232999999999999
0.071849
0.068222
0.064773
0.079743
0.081423
0.08157
0.075146
0.080977
0.06800400000000001
0.073764
0.069324
0.077727
0.080123
0.081219
0.0831
0.08939
0.09894
0.08710999999999999
0.10161
0.09689
0.08882000000000001
0.09712
0.08582999999999999
0.09589
0.09825
0.11435
0.09272999999999999
0.09596
0.09822
0.09821
0.09172000000000001
0.09363
0.10955
0.10800000000000001
0.09915
0.09915
0.08545
0.10540999999999999
0.09674
0.09704
0.10767
0.09854
0.09460000000000003
0.10623000000000002
0.10431
0.11975999999999999
0.09561
0.09825
0.10274000000000001
0.11979000000000001
0.09378
0.09314
0.0996
0.10653
0.10161
0.09828
0.09067
0.10156
0.11337
0.10874
0.09689
0.10089
0.08884
0.09234
0.10846
0.09952
0.11365
0.10895
0.10736
0.10685
0.10794
0.10583
0.10272
0.10397
0.10318
0.09732
0.10126
0.11124
0.10059
0.11221
0.09658
0.09625
0.09961
0.08614999999999999
0.091
0.10012
0.10461
0.11882
0.11313
0.10507
0.10782
0.11338
0.1073
0.10712
0.10342
0.10468
0.10977
0.1023
0.10492
0.0993
0.10016
0.11578
0.11801
0.13368
0.11487
0.11447000000000004
0.1289
0.11298
0.12379
0.12390999999999999
0.12725
0.12281
0.10495
0.10712
0.11392999999999999
0.11697
0.11881
0.12947999999999998
0.1237
0.13392
0.11258
0.11486
0.11286
0.1106
0.11621
0.13532
0.1214
0.14653
0.11245
0.11706
0.131
0.12379
0.11917
0.1167
0.10727
0.11716
0.13124
0.11395
0.11295
0.12700999999999998
0.11565999999999999
0.12336
0.11764
0.12224000000000004
0.11843
0.11017
0.10904
0.1185
0.12922999999999998
0.14250000000000002
0.13
0.13218
0.12427
0.12787
0.14667
0.13044
0.16689
0.14633000000000002
0.13994
0.13447
0.16147999999999998
0.15422
0.14556
0.14239000000000002
0.14106
0.12897
0.12825999999999999
0.12644
0.12793
0.14290999999999998
0.1338
0.14751
0.14970999999999998
0.14022
0.16341999999999998
0.14209000000000002
0.12869
0.1367
0.17612999999999998
0.14245
0.14531
0.15992
0.12509
0.10727
0.11496
0.1221
0.10715
0.10095
0.08753
0.10004
0.10336
0.09229
0.10349
0.09829
0.09378
0.1073
0.09823
0.09201000000000001
0.09582
0.08331000000000001
0.08260999999999999
0.08532000000000001
0.07894000000000001
0.0857
0.0794
0.07921000000000003
0.07161000000000001
0.0829
0.0843
0.07579000000000001
0.07375999999999999
0.08037000000000001
0.07949999999999999
0.08312000000000001
0.08077000000000001
0.07342
0.07155
0.0709
0.06702999999999999
0.06713
0.06326
0.06366000000000001
0.061279999999999994
0.06303999999999997
0.060591
0.059651
0.059254
0.057828
0.057911
0.05904
0.059658
0.060867999999999985
0.06471600000000001
0.053897
0.058956
0.055245
0.049024000000000005
0.055859000000000006
0.052146000000000005
0.05571400000000002
0.054784000000000006
0.051816999999999995
0.051487000000000005
0.060848
0.062009
0.056346000000000014
0.05424400000000002
0.055709
0.057273999999999985
0.05340299999999999
0.05441
0.049298
0.052526
0.05629500000000001
0.06040300000000001
0.051819000000000004
0.057474000000000004
0.05765500000000001
0.058728999999999996
0.05832
0.064336
0.05488
0.058486
0.053591999999999994
0.058552000000000014
0.053916
0.059438
0.05265
0.051287000000000006
0.049343000000000005
0.054110000000000005
0.056557
0.048204
0.046089
0.054377999999999996
0.051715
0.05483
0.052104
0.043902
0.042515
0.045768
0.047919
0.049126
0.050634
0.05161
0.054219
0.056343
0.051329
0.051464
0.048335
0.048594
0.051571000000000006
0.05426
0.050624
0.057405999999999985
0.054408000000000005
0.05907100000000001
0.06502200000000001
0.067798
0.061767999999999997
0.053929000000000005
0.060878000000000015
0.06329
0.066426
0.066315
0.059998
0.05879300000000001
0.06106
0.060749999999999985
0.06439
0.05982000000000001
0.06218000000000001
0.06209000000000001
0.0635
0.06227000000000001
0.0631
0.06772
0.06699
0.07010000000000001
0.07304000000000001
0.07714
0.07701999999999999
0.07793
0.07630999999999999
0.08538
0.08474000000000001
0.07767
0.08984
0.08670000000000001
0.08247
0.09617
0.09827000000000001
0.08728000000000001
0.08463999999999999
0.07422000000000001
0.07499000000000001
0.07382999999999999
0.07028
0.07168
0.07382999999999999
0.08004
0.07947
0.08174999999999999
0.07676000000000001
0.08027999999999999
0.08121
0.08142
0.07872
0.07174
0.07289
0.07379999999999999
0.07869
0.07998
0.07812999999999999
0.08281999999999999
0.07914
0.08071
0.06949
0.07397000000000001
0.08249
0.07848
0.08956999999999997
0.09237000000000001
0.0775
0.08186
0.08456
0.08041000000000001
0.09677
0.08966
0.08058000000000001
0.0889
0.08249000000000001
0.07621
0.08802
0.07487
0.07907
0.08922999999999999
0.08528999999999999
0.08309
0.07522000000000001
0.07561
0.07644
0.07745
0.06853
0.07375999999999999
0.06953
0.07715
0.07114000000000001
0.07794999999999999
0.08193999999999999
0.08189999999999999
0.08101
0.07403
0.07239
0.07833
0.0736
0.07247999999999999
0.07382000000000001
0.07171
0.07367
0.06974999999999999
0.07171
0.06914000000000001
0.07361000000000001
0.07529
0.08598
0.08612
0.07622000000000001
0.07153
0.07016
0.07442
0.07812999999999999
0.09241
0.08133
0.08629999999999999
0.08487
0.08413999999999999
0.08569
0.07895
0.08446999999999999
0.0833
0.08351
0.08127000000000001
0.08114
0.08406
0.07749
0.08245
0.08373000000000001
0.09133
0.08406
0.07787000000000001
0.07739
0.07495
0.07919999999999999
0.08651999999999999
0.09211
0.08755
0.07067000000000001
0.07395
0.08118999999999997
0.08282999999999999
0.08489999999999999
0.09253
0.09427
0.08202999999999999
0.0907
0.08935
0.0784
0.07794000000000001
0.08657000000000001
0.08005000000000001
0.08322
0.07456
0.07571
0.07651000000000001
0.07669
0.07089000000000001
0.08345999999999999
0.07741999999999999
0.07947000000000001
0.0738
0.07098
0.07831
0.07339999999999999
0.07629
0.07212
0.08252000000000001
0.07586
0.07232999999999999
0.07763999999999999
0.08392000000000001
0.07932
0.07711
0.07864
0.0744
0.07919999999999999
0.08118
0.07493999999999999
0.08086
0.07368
0.07019
0.07028
0.06636
0.06884
0.07303
0.07396
0.07139000000000001
0.07451
0.08093
0.07569
0.07277
0.0731
0.07296000000000001
0.08063
0.07287
0.07228000000000001
0.07071000000000001
0.06427000000000001
0.06143
0.06813
0.06736
0.06903000000000001
0.06581000000000001
0.05936
0.06217
0.07069999999999999
0.06509
0.05863
0.057129999999999986
0.05614
0.058320000000000004
0.055260000000000004
0.050861
0.05671800000000001
0.054324
0.050249
0.051084
0.051707
0.054746
0.051189
0.058666
0.053104999999999986
0.05974
0.055212
0.04925
0.049243
0.047231
0.047374
0.04889
0.049136000000000006
0.04425
0.045827
0.04575
0.047332000000000006
0.049235
0.051875
0.050653
0.045933
0.043627
0.041807
0.042957
0.041106000000000004
0.037866
0.038593
0.038843
0.04035
0.038956000000000005
0.042918
0.041608000000000006
0.047292
0.04894
0.039987
0.03837
0.04009
0.035707
0.03662
0.037804
0.043525
0.041404
0.042331
0.039481
0.041343000000000005
0.044071
0.044704
0.043019
0.042237000000000004
0.03901500000000002
0.043423
0.039343
0.03741
0.03877900000000002
0.043769999999999996
0.042443
0.042083
0.047237
0.048477
0.049205
0.050749
0.05511
0.055967
0.059371000000000014
0.053653999999999986
0.058202
0.055288
0.051698
0.053708000000000006
0.06454900000000001
0.065337
0.070828
0.062274
0.05384699999999999
0.054583000000000007
0.059215
0.059864
0.066679
0.06259999999999999
0.06266000000000001
0.06465
0.07335
0.07236000000000001
0.06575
0.06345
0.06045
0.07111999999999999
0.08121
0.07768
0.07321
0.07191
0.07993
0.08484
0.08331000000000001
0.07886000000000001
0.08507999999999999
0.07536
0.07073
0.07812000000000001
0.08155
0.07416
0.07665999999999999
0.07071000000000001
0.07081
0.0748
0.07619999999999999
0.07385
0.08102000000000001
0.07931
0.08063000000000001
0.08301000000000001
0.07677999999999999
0.07597999999999999
0.07776
0.0801
0.0809
0.08954
0.08840999999999999
0.08249
0.08927
0.09436
0.08707000000000001
0.08993999999999999
0.09635
0.08152000000000001
0.08772999999999999
0.09955
0.09226
0.09487999999999999
0.09064
0.0903
0.09635
0.09119
0.08325
0.09164
0.08881
0.08832000000000001
0.10208
0.09449
0.09924
0.08907999999999999
0.0904
0.08039
0.07797
0.08249
0.07932
0.07599
0.08585
0.08370999999999999
0.07927999999999999
0.08240999999999997
0.07973999999999999
0.07947000000000001
0.08358
0.08043
0.07887999999999999
0.07077
0.07892
0.08217999999999999
0.08041999999999999
0.07962000000000001
0.07889
0.07285
0.06906000000000001
0.08322
0.08102000000000001
0.07507
0.07565000000000001
0.07986
0.08047
0.08307
0.08215
0.07986
0.08175
0.1012
0.09723
0.07951
0.08377000000000001
0.08334
0.09482
0.09381
0.0827
0.0892
0.09134
0.08337000000000001
0.08279
0.08755
0.07318000000000001
0.06891
0.07639000000000001
0.07422000000000001
0.07682
0.08234
0.08532000000000001
0.08072
0.07962000000000001
0.07693
0.09134
0.0889
0.09683
0.08524
0.07565
0.07825
0.07458
0.06998
0.07699
0.08551
0.09152
0.07966000000000001
0.08227000000000001
0.10007
0.08694
0.10129
0.09482
0.08172
0.09842000000000001
0.10520000000000004
0.0982
0.09512
0.09265
0.08399
0.09424
0.09793
0.08899
0.08593999999999999
0.08478
0.08230000000000001
0.09393
0.09195
0.0935
0.0965
0.08765
0.08249
0.09225
0.08325000000000002
0.07937999999999999
0.08459000000000001
0.08337
0.09064
0.08764000000000001
0.08332
0.07798
0.07802999999999999
0.07782
0.07721
0.08469
0.08029
0.07901
0.07998
0.07901000000000001
0.07111
0.07579
0.07418999999999999
0.06702999999999999
0.06569
0.05922
0.05969
0.06145
0.06323000000000001
0.06477000000000001
0.0709
0.07884000000000001
0.07577
0.06452999999999999
0.05836
0.057129999999999986
0.05523
0.056163000000000005
0.051838
0.050065
0.04971
0.049013
0.04496
0.051988000000000006
0.047011
0.050384000000000005
0.057283000000000014
0.051828999999999986
0.055102
0.057402999999999996
0.05641400000000001
0.057388
0.05446
0.05320899999999999
0.050856
0.056439
0.05115
0.054908000000000005
0.046399
0.046168
0.054166
0.055185000000000005
0.055214
0.054482
0.048611
0.045769
0.049419
0.043565
0.04327
0.045527
0.042508
0.042895
0.042111
0.040964
0.043235
0.045008000000000006
0.049672
0.051224
0.043115
0.039809
0.042282
0.04711
0.046156
0.04596600000000002
0.04348
0.049448
0.044344
0.045783
0.043142
0.046474
0.04363
0.043664
0.045515
0.046107999999999996
0.043256
0.046211
0.049332
0.051766
0.043791000000000004
0.045096
0.049989000000000006
0.044686
0.044299
0.047517000000000004
0.045964
0.048409
0.054875
0.052903000000000006
0.053584000000000014
0.050501
0.050999
0.058617999999999996
0.05583
0.057624
0.055012000000000005
0.055968
0.058284
0.06081200000000001
0.062041999999999986
0.061269
0.06828699999999999
0.077698
0.06529199999999999
0.06318399999999999
0.07013
0.072078
0.06777200000000001
0.067677
0.062664
0.060962
0.06907999999999999
0.07714
0.07264
0.07571
0.06612
0.07875
0.08157
0.07198
0.07157000000000001
0.07415000000000001
0.07501000000000001
0.07783999999999999
0.08205
0.08477
0.08095
0.09229
0.1019
0.09225
0.08905
0.08282
0.08286
0.07986
0.07805
0.08703
0.08697
0.08374
0.08796999999999999
0.08601000000000003
0.08596000000000001
0.07959
0.08362
0.08163999999999999
0.08251
0.09882
0.09277
0.09115
0.09571
0.09491
0.09219
0.08875000000000001
0.08548
0.08936000000000001
0.09054
0.08603000000000001
0.09146
0.09754
0.09508
0.08578999999999999
0.08660000000000001
0.08838
0.09473
0.09857
0.09994
0.09521
0.09293
0.09305
0.09671
0.09848
0.09476
0.0896
0.08739999999999999
0.09448
0.08165
0.09625
0.0871
0.07877
0.08401
0.08383000000000003
0.08452
0.09561
0.0932
0.09748
0.09952
0.09103
0.09109
0.09082
0.09045
0.09155
0.09811
0.10629
0.09015
0.08947999999999999
0.09745
0.09667
0.09604
0.1023
0.09402
0.11039000000000002
0.10361
0.10315
0.09659
0.09212999999999999
0.09232
0.10955999999999999
0.11029
0.11045
0.10367
0.11551
0.09311
0.09393
0.09741
0.10211
0.10602
0.10761
0.10651
0.10067000000000001
0.095
0.09848
0.09973
0.11963
0.10312
0.09388
0.045380000000000004
0.03851
0.03087
0.0264
0.023773
0.019485
0.014240000000000001
0.06717000000000001
0.06373999999999999
0.062179999999999985
0.06568
0.07288
0.07322000000000001
0.09233999999999999
0.08725
0.08478
0.08287
0.09457
0.08441000000000001
0.08139
0.08066
0.08191
0.0806
0.09383999999999999
0.0968
0.09137
0.08777
0.08395999999999999
0.07919000000000001
0.09125
0.10174
0.08825000000000001
0.09446
0.09555
0.09289
0.09156
0.10446
0.09262000000000001
0.09122000000000001
0.08127000000000001
0.08853
0.09693
0.09479
0.09176
0.08993999999999999
0.08255
0.08782999999999999
0.08936000000000001
0.08892
0.08667000000000001
0.07973999999999999
0.07547000000000001
0.08133000000000001
0.08077999999999999
0.08102999999999999
0.08209
0.07678
0.07916999999999999
0.07608000000000001
0.07849
0.08517999999999999
0.0906
0.08349000000000001
0.07798
0.08545
0.08377000000000001
0.07694
0.08896
0.08596999999999999
0.09259
0.07794000000000001
0.08010999999999999
0.08817
0.07074
0.07494999999999999
0.08023000000000001
0.06564
0.06502999999999999
0.06459000000000001
0.06264
0.06511
0.06649
0.07327
0.06683
0.06252
0.06423999999999999
0.06218000000000001
0.06586
0.062070000000000014
0.06165
0.056135000000000004
0.051941
0.061355999999999994
0.063526
0.065094
0.05936000000000001
0.059940000000000014
0.056133
0.06475399999999999
0.061751
0.056629
0.060867999999999985
0.059063
0.058841
0.07173099999999999
0.06254900000000001
0.05696200000000001
0.051688000000000005
0.049534
0.055995
0.056072000000000004
0.05064199999999999
0.051573
0.048588000000000006
0.051975
0.05223
0.050454
0.049099000000000004
0.047252999999999996
0.051352999999999996
0.054798
0.052961
0.049045
0.050315
0.050988
0.051672
0.051837
0.050472
0.051182
0.04883699999999999
0.04703
0.057297
0.054398
0.053665
0.058111
0.058304999999999996
0.052027
0.05472200000000002
0.05635900000000001
0.0499
0.055486
0.061923999999999986
0.060614999999999995
0.052262
0.050012
0.051965
0.057368
0.081964
0.052185
0.05047
0.06307199999999999
0.04784
0.052263
0.049083999999999996
0.055929
0.060430999999999985
0.05835700000000001
0.058925
0.056121
0.059194000000000004
0.059841
0.05904400000000001
0.05785600000000001
0.06116400000000001
0.06186000000000001
0.059268
0.060029
0.07003999999999999
0.069579
0.074054
0.067107
0.06505000000000001
0.062895
0.08462
0.06781000000000001
0.07472000000000001
0.07186000000000001
0.07138
0.06963
0.07390999999999999
0.07662999999999999
0.07927000000000001
0.08053999999999999
0.08147
0.07875000000000001
0.08307
0.07991000000000001
0.08068
0.075
0.07343999999999999
0.08637
0.10086
0.0939
0.08404
0.08227999999999999
0.08318999999999999
0.08603
0.08968999999999999
0.10684
0.08863000000000001
0.08456999999999999
0.09076000000000001
0.09149
0.09158
0.09536
0.09033
0.08638000000000001
0.08344
0.0977
0.10171
0.09668
0.09378
0.08938
0.10437
0.09812
0.09964
0.0946
0.09146
0.08621000000000001
0.09741
0.09976000000000004
0.09518
0.09201000000000001
0.08929000000000001
0.09149000000000004
0.09162000000000001
0.09137
0.09793
0.09729
0.09146
0.08539
0.08866
0.09348
0.09659
0.09619
0.08984
0.09076
0.09167
0.08976
0.09314
0.09479
0.09103
0.09305
0.09049
0.10458
0.10342
0.09787
0.09738
0.09677
0.09265
0.10482999999999999
0.09274
0.08797999999999999
0.08813
0.08774
0.09329
0.09195
0.08810000000000001
0.08292000000000001
0.08161
0.09107
0.09378
0.08260999999999999
0.0834
0.07566
0.08080999999999999
0.08023
0.08121
0.08448
0.08188
0.08252000000000001
0.08435
0.08349000000000001
0.08222
0.08441
0.07959000000000001
0.07242000000000001
0.07577
0.07443
0.06863
0.06289
0.06398000000000001
0.07146
0.07611
0.07471
0.07037
0.0715
0.07904
0.07467000000000001
0.07042999999999999
0.0701
0.06302999999999999
0.08127000000000001
0.07518999999999999
0.06846000000000001
0.06651
0.06903
0.08807000000000001
0.08963
0.07491
0.07049
0.07138
0.06853
0.06694
0.07128999999999999
0.06955
0.06508
0.07107999999999999
0.07216
0.07145000000000001
0.0694
0.07837000000000001
0.08323
0.07882
0.07157000000000001
0.0766
0.06878000000000001
0.07889
0.0723
0.07123
0.07092000000000001
0.07055
0.07452
0.07096000000000001
0.07318
0.07799999999999999
0.07095000000000001
0.06848
0.06102000000000001
0.06091000000000001
0.06236000000000001
0.06682
0.06384999999999999
0.06622
0.06369
0.06308
0.06336
0.06161000000000001
0.06092
0.06214
0.06731999999999999
0.07483000000000001
0.06982999999999999
0.07758000000000001
0.0813
0.07782
0.07884999999999999
0.07877
0.06997
0.06641
0.06171
0.058070000000000004
0.06039
0.05795
0.04996
0.052000000000000005
0.0512
0.05395
0.05048
0.0501
0.04956
0.052120000000000014
0.050210000000000005
0.05036
0.06167
0.055220000000000005
0.05167000000000001
0.05675
0.05587
0.05566
0.05064
0.04988
0.04882
0.057999999999999996
0.05652000000000001
0.04614
0.042010000000000006
0.043050000000000005
0.04154
0.04509
0.04274
0.040098
0.041988
0.037425
0.033571000000000004
0.039063
0.038943
0.036999
0.038834
0.046311
0.039231
0.047224
0.042294
0.040052
0.038268
0.036586
0.034381999999999996
0.035283
0.033770999999999995
0.034678
0.036461
0.04234
0.0389
0.03657
0.033520999999999995
0.031875
0.032407
0.032912000000000004
0.032288
0.028848
0.029773999999999995
0.034980000000000004
0.031833999999999994
0.03227
0.033795000000000006
0.028714
0.030117999999999995
0.035194
0.035227999999999995
0.041086
0.041559
0.04339900000000002
0.036553
0.035746
0.035317
0.040935
0.033188999999999996
0.030470999999999998
0.031586
0.03117
0.03064
0.032917
0.032010000000000004
0.03261
0.039213000000000005
0.040171
0.041523000000000004
0.041811
0.044117
0.047957
0.047724
0.040761000000000006
0.047367
0.046154
0.046225
0.050224
0.046466
0.052571000000000014
0.051072
0.051457
0.051625
0.046775
0.054417999999999994
0.056184000000000005
0.052688000000000006
0.053785
0.049556
0.052586
0.051899
0.053208000000000005
0.057362
0.06126
0.053555999999999986
0.05644
0.05456
0.05286
0.05228000000000002
0.06261
0.05694
0.06456
0.06116000000000001
0.05778000000000001
0.06088
0.05937000000000001
0.054929999999999986
0.06505
0.06331
0.0661
0.06583
0.06105
0.0627
0.06784
0.05862000000000001
0.06094
0.06527999999999999
0.07748
0.07268000000000001
0.07366
0.07244
0.06498000000000001
0.06489
0.07031
0.06561
0.06807
0.06677999999999999
0.06773000000000001
0.06442
0.059029999999999985
0.06276
0.06443
0.06387999999999999
0.07049
0.06493
0.07217
0.07098
0.0784
0.07241
0.06605
0.06934
0.06867000000000001
0.06986
0.07376
0.07343999999999999
0.07257000000000001
0.0747
0.07892
0.07718
0.07416
0.07397000000000001
0.06917999999999999
0.06642999999999999
0.07416
0.07385
0.07016
0.06502999999999999
0.06696
0.06502999999999999
0.06684
0.06356
0.06495000000000001
0.06573
0.06152000000000001
0.07247999999999999
0.08342999999999999
0.0693
0.06889999999999999
0.06995
0.07968
0.07382000000000001
0.07815
0.0881
0.07742
0.07859
0.07526000000000001
0.06431
0.06762
0.06801
0.06835
0.06727999999999999
0.06608
0.0826
0.07476000000000001
0.06409000000000001
0.08813000000000001
0.08029
0.08054
0.08148
0.07662999999999999
0.08399
0.08212
0.08313
0.08016999999999999
0.07501000000000001
0.07288
0.08344
0.07184
0.06921000000000001
0.0635
0.07193000000000001
0.06988
0.07031
0.06412000000000001
0.06921000000000001
0.07019
0.065
0.06647
0.06634
0.07995000000000001
0.08811000000000001
0.07537999999999999
0.07361000000000001
0.08440999999999999
0.07461999999999999
0.08377000000000001
0.07376
0.06651
0.06415
0.07485
0.06540000000000001
0.06462999999999999
0.07357999999999999
0.07338
0.07399
0.08677
0.07211000000000001
0.07114999999999999
0.06797
0.07672000000000001
0.07665999999999999
0.077
0.07382000000000001
0.06534000000000001
0.07077
0.06607
0.06586
0.07082999999999999
0.06976
0.07311999999999999
0.07418999999999999
0.07031
0.06769
0.06720000000000001
0.07206
0.07357999999999999
0.07132000000000001
0.06271
0.07261000000000001
0.08743000000000001
0.08261
0.07941000000000001
0.07569000000000001
0.07184
0.06323
0.06152000000000001
0.06534000000000001
0.06961
0.05939
0.06271
0.06387000000000001
0.06118
0.060120000000000014
0.06534
0.06491
0.06332
0.07019
0.06097
0.057710000000000004
0.05646
0.056639999999999996
0.05899
0.06670999999999999
0.05938
0.06043
0.05578999999999999
0.05533
0.05591
0.05766
0.05611
0.05272
0.055360000000000006
0.048990000000000006
0.0524
0.05707
0.05662
0.050660000000000004
0.04725
0.045500000000000006
0.04707
0.04485
0.04768
0.04357
0.04162
0.04447
0.05222
0.053720000000000004
0.050839999999999996
0.04881
0.04613
0.046407
0.045613
0.041211000000000005
0.049634000000000005
0.043209
0.041991
0.046664
0.04739
0.046483
0.048903
0.04387
0.045108
0.042561
0.038758
0.038408
0.042778
0.048398
0.04531400000000002
0.043722
0.040923
0.036304
0.039954
0.042469
0.04254
0.037601
0.035902
0.035844
0.03867
0.03949
0.033141000000000004
0.031800999999999996
0.03157
0.034552
0.045408
0.031543
0.031143999999999998
0.028049
0.026348000000000003
0.025714
0.035936
0.039842
0.036556
0.038918
0.041348
0.041694
0.04167
0.037122
0.038027
0.035088999999999995
0.037112
0.036604000000000005
0.042117
0.037521
0.044972000000000005
0.039564
0.036307
0.040175
0.050028
0.0412
0.042224
0.043905
0.04432
0.045420999999999996
0.055691
0.047077
0.052669000000000014
0.050703
0.048563
0.0489
0.057116
0.049793
0.049594
0.053738
0.048915
0.056379999999999986
0.06405
0.0592
0.05508
0.055818000000000006
0.054103
0.060870000000000014
0.06367
0.06239
0.06573
0.061779999999999995
0.053430000000000005
0.060729999999999985
0.06335
0.05484
0.06269000000000001
0.0607
0.058900000000000015
0.061570000000000014
0.06492
0.06398
0.06685
0.06386
0.06172
0.06009
0.06166000000000001
0.0645
0.07149
0.06938
0.0714
0.08008000000000001
0.07950000000000003
0.07263
0.07662999999999999
0.07393999999999999
0.07303
0.07977999999999999
0.08826
0.0752
0.07743
0.07364
0.07871
0.08635999999999999
0.07927999999999999
0.08460000000000001
0.07452
0.07142000000000001
0.07694
0.07782
0.08111
0.08429
0.08695
0.07534
0.07687000000000001
0.08526
0.08517000000000001
0.09073
0.08453
0.08136000000000003
0.07968
0.08377000000000001
0.07907
0.094
0.08206000000000001
0.07995000000000001
0.07798
0.07405999999999999
0.07176
0.07818
0.07132000000000001
0.08007
0.09103
0.08032
0.08224
0.08617999999999999
0.08701
0.08514000000000001
0.08216000000000001
0.07261000000000001
0.07675
0.07544000000000001
0.08713
0.08026
0.08512
0.08459
0.08481000000000001
0.07791000000000001
0.08102999999999999
0.07207999999999999
0.07495
0.06731999999999999
0.06305
0.07281
0.07973999999999999
0.0686
0.06931
0.07497999999999999
0.07614
0.07101
0.06573
0.06869
0.07219999999999999
0.07434
0.07156
0.06415
0.06482
0.0791
0.07608000000000001
0.08276
0.07602
0.07146999999999999
0.06436
0.05683
0.05563
0.06741
0.05696
0.05461
0.05591
0.05881
0.06266000000000001
0.06964000000000001
0.06314
0.06042
0.05673
0.06067
0.061979999999999986
0.06348000000000001
0.06289
0.06298000000000001
0.06423999999999999
0.06359999999999999
0.06631000000000001
0.06584999999999999
0.07061
0.07343
0.062320000000000014
0.06130999999999999
0.06104
0.06341000000000001
0.06391000000000001
0.061989999999999996
0.06201
0.06064
0.06162
0.054439999999999995
0.06293
0.05548
0.05331
0.06021
0.05728
0.05639
0.055740000000000005
0.049260000000000005
0.060619999999999986
0.05594
0.06530000000000001
0.06447
0.06152000000000001
0.06215
0.06165
0.05742000000000001
0.053029999999999994
0.05909
0.056360000000000014
0.06241
0.05817000000000001
0.05755
0.060270000000000004
0.0563
0.05746
0.06244
0.06559
0.061829999999999996
0.0578
0.056860000000000015
0.05787000000000001
0.05792000000000001
0.056970000000000014
0.05371000000000002
0.0585
0.04834
0.04691000000000002
0.04699
0.05075
0.051420000000000014
0.04685
0.04654
0.05201
0.042080000000000006
0.039080000000000004
0.03882
0.0369
0.04253
0.04497999999999999
0.03952
0.036660000000000005
0.03633
0.03923
0.0389
0.03562
0.034420000000000006
0.03748
0.03994
0.035426
0.033369
0.037458
0.038072
0.036694
0.034238000000000005
0.042466000000000004
0.043658
0.046741000000000005
0.046432
0.041443
0.038637
0.04037400000000002
0.038539
0.037914
0.033681
0.033267000000000005
0.037749
0.03243
0.036965
0.033832999999999995
0.038274
0.031631
0.029877
0.032356
0.030490000000000007
0.029614
0.026901
0.026651
0.024878
0.029
0.03322
0.036091000000000005
0.037683999999999995
0.032033
0.037126
0.032473
0.029523
0.028921
0.028525
0.028104
0.027156
0.030994
0.033143000000000006
0.036998
0.03687
0.032031000000000004
0.032612
0.032606
0.02847
0.030945999999999998
0.031205000000000007
0.031572
0.030372000000000007
0.03112
0.028779
0.031549
0.026561
0.025555
0.025058
0.025288
0.026356
0.030835
0.030182
0.026341000000000003
0.027317
0.029077
0.030998
0.032107000000000004
0.032859
0.032654
0.033985
0.031063000000000007
0.031125
0.031461
0.02962
0.029202
0.029721
0.038863
0.032012000000000006
0.034138999999999996
0.03358
0.036382
0.039244
0.041766000000000005
0.03709
0.043395
0.039669
0.039683
0.037672
0.038275
0.041851
0.047999
0.043887999999999996
0.04683
0.048448000000000005
0.04259
0.042922
0.05068
0.045384
0.052058000000000014
0.047911
0.04317
0.05051
0.051620000000000006
0.05239
0.05159
0.0547
0.05901
0.055070000000000015
0.05777
0.05815999999999999
0.060360000000000004
0.05777
0.06308
0.05807
0.054770000000000006
0.05752
0.06384
0.05932000000000001
0.06906
0.058400000000000014
0.05651000000000001
0.06174
0.057429999999999995
0.05775
0.05975
0.06189
0.05731
0.05487
0.05495
0.05991000000000001
0.06708
0.05888
0.056639999999999996
0.06530999999999999
0.06441000000000001
0.05694
0.05731
0.05832
0.05434
0.06195
0.055020000000000006
0.05575
0.06916
0.05673
0.05731
0.05172
0.05640000000000001
0.06469
0.06445
0.062079999999999996
0.05607
0.054000000000000006
0.05553
0.05371
0.05039
0.04712
0.05852
0.06476
0.058129999999999994
0.0654
0.061820000000000014
0.05247
0.05458
0.06988
0.07367
0.05936000000000001
0.06222
0.06681000000000001
0.054770000000000006
0.05235
0.05151
0.0535
0.06885000000000001
0.06082000000000001
0.056060000000000006
0.05692000000000001
0.05756
0.05183
0.05902
0.056170000000000005
0.05226
0.06408
0.0569
0.05484
0.0636
0.06082000000000001
0.058760000000000014
0.05637
0.053500000000000006
0.05673
0.059439999999999986
0.054000000000000006
0.05894
0.05925
0.0571
0.05598
0.05505
0.05354
0.058920000000000014
0.0552
0.05774
0.06436
0.06875
0.06042
0.06337999999999999
0.05695
0.060029999999999986
0.05929000000000001
0.06833
0.06586
0.06613000000000001
0.06379
0.06162
0.05862000000000001
0.05679
0.053620000000000015
0.06476
0.05975
0.06667999999999999
0.06609999999999999
0.06555
0.054439999999999995
0.05636
0.05364
0.06107000000000001
0.06598
0.06912
0.0523
0.052370000000000014
0.052029999999999986
0.05231
0.051389999999999984
0.058240000000000014
0.065
0.06412000000000001
0.06557
0.0627
0.06525
0.05788
0.05308
0.05144
0.05255
0.05431999999999999
0.05383
0.05277
0.054079999999999996
0.0528
0.06018
0.06683
0.052920000000000016
0.05832
0.05725
0.057129999999999986
0.05426
0.05625
0.05777
0.06109000000000001
0.054810000000000005
0.0531
0.049760000000000006
0.05169
0.05197
0.05304
0.05164
0.06407
0.05788
0.04923
0.052239999999999995
0.05845
0.05623
0.05542
0.0515
0.04428
0.04292
0.04063
0.0383
0.04767
0.03887
0.04107
0.04143
0.04468
0.0448
0.04646
0.04187
0.03957
0.03746
0.04025
0.035324
0.04306
0.037358
0.034192
0.030994
0.030330000000000006
0.032904
0.031125
0.041627
0.035996
0.031561
0.0294
0.03255
0.030736000000000006
0.030919
0.035259
0.043427
0.04118
0.041493
0.035762
0.032561
0.034085000000000004
0.033536
0.036304
0.03160399999999998
0.028431
0.024686000000000003
0.029505
0.030831
0.027997
0.028130000000000002
0.026247000000000003
0.026810000000000004
0.032609
0.03081
0.03288
0.031271
0.028130000000000002
0.026145
0.028354
0.022916
0.028932
0.026013
0.029199
0.026179
0.026066000000000002
0.025407
0.034809
0.032737999999999996
0.030787000000000002
0.029568
0.031982
0.027739
0.028949000000000006
0.026227000000000004
0.025791
0.026005
0.026117
0.02535
0.028794
0.026115
0.028710000000000006
0.027873000000000002
0.027365
0.026982
0.030333
0.027785
0.026118
0.027028
0.027454000000000003
0.026732
0.030397000000000004
0.026464
0.0297
0.030055000000000002
0.030912
0.037459000000000006
0.035344
0.029271
0.029828
0.033411
0.032909
0.039539
0.037248
0.044307
0.043231
0.03953
0.040711
0.044966000000000006
0.039293
0.033768
0.036364999999999995
0.043129
0.043918
0.038499
0.036983
0.034862
0.039048
0.04511
0.042422
0.044316
0.041096
0.047059
0.04158
0.04449
0.046309
0.050966
0.041080000000000005
0.04347
0.048159
0.05368
0.05177
0.049089999999999995
0.04721
0.046560000000000004
0.04524
0.041964
0.040066000000000004
0.04602
0.0508
0.052050000000000006
0.053750000000000006
0.04754699999999999
0.043517
0.048310000000000006
0.05141
0.05099
0.052289999999999996
0.05816
0.05264
0.052500000000000005
0.058329999999999986
0.05517
0.051879999999999996
0.05759
0.062409999999999986
0.05341
0.05476
0.04735
0.05281
0.045410000000000006
0.05188
0.05594
0.05618
0.06178
0.0607
0.05582999999999999
0.04862999999999999
0.05319
0.0524
0.05422
0.056620000000000004
0.050589999999999996
0.04787
0.053070000000000006
0.057200000000000015
0.05276
0.0455
0.04828
0.05267
0.05874
0.055560000000000005
0.056699999999999987
0.05165
0.04828
0.05155
0.05313
0.05711
0.05864000000000001
0.058329999999999986
0.06154
0.06727000000000001
0.05376
0.05428
0.05533
0.05545
0.063
0.0596
0.0536
0.05777
0.06477999999999999
0.059600000000000014
0.06398999999999999
0.05734
0.05809
0.0557
0.05596
0.0491
0.04963
0.04987
0.053770000000000005
0.061779999999999995
0.05475000000000002
0.04982
0.051
0.05145
0.05483
0.056150000000000005
0.05118
0.047580000000000004
0.046340000000000006
0.0478
0.04546
0.042710000000000005
0.044400000000000016
0.04424
0.05629
0.055770000000000014
0.06667999999999999
0.05518000000000002
0.05969
0.05168
0.04774
0.04547
0.04797
0.04726
0.05614
0.04671
0.04436
0.05099
0.06712
0.06544
0.0592
0.057079999999999985
0.0578
0.0576
0.061829999999999996
0.061570000000000014
0.06326000000000001
0.06229
0.05687
0.060989999999999996
0.06355
0.06626
0.05607
0.05534000000000002
0.04993
0.0609
0.05661
0.06187
0.052930000000000005
0.05872
0.05866
0.05449
0.04732
0.05099
0.06142
0.06871000000000001
0.06195
0.05171
0.04936
0.05233
0.056520000000000015
0.05034
0.05612
0.0495
0.05208
0.046950000000000006
0.04637
0.04735999999999999
0.045590000000000006
0.055889999999999995
0.04822
0.0432
0.04125
0.04433
0.04567
0.0446
0.0531
0.0509
0.05179
0.05277
0.04509
0.04001
0.05131
0.05086
0.05412
0.05055
0.04264
0.03747
0.043230000000000005
0.042620000000000005
0.04387
0.03982
0.04212
0.04074
0.037888000000000005
0.039841
0.037761
0.037082
0.036104
0.040038
0.038075
0.041508
0.043294
0.049237
0.039077
0.040202
0.04308
0.040206
0.040019
0.036834000000000006
0.031938
0.031537
0.037704
0.037443000000000004
0.036689
0.032184
0.027768
0.027601
0.02784
0.028426
0.030786
0.026324
0.030796
0.027794000000000003
0.030732
0.035666
0.031164
0.033836
0.031037000000000002
0.024532
0.027115
0.030519999999999995
0.037152
0.034033
0.030123
0.025353
0.024744
0.026776
0.027843000000000003
0.029719
0.030045
0.029151999999999997
0.027843
0.027622000000000004
0.02559
0.028361
0.030381000000000002
0.03144
0.03392099999999998
0.032468000000000004
0.035393999999999995
0.033985
0.032764999999999996
0.026092
0.025157
0.025829
0.026587
0.027226999999999998
0.028918
0.023951
0.024019
0.023604
0.024299
0.025692000000000003
0.027405000000000002
0.027139000000000003
0.029235
0.029845
0.029110000000000004
0.031849
0.03099
0.028716
0.030932
0.033302
0.035948
0.032510000000000004
0.027755
0.031782000000000005
0.036158
0.034952000000000004
0.03587
0.031643
0.029586
0.02872
0.034015
0.031565
0.031037000000000002
0.035593
0.035108999999999994
0.037663
0.042678
0.041644
0.039807
0.045108999999999996
0.04048
0.040708
0.040650000000000006
0.04442
0.041578
0.046862
0.042368
0.04418
0.057941999999999994
0.048719
0.047856
0.05384
0.05013
0.046689999999999995
0.046982
0.04274
0.050799
0.052174
0.048953
0.042617
0.045866
0.041921
0.045592
0.046526
0.04898
0.05745
0.0569
0.04863
0.05139
0.049819999999999996
0.06043
0.057900000000000014
0.05812000000000001
0.054070000000000014
0.0509
0.058839999999999996
0.05125
0.052870000000000014
0.0515
0.05801000000000001
0.051879999999999996
0.05448
0.059690000000000014
0.06336
0.0666
0.05739
0.06280999999999999
0.06498
0.06297
0.05879
0.053360000000000005
0.04759
0.05036
0.04989
0.05204
0.04408
0.04642
0.055
0.06672
0.05571
0.05619
0.05757
0.05448
0.05051
0.051920000000000015
0.046970000000000005
0.045500000000000006
0.051030000000000006
0.05788
0.05054
0.05736
0.05339
0.05875
0.05943
0.05885
0.05416
0.053270000000000005
0.05308
0.05271
0.04724
0.04834000000000002
0.04687
0.05236
0.048400000000000006
0.052529999999999986
0.060039999999999996
0.053479999999999986
0.04875
0.04689
0.05135
0.04980999999999999
0.05188
0.05980000000000001
0.056379999999999986
0.05405
0.054229999999999993
0.05939
0.05923
0.05919000000000001
0.0584
0.04991
0.05194
0.04912
0.04870000000000002
0.057970000000000015
0.04846
0.05936
0.05876
0.05107
0.04724
0.05589
0.04887
0.05803
0.0527
0.06675
0.0572
0.055529999999999996
0.049710000000000004
0.05576
0.05086
0.05894
0.05826
0.058820000000000004
0.06039
0.06395
0.05799
0.06177000000000001
0.06699
0.05792000000000001
0.057129999999999986
0.05431
0.05308
0.05591
0.055779999999999996
0.06379
0.05975
0.0556
0.05724
0.05167000000000001
0.05908
0.06077000000000001
0.05823
0.06387999999999999
0.06281
0.06534000000000001
0.06043
0.06341000000000001
0.05609
0.05599
0.06742000000000001
0.06125
0.05858999999999999
0.05699
0.05145
0.058660000000000004
0.05985
0.06064
0.062409999999999986
0.05463
0.053989999999999996
0.056010000000000004
0.05388
0.05998
0.06447
0.053860000000000005
0.05069
0.04993
0.04956000000000002
0.04958
0.05285
0.04721
0.04664
0.05315
0.05711
0.04753
0.043410000000000004
0.04604
0.04721
0.04016
0.05028
0.044478
0.041676000000000005
0.040495
0.039548
0.03902799999999999
0.046681
0.03662
0.03737
0.037693
0.041757
0.040179000000000006
0.039961
0.033687
0.034192
0.035095999999999995
0.031055000000000006
0.031931
0.032889
0.031539
0.032543
0.033525
0.02758
0.034742
0.030430000000000002
0.027958999999999998
0.026311
0.028918
0.026428
0.028973
0.026466000000000003
0.030221
0.028908000000000007
0.034491
0.026176
0.028004
0.029689
0.026993000000000003
0.033888
0.033242
0.031861
0.025767
0.024689
0.027635000000000003
0.027247000000000004
0.023906
0.020932
0.029442000000000006
0.0251
0.023238
0.024267
0.028507
0.025531
0.03099
0.034059000000000006
0.0308
0.033155000000000004
0.032887
0.026694
0.028084
0.026031
0.02816
0.029185000000000006
0.02791
0.025525000000000003
0.028539
0.025488999999999998
0.023161
0.022676
0.023754
0.023777
0.026809
0.0257
0.028064
0.028431000000000005
0.031907000000000005
0.027271
0.026162
0.023892
0.032152
0.036323
0.042592000000000005
0.037635
0.034901
0.034567999999999995
0.037502
0.03846
0.043855
0.043244
0.042732
0.047286
0.051494000000000005
0.045613
0.049279
0.04489699999999999
0.044813
0.054135
0.047688
0.059567
0.047573000000000004
0.039142
0.043012
0.045184
0.055540000000000006
0.052989999999999995
0.050995000000000006
0.044923000000000005
0.051295000000000014
0.04857
0.045728000000000005
0.05188
0.06081
0.06439
0.052320000000000005
0.05594
0.055879000000000005
0.04829
0.06383
0.06913
0.06251000000000001
0.06615
0.06548999999999999
0.06225
0.05554
0.05384
0.04769
0.0474
0.05181
0.05063999999999999
0.05086
0.05863
0.06204
0.06802000000000001
0.06558
0.06418
0.06775
0.060329999999999995
0.05899
0.06622
0.06392
0.06249
0.06137000000000001
0.07367
0.069
0.06627000000000001
0.06144
0.054810000000000005
0.054520000000000006
0.06231
0.05878
0.05186
0.05641
0.056060000000000006
0.0561
0.05847
0.0618
0.06244
0.060729999999999985
0.05655
0.05563
0.05495
0.051089999999999997
0.05185
0.05897
0.05358
0.05456
0.057370000000000004
0.06258999999999999
0.06871000000000001
0.06823
0.05719
0.05464
0.06408
0.06254
0.060979999999999986
0.06774999999999999
0.06586
0.0654
0.06361
0.05792000000000001
0.058320000000000004
0.05594
0.053229999999999986
0.05193
0.06405000000000001
0.06267
0.05815
0.05612
0.05245999999999999
0.05582
0.052590000000000005
0.055810000000000005
0.057129999999999986
0.06044
0.0571
0.06538
0.07467
0.07165
0.06648
0.06351
0.06505999999999999
0.06601
0.06899
0.06509
0.06096
0.05791
0.05919
0.06566999999999999
0.06441000000000001
0.05695
0.05672000000000001
0.05724
0.06583
0.07312
0.0688
0.06266000000000001
0.05906
0.05548
0.05383
0.0549
0.05292
0.04751
0.05852
0.05848
0.05741
0.06185
0.05904
0.06267
0.062070000000000014
0.06119
0.061229999999999986
0.05975
0.05905000000000001
0.05699
0.05855
0.05233
0.05405
0.051530000000000006
0.055140000000000015
0.05843
0.05234
0.05557
0.05409
0.06257
0.06008999999999999
0.06076
0.05176
0.05853
0.05737
0.06330999999999999
0.05344
0.05316
0.05054
0.05585
0.05646
0.06171
0.061979999999999986
0.05396
0.05124
0.051089999999999997
0.05219
0.0632
0.05484
0.05852
0.06656000000000001
0.06107000000000001
0.057679999999999995
0.06464
0.07053000000000001
0.06049
0.053360000000000005
0.048960000000000004
0.048420000000000005
0.05563
0.05682
0.04904
0.04371
0.045610000000000005
0.045840000000000006
0.044730000000000006
0.045799999999999993
0.04338
0.04318
0.05143
0.04911
0.045690000000000015
0.04538
0.04434
0.05356
0.04707
0.04707
0.04683
0.04085
0.037001
0.042684
0.036775999999999996
0.03986
0.036377
0.040021
0.039311
0.039904
0.034460000000000005
0.034157
0.039501
0.040952
0.039584
0.032993
0.031664
0.03238799999999998
0.035978
0.040957
0.032775000000000006
0.032672
0.03927
0.036236
0.033874
0.030974
0.031722
0.034398000000000005
0.03243
0.029158999999999997
0.026778
0.029406
0.025887
0.027104000000000003
0.028846
0.024304
0.024635
0.024034
0.026122000000000003
0.029741000000000004
0.025793
0.024673
0.027664
0.024434
0.025078
0.025322
0.022984
0.029952000000000006
0.027526
0.023387
0.029172000000000007
0.025521
0.02501
0.025441
0.028274
0.030071000000000007
0.030891
0.026402
0.027384
0.028062
0.03121
0.031508999999999995
0.035705000000000015
0.027115
0.031927000000000004
0.033317
0.038282
0.03268
0.031371
0.029209
0.032176
0.028095
0.026542000000000003
0.027670999999999998
0.02663
0.029157
0.031390999999999995
0.032092
0.03818
0.039363999999999996
0.037372
0.043898
0.042902
0.037287
0.038963
0.039622000000000004
0.038112
0.040005000000000006
0.047836000000000004
0.041744
0.046268
0.054659000000000006
0.057863
0.049696999999999984
0.052887
0.047215
0.049206
0.052092999999999993
0.04907
0.05231
0.0627
0.05681
0.05245999999999999
0.05264
0.055345000000000005
0.048947000000000004
0.047733000000000005
0.046925000000000015
0.04492
0.05749
0.06443
0.05991000000000001
0.05799
0.0601
0.06036
0.06155
0.05919000000000001
0.054470000000000005
0.05699
0.05718
0.060029999999999986
0.05435
0.056520000000000015
0.05836
0.06171
0.05736
0.055439999999999996
0.0578
0.05799
0.04927
0.05621000000000001
0.049960000000000004
0.05256
0.054810000000000005
0.051389999999999984
0.05229
0.05922
0.05656
0.052579999999999995
0.05869
0.05387
0.05532
0.07147
0.06609
0.05885
0.06692000000000001
0.06423999999999999
0.05263999999999999
0.05326
0.04872
0.05293
0.04726
0.0471
0.04979
0.05847
0.05914
0.05415
0.051370000000000006
0.058910000000000004
0.05562
0.0598
0.05591
0.06067
0.04671
0.04358
0.03859
0.03664
0.03416
0.03058
0.028970000000000006
0.0283
0.02603
0.02605
0.02469
0.0267
0.02521
0.02436
0.02567
0.02465
0.023638
0.02315
0.02329
0.02461
0.023987
0.02348
0.021925
0.020686000000000003
0.02116
0.020885
0.020666999999999998
0.022161
0.022646
0.022305
0.021164
0.020138999999999997
0.018392
0.018822
0.017924000000000002
0.018844
0.018175999999999998
0.019042
0.019372
0.020488
0.020913
0.021182000000000003
0.019703
0.019263
0.024059
0.03167
0.0358
0.03754
0.03871
0.0354
0.03731
0.04053
0.05048
0.058540000000000016
0.06142
0.05127
0.06094
0.04697
0.05276
0.0623
0.05444
0.04564
0.05
0.05163
0.05771
0.061550000000000014
0.05388999999999999
0.051420000000000014
0.054360000000000006
0.056889999999999996
0.05574
0.051120000000000006
0.05328
0.0549
0.061979999999999986
0.06522
0.06143
0.05926
0.05915
0.05475000000000002
0.0524
0.05658
0.05523
0.06735
0.05835
0.06842000000000001
0.07703
0.06665
0.06380999999999999
0.07833999999999999
0.06997
0.06845
0.06784
0.06878999999999999
0.05851000000000001
0.061979999999999986
0.05667000000000001
0.05243
0.05591
0.05829
0.06155999999999999
0.0615
0.060270000000000004
0.0531
0.05475000000000002
0.05673
0.06189
0.05484
0.05467999999999999
0.05092000000000002
0.0475
0.05303
0.047560000000000005
0.057129999999999986
0.06125000000000001
0.06081
0.060120000000000014
0.05686
0.05456
0.04941
0.04734
0.04318
0.041260000000000005
0.03995
0.04422
0.0509
0.05088
0.04396
0.0378
0.035872
0.03447
0.03949
0.04799
0.04401000000000002
0.03877
0.04608
0.06323
0.04637
0.04566
0.038732
0.038572
0.043064000000000005
0.038086
0.034
0.032378
0.029322000000000008
0.031488
0.031698000000000004
0.027578
0.03369199999999998
0.033020999999999995
0.029416
0.028411000000000002
0.03481
0.024599
0.032869
0.031755000000000005
0.026546
0.024725999999999998
0.025859
0.031379000000000004
0.034419000000000005
0.03595
0.027402
0.024378999999999998
0.025695000000000003
0.024646
0.026117
0.028607
0.030768
0.028310000000000002
0.026820000000000004
0.029610000000000008
0.025364
0.024950999999999997
0.030713
0.032364
0.028449000000000002
0.028904000000000006
0.032807
0.031284
0.035106
0.034309
0.03246
0.026437000000000002
0.027545
0.027555
0.025365000000000002
0.025238
0.026053
0.026989
0.02654
0.03282
0.034193
0.035253
0.030361000000000006
0.025692000000000003
0.026927
0.028094
0.035544
0.034939
0.032592
0.028929000000000007
0.029305
0.030743000000000006
0.031624
0.029894
0.028482999999999998
0.035636999999999995
0.034046000000000014
0.032091
0.034843
0.032892000000000005
0.04956000000000002
0.045191
0.039725
0.040691000000000005
0.041279
0.044431000000000005
0.046253
0.042499
0.039601
0.043589
0.041916
0.042172
0.047993
0.039852
0.042798
0.039964
0.043199
0.04057
0.040226
0.041626
0.048383
0.048893000000000006
0.05205
0.04702
0.0481
0.04452
0.04824
0.04404
0.05311
0.05796000000000001
0.05592
0.0515
0.04732
0.05184
0.05794000000000001
0.05744000000000001
0.06459000000000001
0.06168
0.05875
0.06
0.06484999999999999
0.06088
0.05999
0.05278
0.05325
0.0528
0.060150000000000016
0.06091
0.06052
0.05391
0.055420000000000004
0.04979
0.05215
0.053120000000000014
0.055679999999999986
0.0628
0.055060000000000005
0.05471
0.05871000000000001
0.06542999999999999
0.056060000000000006
0.05133
0.050839999999999996
0.06441999999999999
0.0791
0.06867000000000001
0.05884
0.055110000000000006
0.06113
0.06509
0.06744
0.05778
0.06576
0.060549999999999986
0.0658
0.0681
0.06156
0.057679999999999995
0.06462999999999999
0.06436
0.05633000000000001
0.06326
0.0568
0.05779
0.06074
0.0679
0.06602000000000001
0.06201
0.06361
0.06741
0.06982999999999999
0.06507
0.06344999999999999
0.07168000000000001
0.061370000000000015
0.06781000000000001
0.06095
0.06391000000000001
0.05655
0.05176
0.057829999999999986
0.05661
0.06265
0.060270000000000004
0.05817000000000001
0.05728000000000001
0.05774
0.055879999999999985
0.06228
0.052000000000000005
0.05869
0.05725
0.06709999999999999
0.08123
0.07303
0.07379
0.07217
0.06595
0.069
0.07074
0.06561
0.06122
0.06622
0.05719
0.05575
0.05896000000000001
0.05184999999999999
0.05835
0.06942999999999999
0.05869000000000001
0.05276
0.053070000000000006
0.047369999999999995
0.04917
0.06146
0.06005999999999999
0.062320000000000014
0.07477
0.07334
0.07433999999999999
0.06838999999999999
0.06452000000000001
0.06792999999999999
0.06619
0.0639
0.05875
0.058720000000000015
0.06201
0.05908
0.06506
0.07055
0.07159
0.06421
0.062409999999999986
0.06235
0.05701000000000001
0.060579999999999995
0.07128
0.06423999999999999
0.06176000000000001
0.06418
0.06305
0.06107000000000001
0.0625
0.057129999999999986
0.05844
0.06752999999999999
0.06516000000000001
0.06436
0.05478
0.05755
0.05496
0.05798
0.0578
0.07367
0.06235
0.06543
0.0643
0.05355
0.05554
0.05999
0.05197
0.05176
0.04724
0.0513
0.04583
0.04451000000000002
0.05051
0.05276
0.05985
0.05924
0.055790000000000006
0.04956000000000002
0.04787
0.04724
0.047400000000000005
0.0498
0.05145
0.050210000000000005
0.05316
0.056029999999999996
0.054520000000000006
0.05281
0.05367
0.04841
0.045360000000000004
0.04489
0.04515
0.04082
0.042041
0.036809
0.038838
0.047316
0.040325
0.04739
0.038558
0.034785
0.035171000000000015
0.034633000000000004
0.038559
0.034676
0.034598000000000004
0.035709000000000005
0.033299
0.031139
0.040133
0.033361
0.029731
0.031187
0.029292
0.025558
0.028186000000000006
0.027341000000000004
0.027857
0.0285
0.024265
0.023836000000000003
0.026274
0.028727999999999997
0.028808
0.028484
0.024293
0.026044
0.023197
0.023559
0.027074
0.031826
0.029232
0.026833
0.025981
0.028127
0.028714
0.033012
0.028899
0.024353
0.022126
0.023997
0.026733999999999997
0.033329000000000004
0.026724
0.029386000000000002
0.031301
0.029491000000000007
0.030876999999999995
0.031161
0.029604000000000002
0.029248000000000007
0.026858
0.026431
0.027878
0.029155
0.02837
0.026873
0.025887999999999998
0.029416
0.029655
0.035233
0.031894
0.029748
0.031212000000000007
0.033132
0.035078
0.038079
0.035409
0.034289999999999994
0.036034
0.03948599999999999
0.036902
0.04684
0.037245
0.03728
0.046327
0.046391
0.04452999999999999
0.041004
0.03804
0.043304
0.049927
0.049558
0.047076
0.04919
0.04397
0.04537
0.04762
0.04424
0.0423
0.04691000000000002
0.04302
0.04327
0.05405
0.05495
0.05685
0.05383
0.04861
0.04721
0.04723
0.047439999999999996
0.053520000000000005
0.05757
0.060729999999999985
0.06577000000000001
0.07107999999999999
0.0741
0.06592
0.060620000000000014
0.05719
0.059529999999999986
0.05616
0.06018
0.05509
0.05596
0.057739999999999986
0.06705
0.0679
0.06315
0.06247000000000001
0.06802000000000001
0.06345
0.06448
0.06381
0.06031
0.055879999999999985
0.05762000000000001
0.05600000000000002
0.04898
0.04866
0.048810000000000006
0.04921
0.04985
0.04937
0.05525
0.05535
0.06589
0.056970000000000014
0.06192
0.05695
0.055060000000000005
0.05789
0.06366000000000001
0.0635
0.058410000000000004
0.05701000000000001
0.06141
0.05871000000000001
0.06766
0.06094
0.06155
0.05466
0.060329999999999995
0.05878
0.056970000000000014
0.055520000000000014
0.05414000000000002
0.056389999999999996
0.05548
0.05338
0.05474999999999999
0.05072
0.05777
0.060029999999999986
0.05961
0.061769999999999985
0.06293
0.06409
0.06470000000000001
0.06521
0.06472
0.061739999999999996
0.0556
0.053989999999999996
0.057679999999999995
0.05197
0.051279999999999985
0.05707
0.056729999999999996
0.05655
0.0568
0.05785
0.0542
0.059170000000000014
0.05624
0.054540000000000005
0.06586
0.059289999999999995
0.05365
0.05881
0.06143
0.064
0.06479
0.056520000000000015
0.05975
0.06051
0.06723
0.0658
0.06445000000000001
0.05911
0.06253
0.06219
0.06354
0.06519
0.06418
0.062429999999999986
0.06217
0.06677000000000001
0.06330000000000001
0.061550000000000014
0.0552
0.05924
0.06039000000000001
0.06491
0.06484999999999999
0.06745
0.06558
0.06608
0.06171
0.059330000000000015
0.060520000000000004
0.06287000000000001
0.05988
0.053739999999999996
0.062079999999999996
0.05774
0.05801000000000001
0.06082000000000001
0.06769
0.05807
0.05347
0.059170000000000014
0.056360000000000014
0.05719000000000001
0.05441
0.05261
0.051910000000000005
0.05032
0.059299999999999985
0.051910000000000005
0.0546
0.052340000000000005
0.051910000000000005
0.048920000000000005
0.04386
0.05301
0.05646
0.051640000000000005
0.04675
0.04557
0.050420000000000006
0.04692
0.04836
0.04578
0.04923
0.05203000000000002
0.04495
0.04371
0.04902
0.04947
0.05284
0.04982
0.04105
0.03718
0.040389999999999995
0.04705999999999999
0.04367
0.04343999999999999
0.0447
0.0449
0.04357
0.04669
0.04764
0.04628
0.04716
0.044840000000000005
0.043287000000000006
0.038386
0.04371
0.04221
0.039
0.034817
0.032948000000000005
0.032517000000000004
0.035191
0.038432
0.039493
0.03684
0.03922
0.031010000000000006
0.031488
0.030705
0.030512
0.034293000000000004
0.035322000000000006
0.031086000000000006
0.032123
0.028697000000000007
0.026888
0.027039999999999998
0.025912
0.029454
0.031719000000000004
0.032776
0.031889
0.034468
0.032160999999999995
0.027356
0.027318
0.029233
0.028194
0.029025
0.027393
0.025903
0.024138000000000003
0.021979
0.024397
0.030073000000000003
0.030347
0.028976
0.029889
0.031359
0.027323000000000004
0.025867
0.025292
0.026461
0.027001
0.027123
0.027425
0.029588
0.032174
0.027432
0.026519
0.027011
0.026106
0.025611
0.028933999999999998
0.026327
0.025744000000000003
0.025841000000000003
0.028689
0.030309
0.031059
0.029575
0.028028
0.033717000000000004
0.032362
0.033473
0.029946
0.031873
0.032122000000000005
0.032394000000000006
0.031839
0.032052
0.029261
0.030137
0.031910999999999995
0.035892
0.04166
0.038848
0.038008
0.038961
0.042684
0.044829
0.048098
0.049678
0.052843
0.047562
0.045347000000000005
0.043806000000000005
0.0481
0.048780000000000004
0.04786
0.04808
0.050614
0.044373
0.0439
0.04741
0.048510000000000005
0.05536
0.05635
0.05367
0.04894
0.049030000000000004
0.06496
0.06658
0.062070000000000014
0.057120000000000004
0.051640000000000005
0.05773
0.05934
0.05069
0.05235
0.06337000000000001
0.06985
0.07044
0.06708
0.06131
0.06223
0.06194
0.05938
0.0592
0.06105
0.06358
0.05609
0.05636
0.06287000000000001
0.06305
0.057220000000000014
0.051570000000000005
0.057460000000000004
0.05961
0.05896000000000001
0.05924
0.05417
0.0518
0.05591
0.05743
0.0611
0.05727
0.06394
0.057579999999999985
0.06170000000000001
0.07436
0.06666000000000001
0.06795999999999999
0.06075
0.0513
0.05718
0.05258
0.049319999999999996
0.0532
0.05193
0.0506
0.05326
0.053070000000000006
0.05959
0.06235
0.06717999999999999
0.05928000000000001
0.06293
0.07057000000000001
0.06548999999999999
0.06145000000000001
0.05471
0.04933
0.05338
0.05573
0.0532
0.05705
0.05559
0.05878
0.05709
0.0585
0.06039000000000001
0.07107999999999999
0.06595
0.05814
0.06064
0.06665
0.057220000000000014
0.05731
0.05484
0.05234
0.0611
0.06589
0.06366000000000001
0.06293
0.06284000000000001
0.06262000000000001
0.05927
0.0629
0.0607
0.056520000000000015
0.05631000000000001
0.061189999999999994
0.05539
0.05612
0.04969
0.05511
0.06543
0.06329
0.06103
0.06451
0.05786
0.056429999999999994
0.06103
0.0654
0.06033
0.061120000000000015
0.05881
0.06097
0.06420000000000001
0.05935
0.05813
0.06
0.0524
0.057370000000000004
0.0654
0.06482
0.06086
0.06186000000000001
0.06115
0.053620000000000015
0.05914
0.06162
0.05698
0.0597
0.05743
0.059690000000000014
0.06253
0.05655
0.05866
0.05695
0.05206
0.04886
0.05173
0.04962
0.05124
0.054320000000000014
0.04922
0.04809
0.04873
0.05459
0.05279
0.058839999999999996
0.056429999999999994
0.05509
0.052979999999999985
0.05631
0.05924
0.06073000000000001
0.05661
0.05283
0.05557
0.04883
0.05462
0.0625
0.05450999999999999
0.04788
0.05392
0.05206
0.05143
0.045630000000000004
0.04218
0.04041
0.04529
0.04192
0.04
0.04213
0.03722
0.04422
0.04293
0.03678
0.03776
0.0367
0.03757
0.04013
0.04486
0.0424
0.03804
0.03662
0.035616
0.036037
0.034973000000000004
0.033859
0.032454000000000004
0.031417
0.030033000000000008
0.030744
0.032848
0.035555
0.035762999999999996
0.034137
0.030333
0.028014
0.027889
0.026748
0.026786
0.025883
0.023122999999999998
0.0246
0.027063000000000004
0.025065999999999998
0.026812
0.028882
0.027001999999999998
0.029522000000000007
0.031429
0.030821
0.030735000000000002
0.032901
0.034031
0.036083
0.032344
0.028869
0.026096
0.026341000000000003
0.026733
0.025708
0.022774000000000003
0.022889
0.023662
0.025617
0.024335
0.024213
0.021856
0.021052
0.019772
0.020674
0.019813
0.020493
0.019755
0.020412000000000003
0.022512
0.024716
0.022925
0.021271
0.019957000000000003
0.025192
0.022562
0.025648
0.024453000000000003
0.022731
0.021706000000000003
0.018849
0.020621
0.023041
0.022483000000000003
0.023392
0.023185
0.021208
0.021954
0.022776
0.021273
0.02442
0.025929
0.027346
0.028569
0.028911000000000006
0.025988999999999998
0.027108
0.029861
0.027959
0.030051
0.029938000000000006
0.030244
0.036419
0.037545999999999996
0.034337000000000006
0.033848
0.036119
0.039292
0.040691000000000005
0.038086
0.032346
0.033986
0.036815
0.037563
0.035342000000000005
0.041996
0.04292
0.043483
0.040849
0.041668000000000004
0.040768
0.042986
0.041
0.042834
0.043261
0.04786
0.0446
0.04418
0.04494
0.04515
0.04813
0.043354
0.0481
0.052910000000000006
0.05254
0.049760000000000006
0.05441
0.05041
0.04486
0.0475
0.051529999999999986
0.058920000000000014
0.04964
0.04767
0.05163999999999999
0.05229
0.04839
0.04665
0.04225
0.03974
0.04225
0.04737999999999999
0.0435
0.04456
0.04402
0.04483
0.04482
0.04955999999999999
0.051660000000000005
0.05176
0.050940000000000006
0.05036
0.05119
0.06382
0.05401
0.05893
0.05745
0.0528
0.04742
0.049100000000000005
0.045610000000000005
0.04384
0.043870000000000006
0.052160000000000005
0.06281
0.05431
0.05007
0.05073
0.05185999999999999
0.05475
0.05504
0.05465
0.04942
0.05019
0.051670000000000015
0.04438
0.05281
0.05305
0.05218
0.053479999999999986
0.04837
0.04729
0.055770000000000014
0.05648
0.05018
0.04673
0.04388
0.04268
0.048660000000000016
0.04793
0.051670000000000015
0.06149
0.05732
0.04986
0.04571
0.05098
0.04567
0.0428
0.04502
0.04717999999999999
0.04396
0.0412
0.03885
0.04282
0.04863
0.0512
0.04515
0.05145
0.045860000000000005
0.05093
0.045090000000000005
0.04822
0.042910000000000004
0.04866
0.05134
0.04791000000000002
0.05378
0.054110000000000005
0.04825
0.04715
0.04387
0.03996
0.04244
0.048650000000000006
0.05861
0.052410000000000005
0.054179999999999985
0.05991000000000001
0.0503
0.058810000000000015
0.055520000000000014
0.05265
0.06047
0.053610000000000005
0.05774
0.05019
0.05458
0.05061
0.053970000000000004
0.055770000000000014
0.053250000000000006
0.05056
0.04888
0.051620000000000006
0.052070000000000005
0.05428
0.055220000000000005
0.05148
0.04613
0.04948
0.05708
0.05524
0.056500000000000015
0.05047
0.04869
0.05199
0.05333
0.06016000000000001
0.0551
0.05803
0.051089999999999997
0.04933
0.0475
0.05101
0.05285
0.05143
0.045500000000000006
0.04737
0.04556
0.04788
0.04832
0.04680000000000002
0.0484
0.053120000000000014
0.05391
0.050460000000000005
0.04536
0.04632
0.04574
0.04684
0.04513
0.04962
0.04478
0.043870000000000006
0.0465
0.044230000000000005
0.04634
0.042710000000000005
0.04597
0.05039
0.04443
0.04292
0.03959
0.042069999999999996
0.04492
0.046110000000000005
0.045
0.0426
0.04253
0.03995
0.03803
0.0339
0.034634
0.036071
0.033198000000000005
0.031983000000000004
0.032835
0.036946
0.03946
0.040327
0.03555
0.035459000000000004
0.036354
0.032559
0.030376
0.029426
0.028667
0.027881
0.028539
0.028155000000000006
0.029496
0.031396
0.029492000000000008
0.028849
0.028926
0.030905000000000002
0.03188
0.033818
0.030146
0.032687999999999995
0.032609
0.031339
0.032384
0.028639
0.026188
0.028436000000000006
0.027908
0.024628999999999998
0.024394
0.02725
0.028762000000000006
0.032674
0.029938000000000006
0.025388
0.024232
0.027301
0.025519
0.026348000000000003
0.023395
0.025369000000000003
0.025219
0.028013
0.026835
0.024026
0.022389
0.023663999999999998
0.025337
0.024337
0.022556
0.024268
0.024069
0.026074
0.024269
0.026467
0.025279000000000003
0.027351
0.023262
0.022932
0.024243999999999998
0.023496
0.024716
0.023637
0.024029
0.023468
0.024364
0.026036000000000004
0.025753
0.025713
0.025999999999999995
0.024514
0.023877000000000002
0.028455
0.029292000000000002
0.031028
0.031402
0.02943
0.028388
0.0283
0.027037
0.026066
0.032433
0.033071
0.031596
0.030987
0.031566000000000004
0.033229
0.034969
0.032039
0.035807
0.031888
0.031777
0.034634
0.036931000000000005
0.03887499999999999
0.038802
0.04208
0.039211
0.038363999999999995
0.040739
0.039548
0.035858999999999995
0.042510000000000006
0.04021
0.03703
0.036586
0.036702
0.039885000000000004
0.03911
0.036439
0.04282
0.04445
0.04543
0.043
0.04282
0.04052
0.04245
0.044969999999999996
0.04598
0.045219999999999996
0.04478
0.0464
0.04573000000000002
0.04098
0.04172
0.043910000000000005
0.040080000000000005
0.04123
0.041819999999999996
0.04849
0.048410000000000016
0.05458
0.0569
0.05534
0.0537
0.04866
0.049010000000000005
0.04297
0.0446
0.04627
0.041569999999999996
0.04276
0.04453
0.048130000000000006
0.05029
0.04339
0.04484
0.05283
0.04972
0.05098
0.05539
0.0531
0.05644
0.04977
0.05009
0.049139999999999996
0.054610000000000006
0.05027
0.05387
0.04601
0.0446
0.044489999999999995
0.044360000000000004
0.04383
0.054000000000000006
0.04927
0.05177
0.048661
0.04675
0.04237
0.04617
0.05063
0.04925
0.043960000000000006
0.04598
0.04137
0.043480000000000005
0.0441
0.04717
0.0447
0.04944
0.051140000000000005
0.04805999999999999
0.04386
0.0408
0.043660000000000004
0.04776
0.05043
0.05053
0.04828
0.0492
0.04402
0.04425
0.04716000000000002
0.04655
0.04399
0.04204
0.0403
0.04078999999999999
0.04366
0.04297
0.04842
0.05065
0.04991
0.04906
0.046169
0.04693
0.053970000000000004
0.052820000000000006
0.0472
0.05416
0.05458
0.049240000000000006
0.049440000000000005
0.04981
0.0511
0.04877
0.0511
0.05756
0.04958
0.05172
0.05018
0.0521
0.05245
0.05794000000000001
0.05095
0.04952
0.052629999999999996
0.05051
0.04927
0.05016
0.05887000000000001
0.05939
0.0567
0.053500000000000006
0.04905
0.04889
0.05823
0.06
0.05585
0.055810000000000005
0.06298000000000001
0.06457
0.06247000000000001
0.05539
0.05643
0.06034000000000001
0.05674
0.054229999999999993
0.05865
0.05999
0.06296
0.05817000000000001
0.05313
0.06030000000000001
0.05254
0.05226
0.04212
0.04668
0.04895
0.04949
0.046380000000000005
0.04742
0.04546
0.04593
0.04565
0.043230000000000005
0.040830000000000005
0.03526
0.037180000000000005
0.03781
0.040044
0.040037
0.04363
0.04274
0.039149
0.043
0.04252
0.04304
0.038438
0.035693
0.033359
0.029064
0.027268999999999998
0.034486
0.033688
0.030563
0.032908
0.036907
0.036369
0.033185
0.031549
0.027940000000000003
0.026851
0.030292000000000006
0.028377
0.027426
0.026119999999999997
0.025144
0.027937
0.030818
0.029806000000000006
0.030906
0.028337
0.025818999999999998
0.023475
0.024673
0.029479
0.029147000000000006
0.024938
0.024416
0.024356
0.024753
0.023899
0.027514
0.033697000000000005
0.031925
0.02635
0.02377
0.024687999999999998
0.024424
0.023625000000000004
0.023866
0.021947
0.025325
0.02459
0.02669
0.026483999999999997
0.027315
0.027049000000000004
0.03193
0.031066000000000007
0.027514
0.026582
0.023256
0.019883
0.023633
0.026168
0.027503
0.027275
0.027613
0.027165
0.02818
0.031867
0.034757
0.029678
0.028352
0.025409
0.030702999999999998
0.029088000000000006
0.028341
0.027907
0.031362
0.030554
0.035884
0.038278
0.034976
0.036993
0.037724
0.043996
0.040615000000000005
0.037798000000000005
0.037765
0.041439
0.038676
0.037219999999999996
0.038654
0.038023
0.03714
0.04155299999999999
0.046536
0.047625
0.05133
0.04973
0.04632
0.046147
0.04543
0.04169
0.04481
0.04332
0.043910000000000005
0.046790000000000005
0.043854000000000004
0.043717000000000006
0.04728
0.04047
0.052410000000000005
0.0538
0.05147
0.05171
0.05983
0.04974
0.04715
0.04885
0.04793
0.053070000000000006
0.0636
0.04945000000000002
0.051730000000000005
0.052079999999999994
0.059170000000000014
0.05478
0.0543
0.055779999999999996
0.05198
0.05426
0.04915
0.05628
0.05989
0.05437
0.04941
0.05374
0.06174
0.058320000000000004
0.05595
0.054110000000000005
0.055150000000000005
0.06347
0.05957000000000001
0.05748
0.07031
0.06366000000000001
0.06479000000000001
0.06815
0.07074
0.06827000000000001
0.07519999999999999
0.06542999999999999
0.06784
0.07186999999999999
0.06647
0.0697
0.07236000000000001
0.0694
0.06939
0.0708
0.07056
0.06577000000000001
0.06702000000000001
0.06164
0.06555
0.06777999999999999
0.06853999999999999
0.06530999999999999
0.06247000000000001
0.06427000000000001
0.07461999999999999
0.06731000000000001
0.06206
0.06683
0.05735000000000001
0.056770000000000015
0.06312000000000001
0.06008
0.06073000000000001
0.06293
0.07626000000000001
0.0737
0.07276
0.06756999999999999
0.06546
0.06932999999999999
0.07511
0.07624
0.06222
0.06152000000000001
0.0694
0.061829999999999996
0.07013
0.06604
0.0653
0.07193000000000001
0.06995
0.07211999999999999
0.0704
0.07489
0.07247999999999999
0.08082
0.08337
0.08627
0.07052
0.07314999999999999
0.07196
0.07483000000000001
0.07168
0.07364
0.06387999999999999
0.07211000000000001
0.06978999999999999
0.06788999999999999
0.06055
0.05879
0.07636
0.07001
0.07084
0.07128999999999999
0.0762
0.06937
0.06763999999999999
0.06665
0.06447
0.07349
0.07501000000000001
0.06899999999999999
0.07085
0.06286
0.05766
0.05985
0.0626
0.06454
0.06296
0.06369
0.06598
0.06103
0.05957000000000001
0.05998
0.05765
0.06033999999999999
0.05874
0.06717000000000001
0.06143000000000001
0.06354
0.06687
0.07544000000000001
0.06564
0.06677999999999999
0.061620000000000015
0.05582
0.05744
0.06134
0.056520000000000015
0.053520000000000005
0.053529999999999994
0.05792000000000001
0.0629
0.05846000000000001
0.05156
0.054320000000000014
0.06186000000000001
0.06066000000000001
0.06076
0.06171
0.05484
0.05844
0.05539
0.056770000000000015
0.055270000000000014
0.0524
0.05685
0.05591
0.06125
0.05356
0.05115
0.05036
0.05016999999999999
0.046950000000000006
0.05093
0.04904
0.04486
0.04409
0.047
0.04148
0.0389
0.03605
0.03416
0.039015
0.039947
0.037534000000000005
0.034531
0.033095
0.034182
0.036837
0.039858
0.039992
0.038318
0.041076
0.038296
0.038898
0.037677
0.035481
0.037687
0.036366
0.02793
0.02756
0.027387
0.027055000000000003
0.028539
0.031869999999999996
0.030949000000000008
0.0332
0.030367
0.028254
0.026057999999999998
0.027158
0.028092
0.030482
0.030766
0.029308999999999998
0.02586
0.023409000000000003
0.022208000000000002
0.027972000000000004
0.032143
0.036754
0.033643
0.032105
0.029322000000000004
0.02694
0.027487
0.028194
0.030094
0.029308999999999995
0.026992000000000002
0.026929
0.026664999999999998
0.026522000000000004
0.027027
0.032764
0.032481
0.03109
0.03437
0.027306999999999998
0.026410000000000003
0.030579000000000002
0.027343
0.027000000000000003
0.025458
0.028817
0.029246
0.033168
0.036237
0.037143
0.033448
0.032448000000000005
0.035092
0.03676
0.032978
0.036242
0.039721
0.035701
0.038211
0.035459
0.035755
0.037774
0.039128
0.037429000000000004
0.041012
0.045076
0.046987
0.046923999999999993
0.047912
0.050853
0.045655
0.043459
0.038860000000000006
0.045474
0.048001999999999996
0.04614
0.041702
0.046342
0.047771
0.054197
0.05533300000000002
0.051577
0.05365
0.05184
0.05521
0.050839999999999996
0.05832
0.05567999999999999
0.05359
0.0661
0.05701000000000001
0.055
0.05409
0.05231
0.062019999999999985
0.05865
0.06209
0.059510000000000014
0.058920000000000014
0.06183
0.06497
0.06364
0.06274
0.06411
0.06277999999999999
0.06764999999999999
0.07049
0.0636
0.06131
0.05764
0.06002
0.06626
0.06842000000000001
0.05966000000000001
0.05712
0.06106
0.06542999999999999
0.06494
0.059670000000000015
0.06138
0.05988
0.06007000000000001
0.05815
0.05945
0.063
0.05881
0.06022
0.052750000000000005
0.0587
0.0598
0.06135
0.06423999999999999
0.06867999999999999
0.05907
0.06686
0.07095
0.07387
0.07483
0.07730000000000001
0.07053999999999999
0.0638
0.06601
0.06412999999999999
0.06537000000000001
0.05934
0.05631
0.05343
0.054320000000000014
0.05655
0.06167
0.06931999999999999
0.07024
0.06373999999999999
0.06178
0.06566
0.06565
0.0614
0.06014
0.06544
0.07445
0.07812999999999999
0.07749
0.08188
0.08474
0.08038
0.07641
0.07532
0.07859
0.07211000000000001
0.06872
0.06595
0.06961
0.07122
0.07001
0.06393
0.056620000000000004
0.050780000000000006
0.053860000000000005
0.0594
0.06038
0.061979999999999986
0.0649
0.06271
0.06064
0.06195000000000001
0.06647
0.0708
0.077
0.06472
0.06484999999999999
0.0658
0.06479
0.06274
0.06475
0.06247000000000001
0.05852
0.05848
0.06096
0.06065
0.06419
0.06711999999999999
0.06565
0.06276
0.05576
0.05371
0.06624
0.06238000000000001
0.07434
0.06502999999999999
0.058660000000000004
0.05999
0.060479999999999985
0.05945
0.06462999999999999
0.06095
0.06134000000000001
0.05619
0.06049
0.057710000000000004
0.05966000000000001
0.060520000000000004
0.05811
0.05584
0.06342
0.06644
0.0592
0.05963
0.060489999999999995
0.069
0.07751
0.06262000000000001
0.05716
0.0578
0.05356
0.06276999999999999
0.07064999999999999
0.06665
0.06406
0.06459999999999999
0.06109
0.06122
0.059939999999999986
0.05365
0.05383
0.05982000000000001
0.05749
0.05966000000000001
0.05571999999999999
0.0503
0.04979
0.05956
0.05835
0.06061
0.05793
0.05657
0.06398
0.055520000000000014
0.04819999999999999
0.04866
0.05103
0.048889999999999996
0.05213
0.04746
0.044410000000000005
0.04137
0.039810000000000005
0.04448
0.04332
0.04165
0.04068
0.04124
0.04259
0.04264
0.04424
0.046290000000000005
0.042238
0.036099
0.037458
0.039279
0.040068000000000006
0.041974
0.041013
0.0388
0.035033999999999996
0.032772
0.034996
0.040756
0.034619000000000004
0.02898
0.028346
0.02821
0.028399
0.030201
0.028429000000000006
0.028983
0.030446
0.031242
0.032898000000000004
0.03374
0.031106
0.029865
0.031777
0.031911
0.028712
0.027627
0.026037
0.029368000000000002
0.031048000000000006
0.033152999999999995
0.030924
0.028851
0.028012000000000002
0.030612999999999994
0.025543000000000003
0.025799
0.022621
0.023996
0.027268
0.029838000000000007
0.031277
0.031284
0.030438
0.033184000000000005
0.034786000000000004
0.031762
0.029992
0.032693
0.035321
0.035348000000000004
0.031117
0.027696
0.028914
0.029624
0.027605
0.030307
0.029225
0.029727
0.032412
0.034329000000000005
0.034490999999999994
0.038798
0.034338999999999995
0.034918
0.031265
0.030181
0.029599
0.038143
0.039799
0.035901
0.033232
0.039057999999999995
0.039372000000000004
0.038464
0.037204
0.038391
0.035782
0.040261000000000005
0.03531
0.042237
0.047207
0.043963
0.042644
0.040836000000000004
0.044344
0.043644
0.047378
0.046360000000000005
0.04988000000000002
0.048119999999999996
0.05592
0.05716
0.053720000000000004
0.0509
0.05133
0.05639
0.053500000000000006
0.05567999999999999
0.05567
0.05127999999999999
0.056240000000000005
0.05844
0.06343
0.06530999999999999
0.05623
0.05365
0.053479999999999986
0.04746
0.054929999999999986
0.05644
0.05655
0.05895
0.05701000000000001
0.0612
0.06319
0.06411
0.06436
0.06938
0.06068000000000001
0.06063
0.06559999999999999
0.07072
0.06817999999999999
0.07392
0.06998
0.06713
0.06281
0.06514
0.06679
0.06842000000000001
0.06357
0.06301
0.05686
0.06484999999999999
0.0679
0.068
0.06421
0.05314
0.058579999999999986
0.06128
0.06287999999999999
0.06494
0.06736
0.05945
0.05492999999999999
0.056379999999999986
0.05941
0.057229999999999996
0.05623
0.05814
0.06235
0.0638
0.06534000000000001
0.06451
0.0625
0.07028000000000001
0.07587
0.0707
0.062179999999999985
0.06667000000000001
0.06346
0.05571
0.06057000000000001
0.06268
0.0603
0.05534
0.05798
0.05799
0.052570000000000006
0.05516
0.05557
0.05673
0.061579999999999996
0.05643
0.05789
0.06116000000000001
0.06556000000000001
0.0711
0.0672
0.07559
0.0593
0.06174
0.06464
0.062199999999999984
0.06436
0.06534
0.06348000000000001
0.06470000000000001
0.05911
0.05438
0.05719
0.07095
0.06276999999999999
0.06186000000000001
0.05951
0.06713999999999999
0.0615
0.06387000000000001
0.06568
0.06316000000000001
0.05989
0.06423999999999999
0.0748
0.06723
0.06631999999999999
0.06561
0.06069999999999999
0.06097
0.055810000000000005
0.055360000000000006
0.05637
0.06866
0.06214
0.05805
0.06076
0.05695
0.05912000000000001
0.059779999999999986
0.05786
0.06238000000000001
0.06558
0.06021
0.0593
0.06506
0.06061
0.06418
0.06275
0.0596
0.06534
0.06579
0.0632
0.06348
0.06973
0.0592
0.05698
0.06159000000000001
0.06146
0.06436
0.062160000000000014
0.05899
0.0691
0.06442
0.06230999999999999
0.06119
0.056270000000000014
0.055110000000000006
0.05143
0.0546
0.05823
0.06595
0.05695
0.05945
0.05823
0.05345
0.05331
0.05685
0.05445
0.04907
0.04792999999999999
0.05124
0.04748
0.050960000000000005
0.052860000000000004
0.04855
0.05255
0.05719000000000001
0.05349
0.051419999999999993
0.047510000000000004
0.04535
0.04502
0.04832
0.04979
0.049589999999999995
0.05265
0.05215
0.04524
0.041
0.04048
0.04182
0.03793
0.043
0.050460000000000005
0.042739
0.038574
0.035069
0.036534
0.032952999999999996
0.031089
0.029765
0.030125
0.035345999999999995
0.033020999999999995
0.033096
0.030073000000000006
0.029708
0.034151
0.032984
0.029587000000000002
0.028449000000000002
0.028202
0.026482
0.030152
0.029292
0.028539
0.027717
0.027907
0.027234
0.025165000000000003
0.027012
0.026451
0.029468
0.029286000000000006
0.028661
0.026218
0.028947000000000007
0.030919
0.027168
0.027659
0.026751999999999998
0.027934
0.025498
0.027063
0.028988999999999997
0.031324000000000005
0.029173
0.027226
0.028767
0.031385
0.036185
0.032558
0.034137
0.027150999999999998
0.027606
0.027133
0.026237000000000003
0.026382000000000003
0.027814
0.031314999999999996
0.034001
0.034303
0.033738000000000004
0.03373
0.033832
0.031064
0.030253
0.030498
0.030945999999999998
0.030692
0.035858999999999995
0.034625
0.034842000000000005
0.033663
0.032877
0.036492000000000004
0.03785
0.03974
0.040786
0.042221
0.044703
0.050890000000000005
0.051105000000000005
0.043454000000000007
0.046828
0.04745800000000002
0.044223000000000005
0.045426
0.053614999999999996
0.04657
0.041851
0.042007
0.039839
0.042034
0.047871
0.055069000000000014
0.051546
0.0553
0.06354
0.06026
0.05524
0.0504
0.04904
0.05325
0.05317
0.0592
0.06888
0.05367
0.053120000000000014
0.0542
0.06284
0.06588
0.06106
0.0596
0.05936
0.05913
0.05674
0.0586
0.06203
0.06792999999999999
0.06336
0.06597
0.06461
0.06455999999999999
0.06723
0.05201
0.054689999999999996
0.06047
0.05235
0.05217
0.06265
0.01175
0.05658
0.05971
0.06296
0.0627
0.06611
0.06495999999999999
0.07164
0.07322999999999999
0.06266000000000001
0.06251
0.06398000000000001
0.06308
0.0701
0.07488
0.06401000000000001
0.0623
0.05812000000000001
0.054000000000000006
0.06167
0.05759
0.0585
0.06555
0.06043000000000001
0.059629999999999996
0.06099
0.06398999999999999
0.06720000000000001
0.0701
0.03806
0.03109
0.023252000000000002
0.019661
0.017458
0.01212
0.07134
0.06425
0.056029999999999996
0.05876
0.05876
0.07074
0.06636
0.06606000000000001
0.06018
0.05205
0.052210000000000006
0.05782
0.06026
0.06086
0.05935
0.05696
0.05819000000000001
0.06459
0.05742000000000001
0.0572
0.06104
0.06145000000000001
0.05595
0.05778
0.06485
0.06459
0.0643
0.06372
0.06072
0.06498999999999999
0.07522999999999999
0.0694
0.06186000000000001
0.058929999999999996
0.06295
0.06158
0.07232000000000001
0.07342000000000001
0.07041
0.07089
0.0643
0.06587
0.07599
0.06324
0.06308
0.06767999999999999
0.08881
0.07117000000000001
0.07022
0.07767
0.07474
0.07239
0.06942999999999999
0.06836
0.07254
0.06442
0.0744
0.062189999999999995
0.07019
0.06656000000000001
0.07397999999999999
0.0709
0.07787999999999999
0.07704
0.0765
0.06532
0.06296
0.06961
0.06932999999999999
0.07227
0.07049
0.07794
0.07074
0.06833
0.06842000000000001
0.06735
0.06466000000000001
0.0647
0.06827000000000001
0.06513
0.07107999999999999
0.07385
0.07995000000000001
0.07794
0.08118
0.07947
0.08879999999999999
0.06989000000000001
0.06601
0.06708
0.06765
0.06335
0.06293
0.06799
0.06234
0.0586
0.06570999999999999
0.06781000000000001
0.06457
0.06
0.0567
0.053620000000000015
0.05222
0.050839999999999996
0.05435
0.05643
0.05893
0.0603
0.05686
0.05356
0.04803
0.0473
0.05394
0.05031
0.05414
0.047470000000000005
0.04358
0.045270000000000005
0.04213
0.04938
0.04306
0.042460000000000005
0.04579
0.04785
0.047369999999999995
0.04717
0.04747
0.05143
0.04241
0.04352
0.041670000000000006
0.041509
0.03955
0.040569
0.04241
0.04141
0.04443
0.043026000000000016
0.042026
0.043654000000000005
0.04009
0.036132
0.036685
0.034128
0.033536
0.032001999999999996
0.032867000000000014
0.031521
0.035472000000000004
0.034421
0.036985000000000004
0.033413
0.033177
0.033368
0.031268000000000004
0.030217
0.029331
0.031193
0.034105
0.032733
0.027799
0.029811
0.028561000000000007
0.03027
0.028932
0.029484
0.029937
0.031939999999999996
0.031762
0.032603
0.030223000000000007
0.032356
0.030736000000000006
0.030716000000000007
0.029403
0.030282999999999997
0.032441000000000005
0.032547
0.03144
0.028883
0.032545000000000004
0.030895
0.033546
0.035113000000000005
0.0324
0.03775099999999999
0.033665
0.033868
0.033072000000000004
0.03363
0.035548
0.035032999999999995
0.035483
0.039858
0.03884
0.039152000000000006
0.038406
0.037142
0.039859
0.043872
0.080105
0.050322000000000006
0.046273
0.045069
0.050425000000000005
0.046038
0.047123000000000005
0.049701
0.046645
0.051285
0.055990000000000005
0.04898400000000002
0.049764
0.05037
0.044568
0.046444
0.051639
0.048339
0.04886
0.057129999999999986
0.053110000000000004
0.04979
0.05339
0.05555
0.05159
0.05439
0.06149
0.06063
0.060579999999999995
0.05435
0.058990000000000015
0.05827
0.06458
0.06817999999999999
0.07056
0.06811
0.06225
0.0628
0.0586
0.06777999999999999
0.06735
0.06261
0.06082000000000001
0.0615
0.06912
0.06860999999999999
0.05988
0.06113
0.05707
0.05532
0.05968
0.06772
0.06799999999999999
0.06978999999999999
0.07064
0.06551
0.07345
0.06982000000000001
0.06625
0.06756000000000001
0.060779999999999994
0.06264
0.06842000000000001
0.06906000000000001
0.06699
0.05994
0.05751000000000001
0.057899999999999986
0.05805
0.05936
0.06352000000000001
0.07117000000000001
0.06265
0.05831
0.051870000000000006
0.06196
0.057079999999999985
0.056639999999999996
0.05832
0.0625
0.05905
0.062320000000000014
0.06276999999999999
0.06738
0.06760000000000001
0.06064
0.05793
0.05969
0.06158
0.06018
0.06397
0.061550000000000014
0.0597
0.06702000000000001
0.06802000000000001
0.060579999999999995
0.06125
0.0606
0.05805
0.06994
0.06741
0.06491000000000001
0.06698
0.06652000000000001
0.06952
0.06412000000000001
0.05902
0.06058
0.06706999999999999
0.06842000000000001
0.06823
0.07163
0.06986
0.06412000000000001
0.06842000000000001
0.0733
0.07321
0.07336999999999999
0.06815
0.07436999999999999
0.07755
0.07441
0.06897
0.06293
0.07183999999999999
0.06622
0.06387000000000001
0.06258999999999999
0.07050000000000001
0.05499
0.054810000000000005
0.05504
0.056360000000000014
0.06318
0.05609
0.05935
0.06551
0.06674
0.06189
0.06331
0.06113
0.06274
0.058079999999999986
0.05935
0.05533
0.05011
0.0519
0.05564
0.05962000000000001
0.05449999999999999
0.05598
0.05845
0.05367999999999999
0.057339999999999995
0.06418
0.06109000000000001
0.05821000000000001
0.05989
0.06188
0.0772
0.06617999999999999
0.06127000000000001
0.0614
0.05683000000000001
0.0528
0.04822
0.05265
0.054520000000000006
0.05455
0.057679999999999995
0.05948
0.06566999999999999
0.06057000000000001
0.06509
0.06387999999999999
0.05826
0.057650000000000014
0.06089
0.05771
0.0538
0.05654
0.0567
0.06700999999999999
0.0585
0.05334
0.05328999999999999
0.05716
0.055820000000000015
0.0571
0.04864
0.04582
0.04978
0.05079
0.04834
0.049210000000000004
0.0556
0.04903
0.05183
0.057989999999999986
0.05459
0.05446
0.04711
0.04408
0.052360000000000004
0.05596
0.05043
0.047810000000000005
0.04159
0.04312
0.05039
0.048510000000000005
0.03962399999999999
0.034694
0.037446
0.034941
0.037183999999999995
0.03834
0.043230000000000005
0.038544999999999996
0.036555000000000004
0.033934
0.033406
0.034305
0.037171
0.036969999999999996
0.036875000000000005
0.036769
0.031686
0.033991
0.033281
0.031255
0.032223
0.031957
0.031851000000000004
0.030387
0.027875000000000004
0.030385000000000002
0.031947
0.034694
0.032235
0.031412999999999996
0.029924000000000006
0.030324
0.028584
0.028581
0.025502
0.029066
0.029442000000000006
0.031443
0.028201999999999998
0.026060000000000003
0.026919
0.025937
0.027414
0.025816
0.025113999999999997
0.025101
0.025673
0.026895
0.024396
0.026298
0.028699
0.031161999999999995
0.031232000000000006
0.033862
0.034331000000000014
0.029827
0.026998
0.03161
0.026539
0.027319
0.027507
0.026992000000000002
0.029826
0.034099000000000004
0.029778
0.03209
0.031633999999999995
0.028964
0.026668
0.026009
0.025707999999999998
0.023492
0.027379
0.032956
0.034211
0.034016000000000005
0.032085
0.029861
0.031706
0.033438
0.032842
0.034177
0.036181000000000005
0.035761
0.035777
0.037918
0.037464
0.040015
0.036554
0.040962
0.041573
0.039675
0.046855
0.04445199999999999
0.039841
0.038716
0.035559
0.037441
0.04277
0.040859
0.04183
0.038301
0.04709000000000002
0.046325
0.047549
0.04803
0.048510000000000005
0.05008
0.04887
0.0544
0.04683
0.04599
0.04822
0.05221
0.05803
0.05678
0.058339999999999996
0.060729999999999985
0.06298999999999999
0.06870000000000001
0.05571
0.0573
0.06464
0.061370000000000015
0.05251
0.0562
0.05199
0.04877
0.04788
0.05155
0.052239999999999995
0.05541
0.04535
0.04666
0.04535
0.051620000000000006
0.059670000000000015
0.056899999999999985
0.052629999999999996
0.05229
0.05163
0.053479999999999986
0.05675
0.05483999999999999
0.05619
0.05775
0.0517
0.05681
0.05809
0.06022
0.05812000000000001
0.0561
0.05393
0.05008
0.04347
0.04662
0.05161
0.050339999999999996
0.05339
0.052120000000000014
0.05686
0.04991
0.055130000000000005
0.05982000000000001
0.05523
0.05603
0.05711
0.055420000000000004
0.05066
0.04810999999999999
0.05261
0.054270000000000006
0.05759
0.05431999999999999
0.05466
0.04819
0.04973999999999999
0.06117
0.061370000000000015
0.05997
0.05415
0.0478
0.04948
0.05629
0.05773
0.05063
0.04875
0.05139
0.05684
0.05812000000000001
0.04846
0.04862999999999999
0.04652
0.04941
0.04705
0.05304999999999999
0.05333
0.05513
0.05972
0.054529999999999995
0.051210000000000006
0.05812000000000001
0.05945
0.06581000000000001
0.05641
0.0516
0.053020000000000005
0.05345
0.05288
0.05596999999999999
0.06024
0.052120000000000014
0.048139999999999995
0.046810000000000004
0.05136
0.05345
0.05276
0.04778
0.04771
0.05462
0.05458
0.04829
0.051920000000000015
0.047630000000000006
0.05126
0.05093
0.05496
0.059279999999999985
0.05792000000000001
0.05246000000000002
0.045989999999999996
0.05365
0.04898
0.05255
0.048389999999999996
0.04743
0.052860000000000004
0.05708000000000001
0.05206000000000001
0.04856
0.04654
0.048010000000000004
0.04697
0.05558
0.04912
0.04922
0.0476
0.04886
0.047619999999999996
0.04605
0.050339999999999996
0.05801
0.05388
0.0498
0.05035
0.05585
0.05127
0.05389
0.05595
0.05288
0.04956000000000002
0.04621
0.04697
0.048330000000000005
0.04972000000000002
0.05160000000000002
0.04999
0.0531
0.05242
0.06829
0.05525
0.05222
0.05371000000000002
0.05178000000000002
0.04599
0.04536
0.0435
0.04437
0.05124
0.04728
0.04105
0.04096999999999999
0.04625
0.04613
0.04631
0.04225999999999999
0.03789
0.039613999999999996
0.041551000000000005
0.039845000000000005
0.037704
0.037014
0.035354000000000003
0.035526
0.037798000000000005
0.03928
0.039474
0.045241
0.044407999999999996
0.040192
0.038734
0.038235000000000005
0.038643000000000004
0.044131
0.039036
0.035452
0.033345
0.032178
0.034571
0.037968
0.037327
0.033219
0.035171
0.037301999999999995
0.036487
0.033589
0.02908
0.032306
0.032668
0.032161
0.035579
0.033908999999999995
0.032037
0.030863
0.032421000000000005
0.033193
0.0323
0.032289
0.030533
0.030651
0.030233
0.028305
0.028762
0.02889
0.026633
0.026408
0.02839
0.029611
0.031015
0.032658000000000006
0.027424
0.030608000000000007
0.031034
0.028166000000000007
0.029167000000000002
0.026754000000000003
0.02816
0.028132
0.027510000000000003
0.025076
0.028132
0.031555
0.029727999999999997
0.027026
0.026009
0.026828
0.029287
0.031729
0.029601
0.030693
0.02867
0.026430000000000002
0.027406
0.028995
0.028960000000000007
0.029667
0.033474000000000004
0.034308
0.032688999999999996
0.03268
0.027610000000000003
0.0293
0.03242
0.033516000000000004
0.033992
0.039133999999999995
0.038467
0.038096
0.035584
0.033191000000000005
0.032894
0.037998
0.036719
0.035824
0.038502
0.039769000000000006
0.041642
0.043974
0.037892
0.036472000000000004
0.041188
0.045181
0.045869
0.044922000000000004
0.04547
0.05133
0.0513
0.05864
0.050887
0.054529999999999995
0.04673
0.050710000000000005
0.049080000000000006
0.04991
0.043910000000000005
0.04572
0.044719999999999996
0.04712
0.04588
0.05654
0.05243
0.0516
0.04808
0.04909
0.048010000000000004
0.05081
0.04711
0.05278000000000002
0.05545
0.05628
0.05415
0.0533
0.05163
0.05438
0.05496
0.0522
0.05293
0.04898
0.0466
0.0469
0.0473
0.0526
0.05708
0.05066999999999999
0.051570000000000005
0.06021
0.06103
0.06041000000000001
0.0692
0.06383
0.05635
0.05458
0.05612
0.06724
0.05864000000000001
0.055420000000000004
0.05364
0.05878
0.05542
0.05284
0.055770000000000014
0.06343
0.05699
0.055450000000000006
0.05594
0.05629000000000002
0.05592
0.05138
0.057829999999999986
0.05874
0.06071
0.05954
0.05755
0.05886
0.06163
0.06119
0.0638
0.0634
0.060729999999999985
0.05569
0.05258
0.05826
0.05457000000000001
0.061829999999999996
0.05872
0.06153
0.06116
0.06045
0.05339
0.05371
0.06153
0.056719999999999986
0.05988
0.05816
0.05906
0.05926
0.059539999999999996
0.05511
0.05838
0.05798
0.05058
0.05083
0.057059999999999986
0.053979999999999986
0.05308
0.05376
0.04937
0.05114
0.054820000000000015
0.05005
0.05054
0.050839999999999996
0.05281
0.052000000000000005
0.05194
0.05165
0.05008
0.05003
0.05045
0.055200000000000006
0.05904
0.05719000000000001
0.05631
0.060299999999999986
0.055070000000000015
0.05469
0.053689999999999995
0.05667000000000001
0.052239999999999995
0.06118
0.05716
0.05674000000000001
0.055220000000000005
0.05505
0.05574
0.06076
0.060579999999999995
0.05882
0.05569
0.05314000000000002
0.05399999999999999
0.05844000000000001
0.06375
0.05384
0.05284
0.052289999999999996
0.0538
0.05412
0.0519
0.05462
0.05729
0.05551
0.054779999999999995
0.055479999999999995
0.05334
0.04791
0.04631
0.0501
0.05283
0.05654
0.05513
0.05641
0.05691
0.05496
0.05562
0.05433
0.05542
0.056150000000000005
0.06149
0.057309999999999986
0.056029999999999996
0.04997
0.049389999999999996
0.05023
0.050519999999999995
0.05629000000000002
0.05315
0.04909
0.0485
0.045840000000000006
0.0432
0.04462
0.043620000000000006
0.04371
0.0461
0.046269
0.052885
0.04549
0.04463
0.0414
0.042007
0.046447
0.044069
0.0399
0.036912
0.037568
0.034245
0.040371
0.038227
0.035826
0.03651
0.039166
0.040969
0.039302
0.036267
0.034657
0.039326
0.038212
0.038198
0.034991
0.036425
0.034468
0.033066000000000005
0.033107
0.033809
0.031292
0.030867000000000002
0.031498000000000005
0.02945
0.028369
0.030775
0.030886
0.031941000000000004
0.034394
0.029411
0.028591000000000002
0.02694
0.028595
0.030195
0.029679
0.028278
0.027329000000000003
0.030294
0.028794000000000007
0.029872000000000006
0.026599
0.030898000000000002
0.032985
0.033362
0.028551
0.030692
0.028699
0.03216
0.031282
0.027485000000000002
0.026505
0.029345
0.029489
0.027696
0.026455000000000003
0.027649000000000003
0.027607
0.028110000000000003
0.028859
0.029911
0.03082
0.030092
0.031466
0.035939
0.03959699999999999
0.031479
0.032139999999999995
0.029777
0.030019
0.031256
0.032581
0.03268
0.032102
0.031818
0.033786000000000004
0.035386
0.035454
0.037936000000000004
0.038072
0.039104
0.038002
0.039739
0.043733
0.047536
0.049655000000000005
0.045275
0.044525
0.04224699999999999
0.039948
0.046341
0.047348
0.043003
0.044148
0.04907
0.05324
0.05005
0.04981000000000002
0.044083
0.04495
0.04973
0.050660000000000004
0.05144
0.05821000000000001
0.054610000000000006
0.054002
0.05234
0.0476
0.04873
0.05664
0.06011
0.06185
0.06888
0.06267
0.06274
0.06127000000000001
0.06030000000000001
0.06253
0.06089
0.05825
0.06152000000000001
0.07550000000000001
0.06878999999999999
0.0686
0.06552000000000001
0.0621
0.06648
0.06808
0.06045
0.057329999999999985
0.054340000000000006
0.05186
0.05276
0.05754
0.05107
0.05126
0.05278
0.0496
0.04909
0.05710000000000001
0.055560000000000005
0.05693
0.05682
0.05455
0.0562
0.054360000000000006
0.05681
0.05811
0.05382000000000002
0.05716
0.05565
0.05698
0.05963
0.05903000000000001
0.06234000000000001
0.05098
0.052870000000000014
0.0576
0.05624
0.05508
0.06179
0.055679999999999986
0.05103
0.05759
0.053020000000000005
0.05579
0.06191
0.05889
0.05823
0.0564
0.05445
0.058839999999999996
0.05868
0.05324
0.05546
0.050780000000000006
0.04855
0.04707
0.05952
0.06247000000000001
0.0576
0.05252999999999999
0.0552
0.055560000000000005
0.05864
0.055040000000000006
0.05045
0.05886
0.052000000000000005
0.05356
0.05286999999999999
0.05491
0.059279999999999985
0.06339
0.057689999999999984
0.0577
0.058079999999999986
0.055150000000000005
0.055070000000000015
0.053439999999999994
0.05053
0.05084
0.05022
0.04651
0.0514
