0.1172558
0.1134666
0.11801580000000003
0.4418427
0.29742640000000004
0.29481040000000003
0.1332543
0.145376
0.0915447
0.10622329999999999
0.11474580000000001
0.1019796
0.0937805
0.0915977
0.08830299999999999
0.0855361
0.08488
0.08469960000000001
0.1091445
0.08181770000000001
0.101115
0.06723660000000001
0.07809859999999999
0.0919373
0.07178559999999999
0.076209
0.15282259999999998
0.0855154
0.1617949
0.16271739999999998
0.1643395
0.15637389999999998
0.16984509999999994
0.15764070000000002
0.13693329999999998
0.08502910000000001
0.09831919999999998
0.1248521
0.1132096
0.12913919999999998
0.1388729
0.12848510000000002
0.1577809
0.1227275
0.1078929
0.0849219
0.1467776
0.0929822
0.09208530000000001
0.1324231
0.13423020000000002
0.1338086
0.11957319999999999
0.1295637
0.10046519999999999
0.1288985
0.1570802
0.1093116
0.1348443
0.13074460000000002
0.14364200000000002
0.16072460000000002
0.1477707
0.1736817
0.1328858
0.1373541
0.15056270000000002
0.0995333
0.14229720000000004
0.0919403
0.033660800000000005
0.037924900000000004
0.134902
0.16156600000000002
0.1102636
0.0380461
0.1006052
0.10133880000000002
0.1404727
0.1210421
0.17154470000000002
0.1269807
0.16131640000000005
0.11003240000000004
0.1301681
0.1317066
0.12711869999999995
0.12540710000000002
0.1282277
0.1059675
0.18450899999999998
0.1524336
0.15531979999999998
0.14922370000000001
0.2118629
0.2025201
0.1967805
0.1719874
0.17396989999999998
0.18844370000000002
0.16157620000000006
0.1784191
0.2457757
0.2111645
0.17539079999999999
0.15268179999999998
0.0965868
0.10237230000000001
0.10112189999999999
0.2197573
0.1637513
0.1486107
0.1462076
0.14703229999999998
0.150642
0.06473949999999999
0.1483762
0.1058181
0.1170999
0.11183419999999998
0.11362719999999996
0.04994479999999999
0.13645890000000002
0.1235941
0.13404570000000002
0.0905245
0.1125732
0.2405262
0.336127
0.2762578
0.3076218
0.1917236
0.10460999999999998
0.1256583
0.113319
0.1306782
0.13612719999999998
0.12877539999999998
0.1761642
0.1401535
0.1225418
0.1276087
0.1450048
0.1469888
0.14400999999999994
0.14428670000000002
0.11480699999999999
0.1259389
0.104435
0.1301052
0.23800170000000004
0.2411973
0.2388255
0.16488699999999998
0.1478243
0.18276270000000006
0.09509830000000001
0.11310799999999999
0.17436849999999998
0.15177260000000006
0.1930635
0.23939499999999997
0.2711612
0.2301377
0.2184788
0.19642590000000001
0.14306409999999994
0.2915463
0.3108232
0.1830854
0.15442999999999998
0.1786119
0.0573579
0.14158389999999998
0.015173199999999996
0.015899899999999998
0.057476199999999984
0.0991095
0.2026753
0.11141949999999999
0.11843829999999995
0.1595366
0.15037090000000006
0.15394180000000002
0.1531125
0.182039
0.13970990000000005
0.1082275
0.11035539999999999
0.14111379999999998
0.14266200000000004
0.1437701
0.0647778
0.0723461
0.16993350000000002
0.17193789999999998
0.1383301
0.1065999
0.15697980000000006
0.1328556
0.11677859999999995
0.12603430000000002
0.17925040000000006
0.1467795
0.15298370000000006
0.205735
0.1962142
0.14754280000000006
0.18011500000000005
0.20703979999999997
0.2013363
0.2036793
0.2225359
0.1860653
0.2289831
0.2407495000000001
0.1922859
0.179313
0.3839882
0.3683133
0.3433004000000001
0.362158
0.375626
0.3783413
0.3416686
0.3692709000000001
0.35955329999999996
0.3305785
0.3210328
0.35103130000000005
0.3516261
0.3803327000000001
0.3809637
0.21610260000000006
0.062068799999999986
0.2395508000000001
0.24402670000000004
0.21852370000000002
0.20291170000000008
0.1168862
0.1971132
0.2235549
0.195505
0.1953601
0.1731964
0.17738210000000001
0.19506250000000008
0.20409690000000005
0.16427909999999998
0.1726178
0.17540019999999998
0.15898800000000002
0.1685354
0.030661
0.16705889999999998
0.1049805
0.112445
0.1820915
0.2054066
0.1954389
0.2219508
0.0934888
0.1867044
0.16416589999999998
0.1592418
0.16674470000000002
0.14887119999999998
0.1888775
0.22059160000000005
0.06066669999999999
0.211038
0.0615865
0.1606826
0.1486033
0.1102094
0.11549779999999996
0.16505889999999998
0.13211470000000006
0.17506100000000002
0.15072610000000006
0.14289040000000006
0.13493170000000002
0.2079699
0.1036155
0.1917723
0.13791951
0.11861389
0.15079233
0.13986753000000002
0.14920067999999995
0.17458353
0.17003878999999994
0.20839685
0.13016055
0.27194052
0.17864931
0.20166516
0.17175815
0.18844053
0.13803227
0.16318229999999995
0.22348560000000006
0.1682875
0.1570167
0.14005254
0.2899913499999999
0.32933927
0.38473815
0.40500432
0.24360189999999998
0.13358520000000002
0.14443905000000004
0.0184093
0.07590725000000001
0.10516729
0.11645269
0.10727679
0.2153487
0.1644354
0.09397599
0.02135895
0.11181509
0.12530865
0.12089621
0.27382822
0.21452056
0.16457065
0.10444044
0.12801079
0.14185319
0.16451585
0.014219749999999996
0.0408169
0.17454835000000002
0.16666605000000007
0.19080129999999998
0.15358770000000002
0.06264815
0.18727866
0.17524635000000002
0.17295194999999994
0.16589525
0.16108289999999995
0.16780385
0.145302212
0.14170308999999998
0.19281569
0.21693835
0.16560460000000002
0.16147835
0.15608110000000006
0.20127925
0.19023495
0.1081923
0.1321619
0.11441239
0.11050765
0.28764759
0.28169949
0.27577062
0.27261607
0.09892272
0.11119503
0.10819553
0.12620409
0.14153118999999995
0.28568209
0.29889819
0.27689429
0.09627194
0.27732629
0.26493289
0.29871085
0.28607564
0.28304702000000004
0.19749888
0.2019807
0.28516009
0.28440438999999995
0.30182134000000005
0.27565449
0.27196169
0.24556398
0.29175209
0.23143913
0.16951533
0.09863823
0.09732449
0.13518785
0.12342545
0.12286319
0.15953571000000002
0.13439225000000002
0.11099394
0.12462589
0.12390389
0.11194224
0.12283719
0.11784245999999995
0.10969405
0.1078026
0.17409309
0.12636635
0.11429109
0.11966545
0.1655453
0.17124105000000006
0.16324415000000006
0.1631489
0.17396695
0.16221535
0.15832621
0.20022551
0.20663561000000005
0.20524045
0.19139261
0.12410115
0.13826116
0.15516347
0.15910765000000002
0.06318235999999999
0.05548701
0.07310170999999999
0.18368861
0.17493871
0.18239525
0.15750065000000002
0.14961765000000002
0.12334705
0.11976909
0.04865199
0.12332694
0.14341948999999998
0.12119135
0.12036985
0.1129392
0.10404629
0.1546737
0.15011370000000002
0.12732945000000004
0.11555445
0.08707914
0.15585591
0.15221305000000002
0.12519829999999998
0.12454360000000002
0.1519531
0.13499360000000002
0.13443370000000002
0.1336711
0.14513708
0.14185934000000006
0.10681207
0.11375345
0.15022685
0.20926339
0.2539054
0.1793904
0.19157115
0.17273899999999998
0.16114035
0.20889125000000008
0.17477615000000005
0.17333465
0.01645795
0.15439099
0.11289538999999996
0.17286204
0.18593489
0.20788965
0.16622053
0.12331622000000005
0.01642202
0.14137678
0.13519392000000002
0.12649908
0.12362418
0.10021167
0.13221992000000002
0.11932487
0.12260097
0.12210537000000002
0.01352237
0.11525242
0.11195547000000004
0.02222268
0.14087478
0.14007468
0.13175538
0.017334119999999998
0.12215608
0.01486073
0.12634853
0.12093688
0.12611673
0.11926728
0.12875893000000002
0.12959389000000002
0.13183458
0.018836829999999995
0.12995269
0.11714508
0.12545398000000002
0.01247873
0.10577808
0.10725362
0.13072798000000002
0.10687068
0.10798123
0.11895713
0.12632069
0.11791518
0.09825447
0.10464122
0.10792537
0.13817682
0.10229217
0.01460308
0.01663532
0.016383419999999996
0.14179282
0.13466912
0.15321368000000002
0.013509019999999998
0.01174812
0.09804887
0.12139202
0.10251222
0.09258747
0.014028519999999996
0.13263118
0.11146232
0.10913112
0.11111478
0.12489463
0.01699937
0.11202227
0.10497077
0.01089442
0.10581617
0.09627227
0.10584247
0.10794937
0.10241252
0.11247237
0.10416527000000002
0.13891512
0.11205232
0.11314637
0.09169397
0.12324922
0.12414162
0.10700692
0.11422827
0.12236917
0.10692457
0.09873767
0.08557706
0.15138588000000006
0.014724470000000003
0.013851919999999998
0.014020470000000002
0.11317637
0.12106373
0.017316919999999996
0.12758388
0.11857712
0.12107417
0.14306162
0.1125239
0.1146268
0.1140728
0.10183236
0.0930017
0.10992948
0.12058747
0.015338170000000003
0.11433447
0.10850152000000003
0.014512919999999997
0.09724602
0.11159157
0.11768568999999998
0.1977591
0.38242131
0.3882820199999999
0.38267756
0.3525547700000001
0.25621009999999994
0.18313289
0.1334375
0.11923639
0.13846394
0.12881155
0.2147509
0.24579082000000005
0.18629196000000006
0.20572811000000005
0.18364475
0.1710735
0.15036055
0.21144615000000005
0.18679351
0.16515532000000002
0.23762135
0.1920222500000001
0.17984795000000006
0.2037469600000001
0.28473886000000004
0.26659766
0.25801301
0.21857251
0.12304051
0.20876805
0.21621066
0.09773829
0.15566425
0.18695099999999995
0.34471439
0.4055667
0.33985295
0.33985719
0.29833103
0.32860853
0.26400464999999995
0.11928304
0.12238669000000002
0.09115424
0.09991324
0.15495899
0.15495519
0.30919856
0.10178475
0.2336272000000001
0.15479949999999998
0.18479859
0.11553669
0.01557704
0.11190994
0.08031992999999997
0.15698039
0.17212044
0.16941475
0.1544323
0.16178205
0.15537304999999998
0.20021379
0.1805824
0.22973375
0.16881614
0.16147385
0.12732943
0.18443525
0.14561400000000002
0.20668545
0.12746509
0.18866
0.1918414
0.11119134
0.10782559
0.12125869
0.2299147000000001
0.2649495
0.23410375
0.20191995
0.21029009
0.22478235
0.2308614
0.14892279000000005
0.15230289
0.18371524
0.18116519
0.11209235
0.20721705
0.1169723
0.19825994
0.20883704
0.19046949
0.21307851000000005
0.25266615000000003
0.24083135
0.20599085
0.18731944
0.19309759
0.20444859
0.1872247
0.26593095
0.09574615
0.11715845
0.09833759
0.26612599000000003
0.30981815
0.27778009
0.19596709
0.26357349
0.01483044
0.12461904999999998
0.31350615000000004
0.30649225
0.26884618
0.34162088
0.30476562
0.23873656
0.17634819000000002
0.23024646000000004
0.26335285
0.2617975
0.14265705
0.17185655
0.15125339999999998
0.19464335
0.18787935
0.21879945
0.2260762500000001
0.20275345
0.1956664
0.16477014
0.24836550000000002
0.2264777500000001
0.21681375
0.17764790000000005
0.06048334
0.20722239
0.13207424
0.15666775
0.06009485000000001
0.15390389000000002
0.1357674
0.11656229
0.15434114
0.07320625
0.21135660000000006
0.21588965
0.15254850000000006
0.18380582000000004
0.16104925
0.21515825
0.21947306
0.22832401000000005
0.20348512000000005
0.15169309999999994
0.06778721
0.18460835
0.16964145
0.16124589999999994
0.17889370999999998
0.21903296
0.21075222
0.26421717
0.25382082
0.25418012
0.25462767000000003
0.08614300999999999
0.19835731
0.16835795000000006
0.08538031999999998
0.17614506000000002
0.19095906000000007
0.22573287
0.15970005999999998
0.19139196000000008
0.17948026000000006
0.24917947
0.25268842
0.24838631000000005
0.20442265
0.22779415
0.23622925
0.20943199
0.20482495
0.20857519
0.23131378
0.21477576000000004
0.22157826000000005
0.2114374
0.26560022000000005
0.23771736000000004
0.21516585000000005
0.21892015000000006
0.21586015000000008
0.21869495
0.2217387
0.19528302
0.20922212
0.09529972
0.21595971
0.1993907
0.30340967
0.27375065
0.27414071
0.10970945
0.2128259
0.22180729999999999
0.21324970000000004
0.22278255000000005
0.19718307
0.26361642
0.08860926
0.2714272600000001
0.27624061
0.2583616
0.2505778
0.23917206
0.2153149500000001
0.15679059
0.17298970000000002
0.23265285
0.22045815
0.1409839
0.140741
0.4029115
0.46239949999999996
0.36907
0.289851
0.18337910000000002
0.20525340000000009
0.21530679999999996
0.16768644000000002
0.18732676000000004
0.06885394
0.14627969
0.22610585
0.2133514900000001
0.22095389999999995
0.19835779
0.19056799
0.16273334
0.22455515
0.25037896000000004
0.09601305
0.2250346
0.19432895
0.19583355
0.08415849999999997
0.23850729
0.25839120000000004
0.20148925
0.2295054
0.28562772000000003
0.13021815
0.2658506
0.29589155
0.27827440000000003
0.13606735
0.16129359
0.22086444
0.21200864000000005
0.06958301
0.2173973
0.16831665
0.24712426000000004
0.2889050200000001
0.14725719
0.15020019
0.13163935
0.19642975000000004
0.1592027
0.18860951
0.17538443999999995
0.16423242
0.1118932
0.18422312
0.1681459
0.19151410000000002
0.25853000000000004
0.2070955
0.20151629999999998
0.1995779
0.17851489999999998
0.17816340000000006
0.13483860000000006
0.16409500000000002
0.16573829999999998
0.1157781
0.11537839999999999
0.15252770000000002
0.1824654
0.1962939
0.15885339999999998
0.152592
0.1207234
0.181361
0.16906629999999995
0.19159690000000001
0.2584915
0.159503
0.1242511
0.14386400000000002
0.0769321
0.1542171
0.0723515
0.2107653
0.13593010000000005
0.0655082
0.15874180000000002
0.16088750000000002
0.1548038
0.1653888
0.1848172
0.13672420000000002
0.17362299999999994
0.17902839999999998
0.19624370000000002
0.0751684
0.13116879999999995
0.14719359999999998
0.07706450000000001
0.1476566
0.15922270000000002
0.19219129999999995
0.1659075
0.1706935
0.2040084
0.17860839999999994
0.1910152
0.0925789
0.12615930000000006
0.1263955
0.2800147
0.133374
0.309805
0.32471690000000003
0.30831790000000003
0.321575
0.316696
0.2850095
0.17426239999999998
0.08160680000000001
0.0911712
0.23102670000000006
0.1825897
0.1192521
0.1382616
0.1093673
0.09789980000000001
0.0911597
0.0103759
0.10432290000000001
0.1168567
0.1242077
0.1091058
0.1079434
0.0909096
0.0114477
0.0103948
0.0102642
0.0511143
0.0122167
0.1207858
0.0087925
0.1199854
0.0858823
0.0955812
0.18546970000000002
0.1388444
0.13343429999999998
0.0987712
0.1023835
0.1083178
0.27471100000000004
0.2916571
0.2800777
0.2908057
0.2696575
0.084841
0.104701
0.08597339999999999
0.13137439999999995
0.0923544
0.0992296
0.1006566
0.0957244
0.107682
0.0930763
0.1123963
0.09557769999999999
0.1469672
0.16186810000000001
0.16046770000000002
0.16857979999999995
0.1524919
0.1003753
0.1032578
0.106013
0.117414
0.1054222
0.018844
0.1021878
0.1035036
0.1086443
0.1166981
0.0166392
0.13617720000000005
0.1420615
0.14595960000000002
0.1036493
0.016965400000000002
0.1292974
0.13836389999999998
0.1703649
0.11675719999999999
0.1982125
0.2486165
0.4235481
0.31874100000000005
0.28823590000000004
0.3585045
0.321691
0.251015
0.16800330000000002
0.12985510000000006
0.12170239999999999
0.120197
0.1416977
0.031151599999999995
0.17576770000000005
0.12618430000000005
0.144584
0.048830300000000014
0.1161402
0.12342660000000001
0.1185279
0.1151123
0.1353392
0.2283033
0.24538520000000005
0.2562422
0.2616610000000001
0.2901227
0.2412314
0.21820050000000002
0.2217947
0.2217744
0.2280277000000001
0.15169920000000006
0.1318353
0.1314106
0.1125769
0.070114
0.2120891
0.17107420000000004
0.0276258
0.0124958
0.1240029
0.13233879999999998
0.06972949999999999
0.2480030000000001
0.0396709
0.1464605
0.1628535
0.1188645
0.11962770000000005
0.1180156
0.1336457
0.1255296
0.1308338
0.0131726
0.11739480000000001
0.0109437
0.109882
0.019852
0.1269971
0.12543980000000002
0.1287886
0.110651
0.1133348
0.06190800000000001
0.17808520000000005
0.14800970000000002
0.2088377
0.3598891
0.2055758000000001
0.11808610000000001
0.19182000000000002
0.2232161
0.21518560000000006
0.16729100000000002
0.15415910000000002
0.1460575
0.13877160000000002
0.2155773
0.051729399999999995
0.16078389999999998
0.1855768
0.1722244
0.2389734
0.1824801
0.18882390000000002
0.14338389999999998
0.1973974
0.16983299999999998
0.14502939999999998
0.1965578
0.1534083
0.0604928
0.17127920000000002
0.11467290000000001
0.12932169999999998
0.1459694
0.12989779999999998
0.1237913
0.11043789999999998
0.14265009999999995
0.12652270000000002
0.11099989999999996
0.15756940000000005
0.13378440000000005
0.1301634
0.2174035
0.20942579999999997
0.2059835
0.2194553
0.2132764000000001
0.2195465000000001
0.1968954
0.16086630000000002
0.2368163
0.21655860000000005
0.2100616
0.22534200000000004
0.1256254
0.2198839
0.1260672
0.20850160000000004
0.1975511
0.2013006
0.1935315
0.2026948
0.21804250000000006
0.1978624
0.1266002
0.21550439999999998
0.2025763
0.1102525
0.1061672
0.2043644
0.2026872
0.20785389999999998
0.1975977
0.1236806
0.2109425
0.2011277
0.1030892
0.2001477
0.1869548
0.1043096
0.2008954
0.2851482
0.1735273
0.2830273
0.1960006
0.21012240000000001
0.1129018
0.1993319
0.2057807
0.2162903
0.1030225
0.1891734
0.2217058
0.2445591
0.2591029
0.2174487
0.20008590000000004
0.1960825
0.2926616
0.2651925
0.2316701
0.2760129000000001
0.2404058
0.29358680000000004
0.2779168
0.2738717
0.2766804
0.2313999
0.2442623
0.2546074
0.2530203
0.2643293
0.2647168
0.24988160000000004
0.24267339999999998
0.2606984
0.2713723
0.28948650000000004
0.28706550000000003
0.27897940000000004
0.2650984
0.2662122
0.2540875
0.2691645
0.2616295
0.2677835
0.26638249999999997
0.2850326
0.29097559999999995
0.1879645
0.2831166
0.23937870000000006
0.30940930000000005
0.31615530000000003
0.2806035
0.19521449999999999
0.2773476
0.2433383
0.17817919999999998
0.2508145
0.2731363
0.25163820000000003
0.24707110000000002
0.2732778
0.24681999999999998
0.2667906
0.2555548
0.1804558
0.17505520000000002
0.2503479
0.2551486
0.2532047
0.18091010000000005
0.1817422
0.2301958
0.17145120000000005
0.16059310000000002
0.2061544
0.1531182
0.1703433
0.17510540000000002
0.12846999999999995
0.17372630000000006
0.1599997
0.1715053
0.17049660000000005
0.1420011
0.20446820000000004
0.15369370000000002
0.13893350000000002
0.1421943
0.15422940000000002
0.15864620000000001
0.1527187
0.1824791
0.1661287
0.1153746
0.2011658
0.17570950000000002
0.16512670000000002
0.149872
0.1769601
0.17171409999999998
0.13575589999999998
0.1582492
0.1536025
0.1929801
0.16477150000000002
0.1857354
0.1640415
0.1798049
0.1775444
0.16406300000000001
0.2007192
0.22517150000000002
0.1658734
0.18126490000000006
0.18198820000000002
0.1862311
0.1832525
0.32777389999999995
0.14957720000000002
0.2627339
0.2003863
0.1760906
0.1745759
0.1566544
0.095744
0.174858
0.1531359
0.19319000000000008
0.17805300000000002
0.1158883
0.1220241
0.0128493
0.0996853
0.0980528
0.09539939999999998
0.09006310000000001
0.1038502
0.0941929
0.2042883
0.2287994
0.20307999999999998
0.1289349
0.11570760000000001
0.1017346
0.10747480000000001
0.0994296
0.125332
0.1214193
0.10689360000000002
0.12306989999999998
0.0862431
0.11433130000000001
0.13240320000000005
0.16874550000000002
0.1872691
0.1840953
0.1712126
0.14503700000000005
0.15255300000000002
0.1664447
0.17813299999999996
0.19692579999999998
0.0955357
0.1231684
0.1048887
0.1286994
0.1191104
0.1093503
0.1196283
0.1011005
0.1943211
0.1225191
0.14216230000000002
0.1127197
0.0891592
0.142572
0.12913629999999998
0.1156987
0.1192826
0.10713740000000001
0.15138740000000006
0.1451155
0.11609010000000004
0.1000812
0.110035
0.12309149999999999
0.1566891
0.17454579999999995
0.1787687
0.1761006
0.17326219999999998
0.1403343
0.13982760000000002
0.1403401
0.16133090000000005
0.14467370000000002
0.12810410000000005
0.13438429999999998
0.1290654
0.1482842
0.1136275
0.144525
0.1638558
0.17252620000000002
0.1948609
0.1070964
0.1964689
0.2019152
0.1856005
0.20979410000000004
0.15625180000000002
0.1945652
0.0407986
0.15140600000000004
0.15405530000000006
0.1309662
0.1418521
0.10495790000000002
0.12041670000000004
0.11783699999999998
0.12882539999999998
0.154394
0.1139928
0.08177290000000002
0.0989613
0.197068
0.2107649
0.1806272
0.19932300000000008
0.14549279999999998
0.15008229999999995
0.15241010000000002
0.1519858
0.1515568
0.15020820000000001
0.17516869999999998
0.14832012200000005
0.213082
0.2364182
0.22199580000000002
0.1854036
0.2606853
0.2226578
0.16935920000000002
0.1742382
0.1956529
0.1984535
0.2053629
0.16503099999999998
0.1648349
0.1808913
0.1516215
0.14762360000000002
0.1765987
0.15268199999999998
0.16300479999999998
0.2033177
0.1749182
0.1811173
0.2184342
0.2298114
0.227683
0.2443151
0.2187973
0.2223597
0.2146654
0.2065972
0.22549010000000005
0.2038544
0.2136444
0.15226979999999998
0.14902449999999998
0.1624756
0.16389630000000002
0.1777815
0.1727253
0.14997149999999998
0.1291443
0.173644
0.1436182
0.0823117
0.07507870000000001
0.008805700000000001
0.120252422
0.0435409
0.1204278
0.0142334
0.1310643
0.0166958
0.0990305
0.1453942
0.1572449
0.2077601
0.1840826
0.17512499999999998
0.2431721
0.2391035
0.2322864
0.251135
0.1858184
0.2196725
0.3879005
0.1818467
0.1955241
0.1947503
0.31220040000000004
0.1038409
0.009144
0.1389192
0.1227096
0.016207299999999997
0.0930297
0.1286104
0.1086016
0.11802060000000003
0.1159268
0.09260260000000001
0.0960998
0.13760989999999998
0.1535302
0.1324461
0.1030487
0.0851535
0.0697602
0.0780423
0.0913138
0.1208186
0.2088684
0.0304837
0.1681965
0.16666740000000002
0.1077745
0.1687134
0.10544780000000001
0.032400500000000006
0.1067337
0.1262046
0.1373296
0.0847163
0.1759248
0.0897625
0.1030338
0.1016071
0.08371160000000001
0.11607089999999998
0.0919383
0.1183693
0.1110208
0.10304
0.1011035
0.08080219999999999
0.1263087
0.1073612
0.1045769
0.07180360000000001
0.11423559999999999
0.0909373
0.118362
0.0960107
0.1267308
0.1003062
0.118811
0.103311
0.1058413
0.09548510000000003
0.110326
0.0122233
0.0150738
0.11854280000000002
0.0108224
0.1102483
0.1133619
0.0927537
0.1003546
0.0982104
0.12469580000000001
0.0938627
0.0130761
0.1168487
0.0983749
0.0896155
0.0947393
0.1291715
0.1087921
0.1005654
0.1198019
0.1019232
0.13350150000000002
0.08493300000000001
0.1002181
0.1192398
0.0974491
0.1127188
0.07256889999999999
0.1279622
0.12092089999999997
0.0965304
0.08947849999999999
0.07512200000000001
0.117457
0.0888707
0.0080423
0.0939722
0.0076735
0.0905812
0.0899035
0.0988444
0.0938986
0.0907645
0.0950755
0.0822186
0.1130041
0.08604959999999999
0.1014302
0.0878213
0.09047580000000001
0.1074469
0.0910892
0.1145503
0.1032664
0.0890257
0.1014672
0.0882809
0.1066273
0.0115106
0.0867806
0.103706
0.0944346
0.11436600000000001
0.1005732
0.11452709999999999
0.1049134
0.0955598
0.0085415
0.0888287
0.1358969
0.09225239999999997
0.0984988
0.1143232
0.0951273
0.12795789999999999
0.1117203
0.11897970000000001
0.1137154
0.10132259999999996
0.1253998
0.10330260000000001
0.14113989999999998
0.0999992
0.0909362
0.059927999999999995
0.1410448
0.10993119999999999
0.11354219999999995
0.1203355
0.11048399999999996
0.1081996
0.1131721
0.0852842
0.1264397
0.1047601
0.0995189
0.11591769999999997
0.0855744
0.1204069
0.1024764
0.1206922
0.1213588
0.1097046
0.13166689999999998
0.10696300000000003
0.1373312
0.1093425
0.0139013
0.1193964
0.0936765
0.13079839999999998
0.114885
0.1199674
0.0102246
0.1053905
0.1441579
0.1083107
0.013685
0.0750476
0.1191944
0.1099233
0.0855827
0.1325145
0.0095481
0.13451490000000002
0.12687890000000002
0.0959406
0.12139260000000002
0.0995614
0.1257779
0.1181705
0.1130409
0.0735918
0.1210865
0.1429747
0.1027364
0.11819569999999999
0.1301315
0.08894529999999999
0.1197231
0.0962937
0.13976360000000002
0.1163193
0.10361500000000001
0.1112769
0.10569339999999999
0.1160279
0.0965028
0.1140542
0.13200019999999998
0.0903168
0.1282539
0.08472310000000001
0.1331945
0.1194049
0.008482100000000001
0.117724
0.106902
0.1266555
0.1065979
0.11167550000000001
0.1182662
0.0930898
0.1354973
0.1017654
0.1250051
0.0795103
0.14024930000000002
0.0085725
0.1020384
0.1174994
0.1162735
0.1113997
0.1095704
0.0914347
0.09542619999999999
0.10603210000000003
0.1104719
0.1179866
0.092434
0.0086928
0.10349860000000001
0.1242517
0.105055
0.09972260000000001
0.1021098
0.0085417
0.1064385
0.0074072
0.11366710000000001
0.0998036
0.012107799999999998
0.1179284
0.09701900000000001
0.111325
0.1006049
0.1027468
0.1201513
0.0895705
0.114358
0.0933836
0.12624169999999998
0.11572269999999997
0.11307069999999997
0.121224
0.1192927
0.12753119999999998
0.1037146
0.1128656
0.1307844
0.089648
0.1251305
0.0947985
0.1155722
0.1097264
0.0923915
0.12524549999999998
0.0972036
0.1225212
0.0993567
0.1113534
0.1365558
0.08497009999999999
0.0998421
0.078961
0.10163849999999999
0.0965206
0.103101
0.1056367
0.1012872
0.1108882
0.029890899999999998
0.1232934
0.1665382
0.1249596
0.14273989999999998
0.1497879
0.1445205
0.08464529999999999
0.0942044
0.014810900000000004
0.08270409999999999
0.0882873
0.0671117
0.1244055
0.105505
0.0875744
0.104036
0.0891826
0.1246369
0.0759072
0.1112707
0.1057021
0.0933341
0.0964813
0.07967350000000001
0.1361789
0.0954462
0.1019326
0.1099175
0.1101417
0.14062979999999994
0.09783760000000001
0.1111503
0.0939668
0.092075
0.1137045
0.0997298
0.1289707
0.1132136
0.11040839999999999
0.1037183
0.0876866
0.10751379999999999
0.09747039999999996
0.1076509
0.09681
0.1060511
0.12310750000000001
0.0972864
0.1493517
0.1149855
0.1014333
0.099725
0.08479880000000001
0.12902460000000002
0.09487310000000002
0.1174636
0.0875201
0.0842871
0.1028921
0.0746581
0.1195967
0.0802952
0.0921915
0.0947259
0.08810789999999999
0.1137209
0.10257639999999998
0.1018267
0.0951042
0.10107560000000003
0.110026
0.010715899999999999
0.010706300000000002
0.10636749999999999
0.1046274
0.095814
0.0897809
0.14935500000000002
0.095744
0.1044605
0.0886671
0.0825472
0.0080134
0.08243890000000001
0.111392
0.0922617
0.0929655
0.0941235
0.0856112
0.1178538
0.08569969999999999
0.10630139999999999
0.1091228
0.0116825
0.10003009999999997
0.007012299999999999
0.1054275
0.006844300000000001
0.0893484
0.0954818
0.08405119999999999
0.1092758
0.0934588
0.10379220000000004
0.0963855
0.0965793
0.0127846
0.08137389999999999
0.1226479
0.106416
0.1054411
0.0948523
0.08569890000000001
0.1278879
0.09059869999999999
0.1010242
0.08876189999999999
0.10206
0.1049859
0.076328
0.1198347
0.0940473
0.0988451
0.1016538
0.08297819999999999
0.1224552
0.0873322
0.11082639999999999
0.090944
0.0972807
0.1069624
0.08320519999999999
0.1086432
0.1004562
0.11101559999999999
0.0914002
0.08240410000000001
0.08366860000000001
0.17169939999999995
0.00991
0.1000804
0.009684300000000002
0.10547990000000004
0.081058
0.1340019
0.0911472
0.1081826
0.10089760000000003
0.08544320000000001
0.1269595
0.0939048
0.1171164
0.10123510000000001
0.08941059999999999
0.1133914
0.08490089999999999
0.1112771
0.10445139999999999
0.1189355
0.11195610000000003
0.08742470000000001
0.1188151
0.0949502
0.1238914
0.11529369999999999
0.1005222
0.1127624
0.1017066
0.13282320000000006
0.1256243
0.1118308
0.1057224
0.1066452
0.1270435
0.0920942
0.1186688
0.0079759
0.09574400000000001
0.1055106
0.1044086
0.12426179999999999
0.1165418
0.1065807
0.1141813
0.096068
0.1171191
0.1004844
0.1113508
0.008673700000000001
0.1041968
0.1105232
0.0948307
0.13355379999999994
0.1209103
0.1052569
0.1050298
0.0916692
0.14867519999999998
0.1043894
0.1282999
0.0982586
0.0940066
0.1039244
0.0996334
0.1234237
0.1067129
0.1041889
0.1204665
0.09185399999999999
0.1370642
0.10536310000000003
0.12036469999999999
0.1146793
0.1028502
0.1131027
0.1109538
0.12599680000000002
0.11205419999999999
0.1227369
0.1032384
0.0901244
0.1337804
0.0070909000000000015
0.1145292
0.0961049
0.0883482
0.0105884
0.100726
0.1105968
0.10833039999999998
0.1108318
0.1131481
0.08334609999999999
0.1204469
0.0898853
0.1139558
0.1019094
0.08829680000000001
0.1285803
0.0939263
0.11694210000000001
0.1037495
0.10372039999999999
0.11584180000000001
0.0919669
0.1178458
0.102461
0.10742939999999998
0.09085499999999999
0.08148960000000001
0.1032635
0.07722830000000001
0.11856839999999999
0.09424649999999997
0.0883504
0.0975933
0.008573899999999999
0.1017988
0.1042566
0.1137814
0.1078902
0.106382
0.1242423
0.010854
0.1235875
0.1164989
0.1037914
0.0120218
0.0988032
0.10991750000000004
0.1017444
0.1261961
0.0965075
0.090781
0.13118670000000002
0.0927175
0.1186028
0.101577
0.0783303
0.1019291
0.090508
0.1162618
0.0921438
0.119743
0.1137333
0.1288058
0.1503216
0.1227058
0.0326354
0.12126300000000001
0.0956352
0.1046612
0.1387428
0.08196569999999999
0.0950064
0.0958531
0.0698849
0.115451
0.06223300000000001
0.1004459
0.1050604
0.08746280000000001
0.1172861
0.0795818
0.1186285
0.0134804
0.1103722
0.0973207
0.0763604
0.1207776
0.094797
0.083441
0.09948610000000001
0.102869
0.1088461
0.0961709
0.1195086
0.008869
0.1010888
0.0979416
0.08812130000000001
0.007541500000000001
0.0847313
0.0079293
0.10130610000000001
0.09059500000000001
0.1038719
0.008623200000000001
0.1076479
0.1023932
0.1037605
0.1034917
0.0885455
0.1156483
0.1003204
0.0986895
0.1138795
0.0915818
0.1184348
0.103697
0.1132025
0.1027313
0.1008183
0.09939239999999999
0.08257060000000001
0.1094943
0.1019814
0.0921548
0.0975027
0.08949510000000001
0.1006827
0.0954315
0.1144765
0.008024400000000001
0.009704299999999999
0.1324384
0.015524200000000004
0.1036664
0.11237550000000003
0.0905
0.1040792
0.016791300000000002
0.1061781
0.0973118
0.1169602
0.129277
0.1064921
0.1008779
0.08616050000000001
0.1134665
0.0958009
0.10798599999999997
0.1043615
0.10156799999999999
0.115704
0.091405
0.10755039999999999
0.10963510000000001
0.1219299
0.1146423
0.13312000000000002
0.012168
0.1270974
0.1248284
0.012370299999999999
0.013516499999999999
0.1028613
0.0980556
0.10710410000000002
0.1090098
0.1226053
0.0985481
0.08685989999999999
0.0130246
0.1025695
0.1096847
0.009604599999999998
0.1078381
0.106073
0.0989966
0.1204379
0.1189304
0.114096
0.1099222
0.1134694
0.0084162
0.1066122
0.1284404
0.0962707
0.1163211
0.1058779
0.1181505
0.11408419999999998
0.1204794
0.1278581
0.10590190000000001
0.119119
0.1269123
0.10147039999999999
0.1235337
0.1241846
0.1144122
0.1178154
0.1105402
0.1217118
0.11435710000000003
0.1348737
0.123368
0.1206089
0.0504207
0.15426330000000002
0.1882461
0.0159048
0.1411361
0.13058050000000002
0.1228885
0.1472648
0.1368556
0.125393
0.13423210000000002
0.1098173
0.13678710000000002
0.127936
0.1569385
0.14061079999999998
0.13288889999999998
0.13953269999999998
0.1450239
0.1315027
0.14829789999999998
0.1104018
0.1630704
0.1222346
0.1470899
0.1323231
0.1510195
0.1388235
0.011251299999999999
0.0122465
0.015038
0.1595971
0.009582099999999998
0.1249149
0.12709510000000002
0.010581899999999998
0.1414747
0.1348589
0.1314303
0.0183565
0.0142447
0.1591837
0.13603320000000002
0.1343599
0.1516942
0.12792810000000002
0.0123542
0.11435510000000003
0.1382099
0.1398832
0.13250019999999998
0.1521864
0.1307784
0.12743510000000002
0.1285609
0.1332227
0.13867790000000002
0.1448471
0.1281132
0.015312799999999996
0.12626030000000002
0.12307089999999997
0.1460865
0.123596
0.1278084
0.15065989999999999
0.0134894
0.0144809
0.0152999
0.0146218
0.0127623
0.12440899999999999
0.0148961
0.10867269999999998
0.016479499999999998
0.0149876
0.0571312
0.010853299999999998
0.1819415
0.010826999999999998
0.010696299999999999
0.11649560000000002
0.1162479
0.011625700000000001
0.1312823
0.1266413
0.13717420000000002
0.1158517
0.11354260000000002
0.1011778
0.134139
0.128558
0.13035919999999998
0.1126196
0.1242475
0.1084623
0.1380604
0.1373808
0.1371137
0.1471604
0.11614939999999999
0.12314939999999999
0.1402632
0.11524589999999997
0.1185317
0.1337804
0.1282742
0.1205746
0.013531799999999998
0.012417000000000001
0.1279855
0.1150594
0.1103718
0.1140906
0.1152633
0.1196383
0.1203816
0.2974375
0.31539490000000003
0.2007062
0.302306
0.28004110000000004
0.29919629999999997
0.29099050000000004
0.011341
0.1316849
0.14342110000000002
0.0107077
0.1337698
0.1197343
0.015240899999999996
0.0941736
0.1297335
0.10881980000000001
0.1173858
0.1239839
0.016132399999999998
0.0172951
0.1160461
0.13570020000000002
0.10953289999999999
0.0091105
0.1285502
0.1079939
0.1121539
0.1557373
0.14414229999999995
0.1605473
0.14111429999999994
0.13944189999999998
0.1090869
0.10601689999999997
0.1440632
0.2649655
0.2731296
0.1286486
0.1458595
0.1272396
0.0974762
0.1462629
0.14512270000000002
0.13868560000000002
0.2315272
0.222982
0.07685139999999999
0.0135029
0.1011431
0.0988746
0.1035413
0.08901500000000001
0.1377872
0.11947650000000001
0.1074515
0.1023117
0.08355130000000001
0.2084139
0.1069451
0.13694889999999998
0.1037576
0.1207259
0.10736269999999999
0.0974994
0.0203478
0.0187987
0.15093990000000002
0.11207730000000002
0.08483020000000001
0.009897
0.1256208
0.1038383
0.1178699
0.0973891
0.1158315
0.2697657
0.1951763
0.1977516
0.2979634
0.2785377
0.1145621
0.1158739
0.10029930000000001
0.1250942
0.3475342
0.265861
0.2390866
0.2225975
0.2245934
0.2262686
0.20812150000000001
0.1102243
0.012872299999999998
0.11946
0.092925
0.12984990000000002
0.2157269
0.0140822
0.0100902
0.0100375
0.116292
0.1472455
0.11843900000000004
0.2311069
0.2021707
0.2189564
0.16848629999999998
0.052634400000000005
0.116441
0.11799890000000005
0.010687799999999999
0.1332897
0.1148289
0.1339253
0.15470786
0.05382942
0.19014661
0.16147356
0.14014309
0.1683458
0.1553196
0.11255210000000004
0.1084434
0.2714844
0.32349206
0.29520921
0.29035408
0.0986464
0.07593369999999999
0.16741064
0.10989058
0.13723758
0.2286311
0.0906856
0.3311698
0.2149752
0.14722829999999998
0.1847423
0.1843553
0.14285839999999994
0.015388099999999997
0.0444688
0.1052025
0.012787500000000002
0.13663160000000002
0.1258726
0.1356854
0.0116943
0.1347095
0.12202647
0.1593802
0.16386108
0.16110228
0.21490368
0.14841858000000002
0.17541222
0.16094708000000002
0.15898678
0.1936153
0.09188129
0.16603355000000006
0.19883354
0.21589981
0.15518489000000002
0.09348416
0.16965366
0.14895708000000002
0.17652883000000005
0.16426018
0.16544472000000002
0.17763302000000006
0.07996728000000003
0.22602574
0.20676493
0.23173738
0.21577254
0.20816474
0.24569454
0.22457654
0.21946178
0.10849264
0.10301549
0.2189591800000001
0.057707769999999985
0.17690258
0.07957448
0.08639494
0.19533348
0.17304928000000006
0.21480488
0.15211452
0.20627258
0.17751683
0.19453918
0.10274442
0.22101403
0.25368494
0.23512303
0.21040878
0.20158583
0.16509976999999998
0.22535908
0.21965978000000005
0.21347023
0.21170068000000009
0.19416788
0.08770354000000001
0.18182643
0.21069968
0.16077498
0.17921864
0.01563343
0.01191237
0.13974522
0.012483469999999998
0.01490368
0.13491058
0.11221292
0.011295819999999998
0.11862252
0.14816463
0.02339703
0.17239882
0.18833582
0.06729732
0.03746778
0.013669719999999998
0.01397738
0.19096452
0.12439387
0.15593113
0.02113397
0.17845583
0.05931972000000001
0.16914308
0.13232018
0.09968252
0.18159258
0.16353262000000002
0.22598688
0.09787308
0.10059177
0.18199688
0.21395067
0.21432537
0.21670538
0.21717588
0.21483338
0.20587738
0.3641273
0.23561961
0.44987865
0.33042916
0.44802156
0.09285775
0.14690447
0.0004339
0.16452529999999999
0.064854
0.1710825
0.06430137999999999
0.17272838
0.15615456
0.23733552
0.23863447
0.24121347
0.29660142
0.090954
0.15938000000000002
0.27309
0.146067
0.14483400000000002
0.115232
0.17192300000000002
0.104935
0.129917
0.145964
0.12607200000000002
0.10636300000000001
0.13949899999999998
0.31067500000000003
0.29563
0.294211
0.286595
0.27183029999999997
0.2918579
0.21784210000000004
0.1008285
0.0972473
0.180452
0.1251263
0.13048110000000002
0.10838
0.187613
0.226023
0.18042
0.21178110000000008
0.2404729
0.222928
0.2123044
0.2243833
0.1931253
0.2298358
0.18421389999999999
0.1978356
0.2194627
0.21378089999999997
0.2227475
0.212553
0.2290797
0.211472
0.2121705
0.2132588
0.4067654000000001
0.3226533
0.32112310000000005
0.1725715
0.13410039999999998
0.1186242
0.1272135
0.1076975
0.1035984
0.0869824
0.096506
0.0886812
0.07898530000000001
0.09245410000000001
0.0204031
0.08826215
0.0006456000000000001
0.06525
0.07715050000000001
0.0066655
0.2044101
0.1147472
0.1359391
0.17797449999999998
0.1414697
0.0970883
0.0791477
0.1094374
0.1197826
0.1194693
0.1760345
0.18927070000000001
0.17193809999999998
0.23729
0.284206
0.2525424
0.239154
0.198162
0.17119
0.196779
0.079759
0.298347
0.23988
0.219459
0.192625
0.187273
0.21353100000000005
0.083351
0.08944930000000001
0.0147078
0.0934435
0.16786379999999998
0.015849000000000002
0.1100389
0.08153510000000001
0.1010188
0.1079869
0.10020499999999999
0.07562930000000001
0.1232171
0.11847970000000001
0.11829239999999999
0.1198629
0.1211742
0.0530166
0.1229
0.22613270000000002
0.1799065
0.0310808
0.14526779999999995
0.1313311
0.1273497
0.210305
0.3563040000000001
0.2225607
0.13624399999999998
0.1076442
0.1723996
0.036623
0.2165225
0.0447737
0.0388065
0.0870814
0.0198954
0.0244668
0.0186532
0.06258882
0.1085872
0.1848801
0.1934039
0.1199191
0.1370942
0.11460510000000002
0.1537911
0.2233195
0.244448
0.2019271
0.1802682
0.0612619
0.075573
0.16060770000000002
0.15550830000000002
0.1139759
0.1708402
0.1569202
0.1782999
0.1834881
0.1686611
0.16628110000000002
0.1639573
0.1817611
0.1909599
0.17944910000000006
0.1018582
0.09903510000000001
0.2074169
0.3302531
0.2661672
0.2519093
0.12323540000000001
0.1903716
0.0425232
0.010965
0.10868230000000001
0.15287920000000002
0.1277514
0.05404640000000002
0.08680449999999999
0.07528539999999999
0.0174385
0.138485
0.29369140000000005
0.2968154000000001
0.16468539999999998
0.29886440000000003
0.3014843
0.29082259999999993
0.2983593
0.3093522
0.1256688
0.1246635
0.14600829999999998
0.1404192
0.10218936
0.16150182000000002
0.16330215999999995
0.14912201
0.15976286
0.15587086
0.16740641
0.21785211
0.20095882
0.22644382
0.22415302
0.19852716
0.12889466
0.0444427
0.06877739999999999
0.038821
0.03703909999999999
0.0283525
0.038211
0.044577
0.0469901
0.038969800000000006
0.039076599999999996
0.0343853
0.0367837
0.025805400000000003
0.0186748
0.0381732
0.020537000000000003
0.008715500000000001
0.0164404
0.019635
0.0166677
0.015112100000000003
0.0159542
0.011903
0.0238396
0.0194362
0.0176405
0.0595169
0.052153000000000005
0.059268100000000004
0.024852400000000004
0.07015760000000001
0.18969049999999998
0.1928296
0.0731163
0.05121729999999999
0.0158887
0.0661548
0.019294260000000004
0.011786499999999998
0.013939849999999998
0.01857855
0.013368999999999999
0.01232691
0.23814231
0.23473801
0.23755491
0.24663251
0.23252261
0.23338756
0.06697249999999999
0.19469721
0.24605876
0.24454716
0.25031006
0.25167186
0.23963566
0.24122036
0.27657742
0.25873872
0.23362651
0.23538021
0.24180581
0.23717371
0.24431971
0.24658791
0.24035991
0.28468136
0.27081606
0.26194217
0.27292242
0.27661387
0.26118732
0.25803931
0.27024497
0.49460047
0.50513852
0.03850192
0.04560412
0.04926895
0.0362702
0.02286256
0.0218758
0.0226438
0.02611501
0.02431402
0.11091597
0.14062662
0.01706665
0.01984383
0.0297412
0.09669321
0.08105036
0.04615452
0.02312922
0.03743663
0.028245600000000006
0.20987308
0.26435167
0.18769789000000006
0.10671502
0.19218042
0.21951672000000005
0.08167163
0.0132493
0.0146104
0.07267526
0.03993022
0.25569695000000003
0.25564266
0.18979135
0.17962240999999998
0.29099367000000004
0.29454228
0.04018998
0.04938322
0.09648797
0.13709607
0.15144691999999998
0.01716596
0.026414270000000004
0.03231541
0.020759750000000004
0.018914420000000005
0.03461715
0.00813715
0.01480356
0.017921520000000003
0.05399119999999999
0.08338605
0.08111565999999999
0.09244479999999998
0.11396471
0.0285093
0.0080783
0.07712012
0.0786432
0.08030204999999999
0.09007746
0.09834422
0.09544222
0.09017246
0.08682122
0.10672857
0.10629376999999998
0.09404212
0.09891962
0.07430296
0.05077076999999999
0.057402620000000015
0.05332922
0.04784807000000001
0.031715919999999995
0.034820269999999987
0.026823350000000003
0.02231011
0.06535072
0.06435315
0.04071331999999999
0.05041251999999999
0.008085849999999999
0.0166112
0.0366141
0.06131601
0.05513195
0.03520005
0.0199643
0.01734901
0.02208266
0.05361502
0.08033436999999999
0.04061402
0.06015016
0.06185252
0.10525452
0.08919522
0.20370571
0.07680062
0.02879235
0.02348855
0.02347832
0.00910631
0.0091568
0.0903099
0.08808585
0.02745709
0.01561644
0.01304744
0.00700619
0.01699736
0.31718743
0.3266594800000001
0.20080402
0.08756101999999999
0.02901395
0.01945271
0.033731950000000004
0.03564365
0.056045260000000006
0.061206059999999986
0.07597362
0.06708472
0.06575692000000001
0.03105595
0.03762385
0.04519865000000002
0.04676075
0.058754160000000014
0.02703636
0.13919095999999995
0.13000782
0.05337131
0.11620932
0.17612267
0.21618327
0.12383497
0.026709899999999998
0.0361634
0.0399684
0.043827000000000005
0.0808569
0.0719942
0.07141089999999999
0.07318480000000001
0.0635612
0.0284853
0.017256200000000003
0.079942
0.046029900000000006
0.05940069999999999
0.02416808
0.1011784
0.1597954
0.1121996
0.0258696
0.0452284
0.064496
0.06038300000000001
0.0478497
0.0311443
0.1054105
0.1079919
0.1025948
0.08296089999999999
0.0881517
0.08077390000000001
0.07769830000000001
0.0772109
0.10233499999999998
0.07867130000000001
0.058179599999999984
0.0437328
0.0258755
0.030912099999999998
0.049360400000000006
0.0199066
0.047932300000000004
0.0497635
0.0313307
0.06707329999999999
0.0584304
0.06502039999999999
0.046828500000000016
0.0692314
0.0784098
0.0942796
0.07564630000000001
0.0728375
0.07644060000000001
0.0845916
0.0424249
0.030123900000000002
0.0620362
0.0637539
0.0898565
0.08600129999999999
0.0707878
0.05660700000000001
0.0752737
0.024143900000000003
0.0583163
0.0199018
0.029778700000000005
0.1316918
0.0300929
0.055003
0.052446800000000016
0.0387559
0.05707220000000001
0.029529800000000002
0.057750499999999996
0.059766099999999996
0.0626521
0.024062
0.03671990000000002
0.0233143
0.024471299999999998
0.0176169
0.015600799999999996
0.0110185
0.0143866
0.027073400000000004
0.0374203
0.04635509999999999
0.05003780000000002
0.0391624
0.0322529
0.0228928
0.0188584
0.0293326
0.027088100000000004
0.0213144
0.0250904
0.021555900000000003
0.029882
0.029429399999999994
0.0101464
0.00994685
0.0184102
0.022624599999999998
0.03644
0.0426145
0.04380471999999999
0.05163266
0.0427275
0.0205813
0.0481275
0.02107415
0.0323711
0.023985500000000003
0.02395675
0.023653549999999995
0.01890869
0.01386233
0.01314854
0.01277379
0.008291879999999998
0.01253913
0.01040964
0.008340940000000002
0.01816553
0.01351749
0.01791019
0.0228064
0.0365427
0.08301725
0.05409615
0.06380860999999999
0.05916625
0.06505204
0.05877005
0.05748809000000001
0.05477784
0.05847949
0.05231634
0.0683462
0.04094045
0.11892260000000003
0.01215139
0.01516674
0.03694355
0.01955759
0.01666699
0.0060572
0.013687700000000002
0.1679555
0.0480464
0.0695306
0.0560915
0.1008311
0.047274300000000005
0.0366394
0.0415991
0.037161900000000005
0.011478699999999998
0.1500649
0.2033578
0.18519270000000002
0.2047576
0.2836033
0.2694548
0.2884928
0.12086199999999997
0.1081865
0.0941775
0.1136652
0.06174169999999999
0.0463369
0.0674073
0.0985671
0.055781700000000004
0.049394200000000006
0.05672230000000001
0.0680758
0.06473709999999999
0.0732961
0.4197941
0.3683915
0.3831908000000001
0.3681566000000001
0.0149314
0.0288085
0.0236188
0.0295295
0.020651
0.0279819
0.0268262
0.0221562
0.04577319999999999
0.0617747
0.060566
0.021746800000000004
0.030080400000000007
0.0269409
0.0209603
0.018536
0.0133277
0.0127024
0.1393531
0.3623002
0.3637394000000001
0.36481220000000003
0.2975508
0.1498204
0.1356162
0.133113
0.134838
0.1308892
0.2159783
0.28329390000000004
0.293356
0.2921399
0.29668779999999995
0.295949
0.293344
0.29179109999999997
0.2930779000000001
0.29161609999999993
0.2946149
0.29119
0.29183990000000004
0.2280323
0.0134471
0.07606650000000001
0.4054718
0.4332504
0.44597709999999996
0.4186007000000001
0.1486989
0.07494880000000001
0.0272513
0.1222494
0.16756429999999994
0.17096260000000002
0.1651594
0.1511364
0.10193619999999999
0.0741268
0.0228664
0.0295496
0.27533040000000003
0.26420509999999997
0.2047269
0.2453607
0.1304766
0.1726167
0.0750464
0.0374579
0.0299187
0.0329179
0.023554
0.022389700000000002
0.07344730000000001
0.1084903
0.1143283
0.028144200000000005
0.1297082
0.1465312
0.0878235
0.088379
0.1309899
0.1463078
0.08535910000000001
0.0305715
0.04243969999999999
0.0372237
0.05444159999999999
0.0426776
0.055198500000000005
0.1115704
0.04039840000000002
0.0368545
0.05367969999999999
0.0238838
0.034310999999999994
0.050466699999999996
0.08108950000000001
0.08778949999999999
0.10899829999999999
0.1474572
0.08187810000000001
0.0832554
0.0677285
0.0790225
0.0717005
0.0995854
0.0867725
0.0759415
0.0637814
0.0601275
0.0510597
0.08450089999999999
0.17777179999999998
0.1841368
0.3976379
0.055264
0.073604
0.20361089999999998
0.07549550000000001
0.0684727
0.0994863
0.0739683
0.0647718
0.061323400000000014
0.10460789999999999
0.1198876
0.1022783
0.1173843
0.12318239999999997
0.08448989999999999
0.08128610000000001
0.1060245
0.0784233
0.07972430000000001
0.0653236
0.1093629
0.06031490000000001
0.0925432
0.08894239999999999
0.0576086
0.08735589999999999
0.0858105
0.08710530000000001
0.08999689999999999
0.0659946
0.0397283
0.1019551
0.1187269
0.11386589999999999
0.07196749999999999
0.11361669999999999
0.104601
0.11371589999999998
0.11268980000000002
0.10836880000000003
0.1240054
0.1139265
0.1129671
0.1424646
0.1430465
0.131925
0.1318022
0.13572620000000002
0.13136720000000002
0.1329463
0.13260909999999998
0.1303782
0.1281493
0.1250229
0.12298889999999998
0.12282380000000001
0.11582100000000001
0.11816980000000002
0.1249155
0.1234886
0.1331828
0.1228771
0.119155
0.11781709999999998
0.1132662
0.1212869
0.0974528
0.0360071
0.049050300000000005
0.045294
0.017566899999999996
0.0311906
0.0180743
0.013759799999999999
0.0155213
0.0292391
0.0288144
0.1055056
0.1670507
0.1204589
0.034816999999999994
0.0349369
0.04174459999999999
0.0452439
0.0291428
0.0261208
0.046111599999999996
0.0555035
0.0263393
0.0383409
0.0458911
0.07235069999999999
0.0225002
0.04378379999999999
0.0455733
0.0262185
0.0314638
0.04039380000000001
0.035750699999999996
0.0339175
0.0335359
0.0410628
0.0391885
0.0356917
0.03856
0.049920099999999995
0.0410945
0.043017800000000016
0.0725813
0.07483010000000001
0.0445779
0.04312729999999999
0.07907159999999999
0.08289149999999999
0.0798327
0.04286700000000001
0.0333403
0.0727832
0.059326099999999986
0.041568400000000005
0.0398791
0.0330486
0.0353083
0.0488916
0.053067799999999984
0.0585567
0.025847700000000005
0.030751599999999997
0.06162350000000001
0.0559602
0.0601196
0.0401904
0.0247446
0.031233600000000007
0.0812409
0.1028243
0.1169304
0.11608459999999995
0.11451610000000001
0.11545430000000001
0.1165067
0.1178433
0.1006787
0.06327160000000001
0.10337620000000004
0.11284739999999999
0.2550043
0.3007459
0.2007525
0.038655600000000005
0.0878494
0.029979200000000008
0.1278071
0.0624938
0.0275824
0.0292973
0.028729
0.022300200000000003
0.022727400000000002
0.0241653
0.04752
0.043188800000000006
0.05666180000000001
0.10104339999999999
0.0366199
0.0229198
0.026997900000000002
0.026560200000000003
0.034509200000000004
0.023861
0.033203100000000006
0.071119
0.11058310000000003
0.0246299
0.0430657
0.033463
0.0272928
0.0295333
0.036333300000000006
0.039855400000000006
0.0326366
0.0206099
0.08315039999999999
0.0896192
0.0873742
0.1117239
0.0823492
0.0839008
0.0707275
0.07565319999999999
0.0762686
0.07456120000000001
0.11182439999999999
0.07338059999999999
0.0906616
0.0704477
0.0701637
0.07323049999999999
0.0590776
0.07301640000000001
0.07215970000000001
0.0728865
0.1573138
0.1690595
0.14497500000000002
0.1810368
0.08010690000000001
0.07634980000000001
0.0719456
0.0638451
0.0829404
0.08361679999999999
0.0838778
0.0771109
0.0789601
0.06943989999999997
0.0707502
0.055388900000000005
0.0722505
0.059551499999999986
0.0769063
0.07798200000000001
0.07899310000000001
0.0746059
0.07319919999999999
0.0765317
0.0198996
0.01808
0.0222095
0.08742079999999999
0.07297959999999999
0.0732467
0.0539803
0.0717052
0.0724852
0.056986
0.050171400000000005
0.1116445
0.0187815
0.017584799999999998
0.0207307
0.027855900000000003
0.0236154
0.013838999999999999
0.0193922
0.0190529
0.024196900000000004
0.2402448
0.2192829
0.16566270000000002
0.084424
0.07960550000000001
0.0777522
0.0783552
0.0525457
0.0858378
0.0455
0.029249
0.0322019
0.0224956
0.0229658
0.024600599999999997
0.026028300000000004
0.010895299999999998
0.0172077
0.017986900000000004
0.0180929
0.0206239
0.025052500000000002
0.0206042
0.024344100000000004
0.0265059
0.021687
0.14623560000000002
0.0632015
0.06296790000000001
0.07134489999999999
0.0707778
0.0511327
0.0635955
0.079796
0.0804158
0.137114
0.07424510000000001
0.0924139
0.0632711
0.08259739999999999
0.06843950000000001
0.0892202
0.0859201
0.0821577
0.0854185
0.0659668
0.0814791
0.075244
0.0773056
0.0582695
0.1312575
0.12655270000000002
0.1294396
0.1239306
0.1310284
0.12295839999999998
0.0753776
0.0760067
0.0788901
0.0856895
0.06566380000000001
0.0810699
0.0785821
0.07996260000000001
0.07147179999999999
0.0703401
0.0331528
0.0686433
0.0716797
0.0793523
0.07522419999999999
0.07301060000000001
0.07293789999999999
0.058924099999999986
0.06634839999999999
0.16958900000000002
0.07932180000000001
0.1944088
0.1857892
0.191416
0.17716710000000002
0.1777994
0.19694620000000002
0.17615940000000002
0.15771960000000002
0.1270321
0.141424
0.1281521
0.1364781
0.1468482
0.08687980000000001
0.1245188
0.12677439999999998
0.1200918
0.1232191
0.012326799999999999
0.1017207
0.2522618
0.2528558
0.16602979999999998
0.15468270000000006
0.2042263
0.2569631
0.209781
0.25771130000000003
0.1106394
0.2405821
0.150725
0.22447670000000006
0.2065975
0.2152604
0.2539635
0.31123579999999995
0.2804008
0.3230746
0.3236027
0.3165697
0.3219686
0.2992057
0.3107796
0.2735744
0.3177303
0.3306874
0.3203703
0.2662011
0.2538882
0.25286970000000003
0.2325937
0.2510617
0.2495451
0.25052
0.2547106
0.1957492
0.2516443
0.2313353
0.2074012
0.2585593
0.2225091
0.2538085
0.2513858
0.2520288
0.2180529
0.1855802
0.25613850000000005
0.2253044
0.1845931
0.2384542
0.26136729999999997
0.25295860000000003
0.2533357
0.25638649999999996
0.2501829
0.2392057
0.2234619
0.25045700000000004
0.2511776
0.25331479999999995
0.2537916
0.2203446
0.2352847
0.2246236
0.24652800000000002
0.2499131
0.24904155
0.210389
0.206568
0.2507141
0.2500109
0.2485939
0.1918417000000001
0.13812729999999998
0.2437688
0.251092
0.2074768
0.2478025
0.1952727
0.27793559999999995
0.33859490000000003
0.25878300000000004
0.2398428
0.2552203
0.1926353
0.3636382
0.1964236
0.255469
0.2392804
0.26109940000000004
0.31166409999999994
0.4059138
0.4366098
0.340296
0.2578818
0.229185
0.26021130000000003
0.25862840000000004
0.2569495
0.1947925
0.2029523
0.3725131
0.3334821
0.30516829999999995
0.249719
0.2098818
0.2151853
0.1717755
0.1919223
0.3176773
0.3960965000000001
0.36460479999999995
0.2874029000000001
0.2996678
0.31395100000000004
0.2517176
0.17624260000000005
0.2418025
0.14667950000000002
0.2526068
0.24032689999999998
0.2364228
0.1845877
0.2544679
0.2488359
0.2513569
0.2291363
0.22510590000000005
0.2620503
0.2532665
0.1729145
0.2537788
0.17253139999999995
0.24020429999999995
0.2534018
0.2386436
0.2362438
0.24962
0.2496599
0.2470609
0.1853195
0.1206575
0.2506828
0.2234906
0.24977739999999998
0.1997664
0.2497718
0.2500178
0.249455
0.25011500000000003
0.14328770000000002
0.2494007
0.3072528
0.393045
0.3308417
0.2521643
0.2502326
0.25307060000000003
0.2540066
0.2364706
0.2446658
0.2262489
0.2490798
0.2133774
0.2284775
0.2123803
0.15844960000000002
0.2292232
0.2134935
0.1734255
0.23597670000000004
0.2535716
0.2459556
0.2513996
0.1780094
0.2527587
0.2536309
0.2446427
0.23096170000000002
0.17302479999999998
0.34087540000000005
0.3175841
0.3538971
0.2641301
0.17895499999999998
0.2530003
0.2103624
0.2276005
0.1978947
0.2226714
0.2360753
0.1708094
0.242992
0.2200893
0.2350371
0.1852704
0.25338130000000003
0.2497148
0.2233047
0.21134160000000002
0.2018724
0.23821689999999998
0.2422223
0.2523245
0.20251270000000002
0.1793132
0.203489
0.2884804
0.30624830000000003
0.29690209999999995
0.2636245
0.1989363
0.0150304
0.018589
0.12231398
0.05101372
0.02240182
0.05578545
0.07276742
0.13234097
0.13713017
0.09688276
0.04769925
0.05863911
0.055132150000000005
0.06089357
0.06890157
0.05541186
0.05783715
0.01521115
0.012165390000000002
0.008385430000000001
0.01334459
0.01225159
0.01469154
0.01329539
0.01387941
0.07426711
0.07565131
0.08237826
0.07007906
0.08201142
0.08882562
0.08129157
0.08506472
0.08329072
0.08018086
0.08614182000000001
0.08080382
0.01187885
0.01540754
0.24007288
0.23783893
0.25231879
0.22906379
0.16694154
0.25088698
0.25181459
0.24791949
0.21395354
0.23773998
0.21806892
0.22303078
0.25195112
0.25061932
0.24732137
0.25083822
0.18548778
0.25106237
0.25279312
0.25372782
0.23949882
0.22681678
0.25049322
0.23830712
0.24833522
0.22553808
0.24884407
0.20004802
0.21302783
0.23968998
0.24414883
0.25332108
0.20655659
0.21711268
0.25628473
0.25290169
0.25321789
0.25323689
0.25117303
0.25096708
0.25068918
0.25391588
0.19604549
0.21220369
0.25059998
0.24302083
0.18526183
0.25085232
0.25076718
0.25185722
0.24986828
0.25058303000000004
0.25549873
0.25482098000000003
0.25323712
0.25453578
0.25099502
0.24871312
0.19906128
0.25096718
0.24999112
0.24955327
0.24914547
0.20068083
0.25250378
0.24894612
0.25347408
0.25708478
0.25705588
0.17635734
0.24595763
0.2281267300000001
0.25024198
0.22554083
0.25067732
0.24772432
0.2496271800000001
0.25025727
0.25002988000000004
0.21236769
0.24650398
0.16560463
0.25375592
0.25225192
0.23622588
0.25522802
0.25506408
0.25339608
0.25279808
0.25009612
0.24940208000000005
0.23939518
0.24480918
0.22122118
0.25036498
0.25111612
0.24878347
0.24074508
0.25180718
0.25277528
0.24937038
0.24997528
0.25655073
0.25402198
0.22754179
0.25764983
0.25654679
0.22043179
0.24909842
0.25368312
0.24830418
0.25089322
0.25350508
0.25390598
0.22567879
0.25637873
0.24558363
0.14336134
0.23242783
0.23825303
0.24785418
0.15310263
0.25217408
0.25493578
0.25046662
0.25206232
0.26503738
0.24830042
0.23495642
0.25168172
0.25077932000000003
0.25084332
0.24919029
0.24996702
0.24852847
0.25126547
0.24838927
0.23844382
0.24964537
0.19873482
0.24700522
0.21095827
0.20529437
0.20451922
0.20378337
0.37530355
0.31813319
0.20924918
0.24846918
0.25004832
0.25108718
0.25611688
0.19362654
0.25028403
0.18487093
0.21216778
0.23920398
0.25347322
0.25196208000000003
0.25229198
0.24898393
0.18532159
0.15036833
0.20380219
0.26225663
0.16546159
0.25200108
0.25187408
0.20127454
0.25389598
0.24546732
0.24031337
0.22569908
0.23356023
0.25029238
0.23533793
0.25418169
0.27717753
0.25513383
0.25210883
0.25386103
0.24888832
0.23676903
0.25102208
0.25115113
0.25369203
0.25430109
0.18727483
0.21856113
0.24329022
0.18697098
0.24989947
0.25280908
0.25135012
0.21244893
0.25426022
0.25464798
0.25243063
0.25430873
0.25121518
0.23742247
0.21636402
0.20620063
0.25242122
0.12972154
0.22758088
0.23887693
0.23631712
0.25068347
0.25122717
0.25090522
0.24941312
0.29883349000000003
0.27809278000000004
0.25161992
0.25111388
0.25207322
0.25194722
0.25007122
0.25148112
0.24966698
0.25375112
0.25351298
0.25419388
0.21782573
0.20523573
0.24909118
0.25038632
0.25497992
0.23919102
0.25241002
0.25381392
0.23616888
0.25205022
0.23664637
0.25000337
0.14012509
0.10188421
0.05779315
0.04868546
0.08521356
0.05632673000000001
0.05784469
0.05989217
0.05515727
0.05373946
0.04756798
0.16500687
0.16088701
0.15176519700000002
0.10214723
0.25110203
0.08244552
0.03991482
0.12281132
0.05239696
0.04704401
0.04751586
0.08111482
0.07013957
0.07549586999999999
0.09890386
0.05708576
0.02660521
0.04693932000000002
0.03900041
0.026083299999999997
0.03079501
0.04252566
0.04014451
0.03057812
0.03648302
0.03319606
0.05993647
0.12255428
0.13165518
0.13679594
0.09440813
0.21072588
0.19947688
0.16565977999999998
0.23550988
0.17121957999999998
0.18794782
0.11274988
0.11393201
0.07092435
0.07873525
0.08145745000000001
0.08998824999999999
0.08619815
0.11667529
0.09618505
0.09764539
0.046280889999999984
0.0404735
0.04960301
0.04049945
0.04546121
0.027696900000000003
0.0543429
0.0608914
0.037085900000000005
0.03826029
0.05511805
0.04664515
0.0553907
0.04056939
0.06007735
0.06554185
0.06105249
0.05739335
0.05177752000000002
0.09035326
0.08837027
0.05095526999999999
0.08116632
0.03961686
0.08486946000000001
0.07849941999999999
0.09153142
0.07897864999999997
0.11793851
0.07921442
0.04869346000000002
0.04129475
0.04131471
0.04419842
0.061678320000000016
0.05862217
0.05602122
0.05210842
0.04827942
0.04895942
0.033263749999999995
0.02872295
0.03479305
0.0341911
0.021953720000000003
0.06805138200000001
0.06013146
0.13215812
0.10436466
0.10253656
0.11595061
0.12273451
0.10504236
0.12321016
0.11752831999999998
0.09919946
0.09130956
0.10370556
0.13060742
0.042917
0.035794000000000006
0.008267299999999998
0.0145436
0.0128731
0.011681799999999996
0.012814300000000002
0.013147400000000002
0.0127099
0.0169531
0.017071000000000003
0.015742700000000002
0.018210100000000003
0.0094875
0.007927
0.08546279999999999
0.0533751
0.0471541
0.0503059
0.056220800000000015
0.050195
0.061745000000000015
0.0470574
0.0495053
0.0384857
0.0376136
0.0481904
0.046607300000000004
0.0456415
0.0489631
0.0510169
0.052747400000000014
0.0496297
0.04998
0.055567200000000004
0.0531217
0.0415441
0.0394154
0.0996711
0.16901570000000002
0.1272159
0.037279400000000004
0.0417143
0.0415899
0.0411933
0.0444142
0.042468300000000014
0.0319483
0.0502098
0.031204400000000007
0.0367014
0.0366652
0.036838
0.08340349999999999
0.0807808
0.087
0.0905723
0.08799130000000001
0.0350093
0.2464691
0.240752
0.121514
0.0187567
0.021773700000000003
0.0189027
0.017199400000000004
0.018942700000000003
0.024518
0.07187229999999999
0.0749734
0.10075559999999996
0.058844500000000015
0.024717799999999998
0.030417200000000005
0.1050105
0.05718970000000001
0.0626857
0.07542660000000001
0.14666690000000002
0.1467974
0.15046859999999998
0.14997259999999998
0.14668720000000002
0.14332650000000002
0.142752
0.1239103
0.123278
0.1429094
0.14057070000000002
0.1333873
0.14635589999999998
0.13909970000000002
0.117154
0.14465540000000002
0.1427719
0.1309381
0.1434338
0.1425535
0.1256978
0.1494563
0.1286717
0.14467270000000002
0.1454557
0.08102619999999999
0.07534489999999999
0.12254010000000001
0.13836070000000006
0.14411580000000002
0.13061019999999998
0.1274916
0.14086300000000002
0.1468297
0.10650819999999997
0.14356549999999998
0.14516249999999994
0.0203862
0.0485335
0.1069864
0.1237645
0.1174252
0.1259121
0.12562120000000002
0.1030782
0.1206424
0.1083016
0.0913191
0.0390331
0.055062
0.055454
0.0497617
0.07515210000000001
0.0807179
0.0867353
0.0596024
0.0629281
0.1164115
0.134769
0.1284538
0.11461489999999999
0.0815669
0.0534297
0.0502647
0.0532397
0.060324699999999995
0.056691
0.06350689999999999
0.04254669999999999
0.0696967
0.0830617
0.1333047
0.1311072
0.0987112
0.0808638
0.0833083
0.09042819999999999
0.10636500000000003
0.1065067
0.08154299999999999
0.08050810000000001
0.0955972
0.0832559
0.08285880000000001
0.0950703
0.0829644
0.0910384
0.0959584
0.1137004
0.08677339999999999
0.1056519
0.11425419999999999
0.0960719
0.097318
0.098157
0.1084656
0.0914895
0.1047124
0.099301
0.0988157
0.08866180000000001
0.1048709
0.1108094
0.09264139999999996
0.1075237
0.09816369999999999
0.09130109999999997
0.10135370000000002
0.09741389999999997
0.102423
0.1068113
0.1387085
0.1415378
0.15646169999999998
0.15320260000000002
0.14552079999999998
0.15397049999999998
0.1345416
0.16521660000000002
0.1510047
0.1540335
0.1546254
0.1490614
0.13276110000000002
0.1496981
0.15973900000000002
0.152395
0.13479560000000002
0.14860020000000002
0.12707100000000002
0.1551984
0.15307279999999998
0.07391430000000003
0.0938538
0.0889041
0.08533089999999999
0.0974358
0.1020463
0.090196
0.07716300000000001
0.0937837
0.0326881
0.025221800000000003
0.0649981
0.0328892
0.0689969
0.1670565
0.1397739
0.1072592
0.1218677
0.1592646
0.13459010000000002
0.14690050000000002
0.0884324
0.1078262
0.0939862
0.0988053
0.09773
0.0891181
0.08509520000000001
0.08362330000000001
0.08401710000000001
0.0809247
0.0836857
0.08199659999999999
0.07950239999999999
0.14397
0.14116489999999998
0.12374089999999999
0.1394109
0.14241800000000002
0.17230910000000002
0.0665587
0.07711099999999999
0.0789957
0.06617719999999999
0.0969478
0.09705319999999999
0.1088438
0.13880720000000002
0.2064162
0.19626430000000009
0.1030907
0.0979
0.0929209
0.0919243
0.0931486
0.0955047
0.093418
0.1049446
0.1108185
0.1011391
0.09647390000000004
0.097252
0.0953663
0.0974513
0.0956845
0.0964577
0.09742100000000001
0.09663109999999996
0.0982362
0.09265110000000001
0.09432589999999999
0.0672838
0.0973193
0.0950742
0.09506439999999998
0.0935663
0.0957013
0.0964023
0.0912367
0.09370150000000002
0.0949305
0.0580812
0.1293596
0.12257080000000001
0.0492333
0.048105400000000006
0.036007300000000006
0.0295053
0.0295873
0.029828
0.0353152
0.0371142
0.07618739999999999
0.093699
0.037086900000000006
0.033276400000000005
0.03308339999999998
0.0326344
0.0362023
0.0375641
0.0391902
0.0359891
0.0339692
0.0356068
0.034444199999999994
0.036230000000000005
0.033593000000000005
0.0427991
0.0362543
0.0375222
0.06981389999999997
0.09716060000000001
0.0780836
0.060120000000000014
0.05887558
0.06207080000000001
0.06283579999999997
0.0605619
0.059031000000000014
0.0556364
0.0529459
0.05403580000000001
0.0506687
0.0517328
0.0500209
0.053623800000000006
0.05545880000000001
0.06356429
0.06250724999999999
0.06816499
0.06764017
0.07464435999999999
0.08205517000000001
0.08504822000000001
0.08668332000000001
0.08943822000000001
0.04015836
0.03486002
0.030555260000000008
0.05112726
0.05559536
0.05295132
0.04853836
0.03049027
0.04829146
0.04908146
0.04636242
0.0493749
0.0444789
0.04536934
0.04346678
0.040925880000000005
0.04553046
0.04594861
0.05094735999999999
0.05491836
0.04977341
0.05268136
0.05081136
0.05601836
0.05207636
0.05156032
0.06578217000000001
0.09450558
0.06017602
0.05244222
0.05831222000000001
0.06003406999999999
0.07501887000000003
0.08849557999999999
0.04789982
0.04521746
0.04049271
0.03251386
0.032906809999999995
0.03457281
0.03316981
0.03731171
0.03166686
0.02929586
0.031637809999999995
0.031071900000000006
0.03135461
0.02954081
0.03156686
0.03401271
0.03166596
0.03456071
0.03119581
0.03018086
0.03282176
0.03263576
0.032350809999999994
0.02914286
0.0244451
0.02892281
0.02904481
0.03203381
0.0247821
0.0248172
0.02881171
0.02890691
0.0283789
0.02904796
0.03032581
0.02873986
0.02689586
0.02626506
0.027411
0.02802386
0.02905266
0.03011381
0.02993581
0.02721486
0.02949081
0.02615106
0.02563606
0.02810016
0.02977851
0.04206966
0.02794686
0.027059100000000003
0.02754086
0.03122776
0.02817386
0.02851371
0.02769001
0.02677296
0.02825396
0.0279959
0.02736881
0.03004381
0.028275960000000006
0.03044351
0.06464512
0.02763366
0.02777891
0.02866781
0.03256971
0.034461759999999994
0.03254981
0.03293371
0.02897386
0.030221
0.029064099999999995
0.029636900000000008
0.02957686
0.02876586
0.013508760000000002
0.03101086
0.033921759999999995
0.03321771
0.030565409999999994
0.033463610000000005
0.12150577
0.11530177
0.13996902
0.03257176
0.03260676
0.03027776
0.03214486
0.03198766
0.02921386
0.03012086
0.03562256
0.03326466
0.03362386
0.03351966
0.03206563
0.03373663
0.02886288
0.03289739
0.02702087
0.02945578
0.03250968
0.03685334
0.0379033
0.03316578
0.03129877
0.03099868
0.031730829999999995
0.03318554
0.0378864
0.03183463
0.03415739
0.034154439999999994
0.03389278
0.03244378
0.03134974
0.03385968
0.03857126
0.031142779999999995
0.03234611
0.05341901
0.03458824
0.08726492
0.08795311
0.08927505999999999
0.07230125
0.07711242
0.08561521999999999
0.10622592
0.11641992
0.11867502
0.11738492
0.11913002
0.11952188
0.11632292
0.11996188
0.11156597
0.10274827
0.10294717
0.10230917
0.11475692
0.11687892
0.10208692
0.12001888
0.11993982
0.10353792
0.11129597
0.11033997
0.11446407
0.11222292
0.11407507
0.06089682
0.06510268
0.06133501999999999
0.057626919999999984
0.05751602
0.10268207
0.09607427
0.09499142
0.08383652
0.09847676
0.07822806
0.09320282
0.09408092
0.09534902
0.08887906
0.07930506
0.07740112
0.08498835999999999
0.0861336
0.09250565
0.12074943
0.11736201999999996
0.09815047
0.10381617
0.0441085
0.03910616
0.0416718
0.04712667
0.04249446
0.04754662
0.03900795
0.03647098
0.03780429
0.03633954
0.03815041
0.03795234
0.03867937
0.04111806
0.06096154
0.0628044
0.03878317
0.03833724
0.04304482
0.03866800999999999
0.056564809999999986
0.05922673
0.06170147999999999
0.06052875000000001
0.06025803
0.05941593
0.057788869999999985
0.06049212
0.05972547
0.04557547
0.04528827
0.044985880000000006
0.04918372
0.04213259
0.04086453999999999
0.04270121
0.036245490000000005
0.03607749
0.03900159
0.03656644
0.03882336
0.08304091999999999
0.03896616
0.03612039
0.04279331
0.04109831
0.0386675
0.03762539999999999
0.04215026
0.04139617
0.05894188
0.06556373
0.06011282
0.06801135000000001
0.06801760000000001
0.06272854
0.06256863
0.06103092999999999
0.05736707
0.04821716
0.04343406
0.05117287
0.08957701
0.09080202
0.09260988
0.09351992
0.10050333
0.13424994
0.12476899
0.12030809
0.11718139
0.11826999
0.05816619
0.07287950000000001
0.0712033
0.06955135
0.07152188000000001
0.07388182000000001
0.11795092
0.11910288
0.11462188
0.12184377999999994
0.12292092
0.11938997
0.12195992
0.12336892
0.12135807
0.11853707
0.12143567000000002
0.1225219
0.1129586
0.125471
0.1215586
0.12041760000000001
0.1218137
0.1199337
0.12073668
0.11954893
0.10432502
0.1240547
0.10397473
0.12214560000000001
0.10358183
0.09921197
0.11890692
0.11478502
0.11719102
0.11514097
0.11466898
0.06272831
0.06420355
0.06065045
0.06285940000000001
0.06569226
0.06446136
0.06081036
0.05899741
0.05572845
0.05422955
0.05655545
0.05644636
0.05861331
0.057351459999999986
0.05593521
0.05357845
0.04702155
0.04480368999999999
0.04538355
0.04601265
0.04684241
0.04792731
0.05106031
0.04808235
0.04024152
0.049200199999999986
0.05073517
0.04646402
0.09515293
0.09220592
0.08411197000000001
0.09791817
0.08711293
0.10170292
0.10753497
0.10687907
0.05438348
0.04393016
0.04453921
0.09739001
0.10074107
0.09909011
0.0848083
0.1090617
0.1164174
0.1163765
0.1206355
0.1230985
0.06959839999999999
0.048545300000000007
0.0530683
0.0462144
0.0467187
0.0425919
0.04650870000000002
0.0476898
0.044788999999999995
0.046333
0.0901709
0.046183100000000005
0.0457373
0.04682888
0.04214026
0.04225147
0.04209555
0.043332
0.0455487
0.04397090000000002
0.0458408
0.0775574
0.0809182
0.0750154
0.07752619999999999
0.0575605
0.0572735
0.10448330000000003
0.1028805
0.08811050000000001
0.10469860000000003
0.1078525
0.0941546
0.0981925
0.1115865
0.1121475
0.1134664
0.1114275
0.1040345
0.1088546
0.1044555
0.08716950000000001
0.1035185
0.10490260000000001
0.0945171
0.0952512
0.1044902
0.048969000000000006
0.0431497
0.0302157
0.0583371
0.0552054
0.0690396
0.0601399
0.07533490000000001
0.07740280000000001
0.07431180000000001
0.06787689999999999
0.0747947
0.07725670000000001
0.03142418
0.035308099999999995
0.07031499999999999
0.0812077
0.0829607
0.0809556
0.048651
0.0357491
0.05650118
0.03024827
0.01602027
0.08755018
0.05554628
0.12026689999999997
0.160772
0.1195518
0.1220618
0.0355175
0.06274120000000001
0.1790122
0.0580063
0.0359765
0.0280173
0.0271528
0.0885174
0.09056455
0.09385746
0.09003116
0.09255396
0.084096
0.0781193
0.12075099999999996
0.09920830000000001
0.1065318
0.1255627
0.1125461
0.1011074
0.098359
0.1003371
0.0635358
0.0526552
0.06491790000000001
0.0498079
0.0483337
0.08890999999999999
0.08707680000000001
0.08166960000000001
0.0545951
0.0512094
0.07192430000000001
0.07571710000000001
0.061502200000000014
0.055497300000000006
0.052524
0.0591419
0.08181489999999997
0.0654373
0.0618789
0.1279729
0.1382078
0.1379827
0.12234489999999998
0.0604133
0.06318330000000001
0.06548630000000001
0.066248
0.07068089999999999
0.0798367
0.0772293
0.07713930000000001
0.08039210000000001
0.0840002
0.06337330000000001
0.0844192
0.0945931
0.13644589999999998
0.1092911
0.06837710000000001
0.070439
0.059954099999999996
0.0790092
0.0605243
0.0692302
0.08050120000000001
0.07957289999999999
0.12108329999999998
0.08779979999999997
0.0741544
0.060454399999999985
0.05922830000000001
0.07120189999999997
0.0891107
0.048089099999999996
0.0666192
0.1030749
0.093734
0.0590011
0.0552731
0.06705130000000001
0.0918641
0.060930899999999996
0.07805
0.054708000000000014
0.0837854
0.06505470000000001
0.07576630000000001
0.0676596
0.07057619999999999
0.12624380000000002
0.08311129999999999
0.0694023
0.07462239999999999
0.06862940000000001
0.0777199
0.07392570000000001
0.077076
0.06541469999999999
0.061377700000000014
0.0667853
0.0620995
0.07354839999999999
0.07791290000000001
0.07943110000000002
0.1365262
0.12355139999999999
0.1239954
0.11163949999999996
0.1152783
0.12602339999999998
0.1215271
0.1164062
0.11122839999999999
0.10909529999999999
0.11450779999999999
0.094641
0.1319463
0.12283309999999995
0.1178307
0.112368
0.1227792
0.1225719
0.1048813
0.1295151
0.1417056
0.12309749999999997
0.0909789
0.1128657
0.08114509999999997
0.0932848
0.119217
0.1369066
0.089593022
0.0860913
0.1217695
0.1241748
0.11601949999999996
0.08696929999999999
0.10846369999999997
0.1149518
0.1156816
0.1075499
0.1304285
0.0967776
0.0938282
0.06119810000000001
0.0730286
0.221538
0.2276737
0.2271663
0.082362
0.06394240000000001
0.06614819999999999
0.07042960000000001
0.0634981
0.06596980000000001
0.06973439999999999
0.2470427
0.2064013
0.1917578
0.08760240000000001
0.05752110000000001
0.0788951
0.10423110000000002
0.1290538
0.1143251
0.1163725
0.07317340000000001
0.07749869999999999
0.0635578
0.0748591
0.06892820000000001
0.124598
0.07190360000000001
0.0707297
0.06693640000000002
0.09993250000000001
0.102013
0.08858579999999999
0.0905817
0.0902592
0.07484860000000003
0.067222
0.07559310000000001
0.06781240000000001
0.07355189999999999
0.0676588
0.158492
0.0840153
0.081652
0.08606660000000002
0.07135880000000001
0.08625139999999999
0.09716860000000002
0.13217779999999998
0.095612
0.08913659999999997
0.0932205
0.0920577
0.08863170000000001
0.1228943
0.1255798
0.1141845
0.1214662
0.12976300000000002
0.1097425
0.12758250000000002
0.0889977
0.0828679
0.0470413
0.06999380000000001
0.0793631
0.0785368
0.0885807
0.09349360000000001
0.100866
0.08957810000000001
0.0770692
0.0923722
0.0791537
0.03962079999999999
0.053282600000000006
0.0907218
0.1004047
0.3611358
0.040738299999999984
0.0314166
0.030635300000000008
0.0292283
0.0293572
0.029218900000000006
0.08589250000000001
0.0913003
0.0436937
0.0299711
0.0488215
0.0321345
0.032047000000000006
0.0881953
0.026460700000000004
0.024053799999999997
0.0357039
0.0451024
0.11457720000000005
0.07941269999999999
0.4656264
0.0432972
0.0508042
0.0493227
0.0586351
0.09945860000000001
0.0926371
0.11837139999999999
0.0738609
0.1189262
0.0840698
0.0614186
0.06367130000000001
0.10688419999999997
0.10372390000000001
0.1038031
0.1192375
0.099369
0.1138758
0.0778444
0.107987
0.1172474
0.14394690000000002
0.1152756
0.0886032
0.0988291
0.1231751
0.10062769999999999
0.1156401
0.10791019999999997
0.0954171
0.1139757
0.11494379999999994
0.1240538
0.1135934
0.0463288
0.07141470000000001
0.0626839
0.0533101
0.0703526
0.0662211
0.06345569999999999
0.06445330000000002
0.05943219999999999
0.0548927
0.0379935
0.07727389999999999
0.0651947
0.06990239999999999
0.0647322
0.0911668
0.1040381
0.09109389999999999
0.2280321
0.073791
0.2024751
0.2347241
0.2404417
0.22100419999999998
0.2516836
0.2251844
0.2002861
0.203205
0.2151297
0.09337630000000001
0.08489039999999999
0.10567730000000002
0.1093236
0.1086971
0.1202914
0.08504890000000001
0.0707887
0.08417469999999999
0.07879180000000001
0.1058538
0.12373379999999999
0.14687429999999996
0.11136730000000004
0.1172247
0.1200527
0.1024265
0.10279980000000001
0.1950822
0.15616670000000002
0.1367451
0.096044
0.07539900000000001
0.07427249999999999
0.14197590000000002
0.08181349999999997
0.0798561
0.1484896
0.15022540000000004
0.1522981
0.1075123
0.11712629999999999
0.11229360000000002
0.10735019999999999
0.10308310000000001
0.14950460000000002
0.1512031
0.1618227
0.14592829999999998
0.1501204
0.1583609
0.1507046
0.17466099999999998
0.1848389
0.07942729999999998
0.0768163
0.0802813
0.083422
0.08045129999999999
0.0809971
0.07889360000000001
0.0864131
0.1514976
0.1489463
0.0842826
0.08170200000000001
0.08933379999999999
0.07301532000000001
0.08990259999999999
0.1294936
0.13184840000000006
0.17854922
0.12648771999999994
0.1260932
0.12590330000000002
0.12445625000000002
0.14547170999999998
0.13025435000000002
0.12697530999999998
0.12937621000000002
0.13497201
0.1300092
0.12825580000000006
0.12697725
0.1295676
0.07927606
0.07966626
0.19396292
0.18310552
0.13596632
0.14999236000000002
0.10768552
0.13534180999999998
0.12540572
0.20792511
0.22272371
0.22152446
0.20760706
0.21778911
0.20981192
0.21680001
0.21922396
0.16598680999999998
0.16250602000000006
0.15933266
0.16080422
0.20347151
0.11787395
0.13116641
0.09912186
0.11314926
0.09778191
0.11711551
0.06932905000000003
0.0773678
0.07744655
0.11694951
0.13100911
0.08113156
0.10785326
0.19501342
0.10818026
0.18906002
0.21279162
0.18795467
0.19524002
0.26379037
0.18708886
0.18204506
0.23076137
0.26669417
0.11415161
0.11178986
0.09885911
0.14588556
0.11181675
0.0980111
0.08288155
0.11609446
0.21214822
0.11008636
0.09463675
0.09282135
0.10218246
0.09750191
0.09217645
0.11057021
0.10029581
0.11264936
0.09808126000000003
0.10918412
0.08663417
0.09000932
0.10911882
0.07845561
0.07975905999999999
0.06146662
0.08151991
0.08047351000000001
0.07549825
0.07512544999999997
0.07045035000000001
0.08979171
0.07869585999999999
0.07406821
0.07718775
0.07188634999999999
0.06484730000000001
0.07038801
0.04655115
0.0466856
0.06422790000000002
0.06255965
0.04418725
0.0421489
0.06044935000000001
0.05458195
0.04747229
0.03090159
0.03477465
0.034361699999999995
0.04416015000000001
0.04450305
0.03583705
0.04308405
0.0485046
0.11025436
0.11283642
0.10644412
0.05027481
0.04943675
0.03057669
0.04832315
0.04307725
0.032260250000000004
0.02824154
0.02726509
0.02797694
0.03297024
0.03544894
0.054605650000000006
0.0485394
0.045345300000000005
0.0375684
0.02642145
0.08988650999999999
0.08569755000000001
0.04341135
0.04513665
0.04898055
0.04375259000000002
0.05101099
0.03837694999999999
0.060348050000000014
0.03923635
0.04134729
0.04521879
0.04734079
0.046050440000000005
0.025494050000000004
0.035453799999999994
0.09106285
0.0989977
0.0832625
0.18650881
0.10653486
0.10924831
0.09665965
0.08900241
0.08215639999999999
0.14681281
0.15973211
0.14772101
0.11584405
0.12312045
0.10507851
0.09436510000000001
0.09555731000000002
0.09674454999999996
0.09900941
0.10206065
0.04705985
0.04346575
0.02927689
0.03533334999999998
0.044994449999999984
0.04303635
0.04138895
0.034401999999999995
0.074753
0.1303204
0.1256983
0.1342092
0.07869689999999999
0.0540675
0.043676199999999984
0.040121300000000006
0.0378909
0.0381102
0.041925699999999996
0.10441820000000004
0.1018239
0.06509830000000001
0.04372720000000002
0.039516
0.041986
0.0440605
0.04426070000000002
0.08500419999999999
0.08171709999999999
0.08569059999999999
0.0926214
0.10979180000000001
0.1952662
0.2005518
0.1430525
0.1210853
0.12005550000000001
0.1127631
0.1270009
0.1419193
0.0854322
0.08330970000000001
0.0818424
0.077295
0.0817329
0.08319770000000001
0.08291779999999999
0.0792953
0.07401410000000001
0.0958831
0.1044107
0.14662740000000002
0.1593204
0.1838263
0.1712833
0.1944439
0.2032486
0.1979566
0.17662090000000005
0.17513499999999999
0.16529989999999994
0.16757260000000002
0.1477363
0.1731291
0.1789574
0.1732442
0.17407060000000002
0.1783647
0.17960120000000002
0.1743394
0.16698089999999996
0.16829879999999994
0.16448859999999998
0.1693427
0.17096399999999998
0.1731311
0.17507930000000002
0.1211493
0.1203076
0.12368980000000002
0.1306745
0.13238919999999998
0.0956777
0.0676682
0.0627998
0.0701076
0.12948120000000002
0.07393530000000001
0.08166770000000001
0.0811624
0.1102065
0.1015451
0.09443690000000003
0.095436
0.1049686
0.08736450000000001
0.08139849999999997
0.13302469999999994
0.1386987
0.14349489999999998
0.1280133
0.07470840000000001
0.06311599999999999
0.1182345
0.13404929999999998
0.07901939999999999
0.1298777
0.1261348
0.06268530000000001
0.0660623
0.0704403
0.06429549999999999
0.0654555
0.07332260000000003
0.07028519999999999
0.0707195
0.06562349999999999
0.06781439999999997
0.07077850000000001
0.06706390000000001
0.07568960000000001
0.0823859
0.075324
0.07507180000000001
0.08938549999999998
0.06627390000000001
0.06945509999999999
0.066772
0.0679375
0.07173810000000001
0.06642400000000001
0.06475209999999999
0.0671697
0.07292260000000003
0.07963620000000002
0.1139
0.1110188
0.1327676
0.1152009
0.11897339999999998
0.098527
0.08333010000000003
0.12273219999999999
0.1230642
0.1352739
0.1238714
0.12225819999999998
0.122905
0.12814509999999998
0.12739920000000002
0.1421045
0.1372296
0.1271577
0.1192144
0.16576919999999998
0.1670116
0.2354629
0.2309322
0.2236743
0.2261482
0.1724011
9.918e-05
0.0002289
0.001387
0.002522
0.005974
0.008759000000000001
0.007118000000000002
0.00592
0.004204
0.023447
0.025182
0.024459
0.0205
0.00908
0.128216
0.16621
0.0070799999999999995
0.019363
0.011273
0.008457000000000001
0.008954299999999998
0.0064277
0.0063807
0.005856699999999999
0.004070799999999999
0.0049443
0.040444699999999986
0.026718000000000002
0.26283
0.276648
0.485271
0.484181
0.48576
0.48473
0.44191
0.4774771000000001
0.48567
0.47948
0.486505
0.486831
0.4867900000000001
0.476501
0.46737
0.46774
0.4682919999999999
0.4685889999999999
0.46852
0.4600010000000001
0.47672
0.475059
0.466972
0.462119
0.48029099999999997
0.485767
0.468668
0.46969700000000003
0.485862
0.4859
0.484597
0.477254
0.477582
0.47533500000000006
0.47700000000000004
0.48060641
0.4760019999999999
0.47377700000000006
0.47393199999999996
0.466669
0.456709
0.4453650000000001
0.157249
0.284076
0.297674
0.3849
0.379594
0.262246
0.262176
0.232609
0.0053097000000000005
0.008902400000000001
0.0088841
0.0082701
0.14095
0.254473
0.08447600000000001
0.0066085
0.0054857
0.0060856
0.005894699999999999
0.006194700000000001
0.0068032000000000006
0.006568400000000001
0.006393600000000001
0.0047737000000000005
0.0047047
0.008598399999999999
0.011161399999999998
0.0070717
0.0079258
0.0079839
0.006785000000000001
0.005286
0.00479
0.005022099999999999
0.006681000000000001
0.0078899
0.007467
0.008898699999999999
0.008856900000000001
0.0082279
0.006664
0.0053021
0.005300900000000001
0.005723
0.006429000000000001
0.007494800000000002
0.006663
0.007301
0.0086059
0.0070128000000000005
0.006386
0.017917
0.013452
0.007301
0.011671299999999999
0.011121299999999999
0.008957
0.008743
0.00882
0.015297
0.010382
0.01001
0.036890000000000006
0.034570000000000004
0.03244
0.031766
0.032923
0.031468
0.033007
0.033397
0.034730000000000004
0.031502999999999996
0.029812
0.031235000000000002
0.032253000000000004
0.032988
0.032662000000000004
0.031642
0.029806
0.005417
0.002968
0.002716
0.029329
0.031304000000000005
0.032717
0.247668
0.25666500000000003
0.363321
0.361483
0.34267800000000004
0.275333
0.331967
0.348881
0.359388
0.360442
0.350524
0.342023
0.354285
0.352168
0.344826
0.35885100000000003
0.356205
0.3553310000000001
0.355394
0.35892
0.352626
0.347677
0.34995
0.348077
0.34725500000000004
0.355767
0.22610500000000006
0.267353
0.25209200000000004
0.223724
0.251513
0.267656
0.268791
0.260585
0.22150599999999998
0.223155
0.221383
0.355833
0.266108
0.338643
0.343951
0.312763
0.334681
0.167522
0.22116
0.220277
0.210707
0.215416
0.215775
0.212417
0.17398
0.185412
0.2166734
0.181489
0.179726
0.17943399999999998
0.18302000000000002
0.18665
0.186735
0.185792
0.23842
0.377788
0.428829
0.416371
0.428593
0.42745299999999997
0.36013399999999995
0.184222
0.182826
0.18543800000000002
0.18439
0.184534
0.1838
0.183557
0.18504
0.365577
0.278464
0.415044
0.410409
0.436099
0.436241
0.452595
0.396269
0.22202510000000006
0.24553899999999998
0.2303838
0.1218325
0.2167563
0.2320944000000001
0.20255879999999998
0.2431301
0.3892525
0.2668914
0.24616900000000005
0.235863
0.24142200000000005
0.24473899999999998
0.24454299999999998
0.245719
0.244374
0.243657
0.242319
0.213572
0.2432488
0.1848144
0.363072
0.3552096
0.33029640000000005
0.2990339
0.350407
0.2568925
0.2342676
0.241471
0.232348
0.244456
0.2313711
0.2324505000000001
0.2247212
0.333338
0.33924040000000005
0.3206468
0.30783109999999997
0.24602889999999997
0.1795888
0.181211
0.1834241
0.187055
0.186774
0.1831691
0.1821211
0.2489053
0.2014263
0.23897810000000005
0.24518360000000006
0.0957292
0.1381456
0.2095808
0.21209050000000002
0.2259436
0.2362822
0.2071936
0.1846808
0.18045799999999998
0.1684953
0.41619759999999995
0.3826459
0.4251197
0.33790069999999994
0.22112930000000008
0.18283027
0.18384718
0.18385427
0.18418510000000002
0.1837521
0.1864681
0.18355510000000005
0.1852441
0.18429518
0.18408818
0.18392809999999998
0.1833779
0.182628
0.25267080000000003
0.30288200000000004
0.28451190000000004
0.4525921
0.4221902
0.34147890000000003
0.3233669
0.3402019
0.3742578
0.2074601
0.19055870000000005
0.18534389999999998
0.188808
0.1871449000000001
0.1868934
0.1882835
0.18848770000000006
0.1863236
0.15160810000000002
0.3090299
0.10464209999999996
0.17845329999999998
0.1876502
0.18891240000000006
0.1926742
0.1948483
0.2157933
0.20851520000000004
0.18792520000000001
0.1916656
0.20528400000000002
0.3316072
0.2939512
0.2546744
0.1939903
0.2233925
0.1861638
0.1873399
0.1895417
0.1945756
0.1919605
0.1926465
0.1954124
0.1949345
0.1936405
0.1871888
0.4393363
0.2246956
0.19825520000000002
0.2464259
0.23730120000000002
0.21385170000000003
0.1937943
0.2070763
0.2051053
0.1965463
0.198874
0.2016066
0.2045339
0.204394
0.1982124
0.2022236
0.1915129
0.1927988
0.1990309
0.1995118
0.1854978
0.18256429999999998
0.1091709
0.17978239999999998
0.2363774
0.3117458
0.3094158
0.3095388
0.1915028
0.3091756
0.3265526
0.2926597
0.3310365
0.3024738
0.31752220000000003
0.30238000000000004
0.3293855
0.2964969
0.3181604
0.30537660000000005
0.3199503
0.3220083
0.2711426000000001
0.32948590000000005
0.3432604
0.32990040000000004
0.2002735
0.2016703
0.1961575
0.2019484
0.19362040000000005
0.1967675
0.2089814
0.1946976
0.1932115
0.208166
0.20958
0.2107083
0.2281675
0.2322634
0.21642260000000002
0.2210075
0.2124716
0.24179
0.2289592000000001
0.22186639999999996
0.1985794
0.2077464
0.31456860000000003
0.11439469999999999
0.2220615
0.2186006
0.2233456
0.2239786
0.2209897
0.2271735
0.25038699999999997
0.2031083
0.1918547
0.1931318
0.1909357
0.1954237
0.2009728
0.1912068
0.2952522
0.1975403
0.349681
0.34372800000000003
0.3084292
0.2819354
0.2794264
0.2725146
0.27272002
0.28540396
0.29094551
0.25857440000000004
0.2029922
0.23052979999999998
0.21623985
0.23569736
0.23893636
0.21526943
0.21737889
0.25478935
0.27388268
0.26128892000000004
0.25785276
0.26705768
0.26371463
0.26076787
0.26796268
0.27603548
0.27369943
0.21797232
0.19916351
0.24659087
0.2293525200000001
0.10953488000000004
0.20686597
0.33862426
0.35408246
0.36918716
0.36684326
0.35174426000000003
0.33913122
0.16619560000000005
0.33453386
0.22890844
0.22453117
0.22501985
0.22377223000000004
0.23227460000000005
0.25124113
0.27415056000000004
0.45749756
0.384378
0.297235
0.465308
0.463611
0.465328
0.41549
0.271125
0.241648
0.338571
0.351822
0.239228
0.22722600000000004
0.298464
0.38236
0.404118
0.37474
0.394381
0.4044758
0.42564650000000004
0.2045352
0.2372177
0.3499453
0.3783042
0.3768572
0.3745
0.3936067
0.4095838
0.4410547
0.2935708
0.3150673
0.3726941
0.3771093
0.3114421
0.4639414000000001
0.2876196
0.30413090000000004
0.3031836
0.27548690000000003
0.3675646
0.357513
0.349246
0.3460031
0.340385
0.34170290000000003
0.3938817
0.4268885
0.4333784000000001
0.4027821
0.3958902
0.3162284
0.36637709999999996
0.3298296000000001
0.3595591
0.31902379999999997
0.3585793
0.35929110000000003
0.3522976
0.3418748
0.35746760000000005
0.3172434
0.3265292
0.3343592
0.3597209000000001
0.3608328
0.3651899
0.347571
0.35083879999999995
0.33311599999999997
0.35625840000000003
0.34921240000000003
0.34202790000000005
0.3665109
0.31579679999999993
0.35176490000000005
0.3351759
0.34216459999999993
0.3745225
0.3155524
0.16646049999999998
0.1811157
0.2301356
0.32589470000000004
0.3479563
0.3119015
0.3214678
0.30555140000000003
0.3572147
0.31732209999999994
0.32359879999999996
0.31611279999999997
0.30248780000000003
0.4416937
0.4469848
0.4444768
0.4447638
0.4438748
0.2451553
0.3205736
0.2932573
0.4556207000000001
0.4203972
0.4311238
0.4005237
0.379142
0.4444751
0.4339338
0.3872059000000001
0.3935954
0.31436440000000004
0.3737646
0.4300947
0.3452373999999999
0.1181325
0.30431830000000004
0.2650625
0.2130505000000001
0.1763184
0.1309635
0.13545499999999994
0.1252576
0.14310499999999998
0.1282251
0.15248989999999998
0.1650375
0.090515
0.034786000000000004
0.21078
0.247113
0.29703042
0.26380366
0.29265399999999997
0.20662199999999997
0.16706875000000002
0.17483027
0.17908212
0.17140761
0.14426470000000002
0.22879
0.3430533
0.291566
0.31924090000000005
0.35015840000000004
0.3508634
0.3224896
0.2977442
0.357071
0.3926709
0.3742956
0.3400691
0.3973198
0.4032509
0.340328
0.324201
0.16185
0.21385647
0.19257047
0.19320232
0.19436522
0.19324466
0.17445466
0.21482476
0.3416582
0.341937
0.3948859
0.3273531000000001
0.425111
0.31884139999999994
0.33047940000000003
0.31638940000000004
0.34139949999999997
0.3388609
0.35583059999999994
0.4019909
0.2499002
0.2945985
0.2484728800000001
0.19604282
0.18664302
0.14688428
0.21412828
0.21618412000000006
0.16000688000000002
0.10423518
0.07315826
0.06263041
0.14505612
0.13462196
0.07391296
0.07398192
0.11315882
0.19481729999999997
0.2505359
0.2390719
0.3562281
0.4066263
0.3784960000000001
0.2872665
0.29391490000000003
0.2694178
0.32805779999999995
0.27324309999999996
0.280055
0.2376023
0.28037870000000004
0.2986225
0.32718289999999994
0.3190706
0.31736030000000004
0.3211044
0.3476111
0.3308463
0.3327274
0.33525609999999995
0.2931732
0.2796391
0.28283040000000004
0.26967240000000003
0.2491519
0.2101031
0.2157538
0.25242010000000004
0.1043032
0.10894152
0.179619
0.1540751
0.07361857
0.07647857
0.12435839999999998
0.18329740000000005
0.28358629999999996
0.2665686
0.2050299
0.19508793
0.33444923
0.35620281
0.2571366
0.260891
0.21852124
0.20417014
0.19785885
0.203974
0.21586534
0.1961181
0.17848054999999996
0.16574569
0.14985129
0.33285513999999994
0.32521853
0.34466708999999995
0.34754333
0.33444714
0.19343748
0.18180029
0.25868343
0.25680685
0.3943276
0.4247624
0.4113512
0.41938820000000004
0.4028794900000001
0.4008752
0.39913335
0.19174908
0.18941202
0.25802688
0.37937824
0.38210419
0.30361519000000003
0.39773219
0.3957811
0.43775419
0.45804415
0.44829915
0.28371729
0.32287024
0.36722029
0.36568624
0.20173524
0.19405315
0.42289855
0.41195345
0.42699355
0.38349059
0.37469198
0.30901301
0.39792029
0.30080238000000004
0.33309106
0.3784802
0.41023639
0.38644101
0.38301401
0.3121651
0.20810529
0.39934224
0.34902429
0.29169729
0.28877124
0.36259829
0.34405829
0.19578233
0.22304853
0.22618933
0.25267015000000004
0.26643901000000003
0.22331001
0.29673401000000005
0.21156509999999995
0.22734119
0.24485964
0.21292113
0.31380743
0.33246388
0.34159263
0.41422564
0.35953569
0.35942109
0.22825018
0.07529718999999999
0.10761552
0.24414823
0.22163999
0.28023828
0.24392713
0.31198593
0.0516852
0.0386473
0.03555006
0.06214711
0.04937276
0.0482016
0.09277526
0.1853835
0.37224828
0.34150728
0.3821031
0.43426302
0.15929212
0.44628321
0.3828216
0.45561215
0.41723631
0.43796315
0.47705611
0.4215353
0.41278925
0.4403261500000001
0.4140152500000001
0.42023109999999997
0.47355125
0.43901221
0.46969035
0.4745041
0.4525615
0.43129455
0.43861269
0.45537765
0.46865565
0.44125859999999995
0.47268755
0.4580725000000001
0.4731165
0.47114265
0.47466359999999996
0.47094465
0.39679611
0.47387035
0.4735583999999999
0.47339129999999996
0.4628473
0.4519494000000001
0.44315245
0.45388822
0.47292536
0.45490136
0.46958555
0.46566731
0.45850936
0.43074211
0.47166149999999996
0.45898211
0.47794705
0.46557129999999997
0.45174825
0.4642232
0.4627903
0.4714933
0.4764335
0.47529435
0.4758553
0.4587262
0.46968935
0.46598505
0.43368225
0.44012421
0.4394923
0.44640225
0.4708445
0.45005715
0.4523434
0.46253245
0.4728648
0.470484
0.45694565
0.4606574000000001
0.45488745
0.44391115
0.47700071
0.41433411
0.4724514500000001
0.4761974
0.4705812500000001
0.4702823500000001
0.33187306
0.47461815
0.47758725
0.4436594
0.4712196
0.4718307000000001
0.4688488
0.4446787999999999
0.4597102
0.46626165
0.4508745
0.45836605
0.47338739999999996
0.4022738
0.468592
0.46950575
0.4719531
0.4699073
0.43552665
0.45976765
0.4672657
0.46793745
0.4679126
0.46544385
0.45898965
0.45272835
0.4551963100000001
0.4693103
0.46441450000000006
0.47025839999999997
0.4360213
0.4775634
0.40512005
0.18482777
0.18958267
0.18920818
0.31179904
0.18951268
0.18905347
0.22183108
0.22132222
0.22824812
0.20953169
0.26330533999999994
0.19087979
0.19473732
0.27476549
0.32427004000000004
0.20109425
0.25014509999999995
0.36767745
0.27273935
0.28214040000000007
0.22529949
0.19030317
0.19111523
0.23712373
0.24526438
0.22107878
0.21548273
0.25443078
0.30085703
0.18975088
0.18891258
0.18640603
0.25753913
0.32151833
0.28442228
0.33597144
0.28636365
0.33558215
0.36530105
0.35688905000000004
0.3369639600000001
0.28436692
0.2374481
0.28696719
0.32572819
0.32899119
0.32385418999999993
0.33413419
0.31522815
0.33112010000000003
0.33927569
0.33222579
0.34405755
0.33921555
0.32409771000000004
0.36562345
0.33500984999999994
0.33241299
0.33940374999999995
0.34039688999999995
0.34155175
0.33112389
0.33020588999999995
0.19173025
0.23051845
0.13790924999999998
0.18350335
0.26883986000000004
0.43450377
0.43118596
0.41388082
0.37247192
0.38628306
0.38136091
0.36463611
0.35296821
0.37666915
0.19097379
0.37741299
0.35832285
0.36689379
0.35290519
0.35014444
0.35351462999999994
0.34538049000000004
0.35012549000000004
0.16725493000000002
0.19248595
0.41244231
0.1405705
0.13695244
0.20110593
0.24011149
0.26350249
0.41085517
0.35380541
0.34963311
0.29832459999999994
0.28155781
0.28862565
0.29012785
0.3216533
0.3128326
0.34240489
0.33760389
0.32185665
0.35068360000000004
0.32915150000000004
0.37610905
0.40086132
0.3913548100000001
0.18366605
0.0441144
0.404867
0.357132
0.3147645
0.35727260000000005
0.35253860000000004
0.3752404
0.27520490000000003
0.26354809999999995
0.29654109999999995
0.14116080000000006
0.0208872
0.017646099999999998
0.016411000000000002
0.0402372
0.0419822
0.039330300000000006
0.0444605
0.0427786
0.04072061
0.04267235
0.042589890000000005
0.04340023
0.04461073
0.04238233
0.04059838
0.04433049
0.03947309
0.01327138
0.015072320000000004
0.01420042
0.01448293
0.04262043
0.04534653
0.04284103
0.04373923
0.04744749
0.04279023
0.04188349
0.03952943
0.04093109
0.17239213
0.21506919
0.22849128
0.23862938
0.23215828
0.2211126300000001
0.09963815
0.11264089
0.10925237
0.18073865
0.10328613
0.11092903
0.07996883999999999
0.09803535
0.11144419
0.08124804
0.07985328000000001
0.08214368999999999
0.1398263
0.1249483
0.05571579
0.02825767
0.03300272
0.06301657000000001
0.12524844999999998
0.08426932
0.07559531000000001
0.14735258999999998
0.25687213
0.25988153
0.11296103999999994
0.10019279
0.24955817
0.18248677
0.09779795
0.25394029
0.24231268
0.24201852
0.2495219200000001
0.25820262
0.19775938
0.27951833
0.23977129000000005
0.2298952400000001
0.27884919
0.27307428
0.26517679
0.22739183
0.27442388999999995
0.22302273
0.21237925
0.3499765
0.17971593
0.22687222
0.11398107999999996
0.22802232
0.18718718
0.18803008
0.23124812
0.21840022
0.15683608000000002
0.14648387
0.18781022
0.20204222
0.19938332000000009
0.19104472
0.19848978
0.20560133
0.21537848
0.23320562
0.19961512
0.18363032
0.21380732
0.22305964
0.27718019
0.41129389
0.36449248
0.3691983800000001
0.21980633
0.20616033
0.18684529
0.023454290000000003
0.032815290000000004
0.02788733
0.03515129
0.01691324
0.22419529
0.21454024
0.24653929
0.24735619
0.27125619
0.25207633
0.27932019
0.07023892
0.35872768
0.29749292
0.0411291
0.12851796
0.07819200000000001
0.1637418
0.26468
0.3743054
0.29152237000000003
0.23239721
0.25542945
0.32237279
0.33538929
0.20033719
0.24542224
0.33529029
0.32599333
0.3628511
0.34650115000000004
0.36603909999999995
0.4309669999999999
0.39385855
0.33687255
0.35857846
0.31674675
0.0376825
0.2566242
0.2596688500000001
0.17315565000000002
0.16519139999999996
0.17669994
0.17345488000000006
0.25178769
0.22523269
0.20779984
0.22654035
0.19252389
0.21431484
0.25576315000000005
0.30767881
0.30324766000000003
0.25468539
0.15066831
0.17327939999999994
0.16572934
0.20167274
0.19520578
0.19358993
0.18849393
0.25608649
0.23981279
0.18370434
0.24362819
0.25407204
0.23403119
0.20911954
0.16118899
0.3858169500000001
0.32874406
0.2004247
0.17113839
0.24556814
0.17532185
0.2395484400000001
0.17689939000000002
0.17066404000000002
0.22382304
0.23380409
0.24222239
0.21376974
0.34040968999999993
0.27581224000000004
0.31402603999999995
0.33450104
0.33791709
0.21802724
0.07452898999999999
0.22266359
0.25778209
0.26827859
0.15494225
0.31230139
0.32749115
0.36956836
0.36476496
0.35429676
0.36163091
0.44193212
0.43831726
0.4632438500000001
0.45649929999999994
0.44746395
0.46376935
0.43998959
0.4580643
0.3890245
0.41187015
0.37298406
0.4153940999999999
0.44523595
0.39820751
0.43573925
0.42604671
0.38898015
0.3578202999999999
0.35038799
0.4350988
0.4495917500000001
0.41353645
0.31384170999999994
0.44873485
0.4299030500000001
0.43670435
0.43025065
0.43552846
0.4163746
0.4196998100000001
0.3992359
0.46008999999999994
0.41128100000000006
0.45798705
0.4578619
0.4529617
0.4225075
0.4496431
0.39003645
0.45567385
0.443025
0.33262975
0.37901605
0.36107264
0.35645154
0.36545894
0.37162764
0.39605854
0.35109219
0.31999199
0.40415039
0.3969562
0.39974165
0.36195055
0.42549089
0.40832435
0.35071029
0.37079989
0.36811014
0.39503039
0.35661515
0.3669087999999999
0.40136125
0.15216869
0.15412575
0.30277709
0.12662204
0.27241943
0.27554593000000005
0.2807527
0.27980309999999997
0.2812875
0.2874485
0.12771459999999998
0.28298049999999997
0.355405022
0.33710312200000003
0.372130922
0.358291576
0.451581422
0.389411722
0.375684322
0.29113126799999994
0.298519768
0.436280822
0.4822967220000001
0.48238262200000004
0.3967927219999999
0.378033322
0.405877222
0.378972822
0.339230222
0.323024022
0.35086412199999994
0.357054022
0.35514102200000003
0.3814149220000001
0.374183022
0.401883922
0.398219122
0.366619122
0.380560422
0.33711286799999995
0.340582482
0.328231722
0.317095442
0.318322292
0.28008612200000005
0.281192522
0.337239192
0.31774042199999997
0.326288522
0.375813472
0.354502382
0.4085644920000001
0.386067866
0.446281682
0.440688392
0.436828192
0.4374823920000001
0.458315542
0.473154376
0.470579476
0.472796922
0.472411822
0.471468976
0.474195076
0.464210222
0.447877876
0.438611022
0.441708022
0.470195176
0.3792221220000001
0.343833722
0.478892122
0.277091176
0.48367402200000004
0.461925776
0.4822990760000001
0.48367487600000003
0.483581976
0.4540853220000001
0.46059942200000004
0.3873294000000001
0.4029815
0.405000168
0.3979044000000001
0.4097384
0.4184075
0.4114177
0.413213
0.4017858
0.4353689
0.437159
0.4372511
0.4193041
0.41372650000000005
0.41305169999999997
0.4149617
0.4178389
0.3936924000000001
0.4110324000000001
0.4170314000000001
0.4034457
0.4076595
0.4143897999999999
0.2535403
0.2497569
0.2504059
0.0365125
0.0207405
0.017770599999999998
0.048730800000000005
0.2517286
0.2485737
0.24301639999999997
0.26969920000000003
0.046414300000000006
0.0414061
0.08578250000000001
0.1411074
0.1067564
0.07262080000000001
0.057796300000000016
0.035599200000000004
0.047154
0.21228160000000001
0.0756358
0.0802982
0.28120500000000004
0.27867190000000003
0.300053
0.2227934
0.2837215
0.2072814
0.25554920000000003
0.2633389
0.2652282
0.25954970000000005
0.2698842
0.2674347
0.2557184
0.2466256
0.0383452
0.17860620000000002
0.1826744
0.1838243
0.1730872
0.165216
0.15904169999999998
0.142566
0.0523942
0.1093806
0.1201583
0.1176486
0.1831545
0.1130484
0.15567650000000002
0.12210499999999999
0.033701800000000004
0.0403666
0.028764799999999997
0.034810999999999995
0.1256971
0.15064280000000002
0.14932720000000002
0.1922691
0.1919352
0.2053301
0.2070344
0.0225626
0.15030269999999998
0.16532760000000002
0.23309570000000004
0.2069455
0.1510383
0.1023554
0.08793629999999998
0.08985330000000001
0.08715919999999999
0.0946037
0.085216
0.0252748
0.0319749
0.0747208
0.0853578
0.0821464
0.13729270000000002
0.13522079999999995
0.1342774
0.13868729999999999
0.08478630000000001
0.07930129999999999
0.083858
0.031811900000000004
0.0429108
0.15779749999999998
0.027613
0.0235257
0.1154192
0.0693732
0.07900700000000001
0.0486868
0.0240755
0.026280500000000002
0.018881400000000003
0.020509
0.019003
0.0201943
0.026241399999999998
0.12692790000000004
0.1315317
0.0339701
0.0290368
0.0268019
0.05340640000000002
0.0668678
0.0193825
0.024466599999999998
0.0251261
0.0632938
0.028988600000000007
0.0631746
0.0872482
0.03796359999999999
0.0539173
0.048277200000000006
0.047857599999999986
0.0392231
0.038743900000000005
0.040933
0.0396337
0.16492210000000002
0.2177354
0.2231987
0.1628217
0.16539579999999998
0.1742925
0.1400924
0.2414931
0.1946381
0.1208258
0.0730973
0.0994196
0.1342991
0.17005689999999998
0.14116979999999998
0.13798770000000002
0.0988897
0.08945149999999999
0.0926735
0.1045522
0.0628648
0.0292252
0.043907600000000005
0.0335799
0.2390423
0.2652804
0.3130866
0.3673496
0.3925574
0.3699131
0.2657779000000001
0.2161801
0.2780296
0.263069
0.2556778
0.1957364
0.1094735
0.0387609
0.0956987
0.11392208
0.012629999999999999
9.632e-05
9.537e-05
9.632e-05
9.823e-05
0.0002842
0.00172
0.006065
0.005676
0.46926599999999996
0.344087
0.11096900000000001
0.004051
0.011470000000000001
0.032525
0.007354999999999999
0.06302100000000001
0.127106
0.09441
0.0051026000000000005
0.021995
0.014732000000000004
0.032963
0.003445
0.001911
0.004738
0.008194
0.006813
0.096083
0.013908000000000002
0.009669400000000002
0.074406
0.007299000000000002
0.07042000000000001
0.007523
0.068508
0.06647800000000001
0.06985799999999999
0.13018100000000002
0.12874200000000002
0.28301
0.3268
0.33763000000000004
0.23994
0.1604
0.182962
0.33621999999999996
0.37381
0.29995
0.172103
0.164229
0.26706
0.30880290000000005
0.35188
0.26753000000000005
0.352875
0.332656
0.277219
0.207484
0.30585700000000005
0.29575999999999997
0.244798
0.442169
0.4098900000000001
0.4087017
0.3938307
0.33741530000000003
0.4065543
0.43442309999999995
0.1968765
0.20659890000000009
0.2246034
0.2334619000000001
0.20177650000000005
0.2113684
0.14630610000000002
0.0479744
0.1711775
0.015484799999999996
0.10308219999999997
0.0158944
0.15684979999999998
0.16543449999999998
0.0845023
0.10357910000000002
0.12683930000000002
0.0796055
0.1704656
0.16363889999999998
0.14805
0.1847685
0.080829
0.1158456
0.0531056
0.25059549999999997
0.0150007
0.20981007
0.05163527
0.00905069
0.01896966
0.00711995
0.012962750000000002
0.0064609
0.02818422
0.04406326
0.02651231
0.0061032000000000005
0.0296541
0.07057926
0.07078902000000001
0.0066876
0.005199039999999999
0.0055957
0.0074277000000000015
0.20590819
0.21187119
0.21226419
0.20996615
0.21658515
0.21376810000000002
0.34060005
0.21462624
0.05507047
0.0075583
0.07194347
0.008367610000000001
0.0065938
0.0078828
0.01323529
0.23625101
0.16458624
0.14555529
0.14036529
0.12156338
0.12201433
0.19261529
0.04001942
0.01963356
0.01478866
0.014880619999999997
0.01264511
0.04601661
0.07074116
0.07509746
0.07706276000000001
0.03110236
0.07745294
0.03967037
0.04310992
0.03746842
0.04030172
0.04754317
0.04774222
0.041918420000000005
0.04303267
0.04173547
0.03854502
0.03264932
0.03338982
0.03300136
0.03000471
0.02846836
0.031434199999999995
0.03386616
0.029207
0.029002700000000006
0.02842452
0.02866866
0.03580752
0.05842747000000001
0.05710547000000001
0.05054747
0.05121242
0.05138642
0.05049447
0.06202847
0.05120952
0.04976238
0.04750738
0.02948861
0.03897556
0.03677361
0.02925161
0.03129247
0.09071338
0.11130433
0.05619147
0.03477256
0.06312356
0.07781761
0.07634952
0.07844352
0.07779852
0.028328560000000006
0.02854952
0.11650933
0.11312212
0.07403852
0.02887261
0.028627560000000007
0.03024261
0.03768147
0.03842052
0.04300052
0.03216756
0.03467436
0.02920554
0.03476254
0.03725359
0.031453499999999995
0.03108254
0.0309015
0.0360645
0.03370854
0.02707164
0.02751264
0.08426231
0.03725454
0.04166831
0.03693236
0.0376965
0.03486559
0.03517059
0.0365055
0.04183627
0.05827927
0.03800441
0.03322064
0.03243864
0.03303268
0.03545445
0.03579154
0.03981954
0.035327639999999993
0.03707259
0.03723454
0.0391075
0.04647245
0.04993445
0.04986154
0.053659500000000006
0.06025054000000001
0.05213319
0.04990034
0.05939045
0.05145241
0.05623636
0.06253636
0.054883360000000006
0.06118741000000001
0.04931050000000002
0.04242059
0.04385259
0.04852564
