0.2613896
0.25347050000000004
0.2535087
0.25700160000000005
0.3041967
0.2416225
0.2548386
0.2425556
0.2684057
0.2879588000000001
0.2464453
0.2426236
0.2475297
0.2594777000000001
0.2991747
0.24285549999999997
0.28030759999999993
0.23318049999999999
0.25880050000000004
0.30410479999999995
0.27049470000000003
0.2563455
0.2603575
0.25593039999999995
0.3112406999999999
0.2313535
0.2466495
0.2479034
0.27377959999999996
0.2757696
0.2427287
0.2307884
0.24391239999999997
0.2641344
0.28203959999999995
0.2384324
0.2420645
0.2352985
0.29260480000000005
0.26217480000000004
0.2389865
0.23339859999999998
0.2511395
0.2957458
0.2430716
0.2224844
0.2433426
0.2335487
0.2933884
0.2283623
0.2307295
0.2228716
0.2472645
0.2795605
0.2264635
0.2167325
0.23477759999999998
0.2271837
0.27562159999999997
0.2113176
0.2237152
0.2110496
0.2348646
0.27420029999999995
0.2226234
0.2061175
0.21666849999999999
0.2277594
0.2677086
0.2191295
0.22411140000000002
0.2086585
0.2325286
0.2601816
0.21170770000000003
0.2074386
0.2208215
0.2139387
0.26850690000000005
0.20679679999999998
0.2440886
0.23842049999999995
0.2439824
0.2373114
0.2054857
0.2047703
0.2128179
0.20607910000000002
0.248903
0.20767159999999998
0.1962237
0.2320696
0.27789709999999995
0.22736820000000002
0.2411828
0.23740429999999996
0.24982820000000003
0.24425089999999994
0.25496050000000003
0.24406519999999995
0.21324720000000003
0.21043009999999995
0.23887709999999995
0.3009095
0.24859339999999996
0.2471766
0.20577379999999998
0.2312626
0.26993019999999995
0.2965313
0.2349674
0.2459236
0.24208649999999995
0.2655613
0.23670879999999997
0.23019789999999998
0.255925
0.2732441
0.23935700000000001
0.22848310000000002
0.2847913
0.297567
0.2575359
0.230215
0.1973636
0.19736170000000003
0.22395879999999999
0.29576269999999993
0.27951839999999994
0.27613030000000005
0.29911550000000003
0.26357889999999995
0.2111376
0.1902326
0.19727070000000002
0.2180712
0.28233790000000003
0.2143936
0.2177738
0.20665170000000002
0.2404817
0.2538288
0.2151826
0.2060036
0.2287317
0.2392217
0.24609789999999998
0.2119526
0.2188698
0.2305088
0.2634526
0.2203017
0.2188936
0.2106417
0.25327550000000004
0.2500798
0.22185170000000004
0.2136926
0.2283226
0.24380170000000004
0.28750790000000004
0.2445917
0.2483998
0.25731360000000003
0.2910488
0.25633360000000005
0.24974169999999998
0.2433088
0.28061600000000003
0.2898798
0.2582288
0.24242070000000004
0.2654817
0.2801417
0.2861988
0.24677259999999995
0.2580217
0.26063790000000003
0.31236499999999995
0.2496198
0.2577779
0.2563517
0.28566790000000003
0.28703259999999997
0.25897070000000005
0.2541317
0.2831598
0.3011231
0.26067070000000003
0.2550062000000001
0.2667079
0.2844388
0.29465790000000003
0.2543626
0.26329980000000003
0.2788607
0.246486
0.1925917
0.2675298
0.2590998
0.239186
0.28899600000000003
0.2689607
0.26034070000000004
0.296786
0.234086
0.2685398
0.1935926
0.280666
0.2303917
0.2916579
0.2604607
0.2725617
0.2863098
0.31182410000000005
0.1925917
0.27318259999999994
0.2685426
0.2367831
0.3142322
0.296916
0.2873107
0.31529309999999994
0.34134410000000004
0.2929279
0.283955
0.3032469
0.3203631
0.3207088
0.2865788
0.29188600000000003
0.3035079
0.31009600000000004
0.25655170000000005
0.2628036
0.2645988
0.3007188
0.22428499999999998
0.2617107
0.2544717
0.28050600000000003
0.246286
0.20108879999999998
0.2541117
0.27165170000000005
0.29246170000000005
0.310875
0.24408000000000002
0.26985750000000003
0.2138394
0.3120598
0.25820790000000005
0.26773790000000003
0.19528689999999999
0.2345831
0.2908217
0.26926690000000003
0.26375170000000003
0.217986
0.3146202
0.2694517
0.2593917
0.2699488
0.29149790000000003
0.30221600000000004
0.2562917
0.19919070000000003
0.1986898
0.3315712
0.2750959
0.2892618
0.2806938
0.304731
0.3229012
0.3018188
0.2794337
0.2985240000000001
0.31975650000000005
0.2965507
0.2741498
0.2851207000000001
0.30496690000000004
0.33096499999999995
0.2822598000000001
0.2872869
0.1893917
0.221085
0.22938409999999998
0.2849679
0.2775488
0.34355690000000005
0.3301545
0.30644499999999997
0.2871941
0.291658
0.3129672000000001
0.3386323
0.32920520000000003
0.2898042
0.2904761
0.2165594
0.24069659999999998
0.2836731
0.2889622
0.28445600000000004
0.321276
0.32553740000000003
0.28866309999999995
0.2823241
0.29495410000000005
0.32742930000000003
0.3185393
0.28725500000000004
0.2876431
0.29151409999999994
0.3250031
0.29927220000000004
0.270725
0.2591488
0.2813588
0.3117031
0.2598241
0.255226
0.2573198
0.2822031
0.30256120000000003
0.24667689999999998
0.2494369
0.2364779
0.2667369
0.2472079
0.2082255
0.1967045
0.21338449999999998
0.22795170000000006
0.2060926
0.1989298
0.14719549999999998
0.21313360000000003
0.23845170000000002
0.1954717
0.2001217
0.14249360000000005
0.1778917
0.2186726
0.14769069999999998
0.18659170000000005
0.14719259999999998
0.2103817
0.2169417
0.17841169999999998
0.1854207
0.17596879999999998
0.1686945
0.2069298
0.18121070000000006
0.1402898
0.17762069999999994
0.1908526
0.21609070000000002
0.1710388
0.1775979
0.1660388
0.1862088
0.2105817
0.1698698
0.1655169
0.17317069999999998
0.1805898
0.2175826
0.16578600000000002
0.171316
0.16582979999999994
0.18417260000000002
0.2120007
0.1693279
0.1611079
0.16636879999999998
0.1813688
0.2106398
0.16214599999999998
0.16777070000000002
0.1634888
0.18809979999999998
0.22143979999999996
0.1732688
0.15992599999999998
0.1713169
0.18129070000000005
0.2044879
0.1667507
0.16997690000000001
0.160186
0.1971369
0.1980807
0.17575879999999994
0.17156789999999994
0.17504879999999998
0.1941617
0.18258310000000005
0.14768979999999998
0.15947089999999994
0.17180879999999998
0.17429070000000002
0.17615479999999994
0.1578586
0.16216709999999998
0.19041429999999998
0.2402915
0.22958330000000002
0.22354050000000003
0.23139570000000004
0.2379095
0.2549953
0.2141695
0.2876316
0.26800628
0.2968985
0.28646340000000003
0.1924845
0.1805445
0.19347579999999998
0.20968449999999997
0.22350170000000005
0.1922536
0.1921117
0.1947088
0.2159736
0.20785770000000003
0.1927787
0.1798816
0.2172107
0.2184116
0.19915370000000002
0.1885239
0.1923736
0.2173057
0.2368598
0.1844317
0.19870279999999998
0.2027279
0.2383607
0.23581069999999998
0.2242388
0.2228345
0.2166798
0.2268926
0.2371326
0.1928407
0.20155870000000004
0.2447017
0.2489117
0.2131817
0.2126947
0.2056588
0.2375646
0.2353278
0.2101317
0.2114145
0.2346317
0.23698360000000002
0.2628569000000001
0.2052397
0.2097447
0.2329426
0.2545827
0.2063166
0.2104198
0.2136967
0.2416097
0.24552070000000004
0.2149807
0.21640549999999997
0.23570479999999996
0.25234870000000004
0.22224970000000002
0.2087807
0.2237697
0.2514726
0.2550019
0.2243407
0.223128
0.2425455
0.26589260000000003
0.2244279
0.23115650000000001
0.2111306
0.2559907
0.2462938
0.22556869999999998
0.21801060000000005
0.2522926
0.2614877
0.2305187
0.22196970000000002
0.2239016
0.24959879999999998
0.25186479999999994
0.2169236
0.2248277
0.2609665
0.26345870000000005
0.2268888
0.2199766
0.2144968
0.25528589999999995
0.224606
0.2322107
0.2141107
0.22716050000000002
0.2316779
0.2317939
0.2107436
0.21515279999999998
0.2688013
0.2738026
0.2190645
0.2370755
0.2172579
0.2436837
0.26390879999999994
0.22532070000000004
0.26847350000000003
0.25978470000000004
0.2737277
0.2457956
0.2198614
0.22977460000000002
0.24245970000000006
0.25103380000000003
0.22187670000000004
0.2205217
0.241048
0.25099390000000005
0.2167817
0.22309570000000006
0.21171350000000005
0.2365539
0.24717289999999997
0.2169318
0.2064177
0.2226347
0.27264770000000005
0.2270198
0.21002270000000006
0.2148969
0.2355859
0.253746
0.2123707
0.224436
0.2237727
0.2635737
0.22085079999999999
0.2199659
0.2114428
0.2462377
0.25794480000000003
0.2254737
0.2179248
0.2368598
0.2552258
0.2497849
0.2186728
0.2334498
0.2292067
0.2792538
0.2246458
0.24026979999999998
0.23921979999999998
0.28541880000000003
0.279725
0.27553880000000003
0.25987449999999995
0.26252980000000004
0.26944070000000003
0.2783088
0.2443688
0.24183979999999997
0.25037360000000003
0.294696
0.24560789999999996
0.2453117
0.2335108
0.2586137
0.2787741
0.2599031
0.2266908
0.2494688
0.2505627
0.282596
0.2282917
0.26662790000000003
0.2315326
0.2920917
0.2845288
0.2561369
0.2042526
0.18917979999999998
0.27429000000000003
0.22272979999999998
0.23460770000000006
0.1823899
0.2361407
0.25558790000000003
0.2802841
0.25662070000000003
0.2236008
0.23114570000000004
0.25886170000000003
0.25852980000000003
0.2218826
0.24005170000000003
0.2541326
0.30465879999999995
0.27852170000000004
0.23600170000000004
0.2203698
0.2369258
0.2767469
0.2507126
0.2370426
0.2328807
0.2349317
0.27452600000000005
0.2129677
0.2287317
0.2141998
0.2343947
0.2497439
0.2122038
0.1971497
0.2400398
0.22391860000000002
0.2787702
0.2046328
0.2064568
0.20894169999999998
0.2314217
0.2336639
0.2048257
0.1912399
0.2035018
0.2262518
0.2354779
0.18914270000000002
0.1997047
0.19022779999999997
0.2348386
0.22722979999999998
0.203274
0.1867269
0.20107480000000005
0.2217147
0.2156799
0.182791
0.1935709
0.1872828
0.23245170000000004
0.1945819
0.1907439
0.16688899999999998
0.18598789999999998
0.2135325
0.1912405
0.1672494
0.18657479999999999
0.1718563
0.2311845
0.1776826
0.1880038
0.16364969999999998
0.1926481
0.2690103
0.2632886
0.2553043
0.2582489
0.1915133
0.2402037
0.2379728
0.223679
0.1815431
0.20318129999999995
0.21111910000000003
0.1888636
0.2155435
0.17618959999999995
0.1896394
0.22142289999999995
0.16834119999999994
0.1763882
0.17325489999999996
0.2113283
0.24737150000000002
0.2527632
0.2113574
0.2309917
0.23467829999999995
0.2453464
0.2086698
0.21824369999999998
0.2703103
0.30443029999999993
0.26518359999999996
0.26816890000000004
0.29019720000000004
0.30890120000000004
0.2259484
0.23934650000000002
0.23309549999999998
0.2030774
0.2135274
0.23269650000000003
0.2276774
0.2414965
0.2400674
0.2164474
0.2691174000000001
0.20875930000000004
0.23321
0.21761
0.24118
0.20591
0.19411
0.20161
0.20421
0.2423700000000001
0.2264
0.19207
0.23529
0.26337
0.20995999999999998
0.19230999999999998
0.2271
0.20353
0.2347
0.1816
0.23596
0.20010999999999998
0.20498
0.24766
0.2318
0.19659
0.2458
0.26937
0.20839
0.19712
0.19037
0.21651
0.27657
0.2021
0.20328
0.20608
0.2180833
0.22524429999999998
0.1878195
0.1999152
0.2160819
0.2505566
0.2073719
0.2150566
0.21552620000000003
0.2400905
0.2325919
0.2155595
0.20774570000000003
0.2445562
0.2453581
0.21711860000000002
0.2087147
0.2297895
0.24237519999999999
0.2269857
0.1927428
0.2036943
0.2188481
0.24628429999999998
0.1992571
0.2053966
0.20647379999999999
0.2427319
0.22214
0.21074
0.20958
0.24159
0.24602
0.21885
0.21645
0.23636
0.24425
0.22485
0.21373000000000003
0.21533
0.23784
0.24995
0.20372
0.21726
0.22941
0.25637
0.21225
0.21682
0.20882
0.24565
0.23764
0.21545
0.20747
0.23553000000000002
0.249149
0.236085
0.207183
0.218448
0.22311999999999999
0.26261
0.20593000000000006
0.21799
0.21981
0.25107
0.22186999999999998
0.21622
0.20845
0.24955
0.2409800000000001
0.21919
0.21114
0.23059000000000002
0.23965
0.24204
0.20516
0.21808
0.23381
0.25628
0.21078
0.21965
0.21671
0.25005
0.24179
0.22279
0.21042
0.24599
0.25045
0.21971
0.21169
0.2234
0.23935
0.25065
0.2099
0.22599
0.23237
0.26725
0.23197
0.22983
0.21992
0.25928
0.25489
0.23197
0.21811999999999998
0.23457
0.24944
0.25468
0.22278
0.22665
0.23945
0.2674
0.22372
0.23013000000000006
0.21773
0.25919000000000003
0.25751
0.23467
0.21836
0.23726
0.26051
0.27307000000000003
0.1709
0.1812
0.24083
0.26307
0.1902
0.1802
0.21952
0.25145
0.26403000000000004
0.2399
0.22236
0.2329
0.24483
0.26711
0.22049
0.22924
0.21956
0.26333
0.25002
0.22864
0.21682
0.22719
0.24406
0.25864000000000004
0.21519
0.22316000000000005
0.2245
0.25154
0.23722
0.22389
0.20807
0.24178
0.24125
0.23293000000000005
0.2099
0.2166
0.23105
0.25477
0.2076
0.21611
0.20601
0.24654
0.23596
0.20626
0.19848
0.21548
0.25334
0.27066
0.22515
0.22960000000000005
0.22444
0.24863000000000002
0.2455
0.22258000000000006
0.20897
0.23036
0.22832
0.24676
0.20629
0.21689
0.21721
0.23942
0.22974
0.21001
0.20346
0.22406
0.22884
0.22821
0.19393
0.20728000000000002
0.21271
0.23153
0.2146
0.20647
0.19099
0.21907
0.22392
0.21012
0.18992
0.1979
0.20416
0.24015
0.19457
0.20114
0.18787
0.21372
0.2341
0.1967
0.1875
0.1968
0.21356
0.2429
0.1836
0.1805659
0.1734717
0.2101688
0.2025755
0.2340278
0.2297878
0.2482783
0.2509869
0.2699021
0.2297831
0.2387793000000001
0.24538779999999996
0.252485
0.2600888
0.2392069
0.2324974
0.2635755
0.254962
0.34054
0.29407
0.29688000000000003
0.28255
0.29242
0.25769000000000003
0.26092
0.25754
0.28989000000000004
0.29087
0.26482
0.25815
0.28641
0.27088
0.29153
0.24536
0.24678000000000005
0.27431
0.30184
0.27893
0.2611
0.26724000000000003
0.30248
0.30163
0.27755
0.27408000000000005
0.29414
0.29977
0.31669
0.27615
0.28505
0.29727
0.31077
0.30516
0.28708
0.28388
0.31657
0.31312
0.28817000000000004
0.30896
0.30903
0.30213
0.32915
0.2838
0.30283000000000004
0.30834
0.32434
0.30498000000000003
0.28347
0.29469
0.32595
0.31968
0.30028
0.28736999999999996
0.32743
0.31319
0.32716
0.28726
0.31093000000000004
0.3212
0.33891
0.29233000000000003
0.30783
0.31677
0.32474000000000003
0.32729
0.24599
0.23756
0.33391000000000004
0.32668
0.30714
0.29838000000000003
0.265
0.23595
0.3359300000000001
0.29546999999999995
0.31447
0.32869
0.34388
0.29924
0.24649
0.25611
0.26027
0.32967
0.3164
0.30689999999999995
0.34621
0.3353
0.31939
0.30377
0.33786
0.25346
0.32515
0.28567
0.30491999999999997
0.31667
0.30192
0.27323000000000003
0.27309999999999995
0.30227
0.28704
0.29161
0.28268000000000004
0.27341000000000004
0.30935999999999997
0.30109
0.28279
0.2538
0.33508000000000004
0.24771000000000004
0.31231
0.26699
0.26091
0.2812
0.31149
0.26218
0.25943
0.24343
0.28214
0.28884
0.2682
0.24641
0.28019
0.28369
0.28158
0.26571999999999996
0.29286
0.27245
0.30815
0.24529
0.27816
0.2894
0.30888000000000004
0.27714000000000005
0.28026
0.27289
0.30760000000000004
0.2967
0.28106
0.2697
0.29923
0.28736
0.30414
0.26707000000000003
0.28154
0.29718
0.31386
0.27138
0.27853
0.28091
0.34379000000000004
0.30547
0.28849
0.27749
0.31252
0.29203
0.30111
0.26990000000000003
0.29201
0.30717
0.32657
0.27518000000000004
0.29586999999999997
0.28608
0.31394
0.30808
0.293
0.2742
0.31642000000000003
0.29304
0.32457
0.28367
0.29763
0.25222
0.26762
0.29026
0.28615
0.2645
0.30723
0.2938
0.2715
0.26247
0.28273000000000004
0.29429
0.29781
0.26019000000000003
0.28306
0.26467
0.31359000000000004
0.29893000000000003
0.28052
0.26629
0.2927
0.28891999999999995
0.31502
0.26958000000000004
0.28418000000000004
0.28498
0.31082
0.30613
0.28694000000000003
0.2713
0.30211
0.28658
0.3164
0.26988
0.2824
0.29186
0.3021
0.29536
0.28619
0.27059
0.30665
0.29038
0.29729
0.20756
0.22018000000000001
0.23764
0.25224
0.20726
0.22134
0.20812
0.24613
0.23135
0.21238
0.19956
0.21999000000000002
0.21904
0.24793
0.19155
0.20932
0.20373
0.22905
0.22447
0.20606
0.18875
0.22273
0.20298
0.23793000000000006
0.18557
0.20124
0.2035
0.21691
0.21777
0.20105
0.18220999999999998
0.2061
0.1854707
0.21697829999999999
0.1695688
0.23823360000000002
0.2506288
0.2595888
0.2541021
0.2455069000000001
0.2283974000000001
0.27090980000000003
0.2482031
0.2624059
0.2291964
0.24450690000000005
0.25958780000000004
0.2687107
0.2380783
0.2458859
0.2297802
0.2782136
0.2612812
0.2680088
0.2293993000000001
0.2511031
0.255305
0.2672069
0.2404012
0.2460059
0.3009317
0.2965045
0.2859578
0.29529740000000004
0.20486880000000002
0.2641645
0.2377821
0.28079740000000003
0.24257399999999998
0.24715549999999997
0.2589698
0.2495898
0.259475
0.24640589999999998
0.2331917
0.2752117
0.25048400000000004
0.2571836
0.2264612
0.25961069999999997
0.2462902
0.27790690000000007
0.230664
0.248095522
0.27705880000000005
0.2911426
0.3298807
0.32183690000000004
0.2863159
0.3154844
0.30517
0.32397
0.27407
0.30109
0.29007
0.2727655
0.21431790000000006
0.2126798
0.229794
0.275334
0.25552600000000003
0.22214080000000005
0.23669450000000003
0.2956769
0.1814508
0.2453395
0.2000707
0.221416
0.2232498
0.2396469
0.2058688
0.2191279
0.2195279
0.229086
0.2322888
0.2207579
0.1994888
0.2522398
0.2057188
0.2520279
0.2017298
0.2295641
0.2277845
0.2535398
0.2069088
0.2211788
0.23212070000000004
0.2287469
0.2411288
0.2205807
0.221728
0.30288000000000004
0.28292
0.29045
0.26733
0.30234
0.27915
0.31518
0.26831
0.28957
0.29502
0.30561
0.27659
0.28374
0.2881
0.2936
0.29771000000000003
0.28671
0.27174
0.31137000000000004
0.29195
0.29305
0.27058000000000004
0.30994
0.27983
0.33358000000000004
0.29356
0.2936
0.29657
0.31536
0.27896
0.28917
0.28996
0.27792
0.2486103
0.2361250000000001
0.27188
0.31276000000000004
0.29772
0.29511
0.27201000000000003
0.31118
0.23979
0.26554310000000003
0.21070650000000002
0.2354369
0.24318070000000006
0.25541220000000003
0.22202979999999997
0.226755
0.2268879
0.24600500000000006
0.25658980000000003
0.2350088
0.2162407
0.2646788
0.24946
0.29982
0.22336
0.24342840000000002
0.2273322
0.29369
0.26480000000000004
0.28739000000000003
0.29735
0.29935
0.29409
0.234718
0.26866
0.30932
0.27314
0.2339108
0.2132703
0.2464288
0.22210259999999998
0.2596431
0.2491
0.27956
0.29732000000000003
0.29612
0.28202
0.27873000000000003
0.27095
0.30624
0.29763
0.28313
0.26402000000000003
0.30082000000000003
0.27674
0.3163
0.26565
0.28048
0.29591999999999996
0.29545
0.29755
0.28533000000000003
0.27108000000000004
0.31675
0.28869
0.29345
0.27032
0.29402
0.29154
0.31407
0.27147
0.28673000000000004
0.2796
0.30060000000000003
0.29897
0.28539000000000003
0.27189
0.30504000000000003
0.27758
0.31463
0.26980000000000004
0.2733
0.2404298
0.2407422
0.2499269
0.23324499999999998
0.2204988
0.26063980000000003
0.2233298
0.2591179
0.21612070000000003
0.2334369
0.2412688
0.2420388
0.24636
0.28142
0.26968000000000003
0.31706
0.28537
0.29886999999999997
0.25869000000000003
0.225556
0.2379560000000001
0.29002
0.2713
0.24727
0.26216
0.30922
0.29161
0.2757
0.25042
0.26539
0.25255
0.27783
0.19112
0.1825536
0.1899703
0.1957307
0.2025698
0.2119041
0.17623689999999995
0.2068979
0.1851517
0.2181117
0.17749070000000006
0.1893888
0.1942936
0.1970926
0.2070617
0.1877326
0.16976170000000002
0.1939307
0.1775598
0.2086107
0.16571070000000002
0.17973799999999998
0.21943000000000001
0.25738
0.24706
0.24115999999999999
0.22227
0.24062
0.246
0.24463
0.23993
0.17644649999999998
0.1607056
0.21806
0.21481999999999998
0.26067
0.2175
0.23039
0.24341
0.23494
0.24506
0.22998
0.21493
0.21557
0.16624790000000006
0.1995784
0.160799
0.20519
0.2164726
0.2249388
0.241995
0.15976529999999994
0.2157084
0.2492546
0.194368
0.1946844
0.1820604
0.1982857
0.2002168
0.2252458
0.2130366
0.2260968
0.1899599
0.21187070000000002
0.2095214
0.2010578
0.2185204
0.205454
0.19671760000000002
0.2238237
0.19029849999999998
0.2365891
0.1927231
0.2153753
0.21210489999999999
0.1933062
0.2211057
0.2116075
0.2220878
0.23117759999999998
0.2112559
0.2337286
0.1941832
0.2161799
0.2192982
0.2073391
0.2207652
0.2071245
0.1957435
0.2344749
0.1915891
0.2369029
0.1960154
0.2114671
0.2239782
0.2152851
0.232714
0.22615500000000002
0.2058264
0.24802270000000004
0.2046894
0.2377904
0.19629510000000008
0.2049005
0.1991543
0.18267
0.19713
0.18576
0.16913
0.21158000000000002
0.16741
0.220027
0.16883
0.18504
0.19375
0.19216
0.20128
0.18520999999999999
0.17285
0.2162
0.17375000000000002
0.22155
0.17439000000000002
0.18993
0.20944000000000002
0.19014
0.20816
0.19224
0.18326
0.22779
0.18521
0.22910999999999998
0.18045
0.20064
0.20601000000000005
0.19917
0.21391
0.19910999999999998
0.18468
0.22762
0.18442
0.23355
0.18572
0.20662
0.21366
0.20016
0.21967
0.20103
0.20091
0.21927
0.19513000000000005
0.23105
0.19147999999999998
0.21946
0.20083
0.22219000000000005
0.20292
0.20631
0.2121
0.21155
0.21931
0.20674
0.18846
0.23922
0.1928
0.24044
0.19139
0.20882
0.21925
0.20979
0.22286999999999998
0.2068
0.19723
0.23285
0.19274
0.23925
0.19243
0.22022
0.20992
0.20784
0.22353
0.21569
0.21498
0.21648
0.2072
0.22524
0.19237
0.23143
0.19665
0.23537
0.19765
0.20901
0.22229
0.20845999999999998
0.22567000000000004
0.20592
0.19477
0.2377
0.193
0.24055
0.18972
0.21242
0.21961999999999998
0.20871
0.22578
0.20665
0.19968
0.2285500000000001
0.19363
0.24062
0.19323
0.22439
0.20534
0.21223000000000003
0.21916
0.2087
0.20994
0.21999
0.20554
0.22632
0.19479
0.22813000000000005
0.20302
0.22784000000000001
0.20882
0.20703
0.22353
0.21372
0.21742
0.21729
0.19430999999999998
0.23439
0.20094
0.24007
0.20108
0.21198000000000006
0.22062
0.21812
0.22775
0.21428000000000005
0.19409
0.23196
0.20571
0.23931
0.19596
0.21046
0.20783000000000001
0.2233
0.22523
0.20855
0.19726970000000002
0.25266000000000005
0.22093000000000002
0.25696
0.2191
0.2267
0.243771
0.248789
0.2381999
0.2376377
0.21367
0.24593
0.22691999999999998
0.24768
0.23009
0.22569
0.22809
0.24359
0.22106
0.25305
0.212
0.23853
0.2355
0.22589
0.24376
0.22774
0.21743
0.25695
0.21277
0.25934
0.2125
0.22781
0.24067
0.23666
0.24516
0.23063000000000006
0.20853
0.25574
0.22118
0.26125
0.21166
0.23014
0.23423
0.23721
0.24194000000000002
0.22860999999999998
0.2091
0.24686999999999998
0.22195
0.2483
0.22150999999999998
0.22859
0.22461
0.23397
0.21656999999999998
0.24434
0.20381
0.23429000000000005
0.21914
0.22336
0.22757
0.21463
0.20914
0.24137
0.20165
0.24915
0.19810999999999998
0.21477
0.22773
0.21551
0.22762
0.2132
0.19412
0.23467
0.20527
0.24391
0.19492
0.20726
0.20523
0.22554
0.21077
0.21650000000000005
0.19159
0.21426
0.21052
0.20709
0.2185
0.20490999999999998
0.18823
0.21789
0.17203829999999998
0.2192155
0.1709945
0.1877136
0.1967302
0.1930788
0.2051955
0.1878959
0.17258259999999995
0.20518979999999998
0.1864326
0.2105388
0.2065464
0.1888988
0.1871869
0.2991688
0.26604690000000003
0.2913522
0.1840344
0.1972066
0.2053131
0.19131070000000006
0.2098565
0.1947127
0.1763556
0.21462150000000002
0.1866805
0.2166456
0.1862545
0.1929168
0.1982742
0.2048417
0.185677
0.2177767
0.1791662
0.2477641
0.22033490000000006
0.1963476
0.2511893
0.2368617
0.2167755
0.25967830000000003
0.22102929999999996
0.24805929999999998
0.1762307
0.1977998
0.2034064
0.1927678
0.2086055
0.19226500000000002
0.1802498
0.2183655
0.17779260000000002
0.22400170000000005
0.1774394
0.20831
0.24074
0.23094
0.23015
0.2168
0.19981
0.2431
0.20481
0.240866
0.20498
0.21683
0.2145
0.23374
0.22015
0.23556
0.20296
0.23771
0.22088
0.22685999999999998
0.23229
0.22828
0.21913
0.24435
0.20608
0.2584
0.21196
0.23857
0.23344
0.22776
0.24407
0.2293
0.22102
0.25539
0.21327
0.26145
0.21686
0.23926
0.24353000000000002
0.23324
0.24774
0.23283
0.22741
0.26781
0.21716
0.2686
0.21547
0.25066
0.21255
0.21746
0.22714
0.21342
0.22088000000000002
0.21657
0.21370999999999998
0.2332
0.19704
0.243589
0.21415
0.249995
0.21742
0.226638
0.240601
0.21574000000000002
0.22984
0.21225
0.20072
0.2419
0.19612
0.24814
0.19949
0.22068
0.22222000000000008
0.21449
0.23603000000000002
0.21714
0.21007
0.23216
0.19813
0.24614
0.19502
0.23042
0.21312
0.21908
0.22786
0.21818
0.22437
0.22519
0.2123
0.23537
0.1987
0.2408
0.20413
0.23988
0.2072
0.21426
0.23026
0.2154
0.23121
0.21558
0.19706
0.24498000000000003
0.20011
0.24570999999999998
0.19516
0.22158000000000005
0.22758
0.21626
0.23728
0.22329
0.21563
0.24213
0.20183
0.24931
0.20108
0.22582
0.2223
0.21587
0.23314000000000001
0.21659
0.20976
0.23676999999999998
0.20457999999999998
0.25446
0.20755
0.23517
0.22264
0.21879
0.23959
0.22025
0.2146
0.2413
0.204
0.25033
0.20273
0.22799
0.22642
0.21958000000000005
0.23881
0.22127
0.21445999999999998
0.24491
0.2034
0.25053000000000003
0.20465
0.22276
0.23113000000000006
0.226
0.2429
0.22465
0.20832
0.25625
0.20623
0.2555
0.20636
0.22282
0.23679
0.22543000000000002
0.2371
0.22529000000000002
0.21141
0.24704
0.21711999999999998
0.23638
0.22755
0.22859
0.21865
0.24546
0.20795
0.26013000000000003
0.21636
0.2294
0.23022
0.22028000000000006
0.23689
0.21433
0.2063
0.25697000000000003
0.2016
0.24905
0.20432
0.22062
0.23317
0.21405
0.2352
0.21406
0.19899
0.24149
0.19779
0.24719
0.19508
0.21402
0.22302
0.21678000000000008
0.22562
0.20754
0.19530999999999998
0.2306
0.19867
0.2254
0.1942
0.20278
0.20597
0.21058
0.2019
0.21637
0.18238
0.21868
0.19277
0.20781
0.20008
0.19543
0.1942
0.21146
0.18616
0.22269
0.17606
0.20329
0.19593
0.19085
0.20669
0.19185
0.165
0.2008726
0.1612688
0.2079678
0.16036779999999998
0.176964
0.1898717
0.1773593
0.1927688
0.17615930000000002
0.16060982999999998
0.2187225
0.16006879999999998
0.2102693
0.1616608
0.1765026
0.17845960000000002
0.191132
0.194732
0.1772205
0.16233109999999998
0.2389245
0.2055083
0.2157869
0.2657122
0.2525093
0.2213422
0.1849949
0.17545870000000002
0.2062197
0.1950788
0.24692550000000002
0.2026736
0.2309398
0.1976145
0.181537
0.1954454
0.18396010000000002
0.19052660000000002
0.1880272
0.17516179999999998
0.2265354
0.1821135
0.2414683
0.2280326
0.2503526
0.2040869
0.1989112
0.21681689999999998
0.2149893
0.1987593
0.21368360000000006
0.1827426
0.23257640000000002
0.1821326
0.2208855
0.1901164
0.2159064
0.2085094
0.2014717
0.24127
0.21337
0.21991
0.20167000000000002
0.19274
0.2244
0.19111
0.23555
0.18448
0.21594
0.20085
0.20949
0.22059
0.20521
0.21206
0.21724
0.19814
0.23187
0.1901
0.23598
0.19178
0.23546
0.19622
0.21254
0.21888000000000002
0.20952
0.22828
0.20902
0.21687
0.22664
0.19465
0.24871
0.19669
0.24627
0.19680999999999998
0.24643
0.20309
0.22796
0.20991
0.23014
0.23798000000000002
0.21936999999999998
0.22263
0.22902
0.21965
0.23466
0.2091
0.24427
0.20397
0.2489
0.20787
0.24097
0.21153
0.23592
0.22675
0.22604000000000002
0.23079
0.2216400000000001
0.23829
0.22124
0.22405
0.23759
0.2223
0.24601
0.21231
0.25669000000000003
0.21155
0.2579
0.21065
0.26956
0.24100000000000002
0.24395
0.23395
0.23478
0.24044
0.23436
0.24356
0.22954
0.26793
0.24519
0.24001999999999998
0.23185
0.23331999999999997
0.23914000000000002
0.22933
0.24174
0.22759000000000001
0.23356
0.23878000000000002
0.2257026
0.26191
0.23381
0.27560999999999997
0.22642000000000004
0.26139
0.20396
0.251
0.22074
0.24359
0.22406
0.23757
0.24132
0.22954000000000002
0.2449
0.23
0.22851
0.24223000000000006
0.22466000000000005
0.25148000000000004
0.2163
0.2625
0.21682
0.266256
0.21382
0.24596
0.23592
0.23784
0.24239
0.23049
0.2432
0.23703
0.25435800000000003
0.25296
0.25119
0.27776999999999996
0.24046
0.28812000000000004
0.23475
0.27660999999999997
0.256
0.27586
0.2387600000000001
0.26566
0.2549
0.28453
0.27929000000000004
0.26118
0.27014
0.2740400000000001
0.26074
0.28015999999999996
0.24634970000000006
0.27663000000000004
0.2257
0.2791
0.22714
0.25955
0.24547
0.24197
0.25967
0.24722
0.24712
0.26333
0.1863
0.2068
0.23417
0.28065
0.23082000000000005
0.2799
0.22733000000000006
0.25491
0.25846
0.1912
0.26316
0.24696
0.24314
0.2662
0.1731
0.27355999999999997
0.22435
0.26649
0.24094
0.25122
0.24973
0.23876
0.25266
0.23643000000000006
0.24952
0.24915
0.21861
0.26383
0.21043
0.25957
0.21706999999999999
0.27819
0.22959
0.23126999999999998
0.24711
0.23565999999999998
0.22694
0.25027
0.21462
0.2624
0.21435
0.25563
0.21493
0.24064
0.22526999999999997
0.22637
0.23688
0.22904
0.2366
0.22516999999999998
0.20502
0.249524
0.202546
0.25149
0.19987
0.22356
0.2205
0.21217
0.23234
0.2127
0.20726999999999998
0.23138000000000006
0.19150999999999999
0.24022
0.19048
0.22447
0.20526
0.20541
0.22113000000000002
0.20257
0.21063
0.21257
0.1947
0.22597
0.18338
0.22682
0.1888
0.21189500000000008
0.20062829999999998
0.2037702
0.2165212
0.2087431
0.2180531
0.2092012
0.1887298
0.23685219999999998
0.1879378
0.2328302
0.1941136
0.2132302
0.2160731
0.2021436
0.2225864
0.2078693
0.2023402
0.2581498
0.2122574
0.267314
0.1843156
0.2079089
0.1849659
0.188365
0.205965
0.1908764
0.2569445
0.2574993
0.1742707
0.22257449999999998
0.186574
0.2167764
0.2070859
0.2489364
0.2057978
0.20187449999999998
0.2100688
0.1918196
0.22034629999999997
0.2206653
0.2408964
0.24858200000000005
0.21808690000000003
0.33234250000000004
0.2735891
0.3289878
0.2522257
0.2513923
0.2914451
0.28166040000000003
0.28748080000000004
0.2413792
0.246925
0.2413925
0.2366209
0.2603699
0.2673691
0.293788
0.25179700000000005
0.286908
0.252879
0.2342140000000001
0.26571900000000004
0.259317
0.263156
0.261712
0.25819000000000003
0.25294
0.25570000000000004
0.28421
0.25501
0.30518
0.25249
0.28236999999999995
0.26975
0.26933
0.28861000000000003
0.27297000000000005
0.27579000000000004
0.2667
0.25319
0.2956
0.25066
0.28254
0.25018
0.29515
0.24642
0.28134000000000003
0.26125000000000004
0.26856
0.28521
0.26868000000000003
0.27507
0.26030000000000003
0.25475000000000003
0.28923000000000004
0.26648
0.29385
0.25487000000000004
0.30278999999999995
0.24979
0.30393000000000003
0.26147
0.27213000000000004
0.27321
0.28291
0.2762
0.27390000000000003
0.2877
0.272
0.28678000000000003
0.28089000000000003
0.26852
0.29324
0.2744
0.30039
0.22413
0.30279
0.26204000000000005
0.29977000000000004
0.26266
0.27968000000000004
0.28269
0.29505
0.28688
0.27737
0.29808
0.2798
0.27279000000000003
0.2919
0.27041000000000004
0.30827
0.26784
0.3059
0.25963
0.3143
0.26052
0.29544000000000004
0.27596
0.27457
0.33173
0.28046
0.28831
0.27419
0.29277000000000003
0.27789
0.27563000000000004
0.2892
0.2614
0.308902
0.255757
0.3042393
0.26047929999999997
0.2874274000000001
0.2766993
0.2945755
0.2747712
0.2733193
0.2916683
0.2778683
0.2923702
0.2910783
0.2796322
0.30473550000000005
0.27108829999999995
0.2987383
0.26815120000000003
0.3096264
0.2640002
0.29699929999999997
0.27115409999999995
0.2840283
0.2926383
0.28439640000000005
0.2976922
0.2776093
0.2945993
0.2847493
0.271565
0.30060020000000004
0.28166620000000003
0.3295993
0.2717692
0.3146602000000001
0.2832912
0.29506550000000004
0.28267929999999997
0.2880255
0.2832364
0.2832064
0.3005802000000001
0.28132929999999995
0.2934893
0.30301930000000005
0.26524020000000004
0.3179455
0.2705755
0.31830640000000004
0.2728002
0.3040755
0.28353829999999997
0.2908683
0.3022983
0.2973955
0.3054564
0.2779755
0.2909683
0.25306639999999997
0.27356929999999996
0.2665245
0.27401020000000004
0.3203245
0.2884702
0.29101020000000005
0.30459640000000004
0.2896936
0.29522220000000005
0.2751893
0.25102119999999994
0.3238826
0.2759012
0.3167083
0.2812112
0.28764120000000004
0.3024545000000001
0.2795383
0.30825929999999996
0.2933355
0.2688393
0.3161974
0.2557612
0.3004664
0.25659410000000005
0.2862274
0.29997830000000003
0.28113740000000004
0.2871783
0.29165830000000004
0.27567220000000003
0.3139745
0.2580212
0.3017964
0.2728322
0.2788593
0.2917464
0.28107740000000003
0.2758993
0.2871155
0.2537402
0.3068555
0.2539493
0.2958274
0.2802683
0.2755512
0.2843683
0.2619402
0.27706929999999996
0.28855220000000004
0.2600083
0.29773740000000004
0.2540693
0.2715955
0.2701912
0.27188829999999997
0.2826074
0.2766564
0.27741409999999994
0.3047893
0.26660120000000004
0.30473740000000005
0.2718212
0.2697993
0.2985122
0.27867020000000003
0.26559639999999995
0.29567740000000003
0.2601222
0.30033740000000003
0.2746631
0.25980119999999995
0.2727741
0.25252020000000003
0.2483441
0.243283
0.219945
0.2971441
0.2428302
0.2686683
0.2316141
0.2357153
0.25186
0.2382724
0.23605289999999995
0.2588443
0.2495692
0.29333459999999995
0.2343747
0.2460007
0.2450326
0.3041946
0.3114832
0.3137036
0.2641751
0.29470029999999997
0.2618537
0.251192
0.3012227
0.27200890000000005
0.25979679999999994
0.24310460000000006
0.26778509999999994
0.2765655
0.29319470000000003
0.2685688
0.226827
0.24616220000000005
0.2566608
0.24361129999999998
0.25405079999999997
0.2413436
0.2248161
0.27196560000000003
0.234529
0.2722703
0.2277464
0.2365511
0.2536892
0.2404154
0.23648979999999997
0.23424210000000004
0.2221063
0.2697715
0.2390659
0.3262839
0.2906991
0.32148350000000003
0.27792009999999995
0.2650625
0.2411038
0.2417165
0.23311489999999999
0.25352800000000003
0.27147069999999995
0.291024
0.26717
0.31720000000000004
0.2667
0.28893
0.27665
0.2871
0.32394
0.26671
0.26831
0.25353000000000003
0.215718
0.261307
0.223197
0.260014
0.2181777
0.2106095
0.21160479999999998
0.2182381
0.22041220000000003
0.2112032
0.2122079
0.2167169
0.2054579
0.2282841
0.1906707
0.23537600000000006
0.1915279
0.2297274
0.2041169
0.20817600000000006
0.2228688
0.2102588
0.21845879999999998
0.220115
0.1934588
0.2451179
0.1999469
0.2405007
0.2003588
0.227666
0.2168488
0.2349069
0.2123869
0.21271500000000002
0.23083879999999998
0.2123779
0.228436
0.2236569
0.1982641
0.248996
0.2023279
0.2379769
0.209315
0.2221979
0.2208031
0.2240379
0.2244079
0.2168069
0.228566
0.2185779
0.227405
0.22440789999999997
0.20220410000000005
0.2491979
0.2098098
0.2474879
0.2043641
0.23868409999999998
0.219166
0.243565
0.2179669
0.222436
0.2341069
0.22543600000000005
0.2343369
0.2244579
0.206566
0.2866193
0.212876
0.242405
0.204745
0.245206
0.215475
0.240326
0.21500500000000006
0.222506
0.23305599999999999
0.218296
0.234075
0.2207669
0.2045798
0.2486512
0.2106969
0.241435
0.203196
0.2407822
0.2092241
0.24579499999999999
0.21397689999999997
0.218655
0.2345379
0.2232141
0.2345369
0.2201612
0.20469500000000002
0.25309790000000004
0.212246
0.251895
0.20495500000000005
0.23746689999999998
0.22524879999999997
0.23885789999999998
0.22264789999999998
0.2243779
0.2362069
0.2237669
0.2189141
0.2403688
0.16688499999999998
0.25700500000000004
0.203276
0.25996600000000003
0.2084079
0.227895
0.2345288
0.236416
0.22824879999999997
0.22469410000000004
0.2325769
0.2322141
0.227756
0.2401669
0.20713789999999999
0.257975
0.206356
0.2499769
0.25655120000000003
0.23410789999999998
0.24430500000000002
0.22935500000000003
0.2427269
0.22678600000000002
0.2150922
0.25514600000000004
0.21886689999999998
0.2595141
0.22175789999999998
0.2408179
0.23382600000000006
0.2451041
0.2377569
0.2339969
0.2329388
0.24917689999999998
0.2312188
0.2562241
0.2214169
0.261995
0.2298179
0.244546
0.237475
0.246085
0.2519941
0.24325500000000005
0.2355279
0.247735
0.213046
0.2633741
0.2491683
0.248806
0.234705
0.2313488
0.2366679
0.2349569
0.236696
0.25588690000000003
0.21730410000000006
0.25358410000000003
0.217155
0.2447788
0.2337269
0.2344688
0.2438736
0.238076
0.220886
0.2472941
0.2088388
0.2493141
0.21706689999999998
0.2400988
0.226825
0.2220098
0.22775689999999998
0.228755
0.2194969
0.24125410000000005
0.20675500000000002
0.244006
0.2073979
0.2270979
0.21372600000000005
0.2027288
0.1994869
0.1938479
0.17548789999999995
0.1899355
0.16158359999999994
0.1973569
0.1529169
0.1892007
0.15686689999999998
0.1640779
0.17541500000000002
0.16789790000000002
0.17129879999999995
0.17362979999999995
0.15067599999999998
0.1889588
0.15145499999999998
0.1722269
0.17144369999999998
0.17592979999999994
0.1656407
0.1990326
0.14479689999999998
0.1842388
0.143656
0.1565079
0.16919689999999998
0.1546679
0.1432869
0.15465569999999998
0.1306751
0.1563693
0.14447449999999998
0.15089860000000002
0.1903362
0.1523055
0.13713689999999998
0.174426
0.13366689999999998
0.16267279999999998
0.1629945
0.16004790000000002
0.16418049999999998
0.1514433
0.15254279999999998
0.16165400000000002
0.13516979999999998
0.2118101
0.1564107
0.16396719999999998
0.1470126
0.14784619999999998
0.13995
0.17056809999999994
0.15396719999999994
0.1573528
0.1833324
0.2047167
0.18228470000000002
0.1534593
0.1598707
0.2299988
0.2211385
0.22486639999999997
0.16912789999999994
0.16097969999999995
0.14895689999999998
0.17447159999999998
0.1531889
0.1842738
0.14609679999999994
0.16018189999999993
0.1718659
0.15556639999999994
0.16884189999999996
0.15880949999999994
0.14501399999999998
0.187333
0.15484699999999998
0.1884342
0.14303489999999994
0.15958899999999995
0.1747348
0.1663862
0.2026501
0.2094639
0.14597329999999994
0.23789490000000002
0.1831817
0.2055505
0.16625179999999998
0.1823276
0.2009775
0.1866967
0.17955049999999995
0.17818769999999998
0.16264820000000002
0.2045948
0.17580289999999996
0.1960786
0.16554199999999994
0.18322570000000002
0.1863586
0.20050389999999998
0.17831859999999994
0.17934769999999994
0.1836777
0.19847579999999998
0.1910286
0.1947276
0.1682495
0.2103005
0.1712729
0.2108577
0.17381199999999994
0.1841119
0.2017329
0.1853839
0.2010586
0.18884389999999998
0.17478670000000002
0.2203467
0.1803357
0.21634770000000003
0.17874479999999995
0.1923476
0.2065367
0.2069605
0.1961629
0.1927529
0.1977567
0.2025139
0.2045157
0.1984158
0.1813986
0.2191058
0.18337479999999998
0.2252596
0.17831669999999994
0.1966829
0.2113266
0.22670859999999995
0.22096149999999998
0.22019770000000002
0.2075324
0.24116329999999997
0.2202134
0.2297196
0.2037443
0.25169339999999996
0.20489050000000006
0.23708859999999995
0.21341620000000003
0.2228567
0.23079429999999998
0.2286714
0.2322286
0.22463139999999995
0.20919429999999997
0.25282150000000003
0.2207015
0.2322897
0.1873277
0.2267196
0.1973548
0.22502139999999998
0.1918838
0.2031157
0.2153129
0.2068667
0.2104158
0.2106367
0.1889519
0.22664769999999995
0.1868496
0.2149877
0.17872670000000002
0.1965239
0.2134858
0.2084548
0.2067067
0.2079305
0.2146496
0.23219949999999998
0.2251696
0.2155105
0.1912058
0.23107139999999998
0.1892458
0.2276757
0.1928848
0.2340471
0.2170996
0.20371860000000006
0.2187058
0.2000948
0.1885967
0.22955570000000003
0.1964015
0.22959570000000004
0.1911629
0.2194058
0.203001
0.21926379999999998
0.2011529
0.20743760000000006
0.2198458
0.2066058
0.21289770000000002
0.21324099999999999
0.19192479999999998
0.23482670000000003
0.19433670000000006
0.2313976
0.19523189999999999
0.2071138
0.21680570000000002
0.2068138
0.2178129
0.2121129
0.1995658
0.24529099999999998
0.2098948
0.2364886
0.1956348
0.2123867
0.2274458
0.2232857
0.2176338
0.21043670000000006
0.20541289999999998
0.2369258
0.21013389999999998
0.2326348
0.2006557
0.2217138
0.21766570000000002
0.23110050000000001
0.2197286
0.2149239
0.2039258
0.23998579999999997
0.21551479999999998
0.2430186
0.2037839
0.16957389999999994
0.23272579999999998
0.1688748
0.2227757
0.17957289999999998
0.2055538
0.24786100000000003
0.209442
0.24852529999999998
0.2012648
0.2147076
0.22481289999999998
0.21071289999999995
0.2254558
0.2122739
0.19491670000000003
0.24016669999999998
0.1956629
0.234482
0.1988248
0.21247860000000002
0.21929189999999998
0.2113967
0.2169738
0.2125019
0.1893157
0.237972
0.1906339
0.23106669999999999
0.1955529
0.20704289999999995
0.215192
0.20724389999999998
0.2086067
0.2151038
0.18713670000000002
0.2315312
0.1862548
0.22224760000000002
0.1956967
0.2030367
0.2079888
0.20779099999999998
0.2025495
0.2075448
0.1841786
0.2110176
0.1899567
0.20888579999999998
0.1914476
0.1910567
0.18767579999999998
0.21188479999999998
0.18293289999999998
0.20761570000000001
0.17530479999999998
0.1881358
0.1970829
0.1902429
0.1964857
0.1847176
0.1663748
0.20963379999999998
0.1686319
0.20842860000000002
0.16525910000000002
0.1803557
0.19619479999999997
0.179622
0.1861295
0.1847219
0.1634639
0.2048129
0.1504701
0.1817407
0.16414549999999994
0.17742829999999998
0.1804907
0.18513179999999999
0.1750414
0.1917646
0.15334449999999994
0.22034759999999995
0.2145261
0.1836726
0.181528
0.17703149999999995
0.16197429999999996
0.2053335
0.16886689999999996
0.214571
0.16098429999999994
0.17873129999999995
0.2101407
0.1805927
0.1859242
0.1757382
0.1949612
0.2444266
0.22567979999999999
0.2269476
0.16920779999999996
0.1814699
0.1936247
0.17887799999999998
0.1859075
0.17341099999999998
0.1606348
0.2041228
0.16544279999999995
0.1962595
0.15914379999999995
0.17508289999999996
0.189567
0.1843497
0.1820656
0.17418069999999994
0.16172979999999998
0.20569549999999995
0.17391769999999998
0.1829719
0.17572379999999999
0.17970379999999994
0.19300379999999998
0.19198389999999999
0.17891479999999998
0.1801739
0.16458199999999998
0.2100105
0.1807059
0.1918557
0.16521569999999994
0.1845029
0.1866067
0.1994005
0.17572999999999994
0.1812848
0.17882759999999998
0.19607760000000002
0.1824986
0.1977286
0.16736099999999998
0.20051760000000002
0.1802595
0.2121752
0.17138720000000002
0.1871338
0.1954067
0.1871405
0.1996253
0.1886533
0.17134049999999998
0.21178139999999998
0.17634149999999998
0.2137915
0.16975579999999998
0.1863405
0.2015186
0.1973105
0.19566670000000005
0.1883267
0.17534669999999994
0.22011950000000002
0.18872579999999997
0.2107096
0.17628759999999996
0.2027986
0.2062377
0.2179005
0.19424760000000002
0.2007805
0.2065405
0.2025667
0.2277424
0.22658960000000003
0.25027960000000005
0.21348760000000003
0.24299859999999998
0.2056777
0.2201338
0.2317795
0.2384296
0.22045479999999998
0.2211029
0.22069570000000002
0.23000860000000004
0.2192363
0.2132386
0.2002905
0.23831570000000002
0.2081886
0.24141959999999998
0.20340479999999997
0.21340860000000003
0.22678723
0.2395484
0.23234239999999995
0.23472150000000003
0.2326243
0.23656770000000002
0.2247895
0.2203777
0.1995095
0.24194570000000004
0.2029648
0.2434377
0.2068272
0.2158286
0.2313076
0.22584859999999998
0.22270860000000003
0.21462759999999997
0.1997014
0.24386770000000002
0.2190967
0.2255748
0.2044958
0.23155669999999995
0.2151786
0.24117049999999998
0.204402
0.2133638
0.2267848
0.2117758
0.22697759999999997
0.2145376
0.19761389999999998
0.2451067
0.2043895
0.2381967
0.2034376
0.2120229
0.2323015
0.22630770000000006
0.22612670000000004
0.2098667
0.20358579999999998
0.2385067
0.2197195
0.2270367
0.2044767
0.22806579999999999
0.21379570000000003
0.2436376
0.206261
0.2155167
0.23136669999999998
0.17297669999999998
0.2292295
0.17417860000000002
0.20098670000000002
0.24418760000000003
0.2062067
0.2427624
0.2001619
0.21551479999999998
0.23143670000000002
0.1815739
0.2267148
0.17228149999999998
0.2032001
0.24619290000000002
0.22380479999999997
0.24546579999999998
0.20924389999999998
0.22166860000000002
0.24081390000000003
0.24659770000000006
0.2232148
0.22462670000000004
0.2158076
0.24862859999999995
0.23152670000000003
0.2324357
0.21116479999999996
0.2295886
0.2308295
0.2404258
0.22201289999999999
0.220782
0.2204439
0.2481214
0.2325076
0.2339176
0.16077859999999994
0.2292867
0.2387848
0.18547579999999997
0.2334558
0.2272377
0.214052
0.2567138
0.2273548
0.24321379999999998
0.2105858
0.2247658
0.23771669999999995
0.2286286
0.22853479999999998
0.2177757
0.20479760000000002
0.244382
0.21054479999999998
0.2396929
0.2024248
0.220612
0.2326676
0.21629859999999998
0.22808960000000003
0.21482960000000004
0.1938757
0.2389467
0.2051938
0.2366576
0.2045676
0.21233379999999996
0.2089139
0.2313039
0.21487579999999998
0.2274067
0.1984267
0.2128577
0.2304838
0.2183786
0.2198186
0.21274389999999999
0.1940657
0.23986390000000002
0.1964348
0.24454479999999998
0.19529570000000002
0.2063076
0.2248214
0.20112860000000002
0.2206167
0.20812579999999997
0.1937567
0.21148670000000006
0.21001479999999997
0.2158257
0.2004629
0.2009548
0.1894838
0.2265248
0.1893976
0.2203095
0.1851748
0.1941457
0.20948670000000003
0.1967777
0.2073458
0.19617479999999998
0.1814886
0.21046099999999995
0.1895286
0.20736759999999999
0.1873129
0.187051
0.17615289999999995
0.2163167
0.17902479999999998
0.20961770000000002
0.17658
0.1848138
0.20343670000000003
0.18870379999999998
0.1993567
0.18711670000000002
0.17139
0.1996339
0.17007569999999994
0.18435410000000002
0.17724339999999994
0.17468589999999998
0.16359089999999998
0.26546699999999995
0.16649149999999996
0.1980502
0.16246879999999994
0.2549622
0.2690426
0.2597309
0.2561743
0.24366379999999999
0.2306618
0.239302
0.2517186
0.228411
0.2534496
0.2399462
0.2088409
0.209163
0.16532819999999998
0.2290013
0.1598164
0.17084069999999998
0.2237333
0.291958
0.29566240000000005
0.2845178
0.2728146
0.2150504
0.18997329999999998
0.1941702
0.17788199999999998
0.17785639999999994
0.1659896
0.2066223
0.17768479999999998
0.2053887
0.1702067
0.18330839999999998
0.1906445
0.2241567
0.2377982
0.1745708
0.1635541
0.2130391
0.224419
0.215837
0.2028679
0.1975941
0.1843729
0.2234279
0.18157089999999998
0.21275700000000006
0.183523
0.194694
0.21135679999999998
0.2005339
0.216608
0.1939661
0.1841449
0.21378899999999998
0.196996
0.20699099999999998
0.21160210000000002
0.20288299999999998
0.191925
0.2309928
0.20688789999999999
0.21605100000000002
0.1906201
0.20663099999999998
0.2244362
0.21758690000000003
0.2102018
0.2035001
0.19433499999999998
0.2346409
0.2043799
0.2336339
0.19834200000000002
0.20924
0.2271232
0.20937489999999997
0.231008
0.210381
0.197106
0.235487
0.205269
0.2462119
0.202165
0.21518710000000002
0.2148179
0.226716
0.2312888
0.2144779
0.202115
0.22607600000000003
0.2158231
0.2383469
0.2041241
0.2137369
0.211706
0.23260879999999998
0.224206
0.2237688
0.202546
0.221725
0.22502600000000006
0.2380488
0.2114079
0.2152369
0.20493979999999998
0.2395341
0.22547979999999998
0.220106
0.204086
0.2204379
0.2245931
0.2403779
0.21291880000000002
0.2116241
0.2062779
0.24046689999999998
0.2307898
0.2304879
0.203645
0.2139131
0.2332679
0.23007600000000006
0.21665979999999999
0.21665689999999999
0.204865
0.2433369
0.216575
0.2331369
0.1967131
0.21548499999999998
0.230996
0.2285198
0.22410500000000005
0.2098669
0.201606
0.2447941
0.2167069
0.2331969
0.2014469
0.2141088
0.23252689999999998
0.2199569
0.224946
0.216236
0.1995569
0.2399479
0.20695500000000006
0.24148499999999998
0.202376
0.214565
0.2276741
0.217246
0.23380599999999999
0.2131079
0.205004
0.2610969
0.2140047
0.2563996
0.2177329
0.2280108
0.2273598
0.2257322
0.2306779
0.220505
0.205505
0.2268479
0.2273879
0.23548690000000005
0.2164169
0.2164631
0.20801689999999998
0.2471031
0.218596
0.233986
0.203216
0.21970879999999998
0.2340331
0.2284869
0.22916599999999998
0.219576
0.206826
0.2462041
0.2070041
0.2512379
0.2041441
0.2180598
0.230706
0.222065
0.2275969
0.223966
0.2006922
0.213096
0.231375
0.2347348
0.21869789999999997
0.218024
0.204446
0.2491488
0.205725
0.243286
0.203585
0.212925
0.232595
0.21665789999999996
0.2255279
0.2182269
0.201756
0.211615
0.229586
0.2251169
0.22036689999999998
0.210836
0.19766879999999998
0.24356599999999998
0.2018941
0.2439469
0.19833599999999998
0.214346
0.2236641
0.22035500000000002
0.2204841
0.2231241
0.2003969
0.2142369
0.22775689999999998
0.2194669
0.223826
0.2107279
0.195775
0.2394188
0.19732879999999997
0.2395188
0.2011379
0.211506
0.207665
0.2277988
0.2114479
0.2254688
0.193726
0.206946
0.2195988
0.2052969
0.2203579
0.203315
0.193015
0.2249679
0.196755
0.2254988
0.197055
0.201945
0.19167979999999998
0.2312498
0.1958869
0.2189398
0.183745
0.19439979999999998
0.213046
0.1983579
0.21301979999999998
0.1985979
0.1816541
0.2013088
0.2073779
0.2038279
0.1998588
0.1930469
0.17784879999999995
0.21813600000000002
0.17557499999999998
0.2174241
0.178206
0.189086
0.185575
0.2130541
0.1941207
0.2064479
0.17716500000000002
0.18606689999999998
0.2021541
0.1862979
0.20221789999999998
0.17178220000000002
0.1595443
0.17855669999999998
0.1892167
0.1802567
0.25658479999999995
0.2565567
0.23824810000000002
0.2293381
0.1694908
0.2021311
0.16559919999999995
0.1806729
0.1659263
0.20788470000000003
0.17775809999999995
0.1971705
0.1647264
0.17632089999999995
0.1961249
0.1832088
0.19980970000000003
0.178551
0.16529359999999998
0.17817589999999994
0.19796370000000002
0.1940124
0.1827839
0.17935639999999994
0.16778429999999994
0.2097694
0.17059169999999996
0.2126512
0.2072984
0.2245306
0.17730979999999996
0.2090696
0.1943768
0.1882565
0.17479989999999998
0.18824029999999997
0.197921
0.1927137
0.1885778
0.251931
0.18349479999999999
0.2185905
0.16833889999999999
0.2085661
0.181237
0.23578220000000005
0.200508
0.227681
0.2096459
0.2065919
0.1819931
0.1922469
0.2146088
0.2065388
0.201746
0.1991741
0.183285
0.2289531
0.1887479
0.2272179
0.189045
0.198205
0.199646
0.2158788
0.2143488
0.2055598
0.1886731
0.2008769
0.2198879
0.2234079
0.204456
0.2055869
0.1959869
0.234055
0.21225500000000005
0.2204279
0.1992898
0.2095588
0.22411220000000004
0.2219641
0.221516
0.2124788
0.2003831
0.2420469
0.200296
0.2414269
0.2030379
0.212286
0.228216
0.218166
0.234575
0.21456689999999998
0.2043379
0.2430241
0.2122869
0.2463698
0.204116
0.2175341
0.22164789999999998
0.2346659
0.2467507
0.2425779
0.222396
0.24519789999999997
0.2191679
0.2475341
0.2131669
0.22124410000000003
0.21995599999999998
0.233785
0.2323279
0.2190069
0.20779879999999998
0.2302931
0.224466
0.246136
0.2113369
0.21922600000000003
0.2195288
0.243116
0.232896
0.2230998
0.208046
0.2304098
0.22761
0.2506948
0.2191478
0.2153669
0.2155479
0.238206
0.2312341
0.230466
0.20627689999999999
0.2351549000000001
0.2290043
0.2454149
0.2146869
0.2208088
0.21599464
0.2410221
0.22851220000000005
0.22866979999999998
0.20613979999999996
0.2219469
0.2294379
0.2303169
0.2224288
0.22190879999999996
0.2075669
0.246386
0.2246479
0.2298179
0.20517600000000005
0.2219541
0.2428379
0.2489979
0.2224279
0.2191179
0.2064479
0.2525179
0.2289879
0.2310769
0.2096469
0.2180279
0.2328379
0.2348769
0.2173469
0.222275
0.216786
0.2541769
0.225006
0.2444669
0.2220569
0.2315988
0.2506988
0.2372288
0.232656
0.22896309999999997
0.215046
0.2599941
0.2337979
0.2460179
0.2170969
0.22827689999999998
0.246125
0.2372179
0.2411769
0.228656
0.2203779
0.2571269
0.217786
0.257825
0.2159969
0.2245831
0.237175
0.2278969
0.24354879999999998
0.23320410000000005
0.2184541
0.2400569
0.2316198
0.2522069
0.22063600000000003
0.22817600000000002
0.214285
0.2565141
0.2321069
0.2402069
0.21215789999999998
0.2286688
0.249346
0.234555
0.2333379
0.222926
0.2133888
0.2565531
0.217156
0.2536888
0.2107141
0.2184969
0.23141979999999998
0.223495
0.2395188
0.2166479
0.1997479
0.244365
0.20527689999999998
0.24517979999999998
0.2006888
0.2128541
0.2213479
0.219696
0.226206
0.2135279
0.2023579
0.2303169
0.2115779
0.238586
0.20213789999999998
0.210965
0.2076279
0.2267679
0.21346790000000002
0.215836
0.1947098
0.2125188
0.216896
0.2238479
0.202425
0.197786
0.1867279
0.2320379
0.196026
0.2203188
0.1848769
0.198596
0.213486
0.2029579
0.2028488
0.1911369
0.179385
0.2209669
0.1852888
0.2191498
0.17856879999999994
0.1896369
0.2109541
0.1937379
0.2090069
0.17568789999999998
0.16666720000000002
0.20784729999999998
0.16975679999999999
0.2144222
0.1734366
0.1858797
0.1992185
0.1804591
0.1940266
0.18381989999999998
0.1739249
0.2099933
0.17679219999999998
0.26384409999999997
0.2406283
0.1815418
0.19403399999999998
0.2178907
0.19576500000000002
0.2193549
0.19635229999999995
0.17785769999999998
0.2028565
0.2098616
0.2710447
0.2273848
0.2182964
0.2539605
0.24143409999999998
0.2258045
0.2202005
0.2257005
0.2475392
0.2532174
0.2189062
0.22673179999999998
0.1812812
0.2625534
0.2649376
0.2532929
0.2167247
0.2231848
0.1892556
0.1958147
0.1669396
0.2076775
0.19863329999999998
0.20026960000000002
0.18250379999999997
0.17681699999999995
0.17009000000000002
0.2143029
0.2006184
0.1953358
0.1748404
0.1848803
0.1994532
0.215429
0.22951300000000002
0.2016351
0.18512879999999998
0.2559841
0.260436
0.2005779
0.187696
0.204085
0.2331412
0.2433022
0.1903041
0.1994241
0.218225
0.217986
0.213135
0.196095
0.1979441
0.225046
0.2173069
0.21025879999999997
0.1983141
0.198296
0.230665
0.22572979999999998
0.20495410000000006
0.204896
0.197786
0.2386126
0.2307969
0.2011469
0.203266
0.223785
0.232515
0.21981689999999998
0.203625
0.2044441
0.236706
0.2358188
0.211696
0.205276
0.2072069
0.244405
0.231395
0.209445
0.2253688
0.238766
0.2257798
0.2047869
0.21370789999999998
0.2380279
0.2407569
0.213105
0.2105888
0.209135
0.2489469
0.2136779
0.191706
0.19308499999999998
0.2047888
0.2126669
0.21247600000000003
0.1940141
0.1936779
0.22565170000000004
0.2246317
0.1739841
0.223375
0.2164169
0.2332028
0.2311379
0.2275288
0.22498070000000003
0.24583690000000002
0.22453879999999998
0.215046
0.2017541
0.2147308
0.239636
0.2280098
0.202426
0.2011845
0.2250541
0.2190779
0.215315
0.2009288
0.195855
0.2287079
0.22658789999999998
0.2386232
0.209181
0.2284729
0.245006
0.23283969999999998
0.212702
0.218263
0.2347731
0.2260479
0.220376
0.2065141
0.204646
0.2399898
0.2415388
0.2186631
0.220066
0.2301369
0.246496
0.23685789999999998
0.214575
0.218785
0.2493008
0.24040697
0.22596941
0.21877743
0.21475653
0.25336509
0.24769599
0.22274219
0.22065123
0.22879313
0.2565203400000001
0.23864314
0.22465524
0.24153599
0.26466505
0.25913189000000003
0.23745119
0.22961419
0.24346689999999999
0.2654979
0.25153049
0.23072269
0.22990419
0.23686034
0.26874505
0.25286029
0.22772939
0.23320415
0.25021224000000003
0.26586509
0.23956219
0.22968934
0.23165314
0.26669219000000005
0.26102129
0.24532510000000002
0.23273125
0.23440129
0.26731320000000003
0.27167982
0.23372409
0.24190415
0.2377913
0.21412415
0.26850505
0.17821835
0.17482319
0.18042505
0.27037320000000004
0.26536605
0.23335509
0.23768699
0.23440319
0.26923220000000003
0.25522315
0.23547029
0.22937034
0.24127319
0.26395505
0.25247505000000003
0.22796509
0.23109319
0.24163504
0.25775124
0.24956029
0.23017939
0.22582843
0.24611124
0.25155224000000004
0.24083414
0.22249029
0.22371413
0.24157113
0.24914419
0.23332503
0.21804123
0.21581029
0.23701219
0.23870505
0.22957219
0.21311129
0.21600314
0.23543219
0.23413319
0.22396219
0.21252219
0.20862124
0.24208409
0.22960509
0.21897314
0.20555219
0.20941319
0.23095219
0.21980219
0.21323409
0.20120219
0.19668033
0.22744124
0.21226844
0.21594414
0.19509319
0.19652939
0.22636034
0.20859129
0.20756223999999995
0.19988413
0.19050219
0.21710224
0.20534319
0.19954124
0.19518743
0.19557033
0.20044033
0.21759223
0.20203748
0.19280842
0.18370742
0.19142028
0.19029202
0.19855408
0.17516421999999998
0.17639512
0.18324202
0.20877303
0.19660894
0.18098468
0.19476712
0.20303698
0.22475239
0.20825973
0.19601378
0.20321899
0.23759049
0.22638764
0.23870339
0.25072073
0.24916963
0.25110488
0.23637864
0.19081014
0.19016984
0.17103849000000002
0.16729333
0.21471404
0.17699014
0.16353453
0.17870728
0.20414633
0.24760139
0.20430743
0.19492003
0.19461028
0.20363779
0.22917654
0.18989298
0.19007019
0.18386969
0.20066779
0.26404898999999993
0.23070849
0.22874479
0.22872819
0.25036605
0.24230319
0.22255889
0.21621294
0.23335339
0.2474186
0.299705
0.26670534999999995
0.23857025
0.22984415
0.26450064999999995
0.28766299999999995
0.26143545
0.1871410500000001
0.18520229
0.17393908999999996
0.22090699
0.19003319
0.17150318999999994
0.17075723999999998
0.16969409
0.19715414
0.18927843
0.16745409
0.16919219
0.17018033
0.20353414
0.19540604
0.17373219
0.17446409
0.17731219
0.20746599
0.19974884999999995
0.18091985
0.17688129
0.17921223
0.19971414
0.22445409
0.17107529
0.17292528999999998
0.17257529
0.21588624
0.19123529
0.17662338
0.17581433
0.17677337999999998
0.21460529
0.19616433
0.17863338
0.18058242
0.18113338
0.22839815
0.18969529
0.18127529
0.18088529
0.20183529
0.21421529
0.18578338
0.18053242
0.17996433
0.22045725
0.22049719
0.20306529
0.20308529
0.20275719
0.25364101
0.21507815
0.20573529
0.20320529
0.22874719
0.24166719
0.21089624
0.20745529
0.20789719
0.24882815
0.2364491
0.22279005
0.21491624
0.21170529
0.2636491
0.22103624
0.21268529
0.21368624
0.22919624
0.25765719000000004
0.21756624
0.19803624
0.19771433
0.24126815
0.22005815
0.20489319
0.21999005
0.21299815
0.2609291
0.21784624
0.19506815
0.19635624
0.21254815
0.23435815
0.19605624
0.19557529
0.19600529
0.23145624
0.21447624
0.19300719
0.19652719
0.19347815
0.2396391
0.20406624
0.19361624
0.19496624
0.19563719
0.24253005
0.19527624
0.19207624
0.19581529
0.21297719
0.2199
0.20857
0.19393005
0.19438005
0.23381910000000003
0.21888815
0.19749815
0.19878719
0.20024624
0.24036719
0.21321719
0.19565719
0.19769719
0.19453624
0.25221719000000004
0.20484815
0.1979891
0.21100005
0.17464292
0.29036196000000003
0.24640196
0.19619815
0.15553815
0.21219815
0.21179719
0.15723719
0.18925815
0.1866191
0.22488387
0.2039491
0.16264005
0.19771005000000005
0.2109091
0.25211387
0.22937101
0.21176387
0.2153991
0.21191292
0.25986864000000004
0.22097005000000008
0.2081091
0.20868005
0.2144791
0.26517196000000004
0.2188891
0.20746196
0.2130791
0.21870005
0.27038196000000003
0.21737005
0.2164791
0.21932387
0.22466005
0.27373196
0.22810387
0.21731387
0.22061005
0.21646005
0.26650196
0.2211391
0.22105101
0.21728387
0.21657910000000002
0.26388910000000004
0.22107719
0.21206719
0.21092719
0.21078815
0.25673815000000005
0.21641719
0.20707719
0.20354719
0.20127624
0.25416005
0.2177691
0.2003891
0.1986191
0.1939091
0.24214101
0.22603196
0.2001891
0.19371719
0.19781005
0.23272005
0.2158191
0.19908815
0.20015624
0.19972719
0.23161719
0.22152624
0.19796529
0.19293529
0.19670624
0.22653624
0.22164719
0.19156624
0.19157624
0.19237719
0.22495719
0.21565815
0.18715624
0.18740529
0.18662529
0.20939624
0.21775719
0.18221529
0.18239624
0.18310624
0.20012529
0.21754624
0.18035529
0.17790624
0.17732529
0.18519624
0.22563624
0.17469433
0.17411529
0.17201529000000002
0.17281433
0.22607815
0.17846529
0.17058624
0.17278529
0.17096529
0.21676624
0.16823528999999998
0.15599933
0.15670979
0.15569739
0.19431269
0.17430309
0.15570603
0.15670029
0.15600313
0.19010314
0.17990404
0.15620509
0.15740929
0.16527799
0.17960119
0.19091074
0.15599269
0.15639833
0.15519263
0.17223873
0.19960604
0.15861169
0.17955175
0.1596065
0.16368719
0.30737227999999994
0.16433366
0.15743745
0.15723271
0.15723556
0.20284222
0.17044411999999998
0.16708552
0.15843941
0.18007271
0.24034603
0.16674227
0.15943941
0.15723171
0.20082512
0.21025173
0.21072797
0.20356747
0.20442227
0.20440651
0.25109658
0.20494747
0.20260962
0.20473841
0.20500417
0.25200887
0.20472986
0.20228362
0.20405037
0.24651742
0.29837363
0.20646747
0.20612607
0.21283142
0.20433226
0.26843953
0.26042248
0.27046867
0.27082867
0.22645962
0.28454153
0.26862867
0.26783529
0.23237529
0.23728529
0.29462719
0.24215624
0.24018719
0.24375624
0.24116624
0.30087719
0.24109529
0.24127529
0.24114624
0.24693624
0.29404719
0.18218529
0.18728624
0.18645529
0.19698529
0.23862719
0.18982624
0.18781624
0.19053624
0.24580719
0.22461719
0.19200624
0.18789624
0.19075719
0.23822965
0.22329815
0.21177815
0.2160191
0.21524815
0.2610991
0.22571719
0.21552815
0.21335815
0.21680719
0.27431101
0.21606815
0.21176719
0.22050909999999999
0.23071910000000004
0.2683091
0.21590719
0.2179091
0.21811815
0.26671005000000003
0.24800196
0.22073815
0.21834005
0.21933815
0.27874101
0.23089815
0.2217500500000001
0.2259091
0.22782815
0.25195815000000005
0.20463719
0.20708719
0.20606719
0.24905719
0.22139719
0.20962719
0.20664815
0.20808815
0.25850005
0.2206591
0.20326719
0.2107391
0.21086815
0.25909815
0.20587719
0.20586719
0.20201719
0.24646815
0.22011815
0.20470719
0.20521624
0.20520624
0.25590999999999997
0.20987101
0.20136101
0.20592815
0.20490815
0.26453815
0.20441815
0.20692719
0.19998624
0.22880624
0.23277624
0.20827719
0.20158719
0.20996624
0.27472719
0.21734624
0.20273624
0.20526719
0.20355624
0.26177
0.20546005
0.20412005000000005
0.20663815
0.21913
0.25915
0.20752
0.20681
0.2089
0.23450196
0.23852196
0.20628815
0.21079
0.21003
0.25105
0.22338
0.21245
0.21312
0.20626
0.25782
0.21842
0.20646
0.20883000000000002
0.20906999999999998
0.26527
0.21322
0.21058
0.20646
0.21896
0.26621
0.21706
0.21762
0.22197
0.24302
0.2517
0.21326
0.21884
0.21705
0.25074
0.23656
0.22158000000000005
0.21777
0.21911000000000005
0.25794104
0.2417439
0.25339913000000003
0.22075815
0.21750482
0.26351101
0.2411391
0.22391719
0.21947719
0.22036624
0.25277005
0.24611814999999995
0.22254624
0.16703718999999995
0.22218815
0.25505910000000004
0.25475005
0.16773909999999995
0.21649719
0.22291719
0.17683719
0.26743005000000003
0.21719719
0.221
0.21604
0.22264
0.26682
0.2209
0.21717
0.21579
0.21673
0.2623
0.22373
0.21381
0.21174
0.21226
0.25814000000000004
0.22731
0.21145
0.21085
0.2101
0.255
0.22451
0.21031
0.20652
0.20566
0.24069
0.23419
0.19738
0.20255
0.19701
0.22583000000000006
0.23487
0.2021996
0.19753
0.19554
0.20415
0.24093
0.1922
0.19014
0.19337
0.18757
0.23278
0.20633
0.1859
0.18535
0.1835
0.22615
0.20049
0.1809
0.18046
0.18345
0.21198000000000006
0.209527
0.1801495
0.17960299999999998
0.17749
0.20943
0.20785
0.18218
0.17731
0.1641
0.16836879999999999
0.2086831
0.1710688
0.1632802
0.1632698
0.16818539999999998
0.21881550000000002
0.1963131
0.1904075
0.17688220000000002
0.16326310000000002
0.1979456
0.1842717
0.1710698
0.1622612
0.16606089999999998
0.1871717
0.1996764
0.1615602
0.1657158
0.2032493
0.17107360000000002
0.2350802
0.1644678
0.1634669
0.16648220000000002
0.1991074
0.2691634
0.2315189
0.184266
0.1820655
0.1877874
0.22969360000000003
0.1959979
0.1832302
0.1837969
0.212106
0.2223098
0.2034091
0.1820776
0.1804166
0.1817193
0.2105655
0.2130774
0.1814558
0.1867515
0.1865151
0.2196907
0.23323979999999997
0.1830131
0.1813264
0.2625245
0.2745298
0.30877550000000004
0.2094822
0.188648
0.1704295
0.1802472
0.276985
0.24195
0.21158
0.22109
0.189988
0.27426
0.219
0.21796
0.22007
0.21676
0.27808
0.19019
0.18646
0.19036
0.18796
0.2486
0.18657
0.1878
0.19169
0.19088
0.24711
0.19707
0.19175
0.24002
0.21889
0.27949
0.22447
0.21492
0.18096
0.18275
0.24203
0.18366
0.186181
0.1840109
0.18278
0.30959000000000003
0.27284
0.26412
0.26476
0.26352000000000003
0.2124
0.1685
0.17345000000000002
0.169739
0.198373
0.1897
0.249
0.19194
0.2197
0.27809
0.2472800000000001
0.23169
0.2345700000000001
0.23321999999999998
0.28042
0.23586999999999997
0.22828
0.23178
0.22655
0.27565
0.18461
0.18775
0.18596
0.2112
0.22791
0.18947999999999998
0.1899899
0.20946
0.2489
0.2327
0.202146
0.19447
0.1905
0.24399
0.20432
0.19218
0.18964
0.1944
0.25197
0.1927
0.18848
0.19447
0.20369
0.23965
0.19130000000000005
0.19133
0.19954
0.22960999999999998
0.21505
0.18932000000000002
0.1919
0.18787
0.23768000000000006
0.20466
0.19178
0.18734
0.18933
0.23865999999999998
0.19807
0.18896
0.1978
0.21268
0.24943
0.18836
0.18987
0.18632
0.19183
0.24992
0.19059
0.1906
0.191438
0.20995
0.23251
0.18875999999999998
0.19191000000000005
0.19067
0.22954
0.21542
0.19171
0.19097
0.19338
0.24069000000000002
0.20534
0.19045
0.19308
0.1942912
0.2405974
0.2096207
0.1899907
0.1960126
0.1925136
0.2442598
0.1998917
0.19681841
0.2136545
0.20802270000000006
0.2690577
0.2135867
0.2012507
0.2060236
0.2044626
0.26657559999999997
0.2151667
0.20822759999999998
0.20446270000000002
0.2076726
0.2607388
0.22895549999999998
0.2167855
0.2110916
0.2031598
0.2628598
0.2105417
0.2090669
0.2092136
0.2076326
0.2623769
0.2158007
0.20953449999999998
0.2096107
0.21365259999999997
0.2633029000000001
0.225131
0.21543720000000002
0.2129524
0.21542670000000003
0.2640086
0.2237005
0.2067686
0.2113072
0.2065415
0.2471843
0.2219533
0.2036743
0.19726860000000002
0.2010815
0.2388658
0.22202429999999998
0.1950324
0.1986424
0.1954796
0.2254076
0.22851149999999998
0.1952795
0.1908105
0.1959005
0.2039434
0.2394343
0.1933915
0.1942852
0.19135139999999995
0.19200050000000002
0.24774050000000003
0.19160139999999998
0.1883771
0.19112579999999998
0.1871315
0.24369050000000003
0.1912043
0.1891605
0.1840705
0.1908786
0.23473049999999998
0.1953124
0.1824624
0.1822224
0.18643929999999995
0.2441991
0.2215458
0.200552
0.19675810000000002
0.199121
0.22278910000000002
0.224879
0.202578
0.1970691
0.19263110000000006
0.2078291
0.2268431
0.207852
0.1931902
0.192523
0.1910802
0.2385873
0.2079189
0.193238
0.192863
0.19599270000000002
0.2344453
0.21057510000000002
0.19045020000000001
0.193607
0.1764424
0.21869439999999998
0.19232839999999998
0.17412559999999996
0.17334749999999996
0.17329779999999995
0.20486559999999995
0.2032685
0.17289100000000002
0.17392679999999994
0.1713199
0.1881368
0.2209617
0.17416599999999996
0.17152389999999995
0.1733561
0.17428969999999994
0.26307639999999993
0.17289349999999998
0.17456479999999994
0.17428769999999996
0.17437549999999996
0.2333656
0.17756779999999994
0.17304789999999998
0.17432169999999994
0.17187569999999994
0.2320596
0.183886
0.17404579999999994
0.17414259999999998
0.2084531
0.22165929999999998
0.1811337
0.16577049999999996
0.16067759999999998
0.15951139999999994
0.21418040000000002
0.15962459999999998
0.1553076
0.15286969999999994
0.15003570000000002
0.20596220000000004
0.1489476
0.14811739999999998
0.14353339999999998
0.14186079999999998
0.19530899999999995
0.13989839999999998
0.13878659999999998
0.1402376
0.14083559999999998
0.19411099999999998
0.13922279999999998
0.14148770000000002
0.14309969999999994
0.1421498
0.17383029999999994
0.16666219999999998
0.14331949999999996
0.14662809999999998
0.14802999999999994
0.15464039999999998
0.18861429999999998
0.14431769999999994
0.14542149999999995
0.14992339999999998
0.14681239999999995
0.20095
0.1523734
0.15017239999999996
0.14923859999999994
0.15026229999999996
0.17310119999999998
0.18238239999999997
0.15124749999999998
0.15164869999999994
0.15412239999999994
0.16444949999999994
0.19527709999999995
0.15185429999999994
0.15358049999999998
0.1574005
0.16649149999999996
0.1984052
0.15695810000000002
0.16095099999999998
0.15963619999999998
0.16855529999999996
0.2005905
0.15799329999999998
0.15753150000000002
0.1607314
0.2052367
0.1986362
0.1620124
0.1593976
0.16002759999999994
0.198891
0.1834895
0.16123429999999994
0.16255139999999996
0.16214949999999995
0.2149672
0.16723519999999995
0.16451149999999998
0.16662860000000002
0.16908769999999998
0.2342453
0.1821834
0.1880962
0.18003139999999998
0.1899471
0.2397243
0.1849624
0.1839152
0.2217938
0.1973233
0.23334720000000003
0.1900653
0.1889572
0.1898134
0.2239252
0.21618
0.1912624
0.1928481
0.19092520000000002
0.2203272
0.2218252
0.1925943
0.1931162
0.1935743
0.2482891
0.1936972
0.19026429999999997
0.19493529999999998
0.19263809999999995
0.24591239999999998
0.1866243
0.1924953
0.1952352
0.20365999999999995
0.23697240000000006
0.19243529999999998
0.19101
0.19182
0.21152220000000002
0.2345274
0.1888007
0.1905898
0.1893707
0.23197359999999997
0.2085498
0.1909045
0.1919807
0.1918045
0.23787979999999997
0.2015526
0.18965
0.19089
0.19144
0.25023
0.1950800000000001
0.1898
0.19118
0.19429000000000002
0.24812
0.19333
0.19147000000000008
0.19226
0.20154
0.24727
0.19398
0.19314
0.19338
0.19822
0.24424
0.19457
0.19923
0.19453
0.2056
0.24241
0.19673
0.19625
0.19369
0.21608
0.23533
0.19224
0.19447
0.19895
0.22551
0.23392
0.20015
0.20683
0.20151
0.23046
0.23277
0.1541
0.20049
0.1536
0.22884000000000002
0.2308800000000001
0.20543000000000003
0.19882
0.20232
0.22984
0.24154
0.20246
0.20335999999999999
0.20152
0.21597
0.25021
0.20651000000000005
0.20273
0.20039
0.20903
0.25111
0.20583
0.20265
0.20232
0.20199
0.26711
0.20242
0.20284
0.20122
0.20291
0.25493000000000005
0.20378
0.1984
0.20211
0.19642
0.23121999999999998
0.22024000000000002
0.19602999999999998
0.19755
0.1980361
0.206958
0.2495956
0.19519370000000003
0.2007889
0.1953089
0.1966537
0.2538158
0.2291804
0.23310279999999997
0.248076
0.2492142
0.2850042
0.2690675
0.2555461
0.2463213
0.2393245
0.22869389999999998
0.26966660000000003
0.2119979
0.21098470000000002
0.21100990000000006
0.2115808
0.26610989999999995
0.2076999
0.2056985
0.2012066
0.188117
0.2234547
0.2042594
0.1808089
0.17973609999999998
0.1826042
0.186137
0.23555370000000003
0.17879989999999998
0.17875889999999994
0.17533510000000002
0.180427
0.2309608
0.1787999
0.175928
0.17495460000000002
0.17416700000000002
0.16357560000000002
0.1967311
0.15301199999999998
0.151312
0.23334720000000003
0.2012315
0.2595344
0.16614579999999998
0.1556368
0.15181860000000005
0.2008834
0.1645158
0.1972205
0.1513101
0.1532054
0.1515091
0.15320050000000002
0.20741679999999996
0.15470820000000002
0.1515091
0.1535082
0.1510101
0.16761779999999998
0.2466406
0.21802439999999995
0.17622320000000002
0.175522
0.15437979999999998
0.20791579999999998
0.175011
0.1549044
0.15322819999999998
0.2049792
0.1975192
0.2031842
0.15244229999999998
0.1549021
0.15180539999999998
0.15451389999999998
0.2081144
0.1712712
0.16039459999999994
0.1630498
0.16196960000000002
0.17867679999999994
0.1952158
0.1539957
0.1505015
0.15662820000000002
0.2790301
0.26913059999999994
0.22571439999999998
0.22306109999999998
0.15627819999999998
0.15690069999999998
0.16912249999999998
0.1945091
0.1518082
0.154912
0.1518072
0.1579111
0.2363325
0.2074329
0.1852529
0.1966673
0.18903670000000006
0.1976316
0.218692
0.29207009999999994
0.2644054
0.2563397
0.2260229
0.2483256
0.201667
0.15755739999999996
0.1540376
0.1563193
0.1769374
0.1907324
0.15454069999999998
0.1583487
0.15360200000000002
0.1648198
0.2465508
0.1948146
0.18543629999999997
0.187456
0.1864557
0.2146052
0.2151103
0.18705510000000003
0.1858056
0.1878451
0.19508
0.231
0.18631
0.18658
0.18529
0.18977
0.23704
0.19213
0.18826
0.19136000000000009
0.18997
0.21338000000000001
0.22563
0.19424
0.19283
0.19380000000000008
0.20631
0.23744
0.1931
0.19575
0.1936
0.19932
0.24754
0.19771
0.19317
0.19810999999999998
0.19424
0.24547
0.20635
0.19502000000000005
0.18892
0.1983
0.22493
0.22487
0.19477
0.19972
0.19782
0.21586
0.23947
0.19913
0.19575292
0.212798
0.218866
0.26585000000000003
0.21275
0.209818
0.19759
0.20048
0.25630000000000003
0.19785
0.19706
0.19858
0.19899
0.26103000000000004
0.20262
0.20187
0.19979
0.20071
0.23087
0.227
0.19905
0.20022
0.19712000000000002
0.21573
0.2429
0.20065
0.19797
0.19881
0.20347
0.25263
0.19557
0.19892
0.19648
0.19791
0.25497000000000003
0.19951
0.19637
0.19961
0.19803
0.23728000000000002
0.21767
0.20204
0.19778
0.19882
0.20939
0.24877
0.19716
0.1996
0.19532
0.20031
0.25905
0.19939
0.1963
0.20181
0.19679
0.23695
0.230742
0.22205
0.2175
0.21835
0.22364
0.27721
0.22063
0.22182
0.22207
0.22099
0.26937999999999995
0.23624
0.22102
0.22137
0.21678000000000003
0.23093
0.27031000000000005
0.22101
0.21827
0.22081
0.21982
0.27080000000000004
0.220018
0.2048
0.1989
0.19707
0.20534
0.25548000000000004
0.19645
0.23138000000000006
0.23312
0.25054
0.27562000000000003
0.26439
0.23555
0.24235
0.23789
0.23256999999999997
0.29716
0.24503000000000005
0.23763
0.2357
0.22371999999999997
0.2582
0.28154
0.24313
0.23308
0.23497
0.23917
0.28507
0.25126
0.24351
0.24104
0.2376
0.22111
0.25094
0.19459
0.19668
0.19593
0.19798
0.20176
0.25453000000000003
0.19515
0.19854
0.19581
0.19659
0.21189000000000002
0.23976999999999998
0.19441
0.19537
0.19411
0.19957000000000005
0.23755
0.21395
0.196427
0.2164
0.20863
0.21906
0.2656
0.21735
0.2047
0.21145
0.20525
0.21545999999999998
0.25998000000000004
0.20612
0.20536
0.20269
0.19887
0.21154
0.25283
0.20072
0.20006
0.1966
0.19713
0.23324
0.22144
0.20026
0.19239
0.19519
0.19045
0.24176
0.20768000000000006
0.17429
0.16905930000000002
0.17239200000000002
0.1554545
0.2159669
0.1559554
0.21642020000000006
0.1973145
0.1832826
0.20470539999999998
0.2618788
0.2043474
0.15765539999999995
0.1537469
0.157145
0.15984500000000001
0.2074593
0.1852997
0.17457260000000002
0.1889935
0.1764058
0.1870972
0.2539022
0.17306829999999998
0.1742774
0.1712616
0.1742235
0.1865993
0.2187669
0.1717154
0.1736654
0.17182450000000002
0.1756531
0.19843500000000008
0.21046689999999998
0.203605
0.177094
0.2386212000000001
0.22016309999999997
0.25747070000000005
0.19151329999999997
0.17894609999999994
0.1876431
0.17710889999999999
0.1988908
0.2250678
0.1764412
0.17437399999999995
0.17856360000000002
0.2279303
0.2443731
0.2728983
0.2191917
0.1786803
0.1965883
0.17300539999999998
0.2257069
0.1850974
0.1769693
0.17803129999999998
0.1777445
0.1786054
0.23007310000000006
0.1730145
0.1764893
0.1723526
0.1762983
0.1973121
0.211582
0.17367470000000002
0.17799079999999998
0.17573270000000002
0.1818898
0.23358979999999996
0.18046070000000003
0.176674
0.17905020000000002
0.17256829999999998
0.23237500000000005
0.221504
0.1760374
0.1769721
0.1762954
0.17342639999999998
0.22392399999999998
0.24131
0.21374
0.20581
0.21113
0.2135
0.25576
0.20859
0.20664
0.20847
0.21264
0.26105
0.2216
0.20949
0.21245000000000008
0.20775
0.22622
0.26037
0.21491
0.21221
0.21863
0.21956
0.2749
0.22074
0.21790000000000004
0.21341
0.22641999999999998
0.23569
0.26722
0.22026
0.2241
0.22225
0.23395
0.26804
0.22414
0.22044
0.2190600000000001
0.21584
0.278583
0.21977500000000005
0.2193
0.22121
0.22412
0.2477800000000001
0.25849
0.22183000000000005
0.18282
0.22667
0.1981
0.26819
0.18405
0.22664
0.22648
0.22862
0.28315
0.2239
0.23004000000000002
0.22268000000000002
0.22230000000000005
0.26926
0.23956
0.22101
0.22454
0.22098
0.25022
0.25749
0.22745
0.2224
0.22211999999999998
0.23637
0.2675
0.22258000000000006
0.22586
0.22121
0.23217
0.27774
0.2302
0.21849000000000002
0.22753
0.22416999999999998
0.28626999999999997
0.2253
0.22611
0.22272
0.22447
0.24503000000000005
0.239684
0.22216
0.22552
0.22165
0.24651
0.26263000000000003
0.22574
0.22341
0.22895
0.23377
0.27407
0.22562
0.22741999999999998
0.22193000000000002
0.23362
0.28037
0.22905
0.2259
0.22560999999999998
0.20419
0.25841000000000003
0.21849
0.20973000000000006
0.20675
0.20779
0.22489
0.25102
0.20251
0.20901
0.20970999999999998
0.2392900000000001
0.27826
0.23789
0.22762
0.23394
0.23294
0.29493
0.18054
0.23414000000000001
0.17952
0.23206
0.25505
0.26566
0.22689
0.23063000000000003
0.22632
0.23967
0.27538
0.2318
0.23133
0.2357
0.2315
0.29236
0.24067
0.23516
0.23378
0.2272
0.24804
0.27641
0.22926
0.22971999999999998
0.22812
0.23537
0.29081999999999997
0.23503
0.22788000000000005
0.2323
0.22874
0.27747
0.24187
0.23134
0.22886
0.22912
0.24431000000000005
0.2779
0.22668
0.22847
0.22523
0.23537
0.27675
0.22864
0.2221
0.22314
0.22163
0.28236999999999995
0.2188
0.22268
0.21854
0.22315
0.25184
0.24454
0.21298000000000006
0.22154000000000001
0.2108
0.22973000000000002
0.25789
0.20919
0.20999
0.21038
0.21547
0.26707
0.20771000000000006
0.20979
0.20635000000000006
0.20719
0.258
0.20713
0.18078
0.182845
0.178774
0.2137407
0.2083107
0.1823559
0.178514
0.1821683
0.2873388
0.27304359999999994
0.218304
0.2235169
0.2072621
0.28240879999999996
0.3074064
0.183134
0.1796983
0.1827574
0.1781264
0.2259378
0.19675020000000001
0.1814993
0.1768721
0.2001121
0.2244859
0.25775879999999995
0.24599690000000002
0.22182689999999997
0.1787393
0.1912693
0.234635
0.1832374
0.1787954
0.18447829999999998
0.1869407
0.26179070000000004
0.25238979999999994
0.1832831
0.2193621
0.227185
0.2802445
0.2611278
0.2223531
0.2299498
0.17941120000000002
0.2083578
0.2157478
0.19132520000000006
0.1813683
0.1859888
0.27033450000000003
0.2919783
0.2422388
0.2411826
0.19044110000000009
0.2092108
0.2994754000000001
0.2625446
0.2550505
0.1861357
0.1986218
0.2298376000000001
0.181824
0.1857872
0.17992650000000002
0.2028559
0.2232911
0.1862993
0.1817454
0.1858762
0.1994681
0.2293608
0.1806794
0.1865021
0.1820214
0.237741
0.2353009
0.1828671
0.1876622
0.18357770000000004
0.1992642
0.23083320000000004
0.1904687
0.1915693
0.2322336
0.25549
0.28349
0.214418
0.2190636
0.20954339999999996
0.2276933
0.2622047
0.212718
0.2129
0.21271
0.22451
0.26349
0.21183
0.21848
0.21632
0.23449
0.26396000000000003
0.21601
0.21565
0.21939
0.2373
0.26152
0.22395
0.22317
0.22241
0.24756
0.2582
0.22654000000000002
0.2218
0.22582
0.2554
0.25549
0.22282
0.22324
0.22697
0.25618
0.24733
0.22369
0.22278
0.23236
0.26631
0.23506
0.2236100000000001
0.22511
0.24182
0.26699
0.22461
0.22671
0.22397
0.25388999999999995
0.26524000000000003
0.2306
0.22901
0.23568000000000006
0.26885
0.25946
0.22952
0.2331300000000001
0.24644
0.27947
0.24394
0.23939000000000002
0.23603000000000002
0.25434
0.27986
0.23518000000000006
0.23427
0.23515000000000005
0.26364
0.26987
0.23139
0.23376
0.23486
0.26226
0.23924
0.21376
0.20877
0.22511
0.25158
0.2192893
0.20793000000000006
0.218063
0.23945
0.30794
0.2267
0.21768
0.2094
0.23747
0.24807
0.21297
0.20811
0.21351
0.23504
0.24562
0.20639000000000002
0.21944
0.21195999999999998
0.252218
0.1895
0.20663
0.32494
0.33325000000000005
0.3522
0.33802
0.32386000000000004
0.32971
0.33774
0.36259
0.32356
0.33023
0.32275
0.34621
0.3572
0.33096
0.32637
0.33168000000000003
0.3437
0.35788000000000003
0.32566
0.33441
0.32797
0.35533000000000003
0.35499
0.33773000000000003
0.33192
0.34097999999999995
0.35474
0.3001
0.19767
0.33117
0.33316999999999997
0.36057
0.35031
0.34041
0.32882
0.34078
0.36111
0.35207999999999995
0.2771
0.33489
0.33634000000000003
0.36228
0.29600000000000004
0.2775
0.2744
0.348821
0.35308
0.3675000000000001
0.33695
0.33985
0.33810999999999997
0.36399000000000004
0.35534
0.34110999999999997
0.2749
0.2812
0.2956
0.3079
0.33635
0.2813
0.2761
0.34903
0.35983000000000004
0.33504
0.32488
0.2846
0.33402
0.35959
0.33243
0.3316
0.32748
0.33286
0.34019
0.34915
0.31831000000000004
0.32447000000000004
0.248765
0.34385
0.36704000000000003
0.33641
0.33195
0.33714
0.33544
0.36756
0.33602
0.33714999999999995
0.33019
0.3361
0.34378000000000003
0.35929999999999995
0.32433
0.32761999999999997
0.323704
0.330557
0.342738
0.329573
0.32258000000000003
0.32764
0.320727
0.339969
0.325714
0.325917
0.316135
0.323711
0.32193
0.33299
0.30583309999999997
0.3155102
0.3086474
0.3174493
0.3124678
0.4096198
0.3021883
0.3163245
0.3260085
0.3789220999999999
0.38229209999999997
0.3429773
0.3645683
0.3487275
0.3181814000000001
0.3102437
0.3088408
0.1812555
0.21620340000000002
0.2811809
0.34823610000000005
0.3317994
0.3188514
0.3208343
0.35384329999999997
0.3607483
0.34724740000000004
0.21515309999999999
0.21873779999999998
0.2242589
0.2525667
0.2346869000000001
0.24450500000000006
0.2187112
0.2215412
0.36202209999999996
0.3699321
0.378485
0.3638874
0.35741740000000005
0.3544374
0.34649300000000005
0.3730631
0.3388365
0.3114327
0.3094909
0.3344074
0.3461832000000001
0.33648340000000004
0.3629874
0.32240019999999997
0.34286740000000004
0.35924209999999995
0.3143459
0.33948739999999994
0.2958478
0.31115740000000003
0.31686020000000004
0.30655350000000003
0.29654590000000003
0.3038411
0.32045
0.23817
0.31389
0.30945
0.18365599999999999
0.22251
0.20444724
0.19728447
0.17273033
0.18102156000000005
0.18356552
0.19953338
0.20700147
0.18738052
0.17921147
0.22865
0.32142000000000004
0.33011999999999997
0.30181
0.31101
0.30819
0.32332
0.32711
0.31151
0.30711
0.31528
0.31435
0.33733
0.30409
0.3139
0.30771
0.21873
0.21858338
0.19287147
0.18229052
0.19980147
0.21117242
0.22395338
0.22066242
0.29106
0.27944
0.33569000000000004
0.2958
0.32066
0.31314000000000003
0.35172005
0.341414
0.31870970000000004
0.3284687
0.328224
0.35677000000000003
0.22689
0.21566
0.20130242
0.23753338
0.24047433
0.2146533800000001
0.19637052
0.21580242
0.21949338
0.26207433
0.20203242
0.21426052
0.21084242
0.24462433
0.23095242
0.21802147
0.20781242
0.26619
0.33338
0.34307
0.32436
0.33477
0.32534
0.34633
0.3389
0.34958
0.32576
0.32955
0.34269
0.34044
0.33264
0.33779000000000003
0.32718
0.35058
0.32909
0.34504
0.3234
0.34733
0.3246
0.34602
0.32911
0.33254
0.34332
0.33266
0.33795000000000003
0.3333
0.31761
0.35407
0.21971
0.23404147
0.24342000000000005
0.22987
0.23438242
0.22432242
0.25570000000000004
0.28071999999999997
0.32847
0.3421
0.33839
0.33727
0.32001999999999997
0.34972
0.2849
0.3042
0.33007
0.33263000000000004
0.3428
0.33273
0.34307
0.33154
0.32144
0.35126
0.33045
0.34635
0.32236
0.33339
0.3465
0.35167
0.34855
0.33931999999999995
0.3112
0.35136
0.34545000000000003
0.2975
0.33202
0.36365
0.33412
0.2973
0.34147999999999995
0.34547
0.2953
0.28300000000000003
0.2933
0.33991
0.2747
0.3677
0.26969
0.36086
0.34486999999999995
0.34905
0.2955
0.34451
0.34525
0.35874
0.34277
0.36825
0.33692
0.35326
0.281
0.35729
0.36565
0.34836
0.34623000000000004
0.35501
0.34619
0.3738800000000001
0.34024
0.2875
0.28190000000000004
0.35907
0.36129
0.34734000000000004
0.34382
0.3592
0.33614
0.3619399999999999
0.34385
0.34965
0.2845
0.3501
0.33787
0.36219
0.33843
0.29810000000000003
0.33681
0.34493
0.35286
0.33943
0.2886
0.37447
0.33881
0.34761
0.33727
0.34321
0.252881
0.2378
0.261152
0.32692
0.34815
0.33597
0.33432
0.34594
0.33584
0.2332140000000001
0.23872433
0.20996242
0.24339242000000005
0.22186433
0.23010433
0.23515
0.21422242
0.20570052
0.27383
0.32018
0.34550000000000003
0.31848000000000004
0.32368
0.33805
0.32399999999999995
0.31598000000000004
0.33548
0.31294999999999995
0.34389000000000003
0.3103400000000001
0.32976
0.32425
0.31964000000000004
0.32593
0.32645
0.31145
0.3188
0.2973938
0.31121350000000003
0.3158535
0.30605540000000003
0.33590830000000005
0.3316644
0.31827540000000004
0.37674209999999997
0.33562159999999996
0.3611774
0.35357930000000004
0.2791302
0.3179602
0.30454590000000004
0.29904780000000003
0.3226458
0.29974
0.31418460000000004
0.3133259
0.3094507
0.2965704
0.30804000000000004
0.2978151
0.3405965
0.2987908
0.33542150000000004
0.3202083
0.3313974
0.33896249999999994
0.3319825
0.31415040000000005
0.30560079999999995
0.3986877
0.3803012
0.3811257
0.3133545
0.3041497
0.30774309999999994
0.29844590000000004
0.32194880000000003
0.30335159999999994
0.31993760000000004
0.3335964
0.3112459
0.3236188
0.3227618
0.3097786
0.3016755
0.2998178
0.3310744
0.3037835
0.3353612
0.3216606
0.3336606
0.3343707
0.3375465
0.3356324
0.3260897
0.32337259999999995
0.2602702
0.3271135
0.3464502
0.3484512
0.3601231
0.3768459
0.35685078000000003
0.3788045
0.38291
0.3547500000000001
0.37617
0.34767
0.36211
0.35753
0.35545000000000004
0.36685
0.35794000000000004
0.34426
0.37151
0.34535
0.3714100000000001
0.34562000000000004
0.37692
0.34898
0.35697
0.37153
0.35943
0.37182
0.36377
0.35406
0.38343
0.34579000000000004
0.360762
0.36069
0.36318
0.37802
0.35868
0.37242
0.36980999999999997
0.35207
0.38666
0.34970999999999997
0.37753
0.36049000000000003
0.35436
0.3803
0.3649600000000001
0.3752
0.30314
0.31831000000000004
0.38115
0.34750000000000003
0.36499
0.34681
0.36119
0.36521
0.36952
0.3697
0.3626900000000001
0.36511
0.36474
0.3597
0.35533200000000004
0.3538000000000001
0.38891
0.3684
0.38694
0.37667
0.30069
0.366697
0.3594
0.35333000000000003
0.32878
0.37132
0.39857
0.37713
0.39252
0.30866
0.36307
0.33958999999999995
0.3703
0.35644000000000003
0.3624
0.36698000000000003
0.37466
0.36416
0.37127
0.35936999999999997
0.37951
0.36053
0.37134
0.35738000000000003
0.36047
0.3767
0.36299
0.35906999999999994
0.29507
0.3103
0.31853000000000004
0.29225999999999996
0.38176
0.35039000000000003
0.345596
0.35983699999999996
0.349895
0.35408100000000003
0.349202
0.33789699999999995
0.37228
0.3568
0.3634
0.33999
0.34688
0.37283
0.3724500000000001
0.35788000000000003
0.35622000000000004
0.35193
0.352934
0.36366
0.36303
0.34988
0.34744
0.30916
0.34931100000000004
0.33181
0.34132
0.35965
0.30833
0.36551
0.30347
0.33261
0.36694
0.35411
0.36893000000000004
0.31939
0.34952
0.35681
0.35965
0.34832
0.33805999999999997
0.33754
0.4063000000000001
0.33601000000000003
0.259327
0.29016
0.34129
0.34434000000000003
0.35285
0.33685
0.33742
0.33140000000000003
0.35695
0.30380999999999997
0.33568000000000003
0.32547
0.34286
0.33584
0.32372
0.32353000000000004
0.2872
0.28408
0.29251
0.31975
0.27096000000000003
0.24664
0.23575242
0.28297
0.32979
0.2594
0.24841624
0.23668000000000006
0.30606
0.32031
0.36103
0.31549
0.32794
0.34108
0.32523
0.34035
0.34418000000000004
0.3242
0.35147
0.33114
0.34802
0.30348
0.30767
0.33309
0.3463
0.32866
0.32825
0.32534
0.25386
0.26826
0.23143242
0.2438
0.275431
0.227651
0.2625662400000001
0.21852742
0.2693166
0.2194645
0.23748
0.2466700000000001
0.22544242
0.22611242
0.21579956000000008
0.20572
0.25558000000000003
0.195595
0.24836
0.19734242
0.20502956000000008
0.27627
0.31117
0.32639
0.23345
0.19919
0.24095000000000005
0.17163242
0.20700412
0.2716631
0.29745930000000004
0.31122540000000004
0.32142360000000003
0.3439569000000001
0.3316598
0.33223400000000003
0.3185507
0.3188802
0.3521759
0.3421269
0.337525
0.3303902
0.35639780000000004
0.2603307
0.2642906
0.2983624
0.2827929
0.3695172
0.23086149999999997
0.319781
0.3696985
0.35340710000000003
0.3745394
0.34175900000000003
0.33705290000000004
0.3251914
0.35901950000000005
0.34670710000000005
0.3257143
0.3150338
0.3297271
0.3040656
0.3202994
0.33399179999999995
0.3277379
0.3203228
0.31713620000000003
0.29098240000000003
0.4274795
0.375289
0.4379548
0.33114
0.33566
0.3344
0.326873
0.32411
0.32827
0.307075
0.331278
0.298415
0.330514
0.298554
0.302165
0.317887
0.316865
0.309291
0.318704
0.290111
0.333476
0.300612
0.328643
0.300406
0.31211700000000003
0.320504
0.30359899999999995
0.315357
0.225456
0.22247
0.2822
0.30085500000000004
0.331084
0.20601
0.25635
0.320631
0.315391
0.31945500000000004
0.30645
0.30005000000000004
0.33290000000000003
0.30808
0.30826
0.28312
0.29288000000000003
0.315411
0.32709
0.33045
0.30651
0.262701
0.29011
0.288174
0.312108
0.295296
0.27615500000000004
0.331617
0.34744
0.36734
0.38328
0.3717
0.39555
0.3042
0.27356
0.29694
0.31418
0.34654
0.35248
0.32474000000000003
0.34211
0.33931
0.37371
0.32831
0.34889000000000003
0.31639
0.361087
0.28963000000000005
0.30624
0.32224
0.31959000000000004
0.34043
0.33284
0.32162
0.31021
0.27076
0.31741
0.29391
0.33657
0.30801
0.33285
0.30692
0.34158
0.31019
0.3325
0.33573000000000003
0.32662
0.32544
0.22884242
0.30591
0.34523000000000004
0.33572
0.26337
0.30477
0.33968000000000004
0.32165
0.32826999999999995
0.28363
0.29586
0.31156
0.28395
0.3047
0.33471
0.28620999999999996
0.34782
0.32031000000000004
0.34122
0.28953
0.29122000000000003
0.33787
0.32908000000000004
0.32391000000000003
0.30549
0.29445
0.3052326
0.28053
0.2473491
0.23542242
0.33915
0.33204
0.34905
0.32358000000000003
0.33995
0.32959
0.35661
0.3127
0.3301
0.32012
0.35084
0.32874000000000003
0.33745
0.32083
0.33903000000000005
0.32798
0.34645
0.33118000000000003
0.33591
0.33190000000000003
0.35074
0.32576
0.33979000000000004
0.32616999999999996
0.35472
0.33669
0.33697
0.32896000000000003
0.33995
0.35238
0.34114
0.32605
0.33896
0.32495
0.35242
0.33897
0.33718000000000004
0.33434
0.35032
0.35899000000000003
0.34439000000000003
0.33255999999999997
0.36114
0.33730000000000004
0.36108
0.32375
0.3008
0.34369
0.35482
0.34857
0.34201000000000004
0.33535000000000004
0.35494000000000003
0.34226999999999996
0.35407
0.33071
0.34958
0.34807
0.3074
0.2854
0.34437
0.2845
0.36149
0.34688
0.35502
0.33437
0.34915
0.34976
0.35096
0.35033000000000003
0.34627
0.3241
0.35952
0.34152
0.36243
0.32776
0.34019
0.33771
0.35551
0.35198
0.33787
0.3255
0.34992
0.33493
0.36291
0.32442000000000004
0.33575
0.33281
0.35114
0.34909
0.33623000000000003
0.32035
0.34529999999999994
0.33518000000000003
0.35634
0.32259
0.33384
0.32773
0.34657
0.34121
0.34005
0.31948000000000004
0.33593
0.33099
0.34834
0.33079000000000003
0.33112
0.31831
0.33203
0.32282
0.34916
0.31582
0.3409
0.32046
0.33243
0.33621999999999996
0.33536
0.31101999999999996
0.24809
0.29495
0.34857
0.31225
0.3134
0.3089574
0.1949659
0.1957688
0.3117583
0.2964507
0.3158621
0.3102526
0.3585521
0.3267645
0.33586540000000004
0.31445349999999994
0.3455341
0.3493402
0.3390621
0.3189645
0.34292540000000005
0.3195774
0.3528321
0.3553712
0.3518612
0.3254823000000001
0.3399578
0.321805
0.3710817
0.21676779999999998
0.2428479
0.2169474
0.2347302
0.2876893
0.2587741
0.2650383
0.28466220000000003
0.2886141
0.30701120000000004
0.2875312
0.23820120000000006
0.2295241
0.28898070000000003
0.27078309999999994
0.2809988
0.22562020000000002
0.213845
0.2465202
0.2035907
0.21856170000000005
0.2074902
0.1791698
0.2449295
0.173764
0.2208764
0.2035669
0.2367217
0.2313978
0.1866688
0.22426
0.2162911
0.18527
0.26891
0.22461199999999998
0.27013000000000004
0.220032
0.24024
0.206019
0.196229
0.250692
0.238731
0.223326
0.254
0.23797
0.23549
0.21943000000000001
0.20272
0.2496
0.195428
0.210101
0.197903
0.21677
0.25938
0.18158
0.27065
0.22436
0.2055
0.20237
0.1982
0.21575
0.19978
0.18975
0.22994
0.18678
0.24187
0.19173
0.21927
0.21445999999999998
0.21659
0.23113000000000006
0.220409
0.21268
0.23596
0.21117
0.23999
0.20483
0.23065
0.22915
0.24631
0.21506999999999998
0.2248
0.22451
0.23681
0.23553000000000002
0.22564
0.20685
0.24722
0.2059
0.24715
0.20214
0.223
0.22994
0.22726
0.2316
0.22699
0.22585
0.25003000000000003
0.23155
0.24105
0.20808000000000001
0.25447000000000003
0.2201
0.25772
0.21258
0.22860000000000005
0.24246
0.23705
0.24638000000000002
0.22958
0.23191
0.28795000000000004
0.2249
0.25724
0.21622
0.25047
0.23623
0.26503000000000004
0.22266999999999998
0.23558
0.24223000000000003
0.24472
0.24654
0.23410999999999998
0.2178
0.26594
0.21876
0.26573
0.21555
0.24148000000000006
0.23983
0.24617
0.23493000000000003
0.23201
0.23135
0.24898
0.24516
0.23574
0.2137711
0.26402
0.24854
0.27938
0.2288600000000001
0.24308400000000002
0.24449
0.23374
0.24496
0.22614
0.2165
0.25572
0.21568
0.25798000000000004
0.22024
0.23702
0.23395
0.26168
0.23538
0.23384
0.22291
0.24638000000000002
0.24515
0.23758
0.21438000000000001
0.25133
0.22791
0.26369000000000004
0.21624
0.2339
0.23757
0.24511
0.24605
0.23098000000000002
0.21756999999999999
0.26275
0.21785
0.26259
0.21622
0.23508
0.2477
0.23628
0.25257
0.23774
0.22352100000000005
0.269903
0.2238
0.27206
0.22352
0.24129
0.2466
0.24706
0.25212
0.23897
0.2264
0.25731
0.23268000000000005
0.27987
0.22207
0.24348000000000006
0.24483
0.25106
0.25117
0.24613000000000002
0.23569
0.2621
0.23714
0.2737
0.22466
0.24284
0.24604
0.25479
0.25679
0.2395
0.2216674
0.26767
0.2633
0.28378000000000003
0.25105
0.25961
0.24616
0.27978000000000003
0.24853000000000006
0.26984
0.23515
0.25957
0.25357
0.26388
0.26670000000000005
0.25019
0.22978
0.26704
0.24896
0.28176
0.23799
0.25305
0.24427
0.27525
0.25269
0.25997
0.21279
0.24535
0.24113
0.25168
0.24725999999999998
0.22821
0.21081000000000005
0.24806
0.20884000000000005
0.25217
0.19329
0.20647
0.20415999999999998
0.21469
0.21175
0.19271
0.17784
0.18773
0.19664
0.20098
0.18354
0.18352000000000002
0.17148
0.20821
0.16810000000000005
0.20872
0.16864
0.17272600000000002
0.16083999999999998
0.194149
0.14400000000000002
0.151564
0.130065
0.14175929999999998
0.15076779999999998
0.14516779999999999
0.1554698
0.1773902
0.1256545
0.1838774
0.1900388
0.2279321
0.23271399999999998
0.23954210000000004
0.1759593
0.1980064
0.19012020000000002
0.20670210000000006
0.1852631
0.1895274
0.16279739999999998
0.201934
0.1643654
0.216575
0.17994829999999998
0.1898916
0.1823864
0.2104483
0.13836020000000002
0.1822631
0.13054970000000002
0.14545160000000001
0.15325740000000002
0.15105539999999998
0.15425350000000002
0.1500516
0.1314526
0.15325450000000002
0.15105639999999998
0.1490612
0.20904499999999998
0.21719829999999998
0.2008753
0.2460588
0.2138312
0.2416482
0.1944644
0.20740949999999997
0.20298020000000006
0.1622583
0.1329526
0.17228310000000002
0.13415639999999998
0.14564970000000002
0.1595583
0.14785929999999994
0.217245
0.2049564
0.1900535
0.21835639999999998
0.1983445
0.2077826
0.2092964
0.19919260000000005
0.1911764
0.2214431
0.1875045
0.2006054
0.1654616
0.1934307
0.1830554
0.21042310000000006
0.1828912
0.16322209999999998
0.13559749999999998
0.1550041
0.1555089
0.147905
0.1638136
0.22328360000000005
0.1980826
0.2313083
0.1991902
0.2345283
0.22646020000000006
0.27086
0.24813000000000002
0.25579
0.22545
0.26759
0.22609
0.23824
0.2517
0.177
0.19499
0.18168
0.16641
0.20639000000000002
0.17617
0.20992
0.17300000000000001
0.18653
0.18003000000000002
0.20254
0.17302
0.21559
0.17059999999999995
0.18594000000000002
0.19749
0.19061
0.20410999999999999
0.19194
0.17286
0.21658
0.17473
0.21879
0.1759
0.1882
0.1962
0.19833
0.19551
0.20225
0.18118
0.20242
0.203037
0.19522
0.20847
0.19485
0.17704
0.22361
0.18211
0.22364
0.18059
0.19738
0.20188
0.215408
0.19913
0.21051999999999998
0.17692
0.20524
0.20396
0.19824
0.21162
0.19811
0.1843
0.22348
0.18258
0.22524
0.18362
0.19481
0.20484
0.20312
0.21205
0.201
0.18369000000000002
0.21159
0.19692673
0.224935
0.22166
0.22128
0.20307
0.24239
0.19932
0.2436
0.20101
0.21635
0.2179
0.22638000000000005
0.21916999999999998
0.22041
0.19951
0.21828000000000006
0.22455
0.21026999999999998
0.22573000000000001
0.21141
0.19857
0.23538
0.21548
0.23639000000000004
0.21423000000000006
0.21653000000000006
0.20382
0.24542000000000005
0.20337
0.24481999999999998
0.20197
0.21631
0.21527
0.23464000000000002
0.20654099999999997
0.21915
0.18264
0.19986
0.21251
0.19997
0.21149
0.20009000000000002
0.18914
0.21798
0.20252
0.2038
0.21447
0.20025
0.18559
0.21971
0.19608
0.22237
0.19614
0.19536
0.18774
0.225
0.18479
0.22784
0.18337
0.19729000000000002
0.19441000000000005
0.21537
0.18222
0.22421
0.18021
0.19661
0.20151
0.2053
0.18812
0.21983000000000005
0.18528
0.19842
0.20921
0.19581
0.19954
0.20688
0.18266
0.19668
0.20772
0.1899
0.20748000000000005
0.19411
0.18235
0.19453
0.20948000000000006
0.19533
0.20915050000000002
0.21394
0.19663
0.21736999999999998
0.21814
0.21484
0.22949
0.21606
0.19915
0.21957
0.21586
0.21597
0.22757
0.21165
0.19523
0.2195
0.21868
0.21082
0.22136
0.21029
0.19838
0.2288800000000001
0.21307
0.20791
0.22372000000000009
0.20761999999999997
0.19533
0.22864
0.20377
0.22061
0.20755
0.20464
0.18852
0.23517
0.18586
0.23166
0.1842
0.19869
0.18996
0.22155
0.18525
0.22603
0.1853
0.1961
0.20206
0.2028
0.19812
0.1869
0.16012069999999998
0.1737483
0.2445645
0.2326436
0.24463070000000003
0.2324545
0.2260801
0.2784074
0.2679426
0.2687817
0.26868070000000005
0.22042070000000002
0.207145
0.23186170000000006
0.2135336
0.2844545
0.2624807
0.2684617
0.251985
0.2910917
0.252714
0.29178259999999995
0.2532088
0.21119169999999998
0.211165
0.2401283
0.2102436
0.2628545
0.207004
0.2214817
0.2250502
0.2396926
0.20488879999999998
0.2477407
0.205785
0.2190969
0.2338788
0.2181117
0.2527317
0.2316378
0.2058821
0.2300259
0.224125
0.2141629
0.21941799999999997
0.2126192
0.1926393
0.22607310000000005
0.1921445
0.2103522
0.2107121
0.2837607
0.2274169
0.2279132
0.1953979
0.2287826
0.1908039
0.2179343
0.2215844
0.2306668
0.2058444
0.2479117
0.2039969
0.224045
0.220975
0.2291298
0.2335088
0.2213017
0.20524499999999998
0.2331064
0.2195798
0.21902929999999995
0.22988800000000004
0.2202613
0.2108055
0.2398889
0.2072808
0.24574410000000002
0.2042112
0.21967779999999998
0.2150169
0.23710170000000005
0.2120178
0.2424036
0.208125
0.2265607
0.2249745
0.2494455
0.2603283
0.2455469
0.22496
0.25319
0.2346
0.22422
0.21446
0.21262
0.20422
0.24115
0.19882
0.24034
0.19612000000000002
0.21753000000000006
0.22038000000000002
0.21928000000000003
0.2283
0.2161
0.19919
0.2311
0.21382
0.22825
0.22467
0.21788000000000002
0.21343
0.23431
0.20926
0.25099
0.18308
0.19819
0.20882
0.19708
0.21206
0.199
0.18224
0.20676999999999998
0.2006
0.20529
0.20375
0.20181
0.19099000000000002
0.22001
0.18444
0.22796
0.18789
0.20065
0.20948000000000006
0.20669
0.21443
0.20146
0.18792999999999999
0.21499
0.19967000000000001
0.21657
0.20033
0.20349
0.1956
0.22325
0.18869
0.2296
0.18624
0.20369
0.21172
0.20955
0.21907
0.20292
0.18839
0.22225
0.19577
0.22479000000000002
0.19518
0.20285
0.19932
0.21871
0.18875
0.23224
0.18837
0.20313
0.20744
0.20992
0.21771
0.20557
0.18649
0.21412
0.20172
0.22946999999999998
0.19182
0.20399
0.20099
0.22108000000000005
0.19307
0.2326
0.18652
0.20816
0.21504
0.20655
0.21868
0.20257
0.18814
0.22781
0.19344
0.2328
0.19103
0.20593000000000006
0.20706
0.22708000000000006
0.19633
0.31137
0.27193
0.28335
0.29648
0.28859
0.29785
0.27841
0.18905
0.22628
0.20304
0.2332
0.2032
0.20825
0.20115
0.22828
0.19484
0.23507
0.19381
0.20853
0.2141
0.21201
0.21975
0.20697
0.1903
0.21852
0.21172
0.20709
0.21993000000000001
0.2074
0.19129
0.23673
0.19027
0.23734
0.19092
0.20416
0.20538
0.22908
0.1927
0.23709000000000002
0.19272
0.20675
0.21896
0.21122
0.21746
0.20884
0.1907
0.21544
0.21763
0.20305
0.21757
0.19683
0.18666
0.22534
0.19359
0.22363
0.19063
0.1989
0.19525
0.22182
0.18442
0.22783
0.18668
0.19617
0.20925
0.19893
0.20793000000000006
0.19702
0.17981
0.20449
0.20192
0.19188
0.20618000000000009
0.19019
0.17533
0.21165
0.18004
0.21334
0.17413
0.18488
0.18096
0.2045267
0.17964000000000002
0.20412
0.16602
0.1626
0.160365
0.17445929999999998
0.17696779999999998
0.2180702
0.20573020000000009
0.231514
0.22083980000000009
0.2936512
0.27581310000000003
0.2779493
0.26895209999999997
0.295064
0.26815120000000003
0.2501331
0.20616640000000008
0.2191654
0.22023020000000001
0.1859693
0.2133502
0.2141974
0.1976612
0.3405559
0.3535236
0.3386898
0.3684755
0.3600678
0.33957069999999995
0.3531236
0.33276120000000003
0.2941336
0.212914
0.22163020000000003
0.2181469
0.2184607
0.20808070000000004
0.25939450000000003
0.2570406
0.2056907
0.2064075
0.2127697
0.2248434
0.2045439
0.1898848
0.2135178
0.20081870000000002
0.2243778
0.19453489999999998
0.1891031
0.18318489999999998
0.2274858
0.17765219999999998
0.1765997
0.1499499
0.2611718
0.2173308
0.2220901
0.2266108
0.216684
0.2191506
0.23430370000000006
0.23025170000000006
0.2580987
0.203508
0.24521579999999998
0.2391158
0.1899981
0.20186700000000002
0.181830168
0.1984981
0.1973943
0.18765510000000002
0.2096071
0.16888640000000002
0.1900073
0.18427
0.18490910000000002
0.2091878
0.21113
0.2045112
0.229673
0.1995206
0.2944213
0.2633265
0.2322813
0.2196555
0.2104203
0.2249278
0.24883
0.22811
0.2632
0.17937
0.21695
0.18244
0.18931
0.19694
0.20012
0.19545
0.20277
0.1833
0.21806
0.18224
0.20103
0.2005
0.19114
0.20526
0.19744
0.18561
0.22049
0.18484
0.22028000000000006
0.18883
0.19766
0.21485
0.19936
0.20851
0.20467
0.1842
0.2289
0.18459
0.22436
0.19380000000000008
0.2012
0.21641
0.20214000000000001
0.21489000000000005
0.2078
0.19685
0.22922
0.19041
0.23021
0.19516
0.21098000000000006
0.21205
0.20501000000000005
0.22471
0.20484000000000002
0.21429
0.21675
0.19523
0.23477
0.19589
0.23837
0.19814
0.2148
0.22402
0.21117
0.22926999999999997
0.21249
0.20665
0.2336
0.1978
0.23977
0.19705
0.22185
0.20932
0.2035
0.22898
0.20997
0.21576
0.21915
0.19583
0.23506
0.19441
0.23212
0.20310999999999998
0.20856999999999998
0.22514
0.20639000000000002
0.21989
0.21035
0.20294
0.22865
0.19531
0.23431
0.19913
0.21892
0.20961
0.20861
0.22324
0.20981
0.21347
0.22013
0.19921
0.23952
0.20015
0.24054
0.20335999999999999
0.21039
0.23244
0.21153
0.2282
0.21185
0.20097
0.239
0.20319
0.24399
0.20345
0.22018
0.2357
0.21596
0.22923
0.21379
0.20542
0.23854
0.20378
0.24575
0.20925
0.23160999999999998
0.23486
0.22466
0.23841
0.2189
0.1626
0.24753000000000003
0.157
0.24808
0.157
0.1721
0.23896
0.22452000000000005
0.2396500000000001
0.2224
0.21156000000000005
0.24842
0.2081
