0.0906041
0.08038010000000001
0.08126209999999999
0.0247143
0.08512810000000001
0.08193099999999999
0.0212682
0.08142799999999999
0.07305410000000001
0.0665192
0.0793803
0.07148910000000001
0.06698830000000001
0.0762922
0.0745832
0.08471089999999999
0.0951181
0.12210599999999999
0.1245161
0.11198900000000002
0.1483949
0.1406539
0.14726689999999998
0.12775999999999998
0.1331788
0.13448110000000002
0.1321441
0.12523199999999998
0.07564320000000001
0.084178
0.11155799999999999
0.12462999999999999
0.13121519999999998
0.1229152
0.1301641
0.12397819999999996
0.10932819999999999
0.124328
0.08219289999999999
0.065326
0.067481
0.0642094
0.0641995
0.0752002
0.06457719999999999
0.058837199999999985
0.06620319999999999
0.0612601
0.0602992
0.05105029999999999
0.055478199999999984
0.0528112
0.0515482
0.0577413
0.048874400000000005
0.0473804
0.0389425
0.0458915
0.05090450000000001
0.0460905
0.0404885
0.036339599999999986
0.032515100000000005
0.0462965
0.0336876
0.0354996
0.0430314
0.03976060000000002
0.03332460000000001
0.034176700000000004
0.036165600000000006
0.034374600000000005
0.037534500000000005
0.030380699999999993
0.0327648
0.0351685
0.0298566
0.03703460000000002
0.0418847
0.0310026
0.0334425
0.0384685
0.036668400000000004
0.04010140000000001
0.027480100000000004
0.035265700000000004
0.029597599999999998
0.0315314
0.0359675
0.0359234
0.0383172
0.033887600000000004
0.0404815
0.0300574
0.1866113
0.09445449999999997
0.1073114
0.1003918
0.15257410000000002
0.10847659999999998
0.11582
0.0474413
0.0394077
0.0329214
0.0436452
0.08655149999999999
0.04343470000000002
0.08491240000000003
0.08583510000000001
0.0277009
0.035966800000000014
0.0321629
0.04506500000000002
0.028844300000000007
0.034746200000000005
0.0384053
0.027351
0.037257
0.027487
0.027657
0.039927999999999984
0.06393499999999999
0.058287
0.059524
0.043234000000000015
0.054732
0.045954
0.033908999999999995
0.031125000000000007
0.03395
0.050813999999999984
0.09101900000000004
0.122678
0.072187
0.052842999999999994
0.07678600000000001
0.124425
0.15342299999999998
0.15846
0.104693
0.133537
0.18910900000000005
0.256132
0.298668
0.23764600000000005
0.17752600000000002
0.3035370000000001
0.36371
0.31498000000000004
0.26759
0.3292
0.329
0.3253
0.32402
0.32489
0.32706
0.32039
0.31687000000000004
0.31908000000000003
0.31915000000000004
0.32513000000000003
0.33025
0.33014
0.33051
0.33351
0.336
0.3304
0.32716
0.32691000000000003
0.3291000000000001
0.0
0.03949
0.056363
0.17843699999999998
0.111542
0.05148
0.057110000000000015
0.14951
0.08469199999999999
0.114306
0.071674
0.29490999999999995
0.23299115
0.076848
0.06451499999999999
0.06264600000000001
0.061142000000000016
0.03979
0.04196624
0.03275
0.04929678
0.01225
0.01300011
0.016562970000000003
0.02244534
0.01259457
0.0007524
0.00040055
0.00026795
0.03745708
0.00028228000000000004
0.00026986
0.03855133
0.03892703
0.03800708999999999
0.03843703
0.00027752
0.0025975
0.0023375
0.00207333
0.0020571
0.00196165
0.0026855
0.00242227
0.00025753
0.00027562
0.02387944
0.01957082
0.03025463
0.013906539999999998
0.01099174
0.0089955
0.00785367
0.01343174
0.01528393
0.01031645
0.02525897
0.02798009
0.11518230000000002
0.034849
0.038048
0.05386149999999999
0.022346
0.135215
0.13717
0.135755
0.14771800000000002
0.14165899999999998
0.149606
0.18648900000000002
0.17947400000000002
0.17608200000000002
0.14067010000000002
0.1492101
0.13733320000000002
0.42957559999999995
0.4273075000000001
0.4231084
0.280227
0.14299309999999998
0.20066099999999998
0.171897
0.16938789999999998
0.12528889999999998
0.132633
0.1179262
0.12303720000000001
0.1226954
0.134722
0.1329838
0.1309391
0.13696420000000006
0.1301965
0.13645510000000002
0.12535410000000002
0.1283522
0.12978979999999998
0.13962970000000005
0.127742
0.119452
0.115583
0.116242
0.12377
0.134463
0.143938
0.148549
0.16515499999999994
0.183377
0.215388
0.211908
0.223331
0.161385
0.13643529999999998
0.12214799999999998
0.14060420000000004
0.1401261
0.1407909
0.12109140000000004
0.17447009999999996
0.1698057
0.1681321
0.1701477
0.1666456
0.16924540000000005
0.1652211
0.11264439999999999
0.1158292
0.1088929
0.1114177
0.15931629999999994
0.1777944
0.1569235
0.1184677
0.1772974
0.2011431
0.20266510000000001
0.17915019999999998
0.15341300000000002
0.1754881
0.180225
0.15818
0.13748
0.13979
0.14443070000000002
0.1406463
0.142332
0.15005590000000002
0.14899810000000002
0.15108270000000001
0.1507741
0.13669209999999998
0.1322692
0.15037659999999994
0.14428500000000002
0.14831850000000002
0.1912574
0.1962422000000001
0.21859810000000002
0.17803070000000001
0.17485850000000006
0.1683107
0.1706486
0.18191430000000008
0.18382540000000008
0.1749
0.2646893
0.3875603
0.4064504
0.16923820000000006
0.1696741
0.1457384
0.15718020000000002
0.1678193
0.16348839999999998
0.19757260000000001
0.15022320000000006
0.1664962
0.164218
0.16758010000000004
0.16260690000000005
0.15543679999999999
0.1477172
0.14823109999999998
0.20749410000000001
0.1498534
0.1477398
0.14633800000000002
0.15988470000000002
0.20139519999999994
0.19767110000000004
0.1905247
0.19492320000000002
0.1915299
0.1883995
0.19345839999999997
0.16964010000000002
0.10971
0.16123710000000002
0.16132760000000002
0.1110964
0.0252587
0.0256406
0.10437460000000001
0.1112828
0.15083729999999998
0.1530855
0.0736198
0.1591513
0.16985470000000005
0.13111530000000002
0.0868098
0.026156
0.08789489999999997
0.1015948
0.15835410000000005
0.026268
0.10422
0.246406
0.289865
0.215785
0.26608000000000004
0.27722800000000003
0.09610000000000002
0.12454200000000006
0.098851
0.08450400000000001
0.035149
0.09901299999999998
0.096244
0.109049
0.13021
0.120956
0.034072000000000005
0.10728100000000004
0.09279599999999998
0.027839099999999995
0.097953
0.098576
0.167516
0.096616
0.099737
0.103379
0.10073052
0.10087042000000004
0.03105438
0.10451538
0.02991242
0.02990547
0.11085047
0.10864242000000003
0.09900556
0.10842256
0.12900661000000002
0.18902766
0.02662631
0.10890876
0.11353906
0.12062432
0.13009301
0.14351286000000002
0.13601911000000005
0.043658800000000005
0.10362456
0.11341491
0.09596631
0.09934361
0.04395991
0.10940346
0.10312956
0.04022856
0.027702
0.07092000000000001
0.04875
0.05267699999999999
0.182935
0.173
0.110377
0.165132
0.168491
0.09496899999999996
0.034233
0.092503
0.104807
0.095832
0.110237
0.10576947000000002
0.10357252
0.031333520000000004
3.624e-05
0.07974338
0.15228
0.17404299999999998
0.11142
0.104094
0.123778
0.15959900000000002
0.182555
0.248467
0.26105
0.29128000000000004
0.30768
0.26112
0.26813000000000003
0.31189
0.26288
0.26000999999999996
0.26294
0.26741
0.2204
0.16888999999999998
0.15015
0.15265
0.225904
0.17359000000000002
0.14688099999999998
0.22607
0.2675
0.1396
0.183469
0.18758600000000009
0.24824200000000002
0.12562299999999998
0.201443
0.24709700000000004
0.243174
0.196401
0.205367
0.20135
0.15684800000000002
0.17716600000000002
0.166952
0.243261
0.25826000000000005
0.255616
0.2494212
0.24737540000000005
0.2427967
0.201414
0.2493324
0.25883340000000005
0.284269
0.253504
0.261033
0.26776300000000003
0.27102000000000004
0.263843
0.217783
0.178061
0.256923
0.263562
0.293615
0.276224
0.25874
0.262876
0.257227
0.232318
0.188546
0.281218
0.138536
0.245641
0.222816
0.22007600000000002
0.154437
0.114774
0.215472
0.19513
0.268917
0.133772
0.17517999999999995
0.14926399999999998
0.013142
0.10699189999999999
0.10323419999999998
0.1035201
0.1092819
0.11664100000000001
0.10930399999999996
0.104843
0.14827500000000002
0.209767
0.245193
0.316247
0.326016
0.33061299999999993
0.328771
0.299327
0.31867500000000004
0.307559
0.29931699999999994
0.27057600000000004
0.315956
0.270898
0.28221
0.267137
0.26213000000000003
0.20069
0.26659000000000005
0.21512
0.3416
0.33637100000000003
0.336592
0.336364
0.266499
0.277933
0.3504
0.340679
0.22119
0.326721
0.33416799999999997
0.251681
0.249238
0.296011
0.29667200000000005
0.2062920000000001
0.214937
0.261049
0.29824
0.25716300000000003
0.217928
0.17276
0.33251200000000003
0.33614999999999995
0.334823
0.340387
0.34657800000000005
0.27001200000000003
0.193506
0.183659
0.17361899999999994
0.169037
0.162525
0.16477
0.16453099999999998
0.16038400000000005
0.16099899999999998
0.15667699999999998
0.160552
0.16485999999999998
0.17641099999999998
0.167526
0.165068
0.15636200000000006
0.156342
0.15168999999999996
0.14723699999999998
0.14862000000000006
0.161703
0.16682900000000006
0.15336
0.15583600000000006
0.15240199999999998
0.148002
0.143403
0.13986900000000002
0.14746900000000002
0.14660700000000002
0.14467200000000002
0.15239100000000005
0.15076399999999998
0.138674
0.138253
0.149162
0.008484
0.003735
0.003189
0.0033950000000000004
0.002708
0.002865
0.0024219999999999997
0.002579
0.002434
0.0022660000000000002
0.002457
0.002438
0.002491
0.002285
0.002239
0.002316
0.0059960000000000005
0.0062369999999999995
0.006779
0.0059240000000000004
0.005463
0.004963
0.004388
0.004377000000000001
0.004246
0.004586
0.004429
0.004298
0.00411
0.004014
0.004251
0.003739
0.0038889999999999992
0.0035670000000000007
0.0034700000000000004
0.00352
0.003409
0.0036049999999999997
0.0033439999999999998
0.003283
0.003523
0.003357
0.003504
0.0032899999999999995
0.0032240000000000003
0.002966
0.002979
0.003302
0.0031720000000000003
0.003221
0.002928
0.0030670000000000003
0.0027370000000000003
0.002935
0.0032640000000000004
0.003168
0.003025
0.00316
0.003288
0.003311
0.003281
0.004096
0.016766
0.034652999999999996
0.049345
0.047715
0.056478
0.047352
0.052569000000000005
0.070467
0.057032999999999986
0.060635
0.069926
0.054123000000000004
0.064197
0.056918
0.061503
0.06646099999999999
0.068063
0.063365
0.056801
0.055087
0.058807999999999985
0.056414
0.06635100000000001
0.07766300000000001
0.062059
0.0516
0.046832
0.050487
0.053706
0.057217
0.07081
0.059417999999999985
0.062392
0.07037
0.048541
0.045738
0.04589
0.043056
0.046381000000000006
0.04771
0.049148000000000004
0.044489
0.044081
0.04116
0.043124
0.052496
0.058577999999999984
0.048122000000000005
0.053415
0.043256
0.041782
0.047327
0.041748
0.041801
0.044258
0.04309
0.04264
0.042945
0.038969
0.04291
0.0447
0.042777
0.049939
0.052201
0.048034
0.048908
0.045804
0.044711
0.046982
0.040033
0.035922
0.036472
0.043148
0.04174
0.045833
0.036660000000000005
0.035832
0.03439
0.040329000000000004
0.040272
0.051286000000000005
0.045745999999999995
0.03615
0.03343
0.035567999999999995
0.034906999999999994
0.041099000000000004
0.041553
0.038339
0.038774
0.040049
0.035049000000000004
0.033947000000000005
0.036464
0.037145
0.04322
0.036538
0.038642
0.043327
0.045289
0.041463
0.039795
0.03780699999999999
0.039513
0.039817
0.041652
0.035887
0.034835000000000005
0.039202
0.044075
0.044088
0.046561000000000005
0.04008900000000002
0.039173
0.041221
0.043217
0.044068
0.048867
0.046734
0.045788
0.047373
0.048535
0.05235
0.051552
0.04654
0.048793
0.05889700000000001
0.05549
0.060873
0.075559
0.06487799999999999
0.067212
0.07488500000000001
0.067946
0.06890399999999999
0.067486
0.067445
0.08487700000000001
0.07979800000000001
0.072897
0.06927
0.07146799999999999
0.07597699999999999
0.071483
0.076428
0.07805100000000001
0.080944
0.07324499999999999
0.069736
0.069203
0.07565
0.08299200000000001
0.08242799999999999
0.083968
0.07759400000000001
0.08115800000000001
0.087663
0.093822
0.08804200000000001
0.08424499999999999
0.08620799999999999
0.083598
0.09154
0.08857999999999999
0.090739
0.09665
0.11606
0.08232300000000001
0.092346
0.082291
0.084584
0.08785899999999999
0.084118
0.08907899999999999
0.089588
0.091153
0.08831599999999999
0.091004
0.087663
0.091749
0.091085
0.084866
0.088336
0.085647
0.07715999999999999
0.07812899999999999
0.075759
0.072111
0.073331
0.07959100000000001
0.074688
0.080827
0.090196
0.07775900000000001
0.087199
0.088543
0.085648
0.08872999999999999
0.106444
0.100269
0.105611
0.083493
0.086484
0.09471399999999999
0.09106900000000001
0.080859
0.082716
0.082691
0.091504
0.09496
0.10057
0.0941
0.08621200000000001
0.092015
0.086837
0.087538
0.08932499999999999
0.09001100000000001
0.091769
0.1057
0.096148
0.095782
0.08950599999999999
0.09064900000000001
0.08756699999999999
0.096956
0.102718
0.121072
0.103397
0.105255
0.103702
0.10304
0.096126
0.09996
0.093192
0.084787
0.095485
0.093215
0.097605
0.099691
0.091297
0.08969500000000001
0.08867699999999999
0.091586
0.090648
0.092875
0.085239
0.08122900000000001
0.112539
0.09326799999999999
0.090433
0.105769
0.103444
0.097584
0.113035
0.09335
0.08938099999999999
0.082251
0.08537
0.066734
0.065677
0.073285
0.06786500000000001
0.06859900000000001
0.07456499999999999
0.062001
0.052303
0.045143
0.040211
0.036087
0.034516000000000005
0.036847000000000005
0.048681
0.044377
0.04643
0.044308
0.044695
0.044978
0.042798
0.050463
0.042829
0.049152
0.049778
0.046704
0.044963
0.046393000000000004
0.035543
0.040408000000000006
0.045155
0.047129000000000004
0.03292
0.0228
0.023873
0.0202
0.02139
0.01917
0.01788
0.01535
0.012440000000000001
0.013480400000000002
0.0148477
0.018798
0.04734
0.07404
0.08445
0.07529
0.08446999999999999
0.08591000000000001
0.08637
0.08435
0.09347
0.08594
0.10132
0.09064
0.09186
0.09421
0.09723
0.09293
0.09483
0.08392000000000001
0.08313
0.0777
0.0863
0.08553
0.08524999999999999
0.09661
0.08184
0.07899999999999999
0.07391
0.07053000000000001
0.0675
0.07704
0.07495
0.07297999999999999
0.07109
0.07493999999999999
0.07962000000000001
0.07962000000000001
0.07518999999999999
0.07436
0.06794
0.06506999999999999
0.06737
0.06719
0.07084
0.06444
0.06129400000000001
0.0676
0.06552999999999999
0.06917000000000001
0.07136400000000001
0.06306199999999999
0.059514
0.056901000000000014
0.057894000000000015
0.057802
0.060854
0.06701499999999999
0.060271999999999985
0.066499
0.062039
0.05989700000000001
0.056228999999999994
0.059415
0.058033000000000015
0.055075
0.058805
0.068857
0.056262000000000006
0.056025
0.052370000000000014
0.057101
0.05719700000000001
0.056038
0.056803999999999986
0.06286699999999999
0.051486
0.054735
0.051284
0.048669
0.052121
0.054003999999999996
0.052579
0.054143
0.06401399999999999
0.052296
0.054380999999999985
0.060066
0.05886900000000001
0.06036800000000001
0.057328999999999984
0.04579
0.046047000000000005
0.053792999999999994
0.054269000000000005
0.057654
0.05545799999999999
0.054314
0.050961000000000006
0.053315999999999995
0.060874
0.05662100000000001
0.059612
0.056338
0.05431899999999999
0.059483
0.064695
0.058985
0.06442
0.0613
0.07091700000000001
0.077454
0.07428399999999999
0.075593
0.08975
0.076445
0.08949299999999999
0.081938
0.07830999999999999
0.08957000000000001
0.07543
0.07232799999999999
0.07271
0.07035
0.08349
0.08642000000000001
0.08997000000000001
0.08672
0.09346
0.1063
0.08392000000000001
0.1045
0.09142
0.09829
0.08363
0.08286
0.09675
0.10077
0.11119000000000001
0.10775
0.08918
0.09859
0.09097
0.09383
0.09012
0.12924000000000002
0.10169
0.09793
0.09783
0.08764000000000001
0.10434
0.10372
0.09873
0.10983
0.10135
0.09568
0.10433
0.10215
0.11142
0.09714
0.10303
0.10587
0.10305999999999997
0.10093
0.10459
0.11627
0.14240999999999998
0.12741
0.10446
0.10495
0.09258999999999999
0.12045
0.10486
0.11508
0.10809
0.09668
0.0943
0.11784999999999995
0.10208
0.12144
0.10409000000000003
0.10675
0.11114
0.11508
0.10679000000000001
0.10709
0.1026
0.10303
0.09946
0.10597999999999999
0.11087
0.10228999999999999
0.11191
0.09473
0.10703
0.10126
0.09144
0.10205
0.10449
0.11011
0.11532
0.11548
0.11295
0.1295
0.12198
0.11737
0.12600999999999998
0.11872
0.11245
0.10984
0.11001
0.11017
0.11887
0.10639
0.12524000000000002
0.12894999999999998
0.12003
0.11895
0.12368
0.13879999999999998
0.12596
0.13141
0.13976
0.13241999999999998
0.12974000000000002
0.11029
0.10669000000000001
0.12477
0.11757999999999999
0.11800999999999999
0.12415
0.12822999999999998
0.14595
0.12173
0.11924
0.12565
0.12176
0.1203
0.12268
0.12195
0.12058
0.11121
0.12628
0.14568
0.1206
0.11682000000000001
0.11825
0.11438
0.11645
0.13223
0.11334
0.10919
0.11835
0.10751
0.12617
0.12072
0.13573
0.11199999999999999
0.11115
0.10818
0.11135999999999999
0.12503999999999998
0.13571
0.14951
0.14658
0.12177
0.12387999999999999
0.14691
0.13033
0.13263
0.15949000000000002
0.14636
0.13710999999999998
0.1491
0.13177
0.14647000000000002
0.13502999999999998
0.13297
0.1279
0.13287000000000002
0.13135
0.13474999999999998
0.13834000000000002
0.13354000000000002
0.14623
0.15400999999999998
0.15883000000000005
0.17673
0.14305
0.13538
0.16732
0.14415999999999998
0.15149
0.14844000000000002
0.15303
0.15743
0.11743
0.12677000000000002
0.11288
0.11286
0.10696
0.09424
0.10605
0.10663
0.09546
0.09781
0.09908999999999996
0.10117000000000001
0.10419
0.09515
0.08945
0.09296
0.09002000000000003
0.08959999999999999
0.08410999999999999
0.08371
0.08914
0.08954
0.07767
0.07263
0.08316
0.08496999999999999
0.07646
0.07256
0.08376
0.07900000000000001
0.08075
0.0837
0.08104
0.07366
0.07297999999999999
0.07005
0.06293
0.06224
0.06276000000000001
0.059786
0.06287999999999999
0.06024400000000001
0.059818
0.057646
0.057095000000000014
0.057033000000000014
0.06125
0.06189500000000001
0.068832
0.06764400000000001
0.059601
0.056438
0.058007
0.052661
0.059003000000000014
0.058230999999999984
0.059575
0.056211000000000004
0.051785000000000005
0.050549000000000004
0.060088
0.062064
0.058681
0.05818200000000001
0.059562000000000004
0.057019000000000014
0.055896
0.054419
0.05222
0.053482
0.05696
0.055760000000000004
0.054822
0.05573600000000002
0.056522
0.056520000000000015
0.057911000000000004
0.062279
0.053688
0.062901
0.05434
0.05949500000000001
0.055302
0.060239
0.054585
0.054486
0.053124000000000005
0.057487
0.052837
0.050789
0.046201
0.051205
0.049397
0.053286
0.051383000000000005
0.053125000000000006
0.044561
0.047576
0.05011299999999999
0.052070000000000005
0.054810000000000005
0.053581
0.056834
0.054919
0.055847
0.05728200000000001
0.05266900000000001
0.05186
0.056841
0.055368
0.05122500000000002
0.056724
0.055818000000000006
0.062681
0.06753400000000001
0.06465
0.062776
0.052045000000000015
0.058087
0.061633000000000014
0.068547
0.06836
0.06286900000000001
0.05766
0.06113
0.06171
0.06721099999999999
0.06327999999999999
0.06480999999999999
0.06082000000000001
0.06398
0.0649
0.0665
0.06932999999999999
0.07417
0.07106
0.06982999999999999
0.07282999999999999
0.07771
0.07972000000000001
0.0791
0.09607
0.09396
0.08628
0.09507
0.09024
0.08639999999999999
0.09506
0.09990999999999996
0.09237
0.08252000000000001
0.07639
0.08383
0.07639
0.07724
0.0852
0.08217999999999999
0.08199999999999999
0.07717
0.08231000000000001
0.08432
0.08981
0.08456000000000001
0.08354999999999999
0.07805999999999999
0.08038000000000001
0.08609
0.08136
0.08267000000000001
0.08453
0.081
0.08841
0.08404999999999999
0.0882
0.07611
0.08005
0.09372
0.08401
0.09927
0.08922999999999999
0.08362
0.08703
0.08703999999999999
0.08453000000000001
0.09451
0.08997999999999999
0.08335000000000001
0.08896
0.08406000000000001
0.08367000000000001
0.08392000000000001
0.07889
0.08131999999999999
0.09192
0.08739
0.08789
0.08099999999999999
0.08217999999999999
0.07927000000000001
0.08306000000000001
0.08435
0.08069
0.0802
0.08404
0.08431999999999999
0.08667000000000001
0.08661
0.08701
0.08987
0.08573
0.07947000000000001
0.08847000000000001
0.09366
0.08435
0.08378
0.07981
0.07372999999999999
0.0777
0.07733999999999999
0.07586
0.07990000000000001
0.08335
0.09378
0.09204
0.09003
0.08204
0.08304
0.0824
0.08402000000000001
0.08782999999999999
0.08499000000000001
0.08707000000000001
0.08792000000000001
0.08625
0.08932000000000001
0.0853
0.09296
0.08997000000000001
0.09179
0.09067
0.09323
0.08963
0.08514
0.08972999999999999
0.08574
0.09161
0.08637
0.08983999999999999
0.0857
0.08310000000000001
0.08864999999999999
0.09513
0.09586
0.08696999999999999
0.07998999999999999
0.08355
0.08861999999999999
0.0895
0.09466
0.09210000000000004
0.10053
0.08914
0.0932
0.09067
0.07851999999999999
0.08029
0.08011
0.07416
0.0756
0.07352
0.08166
0.07761
0.07769999999999999
0.07114
0.08673
0.08191000000000001
0.07959
0.08005000000000001
0.07675
0.07952999999999999
0.07232000000000001
0.07392
0.07518999999999999
0.08224000000000001
0.08260999999999999
0.07645
0.08459
0.08603000000000001
0.07767
0.07843
0.08041000000000001
0.07714
0.08096
0.08499
0.08114
0.0799
0.08182
0.08835
0.08878
0.08267000000000001
0.08045
0.08255
0.07846
0.07565000000000001
0.07930999999999999
0.08777
0.0777
0.07822
0.07587
0.0758
0.08236000000000003
0.07504000000000001
0.07178999999999999
0.07175000000000001
0.06607
0.06571
0.0674
0.06906000000000001
0.07257000000000001
0.06837
0.06209
0.06592999999999999
0.07071000000000001
0.06345
0.05948
0.05629000000000002
0.060619999999999986
0.05551
0.053135
0.050946
0.051088999999999996
0.055496000000000004
0.05326
0.052669000000000014
0.052058000000000014
0.054292999999999994
0.051909000000000004
0.057988
0.054867000000000006
0.058084
0.055194000000000014
0.053256
0.051216
0.051767
0.052570000000000006
0.053033000000000004
0.06049300000000001
0.049885000000000006
0.047893000000000005
0.048727
0.049637
0.053617000000000005
0.052782
0.05119
0.049097
0.047606
0.045192
0.044789
0.043444
0.03818099999999999
0.040356
0.041659
0.04542499999999999
0.0426
0.048171
0.046769
0.054987
0.049461
0.0434
0.04378800000000002
0.044521
0.039981
0.041366
0.04117
0.045567
0.044505
0.043343
0.041509
0.044747
0.045422000000000004
0.046725
0.046032
0.044985000000000004
0.041399
0.041503
0.041755
0.041077
0.043827
0.049154
0.048688999999999996
0.053126
0.050746000000000006
0.051305
0.0535
0.057436
0.05964600000000001
0.058178
0.059846
0.055674
0.058771000000000004
0.059174000000000004
0.052674
0.055873000000000006
0.06107600000000001
0.063082
0.06534
0.062682
0.05757200000000001
0.056041999999999995
0.06634
0.059092999999999986
0.062300000000000015
0.06224
0.06505
0.06558
0.07173
0.07701000000000001
0.07132999999999999
0.0697
0.07161000000000001
0.07712999999999999
0.07979
0.07970999999999999
0.07213
0.06763
0.08611999999999999
0.08589999999999999
0.08443999999999999
0.08206000000000001
0.07998999999999999
0.07507000000000001
0.06948
0.07658000000000001
0.08066
0.07385
0.07879
0.07003
0.07096000000000001
0.07742
0.08492999999999999
0.07535
0.0773
0.07757
0.08209
0.08044
0.08161
0.08026
0.08444
0.08832000000000001
0.09118
0.09635
0.09949
0.08782999999999999
0.09436
0.09555
0.08936000000000001
0.1012
0.09293
0.08771
0.09055
0.09891
0.09338
0.09722999999999997
0.10114
0.10007
0.09877999999999999
0.09396
0.08499000000000001
0.08801
0.08847000000000001
0.08239999999999999
0.09866
0.09103
0.10525
0.08894999999999999
0.09127
0.08316
0.08563000000000001
0.08425
0.08535999999999999
0.08049999999999999
0.08146
0.08872000000000001
0.08212
0.09
0.09479
0.0871
0.08861999999999999
0.08548
0.08102000000000001
0.07785
0.08743000000000001
0.09237
0.08199
0.07889
0.08106000000000001
0.08166999999999999
0.07752
0.08941999999999999
0.08817
0.08158000000000001
0.08087000000000001
0.08176
0.08177999999999999
0.07919999999999999
0.0828
0.07912999999999999
0.08356
0.09479
0.09887
0.08188000000000001
0.08342999999999999
0.09197999999999999
0.09637
0.09561
0.09015
0.08478000000000001
0.08692000000000001
0.07942
0.08432
0.09118
0.07672999999999999
0.07616999999999999
0.0802
0.07794
0.08238999999999999
0.08445
0.086
0.08578
0.08108
0.0757
0.09113
0.09164
0.09973
0.08834
0.07676000000000001
0.07578
0.07343999999999999
0.07211000000000001
0.07861
0.09332
0.09802
0.08691
0.08777
0.10382
0.09631
0.09191
0.09476
0.08383
0.09799
0.10132
0.10135
0.09616
0.0994
0.1033
0.09622
0.10193
0.08578999999999999
0.08098999999999999
0.07923000000000001
0.08288999999999999
0.09296
0.09104
0.09924
0.09124
0.08435
0.0849
0.09323
0.09487999999999999
0.08387
0.08387
0.08594
0.09195
0.09011
0.08502
0.08700000000000001
0.08649000000000001
0.08917
0.08515
0.0867
0.08338000000000001
0.07944
0.08626999999999999
0.07927999999999999
0.08038000000000001
0.08048
0.08295
0.0798
0.07787999999999999
0.07092999999999999
0.07056
0.07193
0.07187
0.07532
0.07816000000000001
0.08626999999999999
0.08768
0.07126
0.06723
0.0654
0.06479
0.06659
0.061370000000000015
0.05911
0.059529999999999986
0.05478
0.05303
0.05524
0.052570000000000006
0.05583
0.06442
0.0586
0.06025000000000001
0.059289999999999995
0.06065
0.06268
0.05855
0.06266000000000001
0.056475
0.05755900000000001
0.052464
0.05662200000000001
0.049749
0.048529
0.056508
0.058950999999999996
0.057314
0.057553
0.04966299999999999
0.047765
0.046201
0.046424
0.04608
0.046438
0.041801
0.045479
0.042504
0.049420000000000006
0.044469
0.0471
0.051259000000000006
0.050648000000000006
0.047568
0.04477
0.045634
0.050001
0.051132
0.051396
0.048298
0.053713
0.048825
0.047532
0.046466
0.051016000000000006
0.048943
0.045905
0.044973
0.044081
0.046518000000000004
0.055184000000000004
0.050698
0.054314
0.044293
0.045194
0.047932
0.045503
0.04615
0.048801
0.048549000000000016
0.050648
0.055634
0.054088
0.055175
0.051937
0.051660000000000005
0.058478
0.05954099999999999
0.058851
0.057252
0.066466
0.06411800000000001
0.065441
0.059280999999999986
0.064618
0.066544
0.07259600000000001
0.064083
0.06421099999999999
0.06550500000000001
0.07403
0.07143
0.06601
0.06236000000000001
0.06312000000000001
0.06624
0.07604000000000001
0.07500000000000001
0.07092000000000001
0.06431
0.07743
0.07324
0.07367
0.07293
0.07636
0.07633999999999999
0.07583999999999999
0.08057
0.08912999999999999
0.08162
0.08914
0.10599
0.08934
0.0881
0.07798
0.07680999999999999
0.07855000000000001
0.07824
0.08484
0.07973999999999999
0.08179999999999997
0.08943999999999999
0.08759
0.09619
0.08306999999999999
0.08987
0.08757000000000001
0.08606
0.09054
0.08352000000000001
0.08914
0.09113
0.09173
0.09494
0.09399
0.09326
0.09036
0.09558
0.09088
0.09604
0.09561
0.09726
0.09796
0.09357
0.09317
0.09314
0.10062
0.08832000000000001
0.09381
0.09137
0.09372
0.09589
0.10257000000000001
0.09475
0.09339
0.09155
0.10318
0.08492999999999999
0.10041
0.08707000000000001
0.08395
0.08936000000000001
0.08958999999999999
0.09061
0.10028
0.09210000000000004
0.0975
0.10211
0.09283
0.10089
0.09363
0.09369
0.08872000000000001
0.09716
0.09793
0.0907
0.09522
0.09692
0.09827000000000001
0.10715
0.10794000000000001
0.10175
0.11231
0.10583
0.10446
0.09515
0.09195
0.09125
0.1036
0.11243
0.11826
0.09592
0.09163
0.09183999999999999
0.09521
0.09606
0.10016
0.10067000000000001
0.11675999999999999
0.10492
0.08841
0.046630000000000005
0.04007
0.03053
0.02885
0.024646
0.014480000000000003
0.09295
0.08826
0.07635
0.07935
0.07489
0.0801
0.08507999999999999
0.07614
0.07602
0.07168000000000001
0.07162
0.078
0.08123999999999999
0.09888
0.08993
0.08892
0.0882
0.09387
0.09256
0.0859
0.08807999999999999
0.08469
0.08194
0.09537000000000001
0.09378
0.09247
0.09574
0.08957000000000001
0.08982000000000001
0.08983999999999999
0.09198
0.08894999999999999
0.09967000000000001
0.09534
0.09684
0.08851
0.10199
0.0968
0.09729
0.10116
0.09095000000000003
0.09646
0.09125
0.10470000000000004
0.09458
0.08721999999999999
0.08843999999999999
0.09232
0.09262000000000001
0.08884
0.08184
0.08084
0.08435
0.09103
0.08367000000000001
0.07743
0.08008
0.08145
0.07680999999999999
0.07694
0.08062000000000001
0.08298
0.07791000000000001
0.0763
0.08664000000000001
0.08542000000000001
0.07687999999999999
0.08428999999999999
0.08285
0.08432
0.07779
0.08324
0.07221000000000001
0.06977
0.07016
0.07242
0.06561
0.06698
0.06869
0.06559000000000001
0.0644
0.06616
0.07338
0.06749
0.06131
0.0621
0.05991000000000001
0.05612
0.05812000000000001
0.06163
0.05609
0.05483
0.062160000000000014
0.062152
0.069993
0.062314
0.06252899999999999
0.055016999999999996
0.061773
0.059777
0.056614
0.053258000000000014
0.054935000000000005
0.055996999999999984
0.062556
0.053921
0.05366900000000001
0.050168
0.050461
0.057512000000000014
0.06031
0.06058
0.052735000000000004
0.049496000000000005
0.051799000000000005
0.058113
0.050852
0.048664
0.05811
0.049892
0.058605
0.055033000000000006
0.049317
0.049049
0.048696
0.046624
0.053898
0.051962
0.049748
0.049083
0.048768
0.057429999999999995
0.057083
0.054119000000000014
0.058797
0.061108
0.052818
0.055773
0.055592
0.052815
0.062981
0.061969
0.055944000000000015
0.053478
0.04966
0.05299
0.063459
0.054914
0.052545
0.050651
0.050297
0.04946999999999999
0.054722
0.050843
0.059754
0.0632
0.058622
0.06049899999999999
0.057429
0.057613
0.06180500000000001
0.060809
0.057538
0.06285299999999999
0.066478
0.06104800000000001
0.059115
0.06942000000000001
0.07378
0.07526000000000001
0.07496
0.07003999999999999
0.06692000000000001
0.08981
0.07224
0.07751
0.07627
0.07665
0.07175999999999999
0.07633999999999999
0.07776
0.07847
0.08207
0.08514000000000001
0.07877
0.08261
0.07712999999999999
0.0793
0.07764
0.08152999999999999
0.08154
0.09763
0.0972
0.11063
0.08484
0.08194000000000001
0.08829
0.09033
0.08413999999999999
0.08298
0.08521000000000001
0.09283
0.09192
0.09182
0.0918
0.09555
0.09146
0.0906
0.1069
0.10403
0.09628
0.09824
0.09235000000000004
0.09442
0.09827
0.09497
0.0904
0.09995
0.0957
0.10296
0.09683
0.08985000000000001
0.09244
0.08685
0.09299
0.09232
0.09262
0.09122
0.09479
0.09323
0.08985000000000001
0.09863
0.09928
0.10006
0.09603
0.09021
0.08682999999999999
0.08518999999999999
0.08744
0.08252000000000001
0.09031
0.08542000000000001
0.0904
0.09177
0.10766
0.09983
0.09292
0.09391000000000001
0.095
0.09439
0.09851
0.08732999999999999
0.08674
0.08806
0.08763
0.09427
0.10041
0.09735
0.09015
0.08832000000000001
0.09243
0.08853
0.08323
0.08535999999999999
0.08148999999999999
0.08480000000000001
0.09087999999999999
0.09125
0.09299
0.08667000000000001
0.08701
0.10303
0.09921
0.09051
0.08893
0.08069000000000001
0.07779
0.08139
0.08017
0.07357000000000001
0.06986
0.07354999999999999
0.08319000000000001
0.08246
0.07865
0.08029
0.08197
0.08966
0.08163
0.07868
0.06770000000000001
0.07503
0.08224999999999999
0.07935
0.07627
0.07574
0.07617
0.09792999999999999
0.09598
0.0816
0.07855999999999999
0.07645
0.07114999999999999
0.07089000000000001
0.07535
0.07385
0.06875
0.07013
0.0687
0.07496
0.07904
0.08963
0.09231
0.08499
0.08465
0.08560999999999999
0.07826999999999999
0.08384000000000001
0.07748
0.07431
0.07437
0.07325
0.07797
0.07266
0.07309
0.08429
0.07718
0.0791
0.07331
0.08029
0.07303
0.08431999999999999
0.07515999999999999
0.07418999999999999
0.07145
0.07436999999999999
0.07518999999999999
0.07022
0.06548999999999999
0.07077
0.07332999999999999
0.08123
0.07577
0.08014
0.08526
0.07944
0.07931
0.08023
0.07407000000000001
0.06997
0.06634
0.05966000000000001
0.06427000000000001
0.06082000000000001
0.05651000000000001
0.06022
0.05847
0.06784
0.05789
0.05698
0.05933
0.05792000000000001
0.05624
0.054720000000000005
0.06525
0.05667000000000001
0.05765
0.0606
0.05643
0.05574
0.050980000000000004
0.049210000000000004
0.046380000000000005
0.05151
0.051670000000000015
0.04559
0.04214999999999999
0.04324
0.04479
0.04782
0.04326
0.04243
0.042145999999999996
0.038375000000000006
0.034777999999999996
0.037857999999999996
0.038819
0.037297
0.038557999999999995
0.041742
0.037949
0.045043
0.040615
0.038064
0.035809
0.037656
0.035546
0.036601999999999996
0.034125
0.036018999999999995
0.039004
0.046062
0.043666
0.04285
0.037808
0.037923000000000005
0.039227
0.037670999999999996
0.037356
0.032744
0.033558
0.039720000000000005
0.041253
0.03572
0.037674
0.034316
0.032902
0.038543
0.034194
0.04185
0.04496
0.040386
0.039387
0.037588
0.03808
0.046206
0.039392
0.035418
0.035746
0.035197000000000006
0.03663
0.038917
0.036618
0.034640000000000004
0.03994400000000002
0.040805
0.044521
0.043845999999999996
0.045552999999999996
0.049456
0.048746000000000005
0.040295
0.048786
0.049196
0.049503000000000005
0.05073
0.049032
0.054777000000000006
0.054211
0.05176
0.049152
0.049769
0.05676100000000001
0.057328
0.058352
0.0524
0.047927
0.051869000000000005
0.05505
0.05687
0.05956
0.06066000000000001
0.05659
0.054567
0.052616
0.047057
0.049911000000000004
0.05801
0.057970000000000015
0.0631
0.06106
0.05965
0.058955999999999995
0.06136000000000001
0.05914
0.06502000000000001
0.06950999999999999
0.06834
0.07082000000000001
0.06389
0.06493
0.07178
0.06527999999999999
0.06802000000000001
0.07016
0.08413
0.07776
0.07289999999999999
0.07392
0.0638
0.061
0.06727999999999999
0.06175000000000001
0.06532
0.06717000000000001
0.06557
0.06325
0.060580000000000016
0.06343
0.06676
0.06573000000000001
0.07372999999999999
0.06769
0.0784
0.07541
0.08356
0.07718
0.07407000000000001
0.07492
0.07726999999999999
0.08361
0.08506
0.08121
0.07708999999999999
0.07422000000000001
0.08550999999999999
0.081
0.07883
0.07400999999999999
0.07132000000000001
0.07193
0.08367999999999999
0.07749
0.07271999999999999
0.0697
0.07141
0.07086
0.06741
0.06477999999999999
0.07082999999999999
0.06377000000000001
0.06412000000000001
0.07455
0.08224
0.06985000000000001
0.07095
0.0687
0.0773
0.07168
0.07205
0.08252000000000001
0.07472999999999999
0.07604999999999999
0.07386000000000001
0.06677999999999999
0.06804
0.07017000000000001
0.06621
0.07055
0.06794
0.07536000000000001
0.07522000000000001
0.07013
0.09622
0.08550999999999999
0.08635999999999999
0.08063
0.07682
0.08261
0.08399000000000001
0.09004999999999999
0.09241
0.08617999999999999
0.07798000000000001
0.07718
0.07196000000000001
0.06971000000000001
0.06747
0.07497999999999999
0.07458
0.07638999999999999
0.07250999999999999
0.07138
0.07568
0.06832
0.06475
0.06279
0.07843
0.08761999999999999
0.07818
0.06973
0.0737
0.0726
0.07998000000000001
0.0741
0.06745999999999999
0.06352000000000001
0.07543
0.06568
0.06557
0.07529000000000001
0.0838
0.08313000000000001
0.09354
0.07676000000000001
0.07678
0.07063
0.07335
0.07565
0.07300000000000001
0.07312
0.0718
0.07254
0.06875999999999999
0.07189999999999999
0.07416
0.07724
0.08151000000000001
0.08292000000000001
0.07956
0.08166000000000001
0.08265
0.07855
0.08615
0.07561999999999999
0.06891
0.08066000000000001
0.08818999999999999
0.08492999999999999
0.09192
0.08411
0.07968
0.06927
0.06867000000000001
0.07289999999999999
0.07614
0.06927
0.07034000000000001
0.06952
0.06744
0.06833
0.07465
0.07117000000000001
0.06912
0.07504
0.06711
0.06576
0.05880000000000001
0.05749
0.061120000000000015
0.06394
0.05924
0.058740000000000014
0.0575
0.05774
0.060270000000000004
0.06595
0.05982000000000001
0.055999999999999994
0.05789
0.050589999999999996
0.051460000000000006
0.05769
0.057879999999999994
0.0538
0.05143
0.04807
0.05093
0.04873
0.05496
0.04633
0.04371
0.04805
0.05798
0.05846000000000001
0.05368
0.05034
0.05009
0.05199
0.05022
0.043714
0.047808
0.04884
0.046642
0.049031
0.057188
0.049824
0.04867200000000002
0.04643
0.050114
0.047497000000000004
0.042231000000000005
0.041349000000000004
0.0464
0.051452
0.047932
0.047708999999999994
0.044744
0.039806
0.046066
0.046893
0.043683
0.038992
0.039378
0.03851399999999999
0.044437
0.0466
0.039233
0.034758
0.031933
0.034055
0.039358
0.033311
0.031624
0.029682
0.028435
0.02759
0.038002
0.042035
0.037018999999999996
0.04002800000000002
0.040951
0.043519999999999996
0.040279
0.038132000000000006
0.038645
0.036576
0.039498000000000005
0.03945200000000002
0.04547
0.039441
0.04985
0.039221000000000006
0.036043
0.041142000000000005
0.047359
0.041650000000000006
0.044033
0.048162
0.045228
0.046831000000000005
0.049969
0.051153
0.052471
0.05291900000000001
0.051064
0.052337
0.062452
0.055024
0.055547000000000006
0.059039999999999995
0.05707
0.06698000000000001
0.07505999999999999
0.06508
0.0593
0.059826
0.058238
0.061336
0.061598
0.062041999999999986
0.07078699999999999
0.059937
0.05785
0.06587
0.06669
0.06077000000000001
0.06615
0.06486
0.05729
0.06265
0.07177
0.0658
0.06623
0.06784
0.06377999999999999
0.06326
0.06298
0.06709
0.07772000000000001
0.0788
0.08081
0.07825
0.08728
0.07886
0.07574
0.0751
0.07202
0.07983
0.08345999999999999
0.06921000000000001
0.06713999999999999
0.06982999999999999
0.07828
0.08861999999999999
0.0834
0.08754999999999999
0.07855000000000001
0.07479
0.07458000000000001
0.07795
0.08460000000000001
0.09197999999999999
0.09009
0.07812000000000001
0.07989
0.08953
0.08634
0.09412000000000001
0.07944
0.07757
0.07568
0.08047
0.07863999999999999
0.08571999999999999
0.08194
0.07973999999999999
0.08109000000000001
0.07761000000000001
0.07647999999999999
0.08432
0.07947
0.08553999999999999
0.0982
0.07745
0.08063000000000001
0.08716
0.08972000000000001
0.08786000000000001
0.09292999999999996
0.07547000000000001
0.07843
0.078
0.08667000000000001
0.08987
0.09028
0.08617999999999999
0.08417000000000001
0.07833999999999999
0.08371
0.08212
0.07013
0.06964000000000001
0.06863999999999999
0.08075000000000003
0.07991999999999999
0.07339
0.07103999999999999
0.07225999999999999
0.0766
0.06806
0.07505
0.07254
0.07391
0.07486000000000001
0.07776
0.07019
0.07447000000000001
0.08352000000000001
0.08185
0.08843999999999999
0.08063
0.08447
0.06568
0.06396
0.06662
0.07507000000000001
0.06274
0.05899
0.06167
0.06168
0.06667999999999999
0.07339999999999999
0.06777999999999999
0.06629
0.06384000000000001
0.06784
0.06751
0.06937
0.07095
0.07025
0.06878999999999999
0.06377999999999999
0.06387000000000001
0.06531
0.07281
0.07077
0.06347
0.06577000000000001
0.06754
0.0704
0.07712000000000001
0.07034
0.07575
0.06509
0.06659
0.061
0.07687000000000001
0.06409
0.059510000000000014
0.06824
0.06434000000000001
0.06917999999999999
0.07349
0.05887000000000001
0.06796
0.06284000000000001
0.06667999999999999
0.07342
0.0665
0.07007000000000001
0.06921000000000001
0.06552000000000001
0.06061
0.06787
0.060479999999999985
0.06766
0.06412000000000001
0.06692999999999999
0.06638
0.06258999999999999
0.06165000000000001
0.06604
0.07447000000000001
0.06973
0.06411
0.06226
0.06314
0.06344
0.06473000000000001
0.06144
0.06238000000000001
0.05819
0.05671
0.05667000000000001
0.059509999999999987
0.05988
0.05612
0.055360000000000006
0.05914
0.04974
0.04599
0.04599
0.04418
0.05271000000000002
0.04902
0.04507
0.04187
0.041139999999999996
0.0436
0.0417
0.04208
0.039110000000000006
0.04205
0.04596
0.04283
0.040760000000000005
0.044289999999999996
0.04349
0.04204000000000002
0.03804
0.04633000000000001
0.04785
0.052489999999999995
0.046584
0.042660000000000003
0.040466
0.041228
0.039768
0.038842
0.035479000000000004
0.034064
0.036552999999999995
0.034073
0.038155
0.033238
0.036387
0.031390999999999995
0.030281
0.028102
0.033473
0.029786
0.028163
0.027384
0.027394
0.031638
0.035672
0.036991
0.037239
0.031911
0.03726499999999999
0.034176
0.030125
0.030091000000000007
0.030172000000000008
0.029199
0.02837
0.032673000000000015
0.034216
0.039818
0.040431
0.033096
0.033606
0.033711000000000005
0.030074
0.032879000000000005
0.033557000000000003
0.032506
0.031936
0.032828
0.033781
0.036846
0.033975
0.025944
0.026152
0.027698
0.029811
0.034402999999999996
0.032585
0.027808
0.028636
0.029715
0.034674
0.035632
0.035805000000000003
0.036349
0.036729000000000005
0.034474000000000005
0.035115
0.033657000000000006
0.031407000000000004
0.031788000000000004
0.032048
0.036144
0.03715
0.038906
0.036159
0.040255
0.044025000000000016
0.044767
0.039810000000000005
0.046726
0.043666
0.045944
0.04469
0.042866
0.045473
0.052870000000000014
0.047808
0.05414
0.04891
0.05973
0.054320000000000014
0.059410000000000004
0.05866
0.04988
0.0542
0.05473
0.05519
0.056029999999999996
0.05533
0.0544
0.0586
0.05731
0.06537000000000001
0.06195000000000001
0.06412000000000001
0.0658
0.060760000000000015
0.06296
0.061120000000000015
0.06189
0.06230999999999999
0.06462000000000001
0.06042
0.0744
0.06366000000000001
0.05932000000000001
0.06033
0.059690000000000014
0.05994
0.06138
0.0615
0.060270000000000004
0.06229
0.06170000000000001
0.06631000000000001
0.06982000000000001
0.06387999999999999
0.05923000000000001
0.06641
0.07632
0.06934
0.0625
0.06061
0.05859
0.07184
0.06915
0.06909
0.07803
0.07114000000000001
0.0625
0.060489999999999995
0.0629
0.07196
0.06848
0.06647
0.061730000000000014
0.06226
0.06095
0.05642000000000001
0.056399999999999985
0.0542
0.06647
0.06509000000000001
0.06588999999999999
0.07074
0.06430000000000001
0.055070000000000015
0.05726000000000001
0.07499
0.07733000000000001
0.06165
0.05991000000000001
0.07431
0.05811
0.05449
0.052520000000000004
0.05685
0.08032
0.06725999999999999
0.0635
0.0658
0.0621
0.0581
0.0643
0.059479999999999984
0.05649
0.06488
0.06876
0.06294999999999999
0.07016
0.06942000000000001
0.06885000000000001
0.06384000000000001
0.05927
0.061769999999999985
0.06671
0.06213
0.06695999999999999
0.06982000000000001
0.06323000000000001
0.06054
0.06217
0.05975
0.0683
0.06149
0.0614
0.06848
0.06925
0.06913
0.061279999999999994
0.062070000000000014
0.06686
0.06903
0.08069
0.07257000000000001
0.07435
0.07110999999999999
0.06957999999999999
0.06442
0.06446
0.0611
0.07042999999999999
0.06564
0.06787
0.06671
0.0701
0.06079
0.06204
0.0606
0.065
0.07376
0.07019
0.05567
0.05431999999999999
0.057469999999999986
0.05667000000000001
0.05548
0.07120000000000001
0.07171
0.07492
0.07461
0.07357999999999999
0.07766
0.06872
0.06192
0.06189
0.06408
0.06298
0.062410000000000014
0.061159999999999985
0.06418
0.062439999999999996
0.06607
0.06634
0.05642000000000001
0.057679999999999995
0.05801000000000001
0.055270000000000014
0.05326
0.0581
0.0607
0.06677000000000001
0.06265
0.062310000000000004
0.05389000000000002
0.05532
0.05689
0.05838
0.060210000000000014
0.07708999999999999
0.06936
0.0564
0.06033
0.06867000000000001
0.06820999999999999
0.06609999999999999
0.06125
0.055020000000000006
0.05471
0.048889999999999996
0.04754
0.04914
0.04587
0.04451
0.04515
0.050170000000000006
0.05271000000000002
0.051420000000000014
0.04573000000000002
0.04509
0.040830000000000005
0.04407
0.03952
0.04708
0.04117
0.03856999999999999
0.03623
0.034023000000000005
0.04046
0.03985
0.048314
0.041075
0.035686
0.035442999999999995
0.03987500000000002
0.039243
0.039307
0.041946
0.046635
0.043803
0.04492600000000002
0.04058899999999999
0.037014
0.037283
0.040057
0.035756
0.036625
0.031996000000000004
0.027690000000000003
0.031157999999999998
0.032627
0.031878000000000004
0.032128000000000004
0.030956
0.030964
0.037261
0.039169999999999996
0.034602999999999995
0.034314
0.030102999999999998
0.028756
0.031207
0.027662
0.031106
0.027643
0.026242
0.027038999999999997
0.026601999999999997
0.027561
0.036258
0.032571
0.034049
0.033116
0.03699
0.029463
0.029838999999999997
0.026371
0.027032999999999998
0.028927
0.029972000000000002
0.028762000000000006
0.031329
0.030552999999999997
0.034939
0.032566000000000005
0.031867999999999994
0.031618
0.033943
0.0309
0.030297
0.030252999999999995
0.031347
0.030774
0.034366
0.030561000000000005
0.033320999999999996
0.035367
0.034168000000000004
0.041333
0.039634
0.034094
0.035988
0.039015
0.036755
0.045319000000000005
0.042829000000000006
0.045077
0.04622199999999999
0.046889
0.045566
0.047747000000000005
0.042602
0.041106
0.045837
0.050083
0.046446
0.0474
0.04758
0.039017
0.040227
0.04885
0.04844
0.0479
0.04738
0.05375
0.05483
0.04881
0.05173
0.05969
0.049400000000000006
0.05186
0.05806
0.0625
0.059829999999999994
0.0556
0.05326
0.05345
0.052979999999999985
0.05076
0.04842
0.051820000000000005
0.0589
0.06357
0.06245
0.055220000000000005
0.04965
0.05305
0.04872
0.054320000000000014
0.05595
0.05994
0.05412
0.055770000000000014
0.06298999999999999
0.06159
0.05902
0.06519
0.07144
0.06296
0.06473
0.056610000000000014
0.059779999999999986
0.0552
0.06311
0.0733
0.06656000000000001
0.06931
0.06769
0.061560000000000004
0.05716
0.05469
0.0586
0.06377999999999999
0.06561
0.05884
0.05469
0.05832
0.0606
0.05408
0.0487
0.052250000000000005
0.055920000000000004
0.06094
0.05828
0.06041000000000001
0.05655
0.057430000000000016
0.060550000000000014
0.06616
0.06625
0.06552000000000001
0.06494
0.06842000000000001
0.06754
0.06234000000000001
0.05649
0.05929
0.06004
0.06834000000000001
0.06651
0.05702
0.06135
0.07025
0.06330000000000001
0.06897
0.06396
0.07232000000000001
0.06485
0.05934
0.055560000000000005
0.05612
0.056629999999999986
0.05753
0.06286
0.06108
0.0571
0.05728
0.05945
0.06179000000000001
0.06277
0.06351000000000001
0.05289
0.05463
0.05555
0.05099
0.04990000000000002
0.05319
0.052120000000000014
0.06356
0.06607
0.07937999999999999
0.06631000000000001
0.06994
0.05852
0.053479999999999986
0.05222
0.05494
0.053570000000000007
0.05278000000000002
0.050589999999999996
0.05197
0.05646
0.07001
0.07064
0.06662000000000001
0.06087000000000001
0.05878
0.06195000000000001
0.06627000000000001
0.06258999999999999
0.06573
0.0727
0.05957000000000001
0.06534
0.06767999999999999
0.06982999999999999
0.06131
0.05991000000000001
0.056
0.06065
0.06458
0.07492
0.05759
0.059870000000000013
0.06485
0.05948
0.05445
0.05716
0.06810999999999999
0.0755
0.06949
0.058839999999999996
0.059539999999999996
0.06235
0.06555
0.059870000000000013
0.06512000000000001
0.0589
0.056639999999999996
0.052120000000000014
0.0581
0.05469
0.056
0.06204
0.05718999999999999
0.052910000000000006
0.051300000000000005
0.05594
0.05624
0.05514
0.06366000000000001
0.059770000000000004
0.058320000000000004
0.06113
0.05185
0.04419000000000002
0.0555
0.05849
0.05844
0.05709
0.04862
0.043120000000000006
0.04635
0.04587
0.05209
0.04906
0.051910000000000005
0.04698
0.044680000000000004
0.04747
0.047130000000000005
0.04627
0.04401000000000002
0.04944
0.04577
0.04309
0.052140000000000006
0.05464
0.041838
0.042341000000000004
0.046387
0.043408999999999996
0.043
0.039188
0.033842000000000004
0.035962999999999995
0.045778
0.04234500000000002
0.041853
0.037022
0.031901
0.032857
0.032336000000000004
0.034369
0.035706
0.031699000000000005
0.035421
0.031702999999999995
0.037174
0.044389
0.041206
0.043617
0.03807
0.028863000000000007
0.031193000000000002
0.035684
0.042308
0.040905
0.035166
0.032412
0.032638
0.031462000000000004
0.032154
0.033048
0.033421000000000006
0.032457
0.032700000000000014
0.035037
0.030987999999999998
0.034382
0.034491999999999995
0.031691000000000004
0.03814
0.032476
0.038527
0.036732
0.036332
0.032067
0.029146
0.02957
0.029869
0.029927
0.03258
0.025753
0.026173000000000002
0.025294999999999998
0.026749
0.028253
0.031541
0.030614
0.033222
0.034045
0.032567
0.035358
0.034137
0.034711000000000006
0.034461000000000006
0.039258
0.041084
0.038494
0.033318
0.036798
0.038682
0.042814
0.044186
0.04459
0.038263
0.035208
0.038346
0.035364
0.035220999999999995
0.039574
0.034413
0.034283
0.040651
0.042178
0.038915000000000005
0.043927
0.038601
0.040737
0.042493
0.048442
0.048037
0.052354
0.046343
0.047167
0.056080000000000005
0.05394
0.051710000000000006
0.05563
0.05219
0.049389999999999996
0.05215
0.05101000000000002
0.057970000000000015
0.05896000000000001
0.05487
0.04905
0.04981
0.046610000000000006
0.05155
0.0505
0.049349999999999984
0.05957000000000001
0.06236000000000001
0.05817000000000001
0.05872
0.05356
0.06375
0.0647
0.061189999999999994
0.05745
0.05838
0.0578
0.05777
0.05762000000000001
0.056970000000000014
0.06307
0.05642000000000001
0.06394
0.06882
0.07508000000000001
0.06942999999999999
0.06345
0.06998
0.06582
0.06613
0.06625
0.058410000000000004
0.056879999999999986
0.06448
0.06348
0.06452000000000001
0.056270000000000014
0.05801000000000001
0.06567
0.06627999999999999
0.06268
0.06769
0.06809
0.06421
0.058929999999999996
0.06039
0.06296
0.05456
0.05817000000000001
0.06238000000000001
0.05658000000000001
0.06502999999999999
0.06061
0.06315
0.06314
0.0645
0.06238000000000001
0.05981
0.059779999999999986
0.061220000000000004
0.05517
0.05133
0.04605
0.05937000000000001
0.05702
0.05934
0.06622
0.05973000000000001
0.056639999999999996
0.054290000000000005
0.05562
0.05554
0.05905
0.0697
0.06354
0.06393
0.06211000000000001
0.06811
0.06869
0.07397000000000001
0.06491
0.05966000000000001
0.057829999999999986
0.056060000000000006
0.06039
0.06638
0.05466
0.05929
0.06766
0.05826000000000001
0.056889999999999996
0.06434
0.05771
0.06269
0.059170000000000014
0.07275
0.06412000000000001
0.06226000000000001
0.05826
0.062320000000000014
0.055170000000000004
0.06448
0.06464
0.06484999999999999
0.06992000000000001
0.07321
0.06069
0.06581999999999999
0.06817999999999999
0.06946000000000001
0.06018
0.05838
0.05789
0.06161000000000001
0.06058
0.06238000000000001
0.06036
0.060029999999999986
0.06076
0.05743
0.06433
0.06625
0.05905000000000001
0.06501
0.06774999999999999
0.06851
0.06583
0.06922
0.06848
0.06792999999999999
0.07441
0.07092999999999999
0.06708
0.06515
0.06064
0.06647
0.06897
0.06802000000000001
0.07575000000000001
0.06015
0.06079
0.06362999999999999
0.06293
0.06789999999999999
0.07483
0.06219
0.05840999999999999
0.05759
0.05847
0.05685000000000001
0.05786
0.052489999999999995
0.05557
0.06384
0.06467
0.0552
0.04855
0.052640000000000006
0.05204
0.048670000000000005
0.06277999999999999
0.057129999999999986
0.05289
0.05136
0.04804
0.04708
0.05512
0.04404
0.0439
0.04556
0.04882
0.04869
0.048
0.04277
0.04343
0.04411
0.03872
0.04002
0.0393
0.037074
0.038282
0.040417
0.033277999999999995
0.0406
0.035338999999999995
0.036886
0.029663
0.032236
0.029616000000000007
0.032979
0.032661
0.037662
0.034198000000000006
0.036099000000000006
0.032318
0.032706
0.032192
0.030085
0.038086
0.037806000000000006
0.031854
0.030667000000000007
0.030323000000000006
0.032887
0.032351
0.027749000000000003
0.024802
0.033019
0.028924
0.027041000000000003
0.028752999999999997
0.034054
0.031758
0.037014
0.041507
0.03701
0.037208
0.035208
0.032672
0.033710000000000004
0.032844
0.035046999999999995
0.035999
0.032797
0.030286
0.032611
0.031398
0.027556
0.027152000000000003
0.028888
0.029604000000000002
0.032313
0.031934000000000004
0.03457
0.036281
0.038060000000000004
0.033199000000000006
0.030479000000000006
0.028466
0.036323
0.040372000000000005
0.051226999999999995
0.044692
0.04066
0.039719
0.041205
0.044865
0.049768
0.048192
0.045529
0.048329000000000004
0.050308000000000005
0.050682
0.051762
0.050786000000000005
0.043792000000000005
0.055893
0.052662
0.049386
0.047201
0.03804
0.045348
0.04646
0.051239
0.05111
0.04782
0.05776000000000001
0.054770000000000006
0.0541
0.06019
0.07203999999999999
0.05446
0.06366000000000001
0.06878999999999999
0.054320000000000014
0.0626
0.06132000000000001
0.05425
0.06601
0.06892999999999999
0.06204000000000001
0.06823000000000001
0.06684
0.05723
0.0565
0.05754
0.05098
0.05017
0.04893
0.04862
0.05305
0.06601
0.059870000000000013
0.06488
0.065
0.06176
0.06596
0.06256
0.05825
0.06273000000000001
0.06581000000000001
0.06188
0.06043000000000001
0.06926
0.06680000000000001
0.06665
0.06112000000000001
0.05773
0.05826
0.05919
0.06059
0.05467
0.055899999999999984
0.05412
0.05695
0.05914
0.05798
0.05865
0.05767000000000001
0.05761
0.060120000000000014
0.06162
0.06006
0.05862000000000001
0.06436
0.05621
0.06147
0.06015
0.06713999999999999
0.07306000000000001
0.07232999999999999
0.06308
0.06006
0.06102000000000001
0.06709
0.06688999999999999
0.07209
0.06996000000000001
0.06747
0.06720000000000001
0.0578
0.06169
0.061579999999999996
0.05629
0.05252
0.06784
0.07165
0.06276999999999999
0.059029999999999985
0.056770000000000015
0.059509999999999987
0.055520000000000014
0.0604
0.05963
0.05991000000000001
0.0643
0.07117000000000001
0.08191
0.07409
0.07263
0.07065
0.07147
0.07393999999999999
0.07864
0.07293
0.06909
0.06670999999999999
0.06713999999999999
0.06985000000000001
0.06988
0.06513
0.06439
0.06128
0.06454
0.08014
0.0737
0.07306
0.07117000000000001
0.06362000000000001
0.06741
0.06436
0.06100000000000001
0.05939
0.06876
0.06986
0.07086
0.07181
0.06362999999999999
0.0657
0.06699999999999999
0.06797
0.06861
0.06513000000000001
0.060270000000000004
0.06813999999999999
0.06867000000000001
0.06235
0.06688999999999999
0.0553
0.06030000000000001
0.06709999999999999
0.0595
0.06100000000000001
0.05923
0.06548999999999999
0.05814
0.06267
0.05426
0.06384
0.06916
0.06805
0.059170000000000014
0.05872
0.054470000000000005
0.06201
0.06339
0.06543
0.05811
0.057129999999999986
0.052270000000000004
0.05034
0.05728
0.06745
0.06473
0.0654
0.07236000000000001
0.06713999999999999
0.06134
0.07034
0.07805999999999999
0.06894
0.05911
0.05667000000000001
0.05438
0.05975
0.060330000000000016
0.04991
0.04715
0.04928
0.05484
0.05118
0.05219
0.051
0.04764
0.05646
0.0531
0.04889
0.04793
0.04674
0.06351
0.05101
0.05123
0.05086
0.04535
0.04306
0.05094
0.04294
0.04654
0.0408
0.043202
0.042147
0.04385
0.04065
0.03888
0.04648
0.04772
0.04558
0.04131
0.03929
0.04207
0.04515
0.046419999999999996
0.03903
0.03868
0.043033
0.040865
0.03905
0.033291
0.034832
0.037399
0.036565
0.034026999999999995
0.031491000000000005
0.035188
0.030393
0.032765
0.035325999999999996
0.029355000000000006
0.028368
0.028263
0.029854000000000002
0.034619
0.031485
0.028508
0.031387
0.027522
0.027309
0.028294999999999997
0.025022
0.02805
0.030241000000000007
0.026160000000000003
0.032340999999999995
0.027598
0.027289
0.027768
0.029582
0.030925
0.032068
0.030686
0.031243
0.031138
0.035156999999999994
0.034068999999999995
0.037943000000000005
0.030487
0.036362
0.043769
0.041791
0.034717000000000005
0.032882
0.030783
0.034084
0.030468000000000002
0.030515
0.030813
0.031836
0.034976
0.036421
0.036410000000000005
0.043267
0.043039
0.041738
0.047039
0.047491000000000005
0.041781
0.04268
0.044508000000000006
0.041019
0.040739
0.040356
0.043674
0.048264
0.057338
0.055448000000000004
0.05276
0.05
0.05197
0.051660000000000005
0.049530000000000005
0.0529
0.0544
0.06284
0.06521
0.0568
0.055439999999999996
0.058179999999999996
0.05316
0.05272
0.05281
0.04998
0.05934
0.06812
0.07036
0.06134
0.06127000000000001
0.0607
0.06556000000000001
0.06543
0.0576
0.05548
0.055279999999999996
0.06397
0.054540000000000005
0.05886
0.0643
0.06733
0.059539999999999996
0.061949999999999984
0.06561
0.06537000000000001
0.05517
0.06128
0.06223
0.05786
0.05887000000000001
0.05771
0.05466
0.06567999999999999
0.06341000000000001
0.062320000000000014
0.06635
0.06298000000000001
0.06485
0.07977000000000001
0.06988
0.06652999999999999
0.07245
0.06949
0.056220000000000006
0.061929999999999985
0.05457000000000001
0.056029999999999996
0.05384
0.05008
0.0522
0.06318
0.06547
0.059289999999999995
0.053470000000000004
0.06285
0.06415
0.06811
0.06398999999999999
0.06751
0.05163
0.04834
0.047270000000000006
0.046200000000000005
0.04096
0.03788
0.035789999999999995
0.03472
0.03283
0.03137
0.03037
0.02987
0.02887
0.02844
0.02783
0.0279
0.02646
0.02806
0.026910000000000003
0.02808
0.024855000000000002
0.024809
0.024322999999999997
0.024715
0.022878000000000003
0.021806
0.021955000000000002
0.023852
0.022869
0.020823
0.021012
0.019774
0.019216
0.018599
0.018941
0.018666
0.018897
0.021258000000000003
0.019947
0.018907
0.01842
0.018909
0.018819
0.019256
0.02532
0.035250000000000004
0.03971
0.04306
0.04293999999999999
0.04095
0.04431
0.051640000000000005
0.05683
0.06577000000000001
0.06997
0.06121
0.07199
0.05459
0.05982000000000001
0.06513
0.06448
0.05676000000000001
0.05853
0.06168
0.06564
0.06760000000000001
0.05642000000000001
0.053520000000000005
0.05930000000000001
0.06439
0.06336
0.05835
0.0633
0.0643
0.07494999999999999
0.07883000000000001
0.07138
0.065
0.06720000000000001
0.06777999999999999
0.05999
0.06094
0.05884
0.06467
0.0654
0.07657
0.08199999999999999
0.07199
0.06845
0.08764
0.07364
0.07379
0.08261
0.07822
0.06652999999999999
0.0687
0.06509999999999999
0.05741
0.06128
0.06
0.064
0.06423
0.06101
0.05761
0.05912000000000001
0.06308
0.06308
0.06464
0.061339999999999985
0.05826000000000001
0.055729999999999995
0.06076
0.05551
0.06393
0.06919
0.06656000000000001
0.06337999999999999
0.06049
0.06009
0.05865999999999999
0.055270000000000014
0.05081
0.04857
0.044969999999999996
0.05029
0.0561
0.05503
0.04822
0.04231
0.04215
0.04275
0.0461
0.05731
0.04821
0.043620000000000006
0.04958
0.060520000000000004
0.0507
0.047682
0.041656
0.040652
0.043717000000000006
0.039092
0.036772000000000006
0.036022000000000005
0.030912000000000002
0.035233
0.036451
0.033352
0.039461
0.038271
0.032922
0.032673
0.029973000000000007
0.027486
0.03719
0.035716000000000005
0.031755
0.031016
0.03154
0.03814
0.04104599999999999
0.042866
0.032667
0.030183
0.030855
0.032732000000000004
0.030766
0.032680999999999995
0.034056
0.030995
0.029195
0.034046999999999994
0.02601
0.025478
0.032561
0.034337
0.029068
0.030502
0.035657999999999995
0.036082
0.034122
0.039219
0.037436000000000004
0.031863999999999996
0.032735
0.031201
0.028355
0.027825000000000003
0.028625
0.029681
0.029539999999999997
0.039424
0.039875
0.043902
0.038305
0.030866
0.031795000000000004
0.038147
0.039358
0.03839
0.036494
0.033032
0.032281000000000004
0.033344
0.03655
0.035648
0.032487
0.039814
0.039085
0.037289
0.042257
0.038528
0.053571
0.047925
0.041453
0.045336
0.042814
0.05074
0.055040000000000006
0.04703
0.04383000000000002
0.04742
0.05165
0.05171
0.05775
0.04658
0.04775
0.046689999999999995
0.05155
0.04804
0.0461
0.04563999999999999
0.05329
0.053739999999999996
0.05641
0.05078
0.05378
0.05246
0.05545
0.05027
0.058670000000000014
0.059779999999999986
0.057720000000000014
0.05248
0.048990000000000006
0.06125000000000001
0.06017
0.05873
0.06397
0.054310000000000004
0.05341
0.05746
0.06502000000000001
0.061979999999999986
0.055810000000000005
0.049760000000000006
0.05169
0.04891
0.06326000000000001
0.06546
0.0669
0.06049
0.06212999999999999
0.05276
0.05441
0.057220000000000014
0.0596
0.0628
0.05744
0.05649
0.05875
0.06326
0.0565
0.05043
0.04852
0.06392
0.07336999999999999
0.07028000000000001
0.061570000000000014
0.05801000000000001
0.06842000000000001
0.0697
0.06337000000000001
0.06238
0.06842000000000001
0.062179999999999985
0.06234
0.06961
0.06322
0.05993
0.06545
0.06516
0.05954
0.06774999999999999
0.06146
0.06401
0.06518
0.07135
0.07392
0.07077
0.07132000000000001
0.07413
0.07589
0.06683
0.06366000000000001
0.07365999999999999
0.07126
0.06084
0.06229000000000001
0.06498
0.054340000000000006
0.05456
0.06131
0.060029999999999986
0.06735
0.06792999999999999
0.06127000000000001
0.05838
0.06058
0.059629999999999996
0.06201
0.06002
0.06495000000000001
0.06531
0.07458000000000001
0.09057
0.08496000000000001
0.07833999999999999
0.07351
0.07171
0.07586000000000001
0.07513
0.07589
0.06903
0.07235000000000001
0.06559000000000001
0.062189999999999995
0.06387000000000001
0.056639999999999996
0.06488000000000001
0.07279
0.06619
0.05719000000000001
0.0578
0.05220999999999999
0.055879999999999985
0.06265
0.05865999999999999
0.06337999999999999
0.07871
0.0766
0.07532
0.06961
0.06506
0.06787
0.06931
0.06863999999999999
0.061730000000000014
0.0621
0.06989
0.06634
0.0686
0.08051
0.07150000000000001
0.06617
0.06079
0.06192
0.061189999999999994
0.06767999999999999
0.07699
0.07222999999999999
0.06662
0.06564
0.06772
0.06177000000000001
0.05963
0.05921000000000001
0.06369
0.07141
0.06638
0.06649
0.059690000000000014
0.06107000000000001
0.05863
0.06534000000000001
0.05831
0.07343
0.06046
0.06384000000000001
0.058259999999999985
0.05573
0.0604
0.06337999999999999
0.05338
0.05197
0.04855
0.05334
0.0484
0.050530000000000005
0.0571
0.05823
0.062320000000000014
0.06866
0.06137000000000001
0.05695
0.054110000000000005
0.04959
0.04972
0.052110000000000004
0.055270000000000014
0.05719000000000001
0.05795
0.05904
0.05389
0.0501
0.052620000000000014
0.049760000000000006
0.04945
0.04829
0.045684
0.042682
0.044480000000000006
0.039231999999999996
0.039579
0.040837000000000005
0.041672
0.04813
0.03772
0.034683
0.037511
0.036953
0.043156
0.039654
0.038402
0.04071
0.039152000000000006
0.036421
0.044543
0.035983999999999995
0.034843
0.033704000000000005
0.028768000000000002
0.028110000000000003
0.031521
0.031068
0.034547
0.033307
0.029301
0.029392
0.031691000000000004
0.031808
0.031815
0.033079000000000004
0.029841000000000006
0.030737
0.027279
0.02599
0.029826
0.034767000000000006
0.030932
0.028439
0.027053
0.029539000000000006
0.031822
0.036365
0.031236000000000007
0.026137999999999998
0.024209
0.029042
0.02964
0.032961000000000004
0.030007
0.027654
0.031325
0.030423000000000002
0.031603
0.034001
0.029483
0.028758
0.027455
0.029737
0.029919
0.031216000000000008
0.030552000000000006
0.029482
0.0291
0.031001
0.031213
0.036206999999999996
0.032507
0.033613000000000004
0.036045
0.036068
0.037106
0.03938
0.037793
0.035504
0.036093
0.039224
0.040303
0.048785
0.040165000000000006
0.038955000000000004
0.046803
0.047894
0.046784
0.043825
0.040051
0.045453
0.054110000000000005
0.05586000000000002
0.053989999999999996
0.05896000000000001
0.05183
0.05395
0.055560000000000005
0.048760000000000005
0.047790000000000006
0.05126
0.044410000000000005
0.04410000000000002
0.05372
0.05158
0.052140000000000006
0.05041
0.04747
0.04697
0.04816
0.04869999999999999
0.056020000000000014
0.059940000000000014
0.05703
0.06081
0.06457
0.06754
0.06087000000000001
0.061570000000000014
0.059779999999999986
0.0621
0.05701000000000001
0.05749
0.052379999999999996
0.05194
0.05726000000000001
0.0659
0.06097
0.05879
0.06109000000000001
0.06713999999999999
0.06351
0.06502999999999999
0.06731999999999999
0.06497
0.06427000000000001
0.06394
0.06128
0.05325
0.05649
0.0563
0.05335
0.051789999999999996
0.05134
0.05816
0.055639999999999995
0.060020000000000004
0.056170000000000005
0.058920000000000014
0.05618000000000002
0.057929999999999995
0.05945
0.06125
0.06333
0.05874
0.057929999999999995
0.06484999999999999
0.06091000000000001
0.06337999999999999
0.05975
0.06387999999999999
0.05981
0.0669
0.06445
0.06067
0.05835
0.0575
0.06097
0.06421
0.05777
0.06159000000000001
0.05561000000000002
0.06323
0.06488
0.0654
0.06616
0.06555
0.06584999999999999
0.06781000000000001
0.06701
0.06751
0.06672
0.06229
0.06171
0.05753
0.06298000000000001
0.0571
0.06158
0.06064
0.06131
0.06143
0.06369
0.06049
0.06665
0.06451000000000001
0.05874
0.07113
0.06583
0.0593
0.06213
0.06331999999999999
0.06917999999999999
0.06894
0.06174
0.06457
0.07019
0.07374
0.07306
0.0763
0.06527999999999999
0.05881
0.06311
0.0653
0.0679
0.06402000000000001
0.06627999999999999
0.06803
0.07395
0.06931000000000001
0.06436
0.06021
0.06600999999999999
0.06894
0.06967000000000001
0.07162
0.07334
0.06873
0.0686
0.06774
0.06445000000000001
0.068
0.06195000000000001
0.06094
0.059629999999999996
0.06415000000000001
0.062379999999999984
0.06329
0.06756999999999999
0.07215
0.06186000000000001
0.05865
0.06497
0.06536
0.06577000000000001
0.060520000000000004
0.06186000000000001
0.05649
0.055630000000000006
0.06469
0.056579999999999984
0.059299999999999985
0.05484
0.05542
0.05353
0.04752
0.05731
0.05728
0.05112
0.04776
0.04612
0.054290000000000005
0.05118
0.05521
0.052000000000000005
0.05375
0.054779999999999995
0.051370000000000006
0.05087
0.05524
0.05387
0.05435
0.05243
0.044180000000000004
0.04105
0.04361
0.04174
0.04627
0.047540000000000006
0.04715
0.04652
0.04487
0.0481
0.04973
0.04776
0.050890000000000005
0.0485
0.04608
0.04073
0.0447
0.044708
0.041959
0.034839
0.035435999999999995
0.035220999999999995
0.038299
0.039046
0.038987
0.035178999999999995
0.034495
0.03391
0.035472000000000004
0.036655
0.035766
0.039658
0.03848
0.035168000000000005
0.036378
0.033448000000000006
0.031664
0.029325
0.029041
0.033414
0.033739
0.032145
0.033399
0.03592
0.036957
0.029931
0.028157
0.029545
0.030789
0.031242
0.028662
0.027019
0.028217
0.026151
0.027783
0.03735
0.033672
0.029332
0.031375
0.031766
0.029353
0.027167000000000004
0.026057999999999998
0.027294
0.029399
0.02915
0.029453
0.031702999999999995
0.034368
0.030927
0.0314
0.029365
0.027514999999999998
0.027321
0.030972000000000006
0.027335
0.028719
0.029042
0.032839999999999994
0.031949
0.029832
0.028991000000000006
0.030153
0.034769999999999995
0.034077
0.035701
0.031532000000000004
0.032365
0.036623
0.036311
0.035967
0.035802999999999995
0.032684
0.034446000000000004
0.034233
0.040572
0.043973000000000005
0.042514
0.040929
0.041462000000000006
0.042332
0.046794
0.049653
0.05365
0.05676000000000001
0.05052
0.04801
0.047619999999999996
0.04982
0.04978
0.05354
0.04917
0.04742
0.05152
0.054729999999999994
0.05633
0.05473
0.06171
0.06251999999999999
0.05985
0.05175
0.05205
0.06598
0.06964
0.06632
0.060279999999999986
0.05619
0.0609
0.05993
0.05641
0.052770000000000004
0.06194
0.07257000000000001
0.06751
0.06439
0.0621
0.06418
0.06276
0.05925
0.05725
0.0585
0.05682
0.055700000000000006
0.05715000000000001
0.06170000000000001
0.06244
0.05755
0.06479
0.06849
0.07095000000000001
0.06856999999999999
0.06867000000000001
0.06301999999999999
0.06045
0.0658
0.06848
0.07035
0.07105
0.07128999999999999
0.06542999999999999
0.07046000000000001
0.07743
0.07927999999999999
0.08795
0.06598
0.06006
0.06706999999999999
0.06006
0.05414000000000002
0.05652000000000001
0.05612
0.05457000000000002
0.05826
0.059510000000000014
0.06517999999999999
0.06878999999999999
0.07639
0.06677999999999999
0.06736
0.07214
0.06985
0.06704
0.06494
0.059420000000000014
0.06235
0.06619
0.06351
0.06589
0.06638
0.06467
0.061370000000000015
0.06147
0.062229999999999994
0.06467
0.06787
0.06302
0.06665
0.07178000000000001
0.06484000000000001
0.06085
0.06091000000000001
0.05596
0.06686
0.07175
0.06705
0.06317
0.06348
0.06298999999999999
0.060729999999999985
0.06552000000000001
0.06205
0.05795
0.05856
0.06482
0.06134
0.05927
0.05259
0.06286
0.06817999999999999
0.06903999999999999
0.06741
0.07128999999999999
0.0662
0.06296
0.06369000000000001
0.06754
0.06652999999999999
0.060279999999999986
0.055779999999999996
0.05681
0.06166000000000001
0.062229999999999994
0.062070000000000014
0.06484999999999999
0.05773
0.06235
0.07514000000000001
0.07077
0.06644
0.06763
0.06354
0.06027
0.065
0.0675
0.06247000000000001
0.06644
0.06204
0.06332
0.06414
0.05845
0.06258999999999999
0.059539999999999996
0.05927
0.05545
0.053489999999999996
0.0488
0.05188
0.05512
0.05066
0.04727
0.05331
0.06168
0.0578
0.0618
0.06199
0.05933
0.05596999999999999
0.05719000000000001
0.05813
0.060270000000000004
0.06018
0.05229
0.04941
0.049960000000000004
0.05725
0.06520999999999999
0.056610000000000014
0.04898
0.05503
0.05582
0.05401
0.05249
0.04547
0.04068
0.04582
0.044480000000000006
0.04445
0.04684000000000002
0.042660000000000003
0.0496
0.04601
0.03824
0.03876
0.041210000000000004
0.0423
0.04601999999999999
0.04833
0.04506
0.0392
0.03938
0.04146999999999999
0.04211
0.03909
0.03798
0.03763
0.03768
0.035750000000000004
0.035390000000000005
0.035640000000000005
0.037371
0.039429000000000006
0.036623
0.03262
0.030927
0.031949000000000005
0.031772
0.029724
0.02975
0.028995
0.029945999999999997
0.032728999999999994
0.030931999999999998
0.029808
0.034268
0.031531
0.032775
0.033818
0.036266
0.034322000000000005
0.035656
0.035792000000000004
0.036961
0.033024
0.029256
0.028494
0.030273
0.029992
0.028621
0.027953
0.027122000000000004
0.028074
0.029044
0.028951
0.028091
0.025975
0.023776
0.022647999999999998
0.023133
0.023408
0.02218
0.023423
0.02473
0.027342
0.028678
0.028133
0.025228999999999998
0.026043
0.023862
0.026914
0.030220999999999998
0.029467000000000007
0.027744
0.028226
0.023631
0.024260000000000004
0.028324000000000002
0.028301
0.029932000000000007
0.02722
0.025415
0.024825
0.027088
0.024868
0.026550999999999998
0.02853
0.031667999999999995
0.032727
0.033760000000000005
0.030697
0.031514999999999994
0.032168
0.030923000000000006
0.032997000000000005
0.032552
0.033246
0.038503
0.03812
0.034203
0.035094
0.037149
0.037663999999999996
0.039767
0.037339
0.034862000000000004
0.036377
0.041600000000000005
0.040371
0.041107
0.05032
0.044433
0.04695
0.04643
0.04762
0.04482
0.04483
0.04631
0.04596
0.04715
0.04783
0.046720000000000005
0.04558
0.047689999999999996
0.048920000000000005
0.053
0.04779
0.053250000000000006
0.05893
0.05673
0.05657
0.0602
0.055
0.046110000000000005
0.05245
0.05703
0.05963
0.05104
0.05208
0.05394
0.05915
0.053500000000000006
0.05214
0.04919
0.04858
0.04968
0.05152
0.05038
0.05082
0.05123
0.04966
0.04944
0.05264
0.05124
0.04999
0.04985
0.05165
0.05491
0.06781000000000001
0.05871000000000001
0.05968
0.056060000000000006
0.05316
0.051390000000000005
0.05691
0.05774
0.05167000000000002
0.051570000000000005
0.05979000000000001
0.06295999999999999
0.06024
0.05545
0.05431999999999999
0.05283
0.05813
0.059779999999999986
0.05972
0.057370000000000004
0.0571
0.054320000000000014
0.04986
0.05668
0.05637
0.05643
0.05966000000000001
0.05789
0.05383
0.06033999999999999
0.0603
0.05317
0.05174
0.05074000000000002
0.04891
0.0537
0.053610000000000005
0.05631
0.05931
0.061980000000000014
0.05393
0.049260000000000005
0.05513
0.05011
0.04785
0.04904
0.05313
0.048839999999999995
0.04546
0.04576
0.0484
0.04965
0.05611
0.04595
0.05408
0.05005
0.05474
0.04911
0.05320999999999999
0.04774
0.05363999999999999
0.06007000000000001
0.05765
0.05508
0.054720000000000005
0.047060000000000005
0.04881
0.046189999999999995
0.04513
0.048310000000000006
0.05426
0.059
0.05965
0.0587
0.06281
0.05462
0.06377999999999999
0.05963
0.05563
0.06325
0.05881
0.06134000000000001
0.05202
0.05685
0.05025
0.053680000000000005
0.05781
0.05632
0.05579
0.054290000000000005
0.05636
0.05635
0.05736
0.06317
0.06095
0.055510000000000004
0.06054
0.054810000000000005
0.05927
0.06265
0.05832
0.05725
0.0586
0.05972
0.07062
0.07297000000000001
0.06827000000000001
0.05816
0.05643
0.05734
0.06082000000000001
0.059509999999999987
0.05661
0.051629999999999995
0.054290000000000005
0.0517
0.05463
0.056970000000000014
0.052629999999999996
0.05275
0.06021
0.06183
0.05624
0.05457000000000001
0.052680000000000005
0.05127
0.05276
0.05445
0.05579
0.05510999999999999
0.0552
0.0549
0.05295
0.05408
0.04877
0.04938
0.0539
0.04829
0.04835
0.04648
0.048510000000000005
0.05395
0.05518000000000002
0.05591
0.05658
0.0487
0.04591
0.04411
0.04181
0.04027
0.04104
0.0402
0.037000000000000005
0.03877
0.04166
0.04517
0.04657
0.03998
0.04187
0.04497
0.04181
0.036930000000000004
0.03614
0.032913
0.034016000000000005
0.032624
0.031388
0.032955
0.03207
0.030895
0.03085
0.033112
0.032949
0.034547
0.034292
0.029912
0.033343
0.033686
0.032590999999999995
0.033946
0.030787
0.028406999999999998
0.030567
0.030496
0.028116000000000002
0.027173000000000003
0.029629000000000006
0.030496
0.035792000000000004
0.032186
0.027263000000000003
0.025505
0.026057000000000004
0.024947
0.026238
0.027497000000000004
0.028823
0.030140999999999994
0.03067
0.028489999999999998
0.026032000000000003
0.025532
0.027153
0.028030000000000003
0.027102
0.02438
0.025756
0.026581
0.027967
0.02679
0.028225
0.027421
0.026061
0.024741
0.023717
0.02683
0.027022000000000004
0.026727
0.025700999999999998
0.028685
0.029029000000000006
0.027071
0.029567000000000006
0.028359
0.027813
0.027129
0.027224
0.027858
0.032165
0.034469
0.033808000000000005
0.036699
0.034194
0.034525
0.033467000000000004
0.033152999999999995
0.032497000000000005
0.035466000000000004
0.03718
0.035038
0.034383000000000004
0.032562
0.035444
0.035653000000000004
0.036991
0.040008
0.034393999999999994
0.033832
0.04083
0.04312
0.04759
0.04677
0.0464
0.0425
0.041965
0.04678
0.04315000000000002
0.03911
0.05144
0.04361
0.0427
0.04112
0.04331
0.04585
0.04493
0.041639999999999996
0.04515
0.0477
0.04955
0.04718
0.04662
0.04454
0.046360000000000005
0.04782
0.046
0.04289
0.04558
0.04746
0.04712
0.04053
0.044660000000000005
0.051779999999999986
0.04685
0.04872
0.051140000000000005
0.05388
0.05455
0.06287999999999999
0.06521
0.06085
0.05501
0.052340000000000005
0.055020000000000006
0.05051
0.05195000000000001
0.05011
0.05014
0.04978
0.05133
0.05393
0.05575
0.04835
0.04897
0.058039999999999994
0.05539
0.05441
0.05855
0.05525
0.05675
0.052039999999999996
0.05434
0.055470000000000005
0.05795
0.05321
0.05836
0.058410000000000004
0.04829
0.04776999999999999
0.04962
0.05048
0.054470000000000005
0.053020000000000005
0.05754
0.0553
0.05335
0.047139999999999994
0.04996
0.058289999999999995
0.054470000000000005
0.0472
0.046939999999999996
0.04474
0.04752
0.04477
0.05148
0.05056
0.05575000000000002
0.05816
0.0604
0.052610000000000004
0.04803
0.04962
0.05396
0.054680000000000006
0.056360000000000014
0.05408
0.05838
0.05072
0.0509
0.0524
0.050170000000000006
0.04834
0.0466
0.04633
0.04457
0.04733
0.04755
0.052870000000000014
0.05405
0.04958
0.05346
0.05144
0.04834
0.05542
0.05545
0.048650000000000006
0.05725000000000001
0.057509999999999985
0.054810000000000005
0.05984
0.05695
0.054229999999999993
0.05246000000000002
0.0521
0.055150000000000005
0.050089999999999996
0.053430000000000005
0.055179999999999986
0.05633000000000001
0.06024
0.06451
0.05755
0.05634
0.059869999999999986
0.058660000000000004
0.05877
0.05487
0.058410000000000004
0.06305
0.06106
0.05750000000000001
0.054470000000000005
0.05816
0.06705
0.06792999999999999
0.064
0.06317
0.07184
0.06613
0.0636
0.06006
0.061579999999999996
0.06604
0.06308
0.05963
0.06586
0.06717000000000001
0.06806
0.06317
0.06015
0.06619
0.05798
0.060579999999999995
0.0503
0.055779999999999996
0.05698
0.057220000000000014
0.05384
0.05066
0.04993
0.051629999999999995
0.05118
0.04968
0.04968
0.043460000000000006
0.04486
0.04576
0.04902
0.04729
0.049580000000000006
0.04699
0.04254
0.04597
0.04496
0.04342
0.041045
0.038194
0.033187
0.028661
0.027058
0.032412
0.033374
0.031428
0.033393000000000006
0.037403000000000006
0.037091000000000006
0.03662
0.034828
0.032277
0.032344
0.033839999999999995
0.032428
0.032905000000000004
0.030594
0.02978
0.032587
0.033981
0.033162000000000004
0.035107
0.032157000000000005
0.029138
0.026989000000000003
0.026664
0.031574000000000005
0.031674999999999995
0.029111
0.029646
0.029073
0.029502
0.026265
0.029823
0.034458
0.032718000000000004
0.027476
0.026534
0.029179000000000007
0.026958000000000003
0.02814
0.028163
0.025729
0.028361
0.029851
0.030506
0.027913
0.027678
0.03159
0.036565
0.033718000000000005
0.030160000000000006
0.027561
0.025464
0.023735000000000003
0.02779
0.028499
0.029633
0.029814999999999998
0.031302
0.030044
0.030612999999999998
0.032070999999999995
0.033270999999999995
0.032557
0.032724
0.031081
0.034448
0.031909
0.03175
0.032425
0.034877
0.03493399999999998
0.041898000000000005
0.040271
0.037831000000000004
0.045741
0.043405
0.049254
0.048968
0.04356
0.044374
0.045198
0.038249000000000005
0.038439
0.041172
0.042729
0.040893
0.045695
0.04903
0.04965000000000002
0.05426
0.053939999999999995
0.05103
0.04943
0.04805
0.04294
0.04847
0.048310000000000006
0.04895
0.05428
0.05304999999999999
0.05292
0.05600000000000002
0.04644
0.05773
0.05517999999999999
0.05649
0.05501
0.06035
0.05229
0.0524
0.055060000000000005
0.05521
0.06275
0.0626
0.05384
0.05795
0.059879999999999996
0.06387999999999999
0.057970000000000015
0.057
0.05563
0.05308
0.0549
0.053660000000000006
0.05708
0.064
0.05792000000000001
0.052289999999999996
0.057460000000000004
0.06531
0.0614
0.06317
0.06289
0.06491
0.07703
0.06817999999999999
0.06327
0.07647999999999999
0.06759
0.06838999999999999
0.07559
0.08133
0.07619999999999999
0.07511
0.06892999999999999
0.06787
0.07193
0.06878999999999999
0.06638
0.07291
0.06765
0.0698
0.07109
0.07843
0.07284
0.06781000000000001
0.06629
0.06869
0.06946000000000001
0.0683
0.06799
0.0755
0.06701
0.06992000000000001
0.06960999999999999
0.06616
0.06882
0.06491
0.05985
0.06598
0.061089999999999985
0.06204
0.0625
0.07492
0.07672000000000001
0.07662999999999999
0.07315
0.06717000000000001
0.07293
0.07843
0.07162
0.06894
0.06964000000000001
0.06702000000000001
0.06552999999999999
0.06777999999999999
0.07224
0.06616
0.07578
0.07550000000000001
0.07632
0.07647999999999999
0.0831
0.081
0.08370999999999999
0.08719
0.07758000000000001
0.07449
0.07787999999999999
0.06759
0.07764
0.0776
0.06986
0.07082999999999999
0.07696
0.07785
0.07746
0.07007000000000001
0.06545999999999999
0.07519999999999999
0.07391
0.07816000000000001
0.08408
0.08322
0.08322000000000003
0.07329999999999999
0.07272
0.07242
0.07908
0.07443
0.07529
0.07483
0.06836
0.0643
0.06752999999999999
0.07013
0.07343
0.07407000000000001
0.07250999999999999
0.07131000000000001
0.07589
0.07327
0.06873
0.07128000000000001
0.07071000000000001
0.07114000000000001
0.06723
0.07166
0.069
0.06912
0.0737
0.07003999999999999
0.07144
0.07662999999999999
0.06577000000000001
0.058220000000000015
0.06195000000000001
0.06842000000000001
0.06543
0.062070000000000014
0.06141000000000001
0.06292
0.06488
0.0607
0.05326
0.05985
0.06720000000000001
0.06562
0.06671
0.06845
0.06727000000000001
0.06777999999999999
0.06237
0.06376
0.062159999999999986
0.05658
0.06258999999999999
0.06308
0.05996
0.06021
0.0564
0.0539
0.05017
0.05161
0.050769999999999996
0.0459
0.04695
0.05067
0.04788
0.04431
0.04084
0.03905
0.04382
0.038822
0.0395
0.03875
0.03715
0.04054
0.04553
0.0504
0.04526999999999999
0.04422
0.044752
0.044663
0.04726
0.04212500000000001
0.040929
0.040729
0.038509
0.029970999999999998
0.029896
0.030566000000000006
0.031917
0.032067000000000005
0.035901
0.03487
0.037538
0.032994
0.032248
0.030066000000000002
0.030292000000000006
0.032215
0.034664
0.034842000000000005
0.032077
0.030151999999999998
0.027838
0.026958999999999997
0.033039000000000006
0.036525
0.039613
0.036719
0.032351
0.031179
0.029178000000000006
0.030357
0.031292
0.031878
0.031582
0.029772000000000007
0.030795999999999997
0.028968
0.027763
0.027388
0.030454
0.029231
0.030543
0.030863
0.030310000000000007
0.028325
0.032923
0.031160000000000007
0.029722000000000002
0.027874
0.030892000000000006
0.032346
0.03539
0.037038
0.039517
0.036647000000000006
0.035604000000000004
0.038183999999999996
0.038501
0.034839
0.036874000000000004
0.042332
0.040089
0.039595000000000005
0.037853000000000005
0.035967
0.036525
0.040519
0.040339
0.04343
0.046222000000000006
0.046414
0.04867900000000002
0.051316
0.056889
0.049010000000000005
0.04809
0.04535
0.04991
0.05289
0.049339999999999995
0.047740000000000005
0.05417
0.0562
0.06056
0.06459
0.0581
0.0514
0.05710000000000001
0.06154
0.05794000000000001
0.06579
0.06394999999999999
0.05893
0.07027
0.06239
0.06101
0.05815
0.05388999999999999
0.06488
0.058929999999999996
0.06512000000000001
0.06370999999999999
0.06238
0.060110000000000004
0.06101
0.06289
0.06420999999999999
0.06683
0.06287000000000001
0.06978999999999999
0.07474
0.06607
0.06885
0.06186000000000001
0.06311
0.06888
0.07211000000000001
0.06824000000000001
0.06556000000000001
0.07269
0.07153000000000001
0.0679
0.06888
0.06351
0.06290000000000001
0.06638
0.06337999999999999
0.06305
0.0676
0.06566999999999999
0.06619
0.05682
0.05838
0.06546
0.06784000000000001
0.06744
0.07382999999999999
0.06674000000000001
0.07187
0.07849
0.08426
0.08386
0.08911000000000001
0.07718
0.07452
0.07303
0.06967000000000001
0.07041
0.06555
0.06434000000000001
0.06520999999999999
0.06555
0.06522
0.06770999999999999
0.06759
0.07833999999999999
0.0701
0.06991
0.07229
0.07424
0.06975999999999999
0.07597999999999999
0.07959
0.0805
0.08072
0.08188000000000001
0.09018
0.09835
0.08753
0.07952999999999999
0.08940999999999999
0.08112
0.08215
0.0733
0.0726
0.07825
0.08008
0.07511
0.06889999999999999
0.06949
0.0646
0.06494
0.07132000000000001
0.07153
0.07077
0.06906
0.06777999999999999
0.06475
0.0632
0.06791
0.07211000000000001
0.06872
0.07189999999999999
0.06649
0.06567
0.06696
0.07126
0.07522000000000001
0.07217
0.06287000000000001
0.06405999999999999
0.06797
0.06851
0.07741999999999999
0.08271
0.07586999999999999
0.06863999999999999
0.06189
0.0629
0.07074
0.07507
0.07315
0.0762
0.06479
0.06405
0.06293
0.06479
0.07082999999999999
0.06994
0.07682
0.06284000000000001
0.06461
0.06448999999999999
0.06296
0.06317
0.0621
0.05862000000000001
0.06564
0.06989
0.06665
0.0639
0.06543
0.07207999999999999
0.07633000000000001
0.06867000000000001
0.05899
0.05884
0.05405
0.061370000000000015
0.07400000000000001
0.07254000000000001
0.06717000000000001
0.07074
0.06644
0.06595
0.06308
0.05823
0.06106
0.06909
0.06667999999999999
0.06705
0.06625
0.06097
0.06101
0.07107000000000001
0.07242
0.06833
0.06534000000000001
0.06085
0.06174
0.05972
0.05548
0.05159
0.055060000000000005
0.055879999999999985
0.05557
0.05487
0.05059000000000001
0.047439999999999996
0.04531
0.0494
0.04445
0.04433
0.04411
0.04445
0.043247
0.045303
0.045064
0.045376
0.039475
0.03625
0.035664
0.038833000000000006
0.039838
0.042960000000000005
0.043144999999999996
0.040535
0.037214
0.034812
0.038259
0.046107999999999996
0.038564
0.034661000000000004
0.032082
0.031825
0.030477999999999998
0.032618
0.031316000000000004
0.031035000000000007
0.031331
0.033684
0.035168
0.035516000000000006
0.032330000000000005
0.030587000000000007
0.031376999999999995
0.032146
0.03107
0.029954
0.029332
0.031674999999999995
0.03417
0.033874
0.03383
0.033428
0.032005000000000006
0.029817000000000003
0.030212
0.031414
0.026766
0.027991000000000002
0.029794
0.031459
0.032273
0.034893
0.034187
0.03586
0.038618
0.03824
0.03416
0.037204
0.039355
0.038829
0.033187
0.028929000000000007
0.0302
0.032852
0.029632
0.034237000000000004
0.03265
0.033597
0.034531000000000006
0.035845
0.036505
0.041985
0.03985
0.038669
0.037094
0.035405
0.033464999999999995
0.042082
0.043301
0.041413000000000005
0.039285
0.042092000000000004
0.044603
0.0435
0.038861
0.0423
0.04174699999999999
0.04622
0.040211000000000004
0.04863
0.050780000000000006
0.045765
0.04637
0.04545
0.04768
0.049060000000000006
0.05222
0.053860000000000005
0.05558
0.052660000000000005
0.05844000000000001
0.06317
0.05927
0.05753
0.05902
0.062409999999999986
0.05894000000000001
0.06059000000000001
0.06064
0.05965
0.0645
0.06870000000000001
0.07153999999999999
0.07727
0.06384
0.05859
0.060120000000000014
0.05716
0.06384
0.06652000000000001
0.06809
0.06866
0.06555
0.06845
0.06802000000000001
0.069
0.07037
0.07318
0.06436
0.06415
0.06924
0.07483
0.07053
0.0748
0.07483
0.07082999999999999
0.07098
0.07605
0.07617
0.08011
0.06881000000000001
0.0672
0.06641
0.07247999999999999
0.0773
0.06717000000000001
0.07013
0.05923000000000001
0.06747
0.06827000000000001
0.0698
0.06531
0.07025
0.06573999999999999
0.06113
0.06362999999999999
0.06626
0.05873
0.05806
0.06092
0.06665
0.06772
0.07217
0.06845000000000001
0.06325
0.07224
0.07589
0.0748
0.07016
0.07250999999999999
0.06936
0.06258999999999999
0.07016
0.07095
0.07196
0.06382
0.06421
0.06152000000000001
0.05734
0.06226
0.06147
0.06171
0.06713999999999999
0.0586
0.06357
0.07038
0.07163
0.07408999999999999
0.07285
0.07430999999999999
0.06543
0.06626
0.06613
0.06561
0.06891
0.06820999999999999
0.06656000000000001
0.06592
0.06195000000000001
0.057220000000000014
0.06217
0.07522999999999999
0.06860000000000001
0.06845
0.06607
0.07681
0.07193
0.07808999999999999
0.0791
0.07386000000000001
0.06998
0.07059
0.07518999999999999
0.07446
0.07575000000000001
0.07400999999999999
0.06717000000000001
0.06445000000000001
0.05935
0.06457
0.06817999999999999
0.07998999999999999
0.06949
0.06149
0.06616
0.06258999999999999
0.06311
0.06402999999999999
0.05911
0.06226
0.06381
0.06387000000000001
0.06189
0.06674
0.06466999999999999
0.06992000000000001
0.06293
0.062320000000000014
0.06937
0.07833999999999999
0.07052
0.06988
0.07541
0.06457
0.06283
0.06491
0.06566999999999999
0.0669
0.06611
0.06398999999999999
0.07494999999999999
0.07314999999999999
0.07199
0.07254
0.06623
0.0644
0.06086
0.06683
0.07046000000000001
0.07103999999999999
0.06903999999999999
0.06805
0.06626
0.05823
0.058839999999999996
0.05969
0.060029999999999986
0.05575
0.05209
0.05575000000000002
0.04874
0.05426
0.05682
0.052320000000000005
0.0553
0.058089999999999996
0.062429999999999986
0.053739999999999996
0.05032
0.04662
0.047060000000000005
0.05124
0.05313
0.052029999999999986
0.05475
0.05496
0.0473
0.04356
0.04244
0.04428
0.040780000000000004
0.04618
0.045653
0.04460600000000002
0.044285000000000005
0.041075
0.040071
0.036876
0.034932000000000005
0.034031000000000006
0.033617999999999995
0.038531
0.039208
0.038268
0.034398000000000005
0.035702
0.038068
0.038031
0.033913
0.034193
0.031787
0.029862
0.034383
0.033747000000000006
0.030761
0.028983
0.029862
0.030367
0.028584
0.031379000000000004
0.03027
0.031201
0.033347
0.031859
0.028439
0.031144
0.031826
0.029878
0.029636000000000006
0.030641
0.030219000000000006
0.028446
0.029936
0.032492
0.032377
0.032187999999999994
0.030002999999999995
0.031840999999999994
0.034417
0.039849
0.035464999999999997
0.035401
0.030297
0.029688
0.028786000000000006
0.028078
0.02855
0.028339
0.033351000000000006
0.035034
0.036976
0.036092
0.041803
0.035421
0.032766
0.030635000000000003
0.031887
0.034637
0.03611
0.042685
0.04021
0.037380000000000004
0.035217000000000005
0.034825
0.034585000000000005
0.039523
0.043643
0.044085
0.041777999999999996
0.043606
0.053867999999999985
0.05582
0.04918
0.04942
0.05123900000000002
0.05085
0.05449
0.06247000000000001
0.05118
0.04384
0.04553
0.04191
0.04651999999999999
0.05313
0.0615
0.06058
0.05902
0.06459000000000001
0.06343
0.06068000000000001
0.053020000000000005
0.05032
0.05649000000000001
0.056240000000000005
0.06253
0.066
0.05847
0.05782
0.06211000000000001
0.06394
0.06775999999999999
0.0628
0.06405999999999999
0.06151
0.062439999999999996
0.06317
0.06548999999999999
0.06464
0.06665
0.06164
0.06934000000000001
0.06726
0.06766
0.07102
0.0582
0.06189
0.06757
0.059869999999999986
0.05826
0.06489
0.01642
0.065
0.07128
0.0744
0.06948000000000001
0.07250999999999999
0.0722
0.07505
0.07422000000000001
0.06881000000000001
0.06903000000000001
0.07635
0.06784
0.07541
0.08026
0.07618
0.07537999999999999
0.06631000000000001
0.06125
0.06079
0.06082000000000001
0.06592
0.06849
0.0633
0.06775
0.06775
0.06934
0.0698
0.06125000000000001
0.04019
0.03357
0.027034
0.022672
0.019339
0.013869999999999999
0.07296
0.07144
0.06186000000000001
0.05959
0.06018
0.07164999999999999
0.06903
0.06572
0.06319
0.05561
0.05525
0.06085
0.06563000000000001
0.06682
0.06771
0.06341000000000001
0.06195000000000001
0.06942999999999999
0.0644
0.06616
0.06967000000000001
0.06792999999999999
0.05707
0.05918
0.06927
0.06761
0.06971000000000001
0.06911999999999999
0.06995
0.0774
0.08093
0.07816000000000001
0.0723
0.0694
0.0698
0.06377999999999999
0.07446
0.07894999999999999
0.07927999999999999
0.08657999999999999
0.07501000000000001
0.07406
0.07959000000000001
0.07035
0.07089000000000001
0.07678000000000001
0.08292000000000001
0.07794
0.07858000000000001
0.08649
0.07364
0.07393999999999999
0.07199
0.07160000000000001
0.07739
0.08359
0.07299
0.07532
0.07511
0.07052
0.08509
0.07812000000000001
0.08285000000000001
0.08337
0.08098999999999999
0.07712000000000001
0.07110999999999999
0.07443
0.07522999999999999
0.07883000000000001
0.07629999999999999
0.08359
0.0803
0.07693
0.07385
0.07377
0.07422000000000001
0.07596
0.07516
0.07327
0.07880000000000001
0.08148999999999999
0.08411
0.08141999999999999
0.08401
0.0871
0.08553999999999999
0.07605
0.07114000000000001
0.07269999999999999
0.07153
0.06811
0.07019
0.07077
0.06601
0.062229999999999994
0.07007000000000001
0.07003999999999999
0.0708
0.07086999999999999
0.06909
0.06085
0.060029999999999986
0.05762000000000001
0.06354
0.06326
0.06534
0.06452000000000001
0.06766
0.05664
0.052660000000000005
0.05115
0.05896000000000001
0.0542
0.057929999999999995
0.05295
0.05127000000000001
0.053989999999999996
0.05074000000000002
0.05449999999999999
0.05185
0.04829
0.04918
0.047470000000000005
0.04548
0.04797
0.04941
0.04808
0.04529999999999999
0.0467
0.04556
0.04772
0.04314
0.04721
0.043411
0.041245
0.045154
0.045107
0.044862
0.042445
0.040972
0.03916
0.040673
0.039187
0.049072000000000005
0.036844
0.03596
0.035111
0.04055400000000002
0.038559
0.039985
0.037941
0.0362
0.036221
0.034948
0.032627
0.032471
0.035023
0.038755000000000005
0.036626
0.032612
0.032401
0.031764999999999995
0.031966
0.032429
0.032929
0.031526000000000005
0.032569
0.033287
0.03438
0.031593
0.037639
0.031463
0.029876
0.028784
0.029968
0.033198000000000005
0.033033999999999994
0.032032000000000005
0.02985
0.034657
0.035460000000000005
0.037596
0.039234000000000005
0.038005
0.037742000000000005
0.036369
0.035311
0.033983
0.037456
0.040126
0.038136
0.039584
0.041147
0.038647
0.041444
0.04176099999999999
0.03936099999999999
0.039487
0.044185
0.053937
0.050219
0.049582
0.049806
0.05672000000000001
0.04927
0.05025
0.053269
0.055720000000000006
0.05773
0.05806
0.05368
0.05354
0.05977
0.04944
0.05125
0.053593
0.05404
0.0536
0.05816
0.0564
0.05184
0.05834
0.05594
0.052360000000000004
0.05601999999999999
0.06401
0.06298
0.062320000000000014
0.05618
0.05755
0.05655
0.06251000000000001
0.06883
0.07094
0.06517
0.059870000000000013
0.06265
0.05732
0.058329999999999986
0.07003999999999999
0.0712
0.06421
0.06556000000000001
0.0693
0.06616
0.0643
0.06311
0.05981
0.05847
0.06345
0.07142000000000001
0.07161000000000001
0.07479999999999999
0.07566
0.07227
0.083
0.08569
0.07846
0.07941000000000001
0.07382000000000001
0.069
0.07773
0.07824999999999999
0.07207999999999999
0.07000999999999999
0.06812
0.06915
0.06656000000000001
0.06579
0.07207999999999999
0.06775
0.07003999999999999
0.06711
0.059629999999999996
0.06705
0.06332
0.06256
0.06391000000000001
0.06835999999999999
0.06601
0.07092000000000001
0.07236000000000001
0.07306000000000001
0.07437
0.07034
0.06021
0.06366000000000001
0.06523999999999999
0.06199
0.06204
0.062230000000000014
0.06265
0.06681000000000001
0.07175000000000001
0.06530999999999999
0.06552000000000001
0.06537000000000001
0.05945
0.06915
0.06863999999999999
0.06644
0.07306
0.07392
0.0675
0.06687
0.059410000000000004
0.06386
0.06952
0.07236000000000001
0.07336000000000001
0.07331
0.06921000000000001
0.0712
0.07092999999999999
0.07361000000000001
0.07207999999999999
0.0737
0.06861
0.07306
0.07549
0.07082999999999999
0.06788999999999999
0.06084000000000001
0.06961
0.07232000000000001
0.06711
0.06827000000000001
0.06623
0.0589
0.06546
0.0657
0.06384999999999999
0.07271999999999999
0.06318
0.06513
0.07041
0.07773
0.06833
0.07254
0.07288
0.07147
0.06616
0.0646
0.06311
0.05545
0.0567
0.06
0.06838999999999999
0.06497
0.06627999999999999
0.06537000000000001
0.07222999999999999
0.06817999999999999
0.06754
0.06513
0.06527999999999999
0.0625
0.06885
0.07715
0.07436999999999999
0.06726
0.06659
0.06639
0.05412
0.05304
0.05801000000000001
0.06043
0.06159000000000001
0.06223
0.0625
0.06949
0.06854
0.07236000000000001
0.07354
0.06842000000000001
0.06332
0.06614
0.06238
0.05762000000000001
0.06006
0.05838
0.06540000000000001
0.062160000000000014
0.05417
0.05403
0.057339999999999995
0.05473
0.05673
0.05012
0.04846
0.0539
0.05710000000000001
0.05179
0.05618
0.055970000000000006
0.05731
0.05807
0.0614
0.06451
0.06024
0.055070000000000015
0.05122
0.05798
0.056970000000000014
0.05571
0.04996
0.04607
0.04599
0.05417
0.05508
0.047470000000000005
0.04367
0.04388
0.04018000000000002
0.03943
0.03727
0.04507
0.04315
0.036435
0.034145999999999996
0.037763
0.039310000000000005
0.042759000000000005
0.04281
0.041918
0.039997000000000005
0.034707999999999996
0.035974
0.033391000000000004
0.030053000000000007
0.033529
0.033610999999999995
0.033603999999999995
0.032546
0.030615
0.032604999999999995
0.033977999999999994
0.036016
0.036625000000000005
0.032678
0.031102
0.030702
0.027855
0.028538
0.028505000000000006
0.031314999999999996
0.032636
0.035640000000000005
0.031695999999999995
0.027995
0.027634
0.028214999999999997
0.029269
0.027247000000000004
0.027459000000000004
0.028774
0.031685000000000005
0.030033
0.027984
0.030109
0.031952
0.034123
0.034847
0.037442
0.041641000000000004
0.03625
0.032511
0.031178000000000008
0.029315
0.028941
0.029183
0.030132
0.035070000000000004
0.03915
0.035606
0.035958000000000004
0.04135
0.030701000000000006
0.028517
0.030132
0.030824
0.030857
0.030356
0.037333
0.039506
0.040521
0.035189000000000005
0.032995
0.036339
0.038288
0.035406
0.036913
0.036541000000000004
0.037242
0.036147000000000006
0.04166
0.040781
0.04608
0.040665
0.041616
0.043733999999999995
0.044577
0.049578
0.046248
0.045199
0.046970000000000005
0.041655000000000005
0.04332
0.045439999999999994
0.043172
0.041294
0.04017
0.048412
0.05006
0.05359
0.05359
0.04982
0.05101
0.052489999999999995
0.05449
0.049760000000000006
0.05116
0.04871
0.055970000000000006
0.0625
0.06355
0.05939
0.06357
0.06812
0.06644
0.06787
0.06436
0.06934
0.06982000000000001
0.06247000000000001
0.06484999999999999
0.06163
0.0607
0.058379999999999994
0.06083000000000001
0.06357
0.06820999999999999
0.06281
0.05844
0.05719
0.05926
0.06555
0.06082000000000001
0.060299999999999986
0.06311
0.06326000000000001
0.06558
0.06899999999999999
0.06667999999999999
0.06433
0.06327
0.06033999999999999
0.06482
0.06509000000000001
0.06817999999999999
0.06934
0.0628
0.05926
0.05499
0.04956000000000002
0.05138
0.05117
0.0551
0.059179999999999996
0.06021
0.06131
0.05788
0.0623
0.07049
0.06659
0.060120000000000014
0.06587
0.0644
0.05754
0.05338
0.05885
0.05783000000000001
0.05899
0.05303
0.05286999999999999
0.049530000000000005
0.05322
0.06679
0.06486
0.06032000000000001
0.05227
0.05326
0.053340000000000005
0.058570000000000004
0.0613
0.052129999999999996
0.05186
0.055020000000000006
0.06332
0.0577
0.05455
0.051989999999999995
0.05118
0.055920000000000004
0.0517
0.05464
0.05885
0.05885
0.06435
0.06158
0.060039999999999996
0.06495999999999999
0.06519000000000001
0.06954
0.05843
0.05435
0.0574
0.0603
0.05554
0.058420000000000014
0.06217
0.05535
0.05368
0.05692000000000001
0.06455
0.06342
0.05938
0.0553
0.05451
0.06335
0.059420000000000014
0.0574
0.05932000000000001
0.05573
0.05792000000000001
0.06186000000000001
0.05825
0.06561
0.06079
0.05655
0.05414
0.06186000000000001
0.0574
0.06143
0.054470000000000005
0.05275
0.05896000000000001
0.06372
0.05625
0.0549
0.05322
0.05381
0.051910000000000005
0.06091
0.055020000000000006
0.053770000000000005
0.05127
0.05205
0.05389
0.056150000000000005
0.06165
0.06423999999999999
0.06894
0.05947
0.05972
0.06675
0.059539999999999996
0.06253
0.06833
0.0664
0.059789999999999996
0.054929999999999986
0.054470000000000005
0.05550999999999999
0.05616
0.056520000000000015
0.05624
0.057429999999999995
0.05844000000000001
0.07135
0.06482
0.05743
0.058080000000000014
0.05621
0.052620000000000014
0.05139
0.051820000000000005
0.05234
0.05914
0.05408
0.051300000000000005
0.05014
0.05596999999999999
0.054720000000000005
0.0528
0.04882
0.043440000000000006
0.04686
0.05317
0.05015
0.0483
0.04293
0.040260000000000004
0.04189
0.04596
0.04222000000000002
0.04377
0.05202
0.05101
0.049339999999999995
0.04772
0.04601
0.042652
0.04918
0.04724
0.040818
0.038633999999999995
0.038897
0.041018
0.045887
0.042554
0.0383
0.03766
0.042735
0.043437
0.040352
0.035634
0.038596
0.036527
0.036015
0.033874
0.037595
0.036647000000000006
0.035487
0.03815
0.036447
0.032941000000000005
0.032668
0.031158000000000005
0.033955
0.034348000000000004
0.033285
0.030952
0.03207
0.029908000000000007
0.029983999999999997
0.030967000000000005
0.034079000000000005
0.035420000000000014
0.037718
0.031151
0.034129
0.033955
0.030686
0.032346
0.030458
0.032647
0.032184000000000004
0.031724
0.028852
0.029608
0.033912
0.03203
0.031288
0.029237
0.035272000000000005
0.033592000000000004
0.035613000000000006
0.033519
0.034266000000000005
0.030852
0.027597000000000003
0.028455
0.030442
0.031032999999999998
0.034939
0.039724
0.038222000000000006
0.03649
0.035384
0.031993999999999995
0.032238
0.037855
0.037214
0.03644
0.040794
0.042006
0.042089999999999995
0.04081799999999999
0.038970000000000005
0.040714
0.040161
0.039553000000000005
0.041659
0.043015
0.04216
0.04503
0.04811000000000002
0.0417
0.041830000000000006
0.04498
0.05028
0.05031
0.052370000000000014
0.05056
0.052499999999999984
0.052610000000000004
0.05834
0.05826
0.0576
0.052320000000000005
0.05727
0.053229999999999986
0.05371
0.049319999999999996
0.051320000000000005
0.050890000000000005
0.05168
0.0527
0.06085
0.0585
0.05693
0.05304
0.053239999999999996
0.04995
0.05197
0.051390000000000005
0.053820000000000014
0.055310000000000005
0.05449
0.05243
0.05395
0.05238
0.06079
0.05789
0.051529999999999986
0.056
0.05428
0.05277
0.05176
0.05306
0.054360000000000006
0.06053
0.053970000000000004
0.054320000000000014
0.0634
0.06619
0.06939999999999999
0.06813999999999999
0.06809000000000001
0.06411
0.06537000000000001
0.06454
0.07211000000000001
0.06613
0.0621
0.06247000000000001
0.06281
0.05924
0.05644
0.060610000000000004
0.06511
0.05832
0.058839999999999996
0.0565
0.05899
0.05911
0.05195
0.05882
0.05925
0.06308
0.06152000000000001
0.05809
0.06436
0.07687999999999999
0.07303
0.06573
0.06677000000000001
0.06452000000000001
0.058330000000000014
0.05364000000000002
0.056029999999999996
0.05388
0.06545
0.06423000000000001
0.06711
0.0663
0.06867999999999999
0.05819
0.05826000000000001
0.06627999999999999
0.06297
0.06489
0.0633
0.06125000000000001
0.06379
0.06251999999999999
0.06192
0.0654
0.0629
0.061120000000000015
0.057139999999999996
0.06107000000000001
0.05812000000000001
0.05741
0.05838
0.05126
0.0557
0.05538
0.05457000000000002
0.05569
0.05563
0.05975
0.05871000000000001
0.059909999999999984
0.055970000000000006
0.0524
0.054020000000000006
0.05417
0.05777
0.061589999999999985
0.060620000000000014
0.06236000000000001
0.06565
0.06155
0.0611
0.05929000000000001
0.05982000000000001
0.05838
0.06637
0.06637
0.0651
0.06415
0.061370000000000015
0.061550000000000014
0.06146
0.06733
0.06415
0.06254
0.057899999999999986
0.06107000000000001
0.06583
0.06564
0.06455
0.061370000000000015
0.06144
0.06326
0.06192
0.06281
0.06466000000000001
0.06675
0.06482
0.061829999999999996
0.060329999999999995
0.05823
0.0531
0.054320000000000014
0.05771
0.06185
0.06491
0.06324
0.06369
0.06607
0.06881
0.06214
0.0614
0.0615
0.061239999999999996
0.06518
0.05998000000000001
0.0583
0.052250000000000005
0.05292
0.050370000000000005
0.05226
0.06025
0.05632
0.053770000000000005
0.05608
0.052750000000000005
0.04923
0.05041
0.04799
0.04748
0.05208
0.05158
0.05387
0.05032
0.04771
0.04647
0.04914
0.05022
0.04855
0.042510000000000006
0.0397
0.04281
0.04379
0.04741
0.04381
0.04003
0.03974
0.04245
0.046020000000000005
0.04270500000000002
0.041414
0.043445
0.044634
0.042964
0.041139
0.038395
0.041462
0.038541000000000006
0.037593
0.037687000000000005
0.03783
0.03324
0.033477
0.032908
0.033211000000000004
0.031152
0.03119
0.034485
0.035383000000000005
0.03751
0.032795
0.031997000000000005
0.031069
0.034401
0.033192
0.032855
0.029935000000000003
0.029401
0.032016
0.029345
0.030962
0.033046
0.035092000000000005
0.037263
0.03754
0.033419000000000004
0.03426799999999998
0.035011999999999995
0.037458
0.034551
0.028225
0.028295
0.032141
0.030223000000000007
0.029276000000000007
0.030769999999999995
0.029833
0.029178000000000006
0.028862
0.032252
0.031972
0.033382999999999996
0.030215
0.035288999999999994
0.038867000000000006
0.037955
0.034787000000000005
0.03268
0.032070999999999995
0.032353
0.035497
0.038103
0.036907
0.037601
0.033832999999999995
0.034573
0.03561
0.035396
0.036793
0.039388
0.044781
0.041335
0.043475
0.046176
0.048146
0.058377
0.04984
0.04684699999999999
0.04492
0.04362
0.0477
0.05199
0.04822
0.05087
0.05275
0.054779999999999995
0.0522
0.050014
0.045775
0.04677
0.05052
0.05286999999999999
0.05692000000000001
0.06211000000000001
0.05685000000000001
0.061329999999999996
0.061820000000000014
0.05415
0.05426
0.06442
0.06586
0.06638
0.06862
0.06735000000000001
0.06369
0.06126
0.06336
0.06079
0.06485
0.06015
0.0587
0.07956
0.06889999999999999
0.06820999999999999
0.06569
0.06969999999999997
0.07147
0.06927
0.06903999999999999
0.06502999999999999
0.0651
0.06168
0.06347
0.06775
0.061739999999999996
0.06043
0.06283
0.0561
0.05438
0.06393
0.06253
0.06296
0.0635
0.060150000000000016
0.06448
0.05905000000000001
0.058320000000000004
0.06329
0.05957000000000001
0.06098000000000001
0.0596
0.05835
0.06377999999999999
0.06342
0.06607
0.05545
0.05679
0.06024
0.06024
0.058290000000000015
0.06469
0.06088
0.05621
0.06405
0.060119999999999986
0.06088
0.06717000000000001
0.06238
0.05846000000000001
0.057970000000000015
0.05881
0.06304
0.06387000000000001
0.059940000000000014
0.0611
0.05746
0.051910000000000005
0.05335
0.07001
0.07245
0.06344
0.06461
0.06042
0.06311
0.06563000000000001
0.0642
0.05479
0.06064
0.06195000000000001
0.061239999999999996
0.06372
0.0654
0.06863
0.07303
0.062320000000000014
0.05959
0.06475
0.061050000000000014
0.05913
0.05775
0.05392
0.05857
0.06024
0.059779999999999986
0.06324
