0.13315602999999998
0.11013028
0.10205728
0.02035107
0.03602732
0.03522597
0.04036402
0.03118226
0.033784320000000014
0.04194012
0.10335338
0.04672072
0.02335607
0.04365622
0.03240946
0.02288836
0.03317826
0.03694561
0.03749241
0.03462061
0.04054626
0.04010636
0.044185910000000016
0.02143941000000001
0.039895410000000006
0.03677145
0.020652160000000003
0.04116672
0.03555886
0.08049471999999999
0.09601286
0.07588481999999999
0.10379267
0.11681757
0.11200072
0.05350016
0.07794092
0.09922472
0.02762816
0.024055160000000003
0.03863821
0.02614922
0.02718668
0.04982512
0.04213436
0.04011435
0.08133747000000001
0.08185977
0.07648637999999999
0.08815742
0.08815742
0.09065403
0.08408628
0.09034928
0.14255413
0.16411728
0.12888318
0.11528028
0.14811908
0.14714813
0.15685928000000002
0.14690818
0.12060352
0.05957412
0.034979820000000016
0.04053781000000002
0.035496410000000006
0.03225491
0.04743052
0.034205160000000005
0.03751071
0.04346816
0.032699860000000004
0.06482237
0.10457028
0.015513399999999997
0.0077352
0.0076971
0.0082303
0.008981300000000001
0.0108831
0.007396100000000002
0.0046015
0.005170000000000001
0.0431563
0.0385631
0.05268919999999999
0.03634299999999999
0.0581945
0.0637741
0.0501156
0.0437156
0.0387449
0.0419761
0.0484879
0.0364652
0.0608916
0.0383895
0.026122600000000003
0.05001799999999999
0.034878
0.08027010000000001
0.0572823
0.062327199999999985
0.014140200000000004
0.015083900000000003
0.0130674
0.1193197
0.12331030000000001
0.1194201
0.0808875
0.1144882
0.10854589999999999
0.0125683
0.015220500000000001
0.013901999999999998
0.014294399999999999
0.0133232
0.014715699999999996
0.2687662
0.20231970000000002
0.16991469999999995
0.126128
0.1433594
0.034081699999999986
0.0133814
0.0105201
0.0119728
0.0115801
0.0602116
0.0149314
0.0680581
0.0100067
0.0101756
0.0109131
0.011410799999999999
0.009751799999999998
0.008136700000000002
0.0102179
0.0126922
0.0129218
0.0105435
0.0094333
0.0094602
0.008936399999999999
0.0102557
0.010148899999999999
0.0513643
0.0977116
0.0974217
0.09699400000000001
0.1239662
0.014443600000000001
0.1064778
0.0983876
0.09164680000000001
0.0920829
0.1019714
0.0901503
0.0980888
0.0875653
0.335819
0.251264
0.189192
0.1930547
0.1371881
0.07852360000000001
0.021652700000000004
0.21653609999999998
0.10389389999999998
0.015962
0.0169639
0.0159382
0.0128983
0.0186592
0.0202476
0.0180828
0.0217813
0.0153797
0.0180545
0.0138474
0.0134092
0.0124762
0.014251
0.0140832
0.4076892
0.14057208999999998
0.08548712
0.01897836
0.11989252
0.14708732000000002
0.12732092
0.10740477
0.07525077000000001
0.062496770000000014
0.03707742
0.031036010000000006
0.02521641
0.1065601
0.01462961
0.03295535
0.03300961
0.01998646
0.0187209
0.0191569
0.017237400000000003
0.015849099999999998
0.014340749999999998
0.012880149999999998
0.011895549999999998
0.01741045
0.0765398
0.07799555
0.07511411
0.07536299
0.058287
0.01561381
0.02029627
0.01890251
0.02073157
0.02525218
0.01936762
0.03740026
0.15265692
0.06571106
0.02632146
0.0273827
0.0267807
0.02727374
0.02802028
0.02686322
0.15044716
0.14950876000000002
0.14972902000000002
0.15894982000000002
0.15639037
0.02729131
0.16192795999999998
0.02855478
0.11431287
0.13418287
0.02844587
0.12142482
0.13180278
0.10450282
0.13498881999999998
0.14972578
0.12222987
0.11881982
0.10584687
0.14225782
0.11663787
0.12518582
0.13593682
0.10872392
0.12514387
0.11516987
0.13799282000000002
0.13020582
0.12892278
0.03180073
0.15072977999999998
0.17696464
0.16131573
0.16211167999999998
0.18440564
0.19936164
0.18079859
0.20235759
0.16045064
0.14968368
0.17761964000000002
0.16956864000000002
0.14778768
0.11360873000000002
0.09816687
0.17394368000000002
0.16201274000000002
0.22176793
0.13330733999999994
0.10386157
0.12139402
0.12005003
0.27771968
0.36219054
0.33457294
0.28588568000000003
0.20654673
0.2022376800000001
0.19418558
0.18577268
0.18882777000000006
0.21504278
0.17480913
0.18520893
0.20049138
0.28726923
0.15572258
0.16556818
0.17486858
0.16624032999999994
0.18425038
0.15200332
0.15553418000000002
0.14917523
0.16220699
0.24681329
0.2241648400000001
0.20537918
0.20947314
0.22733974
0.22353383
0.24702774
0.27220519000000004
0.22693514
0.17769578
0.18444858000000008
0.20295064
0.20174738
0.17747947999999994
0.19393009
0.14940098
0.16175341999999998
0.13815772
0.06529978
0.17001938
0.13879792
0.15622602
0.14150402
0.06962447
0.14923072
0.08102554999999999
0.07414760000000001
0.00979567
0.13014664
0.00902959
0.14405768000000002
0.03969868
0.09589894
0.13499459
0.13676078000000005
0.15522667999999998
0.14729472999999998
0.13599673
0.15365268
0.11589573
0.23605530000000005
0.18468834
0.16485044
0.19626378000000005
0.17143588
0.18389773
0.38614882
0.43190473
0.32668164
0.22588564
0.21826759
0.29554554
0.11785773
0.09696164000000004
0.12750068
0.15325559
0.12823068
0.15380164
0.13625368
0.14036068000000002
0.13173268
0.03835773
0.13020373
0.03213878
0.11825668
0.10645573
0.08850778
0.09141378
0.07236778
0.09232478
0.09020368
0.15753864
0.22004959
0.16824467999999998
0.19121068
0.21053268
0.16291178
0.18268568
0.15886373
0.18481568
0.16018473
0.16893967999999998
0.10810573
0.08446672999999999
0.14266564
0.09407073
0.09830273
0.09277082
0.08241382
0.11045578
0.07539882
0.12477073
0.10204978
0.12820773000000002
0.09601468
0.09502373
0.13199473
0.11086868
0.15498468
0.14169373000000002
0.20088168
0.12239773
0.21055568
0.12361659
0.12968864
0.02276573
0.09809278
0.02154073
0.09473873
0.09940073
0.13206368
0.07682173
0.10075373
0.08237378000000001
0.10650878
0.12061078
0.15154273
0.12118773
0.10727778
0.12992268
0.24719659
0.27393964000000004
0.24842159000000005
0.10915764
0.12880072999999995
0.15142873
0.11315678
0.16566664
0.12251973
0.12183768
0.12574768
0.12219164
0.15450964
0.12247764
0.16945564
0.13787368
0.22136768
0.15752868
0.07369787
0.20282464
0.03660459
0.11466968
0.06900768
0.11364978
0.17155768
0.15875368
0.16746764
0.14597063999999998
0.12816868
0.13006168
0.11496873
0.16524064
0.13818168
0.23104359
0.18225564
0.19620664
0.13433268
0.18354964
0.17586968
0.13443564
0.11337668
0.15865968000000005
0.10122873
0.10657173
0.13232267999999994
0.12207164
0.14404964
0.17631264
0.18850864
0.18263559
0.18751964
0.15420067999999998
0.14630868
0.14982968
0.14821264
0.17164668000000002
0.13358668
0.15812564
0.20021059
0.12259964
0.14609773
0.11424778
0.00735782
0.09917873
0.09903478
0.14028864000000002
0.11282964
0.11932859
0.12518554
0.08750668
0.11593668
0.09465568
0.13476664
0.1975125
0.15792764
0.06313181999999999
0.18476359
0.15852564000000002
0.14467359000000002
0.16464458999999998
0.053329640000000005
0.14526968
0.11146673
0.07947887000000001
0.10574473
0.09324873
0.12760273
0.10040973
0.09702028
0.12061768
0.09817428
0.11431868
0.12100664
0.10999068
0.12607364
0.11344972999999994
0.14067454
0.11259964
0.13331859
0.12072559
0.10684459
0.11437264
0.0975375
0.15060159
0.14902358999999998
0.15079359
0.1556145
0.13728654
0.23023045
0.17393164
0.15990789
0.11972664
0.12527264
0.13480464
0.10240468
0.14688859
0.12665859
0.01992164
0.13553094
0.017913739999999997
0.01382274
0.10820468
0.11854754
0.08478178
0.17632568
0.15790273
0.13792878
0.16791863999999998
0.10249268
0.16069164000000002
0.10007864
0.16147164
0.17735458999999998
0.15477968
0.15018364
0.06050459
0.05923168
0.04910368
0.14497164
0.15499364
0.14834889
0.16497394
0.19004664
0.20957473
0.19880068
0.20536264
0.20631164
0.20759673
0.20131464
0.2803995
0.2821915
0.27894754
0.2836845
0.28411959
0.28362964
0.22202164
0.2861805
0.20357464
0.2959215
0.26154359
0.21175349999999998
0.1872605
0.13538968999999998
0.14725845
0.12104954
0.17039354
0.17505058999999998
0.12416068
0.12324464
0.10047878
0.10007168
0.09393668
0.09157968
0.15455564000000002
0.08811868
0.13334068
0.09072173
0.08938373
0.09687273
0.07933682
0.10600373
0.09192273
0.08733982
0.09998168
0.08750878
0.09989378
0.00702582
0.01400468
0.00776164
0.09515273
0.10019868
0.07988878
0.01060859
0.00884173
0.10846068
0.10592483
0.00843098
0.11286483
0.08807512999999999
0.12436959
0.10996868
0.007320679999999999
0.00891274
0.010708939999999998
0.12278674
0.09499768
0.00926673
0.09389678
0.00964403
0.007742239999999998
0.07870993
0.11105768
0.10126464
0.08241378
0.00865578
0.00802864
0.10255664
0.07623473
0.08412668000000001
0.07798173
0.07211667999999999
0.12519264
0.12261464
0.14832259
0.1687845
0.15319964
0.15318864
0.15461259
0.14700568
0.11890973
0.13506764
0.13808364
0.13883664
0.14869859
0.09767073
0.13305564
0.09623968
0.11850768
0.09704864
0.12333264
0.15783358999999994
0.11840273
0.14309759
0.13827059
0.14076568
0.13344359
0.07747667999999999
0.13656659
0.10893767999999998
0.08533178
0.10359173
0.08883281999999999
0.11031178
0.00831178
0.09619573
0.11054393
0.10475768
0.11033873
0.08281382000000001
0.11247273
0.10263773
0.09714378
0.09971068
0.006737730000000001
0.11118968
0.09948168
0.09089268
0.10041973
0.10081373
0.10911059
0.10100868
0.10613173
0.10265578
0.09441973
0.09874473
0.10450668
0.10087568
0.09098573
0.10187273
0.09563678000000002
0.10308659
0.11179473
0.12610159
0.14182059
0.12158968
0.09186521999999996
0.10285628
0.10871818
0.14262693999999998
0.12798064
0.15554659
0.09346463000000002
0.03793094
0.11481564
0.13083268
0.15570459
0.08854359
0.02955168
0.10911123
0.12530364
0.01132554
0.11267773
0.16103564
0.13228868
0.22799859
0.15382259
0.14206159000000002
0.2466725
0.26063345000000004
0.21844354
0.12169059
0.14903583999999998
0.15297864
0.21722899
0.15929354
0.13547059
0.24198245
0.20715954
0.11534268
0.14535949
0.10764968
0.13551368
0.17011558999999998
0.09968122999999998
0.10050078
0.08217553
0.15559344
0.09763714000000004
0.13825134
0.22453254
0.17970268
0.17696949
0.14837899999999998
0.222509
0.235517
0.216898
0.132452
0.167195
0.172401
0.120772
0.049985
0.065022
0.111352
0.13347720000000002
0.088463
0.1667865
0.12778599999999998
0.139156
0.11962
0.121828
0.14847829999999998
0.117482
0.179632
0.125096
0.16972
0.189577
0.16309400000000002
0.0113048
0.08028400000000001
0.107737
0.097325
0.065274
0.103542
0.1552692
0.13593529999999998
0.163487
0.172244
0.190455
0.202779
0.13974499999999998
0.135515
0.1360523
0.178058
0.15696900000000005
0.134358
0.1001526
0.139531
0.160523
0.0113789
0.12991380000000002
0.1515703
0.164414
0.111268
0.1102192
0.248328
0.124695
0.14170220000000006
0.1237511
0.13546729999999998
0.128996
0.14491199999999999
0.19185750000000004
0.1216396
0.190028
0.20960900000000002
0.109013
0.204652
0.22071800000000005
0.19752
0.17351300000000006
0.188708
0.12767299999999998
0.1357489
0.21519699999999997
0.20745600000000008
0.26465900000000003
0.16329649999999998
0.1573473
0.19515800000000005
0.150554
0.175866
0.181095
0.228063
0.151562
0.171916
0.207087
0.15441000000000002
0.19242620000000002
0.07495299999999999
0.11261
0.17836300000000002
0.185475
0.177595
0.13684100000000002
0.202955
0.1423181
0.11112170000000003
0.196268
0.12575830000000002
0.14316900000000002
0.028641000000000007
0.139978
0.13839400000000002
0.15424900000000002
0.198708
0.216734
0.1419238
0.130759
0.176651
0.16452
0.13249589999999994
0.16128399999999998
0.1088155
0.1008936
0.13938499999999998
0.11051199999999999
0.2145193
0.124
0.190882
0.145128
0.15667799999999998
0.21861799999999998
0.160046
0.206684
0.136997
0.183551
0.17795100000000005
0.1219279
0.14685739999999994
0.132186
0.1101915
0.1142081
0.141275
0.139485
0.129301
0.13025499999999998
0.07474199999999999
0.09617600000000004
0.13712
0.093172
0.1277285
0.21217600000000003
0.17991600000000002
0.19271500000000005
0.10946780000000003
0.1185892
0.098666
0.116192
0.20112610000000009
0.119365
0.144727
0.127733
0.046706
0.039624
0.033627000000000004
0.12815500000000002
0.0963122
0.1579027
0.1020119
0.10390779999999998
0.16515200000000002
0.126643
0.161252
0.16245500000000002
0.360306
0.11179700000000001
0.1183934
0.129142
0.112402
0.16476100000000002
0.11099500000000001
0.101238
0.132537
0.112569
0.15642
0.275215
0.206025
0.21123699999999998
0.25429
0.189708
0.191078
0.184459
0.130828
0.128134
0.15909620000000002
0.14367270000000001
0.053511
0.12577500000000005
0.070625
0.100397
0.13764300000000002
0.073007
0.11776500000000001
0.1511059
0.1677384
0.29515919999999995
0.194832
0.1699955
0.15862479999999998
0.1967598
0.1992652
0.1885422
0.14585739999999994
0.13251079999999998
0.16661579999999998
0.245376
0.2411779
0.1983184
0.058904499999999985
0.13262870000000002
0.1932859
0.15234
0.06640979999999999
0.11958500000000002
0.1443889
0.1476301
0.14843769999999998
0.047399100000000007
0.19994690000000004
0.17804369999999994
0.0964566
0.1019323
0.10554
0.187763
0.160841
0.16199200000000002
0.16385750000000002
0.1482494
0.17951499999999998
0.16576
0.17921399999999998
0.125636
0.176466
0.15582349999999998
0.103275
0.17425980000000002
0.13736120000000002
0.172199
0.260097
0.128052
0.22279670000000001
0.220793
0.22712800000000002
0.2315480000000001
0.283835
0.244053
0.21938200000000002
0.23865799999999998
0.2160842
0.14541279999999998
0.190625
0.127998
0.126152
0.14124499999999998
0.13673700000000005
0.1429378
0.14155199999999998
0.204738
0.13539800000000002
0.21023000000000006
0.15316420000000006
0.148316
0.28498
0.283923
0.233175
0.185241
0.196389
0.14155
0.15052499999999994
0.1468306
0.151145
0.205891
0.162298
0.194348
0.256141
0.16254000000000002
0.115907
0.092421
0.215175
0.22854
0.131447
0.17563499999999999
0.154042
0.16591200000000006
0.197704
0.16556700000000002
0.32549799999999995
0.0151821
0.1254632
0.11761100000000002
0.17597000000000002
0.14642100000000002
0.122984
0.181515
0.12573099999999998
0.182896
0.201193
0.176006
0.045312
0.147277
0.204728
0.099284
0.253025
0.218676
0.198426
0.220614
0.190284
0.216744
0.178021
0.28239000000000003
0.185112
0.14060599999999998
0.16466000000000006
0.222425
0.187871
0.1923798
0.09839
0.250424
0.142245
0.180827
0.246698
0.105263
0.17100400000000002
0.264392
0.295698
0.104542
0.217543
0.294358
0.29046599999999995
0.207154
0.256499
0.080816
0.13708199999999998
0.24956
0.279608
0.196376
0.241081
0.048654800000000005
0.201721
0.045865
0.21790199999999998
0.11139600000000001
0.222119
0.268185
0.26186099999999995
0.100163
0.047911
0.218224
0.270979
0.186699
0.21456399999999998
0.336165
0.282036
0.25229
0.26904
0.092778
0.15149300000000002
0.266549
0.2602700000000001
0.278875
0.242187
0.2966190000000001
0.157993
0.11743
0.225782
0.296727
0.253617
0.246013
0.2959470000000001
0.190574
0.10491700000000001
0.088975
0.095358
0.160343
0.30244499999999996
0.251825
0.21354499999999998
0.118843
0.22773200000000002
0.235639
0.281518
0.13524899999999998
0.24332600000000001
0.239105
0.283416
0.294781
0.036785000000000005
0.23362300000000005
0.223005
0.246903
0.214891
0.237012
0.276608
0.204101
0.215099
0.235595
0.240829
0.2178667
0.1184568
0.23013860000000005
0.31428199999999995
0.08922100000000001
0.1920163
0.0682464
0.2185314
0.241319
0.255925
0.21801399999999999
0.27157400000000004
0.16522199999999998
0.24273699999999998
0.250956
0.271617
0.22848600000000002
0.2079277
0.184636
0.260419
0.19094
0.2207401
0.21750100000000006
0.240715
0.28550000000000003
0.18782000000000004
0.224845
0.242804
0.127303
0.25888100000000003
0.258168
0.158359
0.221952
0.176352
0.11576899999999996
0.198384
0.204426
0.176347
0.1397632
0.1649536
0.16084579999999998
0.2023778
0.1289978
0.052411199999999984
0.034196899999999995
0.07742530000000003
0.1260153
0.12986250000000002
0.21526279999999998
0.2063159
0.2421924
0.1012129
0.1116981
0.1275145
0.0652667
0.0137691
0.0280474
0.05191619999999999
0.1224382
0.11546789999999997
0.12971539999999998
0.1125905
0.23747520000000005
0.15217270000000002
0.1744062
0.0632441
0.1084278
0.1244866
0.10472230000000002
0.194332
0.15211070000000002
0.13590460000000001
0.21473420000000001
0.1827406
0.1457776
0.1205653
0.1035097
0.1068
0.10899589999999998
0.10340070000000004
0.07631130000000001
0.1378238
0.13224690000000006
0.14392639999999998
0.12810100000000002
0.13998770000000002
0.16213599999999995
0.12658339999999998
0.14950670000000002
0.1194734
0.21107670000000006
0.08357660000000001
0.1403465
0.16175249999999994
0.1738009
0.1840352
0.1744083
0.1232244
0.140519
0.0688816
0.1912317
0.1175489
0.1838715
0.1361531
0.12208489999999995
0.1964354
0.11665510000000001
0.13332109999999994
0.0234426
0.17101989999999995
0.17915879999999998
0.11488889999999999
0.22633240000000002
0.15574020000000002
0.2080774
0.1101538
0.12673229999999994
0.1742951
0.12927070000000002
0.1951743
0.2087214
0.15852399999999994
0.1460489
0.112189
0.1756314
0.203084
0.1950771000000001
0.1141001
0.1301391
0.1430099
0.1232971
0.16068290000000002
0.13467110000000002
0.0373941
0.1668499
0.05600500000000001
0.1518681
0.1097276
0.17737429999999998
0.26393490000000003
0.21758260000000001
0.1967067
0.1474466
0.19794470000000008
0.21648669999999995
0.1485846
0.14381349999999998
0.1298635
0.1766096
0.17660139999999994
0.33810559999999995
0.27997890000000003
0.1719386
0.17934910000000004
0.14822529999999998
0.189623
0.12725129999999998
0.2020765
0.15474220000000002
0.26841279999999995
0.16053299999999998
0.1286593
0.2003562
0.16068929999999998
0.13643829999999998
0.14435410000000004
0.0376387
0.18522460000000002
0.1348204
0.1398914
0.1353685
0.158333
0.16772389999999998
0.1552604
0.18584360000000005
0.15820739999999994
0.2190654
0.1966857
0.1645726
0.13543870000000002
0.2016794
0.1578641
0.17591759999999998
0.1878074
0.059106399999999996
0.1444508
0.2601405
0.1928994
0.1416709
0.2190496
0.177092
0.22724850000000002
0.2207556
0.24029559999999994
0.23661190000000004
0.2043219
0.2384395
0.184844
0.2383157
0.244292
0.1657207
0.2297239
0.2090586
0.2469747
0.2110409
0.2423573
0.26244229999999996
0.1927384
0.24007130000000004
0.1597102
0.22561599999999998
0.2335029
0.2283309000000001
0.268663
0.0906796
0.14740019999999998
0.05832730000000001
0.212077
0.2212398
0.18601789999999999
0.2916924
0.1827339
0.2537368
0.2570108
0.26201220000000003
0.2350147
0.22356900000000002
0.14165129999999998
0.2524912
0.1054483
0.13707819999999998
0.10638610000000001
0.14045059999999998
0.2166167
0.25108030000000003
0.2115329
0.1551746
0.15537209999999996
0.2327805
0.2721944000000001
0.10789929999999999
0.1856036
0.16067420000000002
0.17361919999999995
0.2049939
0.0104089
0.0326863
0.07752730000000002
0.14970459999999994
0.2265364
0.07504340000000001
0.0713347
0.1984969
0.21508379999999996
0.031785999999999995
0.0247273
0.1753835
0.13553600000000002
0.1716623
0.16880699999999998
0.13363709999999998
0.20208099999999998
0.134847
0.1884345
0.1796367
0.06171
0.078203
0.1878631
0.033575699999999986
0.13426359999999998
0.1768559
0.1864876000000001
0.1267585
0.03888029999999999
0.14654479999999998
0.1855466
0.16472279999999995
0.16914690000000002
0.1797295
0.11955070000000001
0.1671473
0.18003819999999998
0.21625690000000009
0.1439693
0.12396589999999999
0.21818400000000002
0.1473902
0.21048860000000005
0.1999153
0.22707449999999998
0.28122440000000004
0.2881296
0.2132056
0.2293305
0.31900470000000003
0.23583690000000002
0.3029562
0.3019813
0.1977783
0.2314217
0.1946016
0.0755238
0.2771723
0.1883676
0.3106318
0.2549852
0.1190814
0.26664809999999994
0.27646609999999994
0.2873852
0.16453310000000002
0.2500279
0.0962212
0.06807919999999999
0.07168200000000001
0.11411639999999999
0.1922571
0.1255803
0.1900723
0.1871106
0.1675369
0.13921979999999998
0.019887900000000003
0.0627255
0.1532751
0.2507356
0.1921719
0.1022424
0.1956355
0.06530939999999999
0.1814465
0.16842390000000002
0.1502788
0.1742775
0.1891758
0.17746769999999998
0.152424
0.2006118
0.1840437000000001
0.17358819999999994
0.2170212
0.22720900000000002
0.22357449999999998
0.1914126
0.20370339999999998
0.2348357
0.18031860000000002
0.1841907
0.1649274
0.1642995
0.2076289
0.11177580000000001
0.27784990000000004
0.15710410000000002
0.16911379999999998
0.17818879999999998
0.3626941
0.3610855
0.31854550000000004
0.2349721
0.17842579999999994
0.1638429
0.1914999
0.14849790000000002
0.1260383
0.1114136
0.059188600000000015
0.0164212
0.016428400000000003
0.1388623
0.09651980000000003
0.11569469999999997
0.1190423
0.1223949
0.1659592
0.1008632
0.1843256
0.1442165
0.14224379999999998
0.16964799999999994
0.1051765
0.1654257
0.1181605
0.1708184
0.1488625
0.1301616
0.1204046
0.13160160000000004
0.11315789999999999
0.13351559999999998
0.1009874
0.1483752
0.0549307
0.1862635
0.20695300000000003
0.2099387
0.1704089
0.0590754
0.12579200000000001
0.1438565
0.05545259999999999
0.22369899999999998
0.1906881
0.12195109999999999
0.1597141
0.0989265
0.11356760000000002
0.17635109999999998
0.09352769999999999
0.14639799999999994
0.0966517
0.1156375
0.1467736
0.16025279999999995
0.2241345
0.10208920000000002
0.13413679999999994
0.10017910000000001
0.09845650000000004
0.12540910000000002
0.1054301
0.16288029999999998
0.10703239999999999
0.13224349999999999
0.30967959999999994
0.29993780000000003
0.32765880000000003
0.3409341
0.36240809999999996
0.2410144
0.2298829
0.1431161
0.10297249999999998
0.1778612
0.10257910000000002
0.011269499999999998
0.1228609
0.0157974
0.1446331
0.09284730000000001
0.0147227
0.014769999999999997
0.1148601
0.15232520000000002
0.14265450000000002
0.29064719999999994
0.1044982
0.1104442
0.1456796
0.115489
0.16695710000000002
0.0290176
0.026335
0.12334180000000004
0.12952760000000002
0.012853899999999998
0.1021825
0.042030800000000014
0.11534339999999994
0.18070039999999998
0.18501529999999997
0.14148039999999998
0.17641329999999994
0.1208969
0.18615840000000008
0.2331468
0.231665
0.3565225
0.21522039999999998
0.2743793
0.225652
0.2477907
0.26711490000000004
0.2018192
0.27588709999999994
0.111529
0.2473067
0.22408579999999997
0.1788191
0.224598
0.1227351
0.034669900000000003
0.1326388
0.17156049999999998
0.204357
0.030448400000000004
0.2285393000000001
0.16930689999999998
0.1158024
0.1102525
0.2224869
0.24002230000000005
0.1648966
0.0621973
0.191108
0.1217387
0.1677504
0.13056389999999998
0.2291857
0.119277
0.168737
0.02766854
0.13081978
0.17113072999999998
0.12784582
0.03942468
0.04161373
0.13075478
0.17808764000000002
0.17462073
0.23073359
0.16044867999999998
0.06526968
0.09021868
0.16211373
0.21240464
0.17745464000000002
0.07023854
0.18224564
0.14239073
0.03984573
0.14761573
0.04325464
0.13865378
0.03728573
0.15415373000000002
0.13899878
0.17989168
0.13759873000000006
0.09700487
0.0454055
0.08419367999999999
0.22599268
0.06161172999999999
0.19992079
0.13535081999999998
0.15270473
0.17549263999999998
0.10775168
0.22572168
0.17845273
0.22926664
0.05548978
0.17026528000000002
0.23901413
0.25048823000000003
0.26051929
0.07127893
0.21773078
0.21154354
0.22354373
0.26310968
0.17565372999999998
0.29717754
0.26272364
0.24704768
0.19301968
0.16942468000000002
0.057421590000000015
0.14581977999999998
0.05924673
0.10633581999999996
0.03387487
0.054828870000000016
0.20508868
0.22970764
0.07336845
0.2743262
0.29166945
0.04569914
0.034429790000000016
0.13188073000000006
0.18329138
0.22739259
0.19459548
0.22419778999999995
0.23754268
0.27093964000000004
0.25161964
0.15207099999999998
0.220307
0.272735
0.313454
0.158123
0.16282000000000002
0.210851
0.03174
0.0332703
0.13248299999999996
0.17940050000000002
0.15779279999999998
0.13253810000000002
0.032873400000000004
0.17227610000000002
0.201556
0.07667099999999999
0.08064099999999999
0.087634
0.07967199999999999
0.029766
0.14374499999999996
0.23223000000000002
0.194666
0.15431
0.041094
0.155566
0.21898600000000001
0.17872100000000002
0.194031
0.17808800000000002
0.148294
0.168256
0.13196299999999994
0.14913200000000004
0.18331
0.21577
0.285885
0.2087350000000001
0.201099
0.17323900000000006
0.15988899999999998
0.225931
0.194185
0.239294
0.21699000000000002
0.214
0.198659
0.206066
0.21310500000000002
0.13528199999999999
0.182116
0.11796430000000001
0.16255799999999998
0.15575
0.144986
0.16534
0.112515
0.020534999999999998
0.112115
0.123165
0.13869800000000002
0.093336
0.019241
0.112674
0.131795
0.13616630000000002
0.013956
0.14923740000000002
0.1027963
0.1441546
0.1216382
0.31269840000000004
0.3537795
0.3361758
0.177006
0.2215236
0.1865358
0.2312217
0.156289
0.17787950000000002
0.1816673
0.2076828
0.21906967
0.26359346
0.23294177000000005
0.24258442
0.30526113
0.16718950000000002
0.20296551
0.21926282
0.1671105
0.20897763
0.19778342
0.14367919999999998
0.0606965
0.2425305
0.0354732
0.13787890000000005
0.14020770000000002
0.23195929999999998
0.203477
0.08216380000000001
0.19542779999999998
0.2043329
0.160393
0.192613
0.208411
0.162163
0.18476100000000004
0.07281
0.199715
0.16135600000000005
0.34739000000000003
0.25283100000000003
0.17986939999999998
0.2089503
0.28256220000000004
0.2997089000000001
0.1212131
0.1673681
0.1803419
0.15392029999999998
0.22581239999999997
0.2032561
0.17555620000000002
0.1989238
0.11349560000000002
0.16856
0.14449840000000005
0.014494
0.1264615
0.1277526
0.017318300000000002
0.0324904
0.0130165
0.025604500000000002
0.0153065
0.1300332
0.11550040000000004
0.1389145
0.1711883
0.210035
0.20067839999999998
0.182837
0.2148489
0.1940362
0.08874289999999999
0.19104040000000005
0.1509481
0.17541030000000002
0.1547439
0.249007
0.209322
0.2117407
0.1749864
0.17930510000000002
0.18628390000000009
0.1419763
0.2219699
0.28840390000000005
0.271758
0.3076762
0.2164431
0.292139
0.2837614
0.26956110000000005
0.2698515
0.2678631
0.132935
0.13706699999999994
0.29183799999999993
0.163604
0.15295000000000006
0.264108
0.237631
0.255579
0.233417
0.146473
0.275685
0.24713800000000002
0.14635499999999999
0.225098
0.208684
0.211588
0.186015
0.06760000000000001
0.17588099999999998
0.18316960000000004
0.1866563
0.06117
0.06361939999999999
0.0554899
0.056706300000000015
0.16806559999999998
0.0528707
0.187008
0.18773299999999998
0.194011
0.031311
0.034401
0.05562299999999999
0.33433
0.271156
0.205931
0.257115
0.207634
0.20514
0.243838
0.17911
0.254564
0.23969899999999997
0.29577799999999993
0.21575300000000003
0.279941
0.262443
0.232237
0.27895000000000003
0.271594
0.282385
0.05387599999999999
0.194446
0.21064500000000005
0.052608
0.212015
0.090948
0.182426
0.151351
0.16958099999999998
0.177654
0.139429
0.058717
0.166494
0.197017
0.36590500000000004
0.208479
0.15173599999999998
0.148175
0.143497
0.12313299999999999
0.152141
0.040787000000000004
0.23354100000000005
0.229726
0.2003625
0.18850999999999998
0.201206
0.08703700000000003
0.065627
0.235369
0.21693000000000004
0.20507400000000006
0.20134900000000008
0.263866
0.25924200000000003
0.28998100000000004
0.26352499999999995
0.124815
0.278324
0.26354900000000003
0.163636
0.28232700000000005
0.290986
0.224196
0.124987
0.100398
0.112991
0.109882
0.205182
0.20987600000000006
0.18051
0.202258
0.07319800000000001
0.178369
0.22830599999999998
0.24033400000000005
0.2444260000000001
0.27350100000000005
0.12598
0.271328
0.246794
0.24470800000000004
0.267339
0.2364300000000001
0.272965
0.13564836
0.26217892000000004
0.13094815
0.13516724
0.260573
0.13688405
0.13695609999999994
0.24315615
0.23886819
0.13221323999999998
0.23549227
0.25296724
0.2178805
0.21929915
0.25145401
0.25340382
0.239308
0.23116753999999995
0.25848559
0.230107
0.23155927
0.23097522
0.13293541
0.22154387
0.21071700000000002
0.247606
0.22211399999999998
0.218766
0.236435
0.23968499999999998
0.245864
0.21774000000000002
0.125485
0.134451
0.107904
0.11131400000000001
0.113772
0.150103
0.112563
0.10496099999999998
0.15491299999999994
0.217613
0.15552699999999994
0.20056
0.185816
0.19894100000000006
0.17940099999999998
0.299611
0.186067
0.186729
0.172595
0.182652
0.213607
0.161103
0.190736
0.116621
0.12478099999999999
0.226785
0.149524
0.147561
0.2878850000000001
0.29633800000000005
0.31149499999999997
0.346616
0.185006
0.18734
0.198453
0.20214400000000002
0.096492
0.129722
0.171223
0.109443
0.29432600000000003
0.28343
0.27249
0.347928
0.260538
0.0222803
0.17845650000000002
0.12570499999999998
0.109574
0.13871699999999998
0.11910899999999999
0.139094
0.102278
0.190849
0.189051
0.19185
0.088162
0.163501
0.190895
0.16003299999999998
0.170175
0.165292
0.241958
0.272825
0.139955
0.265786
0.251506
0.250243
0.25285
0.249106
0.27809399999999995
0.256713
0.259297
0.276043
0.248058
0.276871
0.263834
0.275123
0.257481
0.25419400000000003
0.26733
0.251247
0.27545200000000003
0.27251800000000004
0.170046
0.274276
0.226438
0.16486800000000001
0.23362300000000005
0.22951700000000005
0.251438
0.165701
0.26544
0.25022300000000003
0.198767
0.19773900000000005
0.126609
0.105459
0.088407
0.11906800000000001
0.167827
0.169653
0.16197899999999998
0.06917279999999999
0.139466
0.195364
0.167824
0.183608
0.15628399999999998
0.16846
0.17222
0.166504
0.191183
0.18371800000000002
0.17441600000000002
0.178018
0.163044
0.2081869
0.2471986
0.24802610000000005
0.23003130000000002
0.1969622000000001
0.2218567
0.20528140000000009
0.21322489999999997
0.2289178
0.2063768
0.2215869
0.2069348
0.34762859999999995
0.38078959999999995
0.2314339
0.2897409
0.3553869
0.3691859000000001
0.28832230000000003
0.2943146
0.22979229999999998
0.2111254
0.22097489999999997
0.1970142
0.2284548
0.2229464
0.2153132
0.2300268000000001
0.2138899
0.2304032
0.21028840000000001
0.22820370000000004
0.2167672
0.2202249
0.2306667
0.2568701
0.2271621
0.12486120000000002
0.2224378
0.2336551
0.2294262
0.2459507
0.2184051
0.23530660000000006
0.2172566
0.12074410000000001
0.228199
0.2044061
0.2331467
0.2196776
0.2155948000000001
0.1795605
0.1706781
0.2758232
0.18972390000000008
0.1943453
0.2268437
0.16277660000000002
0.07378680000000001
0.1871963
0.2099939
0.183802
0.209249
0.181628
0.25120200000000004
0.231865
0.212315
0.237462
0.2282
0.22424
0.23221
0.21175700000000003
0.237269
0.232258
0.227995
0.234587
0.216218
0.24339
0.231647
0.26058899999999996
0.24402
0.246221
0.25558200000000003
0.143362
0.235688
0.2374574
0.2076387
0.133272
0.2328558
0.2062348
0.18045450000000002
0.2279147
0.25538000000000005
0.1994659
0.10729839999999999
0.1053523
0.2277029
0.06736510000000001
0.1783005
0.2239758
0.21307470000000006
0.21321350000000008
0.10620530000000003
0.229153
0.2238842
0.2073103
0.2162384
0.1955812
0.16672560000000006
0.17361559999999998
0.15539109999999998
0.19565150000000006
0.22264940000000005
0.2449902
0.2597957
0.2460928
0.2629105
0.2438226
0.2592491
0.2686401
0.1271338
0.0786542
0.1839037
0.208721
0.07657829999999999
0.07889760000000001
0.0857353
0.08240199999999999
0.2043304
0.0291858
0.200414
0.21218160000000005
0.0328006
0.1581911
0.0272656
0.16127510000000006
0.135548
0.046677
0.175524
0.08138600000000001
0.06798799999999999
0.1992429
0.213892
0.07853550000000001
0.18700129999999998
0.2041251
0.0786228
0.0785124
0.1914115
0.2123899
0.21038270000000003
0.16250379999999998
0.1895095
0.161778
0.1947383
0.06801449999999999
0.1483895
0.15252839999999998
0.11607449999999998
0.14603529999999998
0.14871120000000002
0.14229060000000002
0.2010102
0.06356629999999999
0.18456670000000006
0.13872640000000006
0.16257220000000006
0.17067839999999998
0.1888288
0.16128499999999998
0.11916469999999996
0.016849700000000002
0.016103100000000002
0.12788519999999998
0.12888080000000002
0.1109435
0.1284116
0.10964080000000001
0.1352251
0.16591109999999998
0.1542157
0.1520799
0.1286339
0.021833
0.1129513
0.1234768
0.135243
0.087271
0.12422442
0.10671742
0.17420938
0.12984338
0.11424742
0.12844999999999998
0.19171838
0.19744945
0.15473273
0.14073473
0.09906282
0.0995785
0.10661056
0.11501055
0.11048555
0.1567085
0.1601995
0.13790865
0.1392707
0.1780016
0.13725474
0.13616774
0.1583236
0.14165365
0.14012374
0.14771459999999995
0.12820374
0.1463507
0.09908274
0.1124386
0.09090978
0.1314826
0.10373765
0.1139405
0.1381355
0.08935465
0.02587942
0.01939955
0.1233516
0.1213667
0.11124774
0.12487169
0.09684083000000004
0.1327316
0.09635483
0.09931569999999999
0.11544069999999998
0.09112788
0.11416578
0.09049274
0.08920692
0.02141265
0.08948074
0.06645382999999999
0.11186660000000001
0.09764565
0.11444255
0.1090356
0.1150356
0.16031436999999996
0.1272617
0.0997886
0.12951751
0.12308555
0.12631055
0.1085957
0.12649960000000002
0.08359965
0.10630265
0.12661041
0.11244755
0.10705346
0.09653246
0.11770941
0.1172125
0.13710241
0.14548850000000002
0.11139155
0.14050442
0.1065955
0.12992051000000002
0.15100228
0.13654040999999995
0.12594241
0.09200555
0.11794646
0.11942056
0.11930932
0.14914036
0.01334355
0.02310155
0.02850451
0.10399351
0.12664551
0.13584456
0.14140946
0.10860374
0.11212551
0.12015655
0.11444469999999995
0.10402874
0.007384650000000001
0.03973255
0.11024955
0.1160665
0.00905037
0.12016746
0.10377751
0.15038527000000002
0.20468127
0.10241332
0.17555027
0.12588546
0.08775446
0.01589446
0.08815869999999999
0.0163285
0.1038846
0.01522356
0.11447955
0.015839599999999995
0.10924355
0.01712356
0.11584441
0.1312625
0.09322165
0.11180251
0.09114760000000001
0.10355755
0.11924155
0.09981065
0.11190755
0.1083876
0.10492251
0.1671465
0.16147851000000002
0.15414737
0.1148886
0.11684259999999998
0.12159037
0.11119854999999998
0.10665756
0.11927037
0.13005113
0.11800151
0.10526221000000002
0.12002131
0.10809346
0.10829821
0.11600626
0.10573156
0.10741311000000002
0.1092865
0.12167611
0.13013581
0.11916046
0.13061541000000002
0.09898115999999996
0.10388502000000002
0.12607871
0.0936154
0.017239200000000003
0.10876421
0.1051655
0.016964609999999998
0.10529661
0.01073101
0.10126055
0.10647385
0.12276551000000002
0.11453641
0.13054906000000002
0.11495041000000004
0.09783094
0.1017238
0.10632170000000002
0.10846730999999996
0.01226346
0.12036951
0.016547460000000003
0.10490631
0.1097244
0.0173704
0.13421142
0.12498336
0.11859891
0.14039478
0.10277557
0.13355303000000002
0.10798616
0.11780601000000004
0.13178832
0.10576356
0.11844356
0.12326212
0.11436411
0.11719827
0.13644922
0.16635554
0.10873311
0.13907997
0.10995642
0.12954112
0.15721958
0.02009321
0.12041727
0.13101197
0.13656722
0.1070462
0.1139845
0.01637207
0.12692392
0.12927502
0.01611007
0.11653307
0.13011603
0.10958027
0.11374026
0.11248421
0.13221202
0.09805665
0.1029796
0.11505451
0.10104675000000002
0.11300602
0.11154417
0.11139132
0.014103470000000003
0.11390941
0.11841907
0.13941553999999998
0.13203082
0.12359326
0.11056236
0.13971891000000006
0.09629841
0.12797116
0.13252427
0.11443102
0.14008742000000002
0.09777686
0.11933112
0.11521861999999998
0.13318418
0.11558957000000004
0.09622232
0.14353648
0.0999052
0.13923967
0.1136093
0.12464797
0.1059535
0.09711761
0.11127736
0.11007542
0.11888226
0.016297299999999997
0.09049580000000003
0.10666836000000003
0.09855526
0.11235647
0.11053447
0.10061116
0.10181061000000002
0.08886489999999997
0.11253346
0.10409550000000002
0.01244916
0.011735419999999998
0.10366846000000003
0.12733007000000002
0.09440445
0.11041607
0.10069161
0.09685427
0.11207016
0.06404809
0.13424442
0.15269267
0.1070495
0.09229471
0.09856555000000004
0.11420531
0.09833745
0.11835117
0.11287607
0.10000917
0.11719707
0.09230046
0.10659475000000004
0.0993764
0.10350984
0.30681528
0.31206109000000004
0.1918665
0.10282026
0.11656372
0.0943435
0.09503565
0.1069302
0.09754725
0.10289746
0.10720556
0.09784075000000003
0.09592222
0.08839844999999999
0.10445736
0.23727477
0.23648377
0.1648233
0.0808034
0.06717604
0.06942858999999997
0.09654055
0.06255
0.14257346
0.20827335
0.22589996
0.07790786999999999
0.10114585
0.10138650000000002
0.07135098000000002
0.13428887
0.06764104000000001
0.009820700000000002
0.008966710000000001
0.09826255
0.09670455
0.08321555
0.011143800000000002
0.07620371
0.1029582
0.08371285
0.0922341
0.1123816
0.07925504
0.08856555
0.08273804
0.09794275
0.09831566
0.08691475000000001
0.11269822000000004
0.09943092
0.11870202
0.09197761
0.09920151
0.10156251
0.08049889
0.08996966
0.08857665
0.09396966
0.09503660000000001
0.08333489999999999
0.10180037
0.09213841
0.08627161000000001
0.09910636
0.10278741
0.26851224
0.23128357
0.09294621
0.09643341
0.08605885
0.10953541
0.01030889
0.10326387
0.14836602000000002
0.13638491
0.10050361000000002
0.08131465
0.10430551
0.07923404
0.10620316
0.01184636
0.01057556
0.10778152
0.01634961
0.11517922
0.09470331
0.10192685
0.10563440000000003
0.10802626
0.10682851
0.0895286
0.12028197
0.10751812
0.11828718
0.11212922
0.08736606
0.11470302
0.10551598
0.10939917
0.10703532
0.10531010999999996
0.10442251
0.10081875
0.10574046
0.10183051
0.09827236
0.09816672
0.07698424
0.10867347
0.09019169999999999
0.0932145
0.09203536
0.09751481
0.10240475
0.08830044999999999
0.10203026
0.10180026
0.10170239999999997
0.09653980000000001
0.09855541
0.0995327
0.0960007
0.0972318
0.10280755
0.09443462
0.10822947
0.09242845
0.10555806
0.10272139999999999
0.10373531
0.11475016
0.09381855
0.11163536999999996
0.11573637
0.10900332
0.13488828
0.12732236
0.11165841
0.09059155
0.11313446
0.11338746
0.10912032000000002
0.11320740999999998
0.0931836
0.10847851
0.00887656
0.0991636
0.11108041
0.09357055
0.12436337
0.11333355
0.11655442
0.14737536
0.12672036
0.12049142
0.11446446
0.03432441
0.13229941
0.11894151
0.12405141
0.13041142
0.14459841
0.11419755
0.14323337
0.14508546
0.12966846
0.13353341000000002
0.10168950999999997
0.14679328
0.13612928
0.13523441
0.13439041000000002
0.12220151
0.13846846
0.11698364
0.12659356
0.13138941
0.12294846
0.16178932
0.12593546
0.14272546
0.11438851
0.12052755
0.16415536
0.16137241000000002
0.17030137
0.15784951
0.17942423000000002
0.19337823
0.17858423
0.20102127
0.16470537000000002
0.18367728
0.19275723
0.18101632
0.19528618
0.18235009
0.07849618
0.32637432
0.37980342
0.38852346
0.38665437
0.27318032
0.30139242
0.23590132
0.22440032
0.06907326999999999
0.18087018
0.15638442000000002
0.18237223
0.07531718000000001
0.07760318
0.20185804
0.17880518
0.13970127000000002
0.11490242
0.13793527
0.14427622
0.12810132
0.14407422000000006
0.15302427000000002
0.18110314
0.15756913
0.17644918
0.15542523
0.15175832
0.16964213
0.13768926999999995
0.15714632
0.16791522
0.14746827
0.15929922000000002
0.11195037
0.14013432
0.11257337
0.11587527
0.14615923000000006
0.11314437
0.13842026999999998
0.12160941
0.13049137
0.12362627
0.12726827
0.13078632
0.11800846
0.14229032
0.12900142
0.17409536999999994
0.17832142
0.16603146000000002
0.16518655999999998
0.1521086
0.16807642
0.16700246
0.16010246
0.07244041
0.07538841
0.17235541
0.16212555
0.07044146000000001
0.18014942
0.16489950000000006
0.17636449999999998
0.15364560000000002
0.16435955
0.16848742
0.1684745
0.18281846
0.1379497
0.16924955
0.13863865
0.16289649999999994
0.0662505
0.15779255
0.1743925
0.14440065000000002
0.15804855
0.17226642
0.16445642
0.11120492
0.11900802
0.12187617
0.10113606
0.12908577000000002
0.12870132
0.1064415
0.10436860000000002
0.10440446
0.12126737
0.13439232
0.13296937000000006
0.12320337
0.10816046
0.12734332
0.12815537
0.11043646
0.12457427
0.12136022
0.13732037
0.22543251
0.37860232
0.36947732
0.3856303700000001
0.23959237
0.23170546
0.23659342
0.19877865
0.15270055000000002
0.1563216
0.16531146
0.18123342
0.18438646
0.16222045999999998
0.16184255
0.15666259999999999
0.16737951
0.1490167
0.1652926
0.19954027
0.06482578
0.18212832
0.14889055
0.1485866
0.1446136
0.13168264999999998
0.17336237
0.13208065
0.1388507
0.14817665
0.13742355
0.1553275
0.14815755
0.06401946
0.06622432
0.15324046000000002
0.18512155
0.0651086
0.06179555
0.14462074
0.12677232
0.15960737
0.14231142
0.17639527
0.15075827
0.16364513
0.15673631999999998
0.15492237
0.15187337
0.1498105
0.16205842
0.14888842000000002
0.15366946
0.15273136999999998
0.14350246
0.16367932000000002
0.14963237
0.16157723
0.16367231999999998
0.18220718
0.16816822
0.15138741
0.18337523
0.14779736999999998
0.16392341
0.13675737
0.11146446
0.19340222
0.16667826999999996
0.20232422
0.16901022999999998
0.16641727
0.12383423
0.09717051
0.13124237
0.1043066
0.12410432
0.18256122
0.17324232
0.13449332
0.11336927
0.13119313
0.17648309
0.12567118
0.13025123
0.16631218
0.13031436999999998
0.15744594
0.28211318
0.24553509
0.14312618
0.17834309
0.16372014
0.17836600000000002
0.15626118
0.11854537
0.15807137
0.10354365
0.05545192
0.4288793
0.02087312
0.47847431
0.47727421
0.02147811
0.47845221
0.48413193
0.48496907
0.48502312
0.48476802
0.48356798
0.48359207
0.48110712
0.47280607
0.45133112
0.38207249
0.40155744
0.34549667
0.38135844
0.35823754
0.36353148
0.34306367
0.31026481
0.36955835
0.30770468
0.35139449
0.29889367
0.32449858
0.38503735
0.30482467
0.36531944
0.30695054
0.27895367
0.31515562
0.29499972
0.35378939
0.32852053
0.35265549
0.37291349
0.37977944
0.37440739
0.32329358
0.41034435
0.33224858
0.34038154
0.34613127
0.30032131
0.43907622
0.34721127
0.34235027
0.39650822
0.32403731
0.4146561700000001
0.32794627
0.34639122
0.33889922
0.35245717
0.38660222
0.37589822
0.46604522
0.42921013
0.40150217
0.42615517
0.34700827
0.02072
0.33306131
0.31149231
0.33180727
0.32819722
0.34255727
0.40739222
0.45988231
0.48478517
0.47458522
0.46759722
0.48025127
0.47823322
0.44669036
0.45939541
0.45265141
0.45784941
0.4732694100000001
0.46232736
0.47835736
0.48136236
0.48214331
0.43971545
0.3946245
0.44958631
0.48166027
0.48428831
0.47679227
0.4825162699999999
0.45297627
0.45260727
0.44344027
0.3787151700000001
0.39754922
0.38974817
0.38327922
0.37408327
0.35752831
0.38790022
0.34677530999999995
0.38275922
0.37419631
0.44040522
0.43018622
0.40172727
0.3487002699999999
0.33830831
0.47788922
0.40231122
0.4228241700000001
0.41016117
0.34467922
0.4049681700000001
0.41550822
0.42036917
0.40056222
0.37877422
0.40464617
0.3944572200000001
0.42176517
0.25427741000000004
0.2256825
0.46195822
0.48358536
0.48223827
0.47560331
0.4595342200000001
0.43408922
0.40588297
0.32232514
0.26269774999999995
0.25496919
0.41849731
0.41925207
0.48033884
0.38908116
0.35523635
0.36399125
0.34034949000000003
0.31773458
0.31558358000000003
0.31394568
0.28271091
0.20088951
0.27216004000000005
0.16574240999999998
0.18571027
0.21545956
0.19443137
0.32690546
0.34887646000000005
0.35366321
0.32907646
0.37510041
0.22016146
0.20902441
0.37713741
0.22125846
0.19543242
0.15767764
0.14499265
0.2169988300000001
0.2200534
0.09079151
0.08672655000000001
0.23334269
0.14463068999999998
0.11229564
0.03150419
0.22100883
0.20026079
0.16281418
0.08818954999999999
0.15082564
0.08529564
0.22483555
0.10846669
0.06093925999999999
0.12961765
0.1495236
0.13290164000000004
0.01202069
0.16542459999999998
0.1420385
0.18268582000000005
0.15726139999999994
0.19085597
0.16423007
0.15150421
0.2685009500000001
0.1992514
0.30264945
0.18267020000000006
0.18200009
0.25943889000000003
0.16792207
0.2313741500000001
0.17705739000000004
0.20374141000000004
0.26619641000000005
0.22440849
0.24802396
0.26249414000000004
0.18162766
0.18371285
0.213256
0.17544532
0.21218964
0.17863735
0.18664269
0.22863724
0.1964179
0.20716160000000008
0.235644
0.23190395000000005
0.21999076
0.13511711999999998
0.22967739999999998
0.2595969
0.2351858
0.20467535
0.29370072
0.20967949
0.32337232
0.2131994
0.20674081000000005
0.21704782
0.31905396
0.19526087
0.0352601
0.03185696
0.14147315
0.01931401
0.21165982
0.06590601
0.20253187
0.010437009999999998
0.09709387
0.09541492
0.09024615
0.20168596000000005
0.13198715
0.14992501
0.1156731
0.10627024
0.16954010000000005
0.11476300999999994
0.054026870000000005
0.15100415
0.17294310000000002
0.20166296
0.17217501
0.24187782
0.18527392
0.23594978000000005
0.2387327800000001
0.21167587
0.23617682
0.13908901
0.25321078
0.09162278
0.21346082000000005
0.22427982
0.16285001000000002
0.23385073
0.18794796
0.1243521
0.04598273
0.18910587
0.24524278
0.05521401000000002
0.03434796
0.14553796
0.1501211
0.16770905000000005
0.11975819
0.16851605000000006
0.13201414999999994
0.02071101
0.19676592
0.16171096
0.21095778
0.15649201
0.05363878
0.16535401000000002
0.18343696
0.04837982
0.16020705000000002
0.22614192
0.13228601
0.15815218999999994
0.13926323999999998
0.01254024
0.17405619
0.11917629
0.19890005
0.15118919
0.15809815000000002
0.18459815
0.15674819
0.16280114999999998
0.12237029
0.15934624
0.17130105
0.14055115
0.14393009999999998
0.18565205
0.07128096
0.18011505
0.17422515
0.05794001
0.13529319
0.07808764
0.18644419
0.21136805000000009
0.07837819
0.19532524
0.2164791
0.17543718999999994
0.17184005
0.060110100000000014
0.19067205000000004
0.2380750100000001
0.15662205
0.20983601
0.13733315
0.18307305
0.0509931
0.17794709999999994
0.1858521
0.21317705000000006
0.23726391
0.21197495
0.20167801000000005
0.2395270200000001
0.16816971
0.19248942
0.26709007999999995
0.29747878
0.17564178
0.28666378
0.27219378
0.13597092
0.20435287
0.18969582
0.23443582
0.23974187
0.17154192
0.27728478
0.2009611
0.23109296
0.21257901
0.08538604999999999
0.07256101000000001
0.04708424
0.06116215
0.05836319
0.06648910000000001
0.07758596000000001
0.1899231
0.21454610000000002
0.23476696
0.24372196
0.25126592
0.23482701
0.22389210000000004
0.15045018999999998
0.16692010000000002
0.15421623999999998
0.22442015
0.19767719
0.19141505
0.18188615
0.01018019
0.19653615
0.18658019
0.17672219000000006
0.0465781
0.21096305
0.27585896
0.08332045
0.11625796
0.2588960100000001
0.1804261
0.25990587
0.24543496
0.23133805
0.0993171
0.25964701
0.21164915
0.14656724
0.015963190000000002
0.16174129
0.17804184999999995
0.17601235
0.16459805000000002
0.20706855
0.12355484000000005
0.17147595
0.24574195
0.16323825
0.19411185000000009
0.05364729000000002
0.27203135
0.27618087
0.22861987
0.03760109999999999
0.03138801
0.08801687
0.24952992
0.21309505
0.16707909999999998
0.03013615
0.02729915
0.14601819
0.18538719
0.15321300000000002
0.029051999999999998
0.197291
0.17825600000000005
0.131325
0.192791
0.172823
0.0287
0.184136
0.183482
0.157184
0.17467600000000005
0.137345
0.021455000000000002
0.15907599999999994
0.15004499999999998
0.130024
0.11138499999999998
0.104225
0.11578599999999999
0.46807508
0.4698169
0.4709741
0.47602805
0.10723510000000001
0.11693019
0.1864121
0.36431973
0.37509682
0.19212182
0.30618505
0.36962478
0.31872919
0.34390301
0.32028519
0.34884000000000004
0.337477
0.32028762
0.46900743
0.47101873
0.46468782
0.4650419600000001
0.31912682
0.48360805
0.48352805
0.47903692
0.29817496
0.26052996
0.19841541
0.13743675
0.21630701
0.13242924
0.09183242
0.06601838
0.04997933
0.02676647
0.06526629
0.14491115
0.24643546
0.016145979999999997
0.26632094
0.21914199
0.22299301000000005
0.21708605
0.25374292
0.24116401
0.27261492
0.13550187
0.23628096
0.28844582
0.02359619
0.16364324
0.02391829
0.14565018999999998
0.1696651
0.1222401
0.13935324000000002
0.13530319
0.14414124
0.15392329
0.14033629
0.14758224
0.12731014999999998
0.14839323999999998
0.14518301
0.20966301
0.03871125
0.1219274
0.14564555
0.13135889
0.14255195
0.14732755
0.13429925
0.21252792000000004
0.15091245
0.17876931000000004
0.17096440999999998
0.17991346000000005
0.19804746
0.07609081000000001
0.17660371
0.18650881
0.17442801000000002
0.15375924000000002
0.14936118999999998
0.01966424
0.02094233
0.016332239999999998
0.13217615
0.20580601
0.22256392
0.20663096000000009
0.08851996
0.12780519
0.17939105
0.02154219
0.14536810000000006
0.17506614999999998
0.14614615
0.14642014999999994
0.27035392
0.1575871
0.15110015000000002
0.14821309000000002
0.16505414999999998
0.1339111
0.16301801000000002
0.15321915000000005
0.14764405
0.30111382
0.31631487
0.16437110000000002
0.02851219
0.015821150000000003
0.16074119
0.024348100000000004
0.14556809999999995
0.14654224
0.02458715
0.01587719
0.13011315
0.1864141
0.12714729
0.16011018999999996
0.14285409999999998
0.14636519
0.17530219
0.15476419
0.0227951
0.13442229
0.01817624
0.02311819
0.13534124
0.02017315
0.02613719
0.15451419
0.01884024
0.02287719
0.02437819
0.13760319
0.04809705
0.20295796
0.16179014999999994
0.17142119
0.14586423999999998
0.18083410000000005
0.16435914999999998
0.02247115
0.15815118999999994
0.14063729
0.19911615
0.18477515000000005
0.17528115000000002
0.20059305
0.18424724
0.18431319
0.16607724
0.16521924
0.10131138
0.21815819
0.18943415
0.15796023999999995
0.16376814999999995
0.17556015
0.17919215
0.04016119
0.20017905000000005
0.02780124
0.12862728999999998
0.17291324
0.01695229
0.15500724000000002
0.16355719000000002
0.15410124
0.1832911
0.13571919000000002
0.15529119
0.02500324
0.03094319
0.13573124
0.11867424
0.15410019
0.14172224
0.08089033
0.0343671
0.1962451
0.21332285
0.23340105
0.1587162
0.20022395
0.16258264999999994
0.04191375000000001
0.15759169999999995
0.19502745
0.16517894
0.04621415
0.13779524000000004
0.21459095
0.21217311000000005
0.030743199999999995
0.0306284
0.04265559000000002
0.211299
0.14058499
0.0388983
0.03670685
0.15403388999999998
0.21905915
0.15292445
0.21344985
0.17006444999999998
0.03595955
0.0356327
0.14472715
0.24477325
0.14173943999999994
0.1798379
0.15087884999999998
0.01102069
0.23220685
0.04045239999999999
0.20894189999999999
0.18174385
0.1826779
0.19312320000000002
0.03801315
0.20262035
0.04757995
0.19686441
0.1872586
0.01541225
0.18881395
0.01303019
0.2252681
0.16705009999999998
0.26136392
0.23225201000000004
0.15835415
0.18791205
0.13912423999999998
0.1928941
0.15977819
0.2062371
0.15521923999999998
0.11917928999999998
0.03062024
0.25363119
0.16797318999999994
0.17793687
0.13589919
0.22058019
0.12107132999999998
0.030377189999999995
0.14798214999999998
0.12719124
0.23008715
0.19193701
0.06040101000000001
0.15401915
0.1734391
0.16660919
0.12501324
0.21020341
0.13629704
0.07538542
0.19231107
0.10048715
0.0280771
0.23255805
0.02782305
0.17183615000000002
0.17027305000000004
0.04461001
0.16261304999999998
0.03286596
0.12654629
0.02239124
0.15250829
0.11661229
0.20175615
0.12330438
0.18720124
0.14731724
0.13497629
0.13112729
0.02053329
0.16345519
0.12774533
0.14953123999999998
0.15150624
0.12598128999999994
0.20241619
0.12569833
0.02290238
0.02401324
0.09079338
0.21866305
0.13778123999999994
0.1779201
0.10468419
0.18100587
0.04625101
0.15948700999999998
0.04611987000000002
0.14405810000000002
0.049763635999999986
0.21413492
0.20590401000000005
0.22290982
0.16243605000000005
0.31247968
0.16878492
0.3255151
0.34391501
0.34415905
0.18718801000000004
0.1184796
0.160428422
0.17171501
0.15825014999999998
0.1694521
0.15282010000000001
0.18856596
0.1514511
0.30165792
0.35798478
0.21999596
0.23139400000000002
0.17414000000000002
0.06861300000000001
0.071462
0.08968200000000001
0.07894169999999999
0.06834459999999999
0.2362355
0.306388
0.322229
0.31397200000000003
0.17968599999999998
0.24521300000000001
0.185819
0.193268
0.06509300000000001
0.17109100000000002
0.190754
0.17515799999999998
0.217075
0.163248
0.17969609999999994
0.20297
0.167523
0.212851
0.205427
0.243211
0.17548799999999998
0.18150139999999998
0.1820594
0.07289
0.25045500000000004
0.185225
0.2085400000000001
0.086349
0.16313919999999998
0.06365180000000001
0.06443009999999999
0.189501
0.199795
0.06196
0.208788
0.11685899999999999
0.11063900000000003
0.11814300000000001
0.282447
0.31128
0.254701
0.3175600000000001
0.219629
0.256847
0.229366
0.23131
0.252966
0.218134
0.273781
0.181526
0.24694000000000002
0.232684
0.217026
0.250552
0.115417
0.250809
0.114646
0.117339
0.252829
0.216484
0.111561
0.210674
0.113098
0.11771600000000002
0.206208
0.11405500000000005
0.192687
0.239217
0.220468
0.232205
0.244797
0.231092
0.290979
0.239642
0.259423
0.263104
0.22211199999999998
0.26274000000000003
0.119181
0.249446
0.25186699999999995
0.243616
0.2580560000000001
0.230517
0.28541900000000003
0.247245
0.244709
0.218552
0.267992
0.25867399999999996
0.262387
0.231588
0.283204
0.3217399999999999
0.179529
0.30961000000000005
0.054765
0.202418
0.191219
0.060134
0.245804
0.083754
0.214678
0.293035
0.26548900000000003
0.24886599999999998
0.40524879999999996
0.429359
0.4081117
0.41322570000000003
0.199462
0.4021460000000001
0.399755
0.408829
0.268166
0.345898
0.380007
0.394631
0.358173
0.387191
0.371407
0.24032470000000006
0.3752813
0.388484
0.406974
0.3838507
0.2779045
0.420579
0.3034698
0.2249406
0.4053712
0.3967378
0.2552768
0.2505069
0.2585725
0.389966
0.245973
0.3814960000000001
0.35887600000000003
0.36495659999999996
0.26553699999999997
0.4150100000000001
0.41402
0.4022170000000001
0.3693089000000001
0.385267
0.3885531
0.3792576
0.3867932
0.37171529999999997
0.39576500000000003
0.392057
0.393424
0.3952250000000001
0.386389
0.428316
0.406407
0.381464
0.3943116
0.3910765000000001
0.40905
0.2667
0.41922200000000004
0.277148
0.41949
0.421164
0.3876138
0.395108
0.14672100000000002
0.16575389999999998
0.0292132
0.0392
0.19122960000000008
0.210947
0.1755328
0.203682
0.168309
0.201811
0.191284
0.2044312
0.040345000000000006
0.201587
0.23169499999999998
0.035185
0.036466000000000005
0.0395088
0.186459
0.17816
0.166292
0.120206
0.127679
0.192192
0.15850999999999998
0.193897
0.193085
0.163635
0.2071185
0.29086100000000004
0.053924
0.4601310000000001
0.3823740000000001
0.033058000000000004
0.353517
0.385386
0.21466790000000002
0.15919960000000002
0.1833506
0.15912049999999994
0.16744000000000006
0.1418586
0.13943090000000002
0.1812648000000001
0.13946959999999994
0.1802094
0.13060739999999998
0.15551500000000001
0.1683586
0.13991420000000002
0.16113019999999995
0.15639579999999995
0.212987
0.14601779999999998
0.13724399999999998
0.022603599999999998
0.11295420000000002
0.18681760000000008
0.199871
0.191168
0.15114129999999998
0.19176600000000002
0.167384
0.02639
0.18467
0.1563305
0.17009610000000006
0.1612914
0.13052499999999995
0.018337
0.13260180000000002
0.1871778
0.1645235
0.118904
0.019941999999999998
0.0193107
0.1980791
0.16614000000000004
0.1924485
0.17930279999999998
0.14538159999999994
0.109187
0.09726899999999998
0.19057
0.215638
0.240138
0.208545
0.1239779
0.201356
0.1580737
0.14486539999999998
0.28249
0.22433000000000003
0.215914
0.24108600000000002
0.20523700000000009
0.0643845
0.195581
0.237885
0.34525700000000004
0.41481999999999997
0.28972600000000004
0.32901600000000003
0.23175500000000002
0.16619620000000002
0.02928
0.1302414
0.166653
0.17038099999999998
0.1392688
0.08653300000000001
0.232615
0.1419386
0.1956905
0.0197816
0.1253643
0.10866279999999999
0.167761
0.1182868
0.0206039
0.1200986
0.1218694
0.13637370000000001
0.16711610000000002
0.0257521
0.13970049999999998
0.206974
0.0368826
0.13469379999999995
0.147947
0.1400237
0.205779
0.13656269999999998
0.13195
0.176481
0.163793
0.168095
0.1623578
0.068678
0.186998
0.072672
0.171215
0.22704300000000005
0.23087800000000003
0.21244
0.195755
0.16401900000000005
0.13311789999999998
0.152702
0.0295428
0.15275110000000006
0.13921170000000002
0.0317391
0.1276327
0.1707504
0.1733682
0.1628876
0.10647810000000002
0.30734459999999997
0.2975503
0.2241288
0.3512132
0.014219800000000003
0.1372933
0.109959
0.1418632
0.1706203
0.1858185
0.16285629999999998
0.12025410000000003
0.1499598
0.11517
0.157224
0.1718142
0.112267
0.0132713
0.0116637
0.011559
0.1037975
0.13280089999999994
0.14348489999999994
0.1156632
0.22257539999999998
0.2375407
0.1309575
0.13922110000000001
0.1184553
0.1349015
0.1569872
0.065886
0.1276271
0.13673590000000002
0.0206217
0.1245479
0.1513695
0.12916609999999998
0.3670019000000001
0.020283000000000002
0.0944922
0.15770939999999994
0.12477809999999999
0.1370245
0.13615239999999998
0.15396949999999998
0.1999186
0.1678341
0.1947522
0.18903689999999998
0.1852245
0.1899191
0.1461136
0.2244914
0.2197304
0.0611403
0.4369914000000001
0.13518
0.0554105
0.1803638
0.2791699
0.2777948
0.4178612
0.40537490000000004
0.4160642
0.4138289000000001
0.42403090000000004
0.4209958
0.3993007
0.4135625
0.4227944
0.4094291000000001
0.4205931
0.4086753
0.4094453999999999
0.4206803
0.29738010000000004
0.4149101
0.3094287
0.4157624999999999
0.4180536
0.4126629
0.41132959999999996
0.4091752
0.23306849999999998
0.28064
0.18462879999999998
0.17492829999999998
0.17210799999999998
0.20441689999999998
0.05809640000000001
0.2276313
0.1866336
0.23303859999999998
0.17413589999999998
0.07239910000000001
0.2158036
0.2246398
0.1101269
0.1957392
0.17184899999999995
0.061334400000000004
0.1826209
0.1981549
0.17066179999999995
0.17143540000000002
0.1387928
0.1314684
0.06556319999999999
0.2071064
0.15861129999999998
0.18776160000000008
0.1387394
0.15606430000000002
0.15750319999999995
0.2156326
0.29847120000000005
0.2588496
0.1228043
0.14912679999999998
0.14996120000000002
0.29983930000000003
0.2609223
0.16425399999999998
0.06008910000000001
0.17270209999999994
0.17783529999999995
0.033518099999999995
0.1620364
0.1825672
0.1946504
0.17758340000000006
0.1179444
0.16914500000000002
0.156341
0.14613769999999998
0.17571600000000004
0.17051960000000002
0.1659577
0.1417088
0.17521639999999994
0.08222549999999999
0.208554
0.2468914
0.1902038
0.1677327
0.1668766
0.1848331
0.1600596
0.16260729999999998
0.1905973
0.1876685
0.17289829999999998
0.1653026
0.1870427
0.153423
0.14896620000000002
0.1635926
0.022709600000000003
0.22642200000000004
0.09697839999999999
0.0937498
0.2313724
0.1927253
0.2191736
0.2101561
0.16818039999999998
0.1422078
0.0287238
0.15619039999999998
0.1455009
0.08093790000000001
0.1921427
0.0763153
0.04798100000000001
0.199178
0.16129220000000002
0.026292000000000003
0.029066900000000007
0.15596110000000002
0.15754939999999998
0.18344449999999998
0.033354699999999994
0.1850099
0.030007
0.15887289999999996
0.1729783
0.1847363
0.0409726
0.0598684
0.2079858
0.1903659
0.1569411
0.1773059
0.1901075
0.1548197
0.1965012
0.0581192
0.0529331
0.19127660000000002
0.2588767
0.2412667000000001
0.2692764
0.2691882
0.11104509999999998
0.061135
0.059613500000000014
0.17394279999999998
0.1729611
0.060037699999999986
0.1916588
0.1052563
0.2025132
0.2621398
0.1077611
0.22290580000000004
0.10827
0.2064115
0.1968316
0.2420013
0.107161
0.24624850000000004
0.3079628
0.2348054
0.30179290000000003
0.32742839999999995
0.2593891
0.2772232
0.2473006
0.1952102
0.2085226
0.2859518
0.2797929
0.1589372
0.15828710000000001
0.2847659
0.2665027
0.2623206
0.1605623
0.2207141
0.1171664
0.2418049
0.15841429999999998
0.195643
0.2315279
0.2337556
0.062127499999999995
0.1471489
0.17847970000000002
0.1647007
0.06336729999999999
0.1808017
0.1501109
0.1747055
0.1679042
0.1717979
0.14924500000000002
0.1635093
0.155627
0.13977079999999995
0.1659116
0.15832580000000002
0.1885581
0.1551395
0.06445429999999999
0.0629936
0.06221040000000001
0.1616578
0.16359240000000005
0.16149560000000002
0.17521079999999994
0.1533712
0.059058199999999984
0.16187509999999994
0.18647579999999997
0.166134
0.0627624
0.18139960000000002
0.16637020000000002
0.16659790000000002
0.15861170000000002
0.1783141
0.1866511
0.0584375
0.16375379999999998
0.13336679999999998
0.0624502
0.14232540000000002
0.13482349999999999
0.17252019999999998
0.15446329999999994
0.16018829999999998
0.16604040000000006
0.17397669999999998
0.1873757
0.1514007
0.2351546
0.16791389999999998
0.06421239999999999
0.16029520000000005
0.2674001
0.280459
0.0636027
0.16249149999999998
0.17494500000000002
0.1475565
0.05784900000000001
0.061823
0.15021600000000002
0.24102150000000006
0.1924534
0.22983920000000002
0.1181798
0.22446100000000002
0.0635047
0.1538442
0.16191080000000002
0.1459616
0.17717479999999994
0.0611538
0.1640996
0.16709470000000004
0.16943239999999998
0.17742669999999994
0.1441893
0.1529021
0.1761596
0.11358030000000001
0.2613059
0.21051170000000002
0.244562
0.22934829999999998
0.21282930000000005
0.227488
0.285069
0.293211
0.27837890000000004
0.2828866
0.25159200000000004
0.14027
0.2383137
0.2242686
0.2325745
0.21950970000000003
0.2150934
0.196201
0.1311661
0.2286020000000001
0.2215377
0.12957219999999994
0.2312325
0.1303365
0.2353797
0.27051529999999996
0.2067374
0.22966309999999998
0.2201469
0.266925
0.2222915
0.13116160000000002
0.08588590000000003
0.1506171
0.06438680000000001
0.1207917
0.015265099999999997
0.0144235
0.12976059999999998
0.0889668
0.0102037
0.1075443
0.0957418
0.1208222
0.092339
0.1036139
0.1150725
0.0988028
0.1186862
0.09306649999999997
0.1134768
0.1217836
0.1080382
0.12715410000000002
0.1221843
0.234578
0.0741245
0.255153
0.27549
0.23303979999999996
0.273438
0.23313029999999998
0.2602924
0.24036090000000004
0.2432665
0.24965789999999996
0.1475712
0.2782527
0.24095419999999998
0.25240250000000003
0.2626983
0.2406166
0.2675907
0.2419328
0.14321370000000005
0.1469287
0.11939890000000004
0.1217365
0.1262213
0.1580058
0.034552700000000006
0.15016290000000002
0.17337779999999994
0.15757140000000006
0.198645
0.1037199
0.1878536
0.12577159999999998
0.10847639999999999
0.0129107
0.1136645
0.15690500000000002
0.0128967
0.12810649999999998
0.013788300000000002
0.10153510000000003
0.14758130000000005
0.0991299
0.009615899999999998
0.013798199999999995
0.1201854
0.013158799999999998
0.015004400000000003
0.011409299999999999
0.1052305
0.10690539999999997
0.12795540000000002
0.0120001
0.1238904
0.1084106
0.1292623
0.1036974
0.1192211
0.1313941
0.10904480000000001
0.13758879999999998
0.10825439999999999
0.269104
0.270023
0.15675859999999994
0.270455
0.25533690000000003
0.258287
0.273403
0.253841
0.25247980000000003
0.1552188
0.15139220000000006
0.23896149999999997
0.1599299
0.261093
0.26094470000000003
0.278339
0.15556170000000002
0.15420699999999998
0.2587879
0.253849
0.2593574
0.2530732
0.1511283
0.1582139
0.2705195
0.272079
0.241536
0.15034260000000002
0.2372636
0.150952
0.262035
0.25542580000000004
0.15902109999999994
0.1584059
0.1506904
0.24180040000000005
0.2531238
0.2646304
0.2529661
0.1494179
0.2473073
0.2584852
0.266737
0.26319590000000004
0.403828
0.267504
0.390947
0.37897
0.39013
0.278216
0.29215
0.265808
0.280685
0.383395
0.382487
0.373996
0.276519
0.385154
0.268776
0.386498
0.385211
0.3799946
0.1093336
0.03119
0.100406
0.187212
0.28001609999999993
0.27813540000000003
0.2888171
0.182158
0.30526869999999995
0.172013
0.25716500000000003
0.1814787
0.17368699999999998
0.185165
0.1687381
0.1832024
0.20843820000000002
0.17605279999999998
0.20561439999999997
0.2179865
0.08958440000000001
0.1784616
0.07608889999999999
0.0883505
0.17203929999999998
0.21332600000000002
0.1725102
0.08766510000000001
0.1845957
0.1895802000000001
0.18276879999999998
0.1794684
0.1788888
0.0784552
0.18257
0.0902796
0.1615603
0.0844159
0.14631345
0.2450858
0.09070948
0.19030279999999997
0.17077959999999998
0.1843057
0.20239649999999998
0.07902569999999998
0.160947
0.07604889999999999
0.013131
0.119857
0.15970989999999993
0.1002297
0.1305821
0.0979727
0.1167666
0.11890289999999998
0.1170514
0.1295782
0.09667519999999999
0.1698439
0.1310864
0.12364580000000001
0.13414150000000002
0.0111441
0.13946419999999998
0.1030461
0.12771439999999998
0.010323700000000002
0.0106399
0.11639589999999997
0.0208872
0.0083853
0.0184455
0.0946344
0.1490105
0.1075145
0.11197049999999999
0.0939138
0.11890700000000005
0.14196530000000002
0.1049765
0.1019403
0.1350009
0.1095052
0.028896800000000007
0.018318
0.021499800000000003
0.013784600000000001
0.14255410000000002
0.10486480000000001
0.1118963
0.0169394
0.1193455
0.13868129999999998
0.0905725
0.0156423
0.08884640000000002
0.1034744
0.12010810000000002
0.13217969999999998
0.14252130000000002
0.1149119
0.016190700000000002
0.1295918
0.1160348
0.17059930000000004
0.0201915
0.15054260000000005
0.1269242
0.020162
0.11769820000000004
0.008790199999999998
0.06024579999999999
0.220728
0.046759600000000005
0.0699718
0.15484170000000005
0.1863654
0.0661297
0.15586930000000002
0.07368040000000001
0.1436422
0.16325889999999998
0.0723504
0.1531637
0.17194620000000002
0.17427399999999998
0.17437170000000002
0.06772589999999999
0.068785
0.1514606
0.17824800000000002
0.16290290000000002
0.0200328
0.1290107
0.0919598
0.1228329
0.0939155
0.1054115
0.13786779999999998
0.1005658
0.14070690000000002
0.0961763
0.09914450000000001
0.1304757
0.1171999
0.1436987
0.0987741
0.1719993
0.0210438
0.11164369999999996
0.1432113
0.0162694
0.1417194
0.0247817
0.1002582
0.14066710000000002
0.10410410000000002
0.026154200000000002
0.1073655
0.10794320000000003
0.1225753
0.022464
0.15264519999999998
0.1044104
0.11684569999999996
0.0987311
0.1178453
0.1263738
0.10581490000000003
0.13637570000000002
0.0962711
0.0325772
0.1065898
0.10243219999999999
0.017555900000000003
0.0963766
0.10826559999999999
0.018503900000000004
0.1138054
0.1241482
0.0254844
0.13628600000000002
0.08991909999999999
0.14107200000000006
0.1275191
0.1292143
0.15390320000000002
0.0958216
0.12980550000000002
0.1175193
0.178788
0.166702
0.1842524
0.203214
0.14732889999999998
0.26696299999999995
0.331816
0.059837
0.14379690000000006
0.1067368
0.0196859
0.1315848
0.02195
0.11994910000000004
0.1277632
0.13933929999999994
0.13094730000000002
0.14454699999999998
0.0181676
0.1187499
0.15731230000000002
0.11186989999999998
0.13241050000000001
0.1142393
0.1246482
0.1330376
0.1254258
0.1274097
0.1213636
0.0245198
0.1259683
0.0278185
0.0276445
0.1098089
0.1404008
0.0179576
0.132891
0.1105616
0.13084749999999998
0.1204062
0.10707380000000001
0.1319506
0.1243417
0.1305095
0.14687730000000002
0.1290412
0.016547799999999998
0.10317769999999997
0.115735
0.017100800000000003
0.1255175
0.12990759999999998
0.1005436
0.14245929999999998
0.1085077
0.2620096000000001
0.2784702000000001
0.22382510000000005
0.1370593
0.25217929999999994
0.2285203
0.2445641
0.245217
0.2597821
0.2280245
0.2539763
0.23398160000000004
0.22433609999999998
0.2463722
0.2626449
0.2520237
0.1636392
0.2563295
0.1457278
0.2416343
0.26770170000000004
0.15707980000000002
0.241171
0.2611401
0.2479094
0.2563814
0.25229690000000005
0.16434749999999998
0.1627185
0.25317110000000004
0.16289930000000002
0.2465138
0.2698163
0.2438088
0.26761539999999995
0.2466407
0.045782800000000005
0.2583149
0.218824
0.26779899999999995
0.23429410000000006
0.24708809999999998
0.27331079999999996
0.2583166
0.2883717
0.24482929999999997
0.2608123
0.2564834
0.2573261
0.27065320000000004
0.255406
0.2711719
0.2692966
0.2525911
0.2708312
0.26244080000000003
0.2611479
0.2491859
0.1606777
0.17435620000000002
0.2408633
0.2716255
0.1729695
0.247736
0.2659657
0.26318109999999995
0.3008068
0.3122281
0.2041378
0.20867710000000006
0.3019461
0.3168275
0.3183565
0.28230120000000003
0.27234959999999997
0.2724296
0.26222080000000003
0.2552508
0.2426512
0.2339325
0.2417443
0.2577012
0.30106
0.1722101
0.20684980000000008
0.2647286
0.2398405
0.1577929
0.2516131
0.2623963
0.2275055
0.26101420000000003
0.2490792
0.1740482
0.2564743
0.2449053
0.1717023
0.28255630000000004
0.29985779999999995
0.2729063
0.1564356
0.266425
0.2392089
0.27458119999999997
0.24205079999999998
0.25438120000000003
0.2594922
0.2533035
0.2616988
0.2678647
0.2918565
0.27431930000000004
0.28041309999999997
0.2920459
0.15353139999999998
0.1677924
0.2469028
0.1705464
0.2644069000000001
0.2527507
0.16588460000000002
0.2644298
0.3012675
0.2565978
0.2729798
0.2680561
0.2556758
0.28146809999999994
0.28337080000000003
0.2720547
0.15514
0.2591892
0.1770544
0.174723
0.1085453
0.1916355
0.3065664
0.29834150000000004
0.1821733
0.32603590000000005
0.19792
0.2958674000000001
0.1691971
0.2633802
0.2868502
0.16829209999999994
0.3050897
0.404281
0.29138590000000003
0.289846
0.2710387
0.28095559999999997
0.16679960000000002
0.2710271
0.17218999999999998
0.33510900000000005
0.33022169999999995
0.33089270000000004
0.34507180000000004
0.3187804
0.3190272
0.32330359999999997
0.3046386
0.3362634
0.2122983
0.3264111
0.3263109
0.29955980000000004
0.34153649999999997
0.215678
0.3377565
0.32880159999999997
0.32647550000000003
0.3422309
0.32255870000000003
0.3321258
0.33860100000000004
0.17108769999999998
0.3302582000000001
0.3125941
0.2475208
0.2947858
0.30477020000000005
0.2950724
0.2956698
0.2999289
0.2796265
0.16893049999999998
0.307952
0.28562750000000003
0.2674533
0.34192890000000004
0.2864536999999999
0.1736126
0.2828432
0.2972868
0.1731951
0.1670151
0.16739479999999998
0.1667596
0.29360390000000003
0.30676970000000003
0.296102
0.1768779
0.2824662
0.328469
0.3668199999999999
0.33240000000000003
0.1910906
0.32225030000000005
0.1965769
0.31425800000000004
0.32255199999999995
0.2951782
0.28565120000000005
0.280915
0.2924528
0.2896112
0.1725664
0.16844679999999998
0.1773869
0.1695356
0.1832996
0.2942715
0.3123738
0.29965010000000003
0.3157482
0.28650760000000003
0.2305903
0.1771588
0.2965632
0.28956780000000004
0.2749197
0.3007933
0.2759953
0.17775200000000002
0.17816089999999998
0.17551879999999995
0.3102207
0.3145716
0.3018052
0.30457690000000004
0.3198228
0.311077
0.28084240000000005
0.315556
0.3007474
0.3127511
0.321243
0.306044
0.16053050000000002
0.1466269
0.3012756999999999
0.29895609999999995
0.331897
0.27449860000000004
0.2529467
0.305778
0.28397360000000005
0.29905779999999993
0.2977051000000001
0.2533475
0.2524873
0.28022129999999995
0.17842249999999998
0.18440420000000002
0.28826090000000004
0.4460020000000001
0.2749621
0.25576750000000004
0.1386535
0.303676
0.1826486
0.25844860000000003
0.3107508
0.2549966
0.2213877
0.1794235
0.1796318
0.23975570000000002
0.29748450000000004
0.1638733
0.398838
0.2934833
0.1618076
0.2921613
0.2854737
0.29339380000000004
0.31200359999999994
0.29734530000000003
0.28531320000000004
0.2965458
0.2720796
0.1702375
0.28079069999999995
0.1580431
0.1592007
0.26892150000000004
0.31506649999999997
0.28320009999999995
0.16689479999999998
0.1626848
0.2793283
0.16531939999999998
0.2630108
0.30205400000000004
0.1642336
0.2845304
0.28854094
0.16617799000000005
0.19437774
0.29084683
0.19736794
0.18003809999999998
0.32841610000000004
0.28700624
0.18931715
0.19772564
0.19293644
0.28574419
0.17302093000000002
0.29609869
0.26869389000000005
0.0688394
0.16761701
0.27162439000000005
0.1877276
0.26456334000000004
0.17097694999999996
0.28463130000000003
0.32108796
0.29105715000000004
0.25455461
0.27184847
0.16493921
0.15895247
0.26010882
0.26318721
0.15823052
0.25514106000000003
0.2672094600000001
0.26932761000000005
0.15652946999999998
0.27559841
0.26017155000000003
0.28108406
0.16008029999999998
0.26857021000000003
0.2708479100000001
0.27513517000000004
0.15679955
0.25430630000000004
0.26012426
0.16655165
0.15799407
0.16621628000000002
0.16328421
0.17130023
0.1635055
0.17751034
0.17291609
0.1812645
0.18056038
0.18124599
0.21052573
0.23069415
0.30440952
0.21160814
0.37223223
0.32370007999999995
0.29834698000000004
0.18929368
0.28624901
0.28761783
0.4638373000000001
0.47418106
0.48419696
0.48387711
0.48397727
0.28243076
0.43382068
0.47317578
0.34612733
0.35370798000000003
0.48220743
0.48160258
0.4824844800000001
0.48177953
0.4819944800000001
0.48190758
0.48230153
0.4805312700000001
0.36064107
0.4815324300000001
0.48191667
0.4752113200000001
0.4804576700000001
0.47170233
0.47705287
0.47563882
0.48182012
0.48138239
0.4816628800000001
0.34072644
0.34899853000000003
0.4814060299999999
0.4815546399999999
0.4808396899999999
0.48124514
0.48035995
0.48159523
0.4804349900000001
0.48140808
0.48060479
0.48113929
0.48140608
0.48188679
0.4813309899999999
0.48216394
0.47846205
0.47986224
0.47941644
0.48128439
0.48167688
0.39553383
0.48190413
0.482472
0.48197387
0.48147994
0.48104789
0.48152179
0.4803993299999999
0.48167713
0.48111833
0.48181503
0.48119833
0.48178599
0.48070264
0.48219994
0.48175633
0.48158813
0.4805099
0.4561292
0.4811123
0.4817633499999999
0.48083785
0.471755
0.4569512
0.48291385
0.47361135
0.4810011
0.462419
0.48154399999999997
0.4719376
0.4793228
0.4808627999999999
0.4815822
0.481204
0.48214540000000006
0.4818509999999999
0.48179315
0.48111015
0.4819917
0.481267
0.47816051
0.4811460999999999
0.481541
0.4763125500000001
0.4788700500000001
0.47703101
0.4790242100000001
0.48180979
0.48125436
0.33854537
0.46944579999999997
0.18688115
0.45725535
0.47527781
0.4799506999999999
0.44831215
0.48192465
0.48221005
0.47995525
0.45675585
0.4819325
0.45718065
0.4575876
0.45614555
0.45497995
0.48246159
0.45879
0.45410575
0.45188655
0.44262655
0.47919805
0.47999475
0.47841835
0.45268075
0.4775375100000001
0.43196861
0.42036002
0.48196178
0.37035238
0.4524577800000001
0.45374588
0.44721627
0.43291053
0.4732182100000001
0.47031696
0.24737645
0.48161095
0.47360115
0.4811537400000001
0.47976484
0.4783867500000001
0.4773737
0.4796366
0.44686015
0.22928923
0.3933511900000001
0.32972036
0.3081076500000001
0.18910131
0.18053831999999995
0.19309257
0.2012643
0.19969115
0.33840297
0.25147125
0.31277031
0.23597511
0.34974496000000005
0.4287058
0.41206575
0.41517356
0.42883715
0.4149584500000001
0.42364815
0.4337342000000001
0.39362948
0.38975366
0.33003076000000003
0.35583010000000004
0.34360209999999997
0.4131374000000001
0.3624489500000001
0.4282659500000001
0.39054425
0.47469872
0.41655114
0.42365104000000015
0.42053199
0.47053605
0.46701997
0.42115292
0.47081077
0.46274841
0.4417075099999999
0.43330499
0.4057436900000001
0.43935925
0.4411042000000001
0.3593030199999999
0.34436421
0.39022825
0.38249429
0.35909335000000003
0.32022725
0.3945462000000001
0.41963025
0.4351864300000001
0.4278913900000001
0.44471938
0.45438107
0.4466552
0.44663606
0.43319719999999995
0.38678406
0.47017315
0.44479557
0.41854081
0.42232176
0.40066785
0.4076219
0.37644385
0.38560385
0.3396409
0.30553115
0.4265741
0.41290029
0.4253792400000001
0.38822333
0.33994533000000005
0.408657
0.3809010000000001
0.387193
0.309204
0.360685
0.362936
0.35430700000000004
0.388626
0.4153140000000001
0.338005
0.3293873
0.3349866
0.3197253
0.444687
0.4170919999999999
0.422528
0.4080679999999999
0.31081200000000003
0.41841000000000006
0.42012700000000003
0.413708
0.395705
0.38785
0.385726
0.37847600000000003
0.3268518
0.411005
0.4191315000000001
0.4430687000000001
0.3726095999999999
0.3978263
0.3768856
0.4298608
0.3749581
0.3323793
0.40186
0.4481953
0.368298
0.30661459999999996
0.32425960000000004
0.3002337
0.31617919999999994
0.3620825
0.2856597
0.29665060000000004
0.26323766
0.35201742
0.31930381
0.30769411
0.34276576
0.29825611
0.33285801
0.32135851000000004
0.34750072
0.39188238
0.39609103
0.41014033
0.40454612
0.35125381
0.32769056
0.30859401000000003
0.31433236000000003
0.34400981
0.34511781
0.31444440999999995
0.19582226
0.22194706
0.20434314
0.34685466000000004
0.32747886
0.34973406
0.36680206
0.37562596
0.30788431
0.17275426
0.16627897999999994
0.11887818
0.21571825
0.27913567
0.39121857
0.43142339
0.37101067
0.39862077
0.15190457999999998
0.4662688200000001
0.47094482
0.47943104
0.4827946
0.48248851
0.4010378
0.3997893100000001
0.48317805
0.40788669
0.46304442
0.46536742
0.46086838
0.46506338
0.45142933
0.47155733
0.46973033
0.46950933
0.45004138
0.46711038
0.46694338
0.46874242
0.44891042
0.46776242
0.47948512
0.47956952
0.44416172
0.46292507
0.47508697
0.47649107
0.40374182
0.45443997
0.47040007
0.46815249999999997
0.4733396
0.4758016000000001
0.4753575
0.4402216
0.4611255999999999
0.4662957
0.4704586
0.4524115000000001
0.4746293
0.4662876999999999
0.46921260000000004
0.47559359999999995
0.4737015999999999
0.4750956
0.4694786
0.44639059999999997
0.44701759999999996
0.4572857
0.4697246000000001
0.4618927
0.4400896000000001
0.4579196
0.4296023
0.4772704999999999
0.47942840000000003
0.4736696
0.4529843000000001
0.4719022
0.4755425999999999
0.4781426
0.4675143
0.47283329999999996
0.4771553
0.4789483
0.4624433
0.4790866
0.4768743
0.4780014
0.4779823
0.4819023
0.4739784000000001
0.4793173
0.4186753
0.2929243
0.4276214
0.3906135
0.3489535
0.4077967
0.4506846
0.4720997
0.471008
0.47503999999999996
0.4541738000000001
0.448455
0.455218
0.4761252000000001
0.3822413
0.4419033
0.4495712000000001
0.4711572000000001
0.439726
0.473394
0.4530440000000001
0.444986
0.477207
0.462098
0.480644
0.406398
0.449123
0.4175300000000001
0.448108
0.4378840000000001
0.46739200000000003
0.48261400000000004
0.483171
0.481659
0.482561
0.4707670000000001
0.35980999999999996
0.4063700000000001
0.47495
0.4662530000000001
0.4335640000000001
0.4185260000000001
0.4007644
0.4041984
0.3860928
0.4115644
0.41186819999999996
0.402966
0.277274
0.407924
0.288171
0.324669
0.456775
0.447784
0.447561
0.4544400000000001
0.42143100000000006
0.3867189999999999
0.4186902
0.43947939999999996
0.17760599999999999
0.2016317
0.35114080000000003
0.29947450000000003
0.23779650000000002
0.27279109999999995
0.33066290000000004
0.2145705
0.24228550000000001
0.2418248
0.23705959999999995
0.24088360000000006
0.2518769
0.2440728
0.198615
0.31503000000000003
0.249764
0.27537
0.258056
0.329955
0.376479
0.395016
0.2280238
0.23545
0.25611
0.24912600000000001
0.275473
0.2809136
0.24282020000000004
0.2526701
0.2548518
0.2151383
0.24591469999999999
0.2774028
0.264507
0.280283
0.279148
0.2845239
0.092667
0.178595
0.146332
0.288873
0.362327
0.33581
0.34512999999999994
0.30991050000000003
0.32836950000000004
0.3657485
0.370179
0.36997709999999995
0.3595701000000001
0.3235136
0.3202897
0.3372819
0.3639531
0.3250052
0.27907370000000004
0.29934709000000004
0.2655564
0.26073695
0.26898505
0.36137805
0.33222935000000003
0.3738328
0.35397824999999994
0.31041375000000004
0.3695741500000001
0.3181755
0.31372874999999995
0.30590459999999997
0.33731110000000003
0.338495
0.35398095
0.31488455
0.12302581
0.22688582
0.20702186
0.15938940000000001
0.35730802
0.30810223
0.31470392
0.26973783
0.25319797
0.27207315
0.26865959999999994
0.2976276
0.14235119999999998
0.2614393
0.30256409999999995
0.14224371000000002
0.30261154999999995
0.28145533
0.31783873
0.32310008
0.31276748000000004
0.25102998
0.24844833
0.26848438
0.38475194
0.39357349
0.2361003200000001
0.19070606
0.2493622600000001
0.14947886000000002
0.21307262
0.23571126
0.20140988000000004
0.15321042
0.14032304
0.17680387000000006
0.24205257000000005
0.18013202000000006
0.19139995000000004
0.16691398000000005
0.22631612
0.29522342
0.24898726000000004
0.23121916
0.26784096
0.23079221
0.2485255600000001
0.26562046
0.25352662
0.28906812000000004
0.28966467
0.30567658000000003
0.29689638
0.25330258
0.22800773
0.28353607000000003
0.24254527
0.24660857
0.25122377
0.26952992
0.14525918
0.17841478999999996
0.18144479
0.16655112
0.15929728
0.13003392
0.11411668999999998
0.14080668999999998
0.14157032000000006
0.22019413
0.16494302000000002
0.14960112000000006
0.12428233
0.11174418
0.10370933
0.05476659
0.04980672
0.01174461
0.10008038
0.08707202
0.11381949
0.19812009000000005
0.4769679
0.479876
0.47954325
0.47359711
0.04327596
0.47237905
0.47241906
0.47259496
0.48034191
0.45462945
0.47953845
0.46796735
0.47952211
0.45776165
0.4802324000000001
0.4806833
0.43962535
0.4822345
0.48153375
0.48228955
0.48166665
0.4823824
0.4808299500000001
0.48231345
0.48111955
0.48228555
0.481121
0.48175265
0.48098725
0.4820981999999999
0.48208555
0.4810343
0.4811995
0.4820393
0.48118955
0.42964245
0.4811552499999999
0.48201000000000005
0.48150845
0.48237529999999995
0.47894925
0.4808701
0.4806442
0.47461499999999995
0.4808925499999999
0.4674522
0.4810274000000001
0.4777508
0.46089035
0.4466023
0.48073255
0.4817956000000001
0.4808702
0.48058745
0.48115445
0.4812283000000001
0.4815163
0.4815922
0.48148575
0.4812225000000001
0.4819155
0.4748831000000001
0.4807422499999999
0.4813390000000001
0.48075445
0.4508316500000001
0.4813583000000001
0.45570455
0.4570774
0.45607979
0.48098065
0.45257365
0.4813525000000001
0.45089975
0.448335
0.47841415
0.44835835
0.4264686
0.47373675
0.4682188000000001
0.4369483000000001
0.48134379
0.48204565
0.48139475
0.48193355
0.481133
0.48174365
0.44862265
0.4805231
0.48084440000000006
0.44141145
0.46155205
0.46168655
0.4818554
0.4810175
0.457153
0.4367321
0.47146685
0.4181623
0.4812442
0.48179335
0.48147335
0.4819484000000001
0.48093415
0.4825792999999999
0.48148545
0.4518645000000001
0.4812303
0.48053571
0.48098505
0.48159430000000003
0.4810824000000001
0.4530784000000001
0.4532794
0.45331255
0.4535717500000001
0.3970164000000001
0.4807554
0.4819773
0.4782865
0.4819072
0.4814842100000001
0.47877925
0.48036049999999997
0.48196865
0.44347095
0.45336655
0.4531092000000001
0.42620705
0.44836755
0.45219025
0.4511295
0.45231140000000003
0.4064271
0.48412615
0.48274205
0.4837061
0.4534601
0.4527601
0.4536711
0.48368915
0.45339915
0.45144796
0.48323515
0.4549791
0.4103611
0.48295805
0.4539271
0.4838291
0.4541931
0.4519851
0.4839470500000001
0.48350405
0.48328305
0.4835481
0.45467705
0.48455410000000004
0.47744601
0.45021805
0.45212205
0.4832470999999999
0.4839031
0.42133419
0.35232619
0.17227852
0.16296219
0.18056905
0.40834301
0.30775592
0.2982285
0.20392069
0.10779581
0.13716152
0.1966401
0.33675082
0.43510119
0.44707624
0.4313072400000001
0.43328424
0.46126029
0.45866424
0.43248929
0.42524324
0.41363629
0.43684324
0.44270824
0.44919724
0.42670515
0.42878719
0.4517581000000001
0.39290915
0.45811115
0.3700941
0.42904019
0.20530133
0.2476174700000001
0.25532629
0.25447133
0.26288447
0.25047833
0.28506933
0.24601929
0.22097833
0.21771329
0.34832419000000003
0.34124429
0.34244829
0.38335829
0.28355733
0.26011642
0.30219138
0.26257642
0.25452047
0.2379103800000001
0.3522643300000001
0.31669738
0.30056042
0.18114447
0.18451642
0.21861738
0.24273538
0.21354452
0.18721256
0.24704242000000004
0.19656147
0.23485847
0.20991102
0.22414338
0.26625138000000004
0.24832938
0.23769333
0.20968842
0.22516647
0.21670346999999995
0.26511341999999993
0.24734547
0.27627212
0.20770922
0.22093687
0.23596952
0.21956927
0.22128442
0.25466477
0.2840495200000001
0.22378412
0.21932082
0.21328692
0.21972517000000005
0.23856188
0.23239592
0.22075027000000005
0.21640282
0.2314172200000001
0.19218346000000008
0.23004036000000005
0.22852677
0.26837088000000003
0.23421043
0.24288092
0.23046427
0.20284217
0.20540192
0.27725544
0.27876554000000003
0.27190369000000003
0.31066159
0.28219178
0.27559682
0.27075768
0.26425198000000005
0.23136868
0.23311439
0.22932607
0.27768338
0.26559642999999994
0.25369633
0.26098099
0.25107143
0.23321078
0.22869073
0.22742154
0.24338769
0.25522579
0.23460518
0.20665388
0.24929788
0.25465983000000003
0.24185038
0.21991688
0.24773992
0.08443859
0.17951067999999998
0.20431317
0.23190449
0.21229248000000006
0.28113938
0.28039328
0.35130369
0.31262494
0.34772598999999993
0.24760514
0.24534033
0.25945933000000004
0.27514138
0.25555719
0.37742619
0.32671329
0.31768738
0.2690293300000001
0.24335342
0.24843847
0.24897282
0.22748237
0.32262113
0.30892113
0.29382217000000005
0.29277304000000004
0.29484117000000004
0.24936713
0.09499808
0.09977294
0.0563849
0.1242849
0.09554199
0.01851722
0.02366482
0.06717913
0.20134594000000008
0.12089008
0.05446904
0.01927022
0.03925822
0.04009331
0.03575446
0.07713017
0.0952049
0.01906122
0.07438013
0.06143017000000001
0.04522922
0.10185199
0.03679513
0.09043208
0.09957199
0.04198027
0.03798436
0.03112331
0.02728601
0.04061204
0.09847599
0.02366917
0.03025522
0.03601127
0.04137627
0.03316527
0.02975917
0.06768227
0.03230936
0.02406208
0.07744013
0.03968022
0.02605846
0.02546762
0.18663157
0.08396908
0.09027204
0.03630931
0.07597517000000001
0.07881513000000001
0.06561916999999999
0.19913676
0.16758617
0.050293170000000005
0.02747631
0.0225739
0.22058348
0.13847299000000002
0.06022717
0.03067345
0.07310926999999999
0.09066904
0.03588936
0.07831627000000001
0.07464913
0.029189219999999995
0.05493217000000001
0.04858417
0.08597676
0.05935271
0.10907076000000004
0.1118529
0.17224085000000006
0.18806085
0.12460590000000002
0.11591617
0.16577503999999998
0.09402017
0.10502922
0.09500113000000003
0.07511403999999999
0.13223399
0.10096908
0.12756499000000002
0.08315907000000003
0.07731408000000001
0.08542704000000001
0.1436272
0.12118594
0.039890620000000016
0.05473922
0.05335794
0.15792319
0.15633674000000006
0.07654204
0.09294658
0.10747049
0.07840713
0.1052115
0.0918286
0.0497312
0.11723500000000002
0.10411600000000001
0.142543
0.12481299999999998
0.156067
0.16675
0.203834
0.178696
0.196108
0.205453
0.166381
0.079047
0.141656
0.061524
0.2373760000000001
0.234815
0.297799
0.13840999999999998
0.10974600000000001
0.218219
0.2320382
0.15829089999999998
0.1863479
0.164293
0.17539300000000002
0.20498400000000006
0.304571
0.25089100000000003
0.28058099999999997
0.244705
0.299896
0.2565659
0.2693061
0.248419
0.227049
0.272496
0.194382
0.141952
0.11355476
0.12683099
0.18292105
0.10046958999999996
0.11466118999999995
0.17713189
0.11965628999999996
0.15305314
0.13313744
0.10515889
0.13741104
0.31285705
0.3768531000000001
0.3626752
0.3542532
0.36326505
0.3209841
0.30865769
0.30710525
0.29920375
0.3873245500000001
0.29559415
0.22947329
0.09204099
0.11130809
0.09351023999999998
0.08887389
0.08045313
0.08323463
0.08612199
0.08149984999999997
0.16246009
0.09523959
0.07706984
0.06876745
0.15233815000000006
0.15378435
0.16744160000000002
0.17720120000000006
0.15829605000000002
0.16514515
0.1710809
0.15933815
0.15713814999999998
0.16405804999999998
0.17103110000000002
0.32157225
0.26789754
0.06062509000000001
0.29025649
0.33965819
0.07192824
0.06550805
0.34089824
0.17778005
0.21072696
0.22815401
0.20298696
0.19964841
0.20459101
0.24971601
0.26577801
0.23883396
0.24005968
0.22659273
0.34051978
0.23978268000000005
0.32777468
0.32771264
0.33005468000000004
0.31986368
0.24970773
0.17919792
0.26387009999999994
0.190343
0.30998200000000004
0.300482
0.2862484
0.305047
0.1943537
0.16840750000000002
0.179286
0.1811729
0.18884215
0.17310989
0.15947519
0.1342699
0.095419
0.0954426
0.092827
0.0925406
0.095596
0.1172297
0.12933000000000006
0.131269
0.110102
0.132883
0.144178
0.13945239999999998
0.142656
0.14210699999999998
0.129838
0.152937
0.180466
0.14400739999999998
0.1281802
0.13063199999999994
0.1279438
0.1560586
0.14863210000000002
0.1473825
0.13063419999999998
0.155842
0.13705599999999998
0.10243
0.10950499999999999
0.10261499999999996
0.112435
0.11723900000000001
0.109082
0.107991
0.105989
0.124166
0.103449
0.10765
0.119275
0.107446
0.098629
0.106533
0.102509
0.105239
0.124187
0.168122
0.15032299999999998
0.140848
0.141406
0.129971
0.127147
0.11823499999999999
0.111674
0.114155
0.13298800000000002
0.216927
0.14749
0.18316500000000002
0.174558
0.171041
0.121357
0.110392
0.12417
0.121376
0.10816600000000001
0.10695
0.131192
0.105148
0.109681
0.115877
0.1158
0.109193
0.12675199999999998
0.122968
0.12687900000000002
0.12038
0.122642
0.1487
0.108317
0.123664
0.15230300000000002
0.129959
0.130314
0.136252
0.124777
0.131405
0.14788099999999998
0.12237
0.134695
0.126226
0.135576
0.120822
0.12148099999999999
0.341913
0.266038
0.131002
0.123109
0.200221
0.149924
0.140106
0.14369700000000002
0.15106
0.14494
0.139223
0.125467
0.115459
0.157469
0.14546800000000001
0.138377
0.13900800000000002
0.146421
0.15638000000000002
0.128021
0.135967
0.1263023
0.152657
0.152731
0.167032
0.144831
0.107971
0.131813
0.254197
0.479124
0.479386
0.476717
0.4547270000000001
0.4542007220000001
0.13680599999999998
0.16963099999999998
0.21055500000000002
0.210971
0.161695
0.15575
0.170541
0.16446
0.172604
0.17778
0.17993599999999998
0.17660599999999999
0.15931199999999998
0.182279
0.167365
0.155831
0.183608
0.188271
0.187828
0.1752641
0.169807
0.148856
0.177062
0.15058600000000005
0.157727
0.15052100000000002
0.141242
0.141729
0.182167
0.19213
0.174569
0.181512
0.16206600000000002
0.161125
0.14954199999999998
0.114533
0.190046
0.15895
0.193426
0.161114
0.195094
0.18508
0.19502
0.172651
0.15559900000000002
0.152122
0.181622
0.17645499999999995
0.150723
0.17935699999999996
0.177798
0.17418000000000006
0.165562
0.190013
0.158184
0.12321989999999998
0.107821
0.1467717
0.1447496
0.1449216
0.13146319999999995
0.1158545
0.186406
0.1736
0.165891
0.197659
0.205692
0.17451
0.158095
0.170818
0.168301
0.18167
0.1086
0.13810899999999998
0.140961
0.160175
0.140575
0.11830999999999997
0.157626
0.1568906
0.14366600000000002
0.103257
0.129251
0.109487
0.148734
0.15516200000000002
0.201121
0.15064499999999995
0.147818
0.148278
0.234146
0.248301
0.221885
0.136791
0.14424800000000002
0.115494
0.11471500000000001
0.149094
0.144919
0.121597
0.141173
0.10525
0.113561
0.147618
0.13852899999999999
0.112199
0.118856
0.121745
0.12842900000000002
0.14592
0.155284
0.152147
0.145868
0.14648599999999998
0.133244
0.12326
0.153756
0.151569
0.115396
0.100266
0.133804
0.17010390000000006
0.21436100000000002
0.201983
0.146427
0.144731
0.15004399999999998
0.14794300000000002
0.15165800000000002
0.180649
0.183978
0.191514
0.166155
0.308145
0.16985999999999998
0.171225
0.098005
0.114058
0.11629500000000001
0.113978
0.119168
0.116667
0.112976
0.11036900000000001
0.10946700000000001
0.098617
0.098501
0.11061900000000001
0.100293
0.119521
0.114751
0.14524199999999998
0.121542
0.110195
0.111921
0.099376
0.112731
0.10959
0.0978
0.111186
0.099279
0.11631
0.104515
0.112227
0.113197
0.112253
0.12729800000000002
0.101774
0.118229
0.103094
0.10506300000000003
0.099898
0.13422699999999999
0.143219
0.122589
0.125728
0.119815
0.1206367
0.1573639
0.1543187
0.140951
0.148291
0.110816
0.112588
0.112401
0.133846
0.03617
0.191247
0.289854
0.280175
0.19124000000000002
0.269165
0.126365
0.116566
0.105078
0.105012
0.140562
0.11019
0.10075900000000004
0.099637
0.118447
0.116566
0.127199
0.117318
0.099837
0.111203
0.11205999999999999
0.103582
0.101239
0.098587
0.111155
0.110242
0.114601
0.134802
0.093503
0.13109900000000002
0.114841
0.100279
0.124277
0.122596
0.10351099999999999
0.103384
0.10466
0.10666600000000001
0.096634
0.11178699999999997
0.115167
0.21285199999999999
0.124911
0.125141
0.101314
0.0989685
0.1119703
0.13982350000000002
0.14348640000000001
0.14148570000000002
0.15684479999999998
0.1149082
0.149147
0.189417
0.15278999999999998
0.153291
0.151135
0.076364
0.193762
0.129224
0.186975
0.139196
0.14759200000000006
0.139568
0.0311411
0.16238
0.0998915
0.0201855
0.1190722
0.11694120000000001
0.1235833
0.10755209999999996
0.122096
0.12720630000000002
0.1119733
0.1214594
0.143154
0.179729
0.130549
0.053071000000000014
0.039285
0.049268
0.035334
0.13761400000000001
0.129511
0.136493
0.136967
0.15476099999999998
0.137099
0.142617
0.135953
0.202098
0.027767
0.1776
0.066235
0.125376
0.1121368
0.1096055
0.1029019
0.101265
0.1143815
0.110432
0.10778
0.10845330000000004
0.1115915
0.1126211
0.1595748
0.14438099999999998
0.1528579
0.13709079999999998
0.13454470000000002
0.1359408
0.1095466
0.1153134
0.17812329999999998
0.12705239999999998
0.11016299999999997
0.1119854
0.12035110000000004
0.1445683
0.1061335
0.1024619
0.1070144
0.1004143
0.13280350000000002
0.11106
0.15365299999999998
0.178269
0.186369
0.11828
0.107923
0.11488
0.182296
0.183378
0.12969399999999998
0.13302699999999998
0.170543
0.11721199999999998
0.135437
0.119275
0.112879
0.12066
0.120093
0.14095400000000002
0.14878000000000002
0.041488
0.114288
0.125539
0.140731
0.127119
0.125581
0.13589099999999998
0.12683
0.11646400000000001
0.145505
0.126578
0.116954
0.12108499999999997
0.118425
0.114855
0.11626900000000001
0.117847
0.11121700000000001
0.114978
0.11685899999999999
0.121391
0.11438599999999999
0.11871400000000001
0.123074
0.14527500000000002
0.132249
0.04907
0.117894
0.13363
0.121479
0.123367
0.14488499999999999
0.07504
0.11909059999999999
0.0250234
0.140844
0.118771
0.11595
0.129755
0.129977
0.115181
0.109365
0.113873
0.11896
0.111375
0.111394
0.112173
0.11286500000000001
0.11881900000000001
0.132071
0.119062
0.137177
0.124582
0.127473
0.201944
0.22195399999999998
0.182878
0.12930999999999998
0.13183
0.12076
0.145801
0.122405
0.119403
0.149001
0.113881
0.105731
0.131857
0.140783
0.120594
0.147731
0.120686
0.12717
0.140916
0.15398099999999998
0.047827
0.13333099999999998
0.13179400000000002
0.035454
0.12851800000000002
0.14117100000000002
0.125906
0.134828
0.139704
0.122904
0.114848
0.10305
0.133175
0.036789
0.029151999999999997
0.028042
0.13087700000000002
0.120277
0.028758
0.029572
0.12190899999999999
0.026233
0.027055000000000003
0.120923
0.107394
0.127916
0.133945
0.178858
0.128693
0.13844
0.062954
0.16195
0.13691199999999998
0.13192199999999998
0.030250000000000006
0.13482
0.022841
0.009521
0.12776700000000002
0.126717
0.12642799999999998
0.030141999999999995
0.023726
0.120154
0.175931
0.044025999999999996
0.05644100000000001
0.035317
0.020121
0.138958
0.020665
0.12858799999999998
0.107988
0.11838
0.118103
0.107252
0.110259
0.11595799999999999
0.121418
0.12592799999999998
0.034693400000000006
0.0275093
0.028568000000000007
0.0178458
0.122178
0.122771
0.12973920000000005
0.034832199999999994
0.0201616
0.1172703
0.1439733
0.109352
0.11816900000000001
0.154418
0.143763
0.142503
0.125653
0.13305799999999998
0.130759
0.16827
0.061709
0.057147
0.14321199999999998
0.17465
0.118806
0.023138
0.12024
0.122188
0.12240899999999999
0.12361400000000003
0.125358
0.174988
0.18734
0.20052999999999999
0.035349000000000005
0.2255
0.220695
0.208123
0.117041
0.195483
0.192734
0.456458
0.427854
0.423463
0.4581310000000001
0.418125
0.398847
0.327357
0.22259600000000002
0.16929
0.156959
0.128276
0.14726400000000006
0.143762
0.156958
0.152677
0.117209
0.195357
0.155225
0.05423599999999999
0.12578599999999998
0.07376100000000001
0.153831
0.153409
0.058526999999999996
0.154645
0.058802999999999994
0.19428399999999998
0.117517
0.198291
0.164044
0.055538
0.157854
0.053488
0.024522
0.057054
0.160634
0.189073
0.191692
0.20958400000000002
0.34843
0.31906500000000004
0.3871520000000001
0.42984
0.169433
0.14503
0.0570822
0.1402
0.14399479999999998
0.153101
0.058003999999999986
0.052628999999999995
0.051998
0.15535100000000002
0.149861
0.149135
0.14441500000000002
0.049097
0.35783400000000004
0.3667798
0.3629827000000001
0.29429390000000005
0.18626289999999998
0.0334281
0.125839
0.2055342
0.2102235
0.2101916
0.1997696
0.2046105
0.12010640000000004
0.1908661
0.1755477
0.12182960000000001
0.15265900000000002
0.1839878
0.2223964
0.2335658
0.2098333
0.2382214
0.21482870000000004
0.1260381
0.028499199999999995
0.1340998
0.1220417
0.13689489999999999
0.12941529999999998
0.1248425
0.1240182
0.1324011
0.117112
0.13362829999999998
0.0394211
0.11101130000000001
0.1873489
0.1230837
0.1521752
0.1341528
0.1422154
0.13899579999999995
0.0912924
0.1121518
0.1335849
0.1196184
0.1278483
0.15529039999999994
0.2229016000000001
0.12622039999999998
0.21640300000000004
0.13704910000000006
0.1326103
0.033532
0.133635
0.123378
0.14438800000000002
0.120849
0.122451
0.129575
0.12548199999999998
0.030926
0.17024799999999998
0.08242100000000001
0.180427
0.167248
0.174849
0.182511
0.158756
0.218097
0.179061
0.119042
0.048073000000000005
0.025383000000000003
0.124499
0.130749
0.11898900000000001
0.11867
0.114876
0.113662
0.11858199999999999
0.131054
0.128048
0.109675
0.132516
0.11093499999999999
0.11627
0.123497
0.118072
0.117602
0.118398
0.113602
0.13463699999999998
0.129225
0.139417
0.15396400000000002
0.16647499999999998
0.142645
0.160416
0.166454
0.145126
0.167974
0.17010999999999998
0.16128599999999998
0.16594399999999998
0.16219
0.091743
0.192444
0.17330699999999996
0.099277
0.09551699999999999
0.163768
0.131624
0.131884
0.131694
0.120493
0.12034500000000001
0.134049
0.123969
0.118756
0.114898
0.10487
0.104941
0.121842
0.13519
0.127949
0.126921
0.124794
0.119842
0.131966
0.123935
0.10959300000000001
0.121901
0.118058
0.10356300000000003
0.120396
0.14315199999999995
0.1150287
0.103116
0.107867
0.110646
0.101223
0.111353
0.112907
0.111874
0.11170899999999999
0.114889
