0.24549941
0.19566276
0.12291174000000002
0.17060464000000006
0.09010179
0.19353271
0.28403181
0.13194904000000002
0.1858357
0.12192109
0.1590267
0.11765484
0.10383725
0.33959491
0.2965225
0.2294082000000001
0.17455654000000004
0.22048435000000005
0.1553108
0.16393499
0.15364729
0.18029265000000005
0.17493688999999998
0.21615550000000008
0.24076584
0.3100482
0.29301311
0.17792299000000006
0.12334994
0.16072294
0.15819514
0.2157418
0.18685719
0.12032444
0.10340279
0.2148646
0.13847204000000002
0.19327184000000008
0.15318324
0.16039641000000002
0.14193954000000006
0.18234275
0.18338804
0.19403494000000004
0.15748619000000005
0.17622289
0.18273294
0.14473234
0.12982454000000004
0.14446034000000002
0.18279134
0.18580020000000005
0.14672759000000002
0.16219649
0.15450049000000002
0.15719969000000006
0.12144874
0.11922494
0.1764932
0.15517954000000006
0.13996939000000005
0.14305549
0.23277474
0.18147529
0.12431364
0.15177054000000004
0.20439024
0.16023529
0.10936577999999997
0.08703343999999999
0.10536589999999998
0.14666325
0.20837150000000002
0.20664127
0.24252012
0.08207079999999999
0.13873545
0.05143103
0.12419423999999996
0.09007129
0.10397299
0.060294340000000016
0.08098699
0.07976588999999999
0.09439758
0.09620339
0.09304019
0.03065823
0.07960064
0.04715814
0.10322024
0.12392161
0.16088556
0.25540427
0.30590747
0.28271277
0.12080304999999995
0.09159179
0.07541359
0.1182743
0.10719271
0.08033941
0.10644500999999998
0.12403130999999998
0.11724536
0.04948103999999999
0.08659649999999999
0.11979100000000001
0.21391281000000004
0.09676925
0.14527137
0.10444631
0.17994662
0.08806211
0.09519276
0.19279662000000009
0.07753705999999999
0.13600052
0.09909861
0.16048592
0.13121717
0.18008307
0.13658167000000002
0.10004266
0.18630001
0.15353371
0.14049222
0.27778994
0.31679138
0.25709574
0.30464494
0.21996214
0.09371683
0.14963787
0.11620607
0.20920559
0.16546489000000006
0.15200838
0.16580537999999995
0.12200513
0.14548008
0.11315994
0.12980608
0.18253599
0.25529864
0.2196134
0.18916474
0.13338563999999994
0.14782974
0.12188998
0.24211374
0.2793170700000001
0.24408516
0.10652201
0.16158084
0.20304603
0.19265718000000004
0.16291354
0.16651328
0.19930072
0.2323059700000001
0.2381444100000001
0.26641067
0.22274247000000005
0.17393407000000005
0.18762356000000005
0.15677921000000006
0.31266322
0.34362898
0.26001863000000003
0.20688077
0.25337941
0.21286847
0.23420642
0.21992512000000008
0.20037507
0.2422770200000001
0.25096287
0.28601338000000004
0.22217853
0.23304753
0.20811217
0.21978067000000007
0.17721557
0.2377365700000001
0.17182331000000006
0.25287767000000005
0.22295751000000005
0.20131901
0.27246189000000004
0.20033928
0.22022573000000004
0.23902884000000005
0.19846628
0.20709128
0.22125507
0.26346711999999994
0.23839027000000004
0.26193676999999993
0.22999212000000005
0.24769546999999995
0.22924741
0.2184877600000001
0.27340137
0.25247771
0.21159061
0.21961771
0.2307605600000001
0.26675460999999995
0.24372036
0.25325741
0.21669137
0.22374751
0.29948578000000003
0.32020777999999994
0.41258788
0.39477523
0.25625807
0.20481722
0.23945113
0.27690037
0.27145423
0.22513219
0.25988579
0.2254106800000001
0.24303244
0.19699794
0.27444038
0.23090423
0.20222997000000004
0.21035832
0.24857883
0.15784682000000005
0.28323301999999995
0.22073257
0.22429167000000005
0.23849357
0.24863111
0.24500307
0.20642251
0.25920827
0.24910741
0.27511747
0.23569456
0.24437261
0.25616166
0.26666881000000003
0.2399349600000001
0.25977067
0.25544881
0.26698207
0.26852452000000004
0.27200922
0.29826593
0.21320123
0.26184932000000005
0.20663017
0.21769737000000008
0.23874977
0.22411317
0.21469212
0.21659257
0.20236597
0.19680077
0.25991971
0.27444022
0.3078926200000001
0.22988452
0.25131776
0.29498551
0.30416022
0.23978561
0.22200406
0.25907602
0.24170776
0.24755811000000005
0.20235336
0.26143387
0.21351816000000004
0.21961476
0.18301681
0.20910671000000008
0.2165265100000001
0.17602791000000004
0.22397529
0.17404407
0.19680264
0.19057763
0.18374221
0.20094655
0.17554625000000004
0.17051673999999994
0.18872955
0.16624809
0.42245989
0.3531428
0.35953837
0.18689344
0.23125459
0.17544919000000006
0.18543538
0.27525570000000005
0.27372146
0.20878626000000008
0.1933189
0.26415170000000004
0.19976266
0.18948462
0.1602761
0.19033985
0.1883428000000001
0.2055728
0.18545384
0.12835934000000002
0.13658742
0.20041152
0.17179419
0.29513471
0.14900228
0.17190419
0.14350754000000002
0.16094849
0.13974414
0.186159
0.1792771
0.141629
0.14210898
0.16767753
0.26398256000000003
0.20740209000000004
0.11418301999999995
0.19672639
0.16725829
0.12690212
0.12243261999999998
0.15631834000000006
0.22064244
0.14773295
0.14428599
0.12309673
0.20141606
0.18081440000000001
0.18372825
0.1222391
0.26418237
0.16414211
0.12354117000000002
0.12349898
0.12440703
0.14039882
0.11044691
0.15389988
0.06191642
0.04746596
0.1516731
0.11075978
0.06908123000000001
0.11287769999999996
0.09454814
0.07033524000000001
0.11242252
0.17553267
0.0833972
0.12325036000000004
0.06992454
0.1028088
0.05460638
0.07079918
0.11207069
0.10035969999999997
0.15042125
0.13996781
0.1056798
0.0424722
0.12947540000000002
0.13424311000000005
0.10763687
0.09017997
0.11436861
0.21347553
0.25668117
0.17305352000000002
0.10240666
0.13255808
0.08953843
0.10310762
0.11221898
0.01929091
0.02497657
0.12360232
0.07089757
0.07642280000000001
0.12681147
0.19934756
0.15514999000000002
0.17422756
0.1409128
0.1062971
0.11620973
0.11037993999999997
0.14169356
0.19144951
0.12408041
0.14585189999999998
0.06882136999999999
0.15059476000000002
0.08620143
0.17591851
0.16896761
0.09115958
0.13449191
0.17893146
0.17041256000000002
0.15717094
0.11126832
0.10850114000000002
0.08848157000000001
0.20616227
0.11581618
0.172645192
0.13762803
0.12999042000000002
0.09402469999999999
0.14698094
0.23732755000000005
0.2126747
0.21026761
0.17694184
0.10413847
0.16888809
0.15231185
0.16359189999999998
0.19111332
0.14322955
0.21445097
0.14080391
0.12206949000000004
0.19627905
0.17507604999999998
0.10044239
0.27873046
0.30208232
0.24628256
0.21089875
0.15250442
0.17866436999999996
0.23762632
0.1756456
0.20586014
0.25291623
0.28074065000000004
0.23333271
0.28457565
0.25454275
0.21903093
0.22134588
0.24085683
0.27174337000000004
0.22937670000000002
0.23018689
0.24086293
0.22595102
0.2367797
0.2186597
0.23510869
0.21583288
0.26340061
0.25261473999999995
0.27780265000000004
0.26125175
0.23607237
0.25710223
0.24694927
0.26004023
0.30752727
0.29171632000000003
0.29431823
0.22174727
0.20477632
0.26113727
0.21072919
0.16822346
0.20349536
0.25863875000000003
0.25835065
0.21772874
0.24750970000000003
0.22998588
0.25336875000000003
0.27241970000000004
0.23907684
0.25644065
0.24322969000000005
0.24915874
0.23487779
0.28762256
0.2286577800000001
0.25382683
0.25827778999999995
0.28727256
0.24811065
0.23776874
0.26248969
0.25329064999999995
0.27725160000000004
0.31824542
0.24431874
0.25653778999999993
0.27867256
0.27687925
0.29365447
0.29736542
0.24836160999999995
0.28540351
0.27769969
0.28317874
0.2947135200000001
0.30149065
0.26993875
0.29666874000000004
0.24650064
0.2785197000000001
0.2539154200000001
0.23331056
0.24285874
0.30668512
0.28584826
0.28719212
0.23001739000000004
0.22915021
0.2151612
0.21106953
0.21403474
0.12863791000000002
0.13867547000000002
0.12484347
0.13886001999999995
0.16766111
0.15868273
0.16673037
0.12849173
0.14419898
0.14307172
0.13966933
0.19494658
0.15865972
0.16051993
0.14922832
0.14497273000000002
0.12984141000000002
0.16273138
0.15301973
0.14370907
0.16752197
0.21920275
0.21874792000000004
0.20173688
0.17040603
0.17340302999999996
0.17604198
0.20334389
0.18230594
0.21962889
0.19670394
0.20589846
0.20533941
0.20772432
0.24833327
0.17714241
0.18336333
0.20638922
0.20155008
0.23092667
0.21968562
0.19282403
0.23674036
0.21008654
0.19902066
0.18102556
0.19980261
0.19765855
0.11865078
0.13263170000000002
0.27878207
0.21135517
0.27352812
0.26776622000000005
0.2505709700000001
0.19376341
0.20743636
0.18422922000000005
0.12798321999999998
0.13014230999999996
0.17598918000000002
0.14807800000000002
0.203682
0.16570900000000002
0.19944146
0.33376494
0.33744956000000004
0.3384991
0.32635905
0.18459189
0.17673771
0.18659299
0.23312285
0.137573
0.140497
0.133437
0.13058999999999998
0.13436900000000002
0.119191
0.14133900000000002
0.12363099999999999
0.123521
0.131486
0.116507
0.32005300000000003
0.1631674
0.19128977000000005
0.21431672000000004
0.11037650000000002
0.11838234
0.10570978
0.09773292
0.10524577999999997
0.10035088
0.12420964
0.09637169
0.12677771
0.13364415000000002
0.1106213
0.14848125
0.12808319999999998
0.1165885
0.09159283
0.11335498
0.09826506000000004
0.15999591000000002
0.08801840000000001
0.12246282
0.11916367
0.12774520000000006
0.16669520000000002
0.15765623000000006
0.03748502
0.03535542
0.04915079
0.03877817
0.03404122
0.03621722
0.03399222
0.03652517
0.05681469
0.06403684
0.03712522
0.03633051
0.03475642
0.04191337
0.03617331
0.034933079999999984
0.07640411000000001
0.0837994
0.08230511000000001
0.10288902
0.08118239
0.09406515
0.07933525
0.09025806
0.08502539999999999
0.06023964
0.04663973
0.05156374
0.07503445000000003
0.06001764
0.06263368999999999
0.05902584
0.05324564
0.0405544
0.05267926
0.10359845
0.13350598000000002
0.09316039
0.17708878
0.15960748
0.17048764
0.13502878
0.13403983
0.19281873
0.15653153
0.20855082000000005
0.22503279
0.20214354
0.20317364
0.22338859
0.16612169
0.13232477
0.13659568
0.14664613
0.14262308
0.20997251
0.15484729
0.13753918
0.16773713
0.18159016
0.23566527
0.23780527
0.18846541
0.16808341999999998
0.16997318
0.14898706
0.15912017
0.15553978
0.15236096999999998
0.15978778
0.1741075
0.17077859
0.17168054000000002
0.17694374999999998
0.16670883000000006
0.22091219
0.18943969
0.14356997
0.13146992000000002
0.14682412
0.12955601
0.13780383000000002
0.22498569
0.18188802
0.22736679
0.22017479
0.15104893
0.15470857999999998
0.17539174
0.22062683
0.12001396
0.14222682
0.14182597
0.20713878
0.20014902
0.24657212
0.27553970000000005
0.21887307
0.22279399000000005
0.24565088
0.23265074000000005
0.31511062999999995
0.26139579
0.22524978
0.2748496
0.22625588
0.23228083
0.25722164000000003
0.22614674
0.11824761000000004
0.17485525000000002
0.15658736
0.17605326
0.19162822000000004
0.18473516
0.15814616
0.15796139
0.16075197
0.13441645
0.16542416
0.21076621
0.22594992
0.18149702
0.17461391999999998
0.19163997
0.17093402
0.08238845
0.15514974
0.13654126
0.14867218
0.20004812
0.12945165
0.16113721000000006
0.14508150000000006
0.17606411000000002
0.18503607
0.18972517
0.14979526
0.17234632000000005
0.17716717000000004
0.14017522000000002
0.19127313
0.18011894
0.18336617
0.16138826000000006
0.2339268800000001
0.17710651
0.17293708000000002
0.20890408000000005
0.19439298
0.15624129999999994
0.1761012
0.18172816000000008
0.18789925
0.19276526
0.18318225
0.14539459000000002
0.15110949999999998
0.14867127000000002
0.20652798000000008
0.16422145
0.15883631000000006
0.15137755
0.14399983
0.18033808
0.18428889
0.24060121
0.24314491
0.19462570999999995
0.15393658999999998
0.15911029999999998
0.14201421
0.14161405
0.14460705
0.14438686
0.14945791000000005
0.14433276
0.14614295
0.14998871000000005
0.15564106000000005
0.16770596999999998
0.15185201999999998
0.16330867000000004
0.14463791
0.13536579999999998
0.14052066000000002
0.14179008
0.15184533000000006
0.16464973000000002
0.13878242000000005
0.14912883000000002
0.15104213000000002
0.13875306
0.15041416000000002
0.16264417
0.20462055
0.16869720000000002
0.12046294
0.13152550000000002
0.13934084000000002
0.13781974000000002
0.13747309000000002
0.14234175000000002
0.13391219
0.14009984000000006
0.13213070999999998
0.23057212000000005
0.12156024
0.15550152
0.12300104999999995
0.12965299
0.18471726
0.16351203
0.15022803000000004
0.18476879
0.13650528999999995
0.15703654
0.14921096
0.22727791
0.22640275
0.22797671
0.2457602700000001
0.23760616000000004
0.16838675999999994
0.14264466
0.14838346
0.13115721000000002
0.12701471
0.13816946000000002
0.13021605
0.1262129
0.12586495
0.13965099999999994
0.14715671
0.13379224
0.13066839000000002
0.13740170000000002
0.1377506
0.14870502000000002
0.2288489800000001
0.13823117000000004
0.1439825
0.1394067
0.25120446
0.24057951
0.2314904
0.23580245
0.25493728000000004
0.23405441
0.22709359
0.24415625
0.23864725
0.23725341
0.2413794
0.24995931
0.2322602000000001
0.23869116
0.26457226
0.2714563
0.24190326
0.27137112
0.23319016
0.26828212
0.23227426
0.22989726
0.26304212000000005
0.22419336
0.23990122000000005
0.18654406
0.20469825
0.16915516000000005
0.18589601
0.20394586
0.16803475999999998
0.16947191
0.09046606
0.13632911
0.14817281
0.15597681000000002
0.1103322
0.11785121
0.13874367
0.18392301
0.12678601
0.12024891
0.13875096
0.15614116
0.23917766
0.11127259
0.11288764
0.12926254000000004
0.12895163999999998
0.12334259
0.11965559
0.14209055
0.12575269
0.11347974
0.11760969000000004
0.12326979
0.10277179
0.11698664
0.10288069
0.08235943999999999
0.06326824000000003
0.06476670000000001
0.07851369999999999
0.07406368999999999
0.09891225
0.05306202
0.10013841
0.054697600000000006
0.07584241000000001
0.0490465
0.08615369999999999
0.08759373999999999
0.06274075000000001
0.06848375
0.08854651
0.07186251
0.10055531
0.08598646000000003
0.12750145
0.048922690000000005
0.06499049999999999
0.05971369
0.08520936
0.05401875
0.07161745
0.05978775
0.06730851
0.06443364
0.06281655
0.07319160000000001
0.08943121000000001
0.05616979
0.0733135
0.07339869
0.10593621
0.04888269
0.06471858999999999
0.07857351000000001
0.07030126000000002
0.09270621
0.13342011
0.08079245
0.05615956
0.07583526000000003
0.0587014
0.06995435
0.10683321
0.1362154
0.13313521
0.12609326
0.11040806
0.10238616
0.11150807
0.17913549999999998
0.10016698000000004
0.13544322
0.08978261000000001
0.11216156
0.11089037
0.12453795
0.12825340000000002
0.15700407
0.15263307
0.16020903
0.14008526000000002
0.13119121
0.14842886
0.12294536
0.14564616
0.14121330999999998
0.13731226
0.07834600000000001
0.104125
0.195499
0.20010894
0.18589262
0.16666499
0.20780017
0.14617127
0.18738927
0.19816136
0.2034355
0.20005645
0.18166341000000005
0.16125736000000002
0.20695136
0.17296036000000006
0.18927941
0.17192041
0.17717036
0.17875050000000006
0.18435245
0.19256541
0.19479945
0.21221041
0.21222731
0.24418231
0.2151125
0.22544954
0.13360154
0.14077353999999995
0.13455250000000002
0.14619153999999998
0.15549545
0.14754850000000005
0.15724240999999994
0.17328645000000004
0.13982550000000002
0.14899053999999998
0.14199950000000006
0.14862045
0.16865559
0.15973458999999995
0.14666453999999998
0.17273454000000002
0.15501159
0.15334554
0.14102253999999995
0.159858132
0.15487254
0.14555441000000002
0.24546327
0.32323032999999995
0.16564964999999998
0.16292403999999994
0.20556904
0.19519031
0.22102445
0.20037193999999994
0.20803948
0.19590651
0.25257916
0.25678011
0.2150382
0.18505537
0.20276499
0.19345331000000004
0.26732276
0.19098507
0.19920279999999999
0.13659687999999998
0.24472655999999995
0.18155035000000005
0.18725941
0.21288445
0.23069071
0.22089631
0.20106145000000009
0.22843531
0.20631132
0.20827345
0.26141166000000005
0.24612194000000004
0.24672897
0.2764461
0.2366393400000001
0.21353117
0.23329798
0.20987926
0.24016199
0.21059117
0.22234549
0.21879847
0.22220789
0.22534979
0.22049812
0.25532476
0.21475868
0.23136084
0.21822026
0.1962235
0.21848931
0.22770894
0.21954703
0.17926441
0.19267945
0.19969922
0.26062062
0.22248793
0.20422125
0.2188074
0.23072222
0.22672431
0.25585007000000004
0.22559331
0.20292631
0.22943641
0.21489026
0.22214636
0.22209607
0.22310199
0.21807089999999998
0.21300308
0.26360498000000004
0.24062599
0.20899994
0.26153466000000003
0.23136688
0.24527517999999995
0.23523994
0.23844489
0.23111689
0.21261735
0.22276327
0.22606807
0.20259926
0.1951625
0.21571321
0.21027309
0.22497998
0.38099044
0.38615631
0.37475035
0.29835748999999995
0.21565303
0.20201223
0.20109208
0.2293688
0.23244498
0.22041116
0.16587735999999995
0.10092118
0.19165594
0.18048927
0.22739593
0.17663402
0.17816498000000006
0.27066497
0.23252593000000005
0.18042793
0.14602948999999998
0.17255335
0.14791439999999995
0.16044648999999994
0.16705117
0.21625594000000006
0.21344212
0.2174468900000001
0.18054403000000005
0.18444593
0.22892783
0.19205071000000004
0.17625689000000005
0.19300789
0.22590498
0.20013594
0.20556688
0.19505308
0.19026403
0.19931070000000006
0.1839438800000001
0.23207671
0.22555261000000004
0.1994908
0.16996307999999996
0.17519998
0.15867130999999998
0.15179617999999998
0.18037098
0.16036230999999998
0.16259321999999996
0.16877321
0.17410413
0.14371322
0.21014872
0.20698071
0.17160413
0.1483204
0.14374025999999998
0.14959130999999995
0.15533907000000002
0.14303317
0.14069616999999998
0.15396806999999998
0.15310694
0.15141699
0.15254316999999998
0.16353699
0.17898512
0.17315417
0.14172821
0.14423820999999998
0.16945148999999995
0.28816934
0.33959067
0.19610903
0.15495615999999998
0.15872707
0.17160012000000002
0.15143626999999998
0.14349726999999998
0.18108817
0.13844221999999998
0.10108413
0.09537526000000003
0.07207472999999999
0.07894858
0.12924907
0.08463531000000002
0.07584963
0.09118445
0.14768089000000004
0.0876085
0.09277236
0.08167840000000001
0.13509536000000005
0.11081684
0.09154231000000004
0.09958835000000002
0.15234799
0.16991703
0.10806821000000004
0.13715089000000005
0.12093721000000004
0.10822112
0.10126803
0.09101626000000004
0.13505232
0.20909836
0.18231221
0.16274898000000002
0.15870812
0.19123336
0.14569735
0.19148785000000004
0.16085517000000002
0.16648011999999998
0.16614026
0.15310640000000006
0.15129449
0.14117831
0.15443204
0.15259898
0.13939849
0.14416631000000002
0.1882169
0.16124072000000006
0.09443103
0.12322494
0.23222353
0.24119453
0.24020565000000005
0.20219066
0.1602557
0.19156457000000005
0.15589779999999998
0.18495771
0.14050613
0.18231637
0.16107465
0.13420829999999995
0.19256394
0.17831075
0.12242372
0.12198036
0.15856827
0.18603731
0.22436167
0.23342557
0.19004617
0.18994226000000008
0.19719222000000008
0.26495488
0.24436898
0.19045417
0.24012494000000004
0.22714516
0.22096421
0.2356564
0.25714845
0.25464545
0.21430116
0.20232166
0.27744453
0.2387488
0.21612879
0.22994151
0.25450498000000005
0.17790725999999998
0.18658736
0.20455793000000005
0.21423307000000005
0.22155116
0.20468307
0.2035830700000001
0.25013072000000003
0.2322530800000001
0.20143926000000004
0.21907116000000004
0.22112117000000006
0.22505117
0.22874499
0.22076816
0.21946735
0.23232308
0.21652022
0.20211345
0.20681403
0.21565022
0.24163021
0.21745402000000005
0.18658926
0.18031021
0.21389507
0.1909864
0.20280735
0.16432349999999998
0.19391925999999995
0.20355116
0.20651307000000005
0.23882357
0.19398516
0.22069594
0.1936683
0.21805498
0.2372667900000001
0.20787392
0.21792678
0.34166965000000005
0.42537246
0.25616487
0.26581488000000003
0.22399583000000006
0.23344583
0.20989296
0.23350678
0.23989678999999994
0.26072155
0.2884977400000001
0.22798964
0.23927679000000004
0.19677596
0.19988587
0.20299592
0.27654692
0.22556100999999995
0.20828201
0.21205392000000006
0.20294201
0.18494296
0.23299587
0.20886296
0.21134201
0.18241096
0.17958297000000004
0.18209792
0.19899792
0.19577774
0.22314974
0.20582277
0.22567092
0.23983383000000005
0.20586567000000008
0.24897488
0.21493901
0.20760392000000005
0.22728195999999995
0.21387996
0.21378296
0.1882948700000001
0.22224296
0.20911583000000009
0.18098472000000004
0.21077783
0.19923392
0.2285648700000001
0.23775583
0.20026983000000004
0.20410701
0.25052155000000004
0.2712996400000001
0.19168487
0.17976197000000002
0.18988583
0.17119895999999998
0.20477679
0.21677296
0.21068583
0.24336773
0.2441786900000001
0.23352583
0.20662773
0.17371583000000002
0.20287773
0.18739964
0.23306583
0.18651678
0.21039765
0.25616282999999995
0.23113074
0.21730283
0.18017197
0.18322392
0.18691487
0.19393583
0.17381773
0.20411487
0.21559792000000005
0.22385679000000008
0.19045083
0.32141488
0.18293297000000008
0.22224583
0.22789250000000005
0.22006774000000004
0.23051274
0.26963083
0.32817264
0.13943464
0.19242583
0.19951778
0.17394791999999998
0.22183887
0.16412986999999998
0.15463627
0.17643272000000002
0.17711043
0.18716463
0.18398497
0.20542443
0.20230634
0.19007718
0.19196208
0.20042848
0.21880983000000004
0.2330629700000001
0.22960487
0.21001383
0.20941802000000004
0.20562392
0.21564092
0.21542487
0.2099005800000001
0.21610957
0.20708376
0.19165926000000005
0.19623696
0.22515114
0.25344027
0.23010167
0.20542907
0.19031607
0.16942877
0.16309516999999998
0.15079733000000006
0.15248372
0.15659477
0.18419919
0.14256587
0.17192802
0.14358092
0.18992597
0.18010533
0.18792899
0.20326354
0.20430009
0.17461392000000006
0.15162207
0.16928317
0.16032783
0.18467447
0.16930552
0.17895782
0.17983433
0.18880646
0.17719374000000002
0.16077237
0.17996273999999998
0.16976602000000002
0.17363581999999994
0.17267907000000002
0.15377538000000002
0.14641702
0.15579302
0.21640792
0.16525796999999998
0.14554197
0.14281683
0.16023092
0.15870997
0.15094002
0.18740301
0.18194292000000006
0.19416792
0.13518887000000002
0.14283701
0.14847416000000002
0.09740011
0.11214688
0.16946060000000002
0.16607565
0.16341264
0.16313169000000002
0.16615564
0.12437355
0.1410276
0.14364955
0.17774964
0.12703763999999998
0.15952564000000002
0.18470569
0.10961173
0.18516155
0.1313176
0.11397578
0.15991959
0.17627874
0.17197469
0.22920965
0.27083755000000004
0.20544659
0.23925655
0.23798249999999999
0.18975546
0.19271651000000006
0.13845616
0.20305241
0.23848946
0.14067051
0.14012069000000002
0.1726036
0.22845551
0.14819873
0.20456365
0.14895669
0.15655673000000006
0.14264983
0.19950755
0.14344464
0.17393136
0.24147179
0.19439641
0.15246554999999998
0.20584441
0.11350583000000004
0.14520969
0.14917364
0.15529773
0.12850487000000002
0.17899783
0.13696383000000004
0.09069397000000004
0.14815778000000002
0.12972283
0.11532902
0.10989197
0.13759692
0.10899592
0.09243497
0.25350869
0.19598351000000008
0.16668069
0.27051383
0.22142751
0.2306528
0.14602824
0.18874139
0.21567524
0.16959757
0.20514239
0.22219043
0.28262663
0.23262044
0.22964663
0.18555276000000004
0.18563523
0.20440239
0.24722429
0.17994429
0.20298139
0.18311139
0.21306619
0.18802092
0.19162233
0.23640434
0.23288457
0.2869316900000001
0.4007611600000001
0.43318996
0.21206466
0.23945843
0.23383814
0.26364715
0.21863329
0.19109562
0.19501524
0.20287618
0.20349277
0.20243618
0.23420614
0.23246753
0.20988754
0.20903944
0.33141091
0.39191136
0.20828569
0.18297661
0.22338658000000008
0.19958277
0.22692043
0.19978137
0.22228662000000005
0.20055237
0.2261713800000001
0.16724472
0.17193562000000004
0.17323233000000002
0.21237858
0.20818334
0.20660143000000009
0.20991804
0.19543237
0.17950947
0.17850562
0.17198137000000002
0.16805856
0.16368762
0.15872851000000002
0.20039333
0.18958518000000005
0.23837372
0.20206806
0.18704232
0.16176142000000002
0.17345662
0.26589708999999995
0.20079709
0.27711476
0.24390803
0.20576188
0.2329471800000001
0.20281898
0.21871994000000008
0.21624284
0.21671613
0.21646333
0.2597081
0.19627823000000005
0.23498738
0.22560239
0.2516052500000001
0.24938525
0.24332043
0.25045143000000003
0.24987239
0.25138144
0.26447234000000003
0.27112335
0.3077614
0.29070525
0.23502953
0.2622319
0.20726238
0.24309329
0.28154848000000005
0.23133663000000004
0.232089
0.25148234
0.26463424
0.22010808
0.28731335
0.21653333
0.21139618
0.24563666
0.24314524
0.25342000000000003
0.21972144
0.2270642400000001
0.25216953000000003
0.20984329
0.2386661900000001
0.24531453
0.21728757000000004
0.26597716000000005
0.2418271
0.2448745
0.24095958
0.26401232
0.2444971
0.24504875
0.21243765
0.21368899
0.25547191
0.2376184
0.22482434
0.25367216
0.2556188600000001
0.34139836
0.2567356100000001
0.23757556
0.24528514
0.24482696
0.22761746
0.23947908
0.29934525
0.2246848
0.22167294
0.20848099
0.2405848
0.24713459
0.25584048000000004
0.24924454
0.24664039
0.24218204
0.20772929
0.24668315
0.2475812
0.31887812
0.42940447
0.38497463
0.42742423
0.24472315
0.2086781
0.18316885
0.28449795000000005
0.25773134000000003
0.20040135
0.24969795
0.19440665
0.21934665
0.22362559999999998
0.25284270000000003
0.27015856
0.27247491
0.24106775
0.29674480000000003
0.27834095
0.3079205700000001
0.25429161
0.24423589
0.26506876
0.2541947
0.2583527
0.22876656
0.25494441
0.23444875
0.22298704
0.22058989
0.2260099
0.24278066
0.24325354
0.24397768
0.21107289
0.21289114
0.23359556
0.22413699
0.22934532
0.2534944
0.24276075000000005
0.21363285
0.22843246
0.23644004
0.23115394
0.24029339
0.2402631
0.24245929
0.24733309
0.25522494
0.29608805000000005
0.23917705
0.23570990000000006
0.25161696
0.28238777000000004
0.21833808
0.17953126
0.20154163
0.19413202
0.20656936
0.2122947
0.24529435
0.28639084000000004
0.20737274
0.23575174
0.21329922
0.21154619
0.21139167
0.22646941
0.26797496
0.25100865
0.2895598
0.26607674000000003
0.22540764
0.16789108
0.18182003
0.20760771
0.19620061
0.17459551
0.17817388000000006
0.16831904
0.17077494
0.17041370000000006
0.16987295
0.27154691
0.4081065900000001
0.43492608
0.16494079
0.18193494
0.16641228
0.17423685
0.19496185
0.19516043
0.16730137
0.18847509
0.22650329
0.2137954
0.19439847
0.17944132
0.18654522
0.17553718
0.19107713
0.18141838
0.18834423
0.15723239
0.18408804
0.2037138
0.14720078000000006
0.17407678
0.16388787000000002
0.18527678000000009
0.19474678
0.2024867800000001
0.19244392000000005
0.18199583000000005
0.18023392
0.24674774
0.23277869
0.16910478
0.16827983
0.15882596999999998
0.18576278
0.22818269
0.21162979
0.21054369
0.19869487
0.23549188
0.21157087
0.21392879
0.22742792
0.18632701
0.20468101
0.1841494
0.15935456000000006
0.14477927000000002
0.18085927
0.19404647000000005
0.19922891
0.16322002000000002
0.15637901
0.16611774000000004
0.27472774
0.29534251
0.26794387
0.11270197
0.23069773000000005
0.22215774
0.2960458300000001
0.2535167900000001
0.22635392
0.20182297
0.22471392
0.22160774
0.22675583
0.24701774
0.25099392000000004
0.28741392000000004
0.23844487
0.26919583
0.2255577400000001
0.24259773
0.24606583
0.28486583
0.25920488
0.22826483
0.26358965
0.27341869
0.27947583000000004
0.29205678
0.29725869000000005
0.27567769000000003
0.28897774
0.28522773999999995
0.25414583
0.24254679
0.26004773000000003
0.27071583
0.20413988
0.24762678000000005
0.22864488
0.2244667800000001
0.27002487000000003
0.21331874
0.24164374
0.26885427
0.27882187
0.23821998
0.24740969000000004
0.21928669
0.25144869
0.26868346
0.29744964
0.22162965
0.20471964
0.21144964
0.20874969
0.20849964
0.20609265000000004
0.17402583000000002
0.18731669
0.21849155
0.25784346
0.24819059000000004
0.22613255
0.21960250999999995
0.16583469000000006
0.23122964
0.21200583000000006
0.21560964
0.19375678
0.17507773
0.2146406
0.24147965000000005
0.20432869
0.2125806
0.19590059000000004
0.19936964
0.23849854999999995
0.26157441000000003
0.21516251
0.22838060000000002
0.23411964
0.25226569
0.25038174
0.20983851
0.18859764
0.20434764
0.20092755
0.17098574000000002
0.16953269
0.17325369
0.2129515
0.17650983
0.18596759
0.22739551
0.2192165
0.25866769
0.23352165
0.24984764
0.2340686
0.18433578
0.20173374
0.19324265
0.2151496
0.18501278000000004
0.19309065
0.19870955
0.1933166
0.20094755000000009
0.21389255
0.19414160000000005
0.2003626
0.20990659
0.21953769000000006
0.19786855
0.23580218
0.20150555
0.20638142
0.16413369
0.19851846
0.21260442
0.1900116
0.1908515
0.2026635
0.18686146
0.19644846
0.18991169
0.18346255
0.20083846
0.22786146
0.24025259999999998
0.24811255
0.23633751
0.22958946
0.21736151
0.24150255
0.20214551
0.2131776
0.22575951
0.1980746
0.24176942
0.20660841
0.22018641
0.22825537000000004
0.22644246
0.21946060000000006
0.21228346
0.20266651
0.24581837
0.23791259
0.28570759
0.32656133
0.36638137
0.38412346
0.3722595
0.39264155
0.35268646000000003
0.35759155
0.37426665
0.35614565
0.3685205
0.3648175500000001
0.3629316
0.3770273699999999
0.39089455
0.3810075
0.3777164599999999
0.38456556
0.35789546000000005
0.35441746
0.34375449
0.38811555
0.3935272
0.3803454
0.37491321
0.35754261
0.37488441
0.36183051
0.3783455100000001
0.4017073600000001
0.39025155
0.41521961
0.40728886
0.38279935
0.38656565
0.39183242
0.37084055
0.35841964000000004
0.36949622
0.35338417
0.35051965
0.34386436000000004
0.3468775
0.36679455
0.37296269
0.36294069
0.35831564000000005
0.3543066
0.30694946
0.34454678
0.29478378
0.31669583
0.34648974000000005
0.27572892
0.16137283000000002
0.1382476
0.26948588
0.18999579000000005
0.22942978
0.22752978
0.33118563999999995
0.23067392
0.17183097
0.12821186
0.12611537
0.15461429999999998
0.13830248
0.14202879000000002
0.13388588
0.23017078
0.19749974
0.23238455
0.31050065
0.25318964
0.24401855
0.2503135
0.21131351
0.15028246
0.2001253
0.18509305
0.13556264999999998
0.13621039
0.15295188999999998
0.15052654999999998
0.14859483
0.13829793
0.15200573000000006
0.17619073
0.15053463
0.15224823000000004
0.2177567
0.18723674
0.17542435
0.18122955
0.14965948999999998
0.12959788000000005
0.13911774
0.14673255
0.15078869
0.18008565
0.16875065
0.16563060000000002
0.13637433000000004
0.12542609000000002
0.14047554
0.13772919000000006
0.27697938
0.25767387
0.20302832
0.24412631
0.15497102999999998
0.18170993
0.13943358
0.12976438999999998
0.13565038
0.16505148
0.17277694000000002
0.2295283
0.13382368
0.14948423000000002
0.16193728000000002
0.18274964
0.18018769
0.17689365
0.21222283
0.22631888
0.21096383
0.21159269
0.22177764
0.2445195500000001
0.2443306
0.23950678
0.24400869
0.24650251
0.23969155
0.23214678
0.23478869
0.19763488
0.21299678
0.1937177300000001
0.24842169
0.26926369
0.22362279
0.21553201
0.25720287000000003
0.23312774
0.32312969
0.26982887999999994
0.25996583
0.24419297000000004
0.2434939200000001
0.17899297
0.15940597000000006
0.20404587
0.22564678
0.19756488
0.18969597
0.19313287000000004
0.18743488000000005
0.16379779000000005
0.24030774
0.2347658300000001
0.24937487
0.24139679
0.26075869
0.27145679
0.25747887
0.2484477400000001
0.27565964000000004
0.25237583
0.25337679
0.27488774
0.26926679000000003
0.25486774
0.2679606
0.28989251000000005
0.27741869
0.26298679
0.2728497400000001
0.28318764
0.28564869
0.2920196500000001
0.27618573
0.2607106
0.23949278
0.26150469
0.23820773
0.29188869
0.2382058300000001
0.28559869000000004
0.31458346
0.25618869
0.30210156
0.25581155000000005
0.25884774000000005
0.23955678
0.2637606
0.28141774
0.22457288
0.22247088
0.22320801
0.25211202000000005
0.21688183000000005
0.22833092
0.22286578
0.25886069
0.24113869
0.22593487
0.24646774
0.23333858
0.21978947
0.2885870400000001
0.23761084000000005
0.31036848999999994
0.28980943
0.25339498
0.26252422000000003
0.23592993
0.22707002
0.24843423
0.24892854
0.2929070400000001
0.24898322
0.21877422
0.24668803
0.24303898
0.25621184
0.25884094
0.22370564
0.27689965
0.24402384
0.23213088
0.2278508800000001
0.25178133
0.23375612
0.24036613000000004
0.22298512000000004
0.21261488000000006
0.22552139999999998
0.26298707000000004
0.21276136
0.22305416000000008
0.25517803
0.2605479900000001
0.24987987
0.24833326
0.22114607000000008
0.24080627000000004
0.21805801
0.24518417
0.21529607000000006
0.24555084
0.24047436
0.26917245
0.29959341
0.27698245
0.26582341
0.2254943600000001
0.17446436
0.18778516
0.19341385
0.1604844
0.21117750000000002
0.22202655000000004
0.22045935
0.18271321
0.16969635
0.16830939999999994
0.19474450000000004
0.19535036000000008
0.22107991
0.29937051000000003
0.3534726
0.35582561
0.34491435000000004
0.2953004
0.16646344
0.17509631000000006
0.20834465
0.21224131
0.18385535
0.15648854
0.20252221
0.36979466
0.36148841
0.23780626000000005
0.1912134
0.22205450000000002
0.19794335
0.23963626
0.26021231
0.29778745
0.28968454
0.29765155
0.1887904
0.16600974
0.18957559
0.18145154
0.2090784
0.20037231
0.21171941
0.25760431
0.22508121
0.17285031
0.18209336
0.18012831
0.16529821
0.27526202000000005
0.1928863
0.20593931
0.2816991100000001
0.25098231000000004
0.23545836
0.21044906
0.23910621
0.26187341000000003
0.23623497000000004
0.20611483000000005
0.18409278
0.17917972999999998
0.18087993
0.19730593
0.20674145
0.20073279
0.20889954
0.24728178
0.17408572000000005
0.3010244
0.24725213
0.14537677000000002
0.13582453000000005
0.14283006
0.12754402
0.16841596
0.13312701000000002
0.14104959
0.13880810999999998
0.14157473
0.17281529999999998
0.16264953
0.11644068
0.10932592
0.10500078
0.10475783
0.12527224
0.13018554
0.12836992
0.14180663999999998
0.12902273
0.13333673
0.12879859
0.12111954
0.14498612
0.11639734
0.22022802
0.33865561
0.3351755
0.18336935
0.18424245
0.14086449
0.12292597
0.08897336
0.12424255
0.18206873
0.13242426
0.10734478
0.16284249
0.13093092
0.12398802000000002
0.10478202
0.11872802000000005
0.10194116
0.14146369
0.10689078
0.11793183
0.12158274
0.18649749
0.2085179
0.13980182000000002
0.14455373
0.22563229
0.23066241
0.22220425
0.2180449
0.12552184
0.13762462999999994
0.21374049
0.18106833
0.14503263000000002
0.15073792
0.17392578000000006
0.17813758999999998
0.14541762
0.08174002000000001
0.01123421
0.06492200000000001
0.10454200000000001
0.0065477
0.0052867
0.0382697
0.1846755
0.08551890000000001
0.0548894
0.015813809999999998
0.07269785000000001
0.15592926
0.10177671
0.06798295
0.08321310000000001
0.08352172
0.09500252
0.1156835
0.1262157
0.0632491
0.0729224
0.07533739999999997
0.14583612
0.10620221
0.21382676
0.17005571
0.20487391
0.1860158100000001
0.17310366000000002
0.2398962600000001
0.04457711
0.10905301
0.11992956
0.11169381
0.17987721
0.16792336
0.18581146000000004
0.21043097
0.14155192
0.16067861
0.15379671
0.19284906
0.19950256
0.13633322
0.12447836
0.18047042
0.14607412
0.19954102
0.2421407700000001
0.19661941
0.17218472
0.16741556000000002
0.18957617000000004
0.21332082
0.23577432
0.18393917
0.22610487
0.20961982000000004
0.20594946
0.20460977
0.20663477
0.13824562
0.18850997
0.18129902
0.22369962
0.15048151999999998
0.19188036000000008
0.19983357
0.11635282
0.15499247000000002
0.12264137
0.09766102
0.10492946
0.13919102
0.10420952
0.07374776
0.12817717000000006
0.14326327
0.14940387000000005
0.19826572000000006
0.17400062
0.15756742000000004
0.10219412
0.09600702
0.08292326
0.10756142
0.09209287
0.11129482999999996
0.13503422000000004
0.20986483
0.18739847
0.21781938000000006
0.18975423
0.21114422000000005
0.23691188000000005
0.23011712
0.18622186
0.20959902
0.22431197
0.15286616
0.16547512000000006
0.16144152000000006
0.10711176
0.05083126
0.17358652000000002
0.11023422
0.18904377000000008
0.20293706
0.20731982
0.19775007000000008
0.15407676999999995
0.16686152
0.20141466
0.14994720999999994
0.17936132000000002
0.08549846
0.10434016
0.1212096
0.10186189999999999
0.16628479999999998
0.11926599999999996
0.1082616
0.112752
0.14811103999999994
0.14296959
0.1507996
0.1664181
0.16762779999999994
0.1518194
0.10363779999999999
0.12386519999999998
0.18763950000000004
0.17132270000000002
0.1730422
0.222167
0.1257491
0.1390016
0.20474672000000005
0.17083252
0.18695626
0.18702532
0.19970777
0.1757995
0.1823176
0.17374289999999998
0.2809263
0.1873806
0.17924106
0.16378396000000006
0.26157302000000004
0.16339531000000002
0.13059146000000002
0.12868351000000006
0.14387576000000002
0.11680416
0.11173461
0.12593231000000002
0.06316999999999999
0.04512
0.047802
0.03137
0.0496108
0.05405
0.3013209
0.307291
0.28259
0.13973999999999998
0.0609432
0.0623416
0.07214000000000001
0.06713999999999999
0.06772
0.0766
0.06897
0.07166
0.10156
0.16186
0.11267
0.10254
0.09159
0.12141889999999997
0.1074077
0.1177503
0.16793650000000002
0.2039882
0.1786376
0.15896500000000002
0.1371878
0.1911878
0.1760632
0.17010450000000002
0.17030269999999995
0.1648223
0.15027150000000006
0.15716860000000002
0.1766601
0.15809050000000002
0.12320489999999999
0.13173749999999998
0.1504586
0.1758355
0.14775210000000005
0.19381529999999997
0.16298629999999995
0.15066329999999994
0.1756572
0.17158230000000002
0.1806855
0.1562419
0.21334920000000002
0.15722109999999995
0.198279
0.1911947
0.15192499999999998
0.16628569999999998
0.1452398
0.16881229999999994
0.1596168
0.1660581
0.15262
0.19429
0.20411
0.19972
0.16629000000000002
0.2206
0.23153200000000002
0.117039
0.25793699999999997
0.188398
0.043185
0.258347
0.219448
0.124449
0.060053999999999996
0.192211
0.09454
0.172482
0.151529
0.226719
0.17800639999999998
0.2147609000000001
0.198776
0.236053
0.234857
0.203756
0.24612
0.27354
0.25052
0.21046
0.1678
0.13448
0.16582000000000002
0.22115
0.23807
0.18825
0.22211
0.20383
0.21415
0.21569
0.15295999999999998
0.15675999999999998
0.22211
0.19804
0.20202
0.21955
0.2312
0.26166
0.24353
0.24693
0.23842
0.24189
0.24302
0.32544
0.30454000000000003
0.30604000000000003
0.32171999999999995
0.32701
0.30379
0.281961
0.24048000000000005
0.2796573
0.23498400000000003
0.205848
0.277044
0.215298
0.22072399999999998
0.24792399999999998
0.222483
0.331277
0.35946700000000004
0.416303
0.406653
0.329733
0.345393
0.355434
0.32958400000000004
0.34547000000000005
0.336411
0.39346
0.3835
0.41626
0.33342
0.3113
0.27973000000000003
0.34259
0.31229
0.3324039999999999
0.29944600000000005
0.32806
0.3291810000000001
0.33847000000000005
0.346296
0.32251799999999997
0.336582
0.366145
0.33804
0.351395
0.33301000000000003
0.33167
0.31208
0.33425999999999995
0.32347000000000004
0.3034
0.320405
0.307039
0.290319
0.315829
0.301972
0.349217
0.3535
0.34317800000000004
0.276426
0.233025
0.283514
0.2332504
0.22975990000000002
0.2753490000000001
0.29414450000000003
0.2467733
0.2464673
0.1935666
0.2123437
0.2329225
0.1858797
0.23865999999999998
0.32247000000000003
0.25599999999999995
0.280992
0.23778400000000002
0.20439000000000002
0.26965
0.2458
0.26114
0.34798299999999993
0.44172
0.41043
0.396523
0.29379700000000003
0.332445
0.254263
0.31053600000000003
0.32277399999999995
0.335531
0.18345900000000004
0.329427
0.3302710000000001
0.261766
0.2804507
0.2364908
0.2277904
0.23511100000000001
0.2100214
0.24040799999999998
0.2031455
0.0905247
0.20925860000000002
0.2474491
0.2110183
0.0939784
0.2802968
0.1080063
0.2611238
0.2646104
0.2534420000000001
0.126085
0.27451800000000004
0.294532
0.27612600000000004
0.29182980000000003
0.25354760000000004
0.107145
0.2444359
0.2317736
0.3694163000000001
0.1300212
0.13457439999999998
0.29992670000000005
0.3313034
0.1213968
0.14947979999999994
0.2672957
0.2448375
0.08539060000000001
0.192287
0.295246
0.23970100000000005
0.28195800000000004
0.30587499999999995
0.111838
0.34278400000000003
0.159026
0.37487600000000004
0.256201
0.26160300000000003
0.28489000000000003
0.08599000000000001
0.23887
0.259141
0.305415
0.20553000000000002
0.102505
0.246665
0.15631699999999998
0.38971
0.435582
0.4195999999999999
0.3806100000000001
0.362523
0.369629
0.35025500000000004
0.3924760000000001
0.353528
0.33252000000000004
0.334445
0.17419
0.33477500000000004
0.323924
0.346904
0.3668400000000001
0.35726399999999997
0.286542
0.28669300000000003
0.114563
0.327969
0.278251
0.310006
0.034402999999999996
0.264777
0.266656
0.282039
0.2623780000000001
0.21973
0.2247075
0.270916
0.28479390000000004
0.2892663000000001
0.2929889
0.246087
0.22642870000000004
0.239327
0.256589
0.084341
0.263506
0.305661
0.27697
0.31819800000000004
0.358901
0.239366
0.4159
0.304524
0.337737
0.26718400000000003
0.291156
0.2834610000000001
0.09352
0.27457000000000004
0.270095
0.26917
0.28991999999999996
0.09711
0.28474
0.29775100000000004
0.27360300000000004
0.283995
0.304889
0.25050300000000003
0.227297
0.2102442
0.22327699999999995
0.02787940000000001
0.28134000000000003
0.23381
0.05779400000000001
0.266499
0.250044
0.28697399999999995
0.24977
0.258929
0.27455
0.225039
0.061001000000000014
0.219499
0.21273899999999998
0.196618
0.23161
0.190627
0.26746499999999995
0.267508
0.24539
0.273199
0.28178400000000003
0.235727
0.281962
0.199068
0.21062000000000008
0.191729
0.204856
0.208864
0.22010899999999994
0.205525
0.32026
0.307958
0.26705999999999996
0.203784
0.30411799999999994
0.2257644
0.106458
0.35145599999999994
0.3537099
0.346837
0.1425241
0.3156752
0.35603850000000004
0.047749900000000005
0.2953223
0.32240250000000004
0.3531669000000001
0.2688247
0.27186130000000003
0.2414361
0.2505875
0.2258865
0.2217465
0.2387528
0.2163861
0.1952295
0.216436
0.0157678
0.0187866
0.2102041
0.0633839
0.2115895
0.2297014
0.22810679999999997
0.2315808
0.2162648
0.2881634
0.3008091
0.32992190000000005
0.32915339999999993
0.3714312
0.3541600999999999
0.3522614
0.1089292
0.2946477
0.2811714
0.1198214
0.293126
0.10644
0.25221
0.366488
0.33855100000000005
0.159911
0.280277
0.30697800000000003
0.297262
0.298864
0.13178
0.293069
0.301545
0.34411400000000003
0.358802
0.134898
0.119511
0.129664
0.327889
0.31402699999999995
0.34873000000000004
0.30139000000000005
0.26509
0.08966
0.25299
0.33452
0.29186
0.33527
0.27161
0.33851000000000003
0.285798
0.24494800000000005
0.33025200000000005
0.291503
0.280776
0.34873000000000004
0.32917
0.332869
0.28512599999999994
0.33285200000000004
0.12138199999999999
0.30995100000000003
0.258397
0.252892
0.32522699999999993
0.306188
0.09141599999999996
0.06812
0.30002100000000004
0.248331
0.071199
0.091749
0.06639099999999999
0.295043
0.278238
0.304602
0.288941
0.26715
0.276959
0.158021
0.2521315
0.24810700000000002
0.251213
0.254204
0.262563
0.219125
0.274413
0.241639
0.28046459999999995
0.29517740000000003
0.0785637
0.2780889999999999
0.100925
0.22459899999999997
0.270412
0.23826
0.093563
0.136673
0.105386
0.125448
0.30145700000000003
0.363949
0.298168
0.28875300000000004
0.30545100000000003
0.27881199999999995
0.3066821
0.22684110000000002
0.2476119
0.1270171
0.31946280000000005
0.29153290000000004
0.2785262
0.2266692
0.08367069999999999
0.36934
0.2451
0.2571
0.27525
0.250051
0.278231
0.244454
0.250173
0.257317
0.26786400000000005
0.237618
0.327759
0.4246550000000001
0.369849
0.251912
0.271386
0.281538
0.30938399999999994
0.26548799999999995
0.284771
0.25461500000000004
0.236195
0.25563300000000005
0.256965
0.275916
0.29378000000000004
0.124928
0.27397900000000003
0.231766
0.251176
0.336692
0.27628
0.256279
0.267577
0.28480399999999995
0.281139
0.251845
0.06565700000000001
0.083352
0.069844
0.27941900000000003
0.3250060000000001
0.232398
0.230277
0.25082
0.037681000000000006
0.192132
0.237579
0.210135
0.250289
0.245619
0.29076300000000005
0.290831
0.053606
0.228179
0.063833
0.237581
0.27072399999999996
0.043795999999999995
0.21242400000000008
0.245441
0.097533
0.048615000000000005
0.24910819999999995
0.22751220000000005
0.050676000000000006
0.2137779
0.28767600000000004
0.013762799999999999
0.3538657
0.2213701
0.26350300000000004
0.234813
0.234565
0.24162600000000006
0.20962600000000003
0.248453
0.269282
0.267968
0.29739200000000005
0.286572
0.286384
0.24318
0.261581
0.280805
0.259844
0.252701
0.286961
0.300838
0.281533
0.11684
0.08026
0.079985
0.313272
0.221807
0.255879
0.232291
0.26547
0.246946
0.257604
0.24793400000000004
0.25417300000000004
0.223082
0.2459530000000001
0.23947600000000002
0.264879
0.253126
0.24877
0.057814
0.234008
0.215348
0.25342
0.039586
0.201158
0.100223
0.2896859999999999
0.234123
0.239279
0.283762
0.276888
0.229638
0.250929
0.224772
0.27414
0.218372
0.225316
0.375821
0.3664959999999999
0.185792
0.33101
0.152449
0.31288599999999994
0.081403
0.05744
0.240254
0.232961
0.06946000000000001
0.274991
0.33410700000000004
0.27618200000000004
0.340447
0.321211
0.25381
0.30058
0.28101
0.32698000000000005
0.32406
0.3283
0.26816
0.31032
0.29122
0.27102
0.25879
0.30668
0.30852
0.24849000000000002
0.27549
0.29289
0.26933
0.27464999999999995
0.28415
0.30373999999999995
0.006671999999999999
0.006157
0.008324000000000002
0.033569999999999996
0.03864
0.043141000000000006
0.049382
0.052823
0.053554
0.051976
0.048263
0.039546
0.049566000000000006
0.165138
0.153586
0.059434
0.058408
0.048725
0.051614
0.051997
0.054386
0.057324000000000014
0.08863499999999998
0.06605830000000001
0.385267
0.240873
0.075547
0.06263200000000001
0.054505999999999985
0.050929
0.197425
0.2602
0.266181
0.263971
0.30127600000000004
0.243035
0.30836100000000005
0.193826
0.09945599999999999
0.086839
0.09728303
0.10652599999999998
0.14010811999999995
0.15259293000000002
0.14767530999999998
0.13669898
0.13094593000000002
0.12291789
0.23786726
0.27074831
0.27192026
0.180298
0.391283
0.17649800000000002
0.118011
0.08911899999999999
0.088391
0.107959
0.13343499999999994
0.179525
0.24366300000000002
0.146568
0.14195
0.153953
0.253538
0.294398
0.152544
0.137625
0.13767200000000002
0.15548499999999998
0.15685000000000002
0.15846300000000002
0.15553
0.141032
0.27845
0.350181
0.395341
0.4195239999999999
0.323818
0.345212
0.14671900000000002
0.3759810000000001
0.3970820000000001
0.20645300000000005
0.191598
0.12409599999999996
0.10815
0.151226
0.143083
0.129986
0.132357
0.14718399999999998
0.118723
0.10503900000000001
0.112415
0.106792
0.112815
0.107094
0.109408
0.14079
0.176748
0.25288399999999994
0.186751
0.25995
0.216588
0.161204
0.1502329
0.10760347
0.12942237
0.13022252
0.18905682999999995
0.24231293000000004
0.22981353
0.22292188
0.18827933
0.25465828999999995
0.22920433
0.19148733
0.16222138
0.19465529
0.16714237999999998
0.16332538
0.19184838
0.18171733
0.19430933000000009
0.20125933
0.17562029
0.19672829
0.22500933
0.22848438
0.18810638
0.21972538
0.17668637999999998
0.18717933
0.19211533
0.18742047
0.21015438
0.19129938
0.20655442
0.19725938
0.26615833
0.17598599999999998
0.207556
0.2388718
0.258128
0.242349
0.192351
0.16623210000000002
0.191582
0.215175
0.23272600000000002
0.233968
0.30772
0.276884
0.201336
0.21662399999999998
0.210356
0.26626
0.268998
0.231808
0.258015
0.236779
0.25106199999999995
0.22398
0.2274660000000001
0.23271
0.28528200000000004
0.25340639000000004
0.25373771
0.19484285000000004
0.28869196
0.27849996000000005
0.18676096
0.11902709999999996
0.16477615
0.13601914999999998
0.18736405
0.20280219
0.16401218999999995
0.19252924
0.17941515
0.16677414999999998
0.19605119
0.17729414999999998
0.22400810000000002
0.15389110000000006
0.1216381
0.10355235000000004
0.13384639999999998
0.17501119
0.22880105
0.21350301
0.30982787
0.26814187
0.37091287
0.38657296
0.39555287
0.24697600000000003
0.274907
0.29963557
0.33807362
0.33310936
0.24013801
0.34068773
0.27226692
0.26040315
0.3927761599999999
0.39708301
0.34633981
0.25064126
0.26748416
0.26737116
0.25106616
0.26817887
0.41505515
0.40635201
0.38829282
0.28040573
0.37664303
0.27615792
0.27273612
0.26618838
0.31426968000000005
0.26809538
0.29228593
0.32455487999999993
0.41113683
0.4323413199999999
0.41489452
0.41111842
0.39782777
0.41358287
0.24468465
0.16806524999999994
0.18214255
0.21163246
0.26885497
0.38999578
0.30777412000000004
0.37863998
0.37416583
0.31272958
0.32080844
0.27234402
0.24057132
0.19247581
0.2007946
0.20365121
0.23834882
0.31505382000000004
0.3588997800000001
0.28135592000000004
0.32819587
0.3505958200000001
0.31493892
0.22370810000000002
0.25572405
0.19701401
0.26907705
0.29402901
0.21687835000000005
0.17986610000000006
0.1909211
0.1835921
0.18103401
0.22989187
0.30622492
0.29237196
0.2399161
0.23462292
0.2183591
0.24718187000000005
0.30012001
0.26908596
0.27297196
0.31891178
0.28287182
0.23778992
0.32577587
0.29276992
0.18108205
0.13973605
0.11983104999999998
0.08498610000000001
0.1124521
0.15241596
0.14959296
0.17432701
0.22777592
0.26817087
0.22731892
0.18244201
0.16453001
0.19934396
0.20622292
0.22970092
0.26909978
0.24721787
0.28415973
0.24200287
0.23926682
0.24741187
0.20747501000000004
0.24128096
0.22573001
0.26282987
0.20493087
0.20245896
0.20610596
0.26594092
0.21328601
0.23086592
0.19564205
0.10265915
0.1168451
0.14028415000000002
0.12093015
0.07959915000000001
0.11469510000000002
0.11217019
0.10437619
0.12475315
0.1578031
0.12815615
0.17489305
0.19669492
0.27080022
0.26002296
0.20031501
0.24239996
0.18404501
0.22437601
0.25672387
0.22094501
0.35808387
0.22336692
0.35768877999999993
0.32736982
0.28041796
0.36631292
0.34720372
0.40327787
0.3552269200000001
0.1999761
0.1455391
0.16047305
0.11853445
0.1895840500000001
0.16711201
0.09811510000000001
0.1650411
0.1668228
0.24302695
0.18697925
0.17889505
0.22209211
0.23154119
0.22375832
0.25903023000000003
0.19805615
0.1926791
0.19679105
0.21548465
0.22851165
0.20219895
0.201935
0.3046709
0.2766488
0.2365869
0.21970399999999998
0.270977
0.2277980000000001
0.206709
0.17394410000000002
0.1851571
0.21699670000000001
0.27405070000000004
0.37297899
0.3748200800000001
0.16805877999999996
0.23988347
0.25271851999999995
0.12997199999999998
0.2405989
0.27973766
0.30113481000000003
0.27465286
0.28417495
0.25461785000000003
0.22190325
0.24277141
0.21727236
0.24276526000000004
0.22807745
0.2484071
0.23616021
0.28214011
0.27861055
0.25792
0.23686899
0.15418829
0.17472405000000002
0.20351975
0.25322735
0.25315785
0.29292251
0.2229104
0.18296585
0.21784461
0.28611661999999993
0.28318812000000004
0.28453112
0.19962026
0.19360925
0.14414480999999998
0.20755596
0.14375935
0.21906755
0.22115605
0.22537326
0.1832467
0.22190085000000004
0.24156691
0.2253984500000001
0.21351705
0.22414055
0.26459041999999994
0.1801539
0.1937381
0.21261825
0.15665175
0.09982814
0.14499845000000006
0.17203033999999998
0.15545294
0.18192939
0.16011025000000004
0.2060846
0.2082879
0.2372607
0.2253983
0.2080534
0.28016367
0.23807075
0.17525459
0.22318690000000002
0.14878675
0.18445545
0.25219810000000004
0.24656345
0.20623919
0.18194060000000006
0.21306
0.21440165
0.20577775
0.22573000000000001
0.1605233
0.13005069999999996
0.1631454
0.22427080000000002
0.1880324
0.2191639
0.16404349999999998
0.1557013
0.2090399
0.26751440000000004
0.2516572
0.227548
0.2161991
0.3037964
0.2698253
0.25750839999999997
0.2356109
0.2642373000000001
0.2075019
0.20245154000000007
0.20496065
0.23784042
0.24591041
0.2386415500000001
0.25839932
0.2753701100000001
0.23878301
0.27584237
0.26861667
0.24752971
0.21455545000000004
0.20968855
0.23483025
0.23481885
0.20776060000000002
0.2167907
0.22316904
0.16156123
0.16156296
0.24932811
0.19282372
0.26916402
0.25679752
0.23794207
0.28487887999999995
0.25928687
0.31229628000000004
0.34668093999999994
0.30632368
0.26951222
0.31729522
0.4013912200000001
0.36475507
0.40157487
0.40832792
0.40768448
0.27356640000000004
0.27466050000000003
0.25906294
0.17130224000000002
0.19879449
0.26141476
0.18492549
0.14079184
0.26540149
0.27356545
0.3628868
0.3597427
0.3620699
0.39286211
0.32539116
0.41434586
0.40569786
0.40153112
0.32271256000000004
0.27152015
0.21764819999999999
0.22963475000000005
0.2305446
0.2322158500000001
0.2345971500000001
0.23288409999999998
0.22770105
0.21672185
0.185065
0.13333009999999995
0.16520464999999998
0.17322412
0.19123195
0.17314129999999994
0.18528105000000009
0.17369501
0.12001335
0.11489619
0.1334141
0.17980995000000002
0.152575
0.16652461000000002
0.2278889100000001
0.15645489999999998
0.15260364999999998
0.19430951
0.20143346
0.24677151
0.15240015
0.1261765
0.1855253500000001
0.14039110000000002
0.18030795
0.14476529999999999
0.14040665000000002
0.15904334
0.18891442
0.18373251
0.20073891
0.19829525
0.1893967
0.09040785
0.13665834999999998
0.17592475
0.15207845
0.16271715
0.16298185
0.15182815
0.13974475
0.17240619
0.15590479
0.19340041
0.26250301000000004
0.36593217
0.25211061999999995
0.24794671
0.17846475
0.29718807
0.35696562
0.2210149
0.1979848
0.12200855
0.13466919
0.15867574
0.16804849
0.19115190000000004
0.13009565
0.11499535
0.14681239999999998
0.11192351
0.19202866
0.33680002
0.39225937
0.19367931
0.19260395
0.15715619999999994
0.19351351
0.1774422
0.12804645
0.17974669999999998
0.15653409999999998
0.21472996
0.15464405000000006
0.17776101
0.1802041
0.22727992
0.14906709999999998
0.15023014999999998
0.15148114999999998
0.1497991
0.08844815
0.14607014999999998
0.17290305000000006
0.13435614999999998
0.13962814999999998
0.14917214999999998
0.11741419000000004
0.13854115
0.1779751
0.14791692
0.21956301
0.17224014999999998
0.10715669
0.11009439
0.08915259
0.13138555
0.15148369999999994
0.11368695000000002
0.12214455
0.14788405
0.12407935
0.1185952
0.18412505
0.18495801
0.15019905
0.15486405
0.16010401000000002
0.22669792
0.21585392
0.13408305
0.17866705
0.18841096
0.21295705
0.22506501
0.23529501
0.25390487
0.27705687
0.23649496
0.27165582
0.23724187
0.20635305
0.27459087
0.17229987
0.18870501
0.19607196
0.20958796
0.30819068
0.34714378
0.33882468
0.28376478
0.25980592
0.27257487
0.3227085
0.28071373
0.24592078
0.19812992
0.16304081999999998
0.27054673
0.22223692
0.19694892
0.14654705
0.14972105
0.17505600999999998
0.23416082
0.28256681999999994
0.25028992
0.25506082
0.19343001
0.14214601
0.16096592
0.16707392
0.21567582
0.24352296
0.18179673
0.20962887
0.2204599200000001
0.24384001
0.17235404999999998
0.23179587
0.29054078
0.2616209200000001
0.26037205
0.1902579600000001
0.27154082
0.22966082
0.22785287
0.21152396000000004
0.14578291999999998
0.25576082
0.24730082
0.11942505
0.16228805000000002
0.22963082
0.19475196
0.18692705000000004
0.26721705
0.27435101
0.28419092
0.19066196
0.20606396000000005
0.15597814999999998
0.17036105
0.11296796
0.20082205
0.27206792
0.35020759
0.24374087
0.21320001
0.22971096
0.19799901
0.16037305000000002
0.30076372
0.34407242
0.28537102
0.23300682
0.18779725000000005
0.15934271
0.31735292000000004
0.24156292
0.33979501
0.39281201
0.30848292
0.34522701
0.26104787
0.30230912
0.33707582
0.28465278
0.31712187000000003
0.35404196
0.33134096
0.34388596000000005
0.38343787
0.34795496000000004
0.39100492
0.40638687
0.4332338200000001
0.41629296
0.38022901
0.3425910999999999
0.35077909999999995
0.30984119
0.3077021
0.36151315
0.23107615
0.24040309999999995
0.2309971
0.18890501
0.26778209999999997
0.21890115
0.24654810000000002
0.23977892
0.18563615
0.2812471000000001
0.28816701
0.35162996
0.32437192
0.26999196000000003
0.22573601000000004
0.2780341
0.31378405
0.23308319
0.22692601
0.33354882
0.40743782
0.3606299200000001
0.26376105
0.23236319
0.2340641
0.1944021
0.21409701
0.22851115
0.2698061
0.25636309999999995
0.25266805
0.29570805
0.24798205
0.18674019
0.19091484
0.26689619000000003
0.19719619
0.23096
0.255601
0.278932
0.21881399999999998
0.220377
0.200189
0.160821
0.157093
0.211303
0.21092100000000005
0.28369900000000003
0.26008400000000004
0.216162
0.27356800000000003
0.110589
0.3426321
0.300703
0.25493000000000005
0.16013499999999994
0.15180079999999999
0.2179324
0.2180098
0.2134902
0.10066169999999998
0.15236690000000006
0.1680375
0.21095450000000002
0.1116282
0.22414789999999998
0.24982000000000004
0.26960300000000004
0.220043
0.255279
0.25957100000000005
0.182408
0.192016
0.200253
0.124486
0.13766799999999998
0.15790600000000002
0.14938800000000002
0.343373
0.37932899999999997
0.3681430000000001
0.374261
0.37317
0.388987
0.378234
0.270822
0.15068470000000006
0.16187200000000002
0.137997
0.144913
0.18428100000000008
0.193788
0.455596
0.391853
0.46318
0.4501350000000001
0.45306199999999996
0.4568490000000001
0.425604
0.444122
0.385046
0.127844
0.13452599999999998
0.188797
0.19854
0.213467
0.23003
0.234836
0.263022
0.2610128
0.3057637
0.21628699999999998
0.185619
0.238898
0.254301
0.246631
0.255469
0.24608600000000005
0.254524
0.27731100000000003
0.2651
0.215208
0.275032
0.266906
0.320991
0.286876
0.253841
0.181589
0.16944699999999996
0.190753
0.227539
0.213128
0.198161
0.230529
0.40437
0.41856499999999996
0.113625
0.113327
0.113938
0.191738
0.211645
0.09620399999999996
0.2394260000000001
0.29872
0.205311
0.192036
0.195374
0.319992
0.31544399999999995
0.35989000000000004
0.398627
0.3853340000000001
0.421469
0.198019
0.392952
0.369794
0.369178
0.368287
0.384794
0.36556500000000003
0.29787399999999997
0.419706
0.4098749999999999
0.387149
0.358795
0.34733200000000003
0.372621
0.375466
0.432202
0.4376330000000001
0.446397
0.452294
0.399315
0.398578
0.408139
0.436358
0.40463499999999997
0.366954
0.377227
0.385767
0.374636
0.345001
0.33995200000000003
0.44392200000000004
0.4648451
0.43834
0.4162494000000001
0.40182779999999996
0.4219713000000001
0.4238084
0.4229324
0.4208532
0.4142059
0.4121398
0.4187220999999999
0.42458950000000006
0.4294186
0.4509276999999999
0.4376146
0.41737029999999997
0.42330379999999995
0.42434499999999997
0.4256096999999999
0.3833044000000001
0.4046161999999999
0.3683768
0.3911555
0.30498379999999997
0.4164131999999999
0.3955527
0.42001190000000005
0.42960299999999996
0.2577995
0.22532539999999998
0.2569443
0.2907148
0.21957359999999995
0.2176203
0.2140768
0.2284283
0.26431209999999994
0.37950079999999997
0.363579
0.3917052
0.37466740000000004
0.3582257999999999
0.36575240000000003
0.392774
0.2793994
0.2765054
0.35066469999999994
0.25297240000000004
0.1802315
0.2477174
0.30259650000000005
0.2742814
0.26102240000000004
0.21023939999999997
0.16921809999999995
0.3537189000000001
0.21272139999999995
0.170241
0.13815579999999994
0.2230662
0.1962067
0.1987164
0.2438452
0.24805349999999998
0.3200518
0.2193147
0.2083
0.2189111
0.16845919999999998
0.13941659999999995
0.15217650000000002
0.16468770000000002
0.1394533
0.1865902
0.1871065
0.1763754
0.22363139999999998
0.245148
0.17496100000000006
0.1979413
0.125696
0.2327292
0.2507862
0.25788910000000004
0.26738900000000004
0.27493520000000005
0.2406684000000001
0.2357690000000001
0.2661182
0.28481660000000003
0.2507354
0.2404904
0.26195300000000005
0.2363717
0.2887869
0.2564027
0.3144725
0.3227203
0.3130192
0.3192379000000001
0.30163249999999997
0.292653
0.2858527
0.2673758
0.2265924
0.2774386
0.33662080000000005
0.2814382999999999
0.2744924
0.2554084
0.34243
0.29749450000000005
0.23215239999999998
0.2324246
0.1844306
0.2254254
0.21890370000000006
0.2470429
0.2248445
0.2637159
0.2540045
0.2241132
0.21849810000000006
0.25542990000000004
0.31073890000000004
0.2176783
0.2323084
0.25475529999999996
0.2060281
0.20074329999999999
0.17398510000000006
0.1943566
0.16857370000000002
0.1962055
0.1848809
0.2477822
0.27925320000000003
0.2490822
0.29147270000000003
0.3111747
0.3030946
0.3212091
0.2960699
0.3126151
0.3032725000000001
0.31401799999999996
0.294167
0.29349240000000004
0.31186670000000005
0.3035485
0.3431698000000001
0.3471059
0.3116566000000001
0.3735346000000001
0.3487862
0.3734579
0.36080650000000003
0.3725358
0.3808976999999999
0.24219600000000005
0.2247478
0.2910574
0.3372926
0.32359800000000005
0.35330429999999996
0.3017032
0.26215700000000003
0.2479468
0.2346260000000001
0.2070611
0.2155572
0.21860140000000008
0.1815573
0.3142147
0.2916614
0.2670196
0.2836032000000001
0.246495
0.280292
0.28234899999999996
0.28590590000000005
0.2722156
0.25078979999999995
0.29723740000000004
0.27206479999999994
0.2644327
0.3124304
0.3226559
0.27425200000000005
0.2378491
0.25266140000000004
0.31795909999999994
0.3325733
0.2485027
0.2280303
0.1914165
0.2338276
0.1822069000000001
0.3009084
0.22889299999999999
0.34664209999999995
0.31691640000000004
0.2089305
0.2176678
0.19338670000000002
0.1871622
0.16232439999999998
0.2153664
0.160976
0.1163575
0.13194340000000002
0.14651229999999998
0.1981596
0.2158358
0.17246830000000002
0.2094317
0.22205530000000004
0.22365280000000004
0.27834570000000003
0.2853618
0.15754410000000002
0.32089500000000004
0.4315963
0.209135
0.2019925
0.1807945
0.11092560000000001
0.23886839999999998
0.0914968
0.13548380000000002
0.230457
0.14657160000000002
0.2591413
0.18521110000000002
0.2234614
0.2026574
0.28827240000000004
0.2019984
0.25962640000000003
0.22082650000000004
0.2571123
0.4165072
0.4351302
0.4108713
0.4038112
0.4274082
0.4129533
0.3879883
0.4229683000000001
0.41237429999999997
0.4049192
0.4267922000000001
0.3992301
0.4216903
0.4311053
0.4280172
0.4054312
0.4070753
0.4015982
0.3528042
0.4165591
0.4295791
0.4171033000000001
0.4081222000000001
0.4131962000000001
0.4037801
0.4230323
0.3981642
0.4096803
0.4153922
0.4197223
0.4023453
0.2000453
0.2559311
0.2109786
0.2067754
0.31270630000000005
0.2613093
0.29119340000000005
0.29924720000000005
0.2540295
0.1866685
0.2621414
0.2918673
0.2433201
0.32157529999999995
0.2276185000000001
0.2731932
0.28180700000000003
0.2662134
0.27476740000000005
0.206197
0.2579281
0.3436504
0.2457085
0.36614450000000004
0.39779770000000003
0.22816030000000004
0.3431773
0.2726523
0.31720360000000003
0.2629335
0.21725100000000006
0.309377
0.1925827
0.26155500000000004
0.292098
0.32140599999999997
0.350348
0.295555
0.399798
0.30872
0.3284189
0.2834
0.20430079999999998
0.22066
0.3363811
0.326122
0.2648664
0.323224
0.29168
0.2801211
0.288547
0.344978
0.27891809999999995
0.208421
0.296097
0.19569600000000004
0.23543699999999998
0.29902100000000004
0.275443
0.2651830000000001
0.15653899999999998
0.292035
0.296482
0.30700799999999995
0.312239
0.377619
0.345447
0.273999
0.31899299999999997
0.26643979999999995
0.257876
0.215379
0.144561
0.265036
0.222597
0.16955
0.21602800000000005
0.31052
0.2882288
0.2694121
0.3408934
0.21481060000000002
0.2097365
0.2958334
0.16466709999999998
0.2444119
0.2740018
0.1577076
0.1940782
0.2993119
0.21203029999999998
0.2228804
0.32497869999999995
0.194992
0.3166197000000001
0.2481613000000001
0.34872259999999994
0.3219323
0.2908289
0.363899
0.3153462
0.2457349
0.3309318
0.3135884
0.25415190000000004
0.2108886
0.2402417
0.2407674
0.1535194
0.2589251
0.15692519999999996
0.22732
0.2697263
0.2583268
0.3166046
0.2890092
0.32128690000000004
0.27611040000000003
0.23359549999999998
0.21865120000000002
0.3235192
0.2074259
0.23536179999999998
0.32341859999999995
0.26977090000000004
0.24241430000000005
0.2577258
0.300646
0.29565030000000003
0.218534
0.2393688
0.3115910000000001
0.226146
0.2309309
0.311817
0.16748200000000002
0.216104
0.22983800000000001
0.17085609999999998
0.202777
0.15524289999999996
0.08996799999999999
0.282779
0.19682400000000005
0.2252281
0.228498
0.189895
0.2263040000000001
0.2483604
0.351574
0.32624699999999995
0.34719500000000003
0.348083
0.368796
0.184055
0.178877
0.233449
0.273245
0.330304
0.284906
0.27057600000000004
0.30088000000000004
0.27573000000000003
0.21883900000000006
0.27701000000000003
0.28023400000000004
0.262355
0.235923
0.267417
0.21400500000000006
0.370459
0.283695
0.25650700000000004
0.280884
0.309323
0.253484
0.204846
0.26393799999999995
0.27437
0.231585
0.251537
0.209532
0.15820499999999998
0.18036570000000002
0.2007585
0.1822402
0.2516372
0.299273
0.23370000000000005
0.25205599999999995
0.163249
0.2205732
0.19176400000000002
0.2435920000000001
0.203081
0.209838
0.228215
0.232227
0.26979899999999996
0.2496130000000001
0.2372650000000001
0.208968
0.236948
0.2756995
0.24817600000000006
0.292344
0.211608
0.251095
0.285385
0.266434
0.27021999999999996
0.196271
0.11962010000000001
0.303189
0.31609509999999996
0.313812
0.19159600000000002
0.13250060000000005
0.119112
0.21801700000000002
0.201144
0.197153
0.212888
0.1785098
0.15492099999999998
0.26504399999999995
0.186791
0.16764
0.230425
0.255232
0.282438
0.23626599999999998
0.285378
0.330395
0.267907
0.24201799999999998
0.26315500000000003
0.195957
0.203034
0.166953
0.179642
0.21854099999999999
0.21491
0.1780985
0.1345865
0.2172941
0.255712
0.1624588
0.195671
0.24373499999999998
0.229308
0.138938
0.20511999999999997
0.201478
0.17260559999999994
0.14966559999999998
0.15936900000000004
0.13955599999999999
0.10791019999999996
0.27968600000000005
0.179542
0.205874
0.2336260000000001
0.29875100000000004
0.2742
0.30208
0.18293300000000004
0.215239
0.179788
0.17929400000000004
0.19685999999999998
0.16958270000000006
0.220764
0.17898100000000006
0.23834
0.22240900000000002
0.20380380000000006
0.29685500000000004
0.28616400000000003
0.31942800000000005
0.296192
0.26010500000000003
0.237787
0.29874300000000004
0.29312400000000005
0.24435
0.269752
0.256671
0.1917279
0.16833810000000002
0.206501
0.274351
0.236976
0.241835
0.270937
0.271562
0.25555999999999995
0.25949300000000003
0.22086700000000006
0.294754
0.27614299999999997
0.216216
0.25345140000000005
0.24575010000000003
0.25834329999999994
0.21969940000000002
0.2366025
0.2061893
0.315311
0.34385200000000005
0.301706
0.28052
0.23524499999999998
0.348879
0.28799600000000003
0.217624
0.262199
0.23587199999999997
0.270952
0.273831
0.304288
0.309729
0.339148
0.296733
0.309274
0.279633
0.236898
0.237092
0.287747
0.207171
0.328967
0.31772700000000004
0.286646
0.284791
0.29843800000000004
0.25065000000000004
0.28748700000000005
0.26880200000000004
0.266543
0.272445
0.214181
0.32486400000000004
0.35103299999999993
0.287125
0.321178
0.323756
0.3262390000000001
0.33381
0.324952
0.3177789999999999
0.294362
0.263721
0.28019399999999994
0.267941
0.23410100000000006
0.28427699999999995
0.27775200000000005
0.329757
0.26765700000000003
0.367329
0.373683
0.318116
0.3025490000000001
0.32039
0.3199770000000001
0.246199
0.269412
0.28494
0.34460799999999997
0.25414200000000003
0.331081
0.3668889999999999
0.366433
0.33360500000000004
0.3159969999999999
0.28032900000000005
0.280519
0.296403
0.276968
0.223281
0.290866
0.30650700000000003
0.263648
0.264898
0.257198
0.259811
0.225912
0.35174099999999997
0.3790250000000001
0.36816
0.36743
0.334811
0.305654
0.37750700000000004
0.35702
0.33236199999999994
0.344858
0.358784
0.329293
0.26066100000000003
0.294482
0.2698
0.2353790000000001
0.244407
0.213946
0.24236
0.232792
0.266169
0.30233899999999997
0.225369
0.28486300000000003
0.333303
0.22419199999999995
0.279517
0.30136700000000005
0.30787800000000004
0.297218
0.263172
0.3143670000000001
0.304305
0.314959
0.27442300000000003
0.31422900000000004
0.245598
0.223018
0.22479
0.21590000000000004
0.27824799999999994
0.291952
0.285486
0.29152599999999995
0.29607100000000003
0.30387800000000004
0.227189
0.274143
0.255371
0.23812600000000006
0.25411
0.2332430000000001
0.196388
0.238673
0.197989
0.178931
0.288698
0.38648899999999997
0.309288
0.254277
0.225492
0.21346500000000002
0.24934
0.263453
0.284972
0.323595
0.379866
0.40816
0.40992
0.409273
0.4360339999999999
0.43455200000000005
0.409801
0.29749099999999995
0.252608
0.269942
0.26713800000000004
0.23647600000000002
0.212002
0.35311399999999993
0.32345500000000005
0.3061
0.265991
0.308381
0.32293799999999995
0.3429519999999999
0.311914
0.32441000000000003
0.284301
0.25508200000000003
0.27031700000000003
0.29301200000000005
0.268043
0.223294
0.265226
0.30775300000000005
0.253087
0.314314
0.31372000000000005
0.30251300000000003
0.27794800000000003
0.25188499999999997
0.278472
0.261831
0.2497726
0.262002
0.283722
0.331125
0.28394899999999995
0.249365
0.216277
0.220352
0.272936
0.264869
0.2280107
0.21353000000000005
0.208958
0.1847842
0.15625650000000002
0.17686800000000005
0.27016100000000004
0.227456
0.22395
0.33968899999999996
0.3172030000000001
0.293101
0.302908
0.277503
0.25928100000000004
0.282409
0.22596100000000002
0.259541
0.236837
0.184747
0.21768
0.218266
0.228897
0.315346
0.3842600000000001
0.420825
0.301347
0.25305000000000005
0.27015300000000003
0.22500100000000006
0.195608
0.161985
0.24427
0.16777
0.226352
0.1673835
0.181767
0.14989100000000002
0.1804394
0.15271400000000002
0.197131
0.23965100000000006
0.202085
0.245945
0.2640588
0.25770000000000004
0.235577
0.237976
0.227387
0.240985
0.20580900000000002
0.164986
0.206123
0.208156
0.327581
0.2884680000000001
0.310587
0.309231
0.32542600000000005
0.301522
0.261151
0.285061
0.209021
0.234026
0.195525
0.207149
0.240687
0.28341900000000003
0.24872100000000005
0.330525
0.250188
0.21361800000000009
0.248433
0.258254
0.248129
0.245029
0.213312
0.216639
0.17315199999999994
0.18347600000000008
0.20556
0.245786
0.202819
0.214144
0.234027
0.196304
0.267284
0.257618
0.222753
0.22708000000000003
0.203438
0.21259499999999998
0.230156
0.2431240000000001
0.24627800000000005
0.316019
0.24981799999999998
0.32907499999999995
0.31885800000000003
0.323871
0.226384
0.183438
0.192033
0.18525000000000005
0.212024
0.27841999999999995
0.15021900000000002
0.262335
0.2641566
0.342598
0.347997
0.364186
0.314707
0.283189
0.29724300000000003
0.334527
0.371736
0.3433680000000001
0.346538
0.327121
0.230918
0.233291
0.26285000000000003
0.2974990000000001
0.307869
0.279978
0.26556399999999997
0.249923
0.25354699999999997
0.275465
0.227517
0.24909499999999998
0.20341700000000001
0.187394
0.203736
0.22317399999999998
0.213019
0.15137699999999998
0.1919720000000001
0.18647100000000005
0.214606
0.19830699999999998
0.219608
0.222065
0.216687
0.2545
0.18544
0.184448
0.215654
0.20256400000000002
0.18859700000000001
0.1842290000000001
0.187503
0.160098
0.202968
0.190077
0.168706
0.190948
0.195546
0.16418400000000002
0.15507400000000002
0.22894
0.178423
0.20995300000000006
0.213986
0.161434
0.27411729999999995
0.299763
0.25164000000000003
0.163491
0.2680904000000001
0.294362
0.281621
0.3003
0.28765100000000005
0.310755
0.29227000000000003
0.3138150000000001
0.277524
0.2788607
0.3234
0.298142
0.29443800000000003
0.231305
0.280519
0.303712
0.332648
0.32923
0.29099400000000003
0.29034899999999997
0.333241
0.325809
0.31025800000000003
0.2924825
0.29357690000000003
0.2735058
0.26972890000000005
0.28343
0.304149
0.29974
0.279746
0.331627
0.181238
0.2398918
0.25672890000000004
0.290983
0.327127
0.35810400000000003
0.330443
0.344175
0.4549636
0.389824
0.33579499999999995
0.4374655
0.316753
0.326658
0.288473
0.313195
0.3963060000000001
0.3057610000000001
0.330392
0.32571300000000003
0.285165
0.29527600000000004
0.264714
0.3206340000000001
0.27522040000000003
0.29313100000000003
0.233733
0.297617
0.252969
0.3176446
0.32408459999999994
0.2670862
0.21098899999999998
0.3535510000000001
0.31568299999999994
0.387854
0.34787899999999994
0.27064340000000003
0.2729867
0.317159
0.341614
0.32010399999999994
0.32865
0.346159
0.320036
0.337687
0.332921
0.307091
0.223431
0.27675859999999997
0.2816242
0.26837
0.23442600000000002
0.283191
0.3150107
0.2362108
0.322395
0.28295
0.272997
0.284354
0.2700832
0.2431536
0.2307248
0.196511
0.291296
0.273687
0.29324
0.2725482
0.28521799999999997
0.231021
0.2795308
0.349743
0.349267
0.323114
0.309883
0.314756
0.349419
0.34954
0.282777
0.30403600000000003
0.294848
0.28407649999999995
0.30535
0.314929
0.2753199
0.246452
0.2529057
0.24182670000000006
0.27017090000000005
0.320658
0.323176
0.32362399999999997
0.2713875
0.278386
0.28600559999999997
0.2542594
0.16726400000000002
0.14441940000000006
0.2509503
0.272462
0.322934
0.28363600000000005
0.331208
0.2668163
0.2632441
0.2554112
0.2758219
0.267625
0.281818
0.26812800000000003
0.315607
0.34997
0.335271
0.280073
0.33703399999999994
0.326037
0.29861849999999995
0.341756
0.37402199999999997
0.339158
0.31682600000000005
0.343683
0.29072790000000004
0.3140009
0.325967
0.299535
0.324121
0.31927
0.283105
0.287487
0.28131199999999995
0.31178759999999994
0.29971071
0.3203474499999999
0.33794546000000003
0.2695876
0.3580606000000001
0.34912641
0.30612066000000004
0.33299251
0.32684432
0.35049069
0.3152611
0.3252843
0.21762289999999998
0.3359568
0.34789970000000003
0.3494564000000001
0.3298576
0.33027540000000005
0.3629648
0.3236801
0.3292683
0.3233321
0.3529658
0.3108537
0.4095608
0.38412270000000004
0.30978540000000004
0.3056776
0.31980640000000005
0.2940107
0.320921
0.3370674
0.25917
0.3421938
0.3659426
0.32935420000000004
0.3448814
0.4005448
0.3833898
0.3499191
0.3607839000000001
0.2805518
0.29957920000000005
0.35613520000000004
0.33437880000000003
0.3355422
0.32536750000000003
0.3770696
0.3635161
0.3726273
0.403117
0.34497900000000004
0.389615
0.3377560000000001
0.351054
0.34941700000000003
0.391195
0.3922620000000001
0.37666700000000003
0.367476
0.32186800000000004
0.31719600000000003
0.345772
0.394752
0.324362
0.310108
0.314551
0.3233623
0.3672994
0.371755
0.351279
0.3271310000000001
0.35404800000000003
0.373078
0.371603
0.332838
0.30139499999999997
0.3060065
0.2902165
0.28938800000000003
0.29237240000000003
0.302533
0.319711
0.346373
0.32011500000000004
0.319562
0.33777100000000004
0.361054
0.379972
0.3103690000000001
0.28827800000000003
0.31083700000000003
0.33493100000000003
0.318997
0.3215330000000001
0.296067
0.389343
0.37028720000000004
0.379198
0.37804499999999996
0.35930700000000004
0.353545
0.40910799999999997
0.391625
0.37767
0.338253
0.403829
0.39303699999999997
0.3745879999999999
0.40723000000000004
0.381454
0.371594
0.377641
0.363771
0.40933600000000003
0.433464
0.419023
0.42369399999999996
0.42193800000000004
0.4471520000000001
0.394572
0.368046
0.363298
0.390364
0.400119
0.340909
0.360951
0.34517200000000003
0.39215
0.416473
0.397787
0.404529
0.4037660000000001
0.34243700000000005
0.39767
0.389195
0.4217219999999999
0.406944
0.3982880000000001
0.42940900000000004
0.41336753
0.3974117100000001
0.4005742700000001
0.41592592
0.3829340100000001
0.37892391
0.35688635
0.39788102
0.36263636
0.30416799999999994
0.3494025500000001
0.32424309999999995
0.347287
0.3111172500000001
0.3259861000000001
0.40246807
0.33519882
0.3771979600000001
0.33871315
0.37563192
0.3719279600000001
0.4073969599999999
0.36626096
0.3001402400000001
0.29009119000000005
0.34962305000000005
0.3677170500000001
0.39621496
0.36433696
0.36841796
0.37965692
0.36461905
0.3304001000000001
0.30439010000000005
0.34683519
0.3563091
0.42780625
0.46440955
0.4573723500000001
0.4559241
0.4550550999999999
0.4568003
0.42613895
0.3703140500000001
0.39105405
0.3581421
0.3526711
0.3428390000000001
0.44821825
0.37416505
0.35171684000000003
0.43522955
0.30706515
0.35422015
0.3714891500000001
0.3674631500000001
0.35083305000000004
0.39595805
0.3419415100000001
0.46652425
0.4697743099999999
0.41459087
0.39455407
0.41210507
0.31585832
0.42639111
0.37937392
0.43460381
0.37274196
0.3273926500000001
0.32024915000000004
0.3226038
0.31681180000000003
0.27688285
0.36106205
0.38412585
0.3998854100000001
0.37680931
0.33087515
0.43511065
0.4096614000000001
0.3437715499999999
0.34062225
0.3547207000000001
0.33906000000000003
0.36343576
0.34799236
0.40590011
0.41587321
0.3315991
0.37836891
0.33926745
0.34720376
0.31167305
0.3232687000000001
0.34579295000000004
0.36550775
0.31793200000000005
0.35013589999999994
0.3751754000000001
0.33465195
0.33734399000000004
0.34996235
0.3612303000000001
0.35767035
0.30599109
0.2908310899999999
0.35192545
0.37332195
0.36302015
0.32846095
0.2232453
0.29163765
0.24928445
0.33531759
0.3492322
0.34276579
0.32282900000000003
0.32801055
0.32535149
0.34117665
0.34036524999999995
0.30848121999999994
0.33712711
0.31435565
0.31040140000000005
0.30952355
0.2707354
0.26923515
0.34205885
0.31978870000000004
0.34080415
0.3611292
0.34131915
0.29450609000000005
0.3791423500000001
0.39547025
0.4136875
0.35347135
0.34232460000000003
0.3692086000000001
0.33988155000000003
0.36759865
0.3185440900000001
0.31767309000000005
0.30547369
0.32562024
0.34253169
0.31026675
0.38070971
0.3814020100000001
0.4189268500000001
0.4297595
0.36348975
0.43900005
0.45572945
0.41159416
0.3279245
0.3377094
0.34097817
0.34651171000000003
0.33727855
0.35314476
0.19154435
0.16792461
0.24614321
0.22906071
0.31367512000000003
0.29380052
0.28122705
0.2467268
0.31965945
0.3283688
0.36989019
0.3840334500000001
0.3436084500000001
0.36425381
0.33321115
0.3820817
0.4379483499999999
0.40380475
0.46117589
0.4633823500000001
0.43536935
0.45000915
0.37502295
0.32086517000000003
0.34787666
0.3548699099999999
0.3722227000000001
0.37995494
0.26897346
0.31708525000000004
0.34294466
0.4282230500000001
0.41331734
0.38706903
0.40086515
0.38898518
0.3828736800000001
0.38994513
0.3918769500000001
0.41350454
0.43240021
0.4029274700000001
0.4070574700000001
0.40022491
0.34047324
0.33327694
0.29086974
0.30962493
0.2839456300000001
0.28639003
0.26342857000000003
0.21484915
0.17097865999999998
0.29882247
0.33484863
0.30498264
0.25049246
0.27741612000000004
0.29988479
0.40249588
0.4082572
0.36882129
0.40496111
0.4448833
0.4311421600000001
0.43123725
0.36468229
0.3698423400000001
0.35154248000000005
0.33965852
0.36486205
0.35157001
0.4152874400000001
0.35307402000000004
0.3999624300000001
0.3794240700000001
0.32975636
0.34592150000000005
0.35188484
0.32816316
0.3495905200000001
0.34225971
0.33695266
0.34254666
0.3767755300000001
0.36607553
0.34887471000000003
0.35357566
0.33136276000000003
0.34632766
0.22636557
0.28526063
0.34021425000000005
0.1998893800000001
0.29340345
0.35972988
0.38140902
0.3843543
0.40315448
0.40789661
0.4132312500000001
0.3998623900000001
0.39936517
0.38128896
0.41017869
0.4057379600000001
0.42598642
0.4244856100000001
0.42318579
0.4325466100000001
0.42979057
0.42674156
0.40163707
0.40890203
0.38341398
0.39702174
0.39286179
0.37497906
0.40284984
0.3958078400000001
0.4096257
0.40532469
0.39201274
0.37506711
0.35060124
0.36859506
0.36444001
0.41969269
0.39219588
0.3579772
0.3608771100000001
0.3608671499999999
0.35279006
0.37652506
0.33648234
0.32263899
0.33855734
0.37230617
0.29115901000000005
0.36981197
0.38742854
0.37415293
0.37306501
0.34155615
0.34287864
0.35130377999999995
0.38698164
0.34075173000000003
0.31248563
0.35342468000000005
0.4022695
0.40858945
0.40797854
0.39223059
0.36063211
0.35461402000000003
0.33980806
0.3553570600000001
0.34920911000000004
0.33832716
0.3331240999999999
0.3440078
0.39049623
0.39868313
0.42561938
0.40994093
0.38018078
0.34765901
0.3612790100000001
0.35601086000000004
0.33062099999999994
0.33894275
0.27194366
0.33328746
0.34797971000000005
0.36929473
0.35663982000000005
0.38299288
0.40697693
0.40876998
0.41092628
0.34069986
0.3428278200000001
0.38567568
0.41155871
0.37613883
0.26533346
0.29790922000000003
0.29520228000000004
0.39817579999999997
0.3832889300000001
0.34565376000000003
0.34722786
0.32857594
0.33533393999999994
0.2890179900000001
0.29196404
0.28382767000000003
0.2523707000000001
0.24597275
0.23357885
0.25511056
0.26632527
0.28539547000000004
0.27050542
0.34692881000000003
0.35702786000000003
0.35188086
0.33475094
0.32267099
0.32756804
0.26323701000000005
0.26065689000000003
0.37291373
0.3893578800000001
0.37598362
0.39581213
0.41334569
0.35878103999999994
0.31588303999999995
0.31409598
0.3385619
0.26271205
0.35795676000000004
0.3318998
0.32782584
0.3279287100000001
0.39902698
0.3135208
0.36656101
0.31875574
0.35480461
0.36119486
0.41430599
0.3824013
0.40434383
0.38279011
0.34382480000000004
0.34174995
0.36673072
0.40095478
0.37163862
0.33778987
0.31340406000000004
0.3438318
0.29360305
0.33297048
0.3540031000000001
0.3241551
0.34474987999999995
0.3555708
0.33527689000000005
0.35291014000000004
0.32118194000000005
0.31383052
0.34612572
0.3762548200000001
0.36833176
0.33996194
0.25958798
0.34137714
0.35013981000000005
0.3681179100000001
0.36482357
0.39851903
0.36075567
0.3584919500000001
0.42058914
0.35531388
0.32749006
0.38174968
0.36964496
0.40517359
0.35518106000000005
0.34282479
0.37386062
0.41411319
0.41696085
0.39536003
0.3723487700000001
0.36367671
0.35014496
0.26870842
0.3301988
0.37302043
0.35641768
0.33762987
0.31009903999999994
0.30594781
0.32110172000000003
0.36733558
0.32977281
0.35989543
0.32237157
0.28034355
0.29068194
0.26720484
0.3160108600000001
0.31758275
0.33300902
0.27691299
0.29265019000000003
0.29032091000000004
0.30198476
0.27468874
0.30775583999999995
0.25667091000000003
0.31091677
0.33059163
0.30649876000000004
0.27215489
0.34162778000000005
0.41548238
0.39816393
0.36068307
0.35520716
0.3566212000000001
0.33742496000000005
0.30732331
0.29278187
0.4113189300000001
0.40270467
0.38480433
0.34648183
0.38753057
0.39918993
0.37539787
0.36902502
0.33823275
0.42702409
0.33214940000000004
0.36941484
0.37765097
0.35650204
0.34615624
0.30146490000000004
0.30872611
0.32649611
0.33998528
0.31890119
0.32031128
0.33622119
0.33745704
0.27292263
0.37167491
0.38271973
0.4112309800000001
0.39247193
0.37159621
0.37724292
0.3655010000000001
0.3539809600000001
0.36173948
0.3743414800000001
0.32163467
0.33339162
0.34649152000000005
0.34791893999999995
0.40576628
0.40077543
0.42795448
0.3940950700000001
0.36669502
0.34337176
0.37875172
0.3780518199999999
0.35605696000000003
0.37007592
0.33632677
0.35052667000000004
0.37790292
0.36121367
0.37363597
0.35584982
0.37068897
0.32681448
0.39838884
0.4283435599999999
0.38141747
0.38053504
0.32628018000000003
0.28898654
0.3531045
0.422929
0.428779
0.422429
0.4109890000000001
0.43023999999999996
0.324849
0.254554
0.210403
0.28196249999999995
0.2424755
0.2190313
0.2342878
0.3576615
0.33658540000000003
0.35845800000000005
0.34362400000000004
0.27525740000000004
0.28010630000000003
0.2709989
0.22222060000000002
0.2942385
0.18261970000000002
0.2796204
0.3451775
0.3775945
0.2808542
0.3617547
0.23038809999999998
0.30703420000000003
0.32408390000000004
0.38251284
0.34709182
0.29706440999999995
0.41412913
0.41012678
0.39429572
0.41488217
0.40045991
0.3995550000000001
0.42218197
0.37667201
0.3759844100000001
0.35386706
0.35803911
0.3763845300000001
0.37940277
0.40952588
0.3414877
0.37281367
0.3547928200000001
0.36665073
0.32657184999999994
0.26195403
0.38920164
0.36637764
0.39922243
0.36645539
0.29610418
0.31304533999999995
0.2802662799999999
0.23694123
0.27035247999999995
0.26156682000000003
0.33060867000000005
0.18022101
0.16987341999999994
0.21713045
0.28510051000000003
0.22454127
0.19808565
0.20981511000000005
0.24980152
0.26863459
0.25851503000000003
0.27036863
0.23664580000000005
0.28982574
0.31148795
0.33545886
0.30408271000000003
0.35059942
0.3235787100000001
0.32905381
0.33968273
0.32987234
0.36114791
0.33163271000000005
0.35552753
0.29734989999999994
0.35261513
0.30052599
0.30528361000000004
0.33185334
0.2784574200000001
0.29131132000000004
0.22398861
0.21168457
0.25700146
0.26304528
0.23158941
0.24416233
0.22628422
0.17201860000000002
0.10166297
0.11625137
0.15460799999999994
0.23138536
0.17141078999999998
0.28245918
0.28194247
0.20373045
0.18422836
0.28127727
0.3020166999999999
0.27053708
0.13861651
0.14431813
0.31425837999999995
0.32407648
0.27560057
0.29126294
0.33281099000000003
0.38905281
0.33533686
0.34009566
0.32083387
0.32690524000000004
0.30409371
0.23273084
0.24721618
0.21218109
0.22772138
0.21821193
0.30591138
0.32369638
0.29096933
0.3700491400000001
0.34660038000000004
0.29016626999999995
0.19065898
0.31759422
0.28167846
0.31109358
0.3051046
0.36475754
0.36630515
0.26988698
0.30785038
0.30604652
0.26468342
0.26278137
0.24309832
0.26179853
0.25348763
0.37378654
0.29913428
0.34816857999999995
0.29608162
0.23597441
0.20711646
0.27942342
0.23865137
0.19451712
0.28801127
0.28898707
0.23643362
0.24686207
0.27508426
0.32753936999999994
0.24953537
0.36999413
0.32363442000000003
0.34393258
0.28156572
0.32315592000000004
0.27233957000000003
0.32734342
0.32505062
0.34995448
0.32455338
0.32838123
0.23425643
0.34692853
0.44367553
0.27882664
0.29621298
0.34246554
0.21914619
0.21434328
0.27731823999999994
0.33236461999999994
0.29200656
0.19926213
0.23109817
0.25309236
0.25348727
0.35306922
0.34609293
0.34936497999999994
0.34648409
0.33969118
0.27108798
0.27842364
0.37969958
0.33223478999999995
0.3695293399999999
0.35103124
0.23947108
0.23550422
0.19101313
0.27862727
0.27303842
0.24106936
0.23759322
0.26344628000000003
0.2570523799999999
0.23004765
0.24331684
0.28626859
0.28950659
0.21880205
0.28640706
0.27452773
0.33182223000000005
0.36099433
0.37391938
0.36770758
0.38321287
0.35926620000000004
0.37085809
0.35215096999999995
0.30300010000000005
0.30722719000000004
0.33684536000000004
0.26152201
0.30709503
0.40406149
0.35162548000000005
0.37946894
0.35636184
0.4186473299999999
0.22407401
0.22204016
0.26539452
0.27176866000000005
0.29434557
0.37205293
0.31953357
0.35660332
0.26601088
0.37166408
0.38775268
0.35409993
0.30959556000000005
0.25838292
0.21096952
0.27070148
0.33393362
0.31572092
0.19140462000000005
0.3090693700000001
0.36546133
0.43663848
0.42290983
0.40979183
0.39460202
0.36240177
0.33231497000000004
0.38263238
0.40384393
0.40660923
0.42732984
0.40431108
0.43207458
0.43864949
0.42419694
0.42320694
0.4302671400000001
0.39647138
0.3462463799999999
0.37026798
0.39623909999999996
0.30565274
0.30632373
0.31882109000000003
0.35389669
0.37127923
0.3794846399999999
0.36896663
0.3748034800000001
0.36922584
0.35264088
0.40074634
0.34853778
0.36467114
0.38981518
0.34395172
0.36042178
0.3642192799999999
0.32701157
0.33304077
0.31185397000000004
0.28760012
0.29976017
0.31645812
0.24553728
0.33027528
0.38058358
0.37462588
0.35876723000000005
0.36964634
0.37774633
0.34982332
0.31940608000000004
0.31214912
0.35336424
0.29127558
0.32678902000000004
0.42539164
0.3850875799999999
0.37883973
0.3409825400000001
0.30845488
0.31599682
0.35271518
0.30920488
0.26821602000000005
0.29841036
0.30644422
0.33241117
0.29545992
0.23914382
0.29932422000000003
0.30175476999999995
0.33807237
0.2935393
0.31231440000000005
0.32746959999999997
0.1806467
0.2415536
0.3075586
0.3486056
0.31183140000000004
0.31174
0.3354296
0.32748700000000003
0.3631066
0.3922219
0.32624309999999995
0.3120117
0.3311063
0.30193400000000004
0.33476
0.320734
0.3976126
0.388408
0.3081699
0.2749478
0.2559583
0.280635
0.2959659
0.274731
0.2815861
0.2344834
0.29206129999999997
0.2861265
0.3147979
0.268457
0.3189506
0.35517020000000005
0.32420540000000003
0.32490430000000003
0.3547328000000001
0.31161570000000005
0.31462650000000003
0.35311819999999994
0.2913277
0.30907179999999995
0.2647183
0.33877209999999996
0.3075826
0.3214031
0.3198565
0.2771755
0.26915999999999995
0.3086966
0.29620459999999993
0.2913873
0.2927514
0.2650465
0.30913500000000005
0.2648475
0.3628035
0.2963942
0.27659319999999993
0.3168797
0.3703960000000001
0.3151213
0.2981577
0.3097530000000001
0.3109938000000001
0.2772325
0.3036697
0.23759810000000003
0.34323940000000003
0.33635709999999996
0.28672499999999995
0.2566887
0.29812700000000003
0.3501095000000001
0.2925969
0.32505300000000004
0.3202145
0.313504
0.28478790000000004
0.27753690000000003
0.26038419999999995
0.295194
0.3147324
0.30631239999999993
0.3334801
0.31194279999999996
0.2846562
0.2596597
0.2696947
0.3558776
0.3813012000000001
0.2968639
0.4115344
0.37706540000000005
0.4299257000000001
0.4062965
0.2728113
0.09248209999999996
0.3342113
0.2884866
0.16033399999999998
0.24887179999999998
0.1880499
0.3080353
0.3605377
0.13675719999999994
0.12607279999999998
0.1419806
0.16628240000000002
0.2263534
0.3225679
0.2414446
0.21097860000000002
0.14329470000000002
0.2075609
0.220107
0.1645432
0.2779014
0.1732731
0.2990927
0.2758262
0.19605029999999998
0.22534240000000005
0.31541290000000005
0.32816959999999995
0.2875915
0.2752708
0.284557
0.2851126
0.3039932
0.34985579999999994
0.32003570000000003
0.35983059999999994
0.3143032
0.2090557
0.1963789
0.1881902
0.2039257
0.1916177
0.14425480000000002
0.10508950000000004
0.10708789999999999
0.27809759999999994
0.3153092
0.3506136999999999
0.2687058
0.1567881
0.13342099999999998
0.17403290000000002
0.17124779999999998
0.2349993
0.2738634
0.263944
0.23180949999999997
0.1292596
0.29633770000000004
0.2009465
0.1171557
0.13431569999999998
0.08393719999999999
0.2361913
0.3031894
0.1985229
0.2263719
0.28485910000000003
0.31220729999999997
0.2381771000000001
0.2268731
0.2197683
0.2553842
0.28733590000000003
0.27352750000000003
0.1866283
0.1866575
0.2949574000000001
0.3260235
0.3177164
0.2231285
0.3011437
0.2801604999999999
0.28178190000000003
0.2954121000000001
0.2871876
0.27794640000000004
0.25114839999999994
0.2986103
0.34099240000000003
0.30387319999999995
0.2400373000000001
0.33290240000000004
0.39952170000000004
0.33819899999999997
0.30652050000000003
0.2643475
0.20942840000000001
0.1776353
0.2460753
0.2213864
0.2605726
0.21998070000000003
0.1987434
0.2392408
0.29725100000000004
0.3065574
0.2749768
0.3017192
0.25478
0.25181770000000003
0.2401047000000001
0.2355795
0.2411808000000001
0.2684879000000001
0.2112079
0.20721370000000006
0.2328319
0.2516012
0.1479787
0.2771314
0.1910177
0.2092799
0.2803333
0.30475820000000003
0.26596380000000003
0.25552270000000005
0.2411462
0.16347540000000002
0.2803272
0.235143
0.22441570000000002
0.28420300000000004
0.2993006
0.32398109999999997
0.3431073
0.31809849999999995
0.3297652
0.3348612
0.3322511
0.22131820000000005
0.3181869
0.3312223
0.3538257
0.31296450000000003
0.26846620000000004
0.29033000000000003
0.3349304
0.30703490000000005
0.35633570000000003
0.3549020999999999
0.3136119
0.3447318999999999
0.33091740000000003
0.35815109999999994
0.2907245
0.2986897
0.29955639999999994
0.2761653
0.2851495
0.25546030000000003
0.3147248
0.3286868
0.3299578
0.33370690000000003
0.3055337
0.3057066
0.3597175
0.30806550000000005
0.23655140000000002
0.28385249999999995
0.2333275
0.30268749999999994
0.31483019999999995
0.30747990000000003
0.2868874
0.34356770000000003
0.3320328
0.3297884
0.29461390000000004
0.3073485
0.3679802
0.30848239999999993
0.2250743
0.31465980000000005
0.27016290000000004
0.30834209999999995
0.3572191
0.3101946
0.3249003999999999
0.31324409999999997
0.3828975
0.2824007
0.2551325
0.284543
0.33566939999999995
0.24590860000000003
0.248231
0.1785424
0.1825374
0.2388245
0.2000499
0.1648733
0.1303613
0.15835760000000002
0.22917179999999998
0.2010922
0.2313215
0.21523420000000001
0.29285229999999995
0.3034039
0.287965
0.3596012000000001
0.33806640000000004
0.1833904
0.1760286
0.1915277
0.30477839999999995
0.23281390000000002
0.23712220000000006
0.1817147
0.201976
0.1727961
0.2422611
0.16669
0.2179892
0.16597060000000002
0.14011179999999998
0.2510623
0.3094572
0.31071570000000004
0.3159563
0.3267622
0.2609325
0.242496
0.23800300000000002
0.2715720999999999
0.25489720000000005
0.23134749999999998
0.2778908
0.26784050000000004
0.2114254
0.18584981
0.14274304
0.19692409
0.17467747
0.14031261
0.11221246
0.1008511
0.1415899
0.15496320000000002
0.1608625
0.0958153
0.1744895
0.129073
0.1464733
0.12514550000000002
0.1118491
0.2442837
0.1029053
0.1555191
0.16146870000000002
0.1660723
0.1458105
0.1193452
0.1537335
0.15962329999999994
0.1323715
0.18127920000000008
0.16828049999999994
0.13953429999999994
0.1812092
0.1370797
0.159788
0.14677929999999995
0.16001229999999994
0.1337053
0.0993095
0.1106132
0.15673099999999998
0.2100213
0.06802909999999998
0.1519172
0.1844063
0.1811864
0.07921629999999999
0.1067764
0.1038452
0.1116083
0.14058310000000002
0.1256042
0.0373646
0.18081029999999998
0.16533420000000001
0.1063993
0.1348353
0.1213663
0.0804173
0.0577732
0.0839541
0.0684322
0.0991292
0.13317420000000002
0.1596665
0.0734563
0.1173713
0.0574163
0.0681631
0.0967183
0.09780830000000001
0.1551692
0.098667
0.1688981
0.1389331
0.1393321
0.1695112
0.08361829999999999
0.1944682
0.1754332
0.0932191
0.13786529999999994
0.18462690000000004
0.15226430000000002
0.15082820000000002
0.1556929
0.21791880000000002
0.16457059999999998
0.25397770000000003
0.1908215
0.12290519999999999
0.1293175
0.1853507
0.21635070000000006
0.229638
0.2027571
0.2443463
0.19973239999999998
0.15303270000000002
0.1269329
0.16342079999999998
0.1607156
0.1730421
0.16564379999999998
0.17061220000000002
0.14780259999999998
0.2127842
0.21956660000000006
0.1881197
0.12231159999999999
0.1480715
0.17978470000000002
0.2747583
0.207581
0.1749677
0.1634985
0.19374560000000002
0.16670320000000002
0.201847
0.20539640000000006
0.20129010000000008
0.14811429999999998
0.14852210000000002
0.2199382
0.31027330000000003
0.2409361
0.2690396
0.2112973
0.2189444
0.1792849
0.0962599
0.13570629999999995
0.13552129999999998
0.2384334
0.24728379999999994
0.1947663
0.27901979999999993
0.3075292
0.3090369
0.16372179999999995
0.2210917
0.22911060000000005
0.21581190000000008
0.1773689
0.16025489999999998
0.2391679
0.2172218
0.30998200000000004
0.2877719
0.25578359999999994
0.17938320000000002
0.17815129999999998
0.16695420000000002
0.18599670000000001
0.2186808
0.212314
0.22062729999999997
0.2257159
0.2234891
0.2420126
0.2662678
0.2204445
0.3245005
0.28525480000000003
0.2312274
0.1691301
0.2007747
0.1835743
0.16578569999999998
0.1570854
0.1231212
0.1427456
0.2171216
0.180473
0.1484914
0.2382438
0.1802528
0.2555111
0.2725725
0.296191
0.300739
0.2560304
0.3016072
0.28277620000000003
0.32002200000000003
0.3481302000000001
0.3179685
0.27060120000000004
0.2218209
0.2055479
0.2261321
0.1485256
0.1894287
0.224889
0.1717331
0.17008620000000002
0.2248221
0.2349118
0.2436458
0.2105071
0.21784770000000003
0.184203
0.167471
0.096575
0.063756
0.119403
0.1019067
0.14122739999999998
0.2062384
0.1840589
0.2104273
0.22119650000000002
0.1819768
0.19463629999999998
0.14385789999999998
0.2266331
0.2185011
0.27952140000000003
0.2923005
0.2863179
0.3532556000000001
0.2956581999999999
0.28810880000000005
0.2455015
0.23629320000000004
0.2048026
0.2520471
0.2770037
0.276962
0.24835279999999998
0.21536999999999998
0.3042954
0.2750288
0.2429447
0.22685429999999995
0.20932489999999998
0.2409805
0.2555499
0.1916978
0.22296340000000006
0.1497768
0.14655300000000002
0.16453910000000002
0.2052775
0.19012320000000002
0.1625996
0.228848
0.2102593
0.1854719
0.2353323
0.23790540000000002
0.25031479999999995
0.3103576
0.2531279
0.2254123
0.1952077
0.2027453
0.1679142
0.23403420000000005
0.2355891
0.23456060000000006
0.22555920000000002
0.1976074
0.2410949000000001
0.2263783000000001
0.2439349
0.244296
0.2409435
0.2149544
0.2483924
0.2494298000000001
0.2765994
0.30391050000000003
0.2451054000000001
0.26110900000000004
0.2318859
0.2266239
0.16547749999999994
0.2013019
0.2391169
0.262971
0.27916460000000004
0.2553319
0.2123843
0.23905700000000002
0.1940228
0.19176310000000002
0.2155775
0.16512620000000006
0.27809709999999993
0.27669989999999994
0.2196408
0.21608400000000005
0.17455610000000002
0.1433405
0.098866
0.1153717
0.1481263
0.3256515
0.1558167
0.1440081
0.1405095
0.2248749
0.2310005
0.235937
0.1209286
0.2151788
0.2105811
0.22394650000000002
0.1803112
0.1626309
0.17475679999999993
0.1688684
0.20167279999999999
0.17087600000000006
0.1898945
0.1520434
0.15262889999999998
0.1986444
0.1843207
0.1924338
0.2127982
0.2276735
0.26832340000000005
0.2165908
0.2373225
0.1736567
0.2034429
0.3069038
0.30432970000000004
0.236502
0.2244281
0.2286552
0.2527929
0.22065269999999995
0.2405698
0.1756447
0.2074641
0.15558539999999998
0.1398405
0.13211989999999998
0.17588929999999994
0.208994
0.16858810000000002
0.2173058
0.2029484
0.21001370000000005
0.19578370000000006
0.2192466
0.2083891
0.21770100000000006
0.2287263
0.1438339
0.21798160000000005
0.20195770000000002
0.1933646
0.2825416000000001
0.1968901
0.186446
0.24393710000000002
0.2444929
0.2010273
0.1538806
0.33119940000000003
0.30695339999999993
0.31015790000000004
0.2612263
0.2092812
0.1956885
0.1230421
0.16388
0.18657200000000002
0.134297
0.2479728
0.26681940000000004
0.25471570000000004
0.28593630000000003
0.2148002
0.22232159999999998
0.2440052
0.1803261
0.17000760000000004
0.2357679000000001
0.1822986
0.27114989999999994
0.2731887
0.2634676
0.25517460000000003
0.24465779999999995
0.21559970000000006
0.2072257
0.15618339999999994
0.1496735
0.17805940000000006
0.21502640000000006
0.21690460000000006
0.1984158
0.18319029999999997
0.2209959
0.19871999999999995
0.2921033000000001
0.2484123
0.2361038
0.2230492000000001
0.24270099999999994
0.1998147
0.21412270000000003
0.14666690000000002
0.28270680000000004
0.288854
0.22102570000000002
0.2303368
0.2154321
0.2264864
0.2483991
0.2382981
0.2464051
0.23379339999999998
0.20380650000000008
0.2593531
0.1999635
0.240168
0.2700979000000001
0.2294393
0.2549624
0.2299913
0.29079150000000004
0.21614850000000002
0.2617132999999999
0.2489555
0.27728709999999995
0.2560917
0.2722334
0.2838775
0.1920624
0.2864665
0.343505
0.30266950000000004
0.27973609999999993
0.2442144
0.1938412
0.19013629999999998
0.2102027
0.30209249999999993
0.16888590000000006
0.254871
0.2904277000000001
0.26343700000000003
0.31838180000000005
0.3465861
0.3290273
0.29423299999999997
0.25247270000000005
0.22498
0.1845693
0.1926428
0.2700401
0.2408077
0.26753940000000004
0.2717841
0.2776456
0.2787529000000001
0.29842880000000005
0.28119340000000004
0.2995962
0.3551568
0.35076860000000004
0.33357950000000003
0.3190968
0.3053718
0.2422255
0.2789991000000001
0.2527107
0.2629479
0.2319482
0.27728909999999996
0.2718328
0.28978479999999995
0.25812820000000003
0.1896267
0.2881283
0.3035963
0.3001667
0.2827828
0.3191993
0.3054986000000001
0.3252248
0.3185083
0.2631892
0.2242866
0.33364859999999996
0.3480206
0.3096938
0.3387586
0.34464189999999995
0.3436372000000001
0.3247401
0.2660692
0.2592331
0.2458946
0.29735900000000004
0.34563309999999997
0.3520238
0.33874590000000004
0.3465368000000001
0.31410279999999996
0.3029119000000001
0.3123112000000001
0.31742800000000004
0.30670620000000004
0.3233572
0.2813587
0.2715667
0.2837181
0.27436370000000004
0.2096857
0.22964920000000005
0.29043240000000003
0.3038953
0.3151987
0.3150696
0.32095080000000004
0.3048004
0.2925513
0.2991531
0.27693910000000005
0.2758414
0.25909540000000003
0.25471009999999994
0.2468211
0.26268470000000005
0.33575340000000004
0.28085219999999994
0.29730429999999997
0.2455185
0.2276311
0.2464407
0.2993134
0.2131118
0.2060524
0.149225
0.193363
0.18999770000000002
0.1691716
0.1547235
0.14956540000000002
0.210992
0.1876832
0.14294
0.1161529
0.2245469
0.12619059999999999
0.24121079999999998
0.1797985
0.2412978
0.21684210000000004
0.1912893
0.1525194
0.2057562
0.2204777
0.1941909
0.2765381
0.2514926
0.2193077
0.2703069
0.32220970000000004
0.2570464
0.2143063
0.19483370000000005
0.2514408
0.2191138
0.2186621
0.24505610000000005
0.22044410000000003
0.2300498
0.26119610000000004
0.1972174
0.2599311
0.2646125
0.2888645
0.2364354
0.1825723
0.2280799
0.14932779999999998
0.21544550000000004
0.28660299999999994
0.29123409999999994
0.2850006
0.2370345
0.2035959
0.218452
0.107226
0.1070282
0.17161970000000001
0.07287359999999997
0.112319
0.17898810000000004
0.1005654
0.1891773
0.20638600000000001
0.17248829999999998
0.1780234
0.1517829
0.2904493
0.34555990000000003
0.17186070000000006
0.26121880000000003
0.2543144
0.25230660000000005
0.2123535
0.2012977
0.18033239999999998
0.1174902
0.1405194
0.09646280000000004
0.2050358
0.17200720000000005
0.2492676
0.17975750000000001
0.1490336
0.1499476
0.2045537
0.14778819999999998
0.1678819
0.2879308
0.2344699
0.2303726
0.1371197
0.19841860000000006
0.28311679999999995
0.17294170000000006
0.11732000000000002
0.17315049999999998
0.1426647
0.2142401
0.17938749999999998
0.1822248
0.24893110000000002
0.2093552
0.2638851
0.27980170000000004
0.2651781
0.29573190000000005
0.25442329999999996
0.28804070000000004
0.2401301
0.15318169999999998
0.1548963
0.1856165
0.15972250000000002
0.15818379999999999
0.28525199999999995
0.18413429999999997
0.2210677
0.2755935
0.2469087
0.1917838
0.19023510000000002
0.2293451
0.2590783
0.2194179
0.2445647
0.25213779999999997
0.20650949999999998
0.2991480999999999
0.1928206
0.35632220000000003
0.27018600000000004
0.28610610000000003
0.17682759999999995
0.2291665
0.2041201
0.15797640000000002
0.12194660000000002
0.16878800000000005
0.2886555
0.2804393
0.2898352
0.2522409
0.199561
0.24332420000000002
0.2309776
0.1893403
0.15965459999999998
0.11901660000000006
0.2147674
0.269836
0.2722182
0.3093714
0.27537179999999994
0.27294490000000005
0.2812884
0.2811444
0.311487
0.25117520000000004
0.2118844
0.1519311
0.1949384
0.16009849999999998
0.2034034
0.23098920000000003
0.32421300000000003
0.308747
0.28224130000000003
0.2501766
0.1684664
0.2164409
0.2330305000000001
0.2768421
0.2419488
0.232767
0.23818609999999998
0.2906149
0.2746905000000001
0.2519589
0.2603492
0.27178990000000003
0.23323429999999998
0.3003909
0.2963822
0.29950160000000003
0.2289781
0.2527265
0.17874579999999998
0.2884482
0.27391229999999994
0.2416815
0.2457096
0.2215318
0.307616
0.24080660000000004
0.22489189999999998
0.2619906
0.2559868
0.2005069
0.22992070000000003
0.3025433
0.30684680000000003
0.3258482000000001
0.31589629999999996
0.3462796
0.29787410000000003
0.3322642
0.390786
0.3146104
0.30007490000000003
0.3609719
0.2552495
0.2937470999999999
0.31425390000000003
0.2185755
0.1878882000000001
0.2099297
0.219897
0.26759920000000004
0.2208305
0.2884711
0.28978469999999995
0.29527070000000005
0.28878669999999995
0.26821789999999995
0.2834843
0.3027106
0.2324345
0.22652350000000002
0.2433401
0.1841478
0.1997485
0.19169770000000005
0.2779263
0.3106468
0.30938030000000005
0.3709312
0.3290949
0.27598290000000003
0.283019
0.23314229999999997
0.2583665
0.2704836
0.2324752
0.24840749999999998
0.188111
0.2129422
0.1769851
0.28910499999999995
0.2582727
0.2856075
0.2456099
0.26998110000000003
0.2525592
0.2716821
0.1972195
0.1887753
0.1881784
0.1992286
0.14410649999999994
0.2150421
0.1864579
0.16360789999999995
0.1778795
0.19516820000000001
0.1988679
0.1950056
0.2101308
0.2226641
0.2320837
0.15041859999999996
0.1925991
0.2176035
0.2586044
0.1986317
0.2883353
0.29639560000000004
0.30546890000000004
0.30777069999999995
0.2647182
0.25484439999999997
0.2054139
0.2444493
0.2821248
0.280007
0.29660390000000003
0.3067472
