0.28003895
0.24719391000000004
0.23742201
0.22555691
0.24387486
0.26553793000000003
0.36562733
0.24402137
0.23674091000000005
0.35931771
0.4510388200000001
0.39952691
0.35548541
0.19923836
0.13356746
0.22491647
0.16355625
0.19176541000000005
0.20265541
0.18803435
0.19415550000000006
0.19670526000000005
0.20440961
0.15471326000000002
0.2339775100000001
0.21553381
0.23169881
0.19610717
0.18184431
0.23825131
0.2576184199999999
0.13020607
0.16381087
0.2080217099999999
0.14926831000000002
0.13136881
0.17349830000000002
0.21189291
0.23751872
0.20467727
0.20120537
0.23477363
0.20281161
0.15902827
0.22498472
0.24471071000000005
0.16439846000000002
0.15468641000000002
0.10355935
0.13781471
0.2160834100000001
0.35399616
0.20680790000000004
0.20829201000000008
0.11756436000000002
0.16656025000000002
0.17122731000000002
0.21280876
0.17536526000000002
0.24992301
0.14489261
0.19924921
0.18414121000000008
0.15470126
0.24090187
0.19759072000000005
0.20789751
0.16085446000000006
0.14073711000000005
0.16222376000000005
0.15205706000000002
0.16266265000000005
0.17331041000000005
0.2439717100000001
0.17471057000000004
0.09482817
0.1834821100000001
0.17588265999999994
0.14880795000000002
0.18557927
0.26659557
0.20765092
0.18222587
0.21089967
0.17378185000000002
0.15006496
0.15480431
0.19505971000000005
0.21665791
0.23695877000000004
0.29412791
0.19476441
0.20198252
0.22583657
0.24801402
0.26953786
0.27069441000000005
0.23939861
0.19668626000000008
0.23039531
0.21821911
0.23718212
0.19637847
0.23285141
0.21404906
0.16575410999999998
0.16420386
0.18021487000000005
0.21764206000000005
0.17994466000000006
0.17920352
0.18032556000000005
0.12367371
0.2546249099999999
0.12622341000000006
0.23869815000000005
0.19746346000000006
0.2290188699999999
0.20363986
0.24307605999999995
0.11888215
0.12220770000000004
0.16096706000000002
0.16548165999999992
0.16337732
0.10372931000000003
0.15183422
0.35475739
0.3449355
0.4479782400000001
0.33434644
0.34205834
0.29895813000000004
0.21045589999999997
0.18816377
0.1332234
0.18562698
0.1898543
0.11392534000000006
0.18012717000000006
0.16790142000000008
0.10965118000000004
0.11120437000000004
0.17346541999999987
0.12720387000000005
0.17323356999999992
0.18138886999999984
0.23073076999999986
0.20270012999999987
0.16815358000000005
0.22368587999999984
0.29036757
0.29435936
0.28974017
0.26622681000000004
0.1865235600000001
0.2096052300000001
0.2745471299999998
0.2379723199999999
0.20867706000000005
0.2518279099999998
0.26126016999999985
0.27529961999999986
0.24394916999999985
0.2188460100000001
0.2278704099999998
0.21075356
0.56670166
0.70763146
0.3486927
0.27903164
0.31114213
0.24927973
0.28992421999999995
0.33334437999999994
0.3545016
0.2689810199999999
0.2771478699999999
0.2897396699999999
0.19300771
0.19297646
0.21087380999999988
0.18354454999999992
0.2277951099999999
0.2667916099999999
0.20436701
0.19094361
0.20248240999999995
0.21412755999999994
0.2334397299999999
0.25652196999999993
0.24829941999999994
0.2396602699999999
0.26973966999999993
0.2905915299999999
0.29061119
0.4298160500000001
0.36557174
0.32184887999999995
0.28340938999999993
0.32365364
0.4002430699999999
0.41585407
0.4015273400000001
0.37734274
0.3235423699999999
0.32465051999999994
0.2643080699999999
0.2476947399999999
0.32174850999999993
0.4054380699999999
0.4244720299999999
0.28361147
0.19100692
0.37930511
0.22950847
0.22309582
0.22381097
0.22691017
0.31753242
0.27772167000000003
0.2665484699999999
0.27525877
0.2908785299999999
0.52289044
0.6872393899999999
0.4521225900000001
0.51805724
0.64772359
0.52687619
0.46859604
0.65838375
0.51981054
0.47642754
0.6163727
0.71918965
0.7158759400000001
0.6916652000000001
0.6650028900000001
0.6920718000000001
0.81297134
0.6765468800000001
0.60228829
0.30527929000000004
0.2572400299999999
0.34837647
0.37583498
0.36083387
0.26453117
0.27266076999999994
0.26720576
0.2569695099999999
0.2850184099999999
0.25216000999999993
0.25042850999999994
0.38676157
0.40438918
0.5440842300000001
0.7118382400000002
0.6929793300000001
0.6740842299999998
0.6789665300000001
0.4958457199999999
0.35001851999999994
0.4397688099999999
0.44216347
0.4445005699999999
0.39010847
0.50707033
0.4661159299999999
0.42922597
0.4575667699999999
0.5245204699999999
0.47631992
0.4660602300000001
0.6468227200000001
0.6814656299999999
0.6572759800000001
0.65876333
0.67187183
0.25436952
0.34575865999999994
0.23793717
0.2633907799999999
0.2410678
0.11867962
0.23586095999999995
0.21180154999999992
0.10354406000000002
0.3514203099999999
0.25684591
0.23486161000000005
0.27709691
0.24232571
0.3890761
0.20817237
0.18192674
0.04920132000000002
0.12867996999999998
0.22456935
0.2294127
0.16549927000000006
0.2655415500000001
0.19330886
0.16102806999999994
0.09825040000000004
0.38605065
0.3282225999999999
0.31932216
0.22356698
0.17900037999999996
0.15708520000000006
0.22590744999999995
0.18498278
0.07721513
0.19258433
0.13259554000000004
0.20667041000000005
0.26901659999999994
0.22627926
0.26513425999999995
0.10280034000000003
0.16081080999999994
0.13412351
0.34633283000000004
0.32509422
0.35475342000000004
0.18407842
0.31242442
0.13652233000000005
0.2616467
0.30853828000000005
0.26542542
0.11997565000000004
0.2107857
0.16359679
0.18866124
0.25203679
0.27501761
0.17445184
0.18297843
0.18898019
0.18514749
0.2687596099999999
0.27439205000000005
0.20449069000000009
0.19103001
0.59026088
0.7369896300000001
0.64868382
0.5654244399999999
0.55049115
0.6507858000000001
0.57231737
0.18045408
0.32160137999999994
0.23193246
0.18812061
0.20554311000000008
0.23511457
0.28379438
0.21619770000000002
0.20032225
0.18647661
0.27356947
0.2343010599999999
0.30091471000000003
0.33459952000000004
0.16607395
0.20252764
0.17470474
0.18193289
0.17508744000000004
0.2114462
0.22466391
0.13557835
0.2177217800000001
0.24424671
0.25758835
0.32679160999999995
0.29415624999999995
0.14520054
0.13543869000000006
0.09964424
0.09353832
0.18150705
0.26176141
0.16395963
0.23505233
0.22308909
0.26409724
0.21530479
0.19966395000000006
0.23575469
0.15851248999999998
0.23108952
0.32317261
0.31729909999999995
0.30675744999999993
0.30178796
0.26393643
0.24871200000000004
0.268079
0.18905
0.218633
0.00386
0.0073700000000000015
0.0035210000000000007
0.003815
0.003254
0.004311
0.003258
0.0033840000000000003
0.003677
0.0032920000000000002
0.00322
0.003559000000000001
0.004211
0.003742
0.003536
0.003574000000000001
0.0032920000000000002
0.0032689999999999998
0.0032310000000000004
0.0033909999999999995
0.003483
0.003281
0.003357
0.003368
0.0036009999999999996
0.003468
0.003414
0.003532
0.003658
0.0036509999999999997
0.0038799999999999998
0.003571
0.0035210000000000007
0.003922
0.003788
0.003754
0.0036090000000000002
0.0037380000000000004
0.003578
0.0038299999999999996
0.004005
0.004082
0.004036
0.004059
0.00425
0.004311
0.00428
0.004517
0.0046229999999999995
0.004524
0.00486
0.004654
0.004562
0.004799
0.005211
0.005447
0.005287
0.005569
0.005592
0.00528
0.005501
0.005753
0.00576
0.005882
0.0063549999999999995
0.006462000000000001
0.006218
0.006516
0.00634
0.006783
0.006881999999999999
0.006934999999999999
0.006874
0.00695
0.007347
0.0073170000000000015
0.0077129999999999985
0.007591
0.007217
0.007645
0.007622
0.007148999999999998
0.007286
0.007262999999999999
0.007354999999999999
0.007431
0.007537999999999999
0.007599
0.007103
0.007309
0.007476999999999998
0.007523
0.007515000000000002
0.0075450000000000005
0.0073620000000000005
0.007248
0.007553
0.007248
0.007492
0.007416
0.007347
0.007484
0.007462000000000002
0.007423000000000002
0.007591
0.007996
0.007523
0.007492
0.007553
0.0075840000000000005
0.0075450000000000005
0.007195
0.007781999999999998
0.007812
0.007278
0.006966
0.007423000000000002
0.007599
0.008118
0.007271
0.007606999999999998
0.0076900000000000015
0.008118
0.007804999999999999
0.007659999999999998
0.007614
0.007606999999999998
0.0076900000000000015
0.007774
0.007828
0.007904000000000001
0.007873999999999999
0.007781999999999998
0.008423
0.008621
0.007445999999999999
0.007225
0.007011
0.0
0.004959000000000001
0.32103200000000004
0.398948
0.13062
0.04013
0.934617
0.9381929999999996
0.924539
0.9382239999999996
0.9238299999999998
0.94358
0.9423640999999999
0.9407383
0.9413389000000001
0.9346036
0.90675
0.93509
0.0136
0.004654
0.004105
0.0035210000000000007
0.0039369999999999995
0.003689
0.0038640000000000002
0.0036850000000000003
0.0035399999999999997
0.003403
0.003471
0.0033909999999999995
0.003273
0.003403
0.0033450000000000003
0.003204
0.003547999999999999
0.008159999999999999
0.007130000000000002
0.008468
0.006848000000000001
0.006531
0.005802000000000001
0.005516
0.005562000000000001
0.0055850000000000006
0.005863
0.005516
0.004946
0.005137
0.004521000000000001
0.005056000000000001
0.004933
0.004956
0.004824
0.004693999999999999
0.004452
0.004719
0.004529999999999999
0.004599000000000001
0.004414
0.0044540000000000005
0.004322
0.00473
0.004541
0.004684000000000001
0.004507
0.00417
0.004366
0.0044329999999999994
0.004488000000000001
0.004488000000000001
0.0046370000000000005
0.004293
0.0041659999999999996
0.004442
0.004260999999999999
0.004621999999999999
0.004425
0.004622
0.004572
0.004658
0.005176
0.019978
0.03941
0.056003
0.052361000000000005
0.05896000000000001
0.048969
0.057178999999999994
0.073672
0.06019600000000001
0.060539
0.072001
0.06287000000000001
0.06967699999999999
0.063123
0.063294
0.06943300000000001
0.082539
0.071273
0.073202
0.061854999999999986
0.066631
0.062
0.06963899999999999
0.075619
0.06954500000000001
0.058022000000000004
0.05285
0.06102100000000001
0.0582
0.06576
0.06977
0.064832
0.064027
0.06007000000000001
0.052309
0.051133
0.052164
0.04618
0.048925
0.051212
0.05273799999999999
0.047523
0.046517
0.04543
0.051798000000000004
0.058492
0.062358000000000004
0.050896
0.055665
0.04542
0.045556
0.05684400000000001
0.041336000000000005
0.042431
0.047316000000000004
0.048313999999999996
0.052617
0.053189
0.042736
0.045265
0.04392
0.04419
0.044743000000000005
0.052378999999999995
0.047124
0.050732
0.046217
0.045971
0.048393
0.042888
0.039202
0.040489
0.044932
0.046101
0.05012
0.039907000000000005
0.037713
0.037565
0.044643
0.045579
0.056527
0.047898
0.040119
0.037174
0.0389
0.037616000000000004
0.044842
0.045394
0.042354
0.042446
0.04286
0.040126
0.042952
0.039554000000000006
0.041729
0.040566000000000005
0.040226
0.043069
0.045982
0.045871
0.043431
0.042869
0.041111
0.044164
0.043032
0.046112
0.042124
0.046735000000000006
0.043003
0.047712
0.048419
0.052047
0.044637
0.04147800000000002
0.045066
0.050276999999999995
0.050019
0.054055999999999986
0.050139
0.052043000000000006
0.052150999999999996
0.050658
0.050556
0.055699
0.051571000000000006
0.056270000000000014
0.06543
0.06359400000000001
0.074461
0.07761799999999999
0.070538
0.070983
0.08421000000000001
0.07176
0.07531
0.07393
0.07252
0.07896
0.08606
0.07826
0.0768
0.07740000000000001
0.07783999999999999
0.07697999999999999
0.08284
0.09063000000000004
0.07877999999999999
0.07886
0.07744
0.08048999999999999
0.08841
0.09453
0.09334
0.08965000000000001
0.08435
0.08711
0.09752000000000001
0.10631
0.09981
0.09384
0.08531
0.0915
0.10432
0.09633
0.09694
0.10338
0.10307999999999999
0.09195
0.10174
0.09213
0.09421
0.10191
0.08699
0.09163
0.09912
0.10043
0.09421
0.10147
0.09808
0.10524
0.09749
0.09726
0.09143
0.09781
0.08918999999999999
0.08603000000000001
0.08376
0.07983
0.08484
0.08853000000000001
0.08212000000000001
0.08607000000000001
0.09529
0.08435000000000001
0.09773
0.12287
0.09141
0.09748
0.11647
0.12122
0.10514000000000001
0.09262
0.09489
0.10218
0.12019
0.09415
0.0921
0.09262
0.09488
0.10223999999999996
0.09311
0.09923
0.09584
0.10275
0.09642
0.10186
0.10201
0.0927
0.10199
0.11127
0.10244
0.10107999999999999
0.10024
0.09335
0.11888
0.10831
0.10786
0.13087000000000001
0.1091
0.11757
0.11212
0.12721
0.1213
0.1093
0.0985
0.09529
0.1055
0.09915
0.10611
0.09804
0.0998
0.09416
0.099163
0.090713
0.09792999999999999
0.102155
0.09184099999999999
0.08748
0.095187
0.093883
0.09415
0.100391
0.110201
0.095762
0.090915
0.113984
0.090623
0.08321200000000001
0.081876
0.075499
0.072354
0.073887
0.074556
0.07838600000000001
0.07826
0.06383
0.05431
0.044403000000000005
0.04588
0.039311
0.03853
0.036303
0.045268
0.043662
0.059828999999999986
0.043864
0.045044
0.046025
0.050276
0.051158
0.044469
0.049437
0.051163
0.047574
0.046413
0.048491
0.040994
0.040698000000000005
0.046069
0.049618
0.037115
0.02521
0.027754
0.01971
0.0188
0.01782
0.015090000000000001
0.01466
0.01445
0.020502
0.018352
0.017912
0.037457
0.065605
0.076977
0.066967
0.08025700000000001
0.07606900000000001
0.080791
0.07263499999999999
0.07814700000000001
0.083874
0.085797
0.08739400000000001
0.080215
0.09148300000000001
0.087285
0.087099
0.083334
0.077304
0.07357000000000001
0.06827300000000001
0.07293999999999999
0.07688999999999999
0.08252000000000001
0.08353400000000001
0.07042999999999999
0.06950899999999999
0.062649
0.067593
0.05982000000000001
0.070441
0.066234
0.06329800000000001
0.062748
0.077352
0.06617100000000001
0.068964
0.083284
0.065612
0.059007999999999984
0.060506
0.06075000000000001
0.06111699999999999
0.067886
0.059329000000000014
0.056877
0.067322
0.060280000000000014
0.062217999999999996
0.060519
0.05811
0.055982
0.0517
0.052609
0.052609
0.057202
0.063332
0.058953999999999986
0.063762
0.060291
0.057452
0.05677000000000001
0.059669000000000014
0.058651
0.060239000000000015
0.05712200000000001
0.060546
0.060484
0.06185300000000001
0.057001
0.06254699999999999
0.059032000000000015
0.060435
0.06663200000000001
0.072765
0.053516999999999995
0.05832
0.05734400000000001
0.050402999999999996
0.053528
0.060299
0.057861
0.057284
0.058963
0.055894000000000006
0.055623
0.077914
0.064341
0.06464
0.062966
0.050414
0.050644999999999996
0.062613
0.067458
0.062108
0.06153599999999999
0.057194000000000016
0.05506199999999999
0.056578
0.08482100000000001
0.059586
0.062582
0.06363100000000001
0.056923
0.060397999999999986
0.07758899999999999
0.063649
0.067932
0.06717100000000001
0.072126
0.07753
0.07555699999999999
0.07447400000000001
0.071426
0.06660200000000001
0.090604
0.08120000000000001
0.08192
0.07255900000000001
0.07509
0.06911
0.07468
0.07209
0.0802
0.08428
0.08621000000000001
0.08208
0.09368
0.10937000000000001
0.08237
0.0923
0.09573999999999999
0.09452999999999999
0.08397
0.08748
0.09522
0.09646
0.10089
0.09987
0.09217
0.10732
0.08961000000000001
0.09119
0.12309
0.10445
0.09991
0.0936
0.09407
0.08906
0.09987
0.09165
0.09356
0.10015
0.12575
0.11488
0.09853
0.09584
0.10278
0.09797
0.10012
0.10005
0.10046
0.09308999999999999
0.09574
0.10246
0.11336
0.10033
0.1021
0.09555
0.09945
0.11312
0.11016
0.09888
0.09793
0.08800000000000001
0.0923
0.10937
0.12187
0.11605
0.10081
0.10088
0.10542
0.10806
0.10582
0.09781000000000001
0.09987
0.09825
0.10144
0.0995
0.10130000000000004
0.09356
0.1065
0.11183
0.10305
0.09349
0.08517000000000001
0.0928
0.09786
0.09847
0.11655
0.11324
0.10796
0.10069999999999996
0.10722000000000001
0.10991
0.11323
0.10404000000000001
0.09959
0.10324
0.10313
0.10439
0.09941
0.1017
0.11723
0.1218
0.11314
0.10862000000000001
0.11339
0.12669
0.11262
0.11145
0.11362
0.11808
0.10834
0.09844
0.09443
0.10513
0.10198
0.103947
0.10925
0.11596
0.115906
0.104488
0.103801
0.098054
0.100338
0.108336
0.11296700000000001
0.111921
0.103513
0.098707
0.103687
0.118677
0.106689
0.102202
0.106519
0.09367
0.104214
0.11168900000000001
0.098855
0.099698
0.109355
0.097487
0.120819
0.109638
0.112696
0.099179
0.101881
0.09404
0.099887
0.109901
0.141192
0.10930899999999999
0.123026
0.107686
0.110741
0.11658299999999999
0.113072
0.12099
0.120706
0.117652
0.111712
0.12707200000000002
0.117118
0.130994
0.118589
0.11997
0.108801
0.10711400000000001
0.130924
0.10637200000000001
0.140902
0.11269
0.12631099999999998
0.140901
0.127374
0.134768
0.118759
0.110663
0.110828
0.11591300000000003
0.122286
0.12865
0.111678
0.134578
0.08783300000000001
0.112204
0.086885
0.093539
0.081081
0.07340599999999999
0.082997
0.091617
0.074752
0.07663500000000001
0.08673499999999999
0.07789299999999999
0.094783
0.082051
0.085253
0.078792
0.07794
0.08411300000000001
0.072999
0.09145
0.07621299999999999
0.073352
0.069147
0.066131
0.076061
0.075449
0.067471
0.06305999999999999
0.071062
0.07266
0.07162099999999999
0.07352
0.06500600000000001
0.063033
0.06334799999999999
0.05737500000000001
0.060006
0.059097000000000004
0.058904
0.055542
0.069329
0.056032000000000005
0.055796000000000005
0.068094
0.060688
0.054215
0.056551
0.056502
0.058940999999999986
0.060881
0.054954
0.053312
0.05612
0.052685
0.058983
0.057273
0.055615
0.05499
0.05417
0.051415
0.06027200000000001
0.06857200000000001
0.056377
0.054545
0.06565900000000001
0.05977100000000001
0.05754999999999999
0.058391
0.051648
0.056043
0.059386
0.056424
0.055567
0.05877200000000001
0.060131
0.060186
0.06229700000000001
0.071373
0.05567
0.058298
0.056013
0.060963
0.06364299999999999
0.061423999999999986
0.05680900000000001
0.059611
0.054724
0.057217
0.05761500000000001
0.051312
0.048216
0.059124
0.052348000000000006
0.053062
0.059319000000000004
0.057851000000000014
0.044322
0.048132
0.049271
0.048626
0.050245
0.048836
0.06275700000000001
0.049795
0.049078
0.05015
0.049412000000000005
0.047832
0.050454
0.05026
0.04967799999999999
0.052468
0.049907
0.057131
0.06055
0.06136000000000001
0.05686
0.055134
0.053927
0.063873
0.061039
0.061918
0.058312
0.055511000000000005
0.061116
0.05907700000000001
0.060601
0.054717
0.054186
0.057297
0.05495
0.055854
0.059113999999999986
0.059497
0.061527
0.085025
0.062688
0.063419
0.067812
0.06672
0.06881400000000001
0.07964299999999999
0.08059200000000001
0.074412
0.08151900000000001
0.079828
0.07277900000000001
0.07954800000000001
0.087337
0.070663
0.068467
0.065236
0.067524
0.06865700000000001
0.06733399999999999
0.06791900000000001
0.06858099999999999
0.06873800000000001
0.06903400000000001
0.068728
0.067326
0.073154
0.07652999999999999
0.068047
0.07237600000000001
0.063435
0.066445
0.068082
0.07013399999999999
0.089825
0.06729099999999999
0.07143100000000001
0.069911
0.069768
0.05945199999999999
0.063541
0.081776
0.071828
0.07878500000000001
0.07398500000000001
0.07123499999999999
0.07287199999999999
0.077472
0.07459400000000001
0.08574699999999999
0.08154399999999999
0.07514
0.08117899999999999
0.08313899999999999
0.073501
0.07735700000000001
0.07339100000000001
0.079441
0.085332
0.078915
0.07711699999999999
0.07291900000000001
0.07137
0.073085
0.07425599999999999
0.07464900000000001
0.07648200000000001
0.06954500000000001
0.07395700000000001
0.071934
0.074748
0.085522
0.074658
0.07935
0.06873499999999999
0.067838
0.07937799999999999
0.069816
0.07981799999999999
0.07612599999999999
0.065687
0.065862
0.065479
0.068573
0.065515
0.07041499999999999
0.067005
0.07897699999999999
0.07941000000000001
0.070954
0.069177
0.07341299999999999
0.06461900000000001
0.06749999999999999
0.07284900000000001
0.06865299999999999
0.07485599999999999
0.073634
0.073405
0.07285799999999999
0.073186
0.07690000000000001
0.07906300000000001
0.08438200000000001
0.07754799999999999
0.07978400000000001
0.08039400000000001
0.071346
0.07549600000000001
0.0736
0.07877300000000001
0.081234
0.069606
0.07082000000000001
0.070033
0.075809
0.078762
0.07686200000000001
0.078648
0.066013
0.06529700000000001
0.073781
0.07424399999999999
0.089016
0.075727
0.082651
0.07271899999999999
0.07753299999999999
0.07861499999999999
0.072929
0.072406
0.06860000000000001
0.062263
0.06601399999999999
0.061484
0.062638
0.06268399999999999
0.06726700000000001
0.061903
0.074286
0.07002
0.066348
0.06437999999999999
0.062216
0.066813
0.067152
0.059828999999999986
0.06209700000000001
0.067696
0.06467200000000001
0.06304
0.06982899999999999
0.07491500000000001
0.070546
0.064052
0.07008400000000001
0.062335
0.06804099999999999
0.083286
0.071779
0.064283
0.06793600000000001
0.06642100000000001
0.06705799999999999
0.062337000000000004
0.062682
0.065863
0.062466
0.062307000000000015
0.064907
0.06922
0.06312100000000001
0.065426
0.063954
0.069869
0.06702000000000001
0.06392400000000001
0.060467999999999994
0.060346
0.056278
0.052336
0.054416999999999986
0.057587999999999986
0.059296
0.056911
0.051041
0.055785
0.060984000000000003
0.056248
0.049934
0.049563
0.05516599999999999
0.048582
0.04854
0.045185
0.045239
0.052379999999999996
0.047686
0.046599
0.046701
0.049998
0.046981999999999996
0.055880999999999986
0.053036
0.05579
0.05472899999999999
0.050533
0.049694999999999996
0.049676
0.050286
0.051762
0.059130999999999996
0.046091
0.045794999999999995
0.046451
0.0517
0.050939
0.053598
0.072547
0.058301
0.049631
0.049336000000000005
0.047639
0.045814
0.039662
0.041250999999999996
0.041009
0.044205
0.04312099999999999
0.049393
0.04685400000000002
0.048805
0.048951
0.045558
0.052715000000000005
0.045628
0.043505
0.043548
0.043211
0.048974
0.047565
0.047566
0.043294
0.046624
0.050938
0.049215
0.0479
0.047156
0.04343
0.044409
0.045886
0.043006
0.042829
0.048512000000000007
0.045334000000000006
0.044735
0.048229
0.044482
0.050972
0.057897000000000004
0.05358
0.054031
0.051946000000000006
0.052215
0.05388999999999999
0.054939
0.048596
0.052223
0.053684
0.066845
0.057484
0.055006000000000006
0.05152
0.053091999999999986
0.0574
0.057503
0.054157
0.0528
0.055133
0.06271499999999999
0.06324400000000001
0.06484599999999999
0.058713
0.058503
0.057829999999999986
0.060474
0.067771
0.065362
0.06036100000000001
0.05721900000000001
0.06183900000000001
0.064697
0.06563300000000001
0.067211
0.081799
0.06811
0.059025
0.082468
0.068439
0.06307700000000001
0.066278
0.060413
0.070965
0.063591
0.065318
0.067998
0.066961
0.066179
0.077475
0.067021
0.071309
0.0665
0.066596
0.07531399999999999
0.071516
0.080829
0.080577
0.073398
0.073257
0.07339999999999999
0.06755599999999999
0.07304899999999999
0.078846
0.07224599999999999
0.07023
0.081536
0.082331
0.081541
0.08468500000000001
0.080131
0.074364
0.085707
0.072489
0.07511699999999999
0.0749
0.074532
0.08911599999999999
0.07930999999999999
0.087002
0.072514
0.075686
0.070285
0.07369500000000001
0.07966000000000001
0.07215099999999999
0.06547199999999999
0.067367
0.07535
0.069785
0.077861
0.08138000000000001
0.07502
0.078175
0.07334600000000001
0.06967599999999999
0.079862
0.082735
0.08395299999999999
0.07832599999999999
0.06915199999999999
0.07119400000000001
0.06537499999999999
0.060825999999999984
0.075201
0.07561699999999999
0.06719800000000001
0.07280999999999999
0.07287900000000001
0.08712500000000001
0.078987
0.076362
0.07320099999999999
0.07614299999999999
0.08804400000000001
0.08338100000000001
0.07234499999999999
0.070712
0.075163
0.084775
0.08562900000000001
0.084844
0.07924600000000001
0.082371
0.07414699999999999
0.076461
0.07428799999999999
0.06513799999999999
0.061791999999999986
0.07063
0.06858199999999999
0.06987499999999999
0.081661
0.086336
0.07743
0.070855
0.067254
0.07752300000000001
0.076298
0.085589
0.07430700000000001
0.06414700000000001
0.06713000000000001
0.064845
0.06126400000000001
0.07060699999999999
0.085951
0.08581899999999999
0.07564900000000001
0.082699
0.091685
0.078474
0.097854
0.081845
0.07810700000000001
0.085493
0.098317
0.08623099999999999
0.089411
0.086399
0.092863
0.08104199999999999
0.085589
0.07728099999999999
0.09672
0.07446599999999999
0.07129400000000001
0.085789
0.08803899999999999
0.07926799999999999
0.084009
0.06990199999999999
0.06793199999999999
0.07839299999999999
0.072838
0.081637
0.06539600000000001
0.06858299999999999
0.07242799999999999
0.080505
0.073429
0.069329
0.066875
0.07342699999999999
0.06739500000000001
0.07269300000000001
0.102811
0.071509
0.07097899999999999
0.068476
0.067762
0.063056
0.066746
0.068729
0.065837
0.054039
0.056897
0.05642800000000001
0.067466
0.060245000000000014
0.06591999999999999
0.076583
0.071865
0.057944
0.058543
0.056918
0.0554
0.06023600000000001
0.05079499999999999
0.047510000000000004
0.049726
0.057273
0.04501
0.047654
0.049283
0.052685
0.061496
0.056125
0.061854999999999986
0.059601
0.059011000000000015
0.060588
0.055276
0.056135
0.05456
0.059101999999999995
0.055980999999999996
0.060762
0.050801
0.048306
0.059255
0.064665
0.083659
0.057589
0.053343
0.051483
0.050822000000000006
0.049475000000000005
0.049792
0.055255999999999986
0.048893000000000006
0.051207
0.049999
0.061452
0.050933
0.049389
0.06838699999999999
0.056935
0.050143
0.048463
0.064204
0.054271000000000014
0.060086
0.050893
0.057155
0.055851
0.053029
0.053789
0.049193
0.053852
0.049156
0.054524
0.047974
0.047976000000000005
0.04796999999999999
0.05656000000000001
0.054573
0.065353
0.063609
0.049197000000000005
0.050173
0.049198000000000006
0.05628099999999999
0.059105999999999985
0.052738
0.054782
0.066058
0.056424
0.053554
0.058237
0.05649
0.062335
0.06523999999999999
0.061054
0.057928
0.062279
0.062242
0.061585
0.05810499999999999
0.06423200000000001
0.06915
0.078597
0.065098
0.062779
0.066326
0.073241
0.071733
0.07165099999999999
0.063417
0.060885
0.066853
0.0764
0.07597999999999999
0.07602
0.06846000000000001
0.08079
0.08483999999999997
0.0696
0.07006
0.07726
0.07863999999999999
0.07819
0.08392999999999999
0.08639999999999999
0.08515
0.08769
0.09108
0.09068999999999999
0.0858
0.09153
0.07776000000000001
0.08113
0.07572999999999999
0.08435
0.08127999999999999
0.08465
0.08787
0.08932000000000001
0.08642999999999999
0.08177000000000001
0.08876
0.09367
0.08767
0.08990000000000001
0.08734
0.09094
0.08983
0.08432999999999999
0.08861000000000001
0.0826
0.08462
0.08656
0.08953
0.10643
0.0914
0.09664
0.09438
0.09483
0.09134
0.08696
0.09183
0.09628
0.08646999999999999
0.08942
0.09094
0.08778
0.08972000000000001
0.10321
0.08682000000000001
0.09007000000000001
0.08929000000000001
0.08859
0.08119
0.09091
0.08628999999999999
0.08041
0.09368
0.0835
0.08862
0.09217
0.08936000000000001
0.09433
0.09618
0.09193
0.09452
0.09604
0.09821
0.09788
0.10002
0.10848
0.08853
0.08788
0.09193
0.09088
0.10104
0.10074
0.12583
0.10507
0.10620999999999997
0.09777
0.09183
0.08502000000000001
0.0894
0.09742
0.10558
0.10586
0.10948
0.0931
0.09273
0.09233
0.10295
0.09314
0.09584
0.09883
0.10647
0.09784
0.097703
0.094895
0.101152
0.097169
0.11112999999999999
0.08722900000000001
0.098847
0.092815
0.08358299999999999
0.081315
0.10123
0.091174
0.090007
0.081255
0.08239300000000001
0.08483900000000001
0.07081400000000003
0.07784600000000001
0.116133
0.095323
0.112821
0.08608500000000001
0.087172
0.08846799999999999
0.081987
0.088869
0.080738
0.080218
0.07760399999999999
0.104982
0.095289
0.08862
0.088058
0.081327
0.07392499999999999
0.080761
0.093312
0.08430699999999999
0.089048
0.098574
0.08608500000000001
0.091749
0.09564600000000001
0.096829
0.090089
0.07724199999999999
0.091873
0.087145
0.083966
0.082473
0.084873
0.079884
0.087255
0.08555
0.085925
0.079037
0.079823
0.070793
0.07495800000000001
0.07294700000000001
0.07147500000000001
0.07037500000000001
0.07380700000000001
0.071864
0.06801499999999999
0.06688200000000001
0.07295800000000001
0.07380400000000001
0.069073
0.066371
0.085766
0.07719
0.068287
0.07373199999999999
0.074794
0.07756099999999999
0.068494
0.071796
0.064845
0.061166
0.08388999999999999
0.065309
0.0566
0.060020000000000004
0.055019000000000005
0.05870300000000001
0.053677
0.05862800000000001
0.065724
0.067526
0.081831
0.056333
0.055064999999999996
0.082822
0.054412
0.057616999999999995
0.054222
0.053539
0.06165
0.062105999999999995
0.066886
0.062134
0.063289
0.057241000000000014
0.06522
0.061665
0.06141700000000001
0.058589999999999996
0.05757
0.05907100000000001
0.065249
0.070875
0.060067999999999996
0.06070800000000001
0.054297000000000005
0.0615
0.06299199999999999
0.05771100000000001
0.07133700000000001
0.051509000000000006
0.050993000000000004
0.055734000000000006
0.051826
0.049068
0.050068
0.055751999999999996
0.064302
0.058482999999999986
0.058829
0.054147
0.054315999999999996
0.054011
0.060127
0.055779
0.054875
0.056396
0.05519
0.063592
0.06072200000000001
0.058339
0.061647000000000014
0.061105000000000013
0.05723300000000001
0.062488
0.059381
0.054241
0.055581000000000005
0.063086
0.030139
0.027894
0.022327000000000003
0.01894
0.016316999999999998
0.013519
0.005234
0.048648000000000004
0.046374
0.044103
0.048431
0.047538
0.053799
0.058728
0.055058
0.055071
0.049429
0.049792
0.052831
0.054164
0.05136399999999999
0.053651
0.058548
0.052233
0.050149
0.060946
0.06425
0.06377100000000001
0.05950800000000001
0.059752
0.057652
0.067256
0.06127500000000001
0.072908
0.065367
0.066635
0.066662
0.06795899999999999
0.06817000000000001
0.06852000000000001
0.06984
0.06947
0.06522
0.07350999999999999
0.07565
0.07121
0.08034
0.06405000000000001
0.06876
0.08278999999999999
0.08273
0.07601000000000001
0.09252
0.07055
0.07556
0.07561
0.07044
0.07743
0.07521
0.08148
0.08462
0.08083
0.07921
0.0793
0.0797
0.07904
0.1017
0.09378
0.08832999999999999
0.08458000000000003
0.101
0.08231000000000001
0.09151000000000001
0.09932
0.08167999999999999
0.09305
0.08118
0.10021
0.09126
0.08429
0.08367999999999999
0.07822
0.0854
0.08192
0.08177000000000001
0.10365
0.08370999999999999
0.08206000000000001
0.08022
0.08249000000000001
0.09569
0.09003
0.09481
0.08517999999999999
0.10243
0.09155
0.08444
0.08321999999999999
0.09329
0.08819999999999999
0.09902999999999999
0.08319000000000001
0.09639
0.09192
0.10382
0.08777
0.09491
0.09042
0.11554
0.09009
0.09165
0.08822999999999999
0.08434
0.09067
0.09044
0.1016
0.08101
0.08177999999999999
0.11899
0.20506
0.08038999999999999
0.08054
0.07825
0.07522999999999999
0.08163
0.08644
0.08413999999999999
0.08564
0.09931
0.08302999999999999
0.10719
0.07450000000000001
0.07608
0.07954
0.06402999999999999
0.070339
0.07371
0.06416000000000001
0.057662
0.064297
0.070439
0.07647999999999999
0.07545299999999999
0.071324
0.0882
0.08342000000000001
0.072521
0.06641000000000001
0.06715700000000001
0.063262
0.07157899999999999
0.07036200000000001
0.06453300000000001
0.063411
0.07208200000000001
0.081026
0.084109
0.075543
0.064085
0.073656
0.06930499999999999
0.061487
0.067642
0.073507
0.061939
0.06280999999999999
0.06837399999999999
0.06400399999999999
0.06519599999999999
0.07472899999999999
0.07686200000000001
0.079432
0.067506
0.099721
0.213607
0.232865
0.204805
0.203612
0.20950700000000005
0.219274
0.22258200000000006
0.219944
0.210335
0.229033
0.255223
0.311001
0.27625500000000003
0.096284
0.058427000000000014
0.06292800000000001
0.058445
0.060207000000000004
0.06418499999999999
0.056042
0.055407000000000005
0.052582
0.050943
0.053927
0.058132
0.06608199999999999
0.060344000000000016
0.063419
0.06614400000000001
0.056194000000000015
0.056392
0.06904199999999999
0.05806500000000001
0.051837
0.065373
0.049260000000000005
0.051472
0.047443
0.043376
0.043569
0.043774
0.057473
0.042585000000000005
0.04252
0.041251
0.041716
0.043308
0.041921
0.053394000000000004
0.047509
0.04704
0.053470000000000004
0.05451299999999999
0.046781
0.041252
0.040655
0.043897000000000005
0.042919
0.045002999999999994
0.037373
0.034297
0.039791
0.037636
0.040576
0.037127
0.036036
0.039184
0.038864
0.033839999999999995
0.037587
0.035720999999999996
0.035691
0.038860000000000006
0.04070700000000002
0.036756
0.044438
0.039615
0.036081
0.036549000000000005
0.039082
0.03411
0.037498
0.036199
0.04073
0.039810000000000005
0.04861700000000002
0.043538
0.042804
0.037387000000000004
0.037238
0.038096
0.040224
0.035504
0.033687
0.035378
0.043351
0.038526000000000005
0.038661
0.042262
0.038356
0.034947000000000006
0.042117
0.040260000000000004
0.052525
0.053846000000000005
0.04595
0.043620000000000006
0.041494
0.047014
0.046357
0.039026
0.037443000000000004
0.038173000000000006
0.0388
0.038087
0.041567
0.040234000000000006
0.037264
0.044554
0.049686
0.045411
0.048421000000000006
0.049706
0.055961
0.053814
0.044482
0.051371000000000014
0.057302
0.054022
0.056237999999999996
0.051602
0.06117700000000001
0.055642
0.055241999999999986
0.049489000000000005
0.049552000000000006
0.066316
0.058888
0.05433299999999999
0.055045
0.048997000000000006
0.052006
0.054657
0.05895
0.058436
0.059222
0.053880999999999984
0.055317000000000005
0.053135
0.051484
0.055678000000000005
0.06377999999999999
0.058965
0.06404
0.057402999999999996
0.07262
0.06315
0.06163
0.058429999999999996
0.06351
0.06755
0.06722
0.06795999999999999
0.06141
0.06804
0.06536
0.05972
0.06494
0.07113
0.08134
0.07089000000000001
0.07222
0.07336000000000001
0.06285
0.06537000000000001
0.07776
0.06709999999999999
0.07441
0.06752000000000001
0.06713
0.06368
0.06041000000000001
0.06720000000000001
0.06724999999999999
0.06299
0.07221999999999999
0.06674
0.07422000000000001
0.07716999999999999
0.07649
0.07149
0.06563
0.07619999999999999
0.06804
0.06995
0.07675
0.07114
0.0696
0.07238
0.07356
0.06844
0.07679
0.06877
0.06498
0.06570999999999999
0.07539
0.07098
0.06777999999999999
0.07011
0.07762000000000001
0.06697
0.06965
0.062089999999999985
0.06467999999999999
0.0625
0.06412999999999999
0.0731
0.07527
0.07085999999999999
0.06737
0.06865
0.08133000000000001
0.07485
0.07464
0.08532999999999999
0.07225
0.07483000000000001
0.07141
0.0643
0.07436000000000001
0.07567
0.07003
0.07101
0.07457000000000001
0.07547999999999999
0.0729
0.06493
0.08854000000000001
0.08215
0.08721999999999999
0.07945
0.07591
0.08160999999999999
0.07724
0.08496000000000001
0.07749999999999999
0.07372999999999999
0.08071
0.07633
0.06716699999999999
0.07651999999999999
0.06270200000000001
0.07091
0.06932
0.070051
0.063921
0.07039400000000001
0.069645
0.063777
0.062972
0.062611
0.07322999999999999
0.08216799999999999
0.068225
0.06411800000000001
0.07094299999999999
0.07261799999999999
0.07207999999999999
0.067333
0.062579
0.058638
0.071062
0.06388400000000001
0.059977
0.06500199999999999
0.068337
0.072598
0.08459699999999999
0.078064
0.06644800000000001
0.060123
0.06490599999999999
0.068799
0.06753100000000001
0.077516
0.062357
0.06164600000000001
0.06365499999999999
0.063554
0.064463
0.06418
0.070301
0.070449
0.07007400000000001
0.06489900000000001
0.06297799999999999
0.061107
0.063638
0.059506
0.058728
0.068852
0.07668
0.08119
0.08189099999999999
0.065166
0.06366799999999999
0.057084
0.054274
0.057947999999999986
0.06013200000000001
0.054059
0.054952
0.058117999999999996
0.050737
0.052883000000000006
0.055042
0.055738
0.057
0.05863
0.052287
0.050591
0.049861
0.049411000000000004
0.049859
0.055425
0.05038
0.050621
0.046658000000000005
0.045795
0.047294
0.05465300000000002
0.056065
0.045238
0.045891
0.04169300000000002
0.044469
0.049543
0.049235
0.044022000000000006
0.041614000000000005
0.038528
0.041172
0.040021
0.044653
0.040814
0.038047
0.041391
0.052616
0.054851
0.046626
0.047803
0.04469
0.043764
0.040597
0.040349
0.047033
0.045729
0.041923
0.046029
0.048492
0.048018
0.048583
0.045849
0.051632000000000004
0.055776
0.040355
0.041801000000000005
0.051936
0.048599
0.041527
0.043617
0.039386000000000004
0.038075
0.056101
0.048188999999999996
0.045928
0.041626
0.042598000000000004
0.03663
0.039359
0.042132
0.04003
0.03914
0.036858
0.039517
0.04631
0.038907
0.039981
0.034473000000000004
0.031744999999999995
0.031248
0.042163
0.046370999999999996
0.060268
0.042966000000000004
0.04071
0.042807
0.048149
0.046528
0.043848000000000005
0.04185
0.044758000000000006
0.053285
0.049742
0.043427
0.04689
0.043558
0.040818
0.044816
0.059037
0.04452
0.045665
0.047900000000000005
0.04864
0.050637
0.057872
0.048968000000000005
0.05766900000000001
0.06460199999999999
0.049748
0.051516999999999986
0.05956300000000001
0.08002100000000001
0.052605999999999986
0.053589
0.049441000000000006
0.053113
0.057415
0.05366100000000002
0.056507
0.06489199999999999
0.055317999999999985
0.06078400000000001
0.061657000000000003
0.063694
0.067173
0.057941
0.058838
0.06158200000000001
0.060653
0.059144
0.058963
0.060747
0.056964
0.062373999999999985
0.06094
0.058872
0.06775300000000001
0.063186
0.054294000000000016
0.054522
0.06331
0.06377000000000001
0.06978999999999999
0.06936
0.08112
0.06938
0.07794
0.06949
0.07032999999999999
0.065795
0.07164999999999999
0.072723
0.078082
0.064195
0.06373999999999999
0.062748
0.073314
0.09648
0.07998
0.08223
0.07045
0.06777000000000001
0.06767999999999999
0.07521
0.07289
0.08277000000000001
0.07951
0.07164000000000001
0.07143
0.07708999999999999
0.0945
0.09021
0.07657
0.07296
0.07046000000000001
0.078
0.08507
0.08415
0.08259
0.07483999999999999
0.07676000000000001
0.08417999999999999
0.07387
0.07782000000000001
0.06912
0.07432000000000001
0.08595
0.08281000000000001
0.08103999999999999
0.08571000000000001
0.08647
0.08159
0.08304
0.07391
0.0722
0.07379000000000001
0.07885
0.07495
0.09355
0.07887999999999999
0.08062000000000001
0.08939
0.07755000000000001
0.07631
0.06368
0.06352200000000001
0.06316000000000001
0.08163999999999999
0.07202
0.0675
0.06881699999999999
0.062974
0.06417
0.06002800000000001
0.061223
0.06592
0.06384100000000001
0.072754
0.070102
0.06840299999999999
0.06734100000000001
0.073379
0.07432799999999999
0.087234
0.07267900000000001
0.071926
0.05931400000000001
0.054867999999999986
0.053776
0.06486900000000001
0.058444
0.05251
0.051915
0.052432000000000006
0.057364
0.06484999999999999
0.05996
0.055218
0.052387
0.057055
0.056364
0.056919
0.06522800000000001
0.055346000000000006
0.055647
0.054991
0.056859
0.055432
0.061727
0.063773
0.053966999999999994
0.054773
0.054804
0.05780100000000001
0.057515
0.056508
0.055314
0.050246
0.053375
0.046717
0.057615
0.051174
0.046879
0.055191
0.05385
0.054019000000000005
0.058012000000000015
0.045847000000000006
0.050656
0.052640000000000006
0.056324
0.061586
0.059940000000000014
0.057865
0.05634
0.057646
0.047508000000000015
0.054686000000000005
0.047124
0.051913
0.047686000000000006
0.050451
0.052729999999999985
0.050831
0.052120000000000014
0.049508
0.051692
0.052052
0.04833
0.048789
0.047625
0.049259
0.048931
0.054219
0.044567
0.041799
0.040805
0.040737
0.044146000000000005
0.045963
0.041066000000000005
0.04216399999999999
0.045922
0.037806000000000006
0.034021
0.035152
0.033076999999999995
0.036952
0.041484
0.03572
0.033386
0.032991
0.035267999999999994
0.033718000000000005
0.031552000000000004
0.030392000000000002
0.03403
0.040108
0.036667
0.033877
0.039716
0.038617
0.037235
0.033529
0.041486
0.045283
0.048386
0.04572300000000002
0.042327
0.039053
0.040723
0.038967
0.040448000000000005
0.036687
0.033487
0.037117000000000004
0.034608
0.039414000000000005
0.033421
0.03928399999999999
0.034174
0.032630000000000006
0.029332
0.035013
0.043075
0.030606
0.02927
0.027516
0.030766
0.046137
0.039582
0.042007
0.034194999999999996
0.036495
0.036364999999999995
0.034144
0.033722
0.033675
0.032546
0.031159
0.036939
0.039206
0.044123
0.043418
0.037769
0.035779000000000005
0.034868
0.032510000000000004
0.037337
0.039358
0.037607
0.036364
0.037337
0.034816
0.039049
0.031967
0.031787
0.031735
0.031577
0.032904
0.039004000000000004
0.035672
0.031772
0.033774
0.037824
0.03764
0.039949
0.04068
0.037402000000000005
0.039406
0.035985
0.036899
0.038274
0.03512
0.033734
0.035993
0.039565
0.038609
0.040408
0.046334
0.042025
0.046884
0.048176
0.041605
0.047545
0.043963
0.04430099999999999
0.041667
0.044147000000000006
0.046918
0.052539
0.049639
0.052767000000000015
0.052311
0.045410000000000006
0.049011000000000006
0.056458
0.050828
0.057302
0.052357000000000015
0.047286
0.05188399999999999
0.061536
0.055477
0.053455
0.056178000000000006
0.057812
0.059521
0.058627
0.05752300000000001
0.06383
0.051053
0.053161
0.050889
0.051985
0.052167
0.06085
0.055859000000000006
0.06537399999999999
0.052708000000000005
0.049663
0.054613
0.056867999999999995
0.06102000000000001
0.054780999999999996
0.053805
0.050535
0.050434
0.053116
0.05749600000000001
0.064586
0.056699
0.050888
0.058551
0.063235
0.056488
0.051574
0.053182000000000014
0.051448
0.064559
0.064991
0.055738
0.069623
0.055958
0.054534000000000006
0.050048
0.055171000000000005
0.069109
0.061263
0.060427999999999996
0.057803
0.054809
0.054294000000000016
0.053531
0.0526
0.047627
0.059497
0.060506
0.059966
0.06996200000000001
0.06025800000000001
0.05161
0.053711
0.078038
0.067579
0.057696
0.063404
0.0854
0.05548
0.051833
0.047422000000000006
0.053386
0.066695
0.057527999999999996
0.054278
0.0574
0.054963000000000005
0.050846
0.058717
0.056063
0.049131
0.057111
0.057668
0.054582000000000006
0.06182600000000001
0.058976
0.05728000000000001
0.05633700000000001
0.051249
0.056457000000000014
0.056974
0.04971
0.055661
0.06548699999999999
0.05409
0.055616999999999986
0.056962
0.054989
0.06262100000000001
0.058269000000000015
0.057921
0.064191
0.06773
0.057711999999999986
0.051674
0.05365399999999999
0.055294
0.058553
0.06743099999999999
0.062213
0.06300700000000001
0.059726
0.056938
0.053850999999999996
0.0565
0.049007
0.058324
0.062282000000000004
0.060579
0.05923800000000001
0.06012600000000001
0.053175
0.053474
0.050337
0.057208000000000016
0.06411700000000001
0.060637
0.048624
0.045663
0.048833
0.047152
0.047039
0.054312000000000006
0.06361599999999999
0.060604999999999985
0.06236599999999999
0.058894000000000016
0.06312100000000001
0.05649100000000001
0.049638
0.046498000000000005
0.052213
0.058721
0.050710000000000005
0.04934
0.050466
0.049007000000000016
0.054288
0.053292
0.045987
0.04859
0.04918
0.045651
0.04472
0.052853
0.053084000000000006
0.05712100000000001
0.050064
0.04976799999999999
0.044086
0.045368
0.044254
0.045223
0.046077
0.054722
0.053354999999999986
0.04641000000000002
0.048815
0.054859000000000005
0.06165
0.052009000000000014
0.047267
0.04046399999999999
0.039905
0.038044000000000015
0.035183
0.036446
0.035638
0.035794000000000006
0.036626
0.039679
0.042208999999999997
0.043783
0.038081
0.037583000000000005
0.034230000000000003
0.040089
0.032341
0.038544999999999996
0.035866
0.034229
0.031892000000000004
0.035296999999999995
0.035229
0.033108000000000005
0.04342
0.038293
0.032251
0.036572
0.036666
0.033752000000000004
0.034325
0.039429
0.043217000000000005
0.039518
0.042983
0.039853000000000006
0.036098000000000005
0.038249000000000005
0.041363
0.037587
0.036304
0.030331
0.027407
0.030422000000000005
0.030292000000000006
0.030637
0.032244
0.028987
0.038321
0.037526
0.034716000000000004
0.040386
0.037026
0.032114
0.031106
0.032596
0.027677
0.032134
0.029427
0.027392000000000003
0.029607
0.029174
0.028765
0.039399
0.03561
0.03372
0.034669
0.037059
0.029577000000000006
0.029930000000000002
0.028911000000000006
0.036594
0.029597
0.030393
0.029292
0.033268000000000006
0.030267000000000002
0.033960000000000004
0.037516
0.033748
0.032628000000000004
0.035573000000000014
0.033696
0.032527
0.033019000000000014
0.032806
0.032801000000000004
0.035635
0.031387
0.032576
0.032093
0.032474
0.040947000000000004
0.035854000000000004
0.030551
0.030017000000000002
0.036067
0.034785
0.040631
0.043675
0.036985000000000004
0.038524
0.040657000000000006
0.03997
0.040041
0.044899
0.048537000000000004
0.037520000000000005
0.042305
0.04442
0.038831
0.038838
0.0396
0.033629
0.037145
0.043843
0.046283000000000005
0.039439
0.037938
0.043195
0.03744
0.04019199999999999
0.043747
0.04982
0.038593999999999996
0.039184
0.043939
0.049243000000000016
0.04684
0.043956
0.04140900000000002
0.042655
0.041799
0.039907
0.039568000000000006
0.04297
0.04734800000000002
0.052522000000000006
0.053231
0.045033
0.040379000000000005
0.04288
0.040739
0.045179
0.045686
0.04927
0.051502000000000006
0.04571
0.052430999999999985
0.047841
0.045426
0.051109
0.062349000000000016
0.047675
0.053839
0.046809
0.051517999999999994
0.044082
0.052296
0.055882000000000015
0.055036
0.058905999999999986
0.055348
0.051273
0.048099
0.044094
0.050055
0.051382000000000004
0.054045
0.046206
0.046208000000000006
0.055171000000000005
0.052074
0.045825
0.041745
0.044559
0.049539
0.054059
0.049519
0.05944
0.049298
0.047245
0.048579000000000004
0.053338
0.054529
0.052104
0.053962
0.059053999999999995
0.056305
0.049155000000000004
0.053039
0.053704
0.051167
0.060108
0.061215999999999986
0.050797
0.05518000000000002
0.060591999999999986
0.055035
0.060001
0.054311
0.05768400000000001
0.052637
0.056898
0.045667
0.048329000000000004
0.049060000000000006
0.052548
0.055524000000000004
0.053096
0.051093
0.049045000000000005
0.048809000000000005
0.052257000000000005
0.053273
0.049105
0.044175
0.058195000000000004
0.048457
0.039701
0.038957000000000006
0.040437
0.040881
0.050885
0.053332000000000004
0.062487
0.053699000000000004
0.057042
0.048904
0.043767
0.041989
0.051873
0.043812
0.045072
0.04199800000000002
0.043507
0.04597
0.060192999999999997
0.05994900000000001
0.053507000000000006
0.04905
0.049105
0.053496
0.056348
0.054136
0.054630999999999985
0.059193
0.049139999999999996
0.055401
0.055271
0.063355
0.048901
0.04973899999999999
0.045680000000000005
0.050223000000000004
0.0524
0.06057399999999999
0.052463
0.048094
0.052689
0.048383
0.050152
0.04611200000000002
0.05665
0.06440499999999999
0.05996499999999999
0.047876
0.045563
0.050636
0.051297
0.048827999999999996
0.053385
0.047842
0.05209
0.044963
0.040853
0.044216000000000005
0.043458
0.049217
0.047905
0.041998
0.037456
0.046881
0.041553
0.040958
0.047733
0.05534699999999999
0.047939
0.050235
0.042502
0.036215
0.048138
0.048268
0.048207
0.044316
0.037288
0.033799
0.038143
0.037247
0.03991600000000002
0.03703000000000002
0.043236
0.037803
0.035957
0.038399
0.03513
0.037735000000000005
0.035933999999999994
0.038241000000000004
0.036467
0.035237
0.042445
0.049568
0.038297000000000005
0.039184
0.046014
0.042706
0.039594
0.03732
0.031919
0.0325
0.034833
0.038824000000000004
0.037831000000000004
0.034004999999999994
0.031205
0.030743000000000006
0.038341
0.039357
0.033513999999999995
0.029233
0.032226
0.031542
0.035134000000000006
0.04452
0.036800000000000006
0.03933299999999999
0.035910000000000004
0.0285
0.030476
0.035836
0.041909
0.037950000000000005
0.033485
0.030198000000000003
0.028934
0.030625
0.030749
0.032437999999999995
0.034129000000000013
0.033061
0.032524000000000004
0.034819
0.029519000000000007
0.033723
0.033799
0.029274
0.032828
0.033283
0.037889
0.037383
0.035998
0.029006999999999998
0.028801
0.04627099999999999
0.029739
0.031045
0.033387
0.028831
0.027879
0.02647
0.028227
0.030256
0.031707
0.031499
0.034130999999999995
0.03509
0.031034
0.033076
0.029808
0.029255
0.030879000000000007
0.037183999999999995
0.038704
0.039559
0.03012
0.032417
0.034399
0.036819
0.035871000000000014
0.046798000000000006
0.031247000000000007
0.035517999999999994
0.034275
0.033787
0.031993
0.036393
0.030903
0.032284
0.037114
0.037999
0.034884
0.044057
0.036244
0.037593
0.036937
0.040764
0.042386
0.048127
0.041924
0.043742
0.050893
0.046107999999999996
0.041716
0.047029
0.045144
0.043785000000000004
0.046402000000000006
0.0415
0.048581000000000006
0.047921
0.047202
0.04092900000000002
0.044468
0.040325
0.044971
0.044241
0.043567
0.050545
0.051227999999999996
0.048681999999999996
0.052913999999999996
0.040742
0.047755
0.047883
0.050448
0.046855
0.043665
0.04742
0.046265
0.048080000000000005
0.047326
0.055717
0.04807
0.050608
0.056155
0.062671
0.057298
0.053317
0.05728
0.058735
0.056520000000000015
0.05276
0.049307
0.046094
0.04855
0.046039
0.048964
0.042273000000000005
0.04299
0.059792999999999985
0.053482
0.049464
0.05695700000000001
0.051346
0.047702999999999995
0.048482
0.050186
0.045072
0.04376
0.047788
0.052026
0.046387
0.053341
0.048912
0.053153
0.055009
0.054424
0.049663000000000006
0.053501
0.052639000000000005
0.048999
0.044225
0.048344
0.039919
0.050055
0.048695
0.050633
0.063832
0.049281
0.045816
0.042926
0.048052
0.045969
0.048534
0.055548
0.050657
0.047268
0.048981
0.052368
0.064843
0.054254
0.051308000000000006
0.045208
0.048428
0.044629
0.045888000000000005
0.054732
0.044246
0.050107
0.05576
0.046619
0.049906
0.053542
0.046258
0.053094
0.054443
0.06461
0.050649
0.050263999999999996
0.046257000000000006
0.04922800000000002
0.04660399999999999
0.053729999999999986
0.054936000000000006
0.053501
0.056485
0.059582
0.052961
0.056026999999999993
0.055897
0.053371
0.05151
0.047564999999999996
0.04555
0.050351
0.047932
0.053254
0.051389
0.050938
0.052768
0.047357
0.06122100000000001
0.059974
0.052884
0.055489
0.058454999999999986
0.056073000000000005
0.055424
0.057743
0.053930999999999986
0.054158000000000005
0.059454000000000014
0.058323
0.05350100000000002
0.054721000000000006
0.045888
0.053657
0.05679600000000001
0.057285
0.055597
0.048521
0.047796
0.050733
0.0509
0.05563100000000002
0.061709
0.051173
0.054739
0.04678
0.046566
0.046181
0.050195
0.04155400000000002
0.043369
0.050982
0.054279999999999995
0.044773
0.040109
0.042218
0.037957000000000005
0.036311
0.052007000000000005
0.045897
0.042279000000000004
0.042117
0.040043
0.038610000000000005
0.049776
0.037029
0.037938
0.038777
0.043465
0.042428
0.042828000000000005
0.036152
0.039807
0.039723
0.034029000000000004
0.035655
0.036037
0.033969
0.03645
0.03896
0.032535
0.03898599999999999
0.035765000000000005
0.031651
0.029152
0.03047
0.029098
0.03215
0.029408
0.035741
0.035320000000000004
0.062963
0.030297
0.030723
0.03258
0.030485
0.040857
0.039818
0.032292
0.030286
0.028179000000000006
0.02885
0.039141
0.029926
0.026826000000000003
0.035909
0.032831
0.030087
0.032077999999999995
0.038015
0.034213
0.039334
0.041858
0.03798699999999999
0.039085
0.03798800000000002
0.032389999999999995
0.033566000000000006
0.032582
0.0341
0.034077
0.031294
0.031517
0.034825
0.032048
0.030262
0.030657
0.030735
0.042976
0.033575
0.030414999999999998
0.0318
0.037606
0.042100000000000005
0.037464
0.0328
0.032581
0.042132
0.044918
0.053683
0.049418000000000004
0.043804
0.040135000000000004
0.043358999999999995
0.045911
0.051906
0.049647
0.047443000000000006
0.050491
0.054961
0.060642
0.05633700000000001
0.047606
0.044295
0.055281
0.054225
0.053861
0.052323
0.04709000000000002
0.051106
0.05177
0.05474
0.053360000000000005
0.05223
0.047939999999999997
0.0556
0.057040000000000014
0.06382
0.05610999999999999
0.06552999999999999
0.05635
0.062069999999999986
0.05513
0.060579999999999995
0.061810000000000004
0.05285
0.06569
0.06638000000000001
0.06511
0.06807
0.06331
0.05757
0.06041000000000001
0.05781
0.04941
0.0504
0.053120000000000014
0.05133
0.053750000000000006
0.05728000000000001
0.06105
0.07151
0.06398
0.06258999999999999
0.06937
0.05946
0.05658
0.06244
0.07561
0.06329
0.0581
0.06699000000000001
0.06663
0.06738999999999999
0.06009000000000001
0.05756
0.0602
0.06008
0.06261
0.06606000000000001
0.09014
0.05753
0.059029999999999985
0.06287999999999999
0.06442
0.06266000000000001
0.06280999999999999
0.06038
0.06179
0.06113
0.05583
0.05731
0.06691
0.055470000000000005
0.055389999999999995
0.05848
0.06820999999999999
0.07296
0.07504999999999999
0.08121999999999999
0.05849
0.06423999999999999
0.06775999999999999
0.06833
0.07402
0.07268
0.07521
0.06692000000000001
0.062189999999999995
0.06638000000000001
0.06644
0.05984
0.05745
0.07243000000000001
0.06755
0.06462000000000001
0.06220000000000001
0.05794
0.061829999999999996
0.05791
0.06015
0.06277999999999999
0.06083
0.06039
0.07059000000000001
0.09168
0.07303
0.07098
0.07028000000000001
0.07407000000000001
0.0755
0.07219999999999999
0.06494
0.06169
0.05832
0.05948
0.06296
0.062224
0.057267999999999986
0.056382
0.056735
0.06047
0.07330700000000001
0.06815800000000001
0.06452999999999999
0.06059000000000001
0.055875
0.055449000000000005
0.055142
0.051807000000000006
0.050702
0.059497
0.06017
0.05875800000000001
0.067348
0.053282
0.06208300000000001
0.06023000000000001
0.06036200000000001
0.059902
0.05695
0.051622
0.054592
0.05659400000000001
0.052444000000000005
0.053722000000000006
0.047067000000000005
0.05265
0.056576
0.05055
0.050369
0.050083
0.059053000000000015
0.051934
0.057129999999999986
0.04786699999999999
0.058760000000000014
0.056485
0.065674
0.050744
0.047099
0.045213
0.058474
0.052264
0.058473
0.049594
0.049268
0.046309
0.04488
0.050059
0.055176
0.0538
0.056397
0.06417400000000001
0.056248
0.05392
0.065411
0.066569
0.056018
0.053511
0.046432999999999995
0.045122
0.049456
0.049709
0.040937
0.037135
0.038461
0.041631
0.04032
0.039889
0.03995099999999999
0.039107
0.045771000000000006
0.042582
0.039656
0.037938
0.03847300000000002
0.052229000000000005
0.050114000000000006
0.046199000000000004
0.060072
0.038845
0.037173000000000005
0.045498
0.03852
0.041661000000000004
0.052323
0.041549
0.042482
0.042332
0.036480000000000005
0.036610000000000004
0.04437
0.046162
0.044585
0.036563
0.037136
0.036877
0.037721
0.041239
0.03706
0.03718300000000002
0.045323
0.041010000000000005
0.038622000000000004
0.034041
0.035953
0.041618
0.037575
0.033808
0.029907
0.034802
0.031163
0.032261
0.035073
0.029399
0.029546
0.028393
0.031358
0.035557
0.031187000000000006
0.030295
0.032495
0.029907000000000006
0.029971
0.030604000000000006
0.027469
0.029834
0.037666000000000005
0.029221
0.036766
0.031941000000000004
0.031927
0.030946999999999995
0.034546
0.048757000000000016
0.038745999999999996
0.033088
0.032630000000000006
0.033169000000000004
0.03729
0.051715
0.041321
0.034224000000000004
0.040418
0.047783
0.04465
0.040036
0.038043
0.033947000000000005
0.037342
0.036053
0.033969000000000006
0.033862
0.034252000000000005
0.036479
0.0382
0.038944
0.044980000000000006
0.046995
0.042165
0.050907
0.048314
0.04268500000000002
0.043099
0.045604000000000006
0.041252
0.043466000000000005
0.044323
0.044601
0.047288
0.053181000000000006
0.052349
0.056108000000000005
0.047726000000000005
0.052019
0.052609
0.053038999999999996
0.050993
0.053104999999999986
0.060667999999999986
0.055314
0.051529999999999986
0.053970000000000004
0.05902
0.054770000000000006
0.05464
0.06001
0.04788
0.05523
0.07954
0.06009000000000001
0.05875
0.05759
0.057220000000000014
0.059670000000000015
0.055830000000000005
0.052529999999999986
0.05261
0.0581
0.06176
0.056150000000000005
0.05968
0.06102000000000001
0.0634
0.05634
0.05812000000000001
0.06234
0.06256
0.05524
0.06187
0.05649
0.054950000000000006
0.05559
0.05205
0.05264
0.0641
0.05699
0.05374
0.06368
0.055830000000000005
0.05621
0.07434
0.06752000000000001
0.07218
0.07001
0.06517
0.05498
0.0567
0.05435
0.054060000000000004
0.05016
0.05089
0.0522
0.06204
0.06238
0.058869999999999985
0.054880000000000005
0.06268
0.06044
0.07256
0.06045
0.06434000000000001
0.04957
0.04581
0.03866
0.038790000000000005
0.034820000000000004
0.0347
0.03004
0.02955
0.02785
0.02733
0.02748
0.026310000000000004
0.024370000000000003
0.02327
0.02358
0.027280000000000002
0.02225
0.021560000000000003
0.02106
0.02102
0.02072
0.020489
0.020283
0.017440999999999998
0.017349
0.017639000000000002
0.017182
0.017074000000000002
0.016059999999999998
0.016028999999999998
0.016059999999999998
0.015869
0.015899999999999997
0.015778
0.015136000000000004
0.014595
0.014456999999999998
0.013955
0.013291
0.013084
0.01339
0.013153
0.012589
0.012977
0.018047
0.025174
0.029086
0.030445
0.032838
0.029103
0.032010000000000004
0.035628
0.042507
0.052865
0.056598
0.047900000000000005
0.055552
0.042401
0.043735
0.049221
0.050399
0.04377
0.044807
0.046262
0.053952
0.05371
0.045326
0.042532
0.045483
0.051477999999999996
0.050124
0.04290499999999999
0.044566
0.046327
0.053770000000000005
0.058229
0.05344
0.051106000000000006
0.048667
0.054745
0.046707
0.048212000000000005
0.045115
0.050194
0.049749
0.058616
0.060807000000000014
0.053624
0.051445000000000005
0.07043999999999999
0.060409000000000004
0.062009
0.069462
0.06009
0.051015000000000005
0.055357
0.047167
0.043922
0.045167
0.04531400000000002
0.04912
0.048621
0.04779
0.040752
0.047799
0.044033
0.041697000000000005
0.04388
0.053
0.044553
0.040368
0.04433
0.03984
0.048344
0.056819000000000015
0.05459
0.051377
0.060053999999999996
0.048579000000000004
0.044227999999999996
0.039927
0.037221
0.044583
0.033984
0.038463
0.046233
0.044070000000000005
0.040251
0.035136
0.035332999999999996
0.032521
0.034554
0.042283
0.05740600000000001
0.036261
0.043069
0.055738
0.04687
0.043064
0.038137
0.038659
0.042789
0.038857
0.033977999999999994
0.032145
0.029361
0.031148
0.031811000000000006
0.029588
0.034639
0.033626
0.029911
0.030678000000000007
0.034125
0.027545
0.035441
0.035343
0.029641000000000008
0.028489999999999998
0.028675000000000006
0.034251000000000004
0.040252
0.044023
0.032853
0.028923
0.030215
0.030069
0.030528
0.034281
0.037624
0.035026
0.033256
0.03526
0.028426
0.029599
0.03702
0.036567
0.033115
0.033935
0.038012
0.038228
0.03757
0.038363999999999995
0.037273
0.032157000000000005
0.033891000000000004
0.033288
0.031254000000000004
0.030547
0.031316000000000004
0.032437
0.032476
0.03990199999999999
0.042607
0.046214
0.03787600000000002
0.032757999999999995
0.032112
0.033642
0.044635
0.04006199999999999
0.03712
0.032964
0.032595
0.032919
0.036092
0.035725
0.035250000000000004
0.043561
0.041486
0.039104
0.04356
0.037448
0.05387499999999999
0.048782
0.048625
0.04446
0.045106
0.050168
0.049458
0.045443
0.042713
0.042646
0.047923
0.048916
0.059265
0.04593
0.04712
0.04603600000000002
0.05078100000000002
0.05151
0.047423
0.047347
0.054273
0.05459
0.055851000000000005
0.049285
0.053709
0.04785
0.05394
0.04688
0.05523
0.05724
0.05666
0.06707
0.04933
0.05246
0.05707
0.05795
0.06501
0.05618
0.053820000000000014
0.05995
0.07172
0.06005
0.05512
0.06606999999999999
0.050589999999999996
0.04744
0.057115
0.05526
0.05766
0.054030000000000016
0.05227
0.04764
0.052351
0.049938
0.054889999999999994
0.05819000000000001
0.054402000000000006
0.05279999999999999
0.05425
0.05677400000000001
0.051524
0.0512
0.04779
0.06395
0.07318
0.0694
0.05637
0.05449
0.06249
0.06559999999999999
0.061439999999999995
0.05847
0.07491
0.0625
0.06404
0.06928
0.05961
0.05754
0.06241
0.06082000000000001
0.05609
0.06227000000000001
0.05824
0.0628
0.06487000000000001
0.06382
0.06877000000000001
0.06297
0.06293
0.06867000000000001
0.07085
0.0621
0.05984
0.08029
0.05902
0.057229999999999996
0.058089999999999996
0.07221
0.05201
0.04834
0.0549
0.058400000000000014
0.06319
0.057541
0.054258
0.055876999999999996
0.05675
0.053206
0.0555
0.05222
0.05610300000000002
0.053955
0.064528
0.085846
0.068787
0.068608
0.067078
0.062025
0.06578099999999999
0.067156
0.06088
0.056072
0.06096
0.053225
0.055816
0.051868
0.046022
0.054683
0.060999
0.053329
0.046292
0.045430000000000005
0.038936
0.042076
0.052501
0.052258000000000006
0.051764
0.065221
0.061437999999999986
0.057616999999999995
0.053305999999999985
0.050291
0.054221000000000005
0.055985
0.051713
0.048155
0.048654
0.052869000000000006
0.048627
0.053884
0.058320000000000004
0.056106
0.052732000000000015
0.059509999999999987
0.054776
0.068205
0.050707999999999996
0.059618
0.051165
0.049760000000000006
0.052135
0.052669000000000014
0.048877
0.047883999999999996
0.044781
0.046207
0.056778999999999996
0.05103
0.052457
0.045049
0.044716000000000006
0.04346100000000002
0.04855
0.042071
0.0574
0.048267
0.050852999999999995
0.042875
0.041842000000000004
0.045253
0.050328000000000005
0.041920000000000006
0.041112
0.037739
0.041747
0.037173000000000005
0.037347000000000005
0.041409
0.043551999999999993
0.049709
0.048674
0.049252
0.045864
0.042752
0.03748
0.038501
0.04295
0.043108
0.042779000000000005
0.045855
0.049392000000000005
0.046222000000000006
0.042963999999999995
0.045436000000000004
0.044473
0.047722
0.042111
0.041469000000000006
0.039258999999999995
0.04113
0.036128
0.037404
0.040514999999999995
0.038137
0.045017
0.036267
0.032952999999999996
0.03382
0.033037000000000004
0.041622
0.03598
0.03748
0.037963
0.035427
0.033936
0.042211
0.035192
0.035758
0.031689
0.030395
0.027514999999999998
0.03166
0.031156
0.032865000000000005
0.033393
0.027809
0.027088
0.030032000000000007
0.030987999999999998
0.032043
0.033324
0.029263
0.030500000000000006
0.027216000000000004
0.027297000000000002
0.031218
0.034007
0.031429
0.030286
0.029896
0.031507
0.033252
0.038069
0.032448000000000005
0.027493
0.026644
0.028727
0.028372
0.032321
0.027716
0.031361
0.034934
0.036892
0.035334
0.035219
0.031666
0.031582
0.029382
0.035534
0.032361
0.03508
0.039115
0.031067
0.031247000000000004
0.032850000000000004
0.034457
0.038874
0.035226999999999994
0.033066000000000005
0.034774
0.035919000000000006
0.041085
0.039807
0.047129
0.03712
0.036301
0.040848
0.040184
0.043935
0.040181
0.037819
0.04881
0.048413
0.047785
0.042781
0.040447000000000004
0.052164999999999996
0.053611
0.053239999999999996
0.051148
0.055004
0.046707
0.045292000000000006
0.048647
0.044968
0.044843
0.046601
0.042438
0.041092
0.048998
0.047776
0.049013
0.04468
0.044422
0.044942
0.047183
0.045841
0.048464
0.049422
0.04778
0.05217
0.057470000000000014
0.07887000000000001
0.05977
0.055927
0.050626
0.048644
0.049434
0.047607
0.0476
0.04698
0.058779
0.059062
0.060289999999999996
0.05743
0.057345000000000014
0.061526
0.059086
0.055681
0.055130999999999986
0.053877
0.062943
0.051938
0.049924
0.046405
0.048795000000000005
0.049591
0.047682
0.04793
0.048601
0.06565599999999999
0.049846
0.054126
0.050296
0.052738
0.051289
0.047443000000000006
0.051228
0.053578
0.054637000000000005
0.049222
0.049405000000000004
0.052944000000000005
0.051087
0.051943
0.048874
0.052292999999999985
0.04836800000000002
0.052806000000000006
0.049607
0.049912
0.050312
0.052278000000000005
0.053238
0.050508
0.050092000000000005
0.050996
0.045178
0.05077999999999999
0.057356
0.06306400000000001
0.057842999999999985
0.056669000000000004
0.056813
0.060486
0.059524
0.057787
0.056987
0.053116
0.050594
0.046461
0.048783
0.04704
0.054524
0.051985
0.051204
0.052946000000000014
0.054706000000000005
0.049105
0.052004
0.051272000000000005
0.048724
0.055468
0.050366
0.046766
0.050429
0.052399
0.05786
0.057111
0.049000999999999996
0.047597
0.05002
0.058368
0.063877
0.057258
0.050683
0.048786
0.05338
0.052255
0.054577999999999995
0.051808000000000014
0.054919
0.055277
0.058448
0.055723
0.052633000000000006
0.045487
0.049488
0.050542
0.056067
0.056430999999999995
0.056705999999999986
0.054897
0.054326
0.051292
0.04693
0.049511
0.052724
0.044503
0.043056
0.044902
0.046257
0.050586
0.052784000000000005
0.066058
0.050555
0.045017
0.049329000000000005
0.047136
0.046827
0.044364
0.043845
0.04205
0.04278900000000002
0.050183000000000005
0.042183
0.043264
0.041138
0.039041000000000006
0.0378
0.03246
0.040546
0.042793
0.039547000000000006
0.035564
0.034907
0.040097
0.037853
0.039023
0.037631
0.044049000000000005
0.040293999999999996
0.035286000000000005
0.037962
0.039995
0.040374
0.043786
0.042196
0.033263
0.031984000000000005
0.034892000000000006
0.03374
0.037498
0.036164
0.036396000000000005
0.038421
0.038089000000000005
0.041969
0.040397
0.038905
0.042872
0.040704
0.040313999999999996
0.036942
0.040934
0.039097
0.035731
0.030583
0.029255
0.030495
0.037938
0.037227
0.038167
0.034892
0.034456
0.031598
0.03212
0.030590000000000006
0.03123
0.033818
0.035555
0.030106
0.031924
0.030448000000000006
0.028377
0.027153
0.029081
0.03115
0.031252999999999996
0.032436
0.032218000000000004
0.03639
0.034107
0.029574
0.02661
0.02885
0.028825999999999997
0.028988999999999997
0.029332
0.033636
0.026165
0.030684000000000006
0.029201
0.034588
0.034761
0.031643
0.032976
0.034679
0.030431
0.028292
0.028997
0.02982
0.029706
0.030325000000000005
0.032832
0.033727
0.033993
0.031689
0.030483999999999997
0.030216000000000007
0.029048
0.029186
0.032764
0.029606
0.029327
0.030781000000000006
0.032639999999999995
0.034297
0.03102
0.030419
0.030723
0.037075
0.034216
0.035175000000000005
0.032971
0.032906000000000005
0.035222
0.03751
0.039216
0.035542000000000004
0.033164
0.032350000000000004
0.033927
0.040982000000000005
0.040529
0.038120999999999995
0.038063
0.038502
0.040394
0.044208
0.053021000000000006
0.047946
0.050243
0.045355
0.043229
0.041179
0.04214
0.044132
0.04624399999999999
0.04571599999999999
0.049025
0.047453
0.047029
0.04568900000000002
0.044948
0.051530999999999993
0.05296
0.050795
0.048152
0.04916
0.057224000000000004
0.0595
0.054423
0.050701
0.046997
0.054732
0.057399
0.052535000000000005
0.050321
0.056992
0.07531
0.059833000000000004
0.05818200000000001
0.05467
0.056198000000000005
0.06043
0.053087
0.054413
0.05621
0.058943
0.05464
0.053407
0.056325
0.06774
0.05214
0.051927999999999995
0.053729999999999986
0.066082
0.05690000000000001
0.059467999999999986
0.053142
0.052203000000000006
0.055547000000000006
0.055924
0.060345
0.05539
0.06266999999999999
0.05632
0.06022
0.07171999999999999
0.06953
0.06874
0.0663
0.05488
0.0541
0.054979999999999994
0.05028
0.06550399999999999
0.050123
0.0481
0.05194
0.053
0.059279999999999985
0.06456
0.06745999999999999
0.05916
0.05965
0.06752000000000001
0.062329999999999997
0.06279
0.05961
0.05397
0.059870000000000013
0.06824
0.053770000000000005
0.056685
0.05621
0.05776
0.05736
0.057248
0.058988
0.057691
0.05778
0.05425
0.05795
0.06279
0.054793
0.05883500000000001
0.048961000000000005
0.047009
0.057651
0.060594
0.056612
0.059948
0.055837
0.05969600000000001
0.0576
0.059146
0.055089
0.050914
0.051362000000000005
0.054828
0.051469000000000015
0.053745
0.042082
0.05145
0.056234000000000006
0.060394
0.059229
0.06053
0.053157
0.053327
0.054874
0.055879999999999985
0.051292
0.05271900000000001
0.053520000000000005
0.049578
0.06375399999999999
0.053608
0.064597
0.052821000000000014
0.04493
0.048084
0.06549200000000001
0.057425
0.050805
0.053619000000000014
0.049078
0.045319
0.049206
0.052565
0.059003
0.048954
0.048786
0.050011
0.054049
0.047344
0.049611
0.048954
0.045872
0.041218000000000005
0.041851
0.039769
0.039456
0.042568
0.052902
0.035823999999999995
0.037325
0.046203
0.041624
0.047878
0.046753
0.049302
0.048547
0.048999
0.050983
0.05233
0.050116
0.044263
0.04088699999999999
0.036008
0.043141000000000006
0.052318
0.042484
0.041461000000000005
0.043853
0.042266000000000005
0.042668
0.03891
0.037204
0.032507
0.036279000000000006
0.035183
0.033406
0.035634
0.033173
0.044445
0.036009
0.030711000000000002
0.031504000000000004
0.033374
0.033770999999999995
0.0523
0.040476
0.03815
0.03513
0.033854
0.034011
0.033270999999999995
0.033648000000000004
0.032794000000000004
0.031237
0.029781
0.028193
0.028946
0.032716
0.033652999999999995
0.035060999999999995
0.033245
0.027936000000000002
0.027591
0.029059
0.026804
0.025946
0.0257
0.024733
0.026217
0.028854
0.027532
0.027342
0.028838000000000006
0.02787
0.028712
0.033363000000000004
0.031685000000000005
0.031626999999999995
0.03565599999999998
0.037539
0.037419
0.034715
0.030503
0.029013
0.029594
0.030751999999999998
0.029946
0.026865
0.025459
0.026918
0.029256
0.031201
0.027422000000000002
0.02595
0.024354
0.023490999999999998
0.023088
0.023058000000000002
0.022662
0.023466
0.023651
0.028493
0.02892
0.026856
0.023867
0.023656
0.024084
0.026269
0.029319
0.029264
0.026902
0.026758999999999998
0.023867
0.0238
0.02712
0.024979
0.025981999999999998
0.025189
0.024453
0.024694999999999998
0.025159
0.024944
0.028493
0.030514
0.032955000000000005
0.032871
0.031688999999999995
0.029346
0.029536
0.038213
0.03017
0.029825
0.030844999999999997
0.029348000000000006
0.032595
0.037078
0.033962
0.032604
0.033027
0.033105
0.035633000000000005
0.033783999999999995
0.032014
0.033886
0.035724000000000006
0.032272
0.032358
0.036910000000000005
0.040089
0.040951999999999995
0.043055
0.042526
0.040471
0.039207
0.037707
0.038968
0.03785
0.041062
0.041829000000000005
0.037712
0.040196
0.040084
0.04462
0.040056
0.044133000000000006
0.050273000000000005
0.04765
0.046882
0.051012
0.04646
0.040061
0.046
0.049173
0.049474000000000004
0.046395
0.04671
0.048244
0.048201999999999995
0.046093
0.042085
0.038515
0.034979
0.038274
0.042581
0.038995
0.036981
0.038105
0.038921
0.038631
0.04113
0.045547000000000004
0.042955
0.042601
0.045096
0.047359000000000005
0.0623
0.045053
0.052077000000000005
0.050393
0.046620999999999996
0.04345
0.046782
0.041792
0.039447
0.038493
0.047978
0.054338
0.05384
0.04694400000000001
0.045592
0.045148
0.049897
0.059279
0.049296
0.045242000000000004
0.045816
0.051853
0.042163
0.04583
0.048684000000000005
0.048129000000000005
0.046288
0.04326
0.042914
0.050844
0.049732000000000005
0.046575
0.043508000000000005
0.039876999999999996
0.040313999999999996
0.042739
0.041759
0.047169
0.051164999999999995
0.053722000000000006
0.043982
0.03891900000000001
0.044392
0.040188
0.037419
0.03822
0.040050999999999996
0.038637
0.036411
0.03443499999999998
0.037943
0.041732
0.043605000000000005
0.039176
0.046814000000000015
0.042989
0.046428
0.040548
0.042821
0.040891
0.044064000000000006
0.045357999999999996
0.044132
0.042347
0.044056
0.038432
0.037283
0.03656
0.036086
0.036962000000000016
0.040869
0.047413
0.048372000000000005
0.047164000000000005
0.050357
0.043686
0.052792999999999986
0.054982
0.044407
0.051501000000000005
0.046794
0.04931
0.042549000000000003
0.047885
0.043292
0.048878000000000005
0.048673
0.048132999999999995
0.045337
0.042592000000000005
0.041074
0.04464
0.045235
0.049530000000000005
0.045747
0.042847
0.043788
0.044284
0.047359
0.051420000000000014
0.044248
0.0446
0.045468
0.046451
0.055741999999999986
0.05125
0.053111000000000005
0.053035000000000006
0.042048
0.041843000000000005
0.042944
0.046235000000000005
0.04675
0.038411
0.039464
0.036091000000000005
0.040439
0.044978
0.041763
0.042642
0.049061
0.04848
0.044067
0.039864
0.036926
0.036983
0.039546000000000005
0.040171
0.038383
0.038218
0.038087
0.039394
0.04013099999999999
0.039823
0.034993
0.041272
0.041993
0.037357
0.03639
0.03391
0.034376000000000004
0.040632
0.042822000000000006
0.041264
0.038433999999999996
0.037454
0.034206999999999994
0.035011
0.030208
0.031847
0.032186000000000006
0.031597
0.029041
0.030081
0.032943
0.03574
0.037861
0.033939
0.032497000000000005
0.034297999999999995
0.032777
0.030910000000000007
0.028689000000000006
0.02883
0.027475
0.026971
0.026746
0.029519000000000007
0.031258
0.028048000000000003
0.027844
0.029063
0.029042000000000002
0.037696
0.033131
0.030995
0.032227
0.032694999999999995
0.032161
0.032523
0.031575000000000006
0.029058
0.029714
0.02938
0.027747000000000004
0.026794
0.029713
0.031362
0.035549000000000004
0.031402
0.027613
0.025503
0.027860000000000003
0.026014
0.029055
0.025854000000000002
0.027685
0.027909000000000003
0.027907
0.025915
0.025955
0.026216000000000003
0.02766
0.027882
0.026932
0.024058
0.024548
0.026498
0.027828
0.031024000000000006
0.029683
0.02758
0.02601
0.026112000000000003
0.02567
0.028604
0.027912
0.030173000000000002
0.026717
0.02814
0.028564
0.028960000000000007
0.028645
0.028088
0.026611000000000003
0.026895
0.025487
0.025244000000000003
0.029046
0.031291
0.029188
0.031614
0.029882
0.028239
0.02595
0.026598
0.026117
0.030984
0.032017000000000004
0.031558
0.029759
0.029133
0.030795000000000006
0.030496
0.030651
0.036567
0.033145
0.030814
0.032326
0.033885000000000005
0.037266
0.034325
0.048047
0.036525
0.036969
0.038655
0.036118
0.031964
0.037103
0.033685
0.032419
0.034003000000000005
0.035177999999999994
0.037023
0.034929
0.031211000000000006
0.034328
0.035916000000000003
0.03863900000000002
0.035573
0.042253
0.042125
0.039283
0.041369
0.039793
0.038724
0.043934
0.040104
0.038691
0.034985
0.036205
0.038432
0.042629
0.036613
0.038256
0.042014
0.04358
0.050473000000000004
0.058833
0.048861
0.043481
0.042675
0.044216000000000005
0.041691000000000006
0.040184
0.041888
0.03905
0.039504
0.041591
0.04418999999999999
0.045742000000000005
0.041343
0.040234
0.049644
0.045862
0.047988
0.059845
0.050025
0.051134000000000006
0.044048
0.048289
0.045798000000000005
0.050053
0.047755
0.048687
0.043353
0.041706
0.042065000000000005
0.04275
0.040435000000000006
0.046243
0.047113
0.049858
0.049354
0.048393
0.040310000000000006
0.039703
0.047527999999999994
0.051502
0.038251
0.037491
0.033931
0.035152
0.034578
0.038263
0.039703
0.045668
0.047524000000000004
0.044681
0.040325
0.03746
0.03736300000000002
0.040699
0.04504
0.045781
0.0442
0.045731
0.03767
0.037831
0.041895999999999996
0.041641
0.037208000000000005
0.036711
0.035869000000000005
0.037998000000000004
0.040699
0.038589
0.043306
0.046612
0.044704
0.049446
0.046543
0.040706000000000006
0.04877
0.049566000000000006
0.045383
0.05223
0.050042
0.044514000000000005
0.045342
0.053746
0.043054
0.042072000000000005
0.044682
0.052295
0.043561
0.051869000000000005
0.042724
0.045018
0.048097
0.052444000000000005
0.045518
0.044704
0.047383
0.045771000000000006
0.045603000000000005
0.043071
0.045981
0.051577
0.045821
0.042798
0.040416
0.04042
0.049961
0.051144
0.050717000000000005
0.049404
0.057951
0.054214
0.053204999999999995
0.048708
0.068254
0.05678200000000001
0.052172
0.051543000000000005
0.055635
0.05640700000000001
0.057484
0.053251
0.049928
0.055729
0.043681
0.039855
0.039522
0.043988
0.04325
0.040658
0.041859
0.039807
0.036887
0.041061
0.042141000000000005
0.040532
0.039208
0.033399
0.034135000000000006
0.035946
0.039494
0.039288
0.045444
0.041462
0.037862
0.040396
0.038969
0.039646
0.03632
0.034069
0.03157
0.027971000000000003
0.025872000000000003
0.031181999999999994
0.036494
0.030949
0.034482
0.039668
0.03819
0.036678
0.035381
0.032467
0.029605000000000006
0.031087
0.030331999999999998
0.03025
0.029604000000000002
0.03675
0.031469
0.054718
0.03425
0.034271
0.031177
0.028599
0.028823
0.027536
0.033684
0.031848
0.029088000000000006
0.029272000000000006
0.028363
0.027821
0.025813
0.028295
0.032115000000000005
0.032887
0.029552
0.027042
0.027109
0.027384
0.029297000000000007
0.028293
0.027332
0.0296
0.031198000000000007
0.030786
0.030842
0.029885000000000002
0.030419
0.03374
0.031955000000000004
0.030261000000000007
0.032424
0.026639
0.026497000000000003
0.029019
0.031551
0.032506
0.032908
0.034789999999999995
0.030812
0.032211000000000004
0.033199000000000006
0.035006
0.034539
0.033515
0.032941000000000005
0.035951
0.033683
0.032135000000000004
0.032979
0.03568
0.036856
0.041369
0.044034
0.044016
0.040272
0.041981
0.04556
0.041839999999999995
0.038301999999999996
0.038545
0.040362
0.038393000000000004
0.03688
0.037235
0.039922000000000006
0.039275
0.045491000000000004
0.04599
0.046695
0.049486
0.04884
0.048889999999999996
0.049060000000000006
0.05008
0.04375
0.043943
0.04175
0.042575
0.04677
0.048060000000000005
0.04709
0.046310000000000004
0.040422
0.04997
0.04734
0.0502
0.05085
0.05664
0.04935
0.046810000000000004
0.04828
0.04738
0.052160000000000005
0.05333
0.04784
0.04973
0.053979999999999986
0.05754
0.05175
0.05092000000000002
0.06046
0.04925
0.051420000000000014
0.048760000000000005
0.05345
0.056020000000000014
0.04987
0.045639
0.04891
0.057
0.05156
0.052753999999999995
0.05117699999999999
0.057220000000000014
0.06105
0.056029999999999996
0.05188
0.06575
0.07458000000000001
0.06154
0.06752000000000001
0.07107000000000001
0.06706000000000001
0.06636
0.06473999999999999
0.0639
0.06769
0.0602
0.075
0.06831
0.0649
0.06433
0.06756999999999999
0.07037
0.06944
0.05848
0.058220000000000015
0.06226
0.07288
0.06377999999999999
0.06147
0.06175000000000001
0.0605
0.06194
0.06380999999999999
0.06621
0.06115
0.055254
0.05679
0.06285
0.05696
0.0562
0.056479999999999995
0.07314000000000001
0.071
0.06861
0.06373999999999999
0.05881
0.06366000000000001
0.07164
0.06462000000000001
0.0634
0.06204000000000001
0.06041000000000001
0.065889
0.06322
0.06853000000000001
0.060079
0.066618
0.067326
0.066113
0.06777499999999999
0.07281599999999999
0.07473400000000001
0.073378
0.07518
0.07615
0.06627999999999999
0.066958
0.060746
0.068737
0.069324
0.06254699999999999
0.06316000000000001
0.06792799999999999
0.07406499999999999
0.06577000000000001
0.05757200000000001
0.054228
0.067213
0.062913
0.06222100000000001
0.068226
0.068664
0.064054
0.069963
0.064437
0.063278
0.069354
0.061794000000000016
0.062092999999999995
0.0685
0.055585
0.050644
0.053937
0.067521
0.05884900000000001
0.052517999999999995
0.055746000000000004
0.06030700000000001
0.058681
0.054994000000000015
0.054184
0.051674
0.050418
0.053117999999999985
0.058591
0.0549
0.057865
0.06980700000000001
0.05806399999999999
0.056638
0.06008
0.057422
0.05220299999999999
0.053784000000000005
0.057467
0.054688
0.049644
0.048889
0.049457
0.055165
0.050798
0.043302
0.043210000000000005
0.051663
0.05082
0.051365
0.051873
0.054768
0.049511
0.048702
0.046297000000000005
0.045943
0.044248
0.049183
0.046362
0.046385
0.045818
0.041385000000000005
0.039236
0.041760000000000005
0.038017
0.03982499999999999
0.040982000000000005
0.034769999999999995
0.037365
0.041279
0.047702
0.036365
0.033306999999999996
0.031493
0.035532
0.036114
0.036382000000000005
0.032404
0.032491000000000006
0.033649000000000005
0.03785499999999999
0.038936000000000005
0.04023499999999999
0.037319000000000005
0.040855
0.040562
0.04089
0.037712
0.036474
0.038318
0.035236
0.031256
0.029294
0.030971
0.030299
0.033217
0.046104000000000006
0.034421
0.036676
0.035294
0.031534000000000006
0.030102
0.030488
0.032603
0.035458
0.040413
0.034343
0.030841000000000004
0.029187
0.029319
0.034291
0.039898
0.044529
0.043326
0.038813
0.035108999999999994
0.03412
0.035466000000000004
0.03424
0.036249
0.035661
0.034572000000000006
0.032499
0.044367000000000004
0.031284
0.030947
0.030931999999999998
0.031438
0.033222
0.037577
0.034161000000000004
0.031414
0.035488
0.031655
0.030699000000000008
0.031003000000000006
0.030835
0.033848
0.0362
0.038061000000000005
0.03987
0.041126
0.036355
0.039417
0.04018
0.038025
0.039814
0.044195
0.039694
0.040202
0.038217
0.038107
0.042784
0.041904
0.042362
0.045367000000000005
0.04902
0.050827
0.050134
0.051975
0.054426
0.049195
0.045589
0.044342000000000006
0.050061
0.052714
0.046857
0.045443
0.049516
0.053409000000000005
0.059849
0.06269999999999999
0.05554
0.05093
0.056270000000000014
0.05690000000000001
0.056020000000000014
0.06273000000000001
0.05621
0.05831
0.06756000000000001
0.06741
0.060619999999999986
0.06039
0.05621
0.06592999999999999
0.059779999999999986
0.06217
0.0601
0.06119
0.06091
0.06201000000000001
0.05971
0.060120000000000014
0.07122
0.05777
0.060729999999999985
0.059029999999999985
0.05619
0.0582
0.05394
0.05642000000000001
0.06276
0.061570000000000014
0.05636
0.05409
0.05586
0.06351
0.06077000000000001
0.0585
0.05760000000000001
0.06311
0.05661
0.06227000000000001
0.0611
0.061979999999999986
0.05949
0.05971
0.05546
0.057679999999999995
0.05943
0.06171
0.06715
0.0751
0.05777
0.06164
0.06560999999999999
0.07908
0.07387
0.07207000000000001
0.07042999999999999
0.06406
0.06481
0.06233
0.060120000000000014
0.05698
0.05301
0.05389
0.065
0.058670000000000014
0.060729999999999985
0.06444000000000001
0.06783600000000001
0.06067
0.059954999999999994
0.064163
0.063736
0.06192300000000001
0.06061900000000001
0.062932
0.074254
0.07458100000000001
0.071855
0.08843999999999999
0.081955
0.07757299999999999
0.073089
0.067737
0.06871000000000001
0.07973999999999999
0.06136800000000001
0.059796
0.065212
0.067867
0.063037
0.05687
0.05333
0.049394
0.050228
0.06694299999999999
0.057148
0.05853200000000001
0.05997900000000001
0.05795400000000001
0.053613
0.054720000000000005
0.070005
0.06329
0.05805800000000001
0.0546
0.055759
0.055364
0.054531
0.056232
0.06600400000000001
0.055461
0.050456
0.05235
0.056121
0.054967999999999996
0.059933000000000014
0.07475699999999999
0.062492999999999986
0.055911
0.049648000000000005
0.04897000000000002
0.062410000000000014
0.058253
0.061761
0.060453
0.051847000000000004
0.050016000000000005
0.04793
0.048237
0.05728
0.058524
0.052844
0.050203000000000005
0.054164
0.05975100000000001
0.052403
0.052495000000000014
0.050402
0.04643
0.050028
0.053066
0.04931100000000002
0.047781
0.05014299999999999
0.057655
0.058112
0.050013999999999996
0.043637
0.044094
0.040767000000000005
0.047939
0.058896
0.055996
0.051692
0.053239999999999996
0.051467
0.049215
0.049797
0.042766000000000005
0.045157
0.051907
0.052837999999999996
0.048366
0.048761
0.042741
0.042484
0.051012
0.058684
0.051337
0.050792000000000004
0.048671
0.051635
0.048527
0.043431
0.042817
0.040602
0.042949
0.046241000000000004
0.043342
0.039545
0.037885
0.035138
0.037051
0.036785000000000005
0.040292
0.036628
0.03626
0.038173
0.039449
0.038753
0.041709
0.038365
0.033213999999999994
0.033282
0.036805000000000004
0.038119
0.039818000000000006
0.041734
0.036984
0.033622000000000006
0.031537
0.034515000000000004
0.039509
0.035274
0.030079
0.029681000000000006
0.028973000000000002
0.030195000000000007
0.04331800000000001
0.030091000000000007
0.027928
0.029807000000000007
0.033108
0.035024
0.034242
0.032757
0.029717
0.032963000000000006
0.046997
0.031353
0.029568
0.029441
0.030966000000000007
0.033664
0.033836
0.034082999999999995
0.032224
0.030684000000000006
0.029055
0.030095
0.029225
0.027313999999999998
0.028198
0.030989
0.038754000000000004
0.035029000000000005
0.034314
0.035842
0.034052
0.035969
0.035858999999999995
0.034504
0.037905
0.040295
0.043203000000000005
0.037486
0.030872000000000007
0.03167
0.031917
0.030703
0.032102
0.033349000000000004
0.033473
0.035399000000000014
0.03608
0.036938
0.040382
0.038047
0.036586
0.03568
0.032767000000000004
0.031632
0.036893
0.036231000000000006
0.035506
0.037599
0.041944
0.041141
0.039468
0.036061
0.037957000000000005
0.040083
0.040996
0.037018
0.04015
0.044381
0.042364
0.04159499999999999
0.040477
0.043042000000000004
0.04383600000000002
0.047528
0.046918
0.047797000000000006
0.047820999999999995
0.050875
0.053147
0.048435
0.045245
0.048785
0.056584
0.052261
0.056383
0.054076
0.058147
0.054188
0.055227
0.05859200000000001
0.063889
0.054255999999999985
0.050946000000000005
0.051807000000000006
0.047466
0.053485000000000005
0.057421000000000014
0.055385
0.060044000000000014
0.053653999999999986
0.05490300000000002
0.057963
0.056766
0.068957
0.058940999999999986
0.05568100000000002
0.055329
0.058592
0.06391799999999999
0.062191
0.064637
0.062572
0.064637
0.060436000000000004
0.069599
0.064208
0.07037600000000001
0.057909
0.054738
0.054974
0.058211
0.058673
0.05631900000000001
0.056931
0.048626
0.055303
0.058382
0.064898
0.057186
0.057155
0.055675
0.051029000000000005
0.049748
0.054674
0.051068999999999996
0.052333000000000005
0.05394
0.058256
0.058261
0.06247100000000001
0.05931
0.091749
0.06461900000000001
0.06525700000000001
0.06767300000000001
0.060898
0.060714
0.062213
0.054079
0.057323
0.05765
0.05424
0.052676
0.051514
0.053313
0.047829
0.049861
0.048445
0.048779
0.057093999999999985
0.050838
0.051516999999999986
0.055065
0.060454999999999995
0.060929999999999984
0.061769
0.06655499999999999
0.063939
0.05752400000000001
0.054018
0.052596000000000004
0.053557000000000014
0.05484699999999999
0.04923
0.051781
0.047043
0.045573
0.046911
0.062213999999999985
0.053429
0.053262000000000004
0.050244
0.059254
0.051837
0.056289
0.06013900000000001
0.06014
0.054446
0.056704
0.06332700000000001
0.055316
0.05707
0.065972
0.05307200000000002
0.046764
0.044434
0.047175
0.048944
0.058526999999999996
0.052578
0.045913999999999996
0.050616
0.046988
0.045794
0.047458
0.044854000000000005
0.049141
0.052702
0.04819
0.04797
0.050589999999999996
0.050207
0.053229
0.050061
0.048119
0.054312000000000006
0.057681
0.05507000000000001
0.05258
0.05921600000000001
0.049876
0.048192
0.057977
0.049638
0.049089
0.052320000000000005
0.049451
0.058864
0.056087
0.052303999999999996
0.051805
0.045827
0.045674000000000006
0.042117
0.045902
0.052396000000000005
0.052544000000000014
0.05753800000000001
0.052421
0.060430999999999985
0.051857000000000014
0.044647000000000006
0.044721
0.044579
0.041386
0.040294
0.04175999999999999
0.038137
0.04187
0.045541000000000005
0.042094
0.043788
0.050768
0.04305
0.04034
0.038047
0.037533
0.03937499999999999
0.049662
0.047297000000000006
0.042254
0.043492
0.046361
0.04072
0.036562
0.036853
0.037886
0.036343
0.039564
0.040494
0.040319
0.037834
0.036064
0.036937
0.032131
0.03385
0.029817000000000007
0.029637000000000007
0.036349
0.035309
0.03551
0.033536
0.032454000000000004
0.034702
0.035037000000000006
0.032303
0.03216
0.031521
0.030181
0.029889
0.030988
0.028656
0.030124
0.031612
0.031538
0.028715
0.030493
0.029763
0.031879000000000005
0.033201
0.033006
0.02982
0.033121
0.035233999999999994
0.032864000000000004
0.033866
0.035657
0.032588
0.029546
0.032094
0.035094000000000014
0.036384
0.036566
0.033208999999999995
0.033635000000000005
0.03683
0.038202
0.03551
0.03608
0.03113
0.029821
0.030136000000000007
0.029956
0.030555
0.031924
0.032635000000000004
0.035793
0.037086
0.036519
0.035799000000000004
0.041911000000000004
0.03317
0.032576999999999995
0.039329
0.035233999999999994
0.034886
0.040362999999999996
0.039606
0.037369
0.036594999999999996
0.035003999999999987
0.034579
0.039138
0.039461
0.039026
0.039811000000000006
0.042562
0.049369
0.050933
0.044974
0.046798000000000006
0.045847000000000006
0.045657
0.045513000000000005
0.048994
0.042384000000000005
0.038317
0.040583
0.040503
0.044281
0.05199
0.058671
0.053892
0.054638000000000006
0.061844
0.058491
0.055023
0.04935
0.048228
0.04783
0.048554
0.053617999999999985
0.081173
0.051895
0.050717
0.055965
0.068037
0.059642
0.05578999999999999
0.054699
0.053742999999999985
0.056
0.054655999999999996
0.056842
0.06001
0.055936
0.049727
0.062038
0.057007
0.059997
0.063144
0.052768
0.053697
0.059391999999999986
0.051652
0.07022199999999999
0.056401
0.05356
0.054442
0.063122
0.008575
0.056917999999999996
0.06339
0.06336599999999999
0.070908
0.062864
0.057902999999999996
0.056104999999999995
0.056411
0.05969500000000001
0.06428600000000001
0.06855699999999999
0.06297799999999999
0.069303
0.056381
0.05180100000000002
0.052476
0.05066
0.053194000000000005
0.059784000000000004
0.055889999999999995
0.052733
0.05494500000000001
0.059354
0.06680499999999999
0.064809
0.06886
0.059779999999999986
0.054718
0.058473
0.069656
0.08526199999999999
0.07612200000000001
0.071124
0.061171
0.059083000000000004
0.06292400000000001
0.08024900000000001
0.06979099999999999
0.074528
0.066661
0.058703
0.05881
0.06854600000000001
0.067745
0.067135
0.07101
0.06274300000000001
0.061399
0.06897400000000001
0.062455
0.070648
0.067567
0.06544
0.056001
0.058762
0.069883
0.065066
0.065106
0.066776
0.06356300000000001
0.066707
0.08757000000000001
0.070373
0.062362
0.064217
0.060184
0.056
0.072144
0.06781000000000001
0.061393
0.073059
0.059226
0.062168
0.05816200000000001
0.055380999999999986
0.058537
0.060436000000000004
0.07294799999999999
0.065349
0.064027
0.094432
0.062851
0.06435300000000001
0.062671
0.060523000000000014
0.06352999999999999
0.056528
0.057644000000000015
0.056966
0.061476
0.056531
0.07421599999999999
0.07596000000000001
0.077266
0.07095599999999999
0.07361999999999999
0.06229100000000001
0.058914
0.062846
0.06404800000000001
0.06371
0.064015
0.06504499999999999
0.063411
0.06500399999999999
0.058658
0.057429999999999995
0.054154999999999995
0.054433
0.059219000000000015
0.053997
0.069899
0.06349199999999999
0.073196
0.067488
0.06854400000000001
0.068824
0.098321
0.06343
0.044465
0.027264000000000004
0.019680000000000003
0.01492
0.01204
0.009407
0.004555
0.035855
0.042409
0.044354000000000005
0.043403
0.041838
0.040931
0.035464999999999997
0.032345
0.033496
0.036488
0.037187000000000005
0.041666
0.042331
0.041492
0.040967
0.036342
0.039468
0.039581
0.034714
0.035943
0.035279000000000005
0.032385000000000004
0.037199
0.03246
0.040926999999999984
0.035642
0.032443
0.033718000000000005
0.03594
0.034986
0.035601999999999995
0.03908400000000002
0.037276
0.035650999999999995
0.036074
0.035285000000000004
0.035577000000000004
0.031684
0.033944
0.042211
0.034543000000000004
0.037297
0.03622500000000002
0.033207
0.033664
0.03537
0.033086000000000004
0.035011
0.03173
0.03358
0.029349
0.030572000000000002
0.031479
0.032844
0.032074
0.033510000000000005
0.032046
0.03128
0.034136
0.030649000000000003
0.030202000000000007
0.028887
0.031941000000000004
0.035192999999999995
0.034851
0.031734
0.030431
0.031963
0.030772999999999995
0.029874
0.032048
0.03173
0.032284999999999994
0.031189
0.033314
0.030184
0.031628
0.030930000000000003
0.034848000000000004
0.026728
0.026930000000000003
0.030849999999999995
0.032291
0.030596
0.028010000000000004
0.037425
0.031601
0.034533999999999995
0.03584
0.033475
0.038795
0.039513000000000006
0.032832
0.032393
0.032562999999999995
0.034199
0.034458
0.039497000000000004
0.03977800000000002
0.03781999999999999
0.038787
0.038054
0.038252
0.040017
0.039945
0.047177
0.045583
0.0444
0.05204400000000002
0.049106
0.042858999999999994
0.044168
0.048284
0.04511
0.048748
0.047532
0.044664
0.048465
0.046802
0.043148
0.04658
0.051615
0.050708
0.045321
0.051958000000000004
0.047978
0.043485
0.058094000000000014
0.051029000000000005
0.049473
0.05159300000000002
0.05711400000000001
0.051404000000000005
0.056399
0.047289
0.049208
0.052289
0.055343
0.059919000000000014
0.059814
0.05155800000000002
0.050579
0.049529000000000004
0.049223
0.055637000000000006
0.058822
0.056962
0.054215999999999986
0.056010000000000004
0.058987
0.055989
0.052403000000000005
0.049199
0.046294
0.046026
0.051938
0.063093
0.06315399999999999
0.06329800000000001
0.066456
0.061123
0.06868099999999999
0.071851
0.076949
0.064336
0.056213
0.057797
0.062304
0.065068
0.061141
0.064363
0.055942999999999986
0.057642999999999986
0.0616
0.053801999999999996
0.06192
0.05807100000000001
0.06347599999999999
0.055467
0.049611
0.055709
0.056432
0.051919000000000014
0.052677
0.05595
0.06354199999999999
0.055356
0.05778
0.068534
0.06234500000000001
0.055236
0.052212
0.054002
0.062774
0.051509000000000006
0.053874000000000005
0.052239
0.053036
0.059648000000000014
0.060795
0.055408000000000006
0.054515999999999995
0.054633
0.050665
0.060991
0.05823
0.056767999999999985
0.060811
0.07090700000000001
0.056841
0.056615
0.061737000000000014
0.064568
0.06658599999999999
0.062845
0.06052
0.062862
0.062197
0.058535000000000004
0.06094
0.062209
0.062428
0.06525399999999999
0.05829800000000001
0.06400700000000001
0.07223700000000001
0.060134000000000014
0.05893099999999999
0.057932000000000004
0.059358
0.05852099999999999
0.05217599999999999
0.057033000000000014
0.052592999999999994
0.055368
0.047163
0.051241
0.051327
0.060525
0.055054
0.060787
0.059885
0.061338
0.057830999999999994
0.05849
0.054405
0.056194000000000015
0.053104
0.050316
0.0456
0.043483
0.04597
0.051354
0.055446
0.052011
0.055584
0.050648
0.043652
0.049328
0.051601
0.058938
0.050621
0.053341000000000006
0.057782000000000014
0.063801
0.062261000000000004
0.06083000000000001
0.052280999999999994
0.049558
0.045071
0.048172
0.047603
0.048362999999999996
0.048481
0.054088
0.0528
0.062534
0.055285
0.05579
0.053189
0.046932
0.054248000000000005
0.04798
0.04703399999999999
0.04211
0.04353800000000002
0.051252
0.052887
0.050829
0.043093000000000006
0.04591
0.044557
0.043696
0.04503600000000002
0.039333
0.040785
0.039973
0.04367
0.041393
0.04195
0.04575
0.04403699999999999
0.046099
0.050304
0.050417
0.048795
0.042789
0.038863
0.045116
0.048139
0.046520000000000006
0.042796
0.038833
0.042186
0.04686100000000002
0.043289999999999995
0.03651
0.03229
0.034476
0.031431
0.031958999999999994
0.030847000000000006
0.035931000000000005
0.035521
0.033983
0.032017000000000004
0.03192
0.032092
0.036406
0.036456
0.036926
0.034882
0.031415000000000005
0.03831300000000002
0.031493
0.029431
0.031160000000000007
0.038932999999999995
0.031784
0.029083
0.026781
0.029128
0.032524000000000004
0.034092000000000004
0.032033
0.031965
0.03038
0.030508999999999998
0.029794
0.029315
0.026872000000000004
0.029239
0.032432
0.034696
0.030614
0.027600000000000003
0.030616
0.029906
0.030606
0.029404000000000007
0.028119
0.028083999999999998
0.030249
0.035808
0.027715
0.029331
0.030349999999999995
0.030885000000000006
0.033757
0.037715
0.040102
0.033992
0.030679999999999995
0.031873
0.029555
0.032579000000000004
0.030248
0.029456
0.032802000000000005
0.037848
0.033231000000000004
0.034541
0.034609999999999995
0.03137
0.029209
0.029309
0.028041000000000003
0.026376
0.035067
0.035805000000000003
0.037536
0.038662
0.035851999999999995
0.039906
0.033291
0.035102
0.034763999999999996
0.034446000000000004
0.036007000000000004
0.046035
0.036154
0.038945
0.037462999999999996
0.039297000000000006
0.035477
0.037281000000000016
0.038622000000000004
0.038447
0.044879
0.045229000000000005
0.03706
0.0369
0.035515
0.033693
0.036608999999999996
0.038338
0.033819999999999996
0.033822000000000005
0.048684
0.042751
0.061575
0.04218
0.042427
0.044276
0.045797
0.050861
0.044194
0.043621
0.042332
0.045038999999999996
0.050304
0.047913
0.045246
0.049254
0.053872
0.052410000000000005
0.047688
0.052608
0.054037
0.052571000000000014
0.048602000000000006
0.054169000000000016
0.049858
0.045499
0.044355000000000006
0.045644
0.04937
0.051477999999999996
0.044772
0.042874
0.053353
0.046333
0.053844
0.049801000000000005
0.048568
0.047702
0.04749899999999999
0.048990000000000006
0.054799
0.048952
0.048998
0.050084
0.049629
0.051397000000000005
0.051674
0.052389000000000005
0.056086000000000004
0.049984
0.048944
0.048388
0.041155
0.041942
0.043174000000000004
0.046546
0.049107000000000005
0.060598999999999986
0.051512
0.049497
0.058491999999999995
0.060107000000000015
0.05713500000000001
0.051804
0.05640700000000001
0.052708000000000005
0.047715
0.04399
0.053639
0.049001
0.051418000000000005
0.047094
0.054051
0.044555000000000004
0.044701
0.057852
0.074574
0.054998000000000005
0.048645
0.046354
0.05259400000000001
0.053457000000000005
0.052384
0.044299
0.043258
0.046278
0.059879999999999996
0.049618
0.052263
0.043407
0.043377
0.044864
0.043848000000000005
0.045192
0.047224
0.048444
0.055577
0.0518
0.047468
0.053708000000000006
0.062189
0.059976
0.053446
0.048526
0.051131
0.051961
0.044354000000000005
0.044319
0.048221
0.045603
0.044567
0.042989
0.047213000000000005
0.046851
0.046581
0.050289
0.043012
0.049063
0.04843
0.043778
0.045148
0.046169
0.046642
0.047008999999999995
0.044429
0.052951
0.050827
0.043709
0.040486
0.043098
0.042849000000000005
0.047519
0.043672
0.044025999999999996
0.057503999999999986
0.053608
0.047379
0.0435
0.046663
0.04092099999999999
0.040366
0.048757
0.043201
0.042324
0.041439
0.042381999999999996
0.042162000000000005
0.041941
0.051551
0.049311
0.047213000000000005
0.04385
0.043349
0.045175
0.041763
0.046523
0.052678
0.046308
0.04302
0.038978
0.048901
0.038463
0.040682
0.040945
0.04263
0.044467000000000007
0.043064000000000005
0.05289
0.04662399999999999
0.042243
0.042047
0.040605
0.038304000000000005
0.037101
0.039524000000000004
0.037143999999999996
0.04306
0.040380000000000006
0.035858
0.043889
0.041998
0.040149
0.041207
0.038781
0.034397000000000004
0.042491
0.039891
0.03619
0.034589
0.03352
0.032052000000000004
0.031333
0.034102
0.033476
0.036309
0.04267100000000002
0.043246
0.039495999999999996
0.037934
0.047113
0.036703000000000006
0.041362
0.039251
0.035701
0.033806
0.032133
0.034828000000000005
0.039307999999999996
0.036855000000000006
0.03619599999999999
0.034260000000000006
0.035828000000000006
0.038840000000000006
0.035481
0.032293999999999996
0.032939
0.033137
0.033309
0.031458
0.035660000000000004
0.034776
0.032109
0.035321
0.033048999999999995
0.03304
0.034363
0.033782
0.033414
0.033339
0.030169
0.029082
0.03117
0.03152
0.029756
0.030973
0.033706
0.033955
0.033131
0.032706
0.032928
0.039157
0.029286000000000003
0.030642000000000006
0.02924
0.032659999999999995
0.031736999999999994
0.031613
0.029197000000000008
0.031214
0.035229
0.034944
0.030835999999999995
0.030034
0.03123
0.032083
0.033873
0.031344
0.031411
0.029716000000000006
0.026925
0.028734000000000006
0.03032
0.032464
0.039927
0.034987
0.034515
0.034325
0.037166000000000005
0.029455
0.027683
0.02975
0.031053
0.031177
0.034592000000000005
0.038348
0.035088999999999995
0.034148000000000005
0.031521999999999994
0.031707000000000006
0.034036000000000004
0.035918
0.033091
0.033782
0.033707
0.035075
0.036522000000000006
0.036446
0.034382
0.037395
0.03973
0.040658
0.039331
0.03796
0.041363
0.044454
0.047641
0.045132
0.044538
0.039393
0.042544
0.042115
0.042155
0.037663999999999996
0.040583
0.040866
0.039985
0.039965
0.050281000000000006
0.045097000000000005
0.044407999999999996
0.045333000000000005
0.043006
0.043217
0.041647
0.040429
0.046048
0.047662
0.04792300000000002
0.046467
0.046244
0.042674000000000004
0.048226
0.048128
0.045535
0.044763
0.04055500000000002
0.039447
0.040168
0.041634
0.042156
0.048771
0.04202
0.041747
0.051311
0.051542999999999985
0.051982000000000014
0.060173000000000004
0.052999
0.051022000000000005
0.05883500000000001
0.051571000000000006
0.057227999999999994
0.05177
0.052028
0.047633
0.050191
0.048566000000000005
0.045042
0.048153
0.052555999999999985
0.047993
0.058422
0.046595
0.049877000000000005
0.050449
0.045458
0.049102
0.048722
0.052671
0.052723
0.047247
0.052215
0.055761
0.060047
0.051887
0.055957000000000014
0.054207000000000005
0.046945999999999995
0.043933
0.04924099999999999
0.044715000000000005
0.054533000000000005
0.053687000000000006
0.058545000000000014
0.058272000000000004
0.054651
0.044911
0.043344
0.055057
0.04975
0.052163
0.050016000000000005
0.052615
0.050319
0.049323000000000006
0.048097
0.052437
0.057285
0.04572
0.044896
0.04417
0.044482
0.044109
0.048071
0.04001
0.04303699999999999
0.042038
0.039310000000000005
0.041714
0.043303
0.046663
0.046332000000000005
0.044848000000000006
0.04363600000000002
0.039859
0.041639999999999996
0.044225
0.050349
0.053253999999999996
0.05018
0.051332
0.053403
0.049388
0.047900000000000005
0.046376
0.049193
0.050694
0.051992
0.04893
0.051103
0.049221
0.048813
0.04845000000000002
0.051969000000000015
0.05966600000000001
0.050317
0.048924
0.046370999999999996
0.047992
0.051517999999999994
0.054447
0.047760000000000004
0.0445
0.043156
0.047252
0.047314
0.043374
0.043247
0.044597000000000005
0.042997
0.042998
0.043479
0.042694
0.038952
0.037857
0.042520999999999996
0.044418
0.054913
0.047091
0.048397
0.047565
0.048351
0.049427
0.048176
0.050246
0.049052000000000005
0.054752
0.052565
0.051321000000000006
0.044767
0.0448
0.04217800000000002
0.042856000000000005
0.044475
0.042742
0.041129
0.042942
0.041504
0.039449
0.040047
0.037932
0.038562
0.043632
0.042726
0.044738
0.040779
0.037787
0.036423000000000004
0.0396
0.041115
0.040365000000000005
0.035109999999999995
0.031563
0.036055
0.036304
0.039857
0.034075999999999995
0.032317
0.031755
0.035057000000000005
0.037677999999999996
0.036063
0.034923
0.033863
0.039681
0.07718
0.036081
0.033243
0.038302
0.037163
0.034203
0.036160000000000005
0.035766
0.032438
0.032614000000000004
0.036254
0.032276
0.032350000000000004
0.032124999999999994
0.034049
0.034752
0.040748
0.033548
0.032366000000000006
0.030018
0.032770999999999995
0.034483
0.033675000000000004
0.030865
0.029828
0.033503
0.029929
0.033047
0.031831
0.033375
0.034459000000000004
0.033121000000000005
0.033135000000000005
0.033847
0.034972
0.036500000000000005
0.034046
0.029385
0.028122
0.032836000000000004
0.032342
0.030956
0.030836
0.030387
0.02827
0.029536000000000007
0.031501
0.033367
0.035166
0.033348
0.034781000000000006
0.038859
0.039544
0.033963
0.032693
0.033116
0.033992
0.037283
0.035252000000000006
0.034667
0.035885
0.034664
0.036091000000000005
0.040302
0.03980500000000002
0.03488
0.03629
0.039553
0.039453
0.038876999999999995
0.041948
0.042850000000000006
0.04873
0.043209
0.043381
0.04256
0.03988100000000002
0.04375
0.044646
0.040537
0.042690000000000006
0.045206
0.0489
0.049707
0.049527
0.045781
0.042915
0.046489
0.047596
0.048259
0.056172
0.053371
0.057645
0.051205
0.046287
0.045979000000000006
0.053214
0.052696000000000014
0.056749
0.058267999999999986
0.058629
0.055681
0.056766
0.052175
0.060704
0.056358999999999985
0.055524000000000004
0.055357
0.07003999999999999
0.060205999999999996
0.058389
0.060864
0.055501
0.059741
0.05792000000000001
0.059484
0.051125
0.048763
0.04558
0.049974000000000005
0.05441
0.05128800000000002
0.049051
0.051952
0.045932
0.0465
0.053063
0.054641
0.052375
0.051319000000000004
0.048985
0.052095
0.051655000000000006
0.05724
0.050091000000000004
0.047618
0.049701
0.049832
0.047457000000000006
0.04919
0.05871499999999999
0.054187
0.047404
0.048088000000000006
0.055269000000000006
0.052867
0.050778
0.05716900000000001
0.051229
0.046402
0.055419
0.049098
0.057866
0.058898999999999986
0.055012
0.053318
0.056241
0.05079
0.055397
0.05719700000000001
0.05494500000000001
0.061174999999999986
0.04955899999999999
0.043123
0.044378
0.057184999999999986
0.060296
0.055673
0.054295
0.053729999999999986
0.054272
0.05836300000000001
0.05429200000000002
0.049691
0.051902
0.053811000000000005
0.053801
0.051953999999999986
0.053819000000000006
0.059037999999999986
0.069386
0.056911
0.054582000000000006
0.064946
0.055484000000000006
0.052447
0.059358
0.051544000000000006
0.052824
0.051274
0.048850000000000005
0.05558
