0.127775
0.1003131
0.18019929999999995
0.2607842
0.1274235
0.1260683
0.1393905
0.12846480000000002
0.1540956
0.1319477
0.13712449999999998
0.1198086
0.13243370000000002
0.13261270000000006
0.1248462
0.2012154
0.12240960000000001
0.12558170000000002
0.13273089999999999
0.13969579999999998
0.13023459999999998
0.16543239999999998
0.14018160000000002
0.1717703
0.1546046
0.1781815
0.139992
0.136863
0.1915059
0.2049147
0.12414999999999995
0.13139189999999998
0.1225804
0.18862479999999998
0.189744
0.1616266
0.1586524
0.15072720000000006
0.1250744
0.1322682
0.21667689999999998
0.22404720000000006
0.1385014
0.16743860000000002
0.17993270000000006
0.1366374
0.1434384
0.1672933
0.191667
0.1936319
0.1560602
0.14803319999999998
0.14357029999999998
0.1253954
0.14595829999999999
0.13287449999999998
0.11372089999999999
0.1270614
0.12786969999999998
0.14020339999999998
0.10110169999999999
0.1342124
0.14494590000000002
0.0942051
0.15709379999999998
0.1094729
0.15859489999999998
0.1038485
0.0659546
0.0310405
0.0299392
0.0917794
0.038225999999999996
0.0913367
0.0315628
0.0930309
0.1154498
0.059657899999999986
0.0500206
0.04748070000000002
0.0963534
0.08613679999999999
0.08169950000000001
0.08469650000000001
0.0982138
0.07306979999999999
0.0627398
0.10858899999999998
0.060108
0.1130124
0.08458869999999999
0.0770525
0.14983139999999998
0.0909749
0.08587189999999999
0.1393264
0.06266709999999999
0.10878869999999999
0.1052459
0.1101391
0.04382310000000002
0.12244260000000001
0.1265976
0.057117000000000015
0.11406369999999999
0.14829400000000004
0.2075922
0.22273850000000006
0.19142740000000005
0.1441004
0.2603963
0.2157125
0.2244982
0.21917110000000006
0.21090359999999994
0.180319
0.20309760000000002
0.2483073
0.20854160000000002
0.15375390000000005
0.23395750000000004
0.23453579999999996
0.22269770000000005
0.2198355
0.2060051
0.2229386
0.2430574000000001
0.1998714
0.2234876
0.1932395
0.2273384
0.2246534
0.2332115
0.26304740000000004
0.23493030000000004
0.2205132
0.2505542
0.2929562000000001
0.2442842
0.32366959999999995
0.3541217
0.3242447
0.32625970000000004
0.34010159999999995
0.34481160000000005
0.4012685
0.4082184
0.36675040000000003
0.3765994
0.3527013
0.3540803
0.3995165
0.3804694000000001
0.3897265
0.3754294
0.3407652
0.3689303
0.35844750000000003
0.3848675
0.3756513
0.3850033
0.3557013
0.3749603
0.35665030000000003
0.35169409999999995
0.3662022
0.3789294
0.3827313
0.3783221999999999
0.179977
0.2057246
0.19749170000000002
0.2008446
0.2422904
0.2197286
0.21612870000000006
0.21582760000000006
0.20909650000000002
0.31843140000000003
0.2376466
0.2433045
0.22652670000000005
0.2557747
0.2589157
0.2371296
0.2717926
0.27514079999999996
0.2548748000000001
0.2569128
0.2322268
0.2355948
0.23785660000000003
0.20962580000000008
0.2902177000000001
0.21458049999999998
0.22180279999999997
0.25285979999999997
0.2453866
0.2285547000000001
0.25522880000000003
0.1898606
0.2495417
0.21798070000000005
0.2309797
0.2530049000000001
0.25170260000000005
0.2779164000000001
0.22968270000000002
0.2135674
0.2666813
0.2458732
0.2498151
0.25702210000000003
0.2307641
0.27868089999999995
0.2870109
0.267183
0.259479
0.2636509
0.26871490000000003
0.2714319000000001
0.2561428
0.2687929
0.25278
0.23718000000000006
0.2755
0.27165
0.15936999999999998
0.16533
0.134858
0.106874
0.14997700000000005
0.195272
0.218698
0.12617000000000006
0.092945
0.11290400000000002
0.204728
0.2470922
0.26318909999999995
0.26626700000000003
0.2822502000000001
0.1338713
0.239289
0.26604320000000004
0.279384
0.23413420000000004
0.24031799999999998
0.25167720000000005
0.28937609999999997
0.2760601
0.2578241
0.27629820000000005
0.2427221
0.278627
0.2700041000000001
0.26261
0.2585769
0.2854491000000001
0.28792909999999994
0.27302719999999997
0.25090300000000004
0.19864090000000004
0.250628
0.13548800000000005
0.11700380000000002
0.13473459999999998
0.1568167
0.17399879999999998
0.1826315
0.12350890000000002
0.1632637
0.17132579999999994
0.17358959999999998
0.15498470000000006
0.1347294
0.166216
0.16345330000000002
0.1183608
0.15401270000000006
0.17642780000000002
0.1331765
0.13322154000000005
0.12678784
0.13729071999999998
0.06819858999999999
0.05207584
0.12539565
0.1561974
0.12704795
0.16372839
0.10807664
0.14565639
0.13934069
0.16060339
0.10631514
0.1615949
0.13416660000000002
0.11833885
0.13803685
0.13814305
0.12478069000000006
0.12327494
0.14332524000000002
0.07256309
0.08380309
0.05422314
0.06155179
0.06910174999999999
0.09871535
0.06669960000000001
0.0814034
0.1395435
0.12902531
0.10977355
0.11774185
0.10764394
0.049616150000000005
0.08537815
0.05114905
0.04485685
0.04235429
0.0356625
0.09635985
0.09685915
0.09689539
0.09358559
0.09011589
0.09189308999999997
0.09451954
0.08812208999999999
0.08739374000000001
0.08765793
0.09123759
0.15373244
0.16379469
0.15990199
0.14757585
0.15088605
0.14708505
0.11863314
0.11842029
0.09056968
0.10697973000000002
0.11259874
0.19355829
0.30957629
0.33948389
0.29793899
0.38187649
0.41787195
0.39041329
0.08302674
0.07825478000000001
0.25187477
0.24525707
0.24559007
0.24831662
0.24614522
0.25028863
0.07156219
0.13989923999999998
0.07681384000000001
0.11814429
0.19244039
0.25085803
0.06615713000000001
0.20188188
0.20060242
0.24286932
0.24534938
0.24469852
0.25163352
0.24985408
0.4062298400000001
0.36389189
0.32249763
0.25602708
0.25578229
0.35467574
0.35041294
0.20267823
0.01954742
0.01952313
0.02078953
0.02103173
0.03217553
0.02567859
0.02675939
0.02553569
0.04687084
0.08655564
0.07056569
0.034404439999999994
0.034340840000000004
0.08665685000000001
0.021330000000000002
0.022201
0.02158
0.02068
0.020535
0.023510000000000003
0.034575999999999996
0.036112
0.09381
0.06728630000000001
0.0270278
0.029877499999999998
0.1160034
0.14678580000000002
0.149766
0.15289
0.028742500000000008
0.14295
0.15022
0.1613
0.17715
0.1607053
0.162891
0.16549785
0.17698985
0.18937941
0.17805124
0.20388629
0.19850229
0.14789400000000005
0.148675
0.150554
0.15366400000000002
0.148062
0.144524
0.14195400000000002
0.15853304000000004
0.15079694000000002
0.15529082
0.15123329
0.13974728999999994
0.13734623999999995
0.11874324
0.12772624
0.33027196000000003
0.33470196
0.30119292000000003
0.27259196
0.18783005
0.1207375
0.19973005
0.2302361
0.23485605
0.2252851
0.08967105
0.16028105
0.15865515
0.1511641
0.15070215
0.14923309999999998
0.21934315
0.1950641
0.22858296
0.22735101
0.21787501
0.16071705
0.16006392000000005
0.37419368
0.16756187
0.14936715
0.13888619000000002
0.14678714999999998
0.14924215000000002
0.15585310000000002
0.17359605000000006
0.18494282
0.21468101
0.24716405
0.32723919
0.27626315
0.22329765
0.28362904999999994
0.199955
0.15584396
0.16657189999999994
0.17738829000000006
0.17771959
0.14246348999999994
0.14553924999999998
0.14548769
0.13296394999999994
0.37185304
0.32051127999999995
0.2745514200000001
0.2625560100000001
0.14047296
0.13818719
0.13592719
0.13144224
0.14469101
0.1374231
0.13461005
0.13339815
0.20248864
0.21726678
0.22669273
0.0021857999999999995
0.0028278
0.00464
0.0063391
0.066356
0.21403517
0.012125039999999998
0.15321445
0.14918824
0.21659424
0.15876839
0.14818839
0.07566982
0.06076852
0.17481349
0.05658038
0.20229529
0.12555729
0.02470433
0.08089529000000001
0.27492719
0.21993719
0.21769424
0.29757815
0.3802211
0.02505529
0.02572833
0.10996029000000004
0.15118224000000002
0.19837324
0.29870415
0.30300215
0.25823219
0.31432319
0.30130115
0.33033719
0.26568010000000003
0.09401024
0.18090338
0.01590238
0.01586438
0.03581433
0.16396733000000002
0.0948923
0.20985744
0.21548157
0.17893626
0.18176789
0.1927517400000001
0.19032704
0.34594234999999995
0.362292
0.3836411
0.40530505
0.11535619
0.13999538
0.16415538000000002
0.14248218999999998
0.06261115
0.05875024
0.15006029
0.11686983
0.13248612999999998
0.12803124
0.08969828000000002
0.16565559000000002
0.22470529000000009
0.35687969
0.4014367
0.18280009
0.19999224
0.25106724
0.19493424
0.33196015
0.20330033
0.26393238
0.12014642
0.14770433
0.12707433
0.13092929
0.13054428999999998
0.28069815000000004
0.32739915
0.25516715
0.22073319
0.19329024
0.01114238
0.017193579999999997
0.01941174
0.02156709
0.07937512999999999
0.07629219
0.05973184
0.07400378
0.05893539
0.19672959
0.19576243
0.20291273
0.18010229
0.02748629
0.3663752400000001
0.34163915
0.37886719
0.39739024
0.09673733
0.08702341999999999
0.15543342
0.15736333000000002
0.15639638
0.08462433
0.08269133
0.08440378999999999
0.08670883000000001
0.08356981999999999
0.08920049000000001
0.01540898
0.01342222
0.01472792
0.01287757
0.01126342
0.01122197
0.01084152
0.01312267
0.07278202
0.07167138
0.12532989
0.16165069
0.07506919000000001
0.015861
0.303257
0.333326
0.350593
0.232943
0.059611000000000004
0.062426
0.08725770000000001
0.0851807
0.08570739999999999
0.015009800000000004
0.0162659
0.016871599999999997
0.015886100000000004
0.0168835
0.0140339
0.0111862
0.012395399999999996
0.0112131
0.0125701
0.012982399999999998
0.013865200000000001
0.013048999999999998
0.013317099999999998
0.015323500000000004
0.033598699999999995
0.0309719
0.014273
0.011578099999999996
0.0127119
0.0124014
0.013960399999999998
0.0110059
0.014130600000000004
0.014185399999999999
0.0129296
0.011626899999999999
0.012073900000000002
0.012415900000000002
0.0120416
0.011498
0.013823000000000002
0.0129709
0.0128627
0.0122456
0.013094500000000002
0.0114197
0.013073500000000002
0.012340900000000002
0.0148482
0.016511700000000004
0.0166606
0.0134273
0.0155034
0.012937
0.0231517
0.0157964
0.0134296
0.0605158
0.0571444
0.061937400000000004
0.06805789999999999
0.0669872
0.06752539999999999
0.0677149
0.1631414
0.1768937
0.015487
0.049244
0.037303
0.036125
0.041035
0.038232999999999996
0.036587
0.037324
0.031867
0.038682
0.096398
0.109795
0.04067
0.037338
0.1275493
0.1164716
0.12028339999999997
0.1162435
0.2173512
0.1322033
0.2784261
0.2702752
0.2019613
0.1068403
0.34938250000000004
0.4023843
0.2688782
0.07014889999999999
0.0514411
0.0488853
0.0463605
0.0504025
0.0479585
0.031746500000000004
0.0388865
0.06010419999999999
0.042901499999999995
0.0416065
0.042231500000000005
0.0464445
0.0313406
0.03254
0.031997000000000005
0.035424000000000004
0.034365
0.03609
0.079537
0.189445
0.193629
0.08269800000000001
0.072075
0.07727200000000001
0.076902
0.155877
0.09074
0.08789999999999999
0.064307
0.035862
0.054617
0.044680000000000004
0.047277
0.062251199999999986
0.04452
0.099377
0.05235
0.050067
0.041074
0.06305
0.052097000000000004
0.044858
0.061352
0.04643
0.05878600000000001
0.033452
0.057104
0.061467
0.048722
0.066504
0.044936000000000004
0.057502
0.048733
0.04752100000000002
0.047592
0.041419
0.10181699999999999
0.14141199999999998
0.07939539999999999
0.122083
0.155346
0.13439500000000001
0.13405999999999998
0.030051
0.039239
0.056183
0.046018
0.03715
0.035706
0.035802099999999996
0.0564244
0.0549526
0.10429
0.132184
0.144976
0.143958
0.131664
0.065397
0.058265
0.075501
0.100401
0.117404
0.182702
0.111311
0.095069
0.057323
0.048403
0.04998
0.048242
0.047941
0.043825
0.046989
0.050529000000000004
0.05830700000000001
0.10134
0.047386000000000005
0.049081
0.031306
0.047766
0.23410599999999998
0.323183
0.261429
0.13398700000000002
0.12461099999999999
0.119433
0.11324100000000001
0.117864
0.11650899999999999
0.113519
0.11163299999999997
0.118198
0.155556
0.17173499999999994
0.174433
0.17160999999999998
0.100935
0.0791763
0.0812673
0.1091575
0.13633399999999998
0.1187791
0.034350000000000006
0.037127999999999994
0.072633
0.07489799999999999
0.06866599999999999
0.07205700000000001
0.062028
0.06720599999999999
0.074033
0.247371
0.228485
0.223724
0.181426
0.183307
0.198532
0.194821
0.208127
0.18531
0.093021
0.16712300000000002
0.16820800000000002
0.188376
0.180996
0.148429
0.138776
0.141335
0.152826
0.177612
0.16855499999999998
0.17475400000000002
0.158913
0.12760100000000002
0.11026500000000003
0.104966
0.148265
0.15629300000000002
0.164017
0.129046
0.123048
0.103791
0.118425
0.129332
0.14716300000000002
0.1599
0.164157
0.127473
0.121285
0.123501
0.123608
0.15332300000000001
0.15404
0.14977000000000001
0.057923
0.061818
0.051023
0.041881
0.057546000000000014
0.08788399999999999
0.13963599999999998
0.124675
0.116486
0.12507600000000002
0.12650899999999998
0.136164
0.11667000000000001
0.133495
0.136547
0.123381
0.117801
0.130241
0.127696
0.11279000000000002
0.116423
0.13509200000000002
0.063597
0.0343905
0.035511
0.0363733
0.0535285
0.082095
0.03582189999999999
0.0805949
0.0801689
0.07725689999999999
0.077293
0.0813439
0.07572000000000001
0.046947100000000005
0.0383215
0.06926089999999999
0.070026
0.051407400000000006
0.059208299999999985
0.0356362
0.14808829999999998
0.16020410000000002
0.2074249
0.191774
0.14629530000000002
0.14861029999999995
0.2017833
0.2019562
0.1470148
0.20691929999999997
0.20706839999999999
0.2034233
0.1016675
0.11147989999999999
0.0969852
0.0892442
0.0883993
0.088362
0.08964729999999999
0.0904165
0.08750530000000001
0.0898883
0.08864139999999998
0.08879329999999999
0.0919659
0.09550519999999996
0.0895222
0.08790089999999999
0.08206619999999999
0.086895
0.08830039999999999
0.0805005
0.0894133
0.0872543
0.08512140000000001
0.0797064
0.08832419999999999
0.08853420000000001
0.08955540000000001
0.0935453
0.0844222
0.13638889999999998
0.1459451
0.1546809
0.152871
0.15315100000000004
0.134818
0.08861920000000001
0.130349
0.08691189999999999
0.12748810000000002
0.09916219999999999
0.10567129999999998
0.0887048
0.087662
0.1420069
0.15437289999999998
0.1332981
0.1067463
0.1467759
0.126325
0.0872285
0.0936973
0.1155771
0.1071993
0.096981
0.0285365
0.0299715
0.0274866
0.061096299999999985
0.0936149
0.3045723
0.2845614
0.15601779999999998
0.0472062
0.08228400000000001
0.049549699999999995
0.0470599
0.08760110000000003
0.048295
0.0730372
0.1176289
0.0576033
0.139749
0.1993298
0.1703529
0.1588351
0.2220746
0.2047198
0.19069360000000002
0.0327305
0.0611432
0.0524309
0.0726054
0.0320851
0.032840499999999995
0.032792400000000006
0.0307935
0.1467215
0.06943529999999999
0.0523763
0.04106
0.0607674
0.0720848
0.07077180000000001
0.07742980000000001
0.0790031
0.0800217
0.08941289999999999
0.0721936
0.0733061
0.09864399999999998
0.044061300000000005
0.10084069999999999
0.091264
0.052457299999999984
0.09074299999999999
0.034090800000000004
0.0917694
0.0797523
0.111097
0.08170419999999999
0.033561699999999986
0.056168600000000006
0.0971802
0.06334930000000001
0.09741720000000001
0.0340404
0.0833904
0.06564550000000001
0.0431906
0.026860400000000003
0.0291915
0.0269905
0.1218298
0.1135819
0.098964
0.0949678
0.1194379
0.1431206
0.0399754
0.0975031
0.0702223
0.0723818
0.0780632
0.07418920000000001
0.0464966
0.0290961
0.0290585
0.0287565
0.029931400000000007
0.038547500000000005
0.07685039999999999
0.0328764
0.0289322
0.030508700000000007
0.032645
0.053197
0.254269
0.230239
0.2198272
0.149747
0.10264200000000001
0.09833400000000002
0.04418999999999999
0.0795275
0.034868
0.100581
0.032818
0.063374
0.0558734
0.08477420000000001
0.039461500000000004
0.07851
0.0937622
0.0640621
0.06427540000000001
0.132898
0.1050772
0.08268710000000001
0.0360958
0.06253600000000001
0.14356
0.13599300000000006
0.15579700000000002
0.08752299999999999
0.07207000000000001
0.093913
0.13985
0.07259539999999999
0.097233
0.088311
0.125272
0.048444
0.035089999999999996
0.082264
0.0285127
0.0703
0.076337
0.22008000000000005
0.218024
0.071495
0.09384400000000001
0.09794
0.028988
0.108436
0.051811
0.177788
0.146467
0.168151
0.0888072
0.146478
0.190194
0.157096
0.143349
0.165175
0.148734
0.211015
0.158626
0.151781
0.149448
0.163217
0.16383699999999998
0.157771
0.15278
0.199909
0.149248
0.182526
0.153637
0.127972
0.12935000000000002
0.112914
0.182822
0.182934
0.193105
0.15678799999999998
0.108628
0.127162
0.126365
0.179791
0.113889
0.219663
0.182637
0.13806800000000002
0.131384
0.11688500000000004
0.14932800000000002
0.096306
0.06504900000000001
0.057008
0.092832
0.153419
0.13273
0.12248499999999996
0.146399
0.163628
0.099667
0.15938
0.096214
0.147349
0.117319
0.155878
0.138377
0.11329700000000001
0.07570980000000001
0.120501
0.086051
0.122606
0.07412300000000001
0.134251
0.153845
0.11675
0.096942
0.06715800000000001
0.187383
0.132604
0.17754599999999998
0.096219
0.048758
0.067716
0.093896
0.0330138
0.08509900000000001
0.06276799999999999
0.088529
0.087224
0.057458
0.05241799999999999
0.07777300000000001
0.04853
0.113883
0.054289
0.062270999999999986
0.039044
0.063027
0.09474199999999999
0.07495700000000001
0.07499600000000001
0.073275
0.046751
0.062775
0.029418400000000008
0.06033
0.043491
0.08884199999999999
0.0300654
0.092126
0.166319
0.08243629999999999
0.13225399999999998
0.106072
0.189227
0.174067
0.11148
0.11638699999999999
0.090974
0.15656099999999998
0.13133499999999998
0.11964000000000001
0.111733
0.117954
0.15450599999999998
0.128023
0.15877
0.10811099999999997
0.0858957
0.08666199999999999
0.13054200000000002
0.0892365
0.086149
0.13674199999999995
0.170145
0.08974700000000001
0.109832
0.16539199999999998
0.12545
0.157614
0.126566
0.11478800000000003
0.27271100000000004
0.181778
0.163516
0.11620839999999999
0.12901600000000002
0.12435
0.12616529999999998
0.1004571
0.1420263
0.15301729999999994
0.14614359999999998
0.17164400000000002
0.1226926
0.2777905
0.12593
0.0861314
0.1055305
0.1619701
0.0886422
0.1502947
0.12857159999999998
0.27210700000000004
0.115935
0.04681799999999999
0.0818677
0.284425
0.27306420000000003
0.2686217
0.07273500000000001
0.07054400000000001
0.0860915
0.150009
0.061102
0.06539400000000001
0.29313700000000004
0.467155
0.470812
0.476211
0.468826
0.4230217000000001
0.43829399999999996
0.466938
0.429959
0.467113
0.465198
0.46173
0.469264
0.46184780000000003
0.471268
0.471916
0.469427
0.46859300000000004
0.455686
0.46739759999999997
0.4678506
0.4669934
0.46900299999999995
0.46428559999999996
0.463858
0.479244
0.42582
0.471571
0.466758
0.469133
0.470933
0.471926
0.471097
0.47234
0.4691110000000001
0.470221
0.470012
0.472826
0.469638
0.471297
0.470293
0.47173
0.4706770000000001
0.471843
0.4656548
0.432015
0.468125
0.468134
0.472413
0.4734620000000001
0.4714350000000001
0.475171
0.46812
0.177956
0.104072
0.13947400000000001
0.200227
0.129409
0.10847000000000001
0.060640800000000016
0.0583409
0.0698152
0.08584250000000003
0.111629
0.106852
0.08711200000000001
0.152044
0.125476
0.12719599999999998
0.15000000000000002
0.256844
0.28189000000000003
0.16893700000000006
0.09454300000000004
0.071023
0.086377
0.050518
0.035381800000000005
0.04241
0.04381099999999999
0.045056
0.06877100000000001
0.07246
0.111016
0.067025
0.08393500000000001
0.041120300000000005
0.069675
0.060064999999999986
0.059851
0.148125
0.207747
0.0408065
0.099827
0.072393
0.053191
0.17358600000000002
0.158554
0.10426099999999999
0.113534
0.08419099999999999
0.10781
0.138348
0.122517
0.08681499999999998
0.119056
0.1238576
0.17270029999999995
0.14569340000000006
0.169377
0.20526980000000009
0.097242
0.1079605
0.103625
0.137413
0.12041700000000001
0.062975
0.12641200000000002
0.13825500000000002
0.08212000000000001
0.149141
0.136442
0.114235
0.14821800000000002
0.096416
0.111105
0.090002
0.171491
0.123119
0.10080900000000001
0.12842
0.15077000000000002
0.12064100000000001
0.10755999999999999
0.091984
0.124943
0.152351
0.14541400000000002
0.153078
0.15217999999999998
0.09257
0.124354
0.12190700000000004
0.173699
0.155869
0.118481
0.138237
0.154737
0.111882
0.191359
0.16280200000000006
0.17763900000000002
0.144636
0.11771300000000001
0.15399300000000002
0.126059
0.205081
0.114564
0.110818
0.15856099999999998
0.094995
0.13558
0.148868
0.118732
0.13861600000000002
0.072857
0.099458
0.132261
0.13158399999999998
0.121398
0.123899
0.15687
0.15170799999999998
0.16428299999999998
0.197477
0.05795
0.12340799999999999
0.11104000000000001
0.104027
0.128408
0.185109
0.171405
0.168225
0.145905
0.195094
0.15798099999999998
0.217163
0.149542
0.28736900000000004
0.189859
0.20180499999999998
0.280079
0.29599200000000003
0.17241199999999998
0.183954
0.105962
0.090555
0.085925
0.133382
0.0630827
0.0666938
0.08479199999999999
0.10953000000000004
0.07376100000000001
0.07882399999999999
0.103522
0.087732
0.081591
0.107647
0.04709
0.156381
0.14549800000000002
0.142794
0.17309400000000005
0.19936600000000002
0.216842
0.2234
0.24725100000000005
0.19022650000000002
0.302191
0.302435
0.301082
0.319384
0.318466
0.2794947
0.298973
0.1104688
0.0807123
0.179327
0.145177
0.11619169999999998
0.127447
0.239147
0.2196564
0.17508800000000002
0.219757
0.2373894
0.2595
0.23307670000000005
0.23375
0.2299
0.237936
0.1811
0.20137430000000006
0.2009795
0.226039
0.11143
0.2565007
0.256514
0.260388
0.2116781
0.21387260000000002
0.29132600000000003
0.057165
0.048084
0.16022999999999998
0.179401
0.16053
0.166271
0.183881
0.13799000000000006
0.061307000000000014
0.0510414
0.180643
0.191724
0.164149
0.07762000000000001
0.110674
0.116014
0.220342
0.204452
0.23195700000000002
0.17245400000000002
0.310152
0.31370400000000004
0.31004299999999996
0.45183900000000005
0.4375439999999999
0.416371
0.218475
0.2038
0.347588
0.15727399999999994
0.33069599999999993
0.32056599999999996
0.287168
0.307198
0.31195
0.288708
0.2845729
0.272727
0.27598100000000003
0.171345
0.35115100000000005
0.201926
0.31609
0.158599
0.185017
0.219448
0.34530900000000003
0.31449
0.307849
0.301288
0.325318
0.29502
0.438058
0.11099
0.180297
0.20609899999999998
0.187269
0.28680500000000003
0.27943
0.30785700000000005
0.117948
0.06862599999999999
0.094525
0.25756700000000005
0.234052
0.097535
0.232069
0.2652
0.243848
0.17191800000000002
0.24800300000000006
0.138375
0.309235
0.315025
0.18692
0.1504238
0.281923
0.328901
0.31362300000000004
0.335493
0.33382399999999995
0.17595940000000002
0.208708
0.35024890000000003
0.377471
0.369183
0.2881567
0.436036
0.454949
0.4561540000000001
0.417316
0.206213
0.17590799999999998
0.373258
0.363887
0.334007
0.304991
0.32960700000000004
0.288483
0.31143200000000004
0.326423
0.101739
0.108624
0.197144
0.19144300000000009
0.332428
0.262359
0.406523
0.437817
0.29114
0.333494
0.252139
0.266579
0.2042110000000001
0.396975
0.39541
0.368424
0.340206
0.290343
0.338875
0.19834000000000002
0.25414099999999995
0.21192100000000005
0.196684
0.163631
0.10294500000000001
0.060667
0.31462300000000004
0.36948153
0.38081685
0.25164685
0.08102726999999997
0.12256636
0.10060036
0.0686295
0.10741941
0.057351539999999986
0.06797659
0.06498604
0.042277890000000005
0.03849113999999999
0.06138658
0.03962365
0.04631257999999999
0.14973114
0.14265293999999998
0.12670160000000005
0.142316
0.19917145
0.21717636
0.16885550000000002
0.20232245
0.17629454
0.13553954
0.14755744999999998
0.14874454
0.15279154000000006
0.11798894
0.11499364
0.11618164
0.12179554
0.08631419
0.10509759
0.14948235999999998
0.16074136
0.12152241
0.09662849999999999
0.06646964
0.1579475
0.10613445
0.20831936
0.10589241
0.1704155
0.1983645
0.18246454
0.18428154
0.13901641
0.15995245000000002
0.13930654
0.15639550000000002
0.14323144999999998
0.15606245000000002
0.2033695
0.11928554
0.22900145
0.1892305
0.23312045
0.19789654
0.18957159
0.21011950000000001
0.24613845
0.28133245
0.19432254
0.23442054
0.14303149999999998
0.13561304
0.16273245
0.2303435
0.19172654
0.1815635
0.2178915
0.18491859
0.17119164
0.17072949999999998
0.2249375
0.20537245
0.22496145
0.1572895
0.2018945
0.20348254
0.18947750000000002
0.2068425
0.17503459
0.12551800000000002
0.19174
0.22360500000000005
0.234382
0.171658
0.176156
0.204384
0.208372
0.170835
0.199669
0.21333400000000002
0.175964
0.163947
0.167498
0.21539
0.20426
0.16480999999999998
0.2015
0.12922
0.16593059999999998
0.1034096
0.13303800000000002
0.178825
0.16530799999999998
0.21543
0.14316800000000002
0.13647900000000002
0.196325
0.149337
0.11581400000000001
0.208312
0.297069
0.251013
0.24604
0.16939
0.11099
0.20414
0.26181
0.24506999999999995
0.227811
0.161451
0.207475
0.180786
0.103158
0.1663
0.155654
0.125754
0.18363800000000002
0.18333
0.068298
0.12743
0.19210722
0.08326086999999999
0.08704441
0.0871865
0.17092554
0.12695454
0.15963380000000002
0.11659545
0.09937454
0.13091454
0.12526785
0.13177439999999999
0.12491428999999996
0.05671474
0.10737029
0.08097413999999999
0.12357175000000002
0.08761738999999999
0.09328885
0.09111614
0.11965899
0.10255759
0.07502704
0.08030238999999999
0.1075499
0.09912195
0.09265324
0.13657994
0.11443724
0.13406119
0.10430609
0.12717604000000002
0.09320609
0.12927663999999994
0.10248799
0.0924569
0.12859903999999994
0.14852284000000002
0.10693054
0.05215764
0.15474864
0.10918564
0.07835568
0.05886659
0.09563154
0.09276519999999999
0.09139204
0.1031224
0.08772889
0.057979690000000014
0.04982749
0.06644669
0.10084769
0.08516599999999999
0.08796335
0.08772564000000001
0.08790394
0.05480358000000001
0.05232628
0.1329629
0.07114444
0.15122589
0.11944005
0.16615595
0.14037649
0.11725204000000004
0.12160204000000002
0.11181645
0.15828475
0.22249105
0.15011595
0.13352060000000002
0.13719315
0.23564751
0.10049001000000002
0.07311733999999999
0.034467479999999995
0.14753413999999998
0.19731399
0.17784258
0.16109548
0.09904648
0.09681798
0.09532453
0.09144682
0.09646918
0.09560523
0.09125932
0.09707258
0.09609803
0.09987703
0.09281328
0.09631472
0.08998892
0.08851911999999999
0.09634423
0.09262273
0.18281004
0.09284233
0.09687343
0.09599218
0.12807324
0.04410573
0.0417644
0.07434414
0.04002048
0.037323679999999984
0.03953152
0.03632428
0.04321863
0.038793730000000005
0.04236948
0.04027668
0.03934872
0.04706178
0.04151453
0.29605807
0.20060904
0.14885837999999998
0.14425132999999998
0.14251563
0.10551683
0.13042432999999998
0.2402647
0.21741794
0.17351047999999994
0.19298904
0.19729828
0.12952782999999998
0.22658309
0.24207509
0.20425454
0.15897028
0.19892944
0.24863365
0.2752945600000001
0.27150414
0.22390734
0.23193818
0.21853878
0.22206954
0.21497709
0.22974224
0.14911384
0.27495193999999995
0.31518671
0.23373739
0.24321069
0.23435904
0.22470019
0.18959194
0.23135364
0.12840119
0.21182739
0.25594614
0.23264489
0.21512144
0.19660479999999997
0.19157904
0.19111509
0.20234252
0.19044914
0.17441994
0.13890419999999998
0.07862618
0.0999564
0.06039604000000001
0.0824488
0.10481251
0.16720199
0.315218
0.29248240000000003
0.2152698
0.16457396
0.14176901
0.15835521000000002
0.15823145
0.051022250000000005
0.10991044
0.07328878
0.14287859000000006
0.13751649999999999
0.12432265
0.17517241
0.06464959
0.0903965
0.07010445
0.17112645
0.1369515
0.16178245
0.13244350000000002
0.16243145
0.11181854
0.16652845
0.08729859
0.16074754
0.15791245
0.1656905
0.12817054
0.15583550000000002
0.10072359
0.11474854
0.11951545
0.42547294
0.4294129400000001
0.4326739000000001
0.4231348500000001
0.15282104
0.1480205
0.14886054
0.15774659
0.13602754
0.1962015
0.14410959
0.14251359
0.10664454
0.14907454
0.14489359
0.15668159
0.11650059
0.1739515
0.08206559
0.09536424
0.13288254
0.12331164
0.14144264
0.2224915
0.15248254
0.15709654
0.1725465
0.17806154
0.1944375
0.1885075
0.18890245
0.20230141
0.2014935
0.13176949999999998
0.1469155
0.16265854000000002
0.1686725
0.1483805
0.12607544999999998
0.14737000000000006
0.13090100000000002
0.149141
0.14022399999999996
0.148917
0.13559000000000002
0.096726
0.108329
0.13724099999999995
0.113385
0.14955299999999996
0.187502
0.14468699999999998
0.1743
0.128247
0.12002500000000002
0.152637
0.14500300000000002
0.154371
0.17106500000000002
0.121485
0.20975700000000005
0.06415300000000003
0.140599
0.104156
0.12490099999999996
0.101908
0.17632017
0.17944612999999995
0.10503331
0.0967165
0.11190645
0.17976441
0.1708095
0.12115259
0.14937119
0.18424904
0.17241088999999998
0.2162355
0.21097245
0.21393341
0.1636735
0.16711153999999998
0.13218454
0.2013474100000001
0.14965636000000002
0.08480241
0.1168685
0.13393045
0.09749354
0.09260864
0.07985245
0.13991341
0.1246865
0.13068259000000002
0.20622959
0.1755715
0.13033036
0.12188045
0.11131644999999996
0.13811136
0.20634027
0.19880736
0.05649641
0.09517564
0.24093373
0.20198703
0.21754468
0.22596668
0.24292868
0.15644933
0.13317668
0.15725668
0.17629368
0.20728278
0.19911078
0.22058059
0.17264339
0.16483954
0.17912354
0.1072269
0.07440005000000001
0.14745345
0.070712
0.087476
0.139951
0.132064
0.16034600000000002
0.12743000000000002
0.09160569999999996
0.10932599999999999
0.049039
0.07423199999999999
0.05863300000000001
0.120927
0.13488499999999998
0.17726799999999998
0.16093945
0.1513605
0.093692
0.09556364
0.15002179
0.19396314
0.13195468
0.14287064
0.12989763999999998
0.15770273
0.12051654
0.11878959
0.19838354
0.14769554
0.08010369000000002
0.07840535
0.08065950000000001
0.1436315
0.13376359
0.11672364
0.0703845
0.07949949999999999
0.12417741
0.13267636
0.13677127
0.16187931
0.11642636
0.10290827
0.12670841000000002
0.11623136
0.12067017
0.10761317
0.13432036
0.12453641000000006
0.12983908
0.12394936000000002
0.12889636000000002
0.10433336
0.10614241
0.17770149999999998
0.15036354
0.16685245
0.10484641
0.10341145
0.10710445000000003
0.10455931
0.10606641
0.10196036
0.12059045
0.11087141
0.11368741000000004
0.10392236
0.11331841
0.10227441
0.1080425
0.16359941
0.38219585
0.42726571
0.35473771
0.32350962
0.13148236
0.07961635999999997
0.11455122
0.06949927000000003
0.048060500000000006
0.05691845
0.24464213
0.31629485
0.31920385
0.28541690000000003
0.17713517
0.21299113000000008
0.19246917
0.14712717
0.32221771
0.35780115
0.20199817
0.0630695
0.1181845
0.1080745
0.12710536000000006
0.17244722
0.13766512
0.09163045000000004
0.07297145
0.13557445
0.0807005
0.05773741
0.15541122
0.19092422
0.21593722
0.05581827
0.055162410000000016
0.04042759
0.16234868000000002
0.16290668
0.07262468
0.03799167999999999
0.03994164000000002
0.04818159
0.03653654
0.09563654
0.16985654
0.16619259
0.11235554
0.10541945
0.1872705
0.11515154
0.047952540000000016
0.20399804
0.23073804
0.10167622
0.12297436
0.11048441
0.11172936
0.10566236
0.09886645
0.08960545
0.04871701
0.04432445
0.04846435
0.0356455
0.03665614
0.04036653999999999
0.047091610000000006
0.06401411
0.08063382000000001
0.05892606
0.06939406
0.08721735
0.14811243000000002
0.08945297
0.06132807000000001
0.08454292
0.05635901
0.10912872
0.05394592
0.04562207
0.07245822
0.06055332
0.06671798
0.10525807
0.12352993
0.09827907
0.10051322
0.09397327
0.10157227
0.10043213
0.06064727
0.06220847
0.06107416999999999
0.05850437
0.07630117
0.05575357
0.05312447000000002
0.061671559999999986
0.06445337000000001
0.06458031
0.07505622
0.07163217000000001
0.04785731
0.05814094
0.22413304
0.10166127
0.06103836
0.06293141000000001
0.05954045
0.06000836
0.11197331
0.16406316999999998
0.11998708
0.08699252
0.07644993
0.06356622
0.10056679000000003
0.07056693000000001
0.06596913
0.06645517000000001
0.11605404
0.10854793
0.10582031
0.06347436
0.06041736
0.06477640999999999
0.06763441
0.06548127000000001
0.06151908000000001
0.0786538
0.08760399
0.08331707999999999
0.07363304
0.06503103
0.10884387
0.0945254
0.04162294999999999
0.05022265000000002
0.05605771
0.05981262
0.06479796000000003
0.08125940000000001
0.05375964
0.05463669
0.06250159
0.05794539
0.04234244
0.04065664
0.05385814
0.07077064
0.09629384
0.05800344
0.08895439
0.05365984
0.03486308
0.06877029999999999
0.113455
0.07550019999999999
0.05427854000000002
0.05434371
0.04138889999999999
0.04643115
0.08186696000000003
0.06918421
0.051084499999999984
0.05506444
0.04870609
0.06737388999999999
0.0966632
0.08988325000000001
0.05596704999999999
0.04644144000000002
0.06134794
0.03810714
0.06072854
0.10482449
0.0662865
0.05804454000000001
0.05663854
0.06459478
0.09232064
0.05124854000000001
0.04491254
0.07457034
0.05557449
0.04211494
0.04144674
0.04628263999999999
0.06131564
0.05606674
0.055240340000000006
0.06653839
0.0950284
0.04038754
0.03879069
0.04089040000000002
0.06181061
0.06951585
0.046499950000000005
0.04595058999999999
0.06050959
0.04416164
0.03786114
0.03665299
0.04951471
0.04050419999999999
0.04601769
0.05574569
0.07766698999999999
0.0489857
0.07894509000000001
0.11783728999999996
0.10611839
0.10629569
0.10357148
0.05984874
0.03839149
0.03739669
0.03680869
0.03540379999999998
0.04650421
0.04754354999999999
0.19998728
0.10499568
0.10019864
0.10126973
0.09860658
0.10064369
0.04694059
0.04279474000000001
0.14984852
0.18610628
0.33602394
0.34112370000000003
0.323832
0.22252735
0.26153954
0.22228159
0.19955654
0.21600884
0.22196444
0.19718254
0.20517470000000004
0.26819659
0.34449409
0.32944394000000005
0.25324994
0.21320509999999998
0.4145968
0.2114349
0.04661781
0.05974415000000001
0.05606125000000002
0.05266454
0.03489303999999998
0.03581273
0.04262658
0.04625019
0.04911204
0.21162171
0.21144565
0.2070478
0.049207
0.04712649000000002
0.052038
0.04736230000000001
0.0552021
0.10237891
0.06823251
0.11754626
0.12386455000000005
0.11781081
0.11880871
0.10685876
0.10656015
0.10250311
0.10642115
0.10692434
0.1034932
0.13976129999999998
0.09805028999999996
0.09947609
0.15326924
0.10101259
0.13660959
0.10387124
0.09640054
0.09551468
0.09657449
0.10285429
0.17359894
0.10193139
0.11058994
0.11553565000000005
0.10662194
0.10649524
0.22026671
0.23807847
0.13828905
0.1277591
0.09975254
0.10641329
0.10417854
0.10426875
0.1180188
0.19690764
0.12213804
0.10459834
0.1054843
0.09622259
0.09891534
0.10214039
0.09918049
0.10287739
0.10816915
0.09634449
0.10066724
0.10187184
0.10584471
0.20184928
0.22363314
0.21499818
0.17181838
0.11912344
0.10559378
0.10716716
0.10611772
0.14971587
0.16965361
0.16918422
0.15675957
0.16243381
0.15757596
0.15522986
0.14532096
0.13106205999999998
0.15196577
0.20830171
0.27231771
0.29730760999999994
0.22468246
0.23669541
0.20949631
0.34427969
0.35996564
0.36554173
0.38618153
0.36599153
0.39000448
0.37806063
0.37234773
0.34803963
0.35414333000000003
0.37169808
0.37863142
0.31237953
0.34116357
0.35893119
0.33794024
0.35224104
0.3658801800000001
0.33271927999999995
0.33190424
0.37931629
0.30778218
0.3192302300000001
0.18864145
0.20879371
0.24706646
0.25472821
0.27511312
0.31517282
0.33932553
0.32806667
0.34336017
0.31256713
0.32865827000000003
0.30599567000000005
0.29326116
0.18931508
0.19527504
0.18486199
0.19059904
0.10137009
0.29209545000000003
0.26791459999999995
0.2247743
0.26454305
0.29388215
0.28213855
0.10855238
0.18626819
0.17756633
0.16895418
0.15005219
0.16317839
0.16105239
0.16579839000000002
0.17386794
0.17097774
0.16475304
0.1577721
0.16354419
0.17472329
0.16550734
0.16416024
0.15845729
0.205089
0.24911774
0.08196434
0.11005323
0.13410423
0.14164127999999998
0.14475858
0.14950958
0.14377463
0.14037658
0.20489468
0.20452382
0.15196268
0.15689004
0.15023699999999998
0.16033289
0.16341278999999995
0.16311094
0.15270324
0.155357
0.15124129
0.15142939
0.14635144
0.10366295
0.14257344
0.1127619
0.11423029
0.1098039
0.11270604
0.10496209
0.11017619
0.14986604
0.11251014
0.12970656
0.15451203000000002
0.13625938
0.12362452
0.15555832
0.11547061
0.11104151
0.13632045
0.13819225999999998
0.12369375
0.12611071
0.15491451
0.18231047
0.19482927
0.15307437000000002
0.14921866
0.15493771
0.13592195
0.14109971
0.12926775
0.13612879999999994
0.175517
0.18573476
0.16804357000000006
0.15409591
0.14502676
0.21962232
0.20473046
0.23243631
0.10589681
0.1107908
0.10105611
0.20041707
0.15129957
0.09467415
0.1061762
0.11751105
0.1077632
0.12202599999999995
0.12172691
0.12952675
0.15280091
0.17969436
0.15895916
0.14912025999999998
0.11796581
0.09945410000000003
0.12045999999999996
0.16858241
0.16302217000000002
0.17120517
0.15955450999999998
0.16484432
0.15400551
0.14937731
0.15017914999999998
0.1279708
0.1067432
0.15114581
0.1429509
0.3543768
0.3647929
0.27272466
0.13681652
0.12685597
0.12511231
0.19439741
0.13847574
0.08550228
0.09353068
0.1004402
0.17917086
0.15470786
0.10730654
0.11070949000000002
0.10649054
0.09070734
0.09098944
0.09385328
0.08730519
0.09345729
0.09156859
0.09607
0.12469719999999998
0.14575771
0.09842934
0.09120944
0.09493544
0.09844324
0.0940921
0.08425149
0.08736334
0.08853244000000003
0.08683549
0.09646944
0.14965714000000002
0.10237124
0.1227981
0.17709085000000002
0.20299385
0.15374643999999998
0.10972049
0.09492694999999997
0.07495905
0.15128201000000002
0.14510851
0.10355291
0.10328801
0.10604881
0.10001075
0.1110829
0.15593466
0.11203099999999999
0.09289124
0.1007518
0.13991779999999998
0.14762879999999998
0.09068234
0.14207614
0.08644678
0.08532778
0.09814668
0.09572678
0.08785588
0.08228888000000001
0.09355024
0.11664899
0.10242419
0.13533489999999998
0.13805424
0.10955854
0.08475344000000001
0.08951034
0.11102314
0.1152621
0.11558814
0.11317925
0.11866179999999996
0.11167451
0.15435231
0.14585141
0.14086265
0.17308579999999998
0.23284731
0.21540322
0.14280361
0.1314751
0.13541184
0.16732875000000005
0.11533174999999996
0.10470464
0.1149863
0.12809790000000001
0.12940474
0.10884829
0.12008794
0.11629884
0.13287264
0.13241209
0.13303471
0.15238221
0.24671392
0.23629262
0.19435577
0.17942702000000002
0.13169456999999998
0.14903351
0.14888266
0.13810685
0.1374368
0.14479980999999995
0.1281049
0.14112775000000002
0.13518875
0.14158045
0.15005511000000002
0.15256435000000002
0.13483371
0.14723771
0.13964081
0.13121385000000002
0.12427195
0.13891794999999998
0.12750071000000002
0.1138298
0.1338249
0.18059835
0.18907221
0.13821645
0.13988771
0.13103585
0.13170991
0.13323000999999998
0.14983271
0.12248471
0.20384993
0.16499682000000002
0.08929477000000001
0.11757502
0.10766777
0.09714620999999997
0.08570195
0.10161107
0.07971510000000001
0.06871733999999999
0.07403534
0.07977815
0.07871015
0.08201919999999999
0.08054581
0.09009436
0.16696006
0.15336846
0.15415346000000002
0.15448241
0.16281721999999998
0.16080012000000002
0.10423166
0.10794356
0.09765766
0.08704466
0.08685475000000001
0.08488570000000001
0.08665675
0.08005609999999999
0.07729014000000001
0.07546228999999999
0.07954314000000001
0.07950734000000001
0.0821461
0.08553190999999999
0.0780552
0.07729401
0.08403580999999999
0.08541255
0.0515298
0.04651863999999999
0.0430765
0.03770879
0.0434145
0.04466859
0.04525044
0.0509834
0.05368396
0.04434135
0.04603244
0.04492118999999999
0.04261924
0.09383834
0.10066054
0.10742939
0.10720634
0.10821534
0.10837014
0.11285430000000002
0.23062584000000005
0.24116289
0.24116264
0.23906044
0.23533341
0.2415518
0.24169380000000001
0.24455489
0.2389157
0.19392274
0.19446989
0.1927648
0.19335684
0.19128984
0.18714874
0.18786459
0.19280364
0.18209094
0.18606284
0.1846487
0.18590765
0.18410175
0.18513861
0.18280461
0.17834871000000002
0.18039465
0.18401225
0.19620611
0.19994911
0.18983236
0.19836021
0.20219626
0.19271317
0.19699112
0.17725951
0.16467465000000006
0.1759927
0.1779618
0.17810189
0.17373988
0.17521394
0.17236919
0.15272614
0.23815285
0.1595429
0.17051995
0.15659104999999998
0.04015769
0.04641164
0.04809459
0.04941244
0.04427419
0.04523334
0.03792408
0.04582593
0.05936768
0.04291659
0.04756549
0.05005534
0.047254440000000016
0.03652844
0.04236944
0.09811799
0.04607019
0.04741729
0.04266059
0.03424188
0.04174549
0.043297640000000005
0.04719353999999999
0.04706249
0.04761864000000001
0.04437544
0.02237713
0.04464054
0.04877238
0.04294138
0.044456680000000005
0.04530468000000002
0.041247490000000005
0.053671140000000006
0.06675246
0.06081960999999999
0.09721061
0.06398181
0.04226105
0.043366
0.043784140000000006
0.04957075
0.46743279
0.30328339
0.24224866
0.11391959999999995
0.041970340000000016
0.0767805
0.03899979
0.0427844
0.03931974
0.040771100000000005
0.04339645
0.03904869
0.03914594
0.03369394
0.03942274
0.17606691
0.17497166
0.10211291
0.04968905999999999
0.04535215000000002
0.05302706
0.05153351
0.0437599
0.07836824
0.18448285
0.17761894
0.11772719
0.11689305
0.04520549
0.047084440000000005
0.04769154
0.03951764
0.03257189
0.02969578
0.03787349
0.03975959
0.035788890000000004
0.04196464000000001
0.036262890000000006
0.03024814
0.037155440000000005
0.03383699
0.035373180000000004
0.03151718
0.03237479
0.0373173
0.03907434
0.04767081000000002
0.06463471
0.06459567
0.06513271000000001
0.05969886
0.057237809999999986
0.039461500000000004
0.03814089
0.03161518
0.02701648
0.02645959
0.04552314
0.0442201
0.04876121
0.05277419999999999
0.05161515
0.0337814
0.03792079
0.03176014
0.03302014
0.03177818
0.03896491999999999
0.19788247
0.13937491000000002
0.13153600999999998
0.1180913
0.10554411
0.16337786
0.15402701
0.11957635
0.05111725
0.04066659
0.0461628
0.11437276
0.053951910000000006
0.05960497
0.04941676
0.042215950000000016
0.05236761
0.04530714
0.05646941
0.06235846
0.07026117
0.06961700999999998
0.06610686
0.05530391
0.05142606000000001
0.16010162
0.16378557
0.16398317
0.07446451999999999
0.05297351
0.05605681000000001
0.04000055
0.034472739999999995
0.03576599
0.03842804
0.03629794
0.03498264
0.03250198
0.03072228
0.027410180000000003
0.03102548
0.029611090000000007
0.09806111
0.15431166
0.17845436999999995
0.16137547
0.14208357
0.12501761
0.11806961
0.12956707
0.12287151
0.14275796
0.15190380999999994
0.09655639
0.03830748999999999
0.03291988
0.035608190000000005
0.03593979
0.03267049
0.03532309
0.03246358
0.030140890000000007
0.041555350000000005
0.05444637
0.23796224
0.09859722
0.07703441
0.04261217
0.05861191
0.0319807
0.04599916
0.06347037
0.05524441
0.06274027
0.07313127000000001
0.05446067000000001
0.05666201000000001
0.05439211
0.05010521
0.04511931
0.04083855000000002
0.0384537
0.04385721
0.06349686
0.06326766
0.05784556
0.06477267
0.05387496
0.04089669
0.03684204
0.03579204000000001
0.03492514
0.035263939999999994
0.03636008
0.03183618
0.03435324
0.03312888
0.03101898
0.03222698
0.03195294
0.03737399
0.03984498
0.04275274
0.04102274
0.03755494
0.03364294
0.0405814
0.04717741
0.046578110000000006
0.04873695
0.05441291
0.04134521
0.04980725
0.05138735
0.0527844
0.0513773
0.05261816
0.05074031000000001
0.043663109999999984
0.056930239999999986
0.052103
0.05829336000000001
0.14627336000000002
0.17366181
0.15951895
0.16131401
0.16358185
0.14888929999999995
0.14829034000000002
0.14981944
0.1448674
0.14583644
0.14487638
0.14468209
0.14149039
0.13486358999999998
0.14093654
0.13749454
0.05973594
0.04040494
0.06230979
0.04865488
0.04542779
0.06565469
0.055936490000000005
0.05030339
0.04914744
0.0591307
0.04853034999999999
0.062197400000000014
0.05522735
0.04815744
0.04572259000000002
0.05631940000000001
0.04625359
0.0449534
0.12180671
0.13124451
0.17891475
0.17771805000000002
0.12884995
0.12440319999999999
0.12403195
0.18130827
0.15881251
0.13098981
0.12205485
0.12587061
0.04845623999999999
0.09861661
0.10225975
0.09879834
0.10198833999999997
0.08968959
0.09390344
0.0908854
0.08699844
0.0931972
0.08892430000000001
0.15522981
0.17490031
0.17440926
0.16723246
0.16562861
0.17089170999999995
0.15021901
0.15219615
0.1503263
0.15034234
0.15131134
0.09876559
0.09547844
0.10290824
0.11363166
0.11748071
0.10870921
0.11074125
0.10155449999999999
0.09426074
0.09047594
0.09354089
0.0973416
0.10046925
0.14484695
0.14423275
0.13862875
0.13915886
0.13230115
0.13271815
0.1337293
0.1329283
0.08916386
0.08275481
0.08158286000000001
0.07444160999999999
0.07801291
0.032403100000000004
0.03834049
0.03886064
0.03672594
0.03717504
0.03757788
0.03505498
0.03715369
0.04011769
0.04306279
0.04063684000000002
0.03727889
0.04902745
0.26569089
0.28169458
0.28412624
0.27974875
0.23820981
0.22814704
0.05074185
0.06077911
0.051913610000000006
0.05304096
0.06038591
0.057195709999999976
0.04753784999999999
0.056303749999999986
0.06921630000000001
0.03694314
0.03785944
0.034920440000000004
0.09919769
0.03811104
0.03390314
0.03499118
0.02869033
0.03361203
0.03960009
0.09349254
0.03198033
0.03103928
0.04159399
0.03670798
0.03762789
0.04094289
0.04094584
0.03897769
0.03778179
0.0449683
0.04452419
0.04553044
0.04384669
0.03858964
0.03650689
0.032905840000000006
0.04311579
0.0468694
0.23013531
0.23930331
0.20091617
0.07135171
0.05243971000000002
0.05408671
0.0991402
0.06337013999999999
0.0820934
0.14336595
0.17796224
0.15014539
0.03552759
0.03450714
0.03517898
0.03998854
0.03925854
0.04793724
0.06857796000000001
0.09495157
0.09535352
0.09438562
0.08752461
0.08214391000000001
0.08117901
0.08159911
0.08259157
0.19474217
0.08608436
0.07946961
0.09171571
0.09294471
0.09617157
0.09453457
0.09287637
0.13665223
0.12560842
0.10185547
0.09224827
0.10228007
0.09108312
0.09015837000000004
0.09632942
0.10129513
0.08694076999999999
0.08124052
0.20368227
0.11781066
0.11427581
0.11612976
0.11274591
0.11385056
0.11627036
0.03792768999999999
0.03600999
0.02241174
0.01896121
0.12451761
0.15150227000000002
0.25305878
0.3325755
0.32256840000000003
0.29519335
0.305416
0.16771989999999998
0.18824119
0.17751450000000002
0.18277064
0.17920549
0.16120083000000002
0.15629264
0.17408353999999998
0.16322768
0.15341774
0.14158458999999998
0.14194414
0.12114252999999996
0.11573768
0.10272532
0.10710747
0.13807531
0.14471741000000002
0.16394927
0.22755052
0.17930306
0.19855817
0.26450689
0.30415148000000003
0.12848291999999994
0.13463150999999998
0.13205011
0.13493026
0.13614431
0.13371321
0.14273056
0.14534696
0.14450288
0.36791315
0.35639190000000004
0.39937876
0.3533067999999999
0.29424644
0.10152284
0.30374573
0.3773566400000001
0.18403084
0.137826
0.099901
0.10556457
0.09851886
0.11155117
0.12312867
0.13994007
0.11778627
0.11910013
0.13458583000000002
0.14259787000000002
0.14114613
0.13734103
0.16725213000000005
0.17446497
0.16136792
0.18260292
0.16470207000000006
0.16797046000000002
0.16933351000000002
0.15204266
0.14941201
0.10645971
0.11219351
0.10932956
0.10477856000000002
0.10660337
0.13670341
0.13637311000000002
0.14157391000000005
0.14517597
0.15084778
0.23436449
0.2440154400000001
0.23996134
0.2313904900000001
0.23125159
0.19907864
0.16504697
0.19019307
0.18922563
0.19892643
0.19002563
0.20002864
0.20208274000000004
0.20670234
0.19190144
0.2291905
0.18370849
0.15994178
0.16440378
0.15718674
0.14282264
0.17596844
0.17582278
0.14035107000000002
0.11739447
0.11229152
0.10866370999999997
0.09758212
0.12963257
0.10979122
0.12548947
0.11612457
0.13409087
0.14101043
0.10691783
0.12455387
0.12392872
0.11285347
0.13599487999999998
0.11512037
0.13217323999999994
0.09263957
0.10704687
0.05581416
0.04761390000000002
0.10429917
0.11665837
0.10327857
0.09367671
0.09462661
0.09167957
0.08682671
0.08435261
0.07975352
0.09945842
0.12343413
0.14444068
0.29320847
0.44189291
0.45236721
0.46674221
0.45201017
0.4604652100000001
0.45540917
0.46131421
0.46064087
0.02642785
0.02290331
0.08158510000000001
0.10887695
0.27400351
0.27410566
0.26995237
0.33478243
0.35371717
0.13550626999999998
0.22543402
0.17509056999999995
0.13577282000000002
0.17475907
0.17909742999999995
0.15989953
0.09760779
0.13539487
0.14540007
0.14108758
0.11982828
0.12893277
0.17820019
0.19005779
0.22452884
0.22010259
0.17781943999999994
0.16679493999999995
0.35095067
0.37485977
0.26949171000000005
0.37535182
0.32031514
0.15863588
0.16132400000000002
0.13337617999999998
0.15719487999999998
0.13033397000000002
0.13691647000000004
0.1379201
0.222558
0.21772727000000008
0.16718663
0.29462716999999994
0.41055465
0.4698552
0.36551425
0.26907276
0.15007951000000005
0.15008306
0.16383076000000002
0.14890921
0.16847497
0.05357112
0.058447699999999984
0.19323011
0.17464866999999998
0.18766537
0.29289977
0.19529903
0.20512912
0.17897082
0.09031247
0.09249251
0.08190371
0.24911427
0.3856587400000001
0.4772260999999999
0.470353
0.45607941
0.4099641
0.368878
0.35474995000000004
0.3844574
0.35773003
0.12389205
0.08339260000000001
0.07951075
0.11566145
0.11181689999999997
0.11445930999999998
0.11652795000000002
0.12353361000000004
0.22434066
0.21393742
0.19768156000000006
0.19253527
0.39784927
0.37359527
0.41024727
0.43860422
0.44064908
0.43533499
0.43175499
0.4065908
0.3946199400000001
0.35879439
0.37169629
0.39387194
0.40770788
0.36594098
0.38752726
0.39824187
0.36514317
0.43866917
0.44580904
0.43439313
0.28325908
0.19255117
0.14776343
0.16665319000000006
0.18157818
0.22095494
0.26474104000000004
0.28565299
0.21817090000000008
0.25600298999999993
0.23790768000000004
0.20235057
0.21112857
0.26173813
0.29568708000000005
0.28631104
0.35776294
0.33866139
0.27846422
0.19530608
0.20276113
0.18632912999999995
0.13906222
0.10724801
0.09175777
0.10011312
0.14194007
0.14266261
0.14260646
0.18496617
0.17068337
0.17654161
0.17268971
0.16883276
0.16837276
0.16593241
0.17977921000000002
0.17546921
0.18591807
0.14822096999999998
0.16084501999999998
0.14604327
0.13609022
0.14023647
0.14545217000000002
0.14669922000000002
0.14951827
0.13823642
0.12869686
0.16786536000000002
0.19553036
0.19316341
0.18860731
0.10500237
0.08286754000000003
0.10249401
0.11335667
0.17129191
0.15606667
0.16280941999999998
0.19411952
0.17302772
0.19296417
0.15962715
0.18473856
0.17438586
0.18650561
0.31001486999999994
0.29106791
0.30455447
0.27143267
0.24181538
0.24251043
0.27309482
0.23627381
0.25703867
0.21185667
0.23475453
0.23494592
0.23434173000000005
0.17708857
0.17083288000000002
0.14391433
0.27240179
0.22811088
0.23064372
0.27314773
0.27147593000000003
0.23203463
0.29849249000000005
0.24392764
0.18186089
0.17435173
0.18837588
0.23208549
0.27244683
0.24609797
0.16168287
0.24129777
0.12957301
0.13012006
0.15887542
0.18257823
0.20667862
0.16985467
0.16489077000000002
0.164632
0.12660749000000002
0.14654574
0.13604891
0.19433827
0.20788681
0.11549507
0.24008401999999995
0.20377058
0.26227065
0.1853194
0.14269330000000002
0.17254049999999999
0.2431715
0.247498
0.2262706
0.24177820000000005
0.3033872
0.3251746
0.2927477000000001
0.2272009
0.2851008
0.2836978
0.2873906
0.2731101
0.2137763
0.2282033
0.2673041
0.4305451
0.3688093
0.3594548
0.3390705
0.2310391
0.2078729
0.1896432
0.2119826
0.15985499999999994
0.13285619999999998
0.1366884
0.13674129999999998
0.09805899999999998
0.1180437
0.08963592199999999
0.2027487
0.23321820000000001
0.21129520000000002
0.22296370000000004
0.26494
0.25527399999999995
0.2013677
0.1902963
0.17827739999999995
0.2548713
0.22373935600000006
0.11304562
0.15945945000000006
0.11212276999999997
0.10950211
0.10757611
0.11002881
0.11440955
0.047099020000000005
0.05060507
0.11495703
0.17105836000000002
0.04904000000000002
0.04110301000000001
0.04182567
0.05277016000000001
0.06450254
0.04935799
0.04972359
0.18687509
0.11235338
0.11756738
0.21780912
0.24722714
0.21403249
0.2372919
0.25342159
0.222179
0.10348185
0.13286339000000005
0.25170725
0.46418293
0.4544764
0.47978015
0.47967416
0.43346965
0.48106893
0.42433196
0.44310712
0.47912997
0.47901188
0.47839887
0.43685398
0.06337251
0.1189125
0.09288629
0.06656734
0.12342274
0.15721314
0.12196224999999998
0.08653567
0.11463536
0.11989163
0.17506603
0.17907089
0.16168949999999999
0.16282089
0.10393244
0.10297453
0.09155631
0.19127705
0.19408086
0.14850824999999998
0.14319835
0.17664445
0.18367851
0.17014076
0.1076581
0.1123213
0.10809165
0.09249960000000003
0.11608102
0.12208754000000002
0.08244337
0.037242010000000006
0.06578461
0.05026984
0.08751083999999999
0.16856114
0.12894176999999998
0.26854209
0.17270314
0.32839445
0.25949098
0.27195157000000003
0.27470768
0.28343919
0.21046494
0.25141997
0.26660057
0.26323933
0.26255451
0.26261851
0.27692733
0.26525837
0.26113547
0.25845876
0.26064846
0.26254576
0.25673674
0.25756516999999995
0.28975343
0.43754684
0.37952818
0.31678717
0.32218827
0.31160827
0.24724817
0.25304887000000004
0.26225581000000003
0.25110295
0.25821638
0.2608748
0.30673072
0.32046142
0.32949257
0.36534772
0.36802177
0.37243882
0.35471882
0.32148572000000003
0.31363417000000005
0.30513756000000003
0.30896742
0.31484792
0.31934987000000004
0.32134831
0.32591126000000004
0.3139563
0.32412266
0.31201540000000005
0.30843396
0.31795497
0.30412202
0.31825632
0.30868396
0.31703542
0.30003822
0.09597305
0.14595750000000002
0.16392840000000006
0.168032
0.14524379999999998
0.09570835
0.09423
0.095113
0.08041025
0.09634635
0.08249916
0.0973772
0.12781457000000002
0.15492902000000006
0.18870099
0.34883924
0.36360459
0.19846084000000005
0.14739808999999998
0.13279889
0.17054604
0.12310476999999995
0.09396351
0.03622989
0.0552489
0.11481576
0.1098346
0.11238397
0.05338897
0.09965838
0.09849948
0.04985321
0.03896712000000002
0.17778075
0.15204342
0.09885775
0.0386706
0.03712858
0.035221630000000004
0.03919253
0.24135335
0.23983535
0.24424095
0.25888505
0.26830135
0.30175824999999995
0.3045474
0.29440053999999993
0.30600920000000004
0.30245930000000004
0.30287825
0.30218422
0.3005563
0.3041336
0.30381435
0.29670205
0.28793585000000005
0.18572156
0.17392991000000002
0.16561232
0.12244086
0.14927602
0.09113237
0.07431036
0.07184755000000001
0.08551894000000003
0.10568622
0.11315432
0.10031408
0.21224624
0.31879036
0.37044088
0.08087164
0.11119228
0.08746742
0.14247797
0.09697071
0.15809779000000002
0.17278488
0.14919501999999996
0.17957991999999998
0.09530291999999996
0.11022293
0.11435796999999998
0.15168388
0.10619391999999996
0.07584177
0.11223562
0.09589387
0.09120158
0.06958977
0.16529624
0.14115924000000002
0.09400964
0.09295192
0.13072977
0.13545868
0.12112708
0.14893074
0.2336760400000001
0.17254788
0.2286414400000001
0.11240051999999996
0.057103620000000015
0.10238076000000004
0.06261954
0.05220926000000002
0.05183826
0.06839355999999999
0.06876362
0.07807399
0.08986607999999999
0.08798623
0.10222803
0.090943
0.0982788
0.17692828000000002
0.1650211
0.18077530000000008
0.15780133999999998
0.14238947999999998
0.16233133
0.12069156999999996
0.07235147000000001
0.11144256000000002
0.11314547
0.05240401
0.0508979
0.058683050000000014
0.04861124000000002
0.05482589000000001
0.08821638000000001
0.07903668
0.08631262
0.08531542
0.09550979
0.09342575
0.12681721
0.11920312
0.29485427000000003
0.32480432
0.33751232
0.34317458
0.34196207999999995
0.33467567
0.31058817000000005
0.28288867
0.28595088
0.28340993
0.28506570000000003
0.31190768
0.30826683000000005
0.28068916999999993
0.28021381999999995
0.28593547
0.27322940999999995
0.28070491000000003
0.28190661999999994
0.27763082
0.16887049999999998
0.19841272
0.19932997
0.26175813
0.29443787
0.2735064300000001
0.19023923
0.160389
0.18522503000000004
0.21336617
0.19907103
0.16496247
0.15157763
0.20553897
0.22502922000000009
0.12927662000000004
0.10710567
0.09829662
0.18208447
0.13141237
0.09724842
0.08698916999999999
0.12513692
0.12843111
0.14043918
0.14016473
0.16203908
0.14584857
0.1399501
0.20533988
0.19001528
0.20479318
0.280122
0.14094418
0.16424946
0.13401545999999998
0.11427116
0.10097539999999999
0.10279845
0.0816933
0.12531806
0.07516613
0.09693052
0.08951925999999999
0.2223265100000001
0.22461437
0.3044329
0.15903817999999995
0.21988323
0.32405627000000004
0.3946711
0.35639273
0.3565276
0.2484718
0.4312559
0.435222
0.44363199999999997
0.15560800000000002
0.17119422999999998
0.20520727
0.16715227000000002
0.21550127
0.19438057
0.10367237
0.15761136999999995
0.27859602
0.27748777
0.20004363
0.2009405
0.26150018
0.20648626999999994
0.17143182
0.16272927
0.19129832
0.2285681
0.18563232
0.15609272000000002
0.08952797
0.14140692000000002
0.11989397
0.12431696999999994
0.14971677
0.2194887
0.12060657
0.10615337
0.15223826999999998
0.20627218000000005
0.20613032
0.19820618
0.20273523
0.16692932
0.15214492000000002
0.13487557999999994
0.19658882
0.22709282
0.24247597000000004
0.3013483
0.2360954
0.2669764
0.24508460000000004
0.25150370000000005
0.32150300000000004
0.32546090000000005
0.33200847
0.29454513
0.28213306
0.22721431
0.25889131
0.24275806
0.10495706
0.13232539999999998
0.12342439
0.3193692
0.3609101
0.36076848
0.34696348
0.3576711
0.3730806
0.35732230000000004
0.34226929999999994
0.28901008
0.10929935000000003
0.12654430000000005
0.11109545
0.18598807
0.2512737
0.2150502
0.1939966
0.18669520000000006
0.15864001000000005
0.23729092
0.23295997
0.2331051
0.29687918
0.2822801
0.25377018
0.29723618
0.29787928
0.27958018
0.21163353
0.14385027
0.250347
0.2876077
0.29124110000000003
0.23531532
0.16102337
0.14873526999999995
0.14807822999999998
0.15074953000000002
0.22318353
0.12324648
0.13968173
0.14182038
0.07362331
0.07131145
0.06581749
0.07341740000000001
0.07196664000000001
0.07164764000000001
0.06711264
0.06405349
0.08961197000000001
0.16541121
0.08130105000000001
0.20752192
0.19491101
0.20758692
0.4057698
0.4639381
0.4692621
0.4443474
0.0978007
0.35156388
0.34158678
0.3420977
0.34387178
0.3504797
0.34173668
0.3416387
0.382924
0.4086549999999999
0.40218899999999996
0.383378
0.37403800000000004
0.3477892
0.34816840000000004
0.3452334
0.3474936
0.3931859
0.4012583
0.3572835
0.35591350000000005
0.3772536
0.4110787
0.3867628
0.4022788
0.3821287
0.3670348
0.3493761
0.3498656
0.3545063
0.358757
0.3747439
0.4040669
0.4347888
0.39413790000000004
0.3471964000000001
0.34804179999999996
0.39462090000000005
0.4000889
0.39169
0.3919769
0.3698969
0.3831707999999999
0.3872348000000001
0.4223049
0.3974799000000001
0.40156590000000003
0.4005578
0.351488
0.35743
0.3587552
0.34819320000000004
0.3553138
0.3563398
0.35437529999999995
0.3277115
0.32822140000000005
0.3861738
0.3849747
0.3773947
0.4562259
0.219472
0.37269155
0.36828855
0.36618155
0.31765465
0.31168889
0.30566154999999995
0.29751879000000003
0.31402559
0.31452175
0.32912665
0.40102346
0.36701337
0.39414346
0.33248941000000004
0.1943966
0.21753355
0.20545765
0.16825434999999994
0.14953759
0.16554644999999998
0.1767674
0.055454
0.05910600000000001
0.01033346
0.22091625
0.13193588
0.183412
0.36609622
0.32457147000000003
0.4314277
0.4159916000000001
0.2450186
0.20856956
0.23853056
0.31314911999999995
0.31966387
0.3717253
0.3644682
0.3578844
0.3648315
0.3160644
0.35004670000000004
0.2548881
0.25791828
0.2245186700000001
0.22392177
0.20320153
0.22184348
0.08693182
0.08585703
0.08902828
0.12886158
0.12394333
0.013686879999999998
0.01261527
0.03657382
0.05515147
0.05722908
0.10999765
0.10564475
0.15246856
0.15068422000000006
0.19945240000000009
0.20056353000000007
0.19853382000000008
0.20045257000000005
0.20271150000000007
0.33236750000000004
0.240169
0.20390060000000007
0.2401667000000001
0.2429472000000001
0.2452602000000001
0.2434312000000001
0.30745950000000005
0.30969690000000005
0.2991170000000001
0.2995913000000001
0.2577737
0.27203360000000004
0.0829179
0.07215450000000001
0.1034853
0.1462338
0.08804166999999999
0.1086622
0.03947458000000001
0.04612809
0.18006267
0.15972933
0.04533335
0.02434951
0.012397589999999995
0.03196081
0.02391075
0.03687248000000001
0.03872211
0.11476797
0.02609779
0.02393135
0.07540630999999999
0.07434832999999999
0.2164489
0.30793528000000003
0.2376674000000001
0.2531841
0.2554522
0.2427054800000001
0.2428224
0.2443327
0.2496414
0.2474882
0.24773320000000004
0.2473386
0.2461936
0.3085088
0.2226702
0.18459508
0.1687609
0.1822616
0.17899379999999998
0.16092050000000002
0.25333680000000003
0.2270515
0.2020653
0.1902514
0.3015859
0.19164368
0.1844306
0.07562565
0.05645425
0.11413901
0.07897817
0.09021412
0.06200555000000001
0.09170515000000004
0.06470185
0.21186896
0.1591857
0.07084565
0.17783331000000002
0.25841247
0.25808477
0.26503822
0.24736572
0.26255852
0.25913242000000003
0.2345424200000001
0.24742447
0.23028772
0.14035422
0.16189610999999998
0.17066942000000002
0.03848508
0.03453324
0.06755954
0.09406545
0.09904695
0.05293714000000002
0.11243969
0.06450392999999999
0.05382848
0.05720793
0.03670962
0.05502022
0.03363138
0.05139178
0.07249763000000001
0.12289885
0.10080279
0.06637904
0.07785618
0.08078819000000001
0.07768184
0.06545005
0.18125011
0.05706174
0.15084871
0.27156187
0.26894167
0.24591607
0.16913726
0.09151946
0.05619037
0.19964677
0.25528192
0.21089592
0.180471
0.13698481
0.13111326
0.03932948
0.022663520000000003
0.07203788
0.09781078
0.08105845
0.05784783
0.05945627
0.481443
0.4564496300000001
0.48403058
0.48350933
0.47116857
0.42329918
0.48281587
0.47563302
0.48278656
0.46517291
0.47580473
0.08763446000000001
0.15215032
0.14439466999999995
0.23991361
0.23903417
0.23850542
0.24082067
0.24661877
0.2416678800000001
0.12710926
0.07062065
0.10122124999999996
0.13907075000000002
0.09203129
0.01312011
0.1824055
0.16954660000000002
0.1763215
0.1884493
0.168097
0.1938474
0.17683198
0.016389049999999995
0.26006881
0.25752540999999995
0.26024597
0.26498127000000005
0.23403737
0.22256922
0.25258637
0.26523122
0.25957297
0.25600117
0.16389926
0.10386793
0.07970194
0.09466534
0.11017732
0.0876253
0.1593842
0.12474189999999999
0.2237498
0.21283050000000006
0.2036088
0.34298090000000003
0.3591557
0.3610323
0.3331429
0.2418223
0.21214823
0.27154953
0.30286943
0.3264928
0.32409718
0.3470828
0.3624475
0.34691750000000005
0.34272658
0.33553278
0.3236976
0.339689
0.30018290000000003
0.3135799
0.19005372
0.21131473000000006
0.20134182
0.21404097
0.20142197
0.24874848
0.26161333000000003
0.25322723
0.13300382
0.25038970000000005
0.18578146
0.2164958200000001
0.22029677
0.21095261
0.01403323
0.02525185
0.015208000000000001
0.0107925
0.01151495
0.00890785
0.00979569
0.1046309
0.2040553
0.1978103
0.2521569
0.14854430000000002
0.14210091000000002
0.14027945
0.13947047
0.15756947
0.1413948
0.3623165
0.359818
0.32097509999999996
0.12527138
0.09322325
0.12441895
0.10362112999999998
0.10794669
0.12555705
0.09219749
0.09743595
0.15565007
0.17226105000000005
0.12346714
0.05137842
0.2404993
0.18599803
0.25638413
0.15760977
0.34229809999999994
0.2259098
0.24027
0.26501763
0.15344387
0.1627934
0.1339325
0.12830289999999994
0.07385582
0.11599480000000001
0.09506408
0.10170777
0.1797764
0.15655999999999998
0.1676032
0.0921312
0.10004398
0.08916143
0.1523235
0.17713829999999994
0.17921069999999995
0.203597
0.1903144
0.15461626999999994
0.15859338
0.19507778
0.17792866999999998
0.14828266
0.17664317
0.18074733
0.19767200000000001
0.3433548
0.3573763
0.3442081
0.3620655
0.3082258
0.29459070000000004
0.2728224
0.27388440000000003
0.25061942
0.285565
0.29281878
0.23759447
0.16925587000000006
0.18598452
0.18166787000000004
0.16742520999999996
0.17690541
0.15313349999999998
0.14164453
0.14014532000000002
0.1342435
0.3878278
0.417161
0.2404618
0.18845287
0.14639644999999998
0.2557093
0.21553888
0.23533297
0.23241031
0.21159030000000006
0.3613911000000001
0.19758710000000002
0.2913237
0.28874819999999995
0.302173
0.4664916
0.4585674
0.4506805999999999
0.3107696
0.35532400000000003
0.3540549000000001
0.2383697
0.396103
0.26664590000000005
0.24391637
0.24261281000000004
0.26987690000000003
0.23294937
0.24352831
0.23564007
0.24189058
0.3459718
0.24168007
0.23658465
0.17658231
0.24249920000000003
0.21374773
0.16219175
0.16465085
0.04709771
0.05715019
0.041291440000000006
0.03690758
0.03672678
0.034341590000000005
0.03217816
0.03366637
0.03352793
0.03247868
0.042889590000000005
0.02636979
0.023122760000000003
0.032011120000000004
0.03268852
0.032598230000000006
0.02756818
0.03392942
0.0241288
0.02610886
0.02866951
0.02922923
0.02637142
0.02433886
0.02827766
0.02497996
0.02220952
0.02585286
0.027284810000000003
0.02043785
0.02422886
0.024490900000000003
0.025736510000000004
0.02489405
0.02480756
0.02018595
0.02825576
0.03282416
0.028102770000000003
0.02287578
0.03685409
0.01758767
0.02336265
0.23075278
0.17738908
0.01009408
0.007936200000000001
0.00661688
0.00709015
0.013108249999999998
0.021888050000000003
0.0180063
0.02136271
0.00994898
0.02627923
0.022901499999999998
0.02048201
0.0653905
0.1473547
0.11645561
0.02735195
0.02280647
0.02620932
0.02503972
0.02261466
0.08074138
0.08603491
0.04995907
0.040275700000000005
0.00671034
0.03696056
0.00657823
0.02386045
0.00931025
0.02179267
0.01881944
0.00594533
0.08421003999999999
0.1036104
0.05886772000000001
0.06781295
0.08094276
0.08253791
0.22992316
0.06904147
0.008183570000000001
0.00827473
0.01940427
0.017672900000000002
0.0132239
0.00858236
0.01777856
0.02217012
0.005950100000000001
0.004942149999999999
0.01323324
0.01441905
0.02655823000000001
0.02170802
0.00697432
0.013863389999999998
0.015628799999999998
0.3921316
0.3911168
0.3889074
0.23983960000000001
0.07515627
0.04238407999999999
0.02650915
0.01871553
0.02075185
0.14842228000000002
0.14560168
0.12496818
0.12054968
0.14886198
0.11915878
0.11803987
0.14091283000000002
0.18227009
0.11282814
0.10194752
0.14835117
0.13135971
0.14904288
0.12028763
0.10477165000000002
0.12411153
0.10724741
0.12589034
0.11725204
0.11582507
0.13948159
0.08919306
0.07836796
0.08885575999999999
0.09074502
0.13018577999999995
0.12751437
0.12967722999999998
0.11210178
0.08569322
0.07413125999999999
0.07331933
0.13771671
0.14916561
0.1354591
0.15447467
0.09089733
0.1045938
0.08588314000000001
0.08666602000000001
0.10209546
0.20834093
0.013941329999999998
0.10034263
0.08724670000000001
0.09430558
0.0912416
0.08947659999999999
0.1134248
0.1007221
0.1024339
0.0982863
0.1087539
0.10620689999999999
0.1157837
0.1146367
0.116224
0.10490739999999998
0.0974323
0.0962427
0.08373353
0.04435386
0.05051615
0.05772176
0.05834577
0.06262872
0.042683210000000006
0.06785690999999998
0.04909505999999999
0.04740172
0.05291561
0.08171317
0.07932158
0.0761996
0.08174870000000001
0.0776545
0.06325613000000001
0.0650955
0.08597930000000001
0.051861800000000007
0.05132401
0.054615920000000005
0.1297106
0.06865967
0.04747372
0.07967767
0.0243436
0.017132679999999997
0.00909683
0.01027263
0.01842124
0.01377585
0.012296260000000005
0.02049856
0.014968429999999996
0.01793586
0.014802469999999996
0.06799014
0.06254815
0.14327218
0.1661146
0.11244669999999997
0.1084882
0.1184684
0.16635479999999994
0.163613
0.1632009
0.17011700000000002
0.1653775
0.16524180000000002
0.1701509
0.1639102
0.16253270000000006
0.16126490000000002
0.16213370000000002
0.1610354
0.1909544
0.17823150000000001
0.1843582
0.1775763
0.1907839
0.1813325
0.1618459
0.16084
0.1602098
0.15266159999999998
0.13769178
0.14688033
0.14905678
0.15324908
0.15151840000000005
0.149659
0.15645280000000006
0.16567769999999998
0.15146489999999999
0.1543835
0.15778050000000002
0.1542228
0.152254
0.14429148
0.13084796999999998
0.032337950000000004
0.00864293
0.014491649999999997
0.01208485
0.01887277
0.013590009999999998
0.02969766
0.06520911
0.0661537
0.07095844999999999
0.07259355
0.0572705
0.06539929
0.06201749
0.05390294
0.07233620999999997
0.07196385
0.0762822
0.0515868
0.0438124
0.07256309
0.07773695
0.07344105
0.06028666000000001
0.07260636000000001
0.07204139
0.07035749
0.06795504999999999
0.07069984
0.07423189999999999
0.11912536
0.09496765
0.10722321
0.10677397
0.09815911
0.06159777999999999
0.07887744999999999
0.07720608000000001
0.08158213
0.07711063
0.07763173
0.07636757999999999
0.01473683
0.01420428
0.01233963
0.01248697
0.01132222
0.016284979999999998
0.01797013
0.00951566
0.0093398
0.00983297
0.07523001
0.01005479
0.0079101
0.00907672
0.008882109999999999
0.00821051
0.00955426
0.01137355
0.0137011
0.017523089999999998
0.03926578
0.05623698
0.05790985000000001
0.08901017
0.17600043
0.2443172
0.2360074
0.19814229999999997
0.1926102
0.2527839
0.2553667
0.2588876
0.2514872
0.2540241
0.2497634
0.2510249
0.250537
0.2411203
0.2535184
0.2716731
0.258839
0.25089019999999995
0.25371350000000004
0.2533271
0.2567968
0.2529511
0.2609448
0.1851949
0.18853670000000006
0.185075
0.17755510000000002
0.1784539
0.1751073
0.17620529999999998
0.19383270000000002
0.1966777
0.1969072
0.1975921
0.08476175
0.00925268
0.01048862
0.03755104
0.133693
0.2201053
0.1630932
0.1779581
0.2222678
0.2132118
0.1973615
0.21325110000000005
0.2006922
0.2037534
0.1976478
0.06667534
0.06723905
0.06639959000000001
0.06607555000000001
0.06563843999999999
0.06882329999999999
0.06767544
0.06483430000000001
0.06303094000000001
0.06410965
0.04706049
0.01101846
0.01106886
0.0072048999999999985
0.007996779999999998
0.24394610000000005
0.2118201
0.00612541
0.0090988
0.00971951
0.011484459999999998
0.0096377
0.01055161
0.19644924
0.21202443
0.19759592
0.19364131
0.1907967
0.19081275
0.006472040000000001
0.05524274
0.05680053
0.09020561
0.06852115
0.09131531
0.11069529
0.06220798
0.00387296
0.03235154999999998
0.00606762
0.04434861
0.07314765
0.050942310000000005
0.09214270000000001
0.1690194
0.184141
0.1542
0.06654742
0.008636950000000001
0.013044869999999998
0.01404083
0.01265151
0.005774420000000001
0.00361697
0.00378492
0.00345844
0.00452568
0.00448673
0.00615744
0.005709679999999999
0.00529478
0.00419887
0.0069054400000000005
0.00758029
0.0044328300000000005
0.00432203
0.006231759999999999
0.00588054
0.00547364
0.00422588
0.00519064
0.00552054
0.0078642
0.00730939
0.0092531
0.008004339999999999
0.00821424
0.00560074
0.005426230000000001
0.06389898
0.026131550000000003
0.005270220000000001
0.03065773
0.06997221
0.07484981
0.15261999999999998
0.17838679999999998
0.04388995
0.01006273
0.01190883
0.00985803
0.01085336
0.01247301
0.01154731
0.005453910000000001
0.03249021
0.09879351
0.04333266
0.06631010000000001
0.0630083
0.04348540000000001
0.0533027
0.12148623
0.13830408
0.11042181
0.12391237
0.15075438000000002
0.13223317
0.01177307
0.00603081
0.00986596
0.010389200000000001
0.005651410000000001
0.005906440000000001
0.0074709899999999985
0.005268289999999999
0.004942479999999999
0.00372657
0.00360395
0.05364905
0.02677484
0.00547354
0.00398317
0.00371857
0.18224161
0.18014271999999998
0.14698133000000002
0.0299034
0.14703327
0.14325107999999998
0.14869513
0.16776823
0.15699044
0.17056404
0.15293817
0.17047642999999998
0.14338313000000005
0.15370957000000002
0.17760528
0.17892487
0.18049597
0.18107552
0.16580372
0.17880071
0.17985062000000002
0.17083343
0.14938126999999998
0.16786142
0.13882052
0.17915848
0.18040829
0.21994699
0.21793119
0.18270696
0.18004923
0.17877602
0.17691189999999998
0.15922039000000002
0.31721115
0.30707899
0.22328504
0.30404464
0.29784719
0.27907359
0.16063647
0.17990156999999998
0.1826138
0.18127157
0.18140343
0.16712928
0.17687798999999998
0.128523
0.32588571
0.3068235
0.28267958000000004
0.27522616
0.28637282
0.18194457
0.18063607
0.18351509
0.18293894
0.18293174
0.18226384
0.18190803000000005
0.17704009
0.1801394
0.18061697
0.17981273
0.24829787
0.31766415000000003
0.17667057
0.18196669
0.18166959
0.17915737
0.18031987
0.18118357
0.18017128
0.18192814
0.16314534
0.30814135
0.31661616000000004
0.31868521
0.3181914
0.3046811
0.31778025
0.14378958
0.1824588
0.17525024
0.06445474
0.18100819
0.16595437
0.15409397
0.16671173
0.17742887000000002
0.17925882
0.18128873
0.18161472
0.18192723
0.18241699
0.17993952000000002
0.17888977
0.17937791000000006
0.17937261999999998
0.17707534
0.17432112
0.1720639
0.15612653999999998
0.3380253
0.2448729
0.30969159
0.22951719
0.23093399
0.23006148
0.24507475
0.24182399999999998
0.18329318
0.19401094
0.19564345
0.17992360000000002
0.19566882
0.20423979
0.25803968
0.20551356
0.19167664
0.20182870000000008
0.20305555
0.1833141
0.18938995000000008
0.1973238
0.18086295
0.17854382
0.17982832
0.18076931
0.17841746
0.17389547
0.18112757
0.02550593
0.07034335
0.13706158
0.22549743000000005
0.23367439
0.20488433
0.183636
0.17973766
0.18333239999999998
0.18948158
0.26458790000000004
0.23068849
0.26688585
0.25627596
0.2405958400000001
0.28856098
0.23551563
0.28637856
0.30044184
0.32158511
0.26523495
0.32252493
0.35649770000000003
0.381542
0.37963918
0.38029103
0.38193347
0.31757817
0.31576127
0.38848878
0.3979371
0.36682707
0.36330862
0.33972197
0.33494617
0.33443546
0.33115611
0.3276216100000001
0.32450531
0.32993991
0.33021131
0.32739331
0.32302051
0.33126980999999994
0.33322916
0.32607656
0.33992071
0.33919141
0.2149025
0.3405972100000001
0.31542661000000005
0.1892956100000001
0.1813706
0.18484029
0.18339279
0.19880563
0.200013
0.228469
0.18726059999999994
0.2165132
0.2482764
0.1906745
0.1893697
0.1838008
0.18588360000000004
0.1866421
0.1859313
0.18622560000000002
0.1863515
0.1871029
0.1858844
0.26845489999999994
0.2727942
0.22094879999999997
0.2986925
0.2843319
0.2804801
0.2772447
0.289982
0.36778259999999996
0.3068416
0.26857699999999995
0.2907485
0.28932852
0.29534185
0.2808825200000001
0.34797737
0.31769586
0.32839580999999995
0.25723561
0.37552967
0.37572361
0.37955576
0.39242413
0.38281722
0.38396907
0.23170820000000003
0.40348603
0.41875663
0.41190548
0.41196943
0.39111568
0.37821917
0.22351581
0.22869887
0.26306763
0.27206439
0.27708163
0.25736512
0.19668736
0.18221299
0.18052737
0.18197224
0.18031309
0.181524
0.18099157
0.17318357
0.18075748000000005
0.18023246
0.17499539
0.26995959
0.26875863
0.29453986
0.30287069
0.34603482
0.31188577
0.36992967
0.34250477
0.38245427
0.34418932
0.39070317
0.39401917
0.39225617
0.39131278
0.38954603
0.38791973
0.34478877
0.34412766
0.33175056
0.32714461999999994
0.32682831
0.32927766
0.32398356
0.32104171000000004
0.21605860000000002
0.31305576
0.31774476
0.33300396000000004
0.34358657
0.31939956
0.31571795
0.32156826000000005
0.31644271
0.31295401
0.32973851
0.33116291
0.32638721
0.32712881
0.31770951
0.3148871500000001
0.31211605
0.31137406
0.31245481
0.31024365000000004
0.30881815
0.31508783
0.30186208
0.31327397999999995
0.2553608
0.4212410999999999
0.3691259000000001
0.29116944
0.27594848
0.25133906
0.21847865
0.20963075
0.17419551000000005
0.41867401
0.380784
0.35934748999999994
0.41602537
0.31286129
0.29647815
0.27894669
0.29009105
0.32539690999999993
0.34835926
0.21874186
0.23003038
0.18294339
0.21466933
0.2139132
0.08757718
0.20376837
0.29892568
0.33449411
0.21090721
0.40436734
0.38073159
0.38124086
0.31241844
0.31964760000000003
0.30809545000000005
0.31925811
0.3150695
0.32624381
0.3152313
0.32767384
0.33246220000000004
0.32763272
0.31081461000000005
0.3127204
0.3181681600000001
0.30309228000000005
0.31129510000000005
0.30168691000000003
0.34852945
0.33197048
0.34632417
0.21544325
0.21954904000000008
0.22359512
0.18113767
0.17989126000000005
0.33296727
0.45662107
0.45464911
0.4095034
0.40759916
0.40964736
0.4022745
0.40754805
0.36853669
0.28841885
0.29086299
0.31368326
0.31564548
0.32266141000000004
0.34722381
0.33745069999999994
0.33116849000000004
0.4798611900000001
0.47704164
0.45450634
0.22446359
0.48227959
0.47819454
0.47989114
0.47815849
0.47930883
0.46578433
0.48349049
0.43901299
0.46201689
0.48255609
0.48409673
0.48525799
0.48355783
0.4844458899999999
0.48167249
0.48467779
0.48354819
0.4846534300000001
0.48415083
0.48516679
0.48486289
0.4844405900000001
0.4840732899999999
0.48426589
0.48362873
0.4845196900000001
0.48423869
0.48411789
0.48362289
0.48459839
0.48330309
0.48451609
0.48432969
0.48399539
0.47822159
0.48305013
0.48329383
0.4637302400000001
0.48248819
0.47078449
0.48190449
0.48292259
0.48314019
0.44360515
0.45496595
0.45940969
0.44443348
0.48167874
0.44673349
0.4661896900000001
0.33181209
0.4761655
0.4748924
0.47835059999999996
0.47540175
0.4757297500000001
0.47693765
0.47839065
0.47431555
0.4773815
0.47764175
0.47913965
0.47891265
0.48081995
0.4778785
0.478746
0.4634844
0.4788876
0.44745495
0.48027879
0.48032265
0.48166495
0.47212165
0.4724325
0.46601215
0.4831807400000001
0.46629559
0.48316329
0.48297644
0.48336769
0.48348594
0.48308614
0.4821468400000001
0.48177724
0.48182909
0.4828739500000001
0.483105
0.48349525
0.48294065
0.43529685
0.47070115
0.4823074100000001
0.48240971
0.48245628
0.48180740000000005
0.33081302
0.30936729
0.33227431
0.41530887
0.39424086
0.41943434
0.4782141899999999
0.4360964
0.48217364
0.48182089
0.48243904
0.47055589
0.48223404
0.4389089400000001
0.4816559899999999
0.47360209
0.44844084
0.4785435899999999
0.47938049
0.47837359
0.4789976900000001
0.4033648900000001
0.39801044
0.30734500000000003
0.3730873499999999
0.40798339
0.40127009
0.40729349
0.3977162900000001
0.40611329
0.39996146
0.4720286899999999
0.46952855
0.4819822400000001
0.4656725500000001
0.42326304
0.48343574
0.48209589
0.48292439
0.48248929
0.48230794
0.4829725500000001
0.4828257500000001
0.46813186
0.4280148799999999
0.46591449
0.45732604
0.06565974999999999
0.13568314
0.13898689
0.33387787
0.29462354
0.16701169
0.18389871
0.21098955
0.20714643
0.44937739
0.44159454
0.43365784
0.46739544
0.47045169
0.36038979
0.31465807
0.30042589
0.43330196
0.36029203
0.35430047
0.3974439400000001
0.37479019
0.44331346
0.45868532
0.44614527
0.38687115
0.44116725
0.4427065
0.46203251
0.47355823
0.47365898
0.45831541
0.4726077300000001
0.3403297999999999
0.3459874800000001
0.3735184700000001
0.27459724
0.37042614
0.23742843
0.38193053
0.34419348000000005
0.38722753
0.38034649
0.23215653
0.19571184
0.08872954000000001
0.1351655
0.14647749000000002
0.12880647
0.11582061000000002
0.18739725
0.32527002
0.36947076
0.41999137
0.13931941
0.14126926
0.4426901
0.47862877
0.42231162
0.39782986
0.29878279
0.3203361
0.31450711000000003
0.33309166999999995
0.33394373
0.3618848300000001
0.40902059
0.40464299
0.3494826
0.37752990000000003
0.29442969
0.2919937800000001
0.23800271
0.38384334
0.3832812800000001
0.25165579
0.2367550900000001
0.28845945
0.3867238100000001
0.38196771
0.3553234
0.4846787
0.4801482
0.4817664000000001
0.4821421
0.4825411000000001
0.40326187
0.29413666
0.30003581
0.27093411
0.30649858
0.3023010700000001
0.22312365
0.21531775
0.30778783
0.30538038
0.35595241
0.25491242000000003
0.22882651
0.25142580000000003
0.21950692
0.26930783
0.3876998
0.38112070000000003
0.2198427
0.25882474000000005
0.31180230000000003
0.38785254
0.23953479
0.23456390000000002
0.35638780000000003
0.3829776
0.4389167000000001
0.4371589
0.4550535
0.443193
0.4425531
0.3738088199999999
0.4781802
0.4351442
0.39482098
0.35301311
0.35066755
0.33161744
0.3031832300000001
0.32197345000000005
0.25843933
0.25448174
0.30468868000000005
0.25955799
0.32668139
0.29968715
0.30826073000000004
0.30008353000000004
0.28362672
0.27588023
0.29540894
0.27148558
0.24690232
0.27014497000000004
0.12687666
0.13258984999999998
0.11387145
0.2911858900000001
0.33042275000000004
0.28897719
0.32844195
0.29299140999999995
0.24304709
0.1106902
0.10531174
0.08972613
0.07860632000000001
0.28932769
0.39786253
0.3576095
0.33832338
0.03948448
0.3839678
0.4665803000000001
0.4801126
0.47884899999999997
0.4377249
0.47378279999999995
0.4737378
0.4613888
0.4393638
0.4774532
0.4706529999999999
0.4779669
0.47386229999999996
0.4717703
0.4638151
0.4811586000000001
0.4795044
0.4808955
0.4584759
0.4687601
0.4614364
0.4754403
0.4626695
0.413471
0.4690416
0.4669818
0.4488752999999999
0.4728216
0.4746601
0.4353605
0.3788229
0.4690897
0.47170070000000003
0.4558034000000001
0.4549496
0.4716412
0.4718872
0.4743875
0.4757574000000001
0.4730849
0.4730132000000001
0.4764424
0.4728847
0.43184490000000003
0.4610005
0.4582787
0.4804362
0.4779789999999999
0.4797362
0.4780014
0.4794925
0.47690470000000007
0.479146
0.4781169000000001
0.4768384000000001
0.4797057999999999
0.47626779999999996
0.4488439
0.4645681
0.4757730000000001
0.456438
0.45798310000000003
0.473532
0.47766210000000003
0.4475068
0.40862297
0.31500561
0.4655978
0.4732821
0.4671625
0.4783854
0.4374845
0.4785511
0.4805473
0.4774233000000001
0.4792383
0.481179
0.47881949999999995
0.4090032
0.4785411
0.4780637
0.4803918
0.47891000000000006
0.477045
0.4712955
0.4789789999999999
0.48030790000000007
0.4805001
0.4802019
0.4785837000000001
0.4784789
0.4790970000000001
0.4809285
0.4767766
0.4552429
0.4741364000000001
0.4736335
0.4766843000000001
0.475555
0.478011
0.4242794
0.4628334000000001
0.4682545
0.453186
0.4466272
0.4080552
0.4631735
0.48031779999999996
0.4777073000000001
0.48028350000000003
0.4698639
0.29415833
0.44056049999999997
0.29038334000000005
0.3261929
0.2904357300000001
0.28864983
0.28663138
0.29136577
0.28557997
0.28073905
0.31733409
0.28691120000000003
0.36954183
0.4323682
0.4362023
0.33464160000000004
0.3972797
0.35789540000000003
0.3743176
0.35948528
0.28258788
0.33628915
0.32551007
0.37751896
0.37468751
0.38226512
0.26571505
0.27301108
0.29573889
0.20159893
0.20742259
0.21389369
0.21346304
0.22796697
0.21725507
0.22801102
0.24299037
0.24311868
0.23904453
0.28369645
0.25532347
0.26376592000000004
0.27523478
0.32044853999999995
0.32985401000000003
0.37432817
0.2709577300000001
0.26640272000000004
0.21170307
0.21430551
0.27090505000000004
0.27362535
0.27545906
0.27526747
0.2648147
0.27809081
0.27252020000000005
0.28306165
0.28456521999999995
0.28258642
0.27771136
0.28036481
0.28269715
0.17167138000000004
0.15468448
0.12426448
0.13846525
0.24038976
0.25791619
0.27226269999999997
0.26710485
0.25922621
0.27083215000000005
0.25081699
0.27006771
0.25165599
0.28244951
0.26478551999999994
0.28823752
0.20124832
0.43584431
0.25732284
0.27228875
0.26599199
0.21855369
0.20991722
0.20001247
0.20243116000000005
0.18059556
0.12515148999999998
0.21006127000000005
0.24265026
0.25289931000000004
0.2595889
0.25814456
0.25795712
0.2877609600000001
0.22135336000000005
0.20655345
0.23431746
0.20619712
0.2169562
0.17571844
0.19605413
0.28058292
0.28773937
0.30792216
0.31385702
0.1945498
0.22790663
0.28804796
0.11656561
0.18005100999999998
0.2627906
0.21688214
0.47915694
0.48022389
0.42747049
0.47043462
0.32022359
0.24452119000000005
0.27577355
0.3273955100000001
0.44832403
0.4196761700000001
0.401808
0.2333993600000001
0.38889301
0.32018023
0.4361853
0.37121383
0.2640154000000001
0.3434477
0.36420214
0.47705200000000003
0.4789577999999999
0.4701682
0.36900404
0.2934208
0.28547003000000004
0.38676492
0.4453775999999999
0.4228517
0.32287757
0.33560337
0.3749928
0.27981197
0.29621429
0.28344704
0.24181021
0.23835065
0.29586663
0.20592208
0.28354285999999995
0.22682177
0.23010305
0.23587451
0.28427582
0.30884897
0.12302387
0.15385945
0.07783614
0.13995661999999998
0.02915926
0.04432785
0.01347231
0.008998799999999998
0.02481033
0.06242868
0.04128012
0.03198354
0.0110801
0.03777565
0.018314060000000004
0.02537188
0.026257750000000003
0.00973035
0.07641476
0.04227252
0.28360104
0.3661765
0.4382438000000001
0.46320263
0.0372906
0.3210887
0.31671409999999994
0.30326764
0.42562204
0.4416487
0.452286
0.4424051
0.4706089
0.47148450000000003
0.4483202
0.4726758
0.4146831
0.4042577
0.4723058
0.4577468
0.4462753
0.4678630999999999
0.3674343
0.4257868
0.3731248
0.4584851
0.42571149999999996
0.47144709999999995
0.3639456
0.4710824000000001
0.4730702
0.4703559000000001
0.4707042
0.4429187
0.4055939
0.4430702
0.4716760999999999
0.472349
0.4709592000000001
0.4713233
0.4222156
0.4790161
0.4716451
0.4802591
0.4785162
0.4799236
0.4386969
0.4560615
0.4721193
0.4717125
0.4703251
0.4587331
0.47164849999999997
0.4610862
0.456104
0.4590232
0.4744917
0.4602702
0.4685182
0.46651309999999996
0.455967
0.4719779000000001
0.43910859999999996
0.4592964000000001
0.4410475
0.467675
0.4813727999999999
0.4758111
0.4815884
0.47792650000000003
0.4437038999999999
0.4671813
0.470366
0.4349891
0.4037017000000001
0.4278588
0.3429562
0.3710848
0.3878025
0.4480621
0.4764608
0.3624863
0.4018433000000001
0.4645758
0.47031049999999996
0.4812228
0.4733109999999999
0.47167349999999997
0.47482989999999997
0.4469254
0.4123854
0.4390237
0.444436
0.4417689
0.4742876999999999
0.47495082
0.4433404
0.41579859999999996
0.4383635
0.4601593
0.4601605999999999
0.46180870000000007
0.4215219
0.3887119
0.4096813
0.4221452
0.467205
0.4731972
0.4727652000000001
0.4440027
0.3648959000000001
0.42830050000000003
0.4438001
0.44240219999999997
0.4651535
0.4434931
0.4720906
0.4719352
0.4597675
0.4420874
0.4723499
0.46931239999999996
0.4656474
0.4098289000000001
0.4143999
0.4663735
0.4697746
0.4715198
0.4642960000000001
0.4550925
0.4362838
0.4132492999999999
0.4181516
0.38228670000000003
0.464458
0.45929220000000004
0.4534720999999999
0.4446468
0.4660988999999999
0.44539
0.4749419
0.4647852
0.4642628
0.4520241
0.34444440000000004
0.4665827
0.4490709000000001
0.4617617
0.3330995
0.42623890000000003
0.47089970000000003
0.44453180000000003
0.41494
0.4479868
0.47974540000000004
0.3830668
0.3945498
0.4341776
0.4690629
0.4157987
0.45002770000000003
0.4576399
0.4627599
0.4323663
0.30749707
0.10272803
0.14447116999999998
0.16682029999999998
0.13776254
0.23070705
0.18049246
0.15931521
0.13750029
0.13520164
0.2483684
0.30146484
0.30719189
0.28907803
0.28132458000000005
0.29133988
0.24232372
0.21157897
0.25305802
0.24225965
0.2403635000000001
0.25767802
0.27315118
0.25393522
0.22513722
0.20321562
0.25862807000000004
0.23687897
0.26282362
0.24215258
0.2419583800000001
0.25013778000000003
0.21324128
0.28411699
0.29694995
0.34926341
0.31292541
0.30555855
0.34347665
0.34287274999999995
0.3362259
0.28804689
0.28708503
0.31851994
0.31792418
0.2427359600000001
0.20574606
0.25256663
0.29473158
0.29180758
0.30525119
0.31580395
0.3213511
0.30695928
0.26316162
0.30484523
0.23837021
0.31138044
0.26678418
0.27554643
0.27826857999999993
0.27741658
0.21484863
0.20143638
0.18725933000000008
0.19474802
0.19098177
0.19446403
0.22568153
0.22919354
0.22542608
0.22253853
0.22076689
0.21913348
0.21130599
0.45248531
0.45016001
0.45833382
0.26015511
0.24105495
0.19232016
0.26769142
0.26010762000000004
0.26945828
0.30496799
0.28904243
0.29828854
0.29423384
0.29796954000000003
0.29694794
0.29890483999999995
0.26585183
0.26048153
0.24673732
0.26201312
0.26156286
0.25131162
0.25601586000000004
0.25569172
0.27142007
0.25118707999999995
0.25522649999999997
0.28615672000000003
0.18172287
0.29416402
0.28779872
0.28675247
0.28191227
0.28934222
0.29461532
0.18246201
0.19541336
0.22554378000000005
0.21967853
0.20720302
0.20449666
0.23189519
0.22241489
0.22651013
0.23512215
0.23912801
0.229983
0.22855939
0.25018819000000003
0.26682325
0.28356735
0.26971535
0.26755376000000003
0.19525799
0.26565645
0.26256179
0.26895219000000004
0.19702886000000008
0.20176081
0.20932729
0.20243696
0.19771269
0.19838628
0.20582592
0.20041816
0.20277032
0.20496223
0.19479175
0.22904824
0.26683597000000003
0.27222653
0.25814067
0.28700688
0.29081969
0.22259438
0.26258202
0.25570002000000003
0.27035983
0.25040158
0.26249657
0.2645409
0.257157
0.0719875
0.07577610000000001
0.0951812
0.08824810000000001
0.07225039999999999
0.0680713
0.0760545
0.06957859999999999
0.0711994
0.07453699999999999
0.067672
0.0593904
0.07145449999999999
0.0588342
0.06084540000000001
0.0394105
0.032937199999999986
0.0275885
0.074817
0.0272451
0.030324100000000007
0.0275923
0.0291315
0.0274565
0.028909800000000006
0.030804200000000007
0.035876099999999994
0.0201057
0.031239000000000006
0.021313
0.01862863
0.02515678
0.031845099999999994
0.02805678
0.021955630000000004
0.03053353
0.04607989
0.02377565
0.17993926
0.18575066
0.17661190000000002
0.17004521
0.1622574
0.16306115000000002
0.08609312999999999
0.10325608
0.10342513
0.10000152
0.06602219
0.02440313
0.06564478
0.13754460000000002
0.1902807
0.1896577
0.029575330000000007
0.03086881
0.02253792
0.01952776
0.02015831
0.01969097
0.01833621
0.02967409
0.08372524
0.06689229
0.09305015
0.13641518
0.12146754
0.07941708
0.07628763
0.12125430000000001
0.08204591
0.08280602
0.14654351999999998
0.17153225
0.12779742
0.11325346
0.09598461
0.08879765
0.09202761
0.08762080000000001
0.12617256000000002
0.12346015
0.12539535000000002
0.10951792
0.08459355
0.08433684
0.0831419
0.10054079
0.12577831
0.1092463
0.13209102
0.15855836
0.18148608
0.17754498000000002
0.11541051
0.13382812
0.15405386999999998
0.17886646
0.13588765
0.11943771
0.08228400000000001
0.08039529
0.08391905
0.07972812
0.16015441
0.19657837
0.03983077
0.046581170000000005
0.02955096
0.02232225
0.07434656
0.07716018999999999
0.07849623
0.07796853000000001
0.08099358999999999
0.08436233000000001
0.12545725
0.12933763
0.06453006
0.06604904
0.06574655
0.06327951
0.06242922
0.06081523
0.06730039
0.06539624
0.09624749
0.07724083
0.056715489999999986
0.06966507999999999
0.06999978
0.07050413
0.07336259
0.07442528
0.06997272
0.06896746999999999
0.10964045
0.06910832000000001
0.09218715
0.08925709
0.09801629
0.09295379
0.07750602000000001
0.03701094
0.02221836
0.03164435
0.01848293
0.029350050000000006
0.0340651
0.01003943
0.42810349999999997
0.45603859999999996
0.47698509999999994
0.4777416
0.4726434000000001
0.46109179999999994
0.4700824000000001
0.4656179
0.4778684
0.4778019
0.4777701
0.3124642
0.13332397999999998
0.04886688
0.03491487
0.02912021
0.02086991
0.02459117
0.04122007
0.04013902
0.030538750000000007
0.03702312000000002
0.038046380000000005
0.09150289
0.16850592
0.16622688
0.16887827
0.1671069
0.1627096
0.14826867
0.09909148
0.02662884
0.02638079
0.02931651
0.03302788
0.19019401
0.27790975
0.27876716
0.28041576
0.27063333
0.28052429999999995
0.28356816999999995
0.19834823
0.1166671
0.0583815
0.0524184
0.057060599999999996
0.0595688
0.0819289
0.0810898
0.0969002
0.0670921
0.4038532
0.3420838
0.3952555
0.25370170000000003
0.1683676
0.09264932
0.09239801
0.14243621
0.07872491
0.06826199
0.08678715000000001
0.0588701
0.05549945
0.03991214
0.09375708
0.08989479
0.06178902
0.07279243999999999
0.07319318999999999
0.10812725
0.12181169
0.12484391
0.061165099999999986
0.1107769
0.17527910000000002
0.1035964
0.03376683
0.0508573
0.10463659
0.08743081999999999
0.15780011
0.16777682800000002
0.19616814
0.21009398
0.12825092
0.06778029999999999
0.06704419
0.10445504000000004
0.04330979
0.08485069
0.14433193
0.15733371000000002
0.04514776
0.13332413
0.11320533
0.14355240000000002
0.15831979999999998
0.15902670000000002
0.16090569999999998
0.1557945
0.15950060000000002
0.16238989999999998
0.161657
0.1941988
0.19399779999999997
0.197604
0.1931779
0.15290349999999994
0.2022375
0.1531082
0.1857866
0.1908997
0.1966909
0.1982297
0.1982639
0.1996629
0.202355
0.20224589999999998
0.20546979999999998
0.2039994
0.2032405
0.2090867
0.2068127
0.1997797
0.1978997
0.1964446
0.1932439
0.1972267
0.1908802
0.2064084
0.19770140000000005
0.08977511
0.00882621
0.005625000000000001
0.0074565399999999985
0.006613439999999999
0.01518236
0.0099149
0.01245206
0.009896719999999998
0.01683968
0.09925712
0.06449939
0.07738659
0.08358789
0.006912999999999999
0.0097388
0.01098446
0.011053660000000002
0.01154919
0.05616795
0.05673989
0.05090179
0.06054055
0.05043641
0.05197421
0.05467632
0.13755535000000002
0.07772203999999999
0.10625746
0.0928437
0.0983032
0.09121365
0.07333789
0.07139158000000001
0.05451535
0.10144209
0.058271980000000015
0.05888606
0.05623830999999999
0.056330549999999986
0.05018657
0.05531468
0.05546833
0.05276832
0.04906512
0.05175145
0.05172675
0.05486356
0.06245901
0.06820979
0.1105312
0.10770485
0.11368191
0.1287184
0.2038039
0.2103551
0.1109163
0.24399690000000002
0.2827949
0.2828549
0.2362518
0.2831671
0.27789610000000003
0.28371119999999994
0.27822009999999997
0.28324699999999997
0.27705009999999997
0.27614350000000004
0.2755057
0.279874
0.2710121
0.28274249999999995
0.2596939
0.21157940000000008
0.2091413
0.2308511
0.2698067
0.2752023
0.2641388
0.2645301
0.267986
0.27069920000000003
0.2736639
0.2712228
0.28119390000000005
0.2715133
0.14058031999999998
0.20241918
0.483942
0.4259277
0.4846316000000001
0.4644182
0.16543525
0.08285392
0.0695592
0.07017309000000001
0.07072638
0.06622919000000001
0.12650294
0.12457226
0.18469652
0.18314451
0.18318236
0.22311304
0.19028342
0.18546811
0.18509311
0.12457849
0.13116819
0.03672138999999999
0.10789481
0.18491222
0.18489858
0.18350721
0.181559
0.18468985
0.18338496
0.18427747
0.21167357
0.18387572
0.18591612
0.07000987
0.14088286
0.20542677
0.16808441
0.16819442
0.26839198
0.17217290000000002
0.17431819999999998
0.1591582
0.15838010000000002
0.14033203
0.01063872
0.05764153
0.08204102000000002
0.12371576
0.15095438
0.13772113
0.16248397
0.17747349999999998
0.12329727
0.017795420000000003
0.06563967000000001
0.06912816
0.1068839
0.09372965
0.11645151
0.16542827
0.15638773
0.16736821
0.07595148
0.06287676
0.06758338
0.12483761
0.16062812
0.07735101999999999
0.05187575
0.00849202
0.058258140000000014
0.07339622000000001
0.16897210000000001
0.16593139
0.16164044
0.06794039
0.06639976
0.06870636000000001
0.06967241999999997
0.25889285
0.25050505
0.25129795
0.179491
0.1872808
0.24542385
0.2436678
0.24442095000000005
0.06554505999999999
0.06981337
0.06994996
0.06705385000000001
0.046718699999999995
0.12097299
0.13158784
0.06904445
0.13277772
0.13254069
0.1327864
0.13372174
0.13175989
0.13244199
0.13177935000000002
0.13385211
0.1458394
0.19460572
0.12877516
0.12602013
0.06871047
0.008794689999999999
0.07163859
0.2128488000000001
0.2139897
0.20825187
0.23226053
0.22803658
0.22517063
0.20711048
0.16973966999999998
0.17320189
0.24133265
0.13247243
0.12680211
0.15933196
0.16268408
0.157907
0.10944192
0.11217179
0.17362612
0.13351807999999998
0.16034720000000002
0.1997753
0.21483959
0.13419005
0.13086803
0.12994764
0.18493035
0.1913274
0.1914386
0.19413235
0.19232940000000004
0.1942864
0.12959269
0.1827435
0.18073955
0.1543233
0.12101145
0.17406384000000005
0.06524052
0.06617999999999999
0.00484224
0.004034389999999999
0.00508653
0.00575966
0.006688759999999999
0.00615739
0.08022664
0.00608615
0.0073381
0.008293749999999999
0.0066003
0.04621125
0.04094289
0.04330659
0.04097959
0.03684979
0.005010140000000001
0.05541544
0.05512135
0.00863671
0.00700914
0.00565729
0.11085493
0.12691974
0.12111173
0.00812113
0.01159046
0.01352622
0.0203591
0.01229521
0.00948495
0.00768629
0.007021379999999999
0.0075255600000000014
0.007711189999999999
0.00773342
0.010190799999999998
0.00769519
0.00593448
0.006057389999999999
0.012153359999999998
0.00694024
0.00758214
0.00656048
0.00686437
0.12607475
0.00574444
0.0075695799999999985
0.07188733
0.10612016
0.0310347
0.04053412
0.03577231
0.03833573
0.01937766
0.06191044
0.037425410000000006
0.07321398999999999
0.0081927
0.020551890000000003
0.11675898
0.05047214
0.03798587
0.07251156
0.03768322
0.10119292
0.02651425
0.04454247
0.07693603
0.05054112
0.06559016000000001
0.05355671000000002
0.041849250000000005
0.04877720000000002
0.04706956
0.06506119
0.04093402
0.05440963
0.04827622
0.02552785
0.060861629999999986
0.05193317
0.10983958
0.06931032
0.08471428
0.06936022
0.10042725
0.10829289
0.14523540000000001
0.08081959000000001
0.13883942000000002
0.12573386
0.08930763
0.08564216999999999
0.06239476
0.08831212000000001
0.07824147
0.06136171
0.05951910000000001
0.09960388
0.08280532
0.07839036999999999
0.10176786000000004
0.11961917
0.12380407000000004
0.08134399
0.08672844999999997
0.04866531
0.11762865
0.16583146999999998
0.16056513
0.08882684
0.08289278
0.08520698
0.10387378
0.06047852
0.05519515
0.08769578
0.08744302
0.11044168
0.09686468
0.09870798
0.10096888
0.09402002
0.07911601999999998
0.08723628
0.1617152
0.08738703
0.07561322
0.11091339
0.07424222
0.07426412
0.10259715
0.08344278000000001
0.06579562
0.1069434
0.08945339
0.12158225000000004
0.07320432
0.08742968000000001
0.08640393
0.11365155
0.07188765999999999
0.08578473
0.10926529
0.07137288
0.07719432
0.1218101
0.07461508
0.06448452
0.06850256
0.14165497
0.12371631
0.07536251
0.047231930000000005
0.09164097
0.06230393
0.05430319
0.07560367999999999
0.05351343
0.05471263
0.07228778999999999
0.05468644
0.05145783
0.05636487
0.06083143
0.02359812
0.07659579999999999
0.07067709
0.06241722
0.08702480000000001
0.06913189
0.03220116
0.06763024000000001
0.07411029
0.04737792
0.05862239
0.0682448
0.05866362
0.06590175
0.05746097
0.07363329
0.05268573
0.07839095
0.04002112000000002
0.05922853
0.03387402
0.06932699
0.08493365
0.08387336
0.042967950000000005
0.12497313000000004
0.16354468
0.16038984
0.11057242
0.12089762
0.04145347
0.10722197
0.08481469999999999
0.05571639
0.12733701
0.20986862
0.1522101
0.16944557
0.14598561000000002
0.16020551
0.12263091
0.13598325
0.14355295
0.12691235
0.14892246999999995
0.11326068000000004
0.12777573
0.11903273
0.13064658
0.12695729
0.14960666
0.20701955
0.16298908
0.15724232
0.16457373
0.16375692
0.16573768
0.16574002
0.16159797
0.16171782
0.14258245
0.14901882
0.17294368
0.13644618
0.17851570000000005
0.15870039
0.17318385000000006
0.07569187
0.06769811
0.10324003
0.08234057
0.08318492999999999
0.15000022999999998
0.17429354
0.14254012
0.16577624000000002
0.12354426000000004
0.14317732
0.16522928
0.11268779
0.08959676999999999
0.06073054
0.0707529
0.12622045
0.06013077
0.15367587
0.16413379
0.09406174
0.21884775
0.01655128
0.01207902
0.04897835
0.03791908
0.07491953
0.1180077
0.04325536
0.05190345
0.03631743
0.02656214
0.03515364
0.06477183
0.017099299999999998
0.02734944
0.05249296
0.03438745
0.03129526
0.05233298
0.008087899999999999
0.02077006
0.07027394
0.06157645
0.073168
0.06175820000000001
0.05204588
0.08984755999999999
0.13418273999999994
0.10539649
0.05360856
0.02937231
0.01219334
0.01964308
0.00490348
0.00446175
0.00407614
0.00510178
0.16440966
0.14575405
0.12402691999999994
0.05812304
0.04488692
0.02134041
0.0300637
0.04301766
0.06717463000000001
0.0460754
0.06921558
0.0193596
0.08348288999999999
0.07645534
0.01086138
0.06552758
0.05538296
0.0956862
0.1111203
0.1260811
0.12649755
0.14903075999999998
0.16670937
0.1071204
0.11748537
0.09553364
0.11328800000000001
0.09100845
0.08167167
0.18302005
0.08719447999999999
0.11833936
0.10656289
0.11083689
0.08094066
0.10933458
0.12215804
0.07265332000000001
0.16709997
0.20344890000000002
0.25585630000000004
0.11732607
0.07267626
0.1202614
0.1236566
0.2321315
0.2510924
0.1651862
0.2114467
0.3543255
0.3333179
0.31707729999999995
0.3833007
0.40266779999999996
0.0872877
0.1389248
0.1913806
0.2047925
0.2481202
0.1804479
0.3164573
0.24809347
0.20838632
0.18963572
0.13109506
0.12083545
0.07672355999999997
0.08633153
0.044294
0.06286605
0.08354898
0.17814724999999998
0.13181198
0.14788057
0.07060521
0.02750739
0.05370469
0.04547463
0.06814846
0.06073533
0.12577913000000002
0.05432881
0.04855053
0.05394789
0.05172865
0.06481788000000001
0.16977569999999995
0.1993856
0.2474357
0.17312173
0.09190445
0.09057193
0.06528662
0.06833787000000001
0.07860597
0.07413143
0.07865725
0.02637513
0.13295760999999998
0.10383143
0.09004453000000001
0.14223945999999998
0.07664642999999999
0.08000992999999999
0.07243073
0.03858605
0.16229651
0.10882121
0.07134227
0.114972
0.08419587
0.09199257
0.03222981
0.05012463
0.10271507
0.10602137
0.2056637
0.12643307
0.16740202999999998
0.12864348
0.14953792000000002
0.13038771999999998
0.09121708
0.17920392
0.17369980000000002
0.2167163
0.10343477
0.08614297000000001
0.1808596
0.14230158
0.1758863
0.1269921
0.10374152
0.10951987
0.13135871
0.13678521
0.16298067000000002
0.13952306
0.12733425
0.14382794
0.12694178
0.15592599999999998
0.19976271
0.20500171
0.07592543
0.12507435
0.13718751
0.2396445
0.20153770000000001
0.20598400000000006
0.1932469
0.1918789
0.34368180000000004
0.21308760000000002
0.2004107
0.2979159
0.25651529999999995
0.20087127
0.11558971
0.11869727
0.13786822
0.11490161
0.11796778
0.09107415
0.04857396
0.08142397
0.07072061
0.13341127
0.1205987
0.2516354
0.21561370000000002
0.2120159
0.2130669
0.25827910000000004
0.26132120000000003
0.26589050000000003
0.2550958
0.14943461
0.12422988
0.16193903
0.16829008
0.16772398
0.13409832
0.12897757
0.16524155
0.11639156
0.102298
0.09719155
0.05994158
0.08261131
0.04617738
0.06084253000000001
0.10701122
0.08699069999999999
0.11618322
0.11846024
0.11109572
0.16656351
0.10244409999999997
0.15369129999999998
0.17319160000000006
0.159754
0.1495155
0.1716527
0.1899177
0.1937526
0.2144816
0.322099
0.26973769999999997
0.2590204
0.2168089
0.30122040000000005
0.3441907
0.189526
0.22658520000000004
0.2252134
0.14826799999999998
0.1935625
0.057945759999999985
0.05006899
0.09431651
0.035730490000000004
0.03786438
0.052714090000000005
0.13338845000000002
0.11923118
0.08645196000000001
0.06071103
0.04666017
0.07184179000000003
0.06275482
0.07395064999999999
0.06600199
0.03914931
0.03716026
0.0545059
0.0826449
0.06150612
0.00776328
0.04357806
0.07580972999999999
0.14146277000000002
0.11270281
0.14499776
0.08693149
0.13881442
0.07009689
0.051940400000000005
0.07408871
0.01223409
0.02407884
0.01441143
