0.1246076
0.0002289
0.1069913
0.08907539999999999
0.12537
0.1156997
0.13114220000000001
0.13361499999999998
0.1232855
0.1184693
0.16537979999999994
0.16130650000000002
0.17227220000000001
0.1163627
0.15584589999999998
0.1696822
0.15638020000000002
0.1538774
0.1511431
0.1307836
0.2397589
0.2283694
0.1187465
0.1041002
0.1686908
0.1018886
0.100525
0.04698
0.15904200000000002
0.12537769999999998
0.13801799999999995
0.1580024
0.100845
0.15514410000000006
0.1232288
0.1083879
0.09163919999999999
0.07678109999999999
0.08517310000000003
0.1017773
0.0902701
0.07850439999999999
0.3023422
0.0760668
0.07484539999999999
0.12287589999999995
0.14508210000000002
0.1220692
0.1462565
0.197916
0.1171787
0.106113
0.1589202
0.1649754
0.17780020000000002
0.17904969999999998
0.108174
0.1838903
0.22017080000000008
0.2304927
0.215725
0.1850354
0.13455489999999998
0.09219489999999997
0.1022563
0.10435630000000001
0.0942201
0.09692010000000001
0.08822200000000001
0.1099887
0.1056754
0.1121154
0.1020916
0.09263439999999999
0.0951887
0.1144249
0.12184589999999998
0.0976268
0.07723109999999997
0.0955809
0.0958584
0.08905100000000002
0.1272794
0.12115570000000002
0.1150882
0.1195567
0.137759
0.095379
0.111078
0.133606
0.117085
0.111796
0.10979
0.12423
0.140818
0.113008
0.092987
0.097126
0.10260799999999999
0.100403
0.08911500000000001
0.09374400000000001
0.111125
0.103058
0.125744
0.152078
0.170626
0.146815
0.13878200000000002
0.127129
0.118601
0.102416
0.09067599999999999
0.10505999999999999
0.098245
0.112657
0.121831
0.11145499999999996
0.12548900000000002
0.088925
0.08706199999999999
0.086492
0.08502799999999999
0.100111
0.084969
0.07984400000000001
0.09278689999999999
0.1474139
0.1348728
0.1142752
0.101552
0.121114
0.08401700000000001
0.098071
0.12434599999999996
0.12817
0.131174
0.110418
0.116272
0.108593
0.08836200000000001
0.106493
0.131214
0.120414
0.11461199999999999
0.116052
0.110822
0.12789
0.11446700000000001
0.11833199999999999
0.104785
0.107091
0.111641
0.120966
0.10052
0.126224
0.14025200000000002
0.127203
0.14552099999999998
0.157224
0.14425300000000002
0.13356400000000002
0.108081
0.10365
0.1415
0.099895
0.13248600000000002
0.16501100000000002
0.13181199999999998
0.102893
0.103623
0.109563
0.203905
0.354381
0.32704900000000003
0.272857
0.280582
0.285549
0.101521
0.1005
0.109805
0.091336
0.11422
0.12550999999999998
0.11041
0.13229000000000002
0.13049000000000002
0.10897
0.09832000000000002
0.10004
0.11878
0.13931
0.13254000000000002
0.15356
0.14861999999999995
0.13699999999999998
0.1349
0.14062
0.12646
0.11908
0.13385
0.13772
0.13574999999999998
0.13843
0.14649
0.13791199999999998
0.11310999999999999
0.11205999999999999
0.12478
0.13296
0.16374
0.14847
0.13086
0.1336
0.13501000000000002
0.12700999999999998
0.13729
0.12354
0.12741
0.12104000000000001
0.11712
0.13251
0.16342
0.15517999999999998
0.1546
0.15017999999999998
0.15329
0.12696300000000002
0.11835
0.15967
0.18219000000000002
0.13597
0.13039
0.15302000000000002
0.13297
0.11936
0.15316000000000002
0.13434
0.14221
0.20617
0.21045000000000005
0.20103
0.17096
0.17457
0.23956
0.24856
0.2735
0.24924000000000002
0.2126200000000001
0.2115
0.24398000000000003
0.229188
0.23381
0.2287
0.24115999999999999
0.23126
0.23951
0.22781
0.26419000000000004
0.2611
0.26288
0.25222
0.23888
0.22755
0.22333000000000006
0.24538
0.24168
0.25693
0.23993
0.24113
0.2663
0.24244
0.24659
0.23526
0.20740000000000008
0.2189200000000001
0.21746
0.20942
0.20283
0.21484
0.21154
0.21625
0.20959
0.19745
0.24291999999999997
0.25525
0.24866
0.24646
0.23937000000000005
0.24695
0.24896
0.24164000000000002
0.249694
0.23975
0.23176
0.26516
0.23551999999999995
0.26397
0.25802
0.26825
0.2546
0.24308000000000002
0.27304
0.2705400000000001
0.25916
0.26096
0.26006999999999997
0.25772
0.25913
0.26911
0.27161
0.26431
0.2439000000000001
0.22601
0.2223
0.2414800000000001
0.2359
0.3045
0.26959
0.25117
0.24464
0.2243
0.22872
0.23205
0.24288
0.24377
0.25468
0.24220999999999998
0.23858000000000001
0.24994
0.24719000000000005
0.26916
0.25674
0.259
0.24869
0.26544
0.2429300000000001
0.23462
0.22693000000000002
0.22919
0.21361999999999998
0.20569000000000004
0.20673000000000002
0.21151999999999999
0.20940999999999999
0.21095
0.22009
0.22321
0.26025
0.2307400000000001
0.24774000000000002
0.23231
0.22904000000000002
0.23358
0.24495
0.18582
0.18652
0.18789
0.19003
0.18738
0.18676000000000004
0.18149
0.18186
0.20087
0.17398
0.18932000000000002
0.20397
0.20923000000000005
0.19983
0.17795000000000002
0.17942
0.20726
0.19473
0.19519
0.18003000000000002
0.18952
0.18079
0.19665
0.20614000000000002
0.21545
0.18520999999999999
0.15817
0.15811
0.14950000000000002
0.15579
0.16071
0.15164
0.15394000000000002
0.163396
0.2109
0.23893000000000006
0.24243
0.2146
0.21081
0.19391
0.19152
0.17925
0.18215
0.1905
0.17976
0.17661
0.18988
0.198
0.19229
0.19928
0.19007
0.19116
0.19128
0.19787
0.20121
0.20511
0.20728000000000002
0.19824
0.20725
0.19671
0.20565000000000005
0.20234000000000002
0.20355
0.20382
0.20044
0.20289000000000001
0.20792
0.22989000000000004
0.21136
0.23750900000000005
0.23404
0.24328999999999995
0.23218000000000003
0.23977
0.22832
0.2270200000000001
0.22894
0.2058200000000001
0.22214
0.22058000000000003
0.22206
0.22205
0.25076
0.25082
0.25472
0.25418
0.23706
0.24894
0.232962
0.213017
0.214234
0.22412600000000002
0.26623
0.21577
0.20642
0.19751
0.21179
0.32265
0.4216
0.38326
0.25335
0.22015
0.21008
0.21692
0.22661
0.22095
0.22943
0.21550999999999998
0.20222
0.20984000000000005
0.23279
0.18597
0.18676
0.17181999999999994
0.15838
0.24045
0.207976
0.23626
0.20624
0.21425
0.20465
0.19244
0.19684
0.20086
0.18646
0.21515
0.25153000000000003
0.20562
0.2558
0.25549
0.2807
0.27721999999999997
0.28418000000000004
0.28009
0.29839000000000004
0.29334
0.27497000000000005
0.18329
0.17980000000000002
0.20801
0.24725999999999998
0.18829
0.23285
0.24786999999999998
0.26569000000000004
0.25066999999999995
0.25916
0.25793
0.23547
0.22608000000000006
0.24040999999999998
0.2472089
0.24261999999999997
0.24366
0.25038000000000005
0.23889000000000002
0.24468
0.24975999999999998
0.2431
0.25274
0.23675
0.1922
0.182
0.18457
0.1809
0.17761
0.17303999999999994
0.18018
0.18109
0.17870999999999998
0.18738
0.18145
0.17974
0.20605
0.23108
0.24469
0.28137
0.22253
0.23255
0.22021
0.22131
0.22033000000000003
0.21375
0.20203
0.19397
0.21387
0.2163
0.21972
0.20257
0.20679
0.19617
0.1922
0.19421
0.18145
0.17743
0.18061
0.17962
0.19983
0.20440000000000005
0.19611
0.18891
0.19641
0.18878
0.18584
0.18336
0.18768
0.17376000000000005
0.17719000000000001
0.18488
0.19489
0.17724
0.18555
0.20813
0.21521
0.17047
0.17109000000000002
0.17401
0.21155
0.20544
0.20874
0.18738
0.17206
0.17951
0.17853000000000002
0.17290999999999998
0.16680999999999999
0.17602
0.19861
0.2201
0.20745999999999998
0.21100000000000002
0.21118
0.20825
0.19116
0.1648
0.15863
0.15875
0.16564
0.18927
0.19446
0.1839
0.18024
0.20459
0.18048
0.16455
0.17911
0.16613
0.18976
0.18104
0.18733
0.17595999999999998
0.18428910000000004
0.213134
0.17709
0.1756
0.19587
0.1912
0.19598
0.17511
0.19543
0.17309000000000002
0.16632
0.18408
0.16595
0.1629
0.16064
0.15497
0.15075999999999998
0.15936
0.15485
0.14881
0.14727
0.17895999999999998
0.16357
0.18493
0.171921
0.17862299999999998
0.16565
0.15496
0.17937999999999998
0.14087
0.13341999999999998
0.13549999999999998
0.14874
0.16369999999999998
0.17565999999999998
0.1842
0.1698
0.1709
0.17431
0.16546
0.15857000000000002
0.14612000000000006
0.14758
0.14991
0.14019
0.12949000000000002
0.12802000000000002
0.1496
0.16552
0.16302
0.17767
0.18475000000000005
0.18768
0.17883
0.17835
0.16974
0.15972999999999998
0.15411
0.1673
0.1499
0.16704999999999998
0.18378
0.14795000000000005
0.15577
0.15753
0.15850999999999998
0.16277
0.15399000000000002
0.13648
0.14539000000000002
0.13097999999999999
0.13373
0.15844999999999998
0.14679
0.14728
0.16913
0.17395
0.16779000000000002
0.16607
0.15117999999999998
0.18939
0.17682
0.14264000000000002
0.13209
0.13757
0.13530999999999999
0.13898
0.14386
0.13226000000000002
0.1416
0.17944000000000002
0.19080999999999998
0.15345
0.14325
0.13677999999999998
0.18279
0.18762
0.17968
0.18701
0.18445
0.18139
0.14404
0.16046
0.18677
0.18689
0.18317
0.15528
0.16529000000000002
0.19812000000000002
0.16273
0.14062999999999998
0.13956
0.13925
0.14162999999999998
0.13541
0.13163
0.13030999999999998
0.13409
0.14257999999999998
0.14892
0.22476
0.1892
0.18591
0.19189
0.17407
0.1499
0.13128
0.13233
0.1612
0.17401
0.15064
0.1239
0.1206
0.12152
0.12671000000000002
0.11981
0.12847999999999998
0.15375
0.11093
0.13482999999999998
0.17252
0.14532
0.14086
0.14875
0.14288
0.15011
0.1519
0.15936
0.14655
0.15098
0.12946
0.12567
0.12702000000000002
0.14111
0.13244999999999998
0.13391
0.12579
0.12506
0.12872999999999998
0.14954
0.13349
0.14190999999999998
0.13971
0.1288375
0.11867930000000003
0.14778029999999998
0.17702220000000002
0.1319784
0.1308665
0.13247430000000002
0.14228439999999998
0.1281874
0.15943929999999998
0.1513874
0.1390541
0.1316774
0.1475293
0.1533374
0.1443593
0.14551740000000002
0.13929840000000002
0.1428365
0.14217839999999998
0.1533384
0.1786622
0.18068410000000001
0.1748831
0.14722839999999998
0.1408274
0.15461930000000002
0.1512693
0.1427174
0.14076029999999998
0.13740739999999999
0.14406839999999999
0.1806912
0.17428310000000002
0.1442355
0.1364884
0.14589839999999998
0.14827220000000002
0.14685739999999994
0.1405803
0.1513174
0.1565703
0.1602874
0.1513303
0.14943929999999994
0.1538293
0.14198840000000001
0.1381974
0.1439974
0.14795740000000002
0.14393840000000002
0.1403974
0.1346565
0.14575929999999998
0.1454584
0.1425874
0.1617593
0.16664120000000002
0.1641365
0.1634122
0.1517474
0.1391665
0.14748119999999998
0.1530322
0.1499855
0.14448650000000002
0.13691360000000002
0.1481484
0.1329465
0.1427784
0.14106839999999998
0.1474707
0.1503484
0.1479584
0.1596293
0.1668293
0.14869549999999998
0.1458236
0.14923740000000002
0.1499174
0.17567839999999998
0.19564310000000001
0.15882739999999998
0.1693893
0.1597974
0.1841674
0.2019793
0.17225839999999998
0.15497650000000002
0.1471645
0.1560184
0.16261550000000002
0.1883684
0.1770293
0.1519355
0.1519874
0.1491745
0.15822650000000002
0.1724365
0.1969703
0.1729874
0.1602284
0.1631074
0.1992326
0.1889184
0.1909255
0.15430739999999998
0.1654184
0.1776284
0.16895839999999998
0.1615155
0.17555929999999995
0.17403219999999994
0.1880703
0.1843403
0.1651793
0.1698693
0.1906303
0.1885503
0.1883031
0.17909029999999998
0.1710384
0.17184029999999995
0.1594374
0.1550974
0.1652753
0.15974929999999998
0.1658574
0.17396840000000002
0.17909740000000002
0.1817812
0.17140119999999998
0.1610893
0.1844612
0.17074029999999998
0.1806793
0.1810412
0.16536030000000002
0.1624384
0.1693893
0.1662774
0.1583374
0.1471693
0.17659029999999998
0.17910220000000002
0.16707499999999995
0.15882929999999998
0.1497412
0.1552903
0.1532093
0.17257379999999994
0.14143029999999998
0.15205839999999998
0.1598074
0.1576612
0.183006
0.1852031
0.16273220000000002
0.1492474
0.1479055
0.1728031
0.177635
0.1528503
0.15993120000000002
0.17885220000000002
0.17262120000000006
0.1547422
0.16737309999999994
0.1761012
0.16651929999999998
0.15675930000000002
0.15674929999999998
0.15498929999999994
0.1463884
0.20787600000000006
0.2060498
0.1966479
0.18673120000000004
0.1579203
0.14741310000000002
0.1673582
0.1757431
0.15936730000000002
0.15896029999999994
0.1605955
0.1589921
0.1709741
0.15455120000000006
0.1503484
0.1463884
0.1276274
0.1245893
0.1228793
0.1305074
0.160175
0.1624431
0.15010120000000002
0.1494984
0.1350274
0.171595
0.1668312
0.16195120000000002
0.1525493
0.1498631
0.1284265
0.12288839999999998
0.1268474
0.1261193
0.13575220000000002
0.1344674
0.1372174
0.1552174
0.1594422
0.1425284
0.16493310000000005
0.1416093
0.1254036
0.17805120000000002
0.18422220000000006
0.1572984
0.1503374
0.14204029999999998
0.13617649999999998
0.1436884
0.15742650000000002
0.18641220000000008
0.17177409999999999
0.15455839999999998
0.1516165
0.1413684
0.1372174
0.1366184
0.16346929999999998
0.1754974
0.20095220000000005
0.18282120000000002
0.1553003
0.1478503
0.1421665
0.1356074
0.13596930000000002
0.17403030000000005
0.15698929999999994
0.1407265
0.1380165
0.13627450000000002
0.1465645
0.14179740000000002
0.1450955
0.1519274
0.1858722
0.19198220000000002
0.1544365
0.1790931
0.1800712
0.1886831
0.1893431
0.1842922
0.16047930000000002
0.1485784
0.14075739999999998
0.1416755
0.1384945
0.13627650000000002
0.13284649999999998
0.1340155
0.1382565
0.1360655
0.1473474
0.1517493
0.1483884
0.13330450000000002
0.1351484
0.13643840000000002
0.15309029999999998
0.1615312
0.16095839999999995
0.14234029999999998
0.1338284
0.1311174
0.13526649999999998
0.1389974
0.1534603
0.17720120000000006
0.15565120000000002
0.15926220000000002
0.1677945
0.15346310000000002
0.1618322
0.1645603
0.16896219999999998
0.14575929999999998
0.1415555
0.1389255
0.1393555
0.1452193
0.15981030000000002
0.1727503
0.15754030000000002
0.1618193
0.16419840000000002
0.1573003
0.1536336
0.16767929999999998
0.18110120000000002
0.1721284
0.1686603
0.16914500000000002
0.1674431
0.1906431
0.1666493
0.17988310000000002
0.201015
0.1809331
0.16438029999999998
0.16412839999999998
0.1748912
0.19228220000000001
0.1588384
0.1628484
0.1545493
0.15614450000000002
0.16425839999999994
0.15431650000000002
0.14722839999999998
0.1508245
0.16866029999999999
0.16438930000000002
0.17031029999999994
0.1863612
0.17068119999999998
0.15455739999999998
0.15699739999999998
0.1478374
0.1560765
0.1718293
0.16285739999999999
0.1867145
0.15852739999999998
0.2055265
0.2137055
0.2270593
0.2202974000000001
0.21527450000000006
0.21371030000000002
0.2180255
0.20380930000000005
0.2130293
0.2097884
0.2025965
0.19820120000000002
0.1839665
0.1865393
0.2061845
0.2030774
0.21369740000000004
0.22407739999999998
0.2509922
0.2276903
0.2171922
0.2103384
0.1964145
0.2058893
0.2092465
0.2136403
0.2215822
0.2043103
0.22309740000000006
0.2126055
0.2044784
0.1911874
0.1932565
0.2062545
0.2010574
0.1943395
0.2007645
0.1981965
0.2076593
0.23824220000000002
0.2040565
0.1961145
0.1814145
0.1920036
0.1983284
0.2015536
0.20638649999999997
0.2018545
0.2053355
0.2503155
0.24537170000000005
0.2754103
0.2777903
0.24452220000000002
0.2321855
0.20679450000000002
0.1598074
0.16484849999999998
0.1572395
0.1480434
0.1506475
0.1506925
0.15308650000000001
0.15821839999999998
0.16035739999999998
0.1637674
0.1686484
0.1679184
0.1582184
0.1551555
0.15290839999999994
0.1658493
0.16957220000000006
0.1701184
0.1641993
0.1699912
0.1701193
0.1689022
0.16475839999999994
0.1608503
0.17158929999999994
0.2301922
0.1952622
0.2580341
0.2362922
0.2371403
0.2369593
0.2252312
0.19979029999999998
0.2116284
0.2079693
0.14771650000000006
0.1867793
0.1849593
0.2115031
0.22615220000000005
0.22036120000000006
0.2052193
0.1939893
0.2063174
0.20094220000000002
0.1909393
0.14131029999999994
0.1478384
0.1468703
0.13502740000000002
0.1293474
0.1250174
0.1313584
0.15113120000000002
0.15663120000000005
0.1537012
0.16853120000000002
0.1856941
0.17891220000000002
0.16427120000000006
0.13166740000000002
0.13740929999999998
0.1482084
0.13783929999999994
0.1333329
0.1247098
0.1577874
0.1747836
0.16813329999999999
0.1516277
0.1563884
0.14265650000000002
0.12996839999999998
0.1346899
0.1342757
0.1303378
0.13451670000000002
0.1375845
0.1383284
0.1533374
0.1465684
0.1413693
0.13190839999999998
0.1247993
0.12650840000000002
0.1407065
0.1273374
0.1293174
0.1308065
0.1681703
0.1682303
0.1434474
0.13517739999999998
0.1497993
0.1502184
0.1494345
0.1531474
0.1565065
0.1532693
0.14613929999999994
0.14112650000000002
0.1436674
0.1361755
0.1513155
0.17018029999999998
0.1581555
0.16962839999999998
0.16828929999999998
0.21450500000000006
0.20132220000000006
0.1500993
0.1508874
0.1522965
0.1568174
0.211875
0.16768929999999999
0.1610193
0.1549274
0.1928903
0.1622503
0.16279739999999998
0.17810839999999994
0.1897131
0.19240120000000002
0.1838493
0.16976029999999998
0.18313120000000002
0.15833740000000002
0.1567865
0.17061120000000002
0.20881220000000006
0.20436310000000002
0.213585
0.2071822
0.1929493
0.1730474
0.2001622
0.2007574
0.2085812
0.19722220000000001
0.2050303
0.1679174
0.1635874
0.16621740000000002
0.1933793
0.2173693
0.2002712
0.1831265
0.19763020000000006
0.17518840000000002
0.1654193
0.1892303
0.21065310000000004
0.2051603
0.1931265
0.17371550000000002
0.15855550000000002
0.2163184
0.17933929999999998
0.2126631
0.2420331000000001
0.2045393
0.2025255
0.1975845
0.2017384
0.2023584
0.2098465
0.2180403
0.2083341
0.20809029999999998
0.19966029999999999
0.20820120000000006
0.2076012
0.1921465
0.1854465
0.1875784
0.1937412
0.1916065
0.18000549999999998
0.1996612
0.19271120000000005
0.1952612
0.2029012
0.2028974
0.21003029999999998
0.2162712
0.1972165
0.1830574
0.1875703
0.18910739999999998
0.1826284
0.1760965
0.1757265
0.1765912
0.1812274
0.1980093
0.18910839999999998
0.1980803
0.2093131
0.1927093
0.1843384
0.1795774
0.1822655
0.1805603
0.2233441
0.1631664
0.1908607
0.1850765
0.1936193
0.19507739999999998
0.19160839999999998
0.1967955
0.20577220000000002
0.2071674
0.2020474
0.1925265
0.1861065
0.1898265
0.1964874
0.2072884
0.21601930000000005
0.2508112
0.2186384
0.20032650000000002
0.2187574
0.24397120000000005
0.2410393
0.2241984
0.21485839999999998
0.2086274
0.20693120000000004
0.1939874
0.1919655
0.1876945
0.1785465
0.1972255
0.2190674
0.2099174
0.2143103
0.23384930000000004
0.24250029999999997
0.2379993
0.22273739999999997
0.21998840000000008
0.22690120000000005
0.21051929999999996
0.1976484
0.2312803
0.2428112
0.2444631
0.2415274
0.23383739999999997
0.2180403
0.2331084
0.2609693
0.2972012
0.27760840000000003
0.26819839999999995
0.2602665
0.2589165
0.26251929999999996
0.2429965
0.2420726
0.2447555
0.2242574
0.2355465
0.2679703
0.2599103
0.24981929999999997
0.2467774
0.2314074
0.2420174
0.2442755
0.2506136
0.2367774
0.22035360000000004
0.24525930000000004
0.2670935
0.2759884
0.26338740000000005
0.27888709999999994
0.2913683
0.27778420000000004
0.2511073999999999
0.2454974
0.2421965
0.2419574
0.2454384
0.2300641
0.2174812
0.20380839999999997
0.2060693
0.1979593
0.18977120000000006
0.1839684
0.2044293
0.2005703
0.20350120000000002
0.20062839999999998
0.20198930000000004
0.1894131
0.2895736
0.3027736
0.2206146
0.1971003
0.21089120000000006
0.20197930000000008
0.1843965
0.18636029999999998
0.1826374
0.2326222000000001
0.17622120000000002
0.1663993
0.1692712
0.17420929999999998
0.1849584
0.219205
0.18501120000000001
0.16994120000000001
0.1903774
0.1787865
0.1814693
0.1825674
0.17885120000000002
0.15443120000000002
0.1468674
0.15540929999999994
0.17958120000000002
0.1553484
0.1598093
0.16645839999999998
0.17921120000000001
0.1926422
0.1863631
0.19868500000000008
0.20065120000000006
0.1938031
0.17744120000000002
0.20480410000000004
0.1851412
0.1660412
0.17232120000000006
0.2047831
0.20649220000000001
0.17665029999999998
0.1811112
0.16909120000000002
0.1610274
0.16707119999999998
0.16652219999999998
0.1618193
0.1601203
0.15151409999999998
0.1461412
0.1418584
0.171355
0.17232120000000006
0.1883641
0.200525
0.180505
0.17421220000000004
0.17097220000000002
0.1650593
0.1644374
0.1744203
0.18357840000000009
0.17226029999999998
0.1583374
0.1505874
0.1615174
0.2154065
0.2130303
0.2154493
0.2126593
0.1793494
0.17550739999999998
0.1990283
0.2106384
0.215315
0.2083131
0.2013141
0.1852274
0.1655955
0.16196839999999998
0.1632112
0.16040839999999998
0.16981930000000006
0.1704865
0.17069650000000006
0.19398929999999998
0.18630239999999998
0.2210441
0.2071693
0.1751765
0.17126840000000002
0.1754384
0.1730884
0.1707265
0.1833384
0.18222739999999998
0.17773029999999998
0.1900774
0.1938065
0.1943455
0.1952984
0.1938165
0.1958455
0.1909255
0.22375120000000004
0.2206593
0.1912845
0.190226
0.2385736
0.12812169999999998
0.14236
0.17533420000000002
0.2493701
0.1930962
0.1852767
0.16626389999999994
0.2005313
0.18164590000000005
0.17948810000000004
0.1790496
0.18825630000000004
0.17542910000000006
0.1418834
0.14311580000000002
0.2203234
0.1528256
0.16128860000000006
0.1755734
0.31469309999999995
0.3429963
0.3461228
0.2908290000000001
0.16504590000000002
0.1367605
0.1399571
0.16855530000000002
0.14684820000000004
0.13783700000000004
0.35576699999999994
0.2190459
0.1775651
0.21681420000000004
0.18714129999999995
0.1240752
0.11564030000000006
0.12892019999999998
0.15561029999999998
0.1783502
0.1475382
0.21135240000000005
0.19497
0.13755819999999996
0.2322446
0.13936099999999998
0.128668
0.2008213
0.2699202
0.223741
0.18564772200000004
0.1434362
0.18472642000000009
0.1876059800000001
0.19714457
0.16482699999999995
0.15020199999999995
0.12853300000000006
0.15272009999999994
0.1449291
0.1824777
0.1701497
0.2146
0.21223470000000005
0.1871495
0.20374610000000004
0.18845420000000002
0.21371520000000005
0.19565230000000008
0.2034334
0.1998653
0.16020342
0.14889953000000006
0.15390098000000005
0.17266105999999998
0.17350146
0.15724962
0.1408664
0.15681109999999995
0.15671080000000004
0.1922377
0.22159820000000005
0.21774860000000004
0.1947363
0.1971794000000001
0.2242417
0.2145766
0.20010320000000004
0.17071429999999999
0.171624
0.2192916
0.20094820000000002
0.23364899999999997
0.218151
0.2248177
0.2055955
0.21186320000000008
0.2310419
0.26297400000000004
0.19401420000000005
0.14840530000000002
0.1468772
0.17476150000000001
0.1666675
0.16097020000000006
0.15505339999999995
0.14577289999999998
0.15546050000000006
0.15594770000000002
0.1738771
0.1709227
0.15972120000000006
0.14267290000000002
0.14098229999999998
0.14258190000000004
0.14662160000000002
0.1577704
0.16763050000000002
0.166477
0.16721600000000006
0.15964930000000002
0.17603890000000005
0.1674733
0.16950890000000002
0.17361050000000006
0.1839358
0.16317330000000002
0.2171058
0.1292465
0.23394320000000002
0.24997310000000003
0.2467418000000001
0.2433506000000001
0.22849570000000002
0.2053381
0.19937410000000005
0.2013451
0.20603940000000004
0.19682510000000009
0.201523
0.1931465
0.1875282
0.220656
0.1925316
0.21827070000000004
0.13642479999999998
0.16300720000000002
0.17571599999999998
0.2140116
0.17626089999999994
0.20722360000000006
0.1721778
0.20041460000000005
0.1934412
0.153042
0.1396917
0.26493310000000003
0.3174697000000001
0.2133217
0.190958
0.1828729
0.1845729
0.17403570000000004
0.1997295000000001
0.1939237
0.15755539999999998
0.16999050000000002
0.1997011
0.1867695
0.18796120000000005
0.1897049
0.202138
0.1887863
0.16753750000000006
0.16260840000000004
0.15211273000000006
0.1480217
0.14255320000000002
0.15643301999999998
0.14101960000000002
0.15772200000000006
0.16877479999999995
0.178126
0.19424630000000004
0.2037676
0.18797880000000008
0.177949
0.20150300000000004
0.17975139999999998
0.22469250000000002
0.2035672000000001
0.22142420000000004
0.2058516
0.17385420000000001
0.2189083
0.2180607
0.21787470000000006
0.1889619
0.1952631
0.17781570000000002
0.1922929
0.2044717
0.2384164000000001
0.2066822
0.1269652
0.1254083
0.1384191
0.13147090000000006
0.1685192
0.16029570000000004
0.16096840000000007
0.1601565
0.15618180000000004
0.15864470000000006
0.1506693
0.14021320000000004
0.1299778
0.12908970000000006
0.22569470000000005
0.24871670000000004
0.24030040000000005
0.2244527
0.1193076
0.1100743
0.14793189999999998
0.1515157
0.1208295
0.21819720000000006
0.207388
0.2096095
0.15728570000000006
0.20904099999999998
0.2188723
0.17272480000000004
0.22119230000000006
0.2212452000000001
0.2137943
0.22007510000000002
0.21891750000000001
0.2082661
0.2052237
0.1635804
0.2303561
0.18403580000000005
0.2224615
0.23645960000000005
0.2430023000000001
0.23644
0.23168809999999998
0.22551950000000004
0.2189257
0.2155628
0.22012710000000002
0.21873750000000008
0.2085414
0.18177470000000004
0.1862053
0.2024804
0.1464375
0.2204071
0.1107518
0.11032280000000001
0.216178
0.2023642
0.1625614
0.20370510000000003
0.16561710000000002
0.1413128
0.20065329999999998
0.16402519999999998
0.10304759999999998
0.099879
0.10324049999999996
0.1052009
0.1166195
0.113378
0.1289091
0.12284619999999995
0.1674094
0.18916970000000002
0.21903570000000008
0.2526686
0.3625252
0.2311261000000001
0.23011
0.2225524
0.116088
0.16010370000000002
0.13510280000000002
0.21175350000000004
0.31772130000000004
0.17685180000000006
0.17783800000000002
0.1291846
0.1163427
0.1022051
0.09791110000000001
0.09844959999999996
0.1015788
0.10248240000000004
0.101927
0.109999
0.11475829999999998
0.11457660000000001
0.15721700000000005
0.15491860000000002
0.15420750000000005
0.16207220000000006
0.16680850000000005
0.1596076
0.3291624
0.34599610000000003
0.3546709
0.17017700000000002
0.16346260000000007
0.16849450000000002
0.1635398
0.14873499999999998
0.386279
0.23293699999999998
0.158511
0.123536
0.12472173
0.11953378000000002
0.11116482
0.16425067999999998
0.152357
0.17829300000000006
0.180781
0.153526
0.215493
0.173069
0.1411309
0.16811900000000002
0.13723429999999998
0.13416310000000006
0.1261853
0.13816630000000002
0.217588
0.17984
0.156717
0.14954
0.1958728
0.197697
0.1874441
0.22962410000000005
0.21196940000000009
0.2296665
0.1700365
0.16911269999999998
0.2180237
0.2501722
0.2194656
0.2175275
0.2069022
0.17723999999999998
0.22027
0.210191
0.21667000000000008
0.2004556
0.19006510000000001
0.2013679760000001
0.251107
0.25219
0.22894
0.24968
0.28020700000000004
0.19726
0.26002000000000003
0.23696
0.27307000000000003
0.26242
0.27977
0.24578000000000005
0.2653
0.25172
0.28396
0.31381000000000003
0.31496
0.28582
0.30797
0.26501
0.25078
0.27119
0.21566
0.24898
0.28482
0.29934
0.33194
0.29274599999999995
0.23277
0.19189
0.3156282
0.2722786
0.2799255
0.31032399999999993
0.3196738
0.3566485999999999
0.3859936000000001
0.39260459999999997
0.3866237
0.37611417
0.3719413700000001
0.35259424
0.34227738
0.35983295
0.35106228
0.35191196
0.37394499999999997
0.37011894
0.3761653
0.37389155
0.35984399
0.35656318
0.34681952000000005
0.33717942
0.3545211
0.3539816699999999
0.34481715
0.34670415
0.34807815000000003
0.35178090999999995
0.34927488
0.34489297
0.42041918
0.42574352
0.38345882
0.34435001
0.36093019
0.41544073
0.38410401
0.35763191
0.35717184
0.37785782
0.33233278000000005
0.39522832
0.3848733700000001
0.38178651
0.35943424
0.34126608
0.372127
0.3764091
0.35568486999999993
0.34801058
0.3914763
0.3984392000000001
0.38395999999999997
0.35682734999999993
0.34419658000000003
0.34643562
0.3029283
0.3063657
0.33808721
0.33727935
0.32500559999999995
0.27853941
0.31535551
0.35238636
0.31668731999999994
0.3636854099999999
0.32082224
0.34336982
0.32568211
0.31188902
0.32173304
0.29996817
0.29587462000000003
0.25435035
0.27356428
0.26091756
0.25922045
0.25986858
0.2940240100000001
0.2949216100000001
0.3424575199999999
0.32780152
0.3206131200000001
0.31162572
0.32852192
0.30806902
0.31917325
0.33782182000000005
0.32038662
0.32316318000000005
0.32341612
0.30319641
0.30360390000000004
0.3138098000000001
0.32956
0.31646929999999995
0.27370720000000004
0.3212211
0.29117209999999993
0.3084797999999999
0.30361009999999994
0.3156082000000001
0.3171438100000001
0.3347445
0.33496144
0.35216419
0.3178363799999999
0.30539472
0.28448432999999995
0.30865221000000004
0.30880322999999993
0.32244444000000005
0.3341298100000001
0.32321500000000003
0.28716968
0.32659095000000005
0.31461223
0.31607897999999995
0.33321521000000004
0.33734564
0.33617035
0.30316357000000005
0.28974462
0.26084531
0.29157734
0.28730079000000003
0.3364908
0.2866331899999999
0.31103298
0.26392175
0.30168282
0.32896636
0.29446993
0.31359349
0.27835509999999997
0.27238313
0.28581525
0.33251594
0.28363234000000004
0.2709478699999999
0.2941692699999999
0.29695226
0.29563035
0.30399851
0.30625231
0.30254103
0.30760237
0.30342291
0.262956
0.2972675
0.29486378
0.27762034
0.28963066
0.26321512
0.29852392
0.27764152000000003
0.30988797999999995
0.25272339
0.2532355000000001
0.28166183
0.26379109
0.24803705000000004
0.29436486999999995
0.29750487000000003
0.31062272
0.30406087
0.29231171
0.28702996000000003
0.24100849
0.24985399000000005
0.30023380999999993
0.27493479
0.28333025
0.27559040999999995
0.29003992
0.34737638
0.31076256
0.30817721
0.27930618
0.31035811
0.29478852000000005
0.29148764
0.26456403
0.27194675999999995
0.30969290000000005
0.28344229
0.28620129
0.38601908
0.36566508
0.35165088999999994
0.37487472
0.28891039
0.27647334
0.25464937
0.25476801000000004
0.27336830999999995
0.27631453
0.27603909000000004
0.3133763499999999
0.2742742100000001
0.30586741
0.3009982700000001
0.31260620999999994
0.29920846
0.29799483
0.29300716
0.31322757999999995
0.30508769
0.34773494999999993
0.31043094000000004
0.30195897000000005
0.35105053
0.33792694
0.33756109999999995
0.31946782999999995
0.30540024
0.29625802999999995
0.31008880999999994
0.31900869
0.34133613
0.30593338000000003
0.32598058
0.29939903
0.3118685
0.32921567
0.29254291999999993
0.33542372000000004
0.27158168
0.28321702000000004
0.34266929999999995
0.37750851
0.3275139100000001
0.29427059999999994
0.3479899
0.32686787999999994
0.34348653
0.33330318000000003
0.34605491000000005
0.33813837
0.33516909
0.29679113
0.31830152999999994
0.31070499
0.32591153999999994
0.29702393000000005
0.33781783000000004
0.33888754000000004
0.33312734
0.33299439
0.35650547
0.29260811
0.31489547
0.34018000000000004
0.290598
0.28662596
0.27228555
0.31960392
0.31166673999999994
0.31681141
0.36141057
0.3924985
0.39610343
0.39727745
0.4136913900000001
0.37603497
0.37588693
0.37001613
0.36465062
0.34248344
0.37706383
0.39799994
0.34255243
0.31791621
0.30233117
0.31603241000000004
0.27449284999999995
0.27358106
0.32405072
0.34380649
0.34224606
0.35023534999999995
0.35535509
0.35496083
0.33899019
0.34883204999999995
0.34731282
0.33876771
0.35997399999999996
0.3632416899999999
0.34103278
0.33421265
0.33331882
0.33642922
0.31957746
0.27754352
0.31592302
0.31504891
0.31749091
0.30253519
0.34195281
0.34111357
0.35263043
0.34170667000000005
0.34078406
0.32120653
0.34255130999999994
0.32036572
0.30982866000000003
0.3393082000000001
0.33850116
0.33651093
0.34210303
0.34335717999999993
0.34061731999999995
0.3284219
0.35903472
0.35396672
0.35237591
0.35600693
0.33520299
0.33176471
0.33206413
0.3364390499999999
0.33584492
0.33726312
0.32869189
0.37109258
0.36008870000000004
0.3552307
0.36169562
0.35193832
0.33900319999999995
0.28350463
0.27355368
0.27056344
0.30466642
0.27559702
0.35445169000000004
0.28462461999999994
0.2979589100000001
0.35889757
0.36901718
0.33516543
0.33599167
0.33735827
0.33441836
0.3605302600000001
0.32166671
0.3596978999999999
0.3075287099999999
0.32719156
0.29970937
0.2989364600000001
0.28861289
0.30138064000000003
0.34446985
0.32562140999999994
0.35209935
0.33490315
0.32566614999999993
0.31033601000000005
0.28441500000000003
0.30067966
0.30023890000000003
0.30471592
0.30756188
0.29682768
0.29117212000000003
0.32468197
0.3481394500000001
0.32053124000000005
0.30062397
0.33634446
0.34119283999999994
0.33336734999999995
0.33003642
0.3153054600000001
0.31456847
0.30365592
0.29622773
0.30795882
0.3009581800000001
0.30926815
0.27712318
0.26859716
0.29413583
0.30078837
0.3023646
0.29708114
0.28598298
0.28945529
0.32689069000000004
0.28944039000000005
0.33191935999999994
0.342604
0.29526051
0.29272746
0.32653447
0.28711756
0.33374362
0.35055356
0.36648209
0.31270462000000004
0.31203109999999995
0.28421215000000005
0.26304742000000003
0.29880926
0.25983872
0.2668298100000001
0.25752017000000005
0.25607441000000003
0.25069164
0.25492603
0.25158093
0.29078051999999993
0.3043785900000001
0.26488067
0.29296951
0.26885445
0.29332809
0.27923427
0.27732847
0.29358052
0.28041481999999995
0.2846962
0.26366503
0.27465423
0.29049849
0.28537440000000003
0.3008549600000001
0.30124252
0.25825355
0.29169920000000005
0.31155896000000005
0.30816792
0.29509564
0.28081589999999995
0.28927509999999995
0.27821117
0.29140400000000005
0.30885062
0.3011129700000001
0.29702225
0.2898062000000001
0.30338919000000003
0.27173906000000003
0.26593005000000003
0.3105278200000001
0.32800177
0.34624007
0.32241378000000004
0.32587924
0.30189037
0.29615624
0.2973316299999999
0.32629941999999995
0.31472263
0.31541757
0.3061144900000001
0.27186219
0.25046736
0.28066072000000003
0.30664103
0.3818421
0.34280118000000004
0.2986568800000001
0.31057749999999995
0.29908726
0.28291231999999994
0.27893207
0.3133144699999999
0.32553691
0.33739698
0.29267567000000005
0.32587987
0.32334935
0.29310318
0.32454028999999995
0.35121793
0.35081552000000005
0.3514570200000001
0.294109
0.30517769999999994
0.30538521
0.31256139999999993
0.30603769999999997
0.28596523
0.29326951
0.29642211
0.31868728
0.38346398
0.35281120999999993
0.34916440000000004
0.3925073
0.381159
0.27411269
0.30060795999999995
0.33563529
0.33835832999999993
0.32594147
0.28664470000000003
0.28300002
0.2966149
0.32440002
0.29783609
0.29361139
0.3138251
0.2960490699999999
0.30693021
0.30239741
0.3051987800000001
0.28531287999999994
0.2587127
0.28395693
0.3120916799999999
0.38486128
0.28648911
0.27983226999999994
0.32656128
0.29780981
0.29605922
0.30089531
0.29210612
0.26496507
0.26402411000000003
0.28912747
0.3080292799999999
0.30364268
0.30532837
0.30340994999999993
0.3334468
0.33055422
0.34938223
0.3421558
0.2975006900000001
0.27222261
0.32428494
0.28448309
0.3326312800000001
0.31170008
0.29232589000000003
0.31049642
0.31693282999999994
0.36214994
0.30340901
0.34396575
0.33644447
0.33372786
0.35113001
0.35603083
0.34057667
0.35104074
0.36725998
0.33960069
0.33821558
0.36228837
0.36354135
0.32908817
0.34328618999999994
0.33900418000000004
0.3209247
0.29345093000000005
0.35770387
0.36462231
0.34875828
0.33800185
0.31038041999999993
0.34561161
0.27954488999999993
0.31820204
0.30717082
0.30337567
0.30618305
0.35760471
0.31679224
0.31527073
0.28057851999999994
0.32891774999999995
0.33978776
0.35050317
0.34142124
0.33214475000000004
0.33277075
0.33527894
0.31695292
0.32209018999999994
0.28120881000000003
0.27382891000000004
0.26101033999999995
0.31740271
0.35137894
0.35973675
0.34694138
0.3404112899999999
0.33698842999999995
0.31529334000000003
0.29812797
0.29861434
0.29646264
0.32799645
0.29378504
0.33277029
0.31999492
0.31417744
0.31792501
0.27109063
0.3140097900000001
0.33594421
0.2889272
0.30524013999999994
0.31598154
0.27574329000000003
0.2921871
0.2677845700000001
0.31073036000000004
0.31374926
0.34421772
0.33986302
0.31489795
0.31999092
0.32666674
0.3288438
0.31563766
0.3100752700000001
0.28582809
0.27809472
0.3155643000000001
0.31418135
0.2749981100000001
0.27256293000000004
0.35970831000000003
0.31414721999999995
0.32810106
0.27408370000000004
0.30215574
0.2576670600000001
0.30876415999999995
0.30242702
0.26880326000000004
0.3137002300000001
0.32856335000000003
0.29285461
0.1938326
0.2061537
0.2209
0.270432
0.274005
0.263238
0.20415999999999998
0.178883
0.411426
0.304012
0.29657
0.331646
0.32007
0.240132
0.247995
0.28143300000000004
0.37251
0.169496
0.367786
0.289404
0.28420569999999995
0.2825589000000001
0.25467270000000003
0.28343820000000003
0.2097583
0.28234190000000003
0.2551316
0.27947120000000003
0.27343880000000004
0.2708253
0.2685193
0.312748
0.2718596
0.28418069999999995
0.2879333
0.248664
0.26985679999999995
0.284367
0.272631
0.064957
0.44313
0.28147900000000003
0.1736466
0.062807
0.0557394
0.0946051
0.06802520000000001
0.1119859
0.1806203
0.1043309
0.0407233
0.0743815
0.0625429
0.1861649
0.0405853
0.2587931
0.2601011
0.2763045
0.2759339000000001
0.2703974
0.2766884
0.29224540000000004
0.27638050000000003
0.2661828
0.276131
0.2842925
0.2617834
0.2450577
0.2672738
0.2677507
0.2786772
0.2755824
0.2734159
0.2741314
0.2656588
0.2551723
0.27719249999999995
0.2799667
0.2667677
0.2416224
0.282538
0.2672663
0.26338140000000004
0.2628341
0.2638184
0.2609378
0.27270690000000003
0.27488709999999994
0.2684062
0.2474034
0.2750075
0.2763606
0.2440453
0.2694545
0.2638873
0.2618185
0.2579805
0.26579420000000004
0.2714719
0.2727797
0.2117415
0.26915359999999994
0.2666263
0.2651725
0.2753313
0.194372
0.2898828
0.2730485
0.2654405
0.2806308
0.2763633
0.2664948
0.2649783
0.2465538
0.27747120000000003
0.27887720000000005
0.26019410000000004
0.1983884
0.2653164
0.2679769
0.2598206
0.2687199
0.1287239
0.2533156
0.2554851
0.2473563
0.24864229999999998
0.2510832
0.2809241
0.23992629999999998
0.19126110000000002
0.3196813
0.29817720000000003
0.3174551
0.3234011
0.267813
0.21257440000000002
0.2658776
0.30529520000000004
0.28791209999999995
0.28096209999999994
0.1956903
0.26833490000000004
0.2593765
0.23446779999999998
0.27619599999999994
0.26772919999999995
0.2681156
0.27593490000000004
0.2031816
0.26606329999999995
0.187319
0.2602587
0.2698434
0.16303430000000002
0.2645803
0.2608885
0.2683255
0.2123033
0.1544759
0.2498438
0.2292335
0.1735217
0.124124
0.2500422
0.2268833
0.2698816
0.2667647
0.2643446
0.27766148
0.19924815
0.2666949
0.2667865
0.2685579
0.2698795
0.24800870000000005
0.20238499999999998
0.1413475
0.21060570000000006
0.2563866
0.2616347
0.22490120000000002
0.1829033
0.2577383
0.2630285
0.2424913
0.2431088
0.19006
0.0327801
0.2635303
0.0303697
0.2554339
0.2304686
0.20584210000000006
0.2870166
0.27710949999999995
0.1979273
0.2759807
0.1372078
0.2702645
0.2248696
0.2630395
0.26628070000000004
0.3314361
0.2737623
0.1869475
0.1849231
0.1344259
0.24851640000000005
0.206823
0.28185859999999996
0.28339190000000003
0.2810386
0.1651154
0.18628270000000002
0.2613163
0.10625400000000004
0.2538474
0.2575302
0.20044220000000001
0.14958290000000002
0.1193643
0.0330695
0.2582338
0.2669982
0.2668862
0.16176079999999998
0.1476128
0.1951997
0.2702531
0.1896796
0.2204106
0.1744981
0.26505559999999995
0.24475189999999997
0.15433870000000002
0.11969
0.20904679999999998
0.2613488
0.26393
0.24135429999999997
0.1804375
0.2657977
0.2630333
0.17387879999999994
0.26410609999999995
0.13833030000000002
0.2098155
0.2849402
0.2681917
0.25835240000000004
0.2709337
0.2706838
0.26829580000000003
0.1998824
0.1452841
0.2599805
0.16350320000000002
0.248377
0.1264831
0.25943249999999995
0.27250640000000004
0.2644578
0.26668800000000004
0.1217433
0.1426115
0.28487759999999995
0.2062669
0.2588691
0.25946460000000005
0.2596237
0.1806062
0.2671283
0.1789071
0.2377499
0.235424
0.2641502
0.18807630000000009
0.233591
0.1980719
0.2365915
0.2238981
0.2103107
0.1353737
0.2107358
0.2758943
0.24440879999999998
0.2681614
0.1806728
0.30973779999999995
0.316796
0.3047965
0.25698180000000004
0.16979870000000002
0.3361595000000001
0.32101290000000005
0.4080184
0.32466880000000004
0.1745854
0.29541009999999995
0.2032419
0.2328503
0.2380264
0.2271302
0.2244612
0.0985216
0.090367
0.22748670000000001
0.2509609
0.21009100000000008
0.30333639999999995
0.30460909999999997
0.2823532
0.2210688
0.2352621
0.2803538
0.27391920000000003
0.30716340000000003
0.2771505
0.1654134
0.1719601
0.2642831
0.28163320000000003
0.2826995
0.3065676
0.1906294
0.0718915
0.44370070000000006
0.2706054
0.1123788
0.0481712
0.0268906
0.05746510000000001
0.0553691
0.15757349999999998
0.1028465
0.0452521
0.050989099999999996
0.0291585
0.035098500000000005
0.0481149
0.2611989
0.2608356
0.27686350000000004
0.2681305
0.2373812
0.3138984
0.28423930000000003
0.26170140000000003
0.2048694
0.175468
0.2574821
0.2824
0.2200878
0.26289229999999997
0.07123710000000001
0.0939363
0.0741367
0.0541582
0.2677167
0.2718445
0.2815926
0.2954466
0.30456890000000003
0.3023834
0.33960159999999995
0.27166270000000003
0.2613345
0.2380676
0.2282138
0.2782745
0.27875300000000003
0.28636079999999997
0.1339989
0.09973789999999999
0.050756600000000006
0.055418600000000005
0.1489073
0.2905205
0.2961742
0.2912304
0.2849676
0.2835875
0.26715029999999995
0.2852984000000001
0.3095125
0.3100045
0.3100914
0.2954982
0.2811323
0.27942480000000003
0.28489190000000003
0.32294557999999995
0.3548737
0.35359070000000004
0.3260358
0.062472400000000004
0.1136329
0.08994240000000002
0.2760568
0.33830720000000003
0.3299253
0.3082278
0.29959610000000003
0.28237579999999995
0.2721128
0.3031326
0.30156740000000004
0.2860659
0.2830326
0.27172270000000004
0.278452229
0.3182903
0.3433353
0.3429479
0.33872690000000005
0.13994630000000002
0.1370013
0.1255616
0.1200036
0.1187086
0.1275385
0.1149327
0.10536369999999999
0.1068345
0.1076895
0.099325
0.1026669
0.13263930000000002
0.1165328
0.0980961
0.09375800000000001
0.09109010000000001
0.095416
0.1176767
0.13214720000000002
0.12906189999999998
0.1338969
0.15851130000000002
0.1477934
0.14024260000000002
0.14572839999999998
0.1439496
0.14575929999999998
0.1508614
0.15060539999999994
0.1434665
0.15704020000000002
0.16423680000000002
0.1462606
0.1442182
0.12939340000000002
0.1168064
0.1409713
0.1164527
0.1152275
0.1179436
0.1156537
0.09828780000000001
0.1020428
0.1118644
0.1130533
0.12481250000000002
0.12326150000000002
0.11512269999999998
0.1082208
0.1020779
0.1053108
0.10549180000000001
0.1100366
0.1089198
0.12615710000000002
0.1462091
0.1371981
0.1396676
0.13902550000000002
0.1433545
0.1401726
0.14380350000000006
0.14059739999999998
0.15739979999999998
0.30413979999999996
0.24455130000000005
0.1527093
0.1491501
0.1134643
0.2702673
0.0866325
0.06685569999999999
0.056285
0.06456179999999999
0.057429899999999985
0.04145310000000002
0.0542919
0.05526389999999999
0.06032959999999999
0.05210529999999999
0.0975653
0.1806451
0.10331230000000001
0.18355770000000002
0.33601630000000005
0.3388564000000001
0.2914086
0.0931806
0.0933588
0.0925714
0.10097880000000001
0.10545
0.1018781
0.107042
0.1161905
0.11836970000000002
0.0977462
0.0933095
0.0922773
0.1287576
0.12447479999999995
0.0950683
0.101204
0.1085237
0.0967259
0.1087529
0.1048517
0.0974181
0.1113877
0.11754180000000003
0.1037489
0.1005521
0.0903284
0.0928055
0.1063779
0.091114
0.094841
0.1006751
0.11011089999999996
0.110403
0.10991789999999999
0.1059502
0.0965651
0.0420687
0.0947456
0.0980888
0.1053906
0.12921989999999994
0.1448627
0.14486300000000002
0.198795
0.1895181
0.13831429999999995
0.3444392
0.3155531
0.2288523
0.2119974
0.2069053
0.1996204
0.12458310000000003
0.14782660000000006
0.12782240000000006
0.1174116
0.1237635
0.13626729999999998
0.13384079999999998
0.1286377
0.1209925
0.1079967
0.11015950000000001
0.1743844
0.1578546
0.18239500000000008
0.17481969999999994
0.1637931
0.1183655
0.12769450000000002
0.1388644
0.1243455
0.1133468
0.1085157
0.1221485
0.1227493
0.12452
0.12276
0.1094567
0.1050686
0.12440949999999998
0.157013
0.1306994
0.1298145
0.2621039000000001
0.3330206000000001
0.212822
0.233828
0.15495230000000004
0.15332759999999998
0.14074539999999994
0.14865889999999998
0.1447011
0.1174431
0.11591600000000002
0.1345453
0.12716629999999998
0.15701569999999998
0.3842145
0.377398
0.3099121
0.1850961
0.165857
0.1728868
0.16825590000000004
0.2030219000000001
0.1993069
0.1931819
0.34265690000000004
0.3494218
0.33906709999999995
0.3044668
0.2741534
0.25627110000000003
0.2103158
0.1773122
0.1328195
0.07683449999999999
0.15351580000000006
0.2040742
0.2606869
0.2442173
0.22013920000000003
0.1744027
0.1801735
0.2143379
0.1886091
0.16214260000000005
0.08726289999999999
0.08512760000000001
0.08198860000000001
0.07928439999999999
0.1118807
0.1200954
0.13538429999999999
0.1890076
0.1950133
0.1900142
0.16636289999999998
0.3151357
0.2460867
0.2419407
0.2576677000000001
0.2489986
0.2627127
0.1550196
0.1501451
0.13476110000000002
0.1506738
0.1817333
0.165977
0.16453099999999998
0.1724829
0.1683579
0.1848999
0.17142000000000002
0.17148200000000002
0.17042000000000002
0.16916389999999998
0.1730826
0.17332740000000002
0.1700507
0.277345
0.3076999
0.2583464
0.2630031
0.2664011
0.2597302
0.2607921
0.2166468
0.121334
0.2092987000000001
0.16604770000000002
0.1726901
0.15677970000000002
0.2124227
0.16378199999999998
0.1850668
0.1755047
0.21263580000000004
0.1793269
0.184558
0.2118016
0.27872519999999995
0.2887981000000001
0.2400126
0.3149271
0.2867021
0.30319910000000005
0.3012072
0.29580929999999994
0.25942529999999997
0.2495993
0.25557110000000005
0.32100700000000004
0.2501567
0.2728688
0.2258645
0.29249040000000004
0.28718160000000004
0.17185970000000006
0.2484138
0.2756564
0.2672858
0.2592816
0.2505176
0.2550774
0.2410451
0.2113284
0.23136170000000006
0.2313025
0.24992270000000005
0.2623028
0.2222181
0.179929
0.1712641
0.16825610000000002
0.17890199999999998
0.17353970000000005
0.1857788
0.18340190000000006
0.17442599999999994
0.11568599999999997
0.1070707
0.0817127
0.07767859999999999
0.0790851
0.10242180000000001
0.098504
0.08958719999999999
0.1127437
0.1346466
0.1370279
0.1226974
0.1273357
0.12774539999999998
0.1170992
0.1098752
0.1155583
0.0988888
0.0947081
0.0983526
0.0962061
0.0977842
0.0992417
0.10383930000000001
0.11911800000000004
0.1011686
0.10516899999999996
0.1135595
0.0951489
0.1021238
0.1239134
0.1256256
0.3016277
0.33382500000000004
0.3072151
0.1124304
0.2059988
0.2538896
0.2928285
0.29462009999999994
0.28576050000000003
0.29083600000000004
0.28805820000000004
0.29635500000000004
0.2639125
0.25345700000000004
0.23794610000000005
0.2484751000000001
0.2086006
0.1916809
0.1679737
0.14249720000000002
0.1561729
0.197926
0.151745
0.17955400000000002
0.14426439000000002
0.17427338999999994
0.11686982
0.12602552000000006
0.16656244
0.16022909
0.16203083
0.14424339
0.18190619
0.17787603
0.20557019
0.173444
0.1662429
0.18423030000000007
0.1567812
0.1387582
0.14023129999999998
0.16114489999999998
0.15850219999999998
0.27362020000000004
0.1030986
0.198833
0.2106723
0.2272757
0.2220838
0.1999427
0.2283308
0.2357187
0.2339753
0.21599629999999997
0.202845
0.1847983
0.1731894
0.18926220000000002
0.13761900000000002
0.12161950000000002
0.13886320000000002
0.1091522
0.13015840000000006
0.1222328
0.1149225
0.11930680000000002
0.1298635
0.1094603
0.1116637
0.14984389999999995
0.2247545
0.14303570000000002
0.1356037
0.1010698
0.1139793
0.0959609
0.13052160000000002
0.17346609999999998
0.1499925
0.161911
0.1360777
0.1606124
0.16563280000000002
0.16800639999999994
0.146065
0.1305028
0.1289664
0.13573
0.2203108
0.2249875
0.2261188
0.2179196
0.234348
0.2352417
0.21813160000000004
0.22774120000000006
0.2001826
0.2635268
0.279842
0.2468113
0.2387504000000001
0.1613072
0.15224030000000002
0.15216210000000002
0.15040450000000002
0.15530569999999996
0.1537375
0.1370478
0.1055397
0.1417599
0.12449310000000001
0.13248239999999994
0.16866360000000002
0.20717540000000004
0.17445890000000006
0.14577939999999998
0.1233892
0.109566
0.07928199999999999
0.085143
0.09103610000000001
0.0937569
0.1011997
0.1012554
0.12524970000000002
0.1343106
0.124736
0.17210800000000004
0.2031131
0.1852446
0.1394614
0.13790539999999998
0.15367170000000002
0.1443372
0.08634520000000001
0.098263
0.09908780000000003
0.09480039999999999
0.099067
0.0826626
0.1070813
0.1476315
0.16079300000000002
0.35302170000000005
0.1735595
0.1012936
0.227742
0.275478
0.1235948
0.11407410000000005
0.1250988
0.165516
0.1507021
0.1675959
0.1647148
0.1827725
0.1704997
0.190622
0.169713
0.18652020000000002
0.1867677
0.1393708
0.1806669
0.1759606
0.1063395
0.1148009
0.12740420000000002
0.1280418
0.1062917
0.10641989999999998
0.11911
0.123487
0.1347217
0.09982780000000001
0.09713939999999999
0.0934203
0.08953230000000001
0.10741880000000001
0.108352
0.2868725
0.1865617
0.2189672
0.1561587
0.2763164
0.2749479
0.3156584
0.27672979999999997
0.2687106
0.26467939999999995
0.3050415
0.2657915
0.1803196
0.1811475
0.12091749999999996
0.1511104
0.1527439
0.172611
0.18872629999999999
0.186098
0.18609070000000005
0.16722330000000002
0.14137889999999995
0.1525226
0.17902069999999998
0.1596457
0.136421
0.16127819999999998
0.142554
0.2645868
0.3018252
0.2794485
0.23351560000000005
0.1930965
0.2205619
0.2297217
0.220862
0.2313087000000001
0.1607232
0.13170829999999994
0.1314654
0.18258
0.17394300000000001
0.1813519
0.1575313
0.1348883
0.1543031
0.14766339999999994
0.1684918
0.17379909999999998
0.17159429999999998
0.13428140000000002
0.13850245
0.13058151
0.1302395
0.1264824
0.13637760000000002
0.14507560000000005
0.15313039999999994
0.1784324
0.1810146
0.18316949999999999
0.2326113
0.1263724
0.4415330000000001
0.4748534
0.44306599999999996
0.4749238
0.4750039000000001
0.4756846
0.06653339999999998
0.06880829999999999
0.0747758
0.1136039
0.27301440000000005
0.24326721
0.13641678
0.19885522
0.14623214
0.12329162
0.12642486000000006
0.12737482
0.13836044
0.15265169
0.14155942000000002
0.16003964
0.16878404
0.13074497
0.1264391
0.07169086
0.08716653999999999
0.11324085
0.10039414
0.08982957000000001
0.08967238
0.08731256
0.08172880999999999
0.09078356
0.08490765999999997
0.09211865
0.08361914000000001
0.10800377
0.10710409999999998
0.10254199
0.10101924
0.11091891
0.12142919999999999
0.12637062
0.13106583
0.12544251
0.11666257000000002
0.1191691
0.12146958
0.10995986
0.11037577
0.11258962
0.10217487
0.09914001
0.11433506000000004
0.134278
0.12451953000000004
0.12731733
0.14225773
0.14962349
0.13632854
0.11338352000000004
0.10661323
0.08626121
0.09078712
0.07651000000000001
0.07395754
0.07233149
0.07939830000000002
0.06928943
0.06477801
0.06175838
0.07443194999999997
0.08098786
0.06827953
0.07990325
0.06922089999999999
0.05757233
0.05289168
0.05627468
0.05640753
0.05359353000000002
0.07487992
0.10780342
0.10700001
0.08994429
0.07073142
0.07316808
0.08687165000000001
0.09349383
0.16279492
0.16271883
0.19882097
0.15053769
0.15400429
0.16334664999999998
0.11902689
0.1241395
0.12595202
0.12266157000000005
0.12064176
0.0830615
0.10065355
0.08323709999999998
0.09923325000000002
0.12377546
0.10901354
0.27246857
0.33091415
0.09025068999999998
0.09079183999999996
0.10174855
0.14408891
0.14011692
0.13019455999999996
0.17479598000000002
0.14910404000000002
0.13336485999999995
0.16593499000000006
0.14536272
0.13932150999999998
0.07443860000000001
0.10254563
0.14314401
0.14393312
0.18191618
0.07450598
0.05544108000000001
0.09197883
0.10701905
0.11154965
0.099081
0.07312373999999999
0.06071183
0.07967303
0.08607312
0.06518408
0.07488639999999999
0.09890657
0.14167757
0.10874330999999998
0.09584179
0.10776509
0.08521003
0.08577148000000001
0.07357349999999999
0.09069946
0.27361744
0.12018853
0.14560849
0.06135178
0.13836225000000002
0.0818936
0.10058639
0.08592902000000001
0.07464667
0.07009797999999999
0.09910543
0.09832859
0.09889178999999998
0.06953098
0.07194268999999999
0.14020877999999998
0.16463656999999998
0.13766199999999998
0.13933289999999998
0.1838516
0.18262074
0.16572674
0.17114118
0.13387092
0.1200479
0.14295786000000002
0.15164652
0.1572646
0.18019412
0.16023527
0.15808801
0.17154447
0.18922494
0.17456083
0.16833742000000002
0.18209013
0.14022387
0.11835259
0.11398068999999998
0.10506393
0.11427631
0.27376967
0.26572172
0.18495678
0.15095838
0.17451260000000002
0.17008374
0.17050484000000002
0.17140096
0.16533395
0.33355959
0.13567842
0.17656954999999994
0.12411009
0.14012288
0.12816734
0.1343161
0.16901515
0.15780204
0.14978824
0.15143973
0.16246429999999998
0.17399595
0.19599492
0.18878499
0.16948230000000006
0.15315648
0.14309448000000002
0.14953952999999998
0.14288162999999998
0.14255804
0.19342952
0.20012118
0.19882035
0.19252948
0.19284244
0.21181149
0.19574435
0.16737743
0.16406328
0.16776708
0.17596825
0.21961710000000004
0.22556882
0.22538312
0.22383622
0.22354792
0.21452732
0.23871931
0.23723577
0.23608266
0.21323743
0.20705381
0.20983523
0.20620243
0.22042528
0.18156087
0.21014437
0.20710983
0.17648150999999998
0.19425294
0.16937008999999995
0.16348917
0.16776753
0.17959139
0.19995724
0.23180167999999995
0.22546951
0.21470337
0.2103145
0.21398403
0.23459772000000004
0.24164876
0.23212896
0.21557215
0.22723405
0.2210239
0.16901437
0.15318196999999995
0.22206887
0.21217441
0.2061515
0.20281413
0.20220501
0.22703521
0.20287145999999995
0.20499778
0.21477779
0.23584054
0.23597813
0.22049289
0.2217116
0.21929401
0.22798872
0.23688008
0.22145805
0.16868649
0.21046084
0.15564388999999998
0.15813743999999996
0.13920362
0.15100029
0.15777731999999994
0.15576053999999998
0.15805901999999994
0.15546459
0.16883157
0.16154005000000002
0.08930785000000001
0.14552116
0.24403298
0.2469442
0.21673864000000004
0.09725063999999996
0.14051055
0.19297539
0.1749236
0.14011474999999998
0.14226905000000006
0.13362806000000002
0.18788066
0.1830591
0.15120654
0.12486079
0.12426995
0.1250272
0.11074019999999997
0.12734605
0.09019439
0.12091929
0.14363623
0.12993983
0.16843629
0.16783449
0.15452524
0.14461169
0.14487883
0.14982103
0.09582923
0.09359819
0.10217189
0.10201399
0.13797535
0.13599345
0.13890439000000004
0.11398064000000002
0.10510419
0.07876781999999999
0.073630142
0.12675018000000002
0.19374373
0.19611119
0.20724453
0.12499379
0.15363733999999998
0.12538103999999994
0.1578096
0.1610872
0.17912739
0.07281069
0.07741154
0.22145945000000009
0.18401054000000008
0.14492549000000002
0.14547158999999998
0.17113679000000004
0.15486179
0.16192124000000002
0.18121979
0.20979859
0.21668849
0.17037564
0.17060934
0.16563744000000002
0.15954909
0.15935804000000006
0.15002809
0.17186398999999994
0.1899994
0.2177069
0.2148466
0.20046770000000005
0.1927033
0.1557896
0.1183587
0.13521270000000002
0.12588770000000002
0.1276333
0.1753385
0.1765678
0.13906200000000002
0.1983358
0.1993636
0.2059309
0.1899705
0.1896081
0.1072924
0.1499417
0.1164854
0.0593484
0.0944789
0.06984699999999999
0.09371390000000004
0.11735799999999998
0.13431159999999998
0.1026267
0.10958580000000002
0.0657755
0.110803
0.09935989999999999
0.0960265
0.1052998
0.1090558
0.1020188
0.05526330000000002
0.0480456
0.0498197
0.08968199999999997
0.10544529999999999
0.09874059999999996
0.0903125
0.08314339999999999
0.0820457
0.1156713
0.1784292
0.14704679999999998
0.1739224
0.1128464
0.0906573
0.11345860000000002
0.1262232
0.1226572
0.10792399999999998
0.1050346
0.11637950000000001
0.0798869
0.06812460000000001
0.1037497
0.06665049999999999
0.1028325
0.33107359999999997
0.4422394
0.12768590000000002
0.1047993
0.12630529999999998
0.1352057
0.14112180000000002
0.12304736
0.14502556
0.11251640000000004
0.12639324999999998
0.14430744
0.12718693
0.10625132
0.12070635000000005
0.12570917999999998
0.20864539
0.1944904
0.205924
0.19381510000000002
0.15494860000000002
0.16076970000000002
0.13885450000000002
0.134228
0.1594435
0.1801098
0.16128220000000001
0.130136
0.14027679999999998
0.17285640000000002
0.1545032
0.19174240000000006
0.17856309999999995
0.14453010000000002
0.1298922
0.07602489999999999
0.1010409
0.07969839999999999
0.11352360000000003
0.093926
0.1021647
0.0984248
0.14226989999999998
0.1162257
0.14117885
0.13372591
0.07707570000000001
0.0724614
0.20304198
0.2530613
0.2285326
0.3146584
0.2642732
0.1078246
0.0808452
0.0761243
0.07204119999999999
0.0999932
0.1140198
0.1300239
0.17647609999999994
0.200185
0.17338309999999998
0.13830410000000004
0.1835843
0.17831749999999996
0.2141659
0.0741865
0.0760508
0.09006519999999997
0.13673429999999998
0.07894467999999999
0.11887571
0.15014327
0.1708183
0.1120826
0.147997
0.15172950000000002
0.22320752
0.16813969999999998
0.1365365
0.207215
0.07483920000000001
0.15087931999999998
0.2003946
0.2285185
0.0916833
0.09494010000000001
0.0476914
0.0725217
0.10343639999999996
0.0737237
0.12173500000000002
0.1169488
0.093524
0.12619326000000006
0.20461371
0.1880079
0.12216252
0.15093307
0.19504902
0.115833
0.20716239999999997
0.1190659
0.15178094999999994
0.17387977
0.19913720000000001
0.22905270000000005
0.21768791
0.25232790000000005
0.19670380000000004
0.17347245
0.1969119
0.23517951
0.23444193
0.15931864
0.19023397
0.16146755000000002
0.17923522
0.15473446
0.19377947
0.21161508
0.22421792
0.20067238
0.21750288
0.18512138
0.20606192
0.20336696
0.19040562
0.14195433000000002
0.19959176
0.1949878
0.21235255000000008
0.22318253
0.21268051
0.22033179999999997
0.2026297
0.15720957
0.19509754
0.2002345
0.16854966
0.14199601
0.14691459
0.15687136000000002
0.12734559
0.15720863000000002
0.15268535
0.14348632
0.13182067
0.12807226
0.0804134
0.21772697
0.2429535
0.24023131
0.2421665
0.24363988
0.23158285
0.28327852
0.14874685999999998
0.13573939
0.14755087
0.16967580000000002
0.25174185
0.26833841
0.18322665
0.19837237
0.15693735
0.19942220000000002
0.14654572000000002
0.1191589
0.1410482
0.13926303
0.13603963000000002
0.14719010000000002
0.1049987
0.10912707
0.15001789999999998
0.1728682
0.14044928
0.09489045
0.1208976
0.12235946
0.07928937
0.07815831
0.06094722
0.10100472
0.10357188
0.09519121
0.10930852
0.11969048
0.07478388000000001
0.10543728
0.10535680999999998
0.09142463
0.12454988
0.13365709
0.12550367999999998
0.11880313
0.13964598
0.11762781
0.13796137
0.19164627
0.1575055
0.11326982
0.13473359
0.15631804000000005
0.12478845
0.15189125
0.15487118
0.11286141000000002
0.10652078
0.07641087
0.11761310000000001
0.11193001
0.12444307999999996
0.15467835000000002
0.17510717
0.14019286
0.08956868
0.11249685
0.13550568999999998
0.11735737000000004
0.11137696
0.11551475
0.12568092
0.11947664
0.14202673000000002
0.12672799999999998
0.1234922
0.1203068
0.0772559
0.0522439
0.07736161
0.08809517999999998
0.09588143
0.10229119
0.08384296
0.11550895000000005
0.10092083
0.08125170999999999
0.07079715999999997
0.06928269000000001
0.07297769
0.07743634999999999
0.09706935999999998
0.09483609
0.12942731999999998
0.16830057999999998
0.17212433
0.18828076
0.12432511000000004
0.14107357
0.13341821
0.10582533
0.08140298000000001
0.07158275000000001
0.08331275
0.12086799
0.06569478000000001
0.12920273999999998
0.12904898
0.15218300999999998
0.11370062999999996
0.12966159
0.09870877000000004
0.11147301
0.05808051
0.09647363000000002
0.08702985
0.06547512999999999
0.06375617999999998
0.15538211000000002
0.16557080999999996
0.1219713
0.17573724999999998
0.13767934999999998
0.17874858000000002
0.12666635999999998
0.12295375
0.17517311
0.13254611
0.11588572
0.07173128000000001
0.09551252
0.08505042
0.20339995
0.11916026
0.11716058
0.16173102
0.16259363999999998
0.16788129
0.17920924
0.18835406000000005
0.16360667
0.19314055
0.18127633
0.17459802000000002
0.19732524
0.17473843
0.13459932
0.14222683
0.13297628
0.11954285
0.11965833
0.15391701000000002
0.17045275
0.18495035
0.15235038
0.20128585
0.21814822
0.15202201999999998
0.09325718
0.14705079999999998
0.17333887
0.12929034999999994
0.12144760000000002
0.12673007
0.12108897
0.1223304
0.12176244
0.14230415
0.13531328999999995
0.15037158999999994
0.14798060999999998
0.10399693
0.08705335
0.10551825
0.10273512
0.07563624
0.14885170999999994
0.17816063
0.21686057
0.29394909
0.2342428000000001
0.2485661
0.17456100000000002
0.217479
0.2266212300000001
0.11701319
0.05078147
0.04770138
0.05092114
0.07572723999999999
0.08345591000000001
0.10439879
0.09638329
0.1540525
0.15506247
0.16636610999999998
0.18588295
0.1909199
0.19817681
0.21063553
0.22307079
0.18878393
0.18974655
0.19564422
0.19266501000000005
0.19385564
0.22195635
0.1950458
0.17097314
0.15366750999999998
0.16497377000000002
0.15606863
0.0444264
0.27308001
0.21259255
0.20424475000000009
0.23199557
0.23554871000000005
0.12511150000000001
0.13139134000000002
0.13486837999999998
0.13051504999999994
0.13484881999999998
0.13999093
0.13543112999999998
0.13250612
0.13633437
0.13049721999999994
0.12250933
0.11306843
0.10729039
0.13464193000000002
0.15984727
0.14492715999999994
0.10518112000000003
0.1061307
0.1185201
0.12181045
0.10635802
0.13273221999999996
0.14486672
0.11312579
0.08830622
0.10334649
0.13320813
0.13062448
0.12507136999999996
0.12619395
0.12868842
0.06914392
0.06864388
0.08190318999999997
0.06523744999999999
0.08689532
0.057434050000000014
0.04485022
0.05213731
0.09735873
0.09059925
0.09159259
0.0993098
0.17649610000000002
0.1131702
0.07111009999999998
0.0643393
0.06412050000000001
0.055955099999999994
0.08392339999999998
0.0899967
0.0876165
0.08101969999999997
0.0851775
0.1093662
0.1085106
0.08604250000000001
0.08119539999999997
0.08756720000000001
0.1619316
0.187453
0.18391510000000005
0.17176889999999995
0.1902037
0.20904770000000006
0.2199408
0.09275830000000004
0.0891455
0.0860599
0.07302449999999999
0.06668059999999999
0.1251496
0.1299566
0.082646
0.1033289
0.06292169999999997
0.1172075
0.14690720000000002
0.12695679999999998
0.0777354
0.08110398
0.1086749
0.09472679999999996
0.1945629
0.13612490000000002
0.1381667
0.081695
0.0956499
0.12992399999999998
0.0752554
0.09526860000000002
0.1498921
0.1407388
0.1611759
0.1341629
0.1312767
0.13489910000000002
0.146396
0.08079190000000001
0.061940800000000004
0.2370563
0.2646631
0.23497820000000003
0.2070306
0.09584619999999999
0.0678448
0.1077598
0.128664676
0.16564990000000002
0.1742767
0.17268589999999998
0.17201260000000002
0.15305059999999998
0.16699619999999998
0.0644415
0.08163310000000001
0.19856240000000008
0.1853965
0.0670671
0.1801436
0.17756729999999998
0.17724070000000006
0.1829585
0.1979632
0.1990517
0.183302
0.2215245
0.16903690000000002
0.2047874
0.22115290000000004
0.21488920000000006
0.28044420000000003
0.2865944
0.23786479999999996
0.1930422
0.20158880000000004
0.2099305
0.2183339
0.22288590000000005
0.2164654
0.2013396
0.2020509
0.1788355
0.06920799999999999
0.0512283
0.0561383
0.05614159999999999
0.0791298
0.07334659999999997
0.04103139999999999
0.0363423
0.07030220000000001
0.06843400000000001
0.06171710000000001
0.05507769999999999
0.058084400000000015
0.09518859999999996
0.3102783
0.2434034
0.2293592
0.1912208
0.1878493
0.20972960000000002
0.20616610000000002
0.0855825
0.082665
0.0601732
0.07792829999999999
0.0798313
0.07737550000000003
0.06261070000000002
0.03781759999999999
0.041163799999999987
0.0460806
0.04781270000000002
0.06250700000000001
0.04077320000000001
0.0408328
0.0378716
0.028983999999999996
0.028481700000000002
0.053219100000000005
0.0410488
0.0500158
0.0583235
0.0389611
0.0433465
0.039936200000000005
0.03698510000000002
0.0379128
0.0391992
0.08825419999999999
0.0515101
0.031333400000000004
0.030703300000000003
0.0259172
0.034774
0.03346289999999999
0.0515134
0.1237651
0.12849900000000006
0.0945058
0.0409529
0.0380176
0.0643388
0.07022479999999999
0.0548038
0.052428699999999995
0.04311079999999999
0.0370249
0.0333824
0.0309575
0.0271111
0.0485866
0.08887550000000001
0.07618959999999997
0.0474876
0.031975600000000014
0.18569840000000004
0.20486820000000006
0.1877189
0.04303209999999999
0.039124499999999986
0.032748300000000015
0.035918500000000006
0.034279500000000004
0.2058714
0.2182495
0.1658595
0.1091297
0.1049879
0.0958052
0.0965119
0.102854
0.00019169999999999997
0.014509800000000003
0.038853
0.07198
0.117509
0.1101966
0.0789312
0.0696191
0.06403500000000001
0.140787
0.14683000000000002
0.16747
0.158237
0.157123
0.299672
0.341158
0.12388099999999999
0.110274
0.298266
0.292522
0.257533
0.242029
0.22758
0.26535000000000003
0.16756100000000002
0.128497
0.137418
0.117856
0.090532
0.081067
0.07632630000000001
0.07812419999999999
0.1086286
0.1017163
0.093905
0.155524
0.2038
0.20156
0.18170799999999998
0.22791
0.134999
0.149452
0.144012
0.091529
0.08584549999999999
0.08871989999999999
0.08223
0.09524570000000004
0.15475800000000006
0.17717299999999994
0.16931400000000002
0.140995
0.126191
0.125063
0.129931
0.11871899999999998
0.11332200000000002
0.12811899999999998
0.1239895
0.12849960000000002
0.13097409999999998
0.08201800000000001
0.08474300000000001
0.14944200000000002
0.135792
0.14780500000000002
0.252155
0.282551
0.271083
0.274792
0.267562
0.259325
0.261863
0.2531446
0.2629798
0.06968089999999999
0.0719263
0.152818
0.23356500000000002
0.217284
0.13598470000000001
0.1398699
0.14298550000000002
0.1289284
0.10116
0.0921689
0.1336836
0.13803970000000002
0.2004254
0.1615067
0.14430700000000002
0.1839681
0.18591250000000006
0.14963239999999994
0.229846
0.214534
0.2017741
0.132101
0.21588
0.17322
0.213838
0.197786
0.21438200000000004
0.23672100000000004
0.223398
0.244685
0.212756
0.34678000000000003
0.347975
0.325458
0.199356
0.217872
0.155681
0.09551
0.098649
0.11083699999999999
0.0921372
0.139192
0.232162
0.123798
0.135193
0.141347
0.15313
0.199508
0.139879
0.108464
0.11388
0.144489
0.106635
0.092275
0.089753
0.09544
0.105976
0.113956
0.193286
0.1805940000000001
0.19030400000000008
0.184942
0.16518999999999998
0.13582300000000005
0.10542
0.10167000000000001
0.122405
0.12489300000000005
0.12188800000000001
0.12505999999999998
0.11756700000000002
0.117485
0.153245
0.157135
0.183643
0.13614700000000002
0.12459
0.112218
0.108544
0.088737
0.160648
0.15589599999999998
0.13848100000000002
0.123859
0.14121899999999998
0.129623
0.143552
0.173225
0.14529899999999998
0.123793
0.11701400000000002
0.08934299999999999
0.07792400000000001
0.071188
0.0790928
0.082743
0.08949700000000001
0.09038500000000001
0.09459
0.075516
0.093972
0.109673
0.132794
0.139466
0.11828700000000004
0.09639300000000002
0.09009099999999999
0.06904500000000001
0.0627784
0.07805300000000001
0.09600999999999996
0.093876
0.087477
0.083521
0.11936299999999996
0.148714
0.15212399999999998
0.124194
0.096844
0.115935
0.096944
0.111624
0.08292799999999999
0.061820000000000014
0.0712365
0.10064800000000004
0.097042
0.099786
0.100905
0.13619699999999998
0.12854900000000002
0.153141
0.113501
0.087424
0.099452
0.077894
0.07523099999999999
0.155755
0.091927
0.087796
0.104841
0.13135200000000002
0.172574
0.166165
0.174854
0.163596
0.13409100000000002
0.103935
0.096882
0.10301700000000001
0.091544
0.07120499999999999
0.06636
0.11814
0.098189
0.08300600000000001
0.058565
0.059579999999999994
0.060408
0.061719
0.25438
0.10238700000000002
0.140632
0.129037
0.136392
0.12777499999999994
0.09588499999999996
0.093954
0.07653860000000001
0.07221870000000001
0.075139
0.0853415
0.106779
0.096725
0.12909099999999998
0.116782
0.113176
0.106752
0.06816699999999999
0.1114289
0.1095313
0.08446879999999997
0.08477699999999999
0.1174901
0.101998
0.0972178
0.0973567
0.1001893
0.12374129999999996
0.1103029
0.099825
0.16489700000000002
0.147882
0.144128
0.10536
0.088923
0.07449689999999999
0.08027759999999999
0.06976510000000001
0.06840539999999999
0.0739125
0.0970039
0.08078390000000002
0.0652733
0.0716673
0.097094
0.17106
0.16770000000000002
0.158684
0.14191700000000002
0.081386
0.10772800000000002
0.1363444
0.13911700000000002
0.202745
0.156797
0.19510500000000008
0.10835
0.16030899999999998
0.17291800000000002
0.10845
0.1120433
0.0943271
0.09047530000000001
0.09853739999999996
0.10754189999999997
0.113601
0.114882
0.12175239999999997
0.128396
0.14713899999999994
0.153106
0.16671099999999994
0.127132
0.10283
0.118257
0.1097337
0.0889122
0.1143023
0.108507
0.12388
0.193994
0.211143
0.207318
0.18788
0.124205
0.10820199999999999
0.105758
0.1073134
0.1046845
0.10554049999999998
0.1001229
0.08481469999999999
0.099925
0.17940200000000006
0.140125
0.162113
0.171602
0.101138
0.095986
0.090545
0.06229069999999999
0.07068169999999999
0.0867092
0.0807571
0.07526039999999999
0.07584569999999999
0.2295944
0.280497
0.25841000000000003
0.17966100000000002
0.247606
0.256155
0.27164099999999997
0.267432
0.26154999999999995
0.241911
0.2369882
0.2230854
0.2120153
0.270513
0.270542
0.272215
0.250297
0.260058
0.223058
0.21934
0.221338
0.2188116
0.2035263
0.2344473
0.2032754
0.2326175
0.26213179999999997
0.259938
0.291416
0.255589
0.25522399999999995
0.24829600000000002
0.26413400000000004
0.253783
0.386697
0.369129
0.296667
0.36638923
0.35718102
0.35634113
0.22194303
0.2351199
0.2761209
0.24455922
0.26208336
0.28679157
0.27340885000000004
0.27841762000000003
0.22909394
0.23561171
0.23448676
0.22211412
0.22266188
0.2260119
0.25786204
0.26697190000000004
0.29679371
0.2946089000000001
0.27395685000000003
0.24869853
0.23060566
0.22684843
0.23276548
0.23195394000000005
0.2433528000000001
0.23748576
0.30801866
0.27788148
0.33621353000000004
0.31282376
0.29229008
0.23136162
0.29860802000000003
0.23942964
0.22388152
0.34553772
0.38060076
0.40204034
0.40677239
0.40220866
0.4112568
0.4068629
0.27608753
0.27722015
0.1809292
0.25895743
0.24247443
0.2110112
0.22651529999999998
0.37457959
0.27061325
0.24453611
0.22944182
0.24317819
0.26749857
0.27104562
0.24758962
0.26175253
0.25131966
0.23188408
0.22450857
0.23880929
0.22918676
0.21771174
0.19472819
0.20743207
0.21743727
0.22679039
0.22972276000000005
0.3537519
0.3813189
0.3983938
0.38705617
0.3655069400000001
0.36616315
0.19010176
0.2186636700000001
0.22454269
0.22122424
0.22112184
0.25484004
0.26830534
0.24755790000000005
0.32339462
0.33599719999999994
0.3110812
0.29116143
0.24007148
0.21652894
0.2015169
0.22692713
0.22351204
0.10316457
0.1426599
0.30290299000000004
0.35875757
0.26324136
0.40149085
0.3904420400000001
0.3750304800000001
0.39448502
0.36823025
0.37837585
0.34651557
0.36302257
0.36604853
0.39401339
0.31886548000000003
0.33878894
0.31598785
0.36329685
0.3536798
0.3732558
0.36868462
0.34650294000000004
0.33713962000000003
0.25116234
0.23798539
0.22774157
0.22409123
0.28568345
0.37500771
0.32355448
0.36930802
0.37964402
0.36454579
0.3310652800000001
0.33813459999999995
0.34316755
0.30452569999999995
0.30100227
0.23277715
0.29417174
0.29941186
0.30260997
0.30411387
0.30466340000000003
0.30316115
0.29586994000000005
0.30198727
0.21566967
0.28124243000000004
0.29477346000000004
0.28441075
0.29658654
0.28695114
0.27212162
0.2878519600000001
0.28896261
0.29230334
0.29811094
0.30097935
0.33632996000000004
0.22989769
0.30657234
0.30940506
0.29648582999999995
0.24920265000000005
0.30639939000000005
0.26381254
0.31307844
0.25944569
0.31829595
0.26622624
0.33171339
0.25369854
0.26782858
0.31686341
0.23845823
0.30240109
0.25488213
0.30402023
0.29535392
0.2583315
0.29699459
0.29881466
0.31990951
0.29572306
0.33645117
0.33033083
0.34855646
0.33967044
0.34396979
0.33448717
0.3227297900000001
0.26784192
0.268424
0.26604496
0.19297973
0.26938540000000005
0.32611237
0.31198475000000003
0.31974666
0.30901887999999994
0.31387986
0.31849815
0.3108057800000001
0.31010913
0.26451693
0.25992533999999995
0.31299184
0.30968375000000004
0.3259673
0.34019607
0.29703307
0.36522343
0.33457498
0.35505773
0.33268269
0.32039765000000003
0.30818320000000005
0.307995
0.3243934
0.31833690000000003
0.31696799999999997
0.31518529999999995
0.3312873000000001
0.3425900000000001
0.3495343
0.3366308
0.35161669999999995
0.30964790000000003
0.2927505
0.3040687
0.27906541
0.28077747000000003
0.29064118
0.26283904
0.25101292000000003
0.28038661000000004
0.29558695
0.30063955000000003
0.32532586
0.3079391
0.31268789
0.2750942100000001
0.17997543
0.25623454
0.25633699
0.2590271200000001
0.26225999
0.26506794999999994
0.35467847
0.3172435200000001
0.34718812
0.33851532999999995
0.34627294000000003
0.34082182
0.33168999000000005
0.28687968
0.26486648
0.26415925
0.29966033
0.34837431
0.31793766
0.27738615
0.28156474
0.26607074
0.28533087
0.30252886
0.28822747000000004
0.32299692
0.27693783
0.29189762
0.27993994999999994
0.25997960000000003
0.2698974
0.25100717
0.26494927
0.27703196
0.32946645
0.35910157
0.34314529
0.38985184
0.37818053
0.36050031
0.38006159
0.35039343999999994
0.31676776999999995
0.34488292000000004
0.32032481999999995
0.33492071999999995
0.35910408
0.32469223
0.27451855
0.4056574
0.3820290399999999
0.33714126
0.33047038
0.3629300300000001
0.3287415
0.32152836
0.3319203000000001
0.32863415999999995
0.34425263
0.32039054
0.2923328
0.30443559000000003
0.32650171
0.32245696
0.4336940500000001
0.46806143
0.43902621
0.4281596600000001
0.37523634
0.35337273
0.32897509
0.32463966000000005
0.28057381
0.2618915900000001
0.26696069
0.25762384000000005
0.27797224
0.35231438
0.3807501600000001
0.39768281
0.37046707
0.37115904
0.31408109
0.3110325
0.3694582400000001
0.26963644000000003
0.2691750900000001
0.26194435000000005
0.26349451
0.26000369
0.29606708000000004
0.32212987
0.30416442
0.31751781999999995
0.31298785
0.29665754
0.19232742
0.27287641
0.25729955000000004
0.3003032600000001
0.44859744
0.41614935
0.31689726
0.36544438
0.33204856000000005
0.34845406
0.28861668
0.27934227
0.25282929000000004
0.27833032
0.29664732
0.35288348
0.37470086
0.42937812
0.25268291
0.28171166000000003
0.30104517000000003
0.31209619
0.30210424
0.3208709
0.310698
0.32633218
0.24157924
0.26514344
0.24182472
0.26255443
0.24826514
0.31978285
0.3359133200000001
0.37325441
0.3319613
0.31781184
0.29190642999999994
0.33081978
0.29493254
0.3387871500000001
0.28640938
0.19538006
0.29876231
0.30176765000000005
0.2950468
0.23839324
0.36629656
0.3026871700000001
0.27059942
0.28401223
0.34381381
0.30523088000000004
0.27030662000000005
0.23475079
0.28067987000000005
0.2930167000000001
0.25604353
0.27093116
0.28772270000000005
0.3111668
0.28836161000000005
0.31623033
0.30988001000000004
0.26665658
0.29778659
0.25886078
0.27779901
0.27919145999999995
0.27902862
0.29366847
0.27320571
0.31988338
0.32824600000000004
0.33856817999999994
0.32852061
0.35023356
0.29001358000000005
0.34095942
0.24530514
0.2485402700000001
0.27962614
0.30212910000000004
0.28959697
0.30824039
0.24312558
0.32576931000000003
0.32968804
0.34708456000000004
0.34370161000000005
0.33574978
0.32544771
0.31478481
0.22016194000000008
0.32189120000000004
0.32903052
0.2167482
0.16952452000000004
0.15706509999999996
0.12542734
0.16124323
0.15624241
0.26584881
0.24850247
0.25133976
0.23216252000000004
0.18670605999999995
0.21051525
0.29938384
0.2643439500000001
0.31633782000000005
0.33095764000000005
0.30139448
0.26086285
0.36075478
0.36778438
0.37002483
0.38055792
0.35141999
0.3348069
0.35090284
0.33767722
0.3546435499999999
0.2787205600000001
0.32577954
0.30875811
0.30390706
0.22335598999999995
0.21674651
0.25791788000000004
0.25242724
0.32863580000000003
0.33196557000000004
0.3448175500000001
0.3211315600000001
0.32946970000000003
0.3979824200000001
0.3994419
0.42079416
0.41668478
0.38305075
0.41197551
0.3830465
0.38559015
0.33407295000000004
0.31577706
0.3406219600000001
0.2946480099999999
0.27646817999999995
0.29502256
0.31836745
0.33186467000000003
0.3186950599999999
0.34511226999999994
0.31324166
0.30438221
0.29509839000000004
0.30681651
0.30895276
0.33848885999999995
0.39090083
0.38157459
0.36999827
0.37686934
0.40286604
0.4173753299999999
0.40654528
0.35445919000000004
0.36928163
0.3597514500000001
0.24451518
0.25800755000000003
0.29022557
0.27861897
0.30851529
0.23805376
0.20435232
0.2824161000000001
0.26980651
0.21753855
0.2220088
0.230255
0.24005462
0.25852443
0.25555813
0.25802182
0.20815096
0.21832087
0.23285258999999994
0.24550473
0.3187515400000001
0.31202054
0.2480745000000001
0.25976059
0.23616387000000005
0.24409978
0.17377091999999994
0.21916692
0.23639192
0.24114478
0.2483769200000001
0.25865143
0.30913853
0.27601049
0.34559348
0.25477089999999997
0.312425
0.31390700000000005
0.28526148
0.23137576
0.17824607999999995
0.28901529000000004
0.2955669
0.28798499999999994
0.283061
0.355901
0.36194371
0.33282827000000004
0.33684336
0.36811059
0.37302445
0.32728159
0.33123896
0.29078264
0.43268854
0.43529341
0.4368255
0.43785254
0.43211259
0.43662227
0.44086627
0.40870541
0.40649822
0.4131891700000001
0.35847041
0.3526715
0.3898693600000001
0.3900145
0.32001968
0.39069468
0.37284468
0.31676350000000003
0.3466305
0.30529868
0.224241
0.261263
0.26498404000000003
0.329554
0.4503450000000001
0.4584579999999999
0.4381534000000001
0.4443018
0.44066185
0.44104117
0.43354022
0.4270425000000001
0.44662536
0.44380459
0.44361841
0.44158366
0.44682572
0.40296657
0.33369126999999993
0.34882507
0.35106477
0.3538427999999999
0.3783997000000001
0.4003578
0.3825558
0.3753895
0.32440499999999994
0.380239
0.35069490000000003
0.3866127999999999
0.29922600000000005
0.302417
0.29055699999999995
0.3685814000000001
0.330462
0.3647220000000001
0.362094
0.34708
0.2996383
0.3080427000000001
0.3127506
0.2938796
0.18372171000000004
0.17116644999999994
0.22909344
0.3518354600000001
0.39202382
0.36063145
0.32338344
0.33906393
0.30533305
0.19536221
0.13182158000000002
0.17765538000000006
0.17361997999999998
0.18447996000000005
0.12669848
0.23079788
0.18473368
0.20213151
0.21614761000000005
0.29676301
0.31098394
0.29680019
0.29066963999999995
0.28584308
0.25441692
0.27330216
0.26555956
0.27058357
0.23616526
0.25179101000000004
0.25282316
0.34260193999999994
0.33593884
0.32211081
0.31147061000000004
0.3432909000000001
0.32032912
0.33088299
0.31658943999999994
0.31504574
0.31436543999999994
0.33474808
0.30839548
0.31091268
0.28246323
0.34958831
0.38376917
0.35070467000000005
0.26974457
0.36668956
0.34195268
0.35406001000000004
0.3528576100000001
0.32550890000000005
0.3482943399999999
0.32277870000000003
0.30485904
0.34184088999999995
0.34849998
0.35052071
0.36630906
0.36261476
0.34154355000000003
0.33886624
0.33186354
0.35572184999999995
0.35612835000000004
0.28759626
0.30886196000000005
0.2755552399999999
0.25613539
0.31521762
0.30429289000000004
0.30802893
0.31079889
0.34468369
0.35091103
0.28524968999999994
0.27446689
0.28337264999999995
0.28938264
0.27518044
0.27999898999999995
0.32784353
0.34029964
0.37413031
0.3612427499999999
0.39358594
0.37145037
0.32058116
0.31885550999999995
0.32473370999999995
0.34491434000000004
0.34072803999999995
0.34385330000000003
0.3665317
0.27827535000000003
0.30301179
0.29117478
0.32013594
0.3113274400000001
0.31474019000000003
0.1871274
0.1878864
0.17565489999999995
0.1956478
0.1531606
0.15349979999999994
0.20463260000000005
0.22516610000000006
0.15553579999999995
0.1076346
0.1225888
0.15228489999999995
0.15432559999999998
0.151038
0.19463970000000005
0.19039669999999995
0.13822389999999998
0.16126399999999996
0.1517371
0.16889579999999998
0.3279344999999999
0.29677669999999995
0.3155197
0.3087132999999999
0.3971321
0.3888522999999999
0.2937086
0.28429419999999994
0.28696020000000005
0.316179
0.3913537
0.374731
0.3673886000000001
0.3773677
0.32717040000000003
0.35711370000000003
0.34846809999999995
0.2660263
0.28866329999999996
0.29282329999999995
0.28749640000000004
0.29004519999999995
0.22555859999999994
0.25234070000000003
0.2896132
0.3215987
0.29909709999999995
0.29830059999999997
0.30813820000000003
0.3444858999999999
0.3097115
0.31548780000000004
0.3342772
0.33609490000000003
0.3293946
0.3245928
0.3186567
0.2943646999999999
0.29594039999999994
0.30450679999999997
0.31916219999999995
0.2999354
0.30774919999999995
0.32828510000000005
0.330307
0.3556662000000001
0.3897948
0.35392579999999996
0.33444169999999995
0.27968420000000005
0.26138320000000004
0.2930103
0.30274499999999993
0.3099201999999999
0.2772696999999999
0.2945888
0.30482909999999996
0.30137129999999995
0.3127346
0.3079211
0.34046740000000003
0.33032769999999995
0.3277192999999999
0.31689509999999993
0.324056
0.3234073999999999
0.3258432
0.320207
0.29518690000000003
0.3139445
0.2921729000000001
0.31430669999999994
0.2901414
0.31392509999999996
0.364953
0.3377546
0.3248265699999999
0.2954866299999999
0.3352456
0.32156349999999995
0.31896362
0.3147263599999999
0.3262877799999999
0.30018131
0.3142747
0.358974
0.3511527000000001
0.33747550000000004
0.2924959999999999
0.33188510000000004
0.3541958000000001
0.32077700000000003
0.31019420000000003
0.29590279999999997
0.2881459
0.29846983000000005
0.22796799999999998
0.25481159999999997
0.28716241
0.28765581
0.33276290000000003
0.35499341
0.3707675000000001
0.3464554
0.31817660000000003
0.4017413
0.38162991
0.3244313099999999
0.32414759000000004
0.27664550000000004
0.291113
0.29136221
0.30416215
0.36104990000000003
0.34025025
0.37091832
0.36556746
0.36885461
0.23095151
0.29987546
0.32730715999999993
0.33335195999999995
0.33273369
0.34256428999999994
0.34293350999999994
0.32208661
0.3667295099999999
0.34301973
0.3630576599999999
0.35791154
0.34624533
0.32889778000000003
0.30330057
0.26953299000000003
0.29659155
0.25554576
0.4014539899999999
0.35588144999999993
0.20835686
0.20640644
0.22864394
0.26199195
0.2913928899999999
0.2868052400000001
0.24736033
0.30708571
0.29102724
0.30979595
0.31062091
0.29405199000000004
0.28645273
0.31069655999999995
0.3161819
0.35996416000000003
0.38171109
0.37648359
0.33877138
0.32222655
0.2914009100000001
0.2752680699999999
0.39048055
0.31848105000000004
0.29706710000000003
0.29910111
0.25175525
0.32450488999999993
0.30902569
0.26138805000000004
0.29929074
0.31007596
0.25203619
0.25948106
0.22275078000000004
0.23194947
0.19666785
0.19684273
0.18130101
0.27324917
0.25841327000000003
0.27738611
0.25387024
0.25623938
0.21650714999999995
0.18214228
0.19886949999999995
0.19884291
0.18275269000000005
0.21908082999999995
0.22635124
0.25841119
0.21171695
0.25174605
0.24666496
0.23441345
0.19416749000000008
0.29526816
0.33432459
0.30581337
0.27554359
0.27999619000000003
0.23436569
0.27109121
0.36084752
0.2882870100000001
0.30194599
0.30551818
0.25765322
0.28066742
0.27387468
0.23565429
0.22249679
0.24451897
0.24599538999999995
0.27428639
0.18383144
0.3394140299999999
0.33998566
0.2988858699999999
0.30345071
0.26797725
0.23019868
0.20807066
0.26135711999999994
0.2657273200000001
0.26157975
0.25147697
0.2589648500000001
0.31425066
0.28322207
0.33129384
0.30193447
0.2735788899999999
0.24047333
0.22205813
0.39127576
0.31069946
0.40153041
0.25216015
0.2829200699999999
0.30418068
0.31918545
0.30838584
0.33096922
0.3061490599999999
0.30080469000000004
0.30260524
0.3044946800000001
0.3061064700000001
0.27882687
0.33642869000000003
0.35658722000000004
0.3428075100000001
0.34136185
0.3356524600000001
0.30858997
0.30495798
0.28270095
0.28356563
0.2816974800000001
0.28613643000000005
0.25966223000000005
0.27940408999999994
0.18907426
0.20099925
0.25296741
0.3084484700000001
0.31211073
0.17251868000000006
0.2181426
0.2492376000000001
0.2644974
0.29422961000000003
0.24590013000000005
0.25146571
0.35970794
0.39252332
0.36413345
0.3660716
0.28885513
0.26156318
0.2839606599999999
0.28314343
0.25934399
0.27376895
0.27394499
0.33107395999999994
0.32024613
0.37862086
0.29005177
0.24225777999999995
0.27325807
0.29583251000000005
0.29344832000000004
0.31413961
0.3035998799999999
0.30735247000000004
0.31810060999999995
0.3960723
0.35603596
0.32072211
0.2494532
0.24051529
0.32045882
0.33718784
0.36892727
0.32416836
0.30529849
0.27065786
0.27791997
0.19933791
0.1410115
0.23669880000000004
0.3415447000000001
0.2697702
0.3086065000000001
0.2516845
0.23419279999999998
0.2385686
0.2441268
0.1989178
0.1862841
0.2504728
0.3347095
0.38647937
0.31815133
0.34856184
0.3134278100000001
0.31017321000000003
0.3249612100000001
0.2672485
0.20691806
0.25299354
0.23844605
0.24852669
0.26507162
0.29934062
0.35476421
0.36175522
0.29710181
0.30024227
0.23988069
0.23685046
0.28987822
0.2456689
0.2819892500000001
0.2397949
0.28096752
0.30568202
0.29539166
0.3899569700000001
0.32245786000000004
0.30911209999999995
0.30301445
0.3417298
0.29260759999999997
0.28406405
0.28756067
0.30612797
0.27443049
0.21202945
0.32099413
0.32433857
0.29765062000000003
0.28406675
0.32459179
0.30630245
0.30335945000000003
0.25958054
0.26650483
0.26261799
0.3246679000000001
0.35602695999999995
0.31872025000000004
0.40759402
0.41773537
0.4594748700000001
0.4645972199999999
0.46393327
0.30061740000000003
0.29041315
0.31016675
0.30652344
0.3038744
0.3155936500000001
0.32221972
0.305264772
0.31501505
0.34757202000000004
0.34623016999999995
0.38875083
0.39524673
0.33929485000000004
0.34769966
0.36602495
0.35107055000000004
0.34889509
0.24216159
0.25204674000000005
0.30943334
0.33686684999999994
0.31102495
0.3037456000000001
0.34742006
0.312345136
0.32848975
0.3364889500000001
0.3102373
0.3495805999999999
0.35318649999999996
0.3149562000000001
0.3467389
0.35610990000000003
0.14413929999999994
0.191635
0.29744040000000005
0.3932372
0.379845
0.3445257
0.35284190000000004
0.3498881
0.3594364
0.32934309999999994
0.3313398
0.3433116
0.3333207999999999
0.350418
0.3606970000000001
0.3691578
0.3766467
0.3692426999999999
0.335252
0.3790481000000001
0.3336851
0.3312138
0.29021290000000005
0.321983
0.2910401
0.3455263000000001
0.37969759999999997
0.3866682
0.3636244
0.3370348
0.2998773
0.29286537999999995
0.29603408
0.28801778
0.28263149
0.27663448
0.28052113
0.31301933
0.31000456
0.34675875
0.3424134500000001
0.35271856
0.3020395
0.30788527000000004
0.29241134
0.27044713
0.2958460299999999
0.30709264
0.31213229
0.30562534
0.29602320000000004
0.3158196
0.31934819999999997
0.3674499000000001
0.3736574
0.3308538
0.3236936999999999
0.3309541
0.3224588
0.32258159999999997
0.32631170000000004
0.2906011000000001
0.2902189000000001
0.3451076
0.36002930000000005
0.3429325
0.29347490000000004
0.2965439
0.3165684
0.3124568
0.2389699
0.2802757
0.31200229999999995
0.3062966
0.3336907
0.3150863
0.2877341
0.17572629999999995
0.2464792000000001
0.2283051
0.1800307
0.16974489999999998
0.1546629
0.19199249999999995
0.21161710000000006
0.1796564
0.1889468
0.1651764
0.3319537
0.3626858
0.3848097
0.3515836
0.2898161
0.32279220000000003
0.33064649999999995
0.171974
0.17164870000000002
0.2407815000000001
0.21396440000000005
0.17450440000000006
0.1730384
0.20214020000000005
0.21733410000000009
0.2058776
0.16577060000000002
0.13246220000000006
0.1180686
0.16334479999999998
0.19761099999999998
0.2038646
0.21432470000000006
0.10567060000000002
0.1274377
0.2026498
0.2178147
0.2046402
0.2055759
0.14557910000000002
0.13735070000000002
0.1383564
0.13446979999999994
0.1190414
0.1159871
0.16587570000000001
0.19800360000000009
0.2113466
0.198056
0.16872430000000005
0.1261833
0.1198636
0.13521829999999999
0.14024340000000002
0.16599370000000005
0.14371589999999998
0.1273819
0.33799009999999996
0.2930127
0.32359730000000003
0.2894618
0.2672373
0.29477709999999996
0.31296090000000004
0.3025445
0.2762501
0.3126641000000001
0.3495209
0.2604357
0.1985121
0.26785820000000005
0.2728879
0.23448110000000005
0.1497515
0.12256520000000005
0.22312540000000008
0.1452185
0.0878095
0.0988031
0.1407973
0.16770320000000002
0.1376856
0.29557100000000003
0.3517774
0.3854121
0.3776333000000001
0.319508
0.24628480000000005
0.2266509
0.2099368
0.19679080000000004
0.16758440000000002
0.15325850000000002
0.1535864
0.1540931
0.1943354
0.20069210000000007
0.17809070000000005
0.15651289999999998
0.139711
0.11534189999999998
0.1192507
0.1716856
0.12137719999999999
0.1954439
0.2010046
0.2008008
0.3067257
0.3017211
0.24255760000000004
0.1654736
0.14197279999999998
0.17864490000000005
0.163056
0.1600016
0.19071300000000002
0.1301756
0.1527873
0.15979269999999998
0.12446580000000002
0.19440160000000006
0.3559333000000001
0.3604726
0.27482790000000007
0.18033770000000002
0.12418689999999999
0.140793
0.2351305
0.1798053
0.1182595
0.1405463
0.10694200000000001
0.13445540000000006
0.2293236
0.26581330000000003
0.1913128
0.17736190000000004
0.14961180000000002
0.1373146
0.140033
0.09045
0.17558990000000002
0.11689629999999998
0.12766889999999995
0.1283944
0.15888010000000002
0.2433904
0.2318790000000001
0.22129340000000008
0.2179227
0.17359570000000002
0.14957920000000002
0.1321141
0.1402874
0.1548237
0.199387
0.2289682
0.1865398000000001
0.2981627
0.2561686
0.2306545
0.2064445000000001
0.20708910000000005
0.1493776
0.13372920000000002
0.13454029999999995
0.1275512
0.2152462
0.2531297
0.2634519
0.312713
0.3696068
0.3808204
0.1724507
0.184131
0.1539336
0.13805730000000002
0.1105683
0.1196106
0.08190120000000001
0.09854500000000001
0.07055610000000001
0.17890350000000002
0.2128614
0.2238459
0.24010389999999998
0.3016572
0.2101693
0.1003882
0.14509170000000002
0.1229546
0.13966979999999998
0.1304392
0.1262723
0.1732471
0.2043385
0.21159280000000005
0.21809770000000006
0.1696979
0.16834889999999994
0.1506119
0.1657888
0.2658172000000001
0.31459240000000005
0.31572409999999995
0.3176737
0.3074903
0.3150005
0.33841750000000004
0.29506220000000005
0.22326210000000002
0.158201
0.17257689999999998
0.184094
0.14553100000000002
0.1081482
0.14134599999999994
0.2319632
0.15945370000000006
0.3390237
0.34999880000000005
0.3277776
0.2300011
0.17454399999999998
0.2982987
0.23227609999999999
0.1846133
0.3592466
0.2970937
0.31045480000000003
0.1023581
0.0840087
0.16477110000000006
0.1951113
0.2029572
0.1951713
0.1659156
0.0901443
0.13746309999999998
0.1462951
0.1875989
0.13442990000000002
0.1390689
0.1892189
0.16106779999999998
0.2012827
0.1420939
0.14235310000000004
0.1040141
0.112327
0.09798710000000001
0.0979772
0.10729289999999997
0.2005769
0.1915859
0.07035599999999999
0.191884
0.245779
0.217808
0.204482
0.15209209999999998
0.10205
0.075449
0.076382
0.112455
0.113427
0.121558
0.118017
0.11346800000000001
0.15931800000000002
0.18124300000000002
0.162037
0.10428399999999996
0.07761159999999999
0.0809213
0.0716729
0.115773
0.180399
0.14464000000000002
0.153
0.146836
0.207615
0.23356000000000005
0.204313
0.1806
0.098431
0.047916
0.053804000000000005
0.06772900000000001
0.057021900000000014
0.0596826
0.0714297
0.102041
0.145467
0.17615300000000006
0.15260500000000002
0.16077100000000002
0.14087
0.136214
0.08998400000000001
0.08352299999999999
0.07559199999999999
0.09432100000000004
0.07707499999999999
0.066567
0.1235
0.14855300000000002
0.17158099999999998
0.15636700000000006
0.134878
0.165312
0.13651300000000002
0.16204200000000002
0.07514399999999999
0.08342799999999999
0.146999
0.162601
0.147232
0.18473900000000001
0.245225
0.21420399999999995
0.17636100000000002
0.1333
0.10358800000000001
0.141572
0.113709
0.127951
0.12906800000000002
0.183932
0.120272
0.156332
0.10874500000000001
0.134848
0.1054036
0.091905
0.08768999999999999
0.1026308
0.1514656
0.14724520000000002
0.12302269999999994
0.1282596
0.11776860000000001
0.1021509
0.08471150000000001
0.08947460000000003
0.10029509999999996
0.07733409999999999
0.14225600000000002
0.11218100000000003
0.15170099999999995
0.11771
0.12383999999999998
0.12962500000000002
0.115151
0.104877
0.14186500000000002
0.180016
0.156458
0.119602
0.127063
0.127221
0.126236
0.111447
0.15225499999999995
0.300798
0.11797400000000002
0.16773
0.15440299999999998
0.26274699999999995
0.248325
0.2259465
0.2357254
0.196598
0.1212549
0.08990899999999999
0.08023480000000001
0.11036019999999998
0.07559439999999999
0.1035104
0.09243920000000004
0.08821899999999999
0.14660770000000006
0.12021049999999996
0.111529
0.0947322
0.0763318
0.0977447
0.14160899999999998
0.129076
0.0846327
0.2186269
0.294731
0.264459
0.334965
0.315529
0.375976
0.33176987
0.10071505
0.07412210000000002
0.09495615
0.08338915
0.08995615
0.08900154
0.10223819
0.26738909999999994
0.20487701000000005
0.17856772999999998
0.19225292
0.16508787000000005
0.11510915
0.11396115
0.14019279
0.15688365
0.15671879
0.13818099
0.14050629
0.15881119000000002
0.17800119
0.23072519
0.24326715
0.18640824
0.18400415
0.12878929
0.11193249000000002
0.13546005
0.13559115000000002
0.11080029
0.09927654
0.16167132999999995
0.23123724
0.26679419
0.25854005
0.26371696
0.28456496000000003
0.27261415
0.25234615000000005
0.22897615
0.23708495
0.16100415
0.15941023999999998
0.16331115
0.17284001
0.16950695999999998
0.18411901000000008
0.23268587
0.24296592
0.20885845
0.2673414
0.22229884
0.22323615
0.21592165
0.19132904
0.19554304
0.22190249
0.21103189000000008
0.19574149
0.25211205000000003
0.21579296000000006
0.21897596
0.22338396
0.22258087
0.19330492
0.17437000999999994
0.1644761
0.1581911
0.16671540000000004
0.17977605000000002
0.1561438
0.17286433
0.20156596
0.16949859999999994
0.21684538
0.21896833
0.18406189
0.16222333
0.14508014000000002
0.15306733
0.16768093
0.19871179
0.13446570000000002
0.16304519
0.19516633
0.23691726
0.27456561
0.2850627000000001
0.25187961
0.22706005
0.22286809
0.24612470000000003
0.23660689
0.25376052
0.24956323
0.2304064700000001
0.24646674
0.19129742
0.21366052
0.22687563
0.16612970000000002
0.13423590000000002
0.1237258
0.12597640999999998
0.15307751000000006
0.140281
0.138265
0.13287810000000005
0.2071286
0.32253551
0.2975516500000001
0.21953651
0.14391110999999998
0.14908860000000002
0.13915160000000001
0.21573023
0.22518756
0.15836009
0.22524411
0.22647889
0.25915555
0.3012766000000001
0.28973983000000003
0.31177055
0.30054502
0.22908843
0.15698441000000002
0.158398
0.1576535
0.17489408
0.16466127
0.1391341
0.14736192
0.15312092000000002
0.14745502
0.20340637
0.14968202
0.08919083
0.14783729999999998
0.16473019999999994
0.16000720000000002
0.1559909
0.16323880000000002
0.14547680000000002
0.1535436
0.19652441
0.18830283
0.21460888000000009
0.1962886
0.0001736
0.0001678
0.001152
0.006927
0.01376
0.03055
0.4173
0.43457
0.41748
0.2382100000000001
0.053468000000000016
0.04435000000000002
0.053593000000000016
0.03779
0.05113
0.056121000000000004
0.0385687
0.0335207
0.070262
0.0209546
0.030686400000000006
0.0345732
0.17020100000000002
0.17461600000000002
0.194029
0.15857200000000002
0.1316163
0.1215368
0.158551
0.300678
0.42512
0.19315
0.16296
0.16735999999999998
0.1278
0.13373000000000002
0.15051000000000006
0.14404
0.13617
0.14014
0.21569
0.13245
0.10688
0.2377
0.2132143
0.273312
0.26321
0.208267
0.196915
0.208342
0.30019
0.32541
0.28664
0.36518
0.32798000000000005
0.34514
0.317677
0.328013
0.30074
0.31931000000000004
0.36609
0.34986
0.34029
0.33564000000000005
0.29872000000000004
0.33755
0.33248999999999995
0.32527
0.30311
0.32505
0.33864
0.35020999999999997
0.32027000000000005
0.31460000000000005
0.34083
0.1781
0.14587
0.16265999999999994
0.07215
0.053449
0.0993492
0.1023025
0.106005
0.06799
0.12304000000000001
0.09665
0.119518
0.06665
0.107897
0.06276
0.04651
0.10266
0.09076000000000001
0.07580999999999999
0.09723
0.28200000000000003
0.21624
0.23517
0.04095
0.034910000000000004
0.06921000000000001
0.06824
0.05914
0.03143
0.03296
0.17742000000000002
0.18347
0.20217000000000002
0.195252
0.18664
0.16948
0.16705
0.17602
0.18769
0.1789
0.069732
0.080573
0.110165
0.07083600000000001
0.08144699999999999
0.10429200000000001
0.121647
0.18835
0.0902383
0.1309202
0.1400183
0.1364721
0.1366621
0.1379402
0.1389849
0.160044
0.16370110000000002
0.20241420000000002
0.2048768
0.1886213
0.241177
0.258753
0.2056949
0.1560121
0.16131679999999998
0.149054
0.1062621
0.1254792
0.1670021
0.1185292
0.1220102
0.1578921
0.1091863
0.11547730000000002
0.061283
0.10778589999999999
0.08067919999999999
0.07854730000000001
0.07940019999999999
0.06767630000000001
0.08308510000000001
0.022692500000000004
0.0354673
0.117554
0.094409
0.0885272
0.101145
0.08546869999999998
0.1581516
0.1610178
0.090334
0.32149540000000004
0.3220054
0.30580250000000003
0.1697344
0.18733970000000005
0.1925435
0.23809829999999998
0.2404421
0.12097629999999998
0.0701383
0.0424122
0.064291
0.06512060000000001
0.14789539999999998
0.27342540000000004
0.2408473
0.2621433
0.1406291
0.17724920000000002
0.1610283
0.17702020000000002
0.0976263
0.1112111
0.1000373
0.0930744
0.0878835
0.0789406
0.0803716
0.0848935
0.1912192
0.1979892
0.1654854
0.0814406
0.0984454
0.10736110000000001
0.08598919999999999
0.2646002
0.1364183
0.11070439999999998
0.08107160000000001
0.1013644
0.1052632
0.08308529999999999
0.0959654
0.1110444
0.1042744
0.08712530000000003
0.1282892
0.1186713
0.1211903
0.1090102
0.1091844
0.1252373
0.13293210000000005
0.1247473
0.22338830000000004
0.1836591
0.14253329999999995
0.17305030000000002
0.1464704
0.1913121
0.121219
0.1104942
0.1575706
0.1711054
0.2096506
0.1944687
0.2296463
0.3214925
0.3135425000000001
0.25606439999999997
0.2450725
0.26788159999999994
0.2132783000000001
0.2693433
0.2652225
0.19377160000000002
0.457443
0.4675187
0.4261864000000001
0.3653074
0.4332943
0.4768002000000001
0.43665600000000004
0.3098420000000001
0.2665937
0.2082039
0.301252
0.3124502
0.3954433
0.2455092
0.3281381
0.333137
0.29261000000000004
0.2139419
0.1924369
0.19500870000000003
0.1982668
0.19178879999999998
0.2292518000000001
0.21722470000000005
0.21029789999999998
0.21045390000000005
0.1817341
0.1639432
0.1452964
0.14722009999999994
0.1724483
0.28283059999999993
0.20638099999999998
0.1868319
0.13321470000000002
0.12659479999999998
0.2086608
0.27727
0.315822
0.3222038
0.2209139
0.1785049
0.14116589999999998
0.151727
0.128932
0.0911179
0.2767348
0.20164110000000002
0.1815213
0.14996739999999995
0.14617979999999994
0.15269200000000002
0.15772479999999994
0.18482490000000001
0.143046
0.1271193
0.09553099999999999
0.1508463
0.2105856
0.2028741
0.2457173
0.1856121
0.0880654
0.0951483
0.15312440000000002
0.1523425
0.15328440000000002
0.28729730000000003
0.28857119999999997
0.27849029999999997
0.3586692
0.357718
0.3642651
0.2850736
0.3206896
0.3122034
0.31220149999999997
0.31869970000000003
0.3100616
0.3035687
0.27580190000000004
0.28283980000000003
0.2886756
0.2896087
0.2918309
0.2825871
0.369714
0.3222442
0.1963139
0.213643
0.16949609999999998
0.2291047
0.2774827
0.2814986
0.3255656
0.3307716
0.2668992
0.2043179
0.2560566
0.30513300000000004
0.26878209999999997
0.287466
0.27450979999999997
0.2175471
0.2425592000000001
0.2106367
0.2640329
0.25788710000000004
0.2536021
0.1754195
0.1665382
0.1583516
0.1481015
0.1550205
0.1567194
0.1676723
0.16459020000000002
0.22687420000000005
0.23330720000000002
0.26252020000000004
0.2522687
0.2952007
0.37928590000000006
0.35194400000000003
0.2198259
0.2215359
0.228323
0.215794
0.221794
0.17267679999999996
0.17540970000000006
0.1591558
0.16973970000000002
0.18029070000000003
0.25288160000000004
0.2504426
0.20661350000000003
0.1822707
0.19194680000000008
0.1702521
0.188263
0.1930659
0.1568559
0.1389751
0.1317451
0.17128970000000002
0.1784397
0.1467098
0.14663779999999998
0.164634
0.16652679999999995
0.19755870000000003
0.20740970000000006
0.18801679999999998
0.1925978
0.2169997
0.21334679999999998
0.2206008
0.20743589999999998
0.22269870000000005
0.2252626
0.2139076
0.2035778
0.1970587000000001
0.16506590000000002
0.15854400000000002
0.17388889999999999
0.2016468
0.1930886
0.17888679999999998
0.1593677
0.1443229
0.16175689999999998
0.1532287
0.1617478
0.1512568
0.14580590000000002
0.131203
0.12826210000000002
0.1240032
0.1210122
0.1236612
0.1437454
0.34248449999999997
0.3080564
0.3281633
0.30730070000000004
0.2695026
0.25299160000000004
0.2704859000000001
0.2776787
0.3129968
0.228523
0.1894763
0.189951
0.1947679
0.1947601
0.21627
0.2030638
0.2044255
0.1542294
0.179627
0.17953110000000005
0.18296020000000002
