0.036680000000000004
0.03522
0.03595
0.03375
0.03442
0.03412
0.033389999999999996
0.03168
0.029480000000000006
0.03186
0.0343
0.042539999999999994
0.03717
0.03455
0.03375
0.03302
0.03265
0.03168
0.030180000000000002
0.03113
0.03815
0.0426
0.03503
0.030910000000000007
0.036739999999999995
0.035160000000000004
0.03113
0.030430000000000002
0.03027
0.03522
0.02777
0.02893
0.02795
0.03036
0.03125
0.02872
0.030119999999999997
0.03082
0.03912
0.03937
0.03619
0.03308
0.03125
0.029019999999999997
0.02975
0.031310000000000004
0.03015
0.027160000000000004
0.02765
0.03406
0.034
0.03271
0.03497
0.03998
0.03381
0.03073
0.02646
0.0307
0.02814
0.0282
0.031160000000000007
0.029660000000000002
0.03461
0.033139999999999996
0.030239999999999996
0.03265
0.03394
0.03085
0.03601
0.03784
0.03802
0.03162
0.03424
0.02707
0.026639999999999997
0.0238
0.026060000000000003
0.028810000000000002
0.02386
0.02185
0.02386
0.02231
0.02197
0.01938
0.02075
0.0209
0.02109
0.02289
0.025910000000000002
0.025240000000000002
0.026430000000000002
0.02426
0.01999
0.02048
0.02023
0.01968
0.02115
0.0242
0.02414
0.02496
0.02075
0.0206
0.01825
0.02051
0.02097
0.01996
0.02011
0.02307
0.02475
0.02087
0.01984
0.02252
0.024480000000000002
0.02094
0.02164
0.020659999999999998
0.018619999999999998
0.0188
0.02191
0.02121
0.02005
0.02045
0.023190000000000002
0.02283
0.0209
0.02002
0.02008
0.02045
0.02444
0.0224
0.02383
0.018619999999999998
0.01926
0.021580000000000002
0.023219999999999998
0.026310000000000004
0.0275
0.02634
0.02423
0.02441
0.02554
0.027739999999999997
0.027860000000000003
0.028839999999999998
0.02936
0.03055
0.026119999999999997
0.031160000000000007
0.029539999999999997
0.030910000000000007
0.029689999999999998
0.029019999999999997
0.03284
0.02731
0.03088
0.03088
0.02692
0.030119999999999997
0.02866
0.035339999999999996
0.03
0.028439999999999997
0.033569999999999996
0.03241
0.03589
0.03375
0.027710000000000002
0.02539
0.02658
0.02878
0.031160000000000007
0.03186
0.03296
0.03186
0.03424
0.02835
0.03192
0.03558
0.030180000000000002
0.03442
0.034480000000000004
0.033260000000000005
0.03412
0.035339999999999996
0.03638
0.03766
0.040530000000000004
0.03809
0.044739999999999995
0.03601
0.0293
0.02972
0.036989999999999995
0.03406
0.03943
0.04395
0.041319999999999996
0.04181
0.037110000000000004
0.034480000000000004
0.03821
0.03766
0.04584
0.0376
0.034910000000000004
0.035710000000000006
0.03302
0.03174
0.03735
0.03839
0.0376
0.03247
0.03308
0.03601
0.03754
0.03949
0.04865
0.04095
0.03766
0.0376
0.03729
0.03619
0.0332
0.03644
0.04065
0.0434
0.03741
0.04578
0.04199
0.04156
0.043519999999999996
0.04102
0.038939999999999995
0.03809
0.04205
0.03687
0.03925
0.04065
0.03857
0.04382
0.04028
0.04224
0.03302
0.036680000000000004
0.03766
0.04175
0.03778
0.04602
0.0426
0.036989999999999995
0.034480000000000004
0.04315
0.043210000000000005
0.03992
0.03918
0.04187
0.04596
0.03784
0.04333
0.041319999999999996
0.03754
0.041319999999999996
0.043269999999999996
0.042480000000000004
0.044430000000000004
0.03723
0.03235
0.036989999999999995
0.04211
0.035160000000000004
0.04315
0.05005
0.04541
0.04608
0.04419
0.04419
0.04425
0.04791
0.04376
0.046810000000000004
0.04767
0.05164
0.04822
0.055729999999999995
0.05304
0.04761
0.05463
0.05951
0.050960000000000005
0.04547
0.04675
0.05225
0.04169
0.04614
0.04553
0.05725
0.05646
0.049319999999999996
0.05682
0.06433
0.060120000000000014
0.05255
0.04834
0.04523
0.05334
0.05414
0.06824
0.054079999999999996
0.05231
0.06287000000000001
0.057370000000000004
0.062320000000000014
0.051820000000000005
0.05341
0.05634
0.05127
0.055479999999999995
0.06836
0.053770000000000005
0.05005
0.06116
0.04645
0.044430000000000004
0.04736
0.0423
0.04767
0.05524
0.04736
0.04572
0.05042
0.044680000000000004
0.05237000000000002
0.047060000000000005
0.04187
0.04663
0.04297
0.04175
0.04791
0.04358
0.04779
0.042789999999999995
0.0451
0.04156
0.044739999999999995
0.04761
0.04663
0.04016
0.040889999999999996
0.0437
0.042789999999999995
0.03619
0.03412
0.03192
0.034789999999999995
0.03436
0.03369
0.04016
0.041319999999999996
0.03455
0.03418
0.034480000000000004
0.03754
0.03717
0.03015
0.035460000000000005
0.04102
0.03497
0.03595
0.03085
0.03522
0.03925
0.04175
0.03302
0.03137
0.02829
0.025789999999999997
0.02585
0.02374
0.02249
0.02414
0.02698
0.02335
0.02292
0.03528
0.02429
0.02518
0.02582
0.029910000000000006
0.033260000000000005
0.033510000000000005
0.02597
0.026430000000000002
0.024380000000000002
0.026180000000000002
0.02655
0.02673
0.02365
0.026000000000000002
0.02795
0.028839999999999998
0.028560000000000002
0.02875
0.02509
0.02286
0.022090000000000002
0.02377
0.02682
0.02731
0.02585
0.024569999999999998
0.02206
0.022430000000000002
0.02197
0.02512
0.02557
0.029689999999999998
0.02667
0.02554
0.02667
0.028960000000000007
0.027889999999999998
0.026489999999999996
0.023219999999999998
0.02487
0.02682
0.0278
0.02823
0.0351
0.03098
0.03192
0.03223
0.030639999999999997
0.03073
0.03085
0.0387
0.0351
0.03125
0.03168
0.0321
0.03149
0.03418
0.03271
0.03265
0.03204
0.03235
0.03137
0.03418
0.042539999999999994
0.03748
0.04688
0.04205
0.036989999999999995
0.04175
0.041260000000000005
0.03802
0.0401
0.03748
0.036930000000000004
0.04016
0.04156
0.04675
0.042910000000000004
0.041260000000000005
0.03943
0.04358
0.04272
0.04663
0.04492
0.04297
0.04767
0.04614
0.044489999999999995
0.04431
0.04761
0.04333
0.046939999999999996
0.04407
0.04779
0.040530000000000004
0.04358
0.0415
0.04608
0.047
0.04395
0.04144
0.04913
0.04938
0.0498
0.0509
0.050480000000000004
0.051570000000000005
0.0509
0.05194
0.05646
0.049260000000000005
0.05304
0.04675
0.050289999999999994
0.05334
0.0495
0.05365
0.04608
0.04498
0.04462
0.04602
0.054689999999999996
0.06
0.0484
0.05517999999999999
0.05719
0.05176
0.04968
0.0481
0.04584
0.05878
0.0603
0.06189
0.04797
0.05536
0.047060000000000005
0.05414
0.04791
0.046939999999999996
0.04724
0.044489999999999995
0.04102
0.04382
0.04755
0.0434
0.04401
0.04425
0.04877
0.052000000000000005
0.04742
0.04401
0.03833
0.046810000000000004
0.03918
0.046939999999999996
0.0412
0.05072
0.04956
0.03888
0.039
0.04388
0.03833
0.04272
0.049010000000000005
0.03949
0.04285
0.04175
0.051570000000000005
0.04572
0.04077
0.03857
0.03564
0.03455
0.04138
0.04553
0.04895
0.04413
0.03632
0.04218
0.050480000000000004
0.04712
0.042789999999999995
0.04529
0.03961
0.04755
0.03998
0.04163
0.03864
0.03754
0.04199
0.03912
0.036930000000000004
0.03802
0.043460000000000006
0.0401
0.04205
0.03949
0.04016
0.0426
0.034910000000000004
0.03137
0.03369
0.03845
0.03772
0.04211
0.03387
0.03198
0.03217
0.0387
0.04224
0.04016
0.04297
0.04462
0.04358
0.042539999999999994
0.046810000000000004
0.058839999999999996
0.04529
0.04059
0.03284
0.03345
0.03589
0.03961
0.04846
0.04388
0.04395
0.0343
0.034730000000000004
0.039
0.041260000000000005
0.03564
0.03766
0.03662
0.04077
0.03058
0.02802
0.02646
0.028319999999999998
0.0343
0.04065
0.0401
0.03085
0.040530000000000004
0.03143
0.029939999999999998
0.02829
0.033139999999999996
0.03424
0.03406
0.03162
0.03735
0.03302
0.027339999999999996
0.030239999999999996
0.035339999999999996
0.03149
0.033139999999999996
0.02496
0.02805
0.02661
0.026310000000000004
0.02338
0.028110000000000003
0.02798
0.02609
0.02521
0.02371
0.0213
0.02264
0.023469999999999998
0.02975
0.024380000000000002
0.02368
0.01974
0.02365
0.02103
0.02051
0.02078
0.01804
0.02264
0.02222
0.02139
0.030330000000000006
0.03058
0.02554
0.025509999999999998
0.0271
0.024569999999999998
0.02478
0.026180000000000002
0.02255
0.02112
0.0257
0.02393
0.02081
0.02097
0.01901
0.02295
0.02731
0.02692
0.02359
0.030119999999999997
0.02557
0.02509
0.024480000000000002
0.02313
0.02341
0.02405
0.02429
0.022340000000000002
0.02362
0.02136
0.02103
0.02502
0.02878
0.0318
0.027589999999999996
0.036680000000000004
0.02271
0.022609999999999998
0.02365
0.0249
0.02307
0.02136
0.01999
0.02316
0.02875
0.025730000000000003
0.02872
0.02557
0.0209
0.021
0.02396
0.026639999999999997
0.032780000000000004
0.029480000000000006
0.025730000000000003
0.02414
0.02835
0.028810000000000002
0.026310000000000004
0.02853
0.02597
0.02695
0.030910000000000007
0.033569999999999996
0.02698
0.03259
0.0271
0.026789999999999998
0.03
0.03125
0.03247
0.031039999999999998
0.03015
0.03705
0.03827
0.03619
0.03308
0.03857
0.034910000000000004
0.03241
0.03265
0.02866
0.026180000000000002
0.029939999999999998
0.0282
0.03802
0.03461
0.033389999999999996
0.03296
0.0343
0.02768
0.03851
0.03394
0.03827
0.03137
0.034730000000000004
0.03009
0.028560000000000002
0.02777
0.028689999999999997
0.03796
0.035769999999999996
0.03705
0.028630000000000006
0.032780000000000004
0.030060000000000007
0.03955
0.049319999999999996
0.04175
0.03705
0.04169
0.043269999999999996
0.04028
0.04224
0.03595
0.03369
0.037110000000000004
0.03656
0.05237000000000002
0.05267
0.06799
0.040530000000000004
0.03784
0.03827
0.04285
0.04974
0.0459
0.04718
0.051879999999999996
0.04736
0.04431
0.04382
0.04822
0.03601
0.031560000000000005
0.03802
0.044860000000000004
0.0
0.027739999999999997
0.02362
0.02112
0.01968
0.0181
0.016390000000000002
0.01553
0.01366
0.01253
0.011729999999999999
0.011000000000000001
0.01022
0.009033
0.008423
0.007996
0.007156
0.006729000000000001
0.006386
0.005722
0.00547
0.00502
0.00486
0.004517
0.0014609999999999998
0.0
0.03967
0.044361000000000005
0.00291048
0.051886
0.090956
0.092745
0.08723299999999999
0.08937500000000001
0.11199
0.11360011
0.14078403
0.14957831
0.10982392
0.12661106
0.11291
0.13946999999999998
0.11572
0.12531
0.12408
0.34603
0.30555
0.12611499999999998
0.14253099999999996
0.13612000000000002
0.11638
0.2075
0.18319155
0.2005786900000001
0.12102774
0.17395251
0.18664
0.1565
0.15963460000000002
0.14600451
0.16712269
0.1868
0.19275
0.19035800000000005
0.20676
0.21764
0.03418
0.29041
0.0107
0.1856226
0.220549
0.22438451
0.24441023
0.005814
0.299291
0.244054
0.188326
0.197226
0.156556
0.17050900000000002
0.122599
0.004799399999999999
0.005951
0.188576
0.281066
0.32751800000000003
0.3090455
0.2950983
0.2711797
0.3011792
0.26453340000000003
0.2827158
0.1086803
0.1006939
0.2828039
0.3001229
0.2923653
0.2870572
0.2724428
0.28208720000000004
0.27237290000000003
0.29563290000000003
0.2409705
0.352821
0.30174070000000003
0.29784590000000005
0.11035029999999996
0.1147694
0.26773040000000004
0.28636510000000004
0.2912769000000001
0.30745009999999995
0.28254480000000004
0.2471835
0.2796208
0.34377240000000003
0.1199753
0.3580067999999999
0.2619635
0.2025875
0.0402709
0.19271259999999998
0.187637
0.1993547
0.214131
0.230171
0.181483
0.1932077
0.1830044
0.1904655
0.014538099999999997
0.3109372
0.2024351
0.2194862
0.17908570000000001
0.2041048000000001
0.1658307
0.0003929
0.14051599999999995
0.18299240000000008
0.19648800000000002
0.2736358
0.0507034
0.090432
0.13703829999999995
0.2079677000000001
0.188671
0.2393121
0.23509580000000002
0.30903909999999996
0.2735501
0.29426529999999995
0.261711
0.1126601
0.0948801
0.2372815
0.2870244
0.2503034
0.2143855
0.21532670000000004
0.08348149999999999
0.06676030000000001
0.2809187
0.3386716
0.25730770000000003
0.069052
0.28308390000000005
0.3103558000000001
0.2733125
0.0609287
0.2697453
0.2402496
0.08051010000000001
0.1217201
0.2443534
0.24625479999999997
0.2082739
0.247433
0.22620860000000004
0.2736534
0.2372025
0.2394534
0.23362960000000002
0.3768811000000001
0.1032558
0.2819277
0.2306282
0.07380629999999999
0.256462
0.1592067
0.1912372
0.27287300000000003
0.2041239
0.2479024
0.0465091
0.21232380000000006
0.0588948
0.22004240000000005
0.2075015
0.0397391
0.0141124
0.169651
0.1809672
0.2201243
0.2062748
0.2023281
0.1908862
0.2035205
0.2677715
0.35626879999999994
0.0492005
0.320182
0.3257264
0.2815658
0.24838000000000002
0.22089
0.305925
0.317527
0.37889
0.27486
0.23143000000000002
0.25807
0.040837
0.0711
0.25070000000000003
0.21562
0.035623
0.058524000000000014
0.18907
0.281641
0.045951000000000006
0.269948
0.25163800000000003
0.26411100000000004
0.26841
0.3094
0.257788
0.287089
0.29035
0.30761
0.27483
0.33205999999999997
0.3098
0.28201
0.2277385
0.28364
0.25476
0.25798000000000004
0.254979
0.32159
0.303225
0.288007
0.34795
0.240956
0.277949
0.29084499999999996
0.27484800000000004
0.30392800000000003
0.307269
0.270695
0.288147
0.257598
0.272629
0.23491199999999998
0.264611
0.376039
0.259506
0.27545600000000003
0.28191700000000003
0.299079
0.28174
0.28293485
0.25427199
0.30026340999999995
0.26269624
0.29670019000000003
0.27327924000000003
0.062068630000000014
0.06704144999999999
0.27668901
0.29721624
0.25474433
0.25409529000000003
0.29931624
0.10675815
0.29035719
0.0842691
0.07712719000000001
0.24999624
0.06296433
0.05587338
0.27780529000000004
0.25374529
0.28303719000000005
0.26976719000000005
0.25850894
0.11067854
0.25819369000000003
0.23451233
0.22170568
0.19158569
0.06046084
0.23304659
0.23597704
0.10336803
0.2544769900000001
0.25932563000000003
0.27588343000000004
0.33629770000000003
0.31732549000000004
0.3161428
0.2595352300000001
0.2438019800000001
0.33657274
0.2742255900000001
0.33444609
0.22138044
0.32883375000000004
0.28463179000000005
0.28437419
0.28225419
0.07257815
0.35756292
0.30636101
0.29812815000000004
0.3040851500000001
0.28690005
0.28144719
0.27442115
0.34119005
0.31149292
0.31909432
0.28790292
0.31463005000000005
0.28944701
0.26007815
0.29757310000000003
0.34492910000000004
0.25775815
0.30100101
0.20406815
0.04979195
0.31187092
0.38186196
0.27086005
0.34429005
0.27541815
0.33769196
0.30007005000000003
0.37651196
0.32119101
0.33355292000000003
0.30660905
0.35474815
0.34830910000000004
0.34690815
0.3439700500000001
0.31065719
0.31462910000000005
0.3259881500000001
0.28794815
0.27362529
0.27589113
0.3441391
0.27664101
0.3208691
0.27044815
0.26843529000000005
0.29942909999999995
0.30334485
0.27452005
0.32544482
0.29321101000000005
0.30023529000000004
0.22388338
0.24819624
0.23867719
0.34525529000000005
0.24886433
0.032166240000000006
0.21239433
0.25408624
0.03885719
0.27298101
0.08141428999999999
0.08770219000000001
0.2718362400000001
0.25108719
0.20824529
0.0449758
0.03402535
0.23662254
0.21697719
0.26949910000000005
0.19048054
0.02499624
0.26408005
0.023228150000000003
0.05151624
0.23030529
0.24930624
0.22156624
0.19869433
0.19574999
0.22110624
0.02131669
0.20561579
0.20058529
0.04226433
0.03801624
0.04663624
0.01096529
0.17724528999999994
0.19768624
0.17804433
0.06567529
0.05182719
0.2910691
0.22428624
0.26587719000000004
0.20209919
0.24180719
0.21102624
0.27622815
0.26683815
0.26046099
0.23176394
0.27146385
0.21012429
0.23020239
0.25384291
0.21684144
0.22478289
0.23392653
0.19061808
0.21944382
0.25879529
0.22213433
0.05881433
0.02997833
0.25526624000000003
0.26398529000000004
0.22138624
0.25524719
0.20279133
0.19969742
0.03000542
0.22655338000000005
0.18866522
0.20222433
0.14972363
0.21644529
0.16373813
0.18620433
0.19195433
0.26249529
0.26313219
0.18905729
0.21279529000000005
0.18327438
0.05463524
0.11881529
0.21740519
0.25385815
0.01364815
0.21607909
0.16648433
0.01529519
0.16731283000000002
0.2620291
0.02570719
0.02747719
0.18666333
0.24856624
0.20738433
0.22321433
0.01519722
0.19351042
0.01265052
0.24232433
0.25189433
0.22777719
0.28748429
0.34115929
0.35693839
0.09967549000000002
0.20514423
0.26071943000000003
0.20554362
0.03853962
0.04277172
0.29911074000000004
0.06389742999999999
0.07198452999999999
0.03723749
0.20735653
0.16413223000000002
0.21605713999999995
0.21075915
0.01265213
0.18339613
0.27067035
0.20036623
0.20479743
0.20890549
0.10363259
0.22880129
0.20754589
0.21822784
0.22889219
0.18928028
0.20406549
0.17227838999999995
0.18933453
0.19341939
0.22456549
0.06129129
0.02206549
0.24771454
0.22096163
0.22270459
0.20942269
0.23898459
0.22795455
0.23793239
0.21131653
0.23826054
0.27540269
0.28247174
0.24981169
0.27485030000000005
0.26736744
0.27830454
0.24033883
0.21788129
0.28609555000000003
0.24220034
0.24899873
0.24380269
0.29747079
0.21907859
0.25233939
0.24479029
0.24531454
0.22434749
0.28086835000000004
0.03058029
0.28924549
0.08264320000000001
0.25860315
0.18685343
0.27451129
0.21039363
0.30039364
0.17726662999999998
0.23832844
0.22396029
0.21638123
0.16986310000000002
0.2046274
0.1941112
0.24655410000000005
0.1842953
0.2221162
0.16714829999999994
0.239825
0.12921310000000005
0.2592531
0.2010941
0.2347431
0.17180499999999999
0.2546241
0.20546979999999998
0.0664393
0.2524941
0.23551829999999999
0.2850293
0.3321317
0.2573422
0.30793020000000004
0.21060929999999997
0.2179734
0.1992493
0.2310883
0.2123202
0.2535964
0.2384612
0.2544803
0.2423883
0.3243098
0.2601313
0.2864126
0.2494214
0.26090660000000004
0.22481550000000006
0.2233855
0.1890665
0.2300974
0.25166639999999996
0.29366240000000005
0.21789139999999999
0.2534735
0.2440683
0.2561045
0.2619363
0.2455654
0.2300664
0.2612855
0.2328212
0.2525255
0.26298619999999995
0.32909429999999995
0.31694310000000003
0.3331502
0.3382622
0.34432070000000004
0.2845393
0.3171955
0.2604867
0.28758739999999994
0.2462415
0.2629154
0.23110920000000001
0.2613344
0.24710929999999998
0.3054755
0.2750774
0.3362564
0.30177020000000004
0.2826993
0.2102619
0.2628732
0.2291893
0.2534625
0.264165
0.27679790000000004
0.2184093
0.2712112
0.2497422
0.2365578
0.2577312
0.25317779999999995
0.22549539999999998
0.24093960000000006
0.17604899999999998
0.1924442
0.3752414
0.15760739999999998
0.0544128
0.2110493
0.23996309999999998
0.2982141
0.2369331
0.2696632
0.21070210000000003
0.2387583
0.237215
0.2190822
0.2031512
0.22483209999999998
0.21673119999999998
0.2423874
0.1895443
0.2145745
0.2525902
0.248587
0.2374321
0.2499922
0.24728320000000004
0.24977829999999998
0.2514764
0.3093636
0.25568779999999997
0.2908535
0.2551064
0.26359540000000004
0.2892902
0.3308183
0.26762929999999996
0.2989636
0.2742612
0.277015
0.2469791
0.33011549999999995
0.2876393
0.31118120000000005
0.23940970000000006
0.28004629999999997
0.1874792
0.2717187
0.2211272
0.23184470000000001
0.2194331
0.2224944
0.2127725
0.2164987
0.2280403
0.2588482
0.2400192
0.2489148
0.2229216
0.20696170000000003
0.2332611
0.2155533
0.2362511
0.244907
0.2196862
0.2452476
0.2340409
0.2329609
0.044571
0.19798659999999998
0.056780999999999984
0.1917192
0.06071380000000001
0.031918
0.18145329999999998
0.21952950000000002
0.1856013
0.2658843
0.1943715
0.21907129999999997
0.2280712
0.2190783
0.21861220000000006
0.2001065
0.2008564
0.20226639999999999
0.2077493
0.2514931
0.1831161
0.2031702
0.17641020000000002
0.2116393
0.2054631
0.1880622
0.204175
0.020743200000000003
0.21461220000000006
0.2016832
0.1892641
0.201835
0.1816422
0.26460409999999995
0.21672600000000003
0.1836241
0.2152907
0.19475920000000002
0.16638499999999998
0.17951409999999998
0.0268931
0.21758360000000002
0.2318607
0.1125469
0.21469169999999999
0.1843981
0.2083447
0.2203777
0.2198937
0.2142734
0.2124759
0.017212200000000004
0.0730078
0.067994
0.1485071
0.18745499999999998
0.12449720000000004
0.15842499999999998
0.21634679999999998
0.1810572
0.15069090000000002
0.1858109
0.26724499999999995
0.2819979
0.1735979
0.2383541
0.0388179
0.0331583
0.17210979999999998
0.182625
0.1953326
0.1934092
0.14809219999999998
0.2016931
0.025615699999999998
0.000906
0.20730679999999999
0.2318612
0.17927259999999998
0.07141499999999999
0.2302241
0.0381783
0.2529931
0.30944309999999997
0.1987351
0.260252
0.22628379999999998
0.09819739999999999
0.059575
0.048066000000000005
0.17045069999999998
0.232265
0.06121500000000001
0.08595499999999999
0.218285
0.2159641
0.1979269
0.221915
0.240075
0.248066
0.1969841
0.2115331
0.2370398
0.1794422
0.1945479
0.1815599
0.2009869
0.2389879
0.2073269
0.2023841
0.22145979999999998
0.209746
0.1773869
0.22475879999999998
0.2374479
0.16460070000000002
0.1574901
0.0107212
0.1680779
0.2780341
0.2554388
0.055516
0.242016
0.2152941
0.0437171
0.0294622
0.19389879999999998
0.271476
0.2560979
0.035826
0.214846
0.2556622
0.1867641
0.012462200000000001
0.14133229999999994
0.03562799999999998
0.16095009999999998
0.1768348
0.1464488
0.2268728
0.196766
0.25674410000000003
0.2040369
0.0317811
0.2426512
0.21379499999999999
0.0630931
0.220115
0.017245
0.2378469
0.1873607
0.231945
0.17582309999999998
0.0144583
0.206586
0.22673690000000002
0.22723310000000002
0.19590410000000003
0.196205
0.2118731
0.21864410000000004
0.21309209999999995
0.21375410000000006
0.203726
0.21740789999999996
0.2646122
0.0848379
0.0929779
0.18585079999999998
0.228075
0.1855848
0.2157906
0.234923
0.2107279
0.2323509
0.2215488
0.246795
0.2863599
0.2579808
0.0440201
0.1960379
0.25745070000000003
0.2575079
0.2389941
0.24315789999999998
0.247745
0.2737922
0.27659409999999995
0.2671364
0.27521070000000003
0.2474469
0.2371688
0.19342789999999999
0.2440741
0.2988626
0.2294688
0.2007131
0.0518198
0.050516000000000005
0.2255488
0.190616
0.0363417
0.21905170000000002
0.233385
0.0392779
0.0443517
0.0383731
0.08657219999999999
0.2594598
0.24822600000000006
0.0989541
0.0948431
0.2382279
0.2873093
0.283316
0.32652220000000004
0.29957409999999995
0.2976841
0.2704541
0.28322309999999995
0.20893409999999998
0.267585
0.233095
0.08902310000000001
0.282606
0.29629120000000003
0.2383069
0.2389822
0.0489131
0.2929522
0.2689541
0.2494518
0.1996041
0.22211220000000004
0.276385
0.29712310000000003
0.2797531
0.28746740000000004
0.2394479
0.2793022
0.2322621
0.2981974
0.233526
0.2584541
0.2094021
0.2632673
0.2526022
0.26252309999999995
0.2136962
0.2824741
0.0396408
0.0411631
0.2611069
0.251306
0.2214888
0.29326499999999994
0.236396
0.24375410000000003
0.203295
0.2256541
0.231665
0.2822893
0.23482020000000006
0.279426
0.2133879
0.2279119000000001
0.21102089999999998
0.044811000000000004
0.20191879999999998
0.222065
0.1910969
0.2044041
0.0463288
0.2222831
0.027673400000000004
0.1557674
0.2696622
0.2483793
0.24396020000000004
0.26247020000000004
0.2275131
0.07270309999999999
0.08230309999999999
0.2355012
0.2236252
0.2634822
0.2582822
0.0766374
0.24715410000000002
0.07496019999999999
0.2126712
0.24007409999999998
0.07398500000000001
0.2120522
0.2126341
0.2298741
0.19115020000000002
0.2149292
0.2987712
0.28056640000000005
0.23191689999999998
0.1929641
0.205328
0.2268442
0.255701
0.2873193
0.2146669
0.2372907
0.1068656
0.17635499999999998
0.1823298
0.25690599999999997
0.2149256
0.2710197999999999
0.2784041
0.2367688
0.3045297
0.3783812
0.1992391
0.300859
0.17335770000000006
0.0871029
0.13811189999999998
0.16000679999999998
0.127216
0.1776779
0.14449689999999998
0.146475
0.15298279999999995
0.16341459999999994
0.2247617
0.229337
0.0983461
0.3150525
0.2940422
0.08253840000000001
0.2737732
0.2682732
0.2865442
0.30399220000000005
0.3036822
0.3060055
0.2531412
0.2859874
0.3210655
0.35226499999999994
0.34315359999999995
0.2733722
0.2947672
0.2843802
0.1258631
0.3025693
0.26026309999999997
0.3393126
0.31090929999999994
0.1443512
0.31989409999999996
0.236275
0.3301122
0.1671812
0.2592926
0.329355
0.28203690000000003
0.06300499999999999
0.1934888
0.21016999999999997
0.205526
0.1910659
0.16006689999999998
0.049597900000000014
0.2053469
0.23366979999999998
0.2079679
0.3112114
0.13504619999999998
0.17052820000000002
0.1348601
0.16297099999999998
0.14782879999999998
0.17383220000000002
0.148606
0.14716210000000002
0.023436
0.1866388
0.0989526
0.1990179
0.1921626
0.25042359999999997
0.2280617
0.0960907
0.22652070000000005
0.0980888
0.26420170000000004
0.257375
0.2860607
0.0963841
0.2489388
0.270166
0.0979098
0.2793388
0.2502698
0.22465789999999997
0.17893670000000006
0.2479738
0.21467379999999997
0.19855479999999998
0.2137647
0.223216
0.1506036
0.1824498
0.15913879999999994
0.192706
0.145235
0.1850941
0.1801831
0.2069312
0.1834831
0.1985683
0.15592499999999998
0.1967169
0.1687398
0.17178310000000002
0.13542120000000002
0.1558963
0.13730720000000002
0.1852531
0.021767900000000003
0.172155
0.146886
0.0549941
0.1724869
0.2008241
0.1591879
0.17767309999999994
0.1815998
0.2217169
0.17909879999999995
0.181276
0.13692310000000002
0.0150441
0.009081
0.1880522
0.1820279
0.1869369
0.16232879999999994
0.195906
0.162856
0.1821331
0.15514879999999998
0.2169022
0.1898579
0.2204698
0.2015107
0.221126
0.22719070000000002
0.050366
0.22608889999999995
0.2585427
0.214338
0.230535
0.19125379999999997
0.0333949
0.202115
0.24538310000000002
0.0472469
0.2444841
0.1950817
0.2233388
0.07832689999999999
0.2339929
0.2242907
0.058408
0.26635790000000004
0.041567900000000005
0.2232198
0.0227182
0.0281841
0.2310991
0.20480120000000002
0.28143809999999997
0.2523751
0.2382199
0.2069528
0.2298147
0.2132624
0.25187279999999995
0.17632379999999995
0.2211466
0.0069962
0.018469
0.1892009
0.1955381
0.011279
0.0095221
0.1861886
0.2086109
0.21065429999999996
0.29582759999999997
0.19788229999999998
0.2296252
0.2107452
0.2881666
0.2016104
0.2352161
0.2180807
0.24252600000000002
0.20878690000000005
0.0636879
0.1771688
0.0426579
0.18665879999999999
0.26169580000000003
0.2251688
0.2204031
0.054385
0.0485279
0.2368998
0.2593012
0.0652441
0.2396641
0.2207679
0.2194993
0.4405954000000001
0.2481778
0.34942740000000005
0.2367015
0.2141207
0.059306899999999996
0.05784169999999999
0.2184126
0.1865037
0.25172890000000003
0.2642717
0.2986089000000001
0.3130168
0.33767909999999995
0.3323431000000001
0.3411688
0.34489879999999995
0.3567893
0.347096
0.353745
0.337516
0.37337929999999997
0.34488309999999994
0.34570690000000004
0.3326269
0.3491393
0.3563922
0.2124245
0.30097690000000005
0.14364500000000002
0.32857790000000003
0.3530749999999999
0.2998917
0.2964158000000001
0.24832960000000004
0.2895479
0.27518060000000005
0.3010426
0.2740897
0.27351449999999994
0.251833
0.2696226
0.2576656
0.33542009999999994
0.0991128
0.110626
0.10940599999999999
0.2807398
0.269386
0.09969410000000001
0.27678070000000005
0.2528079
0.0653536
0.2359369
0.20923870000000006
0.2465591
0.24596620000000002
0.26127510000000004
0.231616
0.2278232
0.1907488
0.236396
0.22280689999999995
0.2507007
0.2414598
0.1000812
0.24697600000000003
0.308596
0.29627600000000004
0.26597220000000005
0.2320712
0.26743409999999995
0.0561952
0.2335541
0.2056469
0.07562410000000001
0.1142417
0.092505
0.2130717
0.2419041
0.2169669
0.2302788
0.2244969
0.2668822
0.1960898
0.2366907
0.20266789999999998
0.0566479
0.2434226
0.08864219999999999
0.25711880000000004
0.2857079
0.285075
0.09716410000000003
0.0510399
0.0666311
0.2775169
0.29920309999999994
0.2803452
0.3097632
0.3192812
0.3100645
0.288865
0.2908522
0.24477310000000005
0.28311689999999995
0.25230410000000003
0.2648593
0.25142220000000004
0.2612202
0.22294410000000006
0.258875
0.241536
0.0774493
0.2712193
0.13026549999999998
0.2826212
0.2475011
0.2570179
0.2635564
0.252355
0.0754993
0.07608309999999999
0.26802600000000004
0.2305031
0.27659409999999995
0.2509479
0.2553241
0.2354388
0.2467912
0.21486599999999997
0.2253112
0.1957079
0.244742
0.2016031
0.2173542
0.1986182
0.2436093000000001
0.2053869
0.22173740000000008
0.2430741
0.2521221
0.0853312
0.2615755
0.0381562
0.26497919999999997
0.1744652
0.028504200000000007
0.042612
0.219771
0.053436
0.2301069
0.2507269
0.241066
0.21548939999999997
0.26907929999999997
0.26389120000000005
0.2412483
0.2435203
0.3151434
0.2041493
0.19795920000000009
0.195274
0.21429520000000002
0.0239312
0.2221591
0.205031
0.0315842
0.2236641
0.23546550000000002
0.2065062
0.0390763
0.04875500000000002
0.06085220000000001
0.2817302
0.27355830000000003
0.2449112
0.2277264
0.210165
0.2342002
0.069235
0.239646
0.04897069999999999
0.23617070000000004
0.0770698
0.060490199999999994
0.07009599999999999
0.069606
0.0787998
0.2427392
0.1868648
0.2146341
0.209885
0.21089499999999997
0.1994241
0.21646550000000006
0.1957098
0.2111379
0.2252979
0.2340322
0.243135
0.07777690000000001
0.2134002
0.2320951
0.06750410000000001
0.23829410000000004
0.221075
0.17858119999999994
0.175621
0.207305
0.17881819999999998
0.204325
0.186922
0.2079502
0.2817408
0.0836788
0.215336
0.2487415
0.2415001
0.2415692
0.067837
0.0327491
0.1771781
0.225012
0.19003599999999998
0.06590309999999999
0.040744100000000005
0.2134688
0.0487079
0.2041441
0.1869919
0.1971593
0.17652910000000002
0.2289231
0.17140209999999995
0.19936500000000001
0.18984410000000002
0.2010222
0.1968431
0.2470422
0.043769199999999994
0.04718019999999999
0.035566900000000005
0.036685
0.22891220000000004
0.28254640000000003
0.2656901
0.2605283
0.24797020000000006
0.2732583
0.2811021
0.30028520000000003
0.2260069
0.2059141
0.2127379
0.262346
0.21827929999999995
0.2363042
0.237864
0.2726683
0.249686
0.2433112
0.225095
0.2493279
0.2110269
0.2675941
0.243536
0.2499612
0.2413431
0.2629241
0.22167979999999998
0.29306439999999995
0.27275409999999994
0.25110409999999994
0.2535731
0.2759402
0.27273309999999995
0.30366740000000003
0.27708119999999997
0.34188359999999995
0.27986740000000004
0.27581930000000004
0.251585
0.34624170000000004
0.3021474
0.32359550000000004
0.3285335000000001
0.3274707000000001
0.2448931
0.27512829999999994
0.28537830000000003
0.3313704
0.3151602000000001
0.3307678
0.34795170000000003
0.3151578
0.2886055
0.2872946
0.30262740000000005
0.01315
0.045376
0.03751475
0.025539799999999998
0.01856594
0.03589774
0.06756936
0.0281206
0.0285191
0.1044386
0.1018346
0.026751299999999995
0.0375575
0.0252989
0.0583004
0.034688
0.04182399999999999
0.2108826
0.2232838
0.2117537
0.224982
0.0506337
0.0495961
0.04422090000000002
0.0457811
0.06676560000000001
0.095372
0.061324000000000004
0.0948692
0.2836183
0.1594168
0.126299
0.07760299999999999
0.104832
0.191742
0.10385
0.284459
0.112498
0.08892
0.115617
0.123325
0.098117
0.118292
0.080995722
0.12963
0.16302667599999998
0.095697722
0.09975372199999999
0.106112676
0.09236072199999999
0.191122676
0.114099
0.109109
0.097652
0.06964880000000001
0.07380060000000001
0.09293560000000001
0.10320939999999998
0.08564669999999999
0.0801639
0.1075944
0.1167801
0.1640807
0.1261149
0.1053617
0.1508368
0.13060750000000002
0.203245
0.19539
0.2505828
0.2773768
0.16329329999999995
0.2059657
0.12056989999999998
0.08885470000000001
0.07295399999999999
0.1823347
0.2303578
0.16740000000000002
0.1539578
0.17171570000000005
0.1467761
0.15317260000000002
0.269497
0.17454589999999998
0.14479209999999998
0.1933312
0.176503
0.1822059000000001
0.17603970000000002
0.17267879999999994
0.1696748
0.14716579999999999
0.1566576
0.1824636
0.21601149999999997
0.2091811
0.14937640000000002
0.1220119
0.14318250000000002
0.15147909999999998
0.1391537
0.150846
0.1629068
0.15576099999999998
0.1753345
0.1954444
0.15327549999999998
0.12924329999999998
0.16944159999999994
0.0761449
0.0888607
0.11846460000000004
0.1119673
0.13678479999999998
0.0714029
0.0625409
0.0967007
0.11963730000000004
0.1212195
0.1094006
0.150962
0.1298538
0.06610810000000003
0.0746742
0.13748670000000002
0.11022799999999999
0.078751
0.08599909999999998
0.10831839999999998
0.29281090000000004
0.3325922
0.3505747
0.3567848
0.3548059
0.3460514
0.1045327
0.0910956
0.1159822
0.0946534
0.06700980000000001
0.1089634
0.127522
0.11476510000000001
0.1062165
0.10326109999999998
0.0768953
0.0828113
0.10687539999999998
0.1511495
0.16868470000000002
0.1570218
0.12998230000000002
0.13250479999999998
0.16478359999999995
0.2000926
0.1117017
0.1552987
0.194215
0.2078643
0.1871226
0.10446660000000002
0.13128140000000002
0.11243339999999999
0.0973456
0.1065875
0.1327164
0.076400922
0.1043768
0.15057199999999998
0.16028689999999998
0.201157
0.150263
0.12907039999999995
0.191241
0.2139532
0.1521317
0.119682
0.10286669999999999
0.12954300000000002
0.1804539
0.16959820000000006
0.1747786
0.14427849999999998
0.13723870000000002
0.1350333
0.11983989999999999
0.12197580000000001
0.13451129999999994
0.15936379999999994
0.1442713
0.16435969999999994
0.17217169999999996
0.16862519999999998
0.14556739999999999
0.1306503
0.1612438
0.15396549999999998
0.1498356
0.109177
0.1268976
0.1570547
0.18065089999999995
0.13464939999999995
0.17082419999999998
0.16495549999999998
0.17606870000000002
0.1854608
0.1388057
0.14131870000000002
0.15397270000000002
0.2228178
0.1930478
0.14154709999999998
0.120189
0.1329129
0.13032660000000001
0.0910577
0.09350690000000003
0.09873510000000002
0.12019589999999998
0.1244126
0.1306412
0.127825
0.082462
0.13281920000000005
0.1585417
0.1775743
0.0753868
0.07135880000000001
0.08050790000000001
0.0619745
0.05677450000000001
0.0572935
0.0827775
0.0650067
0.053882500000000014
0.06322080000000001
0.0882428
0.07540379999999999
0.11103679999999999
0.0665577
0.1221338
0.1233378
0.12765839999999998
0.12666680000000002
0.1247548
0.1285248
0.11480780000000004
0.1410887
0.1674922
0.16112079999999998
0.12602180000000002
0.1169328
0.11426989999999998
0.12230639999999998
0.1366795
0.1176238
0.13562670000000002
0.1768766
0.1518438
0.12340410000000002
0.1199902
0.11333399999999999
0.104719
0.1011178
0.13890460000000002
0.1158081
0.11090610000000002
0.1314388
0.13143670000000002
0.1536467
0.12238989999999995
0.1293569
0.15774660000000001
0.17084570000000002
0.13824789999999998
0.1097835
0.13026569999999998
0.1033809
0.13356600000000002
0.1894033
0.1718199
0.1168164
0.1172601
0.1083918
0.1021422
0.1391282
0.13311800000000001
0.14490119999999998
0.1567971
0.1360314
0.14647880000000002
0.1420776
0.06343289999999999
0.033880900000000005
0.11362219999999999
0.07173500000000001
0.0461173
0.0424347
0.07422480000000001
0.0485751
0.0361464
0.0425039
0.09428820000000004
0.11106150000000001
0.1097803
0.0987973
0.08853910000000001
0.10687260000000001
0.141566
0.1316032
0.1215289
0.1510595
0.13808370000000006
0.1348694
0.17161720000000005
0.1345639
0.10978639999999998
0.1106077
0.0980025
0.0919992
0.10768410000000002
0.06904468000000001
0.10501189999999999
0.08977457999999999
0.13282607
0.12869042000000006
0.14679441999999998
0.15150386999999998
0.17172022
0.15632647
0.18676610000000002
0.14494920000000006
0.14981789999999998
0.1602347
0.1305888
0.1658296
0.186684
0.0984073
0.09937460000000001
0.0941691
0.05356
0.1131501
0.12686589999999998
0.1905375
0.17080430000000002
0.14340260000000002
0.2720572
0.2024162
0.26815100000000003
0.2732024
0.13517300000000002
0.21795970000000006
0.1668588
0.1764144
0.23032670000000002
0.2134674
0.1117577
0.1086195
0.14341410000000002
0.1368517
0.1613136
0.2119888
0.1813725
0.1858916
0.17454020000000006
0.15740140000000002
0.1912292
0.17558829999999995
0.1783708
0.16374129999999998
0.1705401
0.15240479999999998
0.15123820000000002
0.15017260000000002
0.1201694
0.12803339999999994
0.1412072
0.1266147
0.108904
0.08474480000000001
0.09793970000000002
0.1515074
0.1600876
0.1663187
0.1411819
0.1437865
0.2102565
0.2104184
0.2007958
0.2394949
0.20559070000000002
0.22148389999999998
0.1786026
0.1777818
0.18019179999999999
0.16832270000000002
0.11084180000000002
0.14277859999999998
0.13968350000000002
0.1120937
0.1183467
0.13968160000000002
0.0980917
0.1205895
0.1107208
0.1144961
0.0834716
0.0674806
0.1559968
0.1537515
0.154551
0.1882282
0.2295381
0.2280399
0.1811567
0.16525910000000002
0.2032648
0.2135599
0.1909584
0.17420590000000002
0.2026504
0.1985395
0.1993305
0.1638807
0.15425790000000006
0.1917746
0.1898143
0.1393929
0.17397790000000002
0.0542354
0.060254199999999994
0.06666769999999997
0.0643507
0.07710159999999999
0.0932866
0.11910819999999997
0.06271159999999999
0.0596109
0.0733567
0.061173799999999987
0.0604647
0.0704125
0.05306179999999999
0.10584979999999998
0.1364402
0.10858180000000002
0.15955350000000001
0.1273374
0.1065155
0.09115419999999999
0.1000174
0.1047904
0.12717279999999995
0.156643
0.14010319999999998
0.15518610000000002
0.163357
0.1018408
0.0976832
0.14232999999999998
0.1248028
0.1132447
0.1196737
0.11957960000000001
0.1165976
0.1579959
0.0986844
0.12418260000000005
0.059631
0.06956180000000001
0.060281100000000004
0.06366970000000001
0.13083369999999994
0.12734089999999998
0.1344027
0.1147982
0.1303348
0.0918099
0.07371330000000001
0.05766100000000001
0.0880062
0.0887287
0.1092844
0.08970609999999997
0.1038518
0.07195150000000003
0.1020712
0.0682313
0.060644
0.09344920000000002
0.08547660000000001
0.0839573
0.07519290000000001
0.0949746
0.0982453
0.14168829999999996
0.1407558
0.14982100000000004
0.14429789999999998
0.11071099999999999
0.0957924
0.1077059
0.1067559
0.14152019999999998
0.0960016
0.1380576
0.15110220000000002
0.0543952
0.08097200000000003
0.1219671
0.1206861
0.0944385
0.1071137
0.11512049999999999
0.1226319
0.164899
0.1479966
0.10766239999999998
0.0856775
0.1104065
0.1128358
0.1453523
0.14585659999999998
0.11590639999999998
0.12947540000000002
0.1239633
0.1230094
0.13260539999999998
0.12581089999999998
0.11278089999999998
0.1185962
0.1591827
0.151648
0.1128547
0.1426264
0.1199656
0.152153
0.15613020000000002
0.1848885
0.1645269
0.10842000000000004
0.119218
0.0866793
0.1190387
0.1261211
0.1039463
0.08959700000000001
0.1000846
0.0634898
0.07367510000000001
0.12686760000000002
0.08788710000000001
0.0529147
0.044009199999999984
0.0705624
0.10262429999999999
0.0846574
0.0874738
0.07598930000000001
0.12822
0.14988379999999996
0.0913469
0.06240610000000001
0.0692694
0.0570058
0.06250549999999999
0.0674284
0.08058370000000001
0.07169199999999999
0.05705660000000001
0.0668191
0.0837444
0.12303889999999998
0.12820579999999998
0.11139829999999999
0.0652035
0.07955190000000001
0.10391779999999998
0.1193744
0.078739
0.1041434
0.11835180000000001
0.15404720000000002
0.0981851
0.07200700000000003
0.08035599999999997
0.11841040000000005
0.0882145
0.08643429999999999
0.09415239999999998
0.1145535
0.09320680000000002
0.08387979999999999
0.07533
0.08161130000000001
0.0623888
0.08478750000000003
0.0722309
0.07173099999999999
0.13410409999999998
0.1404855
0.1413928
0.15078870000000005
0.1264464
0.1402016
0.18994430000000004
0.0975759
0.15538960000000002
0.1064361
0.07161139999999999
0.0964648
0.1266482
0.1399204
0.1434625
0.1139492
0.10627749999999997
0.09622619999999996
0.0943821
0.1221371
0.0741816
0.0927585
0.0949676
0.1204137
0.0684572
0.06908650000000001
0.1415874
0.07437260000000001
0.0735329
0.07940710000000001
0.1262961
0.078556
0.073624
0.08980310000000001
0.08120939999999999
0.0683926
0.1394195
0.1615559
0.1044391
0.0990627
0.13376100000000002
0.2747051
0.3569658
0.3557431
0.0990916
0.14456629999999998
0.15490179999999998
0.1801125
0.1628687
0.15827190000000002
0.15456180000000005
0.12110289999999994
0.15754649999999998
0.07879030000000001
0.1242912
0.06619050000000001
0.10206819999999996
0.1122994
0.1199325
0.07422920000000001
0.13081489999999998
0.1168796
0.1024138
0.0926639
0.2065229
0.369904
0.13255250000000002
0.15114329999999998
0.1382414
0.21736570000000002
0.1167395
0.1100649
0.1234484
0.15244039999999998
0.0919303
0.0809582
0.08530639999999999
0.0874542
0.07691430000000002
0.13661379999999998
0.1691611
0.15019849999999998
0.10463319999999998
0.0909451
0.1430039
0.17794949999999998
0.13941050000000002
0.08581810000000001
0.0910141
0.08974060000000003
0.1119305
0.1335974
0.1492461
0.15177279999999999
0.14373110000000006
0.1456353
0.09917009999999997
0.08766439999999999
0.1003455
0.0963844
0.0862456
0.079329
0.07380049999999999
0.07729920000000001
0.10483410000000001
0.11834289999999999
0.1233651
0.1028777
0.102761
0.07573839999999997
0.08935520000000001
0.08904440000000002
0.08904619999999999
0.08702400000000003
0.08712139999999999
0.07217290000000001
0.08533400000000001
0.0770839
0.07373489999999999
0.1761471
0.17231689999999994
0.10076619999999999
0.0713006
0.06148540000000001
0.07729159999999999
0.07973200000000001
0.0590767
0.0765314
0.1039963
0.0944633
0.0684554
0.11840960000000005
0.07412769999999999
0.1239441
0.10382150000000002
0.09391770000000002
0.0915911
0.0796105
0.0813026
0.0703389
0.17856670000000002
0.15847360000000002
0.1044942
0.07957510000000001
0.1196488
0.1175878
0.12621849999999998
0.11699239999999995
0.1320906
0.13975
0.089292
0.0957166
0.16698139999999995
0.14283749999999998
0.1112869
0.13550239999999994
0.1045475
0.07509249999999999
0.08391169999999999
0.1047633
0.1185556
0.1152368
0.1448105
0.08297410000000001
0.10900270000000002
0.14425090000000002
0.1497539
0.090885
0.06334420000000003
0.07874629999999999
0.11059720000000002
0.1258606
0.0993284
0.11999289999999999
0.11966000000000004
0.10084070000000002
0.111479
0.12739982
0.06880922
0.10444336
0.20637182
0.19171097000000006
0.17547166000000006
0.13094510999999998
0.09635412
0.10525756
0.18656818
0.18050262
0.12381682
0.12573687
0.06987376
0.09803601
0.07827391
0.07397631
0.06667670999999999
0.09923336
0.10562161
0.08362540999999997
0.08713605999999999
0.09176686
0.11309426
0.07504126
0.08031826
0.13312476
0.13466216
0.09363645999999998
0.14660476
0.10289731
0.09253020999999996
0.09878566000000004
0.07282950999999999
0.07111531
0.07926071000000001
0.05101496000000001
0.10514685999999998
0.08921575999999999
0.10383956
0.08601831000000001
0.06250042
0.06766671
0.08403036
0.09789666
0.09848271
0.07518430999999999
0.10155801
0.09753231
0.12335076
0.12465186
0.11508346
0.08923881000000003
0.09799461
0.13142036
0.09426871
0.08413291
0.11913456
0.13081546
0.11075656
0.11901526
0.12864625999999998
0.13333786
0.11695946
0.09987286
0.09142366000000003
0.09598726
0.09932781000000004
0.08587886
0.11669855999999998
0.08743400999999999
0.10670276
0.11084701
0.10371821000000002
0.07835960999999997
0.07372226
0.08895091
0.10260471
0.08709776
0.14052581999999994
0.05650336
0.06802116
0.08956925999999997
0.07460640999999997
0.08899041999999999
0.19673264
0.056729559999999984
0.055398509999999984
0.03717306
0.04683986
0.021694360000000003
0.04545536000000002
0.02180186
0.03302486
0.03258666
0.034268259999999995
0.09301611
0.08071302
0.03666326
0.04670335999999999
0.04780411
0.03066001
0.03704028
0.13835849
0.06378501
0.07404720000000001
0.07674138000000001
0.07416518
0.06392353
0.12711025
0.06443698
0.07881354
0.06857468
0.06027673
0.0935155
0.06698578000000001
0.13270700000000002
0.13352098
0.09094808
0.1083632
0.10040624
0.09523124
0.12777549
0.10384058000000004
0.10693204999999996
0.11328566000000002
0.09827864
0.10478232999999998
0.11608923999999995
0.08384393
0.07824974000000001
0.05679333
0.06969584000000001
0.07311369
0.07042629
0.07389518000000002
0.06561388000000001
0.09777713
0.07362633
0.06193023
0.07128214
0.06912298000000001
0.07100083000000001
0.10572066000000002
0.06595210000000001
0.2046434
0.17801588
0.08194438
0.09088939
0.10044712999999998
0.12892445
0.12177594
0.08447168000000001
0.1119183
0.12498144
0.10446219000000002
0.13386779999999998
0.1386155
0.1322688
0.07933821
0.09867451000000002
0.07970734
0.16398181
0.14279720000000004
0.1587668
0.12343650000000002
0.12167231
0.12766116
0.15083656000000004
0.1168832
0.10829881
0.12513366
0.09475340000000004
0.08135759999999999
0.07978856000000001
0.1069082
0.15210441
0.11918071
0.08310141
0.15009581
0.14013816
0.11521017
0.15071478000000002
0.09671322
0.11754146000000006
0.11551167000000002
0.08200417
0.10976769999999997
0.08038031000000004
0.10403161
0.07298556000000002
0.08233561
0.08787351
0.16028807
0.14444451000000005
0.13928306
0.12312661
0.11491071000000005
0.12306875
0.11324691
0.13802831
0.12567801
0.15963565999999998
0.15838265999999998
0.15603656
0.16939111
0.14641901
0.15075586
0.18396171
0.14604151
0.14152756000000002
0.12347726
0.16395901000000002
0.19509312
0.18788946
0.19918132
0.19386092
0.22503197
0.18356671
0.17818415999999998
0.17347386
0.14387516999999994
0.1518668
0.13827737
0.12340891
0.11590341
0.20854381
0.13963832
0.10506851
0.13151893
0.18212168
0.18197663000000008
0.18519168
0.14609381000000005
0.13163311
0.13579907000000002
0.11777131
0.11150291
0.11919322
0.11282517
0.13050024
0.12119757000000002
0.11180112
0.12930997
0.00266575
0.002872
0.0030787
0.0027617
0.00244775
2.6700000000000002e-05
0.0033607000000000003
0.00312375
0.0037997
0.00318056
0.00550966
0.005522610000000001
0.00829466
0.01607552
0.017776519999999997
0.01504856
0.01462056
0.01104256
0.00957242
0.007359609999999998
0.007890610000000001
0.005980559999999999
0.004750610000000001
0.0026317000000000003
2.6700000000000002e-05
0.00262375
0.0052757
0.006164520000000001
0.008318560000000001
0.00795356
0.00621547
0.04736351999999999
0.03831147000000002
0.056412469999999985
0.05711156
0.06771047
3.052e-05
0.00273661
0.06292247000000001
0.03969647
0.02671161
0.00295156
2.766e-05
0.02763656
0.01473652
0.01966217
0.06130438000000001
0.09892629
0.01218547
0.01146652
0.01224947
0.011642519999999998
0.011117609999999998
0.01379752
0.01053152
0.00828647
0.05182047
0.03967146999999999
0.00519352
0.00323356
0.00617556
0.12759233
0.14697447
0.0076675200000000015
0.0072355599999999985
0.00321761
0.00358456
0.00405661
0.00302266
0.00762152
0.00620461
0.00618256
0.00675152
0.006346559999999999
0.09930533
0.19145733
0.19139233
0.15222338000000002
0.07802642
0.02109247
0.02789847
0.023755519999999995
0.01235052
0.01564847
0.08406142000000001
0.08911242
0.07373038000000001
0.07674272
0.0778817
0.07368000000000001
0.0621529
0.0590206
0.021039500000000003
0.0048596
0.002079
0.16915
0.05119099999999999
0.11717800000000002
0.137402
0.3224617
0.07106799999999999
0.1815529
0.1838771
0.1497881
0.16653690000000002
0.178301
0.2048573
0.2083998
0.1723718
0.1728947
0.2268554
0.16303499999999999
0.2195268
0.160078
0.1399839
0.1448225
0.1410494
0.1461749
0.12625260000000002
0.1282969
0.14248249999999998
0.14339870000000002
0.1394731
0.1433489
0.1469139
0.1980792
0.2168598
0.21487489999999998
0.2205469
0.2236309
0.20573989999999998
0.21136279999999996
0.15307079999999998
0.13507439999999998
0.15177649999999998
0.14880339999999995
0.1621543
0.1850236
0.1529826
0.15297109999999994
0.13561800000000002
0.170793
0.16861269999999998
0.15530870000000002
0.157667
0.1624244
0.1469993
0.1615997
0.1568503
0.16261489999999998
0.14675
0.14639749999999999
0.1447415
0.1602943
0.15660079999999998
0.12330630000000001
0.15987729999999994
0.1322689
0.174225
0.16016770000000002
0.1407569
0.1473171
0.1429856
0.16699760000000002
0.16269039999999996
0.15211950000000002
0.15203529999999998
0.1001145
0.14346139999999996
0.13817970000000002
0.15956979999999998
0.15863439999999998
0.07876369999999999
0.15432259999999998
0.1519286
0.0641813
0.1500145
0.13473449999999998
0.1534346
0.12637569999999998
0.1601884
0.15459929999999994
0.1639596
0.17868789999999998
0.185604
0.1955419
0.2096689
0.2013458
0.1974666
0.1893051
0.2241245
0.20980370000000004
0.1871033
0.1973758
0.2026049
0.214332
0.202974
0.1487445
0.1513856
0.1535567
0.15089589999999994
0.1445317
0.1375776
0.08428039999999999
0.1410896
0.1181698
0.12245620000000006
0.07686330000000001
0.0833552
0.1462598
0.15429969999999998
0.1504954
0.136462
0.15980060000000001
0.1701646
0.1407194
0.1443895
0.1768703
0.14098029999999998
0.152943
0.1522017
0.1511017
0.1439053
0.14086339999999994
0.113137
0.14855079999999998
0.16250079999999995
0.1534105
0.16142469999999998
0.13483599999999998
0.170185
0.175442
0.16046970000000002
0.15424709999999994
0.1831496
0.2100471
0.2126485
0.18019
0.1857403
0.1822883
0.1865133
0.1927199
0.204904
0.2103513
0.1997354
0.20268029999999998
0.1972411
0.1804162
0.1871901
0.183883
0.193402
0.194156
0.2134869
0.19797740000000005
0.201079
0.1926823
0.1863865
0.1957648
0.1929168
0.2113928
0.197135
0.1798261
0.1751821
0.17446589999999998
0.18512889999999999
0.187614
0.183501
0.18057620000000002
0.1695725
0.16681010000000002
0.0998513
0.1704133
0.1713343
0.149362
0.14990699999999998
0.1829291
0.10873130000000002
0.15095809999999998
0.1518746
0.0984166
0.15580149999999998
0.1061039
0.17320119999999994
0.18571310000000002
0.1798223
0.17610870000000006
0.1808699
0.1847831
0.19369
0.1949358
0.2015409
0.18597539999999999
0.19280799999999998
0.187863
0.1897445
0.1914372
0.1807245
0.20428729999999998
0.1867751
0.1929506
0.1892372
0.17568899999999998
0.17037760000000002
0.1826646
0.1906985
0.19164860000000009
0.2010939
0.2043841
0.2017123
0.1812744
0.174035
0.17803029999999995
0.192578
0.17349320000000001
0.1765368
0.182481
0.181836
0.17146120000000006
0.13492570000000004
0.12966039999999998
0.1165663
0.1391228
0.12978430000000002
0.1311016
0.11880359999999998
0.13195260000000006
0.1346785
0.12916980000000006
0.13616350000000002
0.1483594
0.14222490000000002
0.13231420000000002
0.1444146
0.1854635
0.14560760000000006
0.14109460000000001
0.13982750000000002
0.1275568
0.14312650000000002
0.1752244
0.1824067
0.187237
0.14199149999999994
0.12794399999999995
0.14093250000000002
0.13532529999999998
0.13876770000000002
0.136286
0.14078260000000006
0.14748160000000002
0.13874350000000002
0.1456047
0.1379626
0.13983560000000006
0.14238579999999998
0.15374560000000004
0.15252960000000002
0.1398239
0.14190979999999995
0.1414746
0.1595007
0.15953240000000002
0.1624813
0.16008499999999998
0.1571264
0.14913859999999998
0.13434749999999998
0.14564839999999998
0.1371908
0.1418729
0.1830045
0.1718376
0.1612144
0.1439488
0.17215450000000004
0.1614335
0.17307819999999996
0.1572604
0.1815763
0.1536585
0.1558744
0.13209129999999994
0.1339827
0.136968
0.13892839999999998
0.14497169999999998
0.14402279999999998
0.13990020000000006
0.1356653
0.14182159999999994
0.14447179999999998
0.1455366
0.1420477
0.15812279999999998
0.13826739999999998
0.13645729999999998
0.14175190000000001
0.1457668
0.20138820000000002
0.14698260000000002
0.14924170000000006
0.17775970000000002
0.14854289999999998
0.1359437
0.15277390000000002
0.1419756
0.1376746
0.15259820000000002
0.17335269999999994
0.187103
0.14952290000000001
0.1503414
0.1489206
0.14450870000000002
0.1550265
0.15668469999999998
0.1858864
0.2389258
0.1747533
0.17222279999999998
0.15147049999999998
0.1547149
0.15940530000000006
0.1529824
0.17024549999999994
0.1569874
0.14917649999999996
0.1528757
0.17136120000000002
0.195707
0.231043
0.2244988
0.1599744
0.16048610000000002
0.13085249999999998
0.14145249999999998
0.14687419999999998
0.14192339999999998
0.15581540000000002
0.17729830000000005
0.14658339999999995
0.1531003
0.14060140000000002
0.186728
0.1859961
0.18851579999999998
0.1717185
0.1874213
0.1584876
0.15181840000000002
0.13887929999999998
0.1451311
0.15068929999999994
0.15927039999999998
0.1614994
0.1748853
0.1667856
0.16093629999999998
0.1920182
0.20885429999999996
0.2070276
0.2235584
0.2302864
0.1918405
0.2039384
0.1871296
0.1898042
0.1731468
0.1778499
0.17275040000000005
0.1764664
0.1828096
0.17048239999999998
0.1810044
0.1948684
0.2034613
0.22104000000000001
0.2317379
0.2139929
0.2256072
0.22375490000000006
0.1634442
0.2018618
0.16485529999999998
0.1869274
0.1718963
0.1653574
0.1505344
0.16653240000000002
0.16974560000000002
0.15250579999999994
0.1534006
0.17723340000000004
0.1638779
0.1685161
0.1637402
0.1692293
0.1520505
0.146629
0.151565
0.14520679999999994
0.1535964
0.16334
0.25036200000000003
0.22258060000000002
0.21224160000000006
0.1978789
0.1788989
0.18849510000000005
0.1995989
0.19864110000000004
0.1868934
0.17040260000000002
0.2049713
0.14383569999999998
0.1725637
0.1610336
0.13136480000000006
0.14385679999999998
0.13591689999999998
0.14183089999999998
0.2329134
0.16386569999999998
0.1625848
0.1919628
0.1458719
0.1876944
0.1957995
0.18868730000000009
0.16048230000000002
0.14797069999999998
0.15287599999999998
0.1211379
0.056495400000000015
0.1135321
0.12350509999999998
0.1150451
0.08345979999999999
0.15465969999999998
0.17212049999999998
0.1817494
0.1540227
0.1825957
0.1933552
0.12849299999999994
0.14400379999999996
0.13591889999999998
0.1288462
0.1429396
0.14422089999999999
0.122261
0.15572139999999998
0.1597195
0.1678125
0.1620556
0.1895119
0.1849136
0.16150639999999994
0.15598859999999998
0.13193159999999998
0.1107369
0.11913089999999996
0.1262227
0.1121628
0.12113589999999999
0.14092639999999998
0.15956510000000002
0.14857240000000002
0.1624713
0.16626329999999995
0.17744050000000006
0.15975479999999995
0.1524237
0.1280759
0.13906589999999994
0.15304879999999998
0.13912100000000002
0.13733099999999998
0.15654350000000006
0.1696384
0.16766269999999994
0.1882275
0.1414568
0.1254417
0.1309128
0.1271729
0.134422
0.1283475
0.1231292
0.13158910000000001
0.1215941
0.12631099999999998
0.1348412
0.1889749
0.16500389999999998
0.187349
0.1724445
0.13356130000000002
0.13262000000000002
0.14291589999999998
0.1217578
0.14251678000000004
0.15714588
0.17009818000000004
0.19812048
0.19521170000000002
0.2656978
0.3310877
0.2642997
0.12156209999999998
0.11868
0.118603
0.12252799999999996
0.13113400000000006
0.1294531
0.1440303
0.1516261
0.15146600000000002
0.17187799999999998
0.1823888
0.1870756
0.1654636
0.129029
0.14266040000000002
0.1232613
0.13346600000000006
0.12787500000000002
0.12907519999999995
0.1442519
0.13583389999999998
0.1426618
0.19453270000000003
0.20021660000000002
0.1975934
0.18851050000000005
0.17383379999999998
0.1345731
0.13449809999999998
0.15771400000000002
0.138323
0.1427889
0.135608
0.13666699999999998
0.14136300000000002
0.1371987
0.1369018
0.161719
0.257878
0.21655619999999998
0.1954087
0.15728830000000002
0.14680539999999995
0.14662039999999998
0.1412624
0.1619895
0.1476769
0.1430494
0.14207070000000002
0.15662520000000002
0.1966471
0.1866094
0.20730229999999997
0.23614130000000005
0.2327446
0.2028218
0.1753289
0.1987447
0.1971079
0.18764920000000002
0.14203629999999998
0.18497700000000009
0.2012608
0.20881599999999997
0.2128547
0.1895939
0.1909247
0.1490727
0.14271729999999996
0.1396178
0.14061319999999994
0.17879289999999998
0.1838049
0.18914470000000005
0.200477
0.153222
0.1422969
0.1498187
0.2000781
0.1989979
0.2081269
0.191136
0.19378900000000002
0.193015
0.1990861
0.2039322
0.2069302
0.2203877
0.2147580000000001
0.216612
0.2162451
0.2175
0.2183179
0.2313649
0.2125416
0.2184223
0.23046109999999997
0.2207311
0.2041487
0.1814321
0.22882310000000003
0.2298203000000001
0.2109949
0.2186797
0.28519570000000005
0.25252270000000004
0.2564676
0.232147
0.2294868
0.23391060000000002
0.22055500000000006
0.2313071
0.2273309
0.2281922
0.2401678
0.23715300000000006
0.2579456
0.2651335
0.25794880000000003
0.2542862
0.2417095
0.2139549000000001
0.22056230000000002
0.21535300000000002
0.23312160000000004
0.2746334
0.1888437
0.2136035
0.2227199
0.22616999999999998
0.2216268
0.2046407
0.21118780000000004
0.2170905
0.16916789999999998
0.17795289999999994
0.1701289
0.2188009
0.2394891
0.25682590000000005
0.2664046
0.3011813
0.26910080000000003
0.25181980000000004
0.23868950000000005
0.2276849
0.2120613
0.22148320000000005
0.13912809999999998
0.22110729999999998
0.22637100000000002
0.222666
0.22677929999999996
0.2204575
0.22399070000000001
0.2238204
0.2138182
0.2177181
0.2303369
0.236188
0.253731
0.24699200000000002
0.2855856
0.2748384
0.234098
0.22718110000000002
0.2210366
0.24174740000000006
0.2320915
0.2494824
0.2091831
0.20292860000000001
0.1563078
0.2064605
0.2009276
0.2038154
0.1599936
0.1898803
0.16746819999999998
0.1705056
0.16249360000000002
0.1922191
0.1925955
0.1924934
0.2063605
0.2167935
0.1937969
0.2000075
0.22356750000000003
0.23254810000000006
0.23484520000000003
0.2151053
0.2184612
0.19843360000000004
0.1843793
0.18577960000000002
0.17851389999999998
0.1800267
0.1684602
0.16573190000000002
0.19819100000000006
0.2200942
0.209873
0.1835822
0.1929963
0.1938086
0.258229
0.26133690000000004
0.1913533
0.1572833
0.15676579999999998
0.14711059999999998
0.14687999999999998
0.1519276
0.15858999999999998
0.1512149
0.13902899999999999
0.1815224
0.1922079
0.2055518
0.21083720000000003
0.21843289999999999
0.1946215
0.2134534
0.2105815000000001
0.2045215
0.2218853
0.23770439999999998
0.26285250000000004
0.2892139
0.2309478
0.1992053
0.2191553
0.1920246
0.1474307
0.1460563
0.142124
0.1680335
0.19621639999999999
0.15953989999999998
0.2135351
0.20591149999999997
0.21790570000000006
0.2189332
0.19157800000000005
0.1857997
0.226043
0.2739256
0.23864339999999998
0.2107299
0.1861489
0.17790750000000002
0.1826032
0.17917979999999994
0.2132188
0.19712520000000006
0.1960269
0.1887466
0.1490109
0.1675426
0.2256078
0.18702950000000002
0.1441104
0.14926889999999998
0.14434829999999998
0.15150360000000002
0.17095160000000004
0.1574001
0.180571
0.1828792
0.19641000000000008
0.4597
0.23895187
0.09678387
0.08643196
0.06646719
0.07522815000000001
0.05535829
0.07208005
0.05604729
0.08330078
0.07441909999999999
0.10228292
0.05511819
0.09019659
0.10306192
0.15109082
0.17902868
0.11183101
0.12327196
0.14031482
0.12318482
0.07769005
0.10469005
0.12081415
0.08287315
0.09662194
0.01496197
0.33432809
0.2299217600000001
0.16556835
0.10522699
0.07182169
0.13274204
0.16438794
0.13444559
0.12115199
0.11291998999999996
0.14849974
0.17503449
0.13977484
0.10711423
0.10518794
0.13866789000000002
0.13624464000000006
0.13707389
0.15294974
0.14861694
0.15051889
0.14435613
0.10485923
0.09390118999999998
0.07920812999999999
0.14661269000000002
0.12237204000000006
0.08582104
0.09054113
0.12443023
0.06717528999999997
0.22286605
0.24429332
0.24171196
0.24020005
0.17416992
0.1842451
0.16878915
0.07931099999999999
0.102757
0.27670900000000004
0.276577
0.278181
0.253641
0.24744500000000005
0.070035
0.07298099999999999
0.08049880000000001
0.0804164
0.0833541
0.08353130000000003
0.08842650000000002
0.14122069999999998
0.0800868
0.113831
0.08342799999999999
0.119602
0.111258
0.11027910000000002
0.1095792
0.1203116
0.1147799
0.1177712
0.16195410000000002
0.215165
0.191245
0.2258999
0.1065108
0.105125
0.1050893
0.10598030000000001
0.11336220000000001
0.1117141
0.1102484
0.10628119999999999
0.114005
0.237250636
0.15962309999999996
0.25303671000000005
0.16052398000000004
0.15979015000000005
0.16266111000000005
0.16199111000000002
0.16004015000000005
0.15978920000000002
0.16431207000000006
0.19122398000000004
0.16338207000000005
0.16082920000000006
0.15893589000000002
0.15939354000000006
0.3264521299999999
0.29464831
0.27446830999999994
0.26057972999999995
0.24877114
0.26523019
0.24266568
0.16198478000000002
0.15822789000000004
0.15445246
0.10590161
0.10832218999999996
0.10724049
0.10386760000000002
0.15073370000000005
0.12803651000000002
0.13747603999999994
0.14091131
0.13813807
0.14240225
0.13906657
0.09947317
0.09663958999999996
0.0984278
0.09628095
0.09294613999999997
0.09908471
0.10696757
0.09804672
0.22715543
0.22981732
0.13968661
0.25081143
0.10038256
0.08981763999999999
0.10037333
0.09793048
0.10015663
0.10523005
0.17283428
0.14712946999999998
0.12633186
0.09097281
0.09951147
0.09703577
0.13281566
0.27973716000000004
0.23529044
0.17946859
0.12489421
0.11233097999999997
0.11298102
0.10710202
0.1059489
0.12386331
0.21885193
0.22173046
0.31632473999999994
0.21438047
0.20750188
0.20657623
0.20360813
0.2056148
0.20217857
0.20446384
0.20628195
0.21074286
0.15500241
0.10159748
0.10179106999999996
0.0995089
0.09954837
0.09776733
0.09025223
0.10283922
0.15454184999999998
0.09732093999999998
0.09581331
0.09362713
0.09465152999999996
0.09089707
0.09367427
0.08789661999999998
0.08975001999999997
0.0892895
0.11771041
0.11667521
0.11461802999999998
0.11862949999999994
0.11128714
0.11782809999999999
0.11951713999999998
0.10760618999999998
0.11235428
0.10902998999999998
0.07743948999999999
0.07788523
0.07713424999999999
0.07630709000000001
0.07390189999999999
0.08240944000000001
0.14491947
0.14111527999999998
0.14570856999999998
0.13909378
0.08382648999999999
0.11243578999999998
0.10837375
0.0353559
0.08022665
0.03599424
0.03458944
0.033389920000000003
0.03430045
0.02957513
0.02951528
0.031134750000000006
0.03535517
0.03651903
0.02964755
0.02908709
0.03240894
0.02357847
0.0339466
0.031188990000000007
0.033757090000000003
0.03168569
0.032580950000000004
0.03717494
0.03091894
0.03338894
0.02851279
0.03473946
0.05296617
0.06107998000000001
0.0673875
0.05708679000000001
0.046301400000000006
0.08186545
0.09106106
0.0742595
0.08365520000000001
0.12554193000000002
0.07926807
0.04972028999999999
0.10646384
0.07748185
0.06978603
0.07266559
0.06903322
0.040857130000000005
0.03684051
0.0385847
0.03034469
0.03059327
0.02313229
0.02670899
0.03462237
0.03627236
0.030159900000000007
0.02994569
0.029414180000000005
0.028867990000000007
0.02769669
0.02912659
0.02618899
0.028562340000000006
0.03406565
0.02921184
0.03399589
0.24001401
0.07970739000000003
0.07874120000000001
0.09505166
0.1007799
0.11077166
0.08945502000000001
0.13829071999999998
0.11729071
0.08954217
0.10474167
0.10607162
0.14701548
0.09837498
0.035326900000000015
0.02539068
0.08799212
0.09147212
0.09263331
0.09574403
0.09580881
0.11290071
0.09913701999999998
0.10698881
0.18474166
0.14128261
0.22031453
0.14078975000000002
0.13432880000000005
0.18949499
0.15952689000000006
0.16514975
0.20036071000000005
0.1924316600000001
0.20128357
0.17589071000000006
0.19163453
0.19888656000000005
0.03638
0.029405
0.04785
0.059306
0.159146
0.312633
0.26330264
0.20752764
0.21220464
0.21531173
0.1845501
0.10478105
0.13676495
0.10524915
0.13076101
0.1154934
0.09976499
0.14386282
0.10261775
0.09138745
0.11879655
0.11774991999999998
0.08186795
0.13410894999999998
0.0930739
0.10673810000000004
0.15183521
0.06975199000000001
0.07735784000000001
0.06824764
0.05176829
0.06860924000000003
0.10285009000000002
0.08787565
0.08650145
0.05264329
0.054104
0.15731515
0.08520535000000001
0.10094302
0.19721252
0.09756015
0.21625216000000005
0.1166387
0.1240472
0.09381366
0.11887143
0.08818867
0.11111462
0.05148176
0.0501589
0.05368490000000001
0.07566310000000001
0.25018405
0.23713901
0.3974657800000001
0.27490005
0.22120101
0.1293091
0.2299001
0.17559292
0.09736
0.09039
0.026435000000000004
0.056711
0.056641
0.08556699999999999
0.21001999999999998
0.0492
0.0734355
0.0833202
0.1916550800000001
0.09419321
0.06150269999999999
0.0395699
0.056360300000000016
0.08461339999999999
0.1186894
0.0939702
0.0797724
0.0825804
0.1136511
0.0834564
0.06838380000000001
0.2169366
0.2803213
0.4316818
0.2964378
0.094042
0.1171814
0.07983480000000001
0.0800644
0.0591216
0.1686455
0.0752157
0.08282300000000001
0.0612335
0.08761659999999999
0.1490628
0.2876777
0.0596054
0.18075020000000003
0.16236679999999998
0.1340678
0.13171
0.1377
0.1649597
0.21701729999999997
0.183313
0.16259
0.21959
0.26514
0.29751
0.227594
0.194924
0.11878
0.06909
0.27222399999999997
0.210975
0.10559
0.069118
0.0736
0.11410899999999999
0.28744000000000003
0.11979000000000001
0.12134
0.07680000000000001
0.114
0.08747700000000001
0.25968
0.199621
0.08917800000000001
0.193615
0.293022
0.19556600000000002
0.28676
0.17892929999999999
0.23663
0.21531
0.29003
0.2276
0.17094
0.25863
0.23337
0.26854
0.14581
0.17394800000000002
0.23018200000000005
0.175077
0.16874
0.10865999999999999
0.07335
0.09885
0.18731
0.1326
0.11172
0.12567
0.19459
0.216534
0.218681
0.025742
0.09739
0.07306
0.22354
0.1902
0.1213
0.19874
0.20388
0.10357
0.13260860000000002
0.12555300000000005
0.116395
0.202561
0.086292
0.10681
0.146812
0.14755
0.29289
0.22154000000000001
0.15054
0.17008
0.08295
0.16772
0.36473
0.40923
0.4054960000000001
0.378529
0.34314
0.367268
0.379882
0.37125
0.31587000000000004
0.130456
0.15219000000000002
0.11518
0.11804
0.2225812
0.22464
0.10708
0.096481
0.086537
0.155034
0.10278
0.18776
0.16870000000000002
0.11719
0.30946
0.2797579
0.22354000000000002
0.24408200000000002
0.206341
0.12475699999999999
0.22913699999999998
0.1638466
0.22474499999999997
0.0335298
0.103268
0.153776
0.14438
0.14134531
0.30003531
0.23868436
0.29632031000000003
0.24881531
0.10086054
0.12688364
0.21357159
0.12649782
0.07064393
0.09768768
0.11144959
0.20624968
0.34079245
0.17601659
0.16727368000000006
0.12445059
0.16829764
0.08271619999999999
0.1533059
0.19113332
0.14338108
0.16251073
0.13831678
0.03874211
0.07102929999999999
0.05334106000000001
0.23236179
0.14956888000000002
0.05436792000000002
0.12046300000000001
0.187024
0.15879000000000001
0.12633090000000002
0.14554079999999994
0.060113199999999985
0.2379511
0.12352619999999999
0.08134720000000001
0.1102991
0.2116701
0.190414
0.2131321
0.1098839
0.1224382
0.12339059999999999
0.17786936000000006
0.16966221
0.16788521
0.24308044
0.28314530000000004
0.30966160000000004
0.3390184
0.28421164
0.17434499999999994
0.23749607999999994
0.30336113
0.33065908
0.38747641
0.26758731
0.26814131
0.2280888
0.28992729999999994
0.23484944
0.27119931
0.1491095
0.16213114
0.2759244
0.1402256
0.1865544
0.22552834
0.26111824
0.24423154
0.22183075200000005
0.19815614
0.26767363000000005
0.17302552999999998
0.22249388
0.29404408
0.28865748
0.26994509
0.3333138
0.30752612999999995
0.34649734
0.22709014
0.23191034
0.15713244999999998
0.31456939
0.21314834
0.26597294
0.29707621
0.16036379
0.16339189999999998
0.28300121
0.2170635
0.19366641
0.15732611
0.29679234
0.22550061
0.08653459000000001
0.15484378999999998
0.17838999
0.2183194
0.19054334
0.15221024
0.18696681
0.13277534000000002
0.27078354
0.23257198
0.27941069
0.1936491
0.35274121
0.07991636999999999
0.12829115
0.08343110000000001
0.06249798999999999
0.05167684
0.05050288000000002
0.09936234
0.04767704
0.11653134
0.10080198
0.08228104
0.09249929
0.07002169000000001
0.10660531
0.15196431
0.12741474
0.08687511
0.1302404
0.06523774
0.08291675
0.16330831
0.25155586
0.25057556
0.19625076
0.18098375
0.18502981
0.16501615999999994
0.1812022
0.23047726
0.25237102
0.33639641
0.27267412
0.31780328
0.29990597
0.23600125
0.2144553
0.18827564
0.20015251
0.23451821
0.26002163999999994
0.23381495
0.20728956000000004
0.21263250000000009
0.22907910999999995
0.2763278599999999
0.30972821
0.3081663299999999
0.28828076
0.27129757
0.22482771000000004
0.2509844600000001
0.18154391000000009
0.20814742000000008
0.2526271700000001
0.26607577000000004
0.2671007300000001
0.28433558000000003
0.29361557000000005
0.16937796
0.18177201000000007
0.29397678
0.23660877
0.27355017000000004
0.2318446700000001
0.2584659200000001
0.23915192
0.22658647
0.29803701
0.2549734100000001
0.2146153600000001
0.13729640000000004
0.18867205000000006
0.21114191000000007
0.2760584700000001
0.2316457100000001
0.20702136
0.21037927000000006
0.21723649
0.2925011500000001
0.25940949999999996
0.3173167100000001
0.30600420999999994
0.34760806
0.33447856000000004
0.31479461
0.33769991
0.3208767100000001
0.2656197
0.14618409000000002
0.20528403999999995
0.2406189
0.27052574
0.32270418999999995
0.3032144399999999
0.29839674
0.31996659
0.3040652
0.30175344000000004
0.31951015
0.32390345000000004
0.3055311500000001
0.33983330999999994
0.35828287
0.33895561
0.27662091
0.23662021000000005
0.23908871
0.21445394999999992
0.1963635
0.13950023999999994
0.20919218
0.17355223999999994
0.15637963999999996
0.14006472999999994
0.18049495
0.20196716
0.21665071
0.20520781000000007
0.20076521
0.19263595000000008
0.2107642000000001
0.19562734
0.16961491000000006
0.19408915000000007
0.20563814
0.14603503999999998
0.16284439
0.17947875000000002
0.2899484600000001
0.3871322700000001
0.11542291
0.19173761000000009
0.18441371000000004
0.19521926
0.2323405600000001
0.2232676
0.13917434
0.15421394000000002
0.15990323999999995
0.07035623000000002
0.16985273999999995
0.16443119999999994
0.22447431
0.11255303999999998
0.1040538
0.2119724000000001
0.20908114000000005
0.14300023999999995
0.19723313999999995
0.17830927999999993
0.14218683000000004
0.17024868000000004
0.16206218
0.12058944
0.23839845000000004
0.14539094000000002
0.14268878999999998
0.20274664000000006
0.14026463999999994
0.16916828
0.10465808000000004
0.22422908
0.16208987999999994
0.11430293
0.10873397
0.13294446999999998
0.17776157999999995
0.19673674
0.17045133999999995
0.21528231
0.13158191000000002
0.05333255
0.06690504000000003
0.12286584000000005
0.08841368
0.038282180000000006
0.043825180000000005
0.08316724000000003
0.22213411
0.3906717700000001
0.20633241000000005
0.13184405000000002
0.16734445000000006
0.13944487999999994
0.14633533999999995
0.13588358999999994
0.32525858
0.11859194
0.16075014
0.13173505000000002
0.11996716
0.15996657000000006
0.1803113600000001
0.13629543999999993
0.18277764
0.20042449
0.21455011
0.13985299999999992
0.09048760000000003
0.13674069999999994
0.10822740000000004
0.1259874
0.12072970000000001
0.12182540000000006
0.035533800000000004
0.1203247
0.12248630000000002
0.12255320000000006
0.09083039999999996
0.1242933
0.12114430000000002
0.17623103999999992
0.21414129999999992
0.06758184
0.26057629
0.2454348
0.24736799999999998
0.05129671999999998
0.09439807
0.08871472
0.14820678000000004
0.07827238
0.12933708000000002
0.05294907
0.00394183
0.1734416799999999
0.19305593999999995
0.15372773999999992
0.14927228999999992
0.16423433999999992
0.1993743999999999
0.16366555
0.1233456
0.033878480000000016
0.09692033000000004
0.10145013000000004
0.06825633000000003
0.10683974000000004
0.10454304000000003
0.11310193
0.08820735000000003
0.10840121000000004
0.18383811
0.09661105
0.21136797000000004
0.18021731000000007
0.14371638999999994
0.08986278000000003
0.031997439999999995
0.11648725
0.18641024999999994
0.22604711
0.13759145000000006
0.21453014
0.18813420000000008
0.21055414000000008
0.2031917500000001
0.19747919000000005
0.1996829400000001
0.14893789999999998
0.18762890000000007
0.10279554000000002
0.09947169
0.08988950000000001
0.11611179999999999
0.12628153999999994
0.13625507999999992
0.08996074000000001
0.10388724000000002
0.09935229
0.10294788000000002
0.11398954
0.19205601000000005
0.1508932400000001
0.19323486000000006
0.11731949000000005
0.11462598
0.08717588000000001
0.08790518000000003
0.09854383000000004
0.11895568000000002
0.14444903999999992
0.09848678
0.07369302000000001
0.09887143000000004
0.09621354
0.17851635000000005
0.13816694
0.2332045500000001
0.20038795000000006
0.19134915
0.15838845
0.18070250000000004
0.15377214
0.12706522999999992
0.13264222999999994
0.13469378999999995
0.07595328000000004
0.08355374000000003
0.12926171000000006
0.12410339
0.10247365
0.15766265000000004
0.18016224000000008
0.10023868
0.08902323
0.08917102999999997
0.04320842
0.08355423
0.0994222
0.11462632
0.14770709
0.17995904
0.23103689
0.25078608
0.25169354
0.18501651
0.14876061
0.16007908999999998
0.12590358
0.15607584
0.14847648000000002
0.14914414
0.15297079
0.21916358
0.20561818
0.13017818
0.09727638
0.06673093
0.0647034
0.15957643
0.17654733
0.14285727999999998
0.20418261000000004
0.14237251
0.09740065
0.09148929
0.12594449000000002
0.19555424
0.23434389000000005
0.21037594
0.16325993
0.16484147999999998
0.22833919000000005
0.18006958
0.10637294
0.12249364
0.11158954
0.21910239
0.16146984
0.15769219
0.16727229000000002
0.14660804000000002
0.17999528
0.23814939
0.19669084
0.08211202999999999
0.14075189000000002
0.12730818
0.22471212
0.21802548
0.13742333999999998
0.185455362
0.21894344
0.25360339
0.2498014
0.21226314
0.21597019
0.18835044
0.24785848
0.29439953
0.27009068
0.23595458
0.22572818
0.21803968
0.2923007
0.30974549
0.26008209
0.30664769
0.26143602
0.18839134
0.25582002000000004
0.28707148
0.29182373
0.25307768
0.23974158
0.24328838000000005
0.27149598
0.28010788
0.25978734
0.26948825
0.25077486000000004
0.2648688
0.26392325
0.2704377
0.24622738
0.21631048
0.23024068
0.17420882
0.25921908
0.15266068
0.22099543
0.3216734399999999
0.30773574000000004
0.22898908999999995
0.28863774
0.20383778
0.22531878
0.23564643
0.21607293
0.26919369000000004
0.24738068
0.17679028000000002
0.26446898
0.23171073
0.22171364
0.32523535000000003
0.24906378
0.25232245000000003
0.39965007
0.32107871000000004
0.31862809999999997
0.34323354
0.3847763
0.22449319
0.25923978
0.27964323
0.25300658
0.24570213
0.27185588
0.26924199000000004
0.2450733400000001
0.27293474
0.28653559
0.27887814
0.25158294000000003
0.28028634
0.24162528
0.25760197999999995
0.22798103
0.16713893
0.23780848
0.23797048
0.18891788000000004
0.22256858
0.2538829400000001
0.16239023
0.20331568
0.15527157999999994
0.23276218
0.17793338
0.14991978
0.21787178
0.21165388
0.22791003
0.16263271999999998
0.23840893
0.28044758
0.22000542
0.26035968000000004
0.27879544999999994
0.24348764
0.20108552
0.20665072
0.24163269
0.27419554
0.26447033000000003
0.23102598
0.25039363
0.21001657999999995
0.22325493
0.19596179
0.22900768
0.2661949
0.24813134
0.25269339
0.19296458
0.21463933
0.21727118000000006
0.20961728
0.24162683000000004
0.22299558
0.21984778
0.27651764
0.25529924
0.16921203
0.17497058000000004
0.21299053
0.23652562
0.2439766800000001
0.20563758
0.20351603
0.19415333
0.19955028
0.25026508000000003
0.26061379
0.25091903
0.18469523
0.17400517999999998
0.24398593
0.27586524
0.2792779799999999
0.21157124
0.15484322
0.09754817
0.16059522
0.19663334
0.23685189
0.2023749400000001
0.10710888
0.11979492
0.19373473
0.18737298
0.15733518
0.25863269
0.23590995
0.22075424
0.21203554
0.16719194
0.16899223000000002
0.15505213
0.22229524
0.22656654
0.22100708
0.20509969
0.19291189000000009
0.2584137
0.20189664
0.23479384
0.25297649000000005
0.28100962
0.16880013999999996
0.19440244
0.19515229
0.18220924
0.19750755
0.22364137
0.2267723600000001
0.22352456
0.1849645
0.18221731
0.19400921
0.23338975
0.23847436
0.22227501
0.18172044
0.14183224000000005
0.18917024
0.1717319
0.23090896
0.19121955
0.18687921
0.19509369999999995
0.2085962
0.15034868999999998
0.12727194
0.12913314
0.11938698
0.15732439
0.14801129000000005
0.14616674000000002
0.15715854
0.2002649
0.21977499
0.2293953
0.23713558999999995
0.26752827
0.21360107
0.1963201
0.2142614
0.1919033400000001
0.17286014000000002
0.14429154
0.14522594
0.18257334000000008
0.1939662000000001
0.21400016
0.2336716100000001
0.22788602
0.22657392
0.22760151
0.16394825000000002
0.16352464
0.16387239999999995
0.18692474
0.21851724
0.19801944
0.17034429
0.17973263999999994
0.20995482
0.19132485
0.20421705000000004
0.1719447
0.13823045
0.15964781
0.11350081000000002
0.10824045
0.1103444
0.11847709000000002
0.11352789
0.10737744
0.10459923999999997
0.0974862
0.15873091
0.22269872
0.22744637
0.17560311
0.14513990999999998
0.12905051
0.10799675
0.094921
0.10454739999999996
0.1215594
0.12839764
0.10837839999999999
0.14640724
0.1050336
0.13497420000000002
0.21801972
0.13747701
0.10377
0.13370825
0.19478247
0.24600751
0.22055931000000004
0.25587991
0.24203461
0.26439581
0.30367806
0.27034585
0.23178904
0.24344195
0.26604411
0.23813161
0.24409111
0.23999176
0.24690456
0.17655336
0.16026891
0.20190511
0.21814916
0.23114181
0.17550634
0.11659495
0.13352973999999998
0.12346236999999995
0.14543591000000006
0.26876492
0.13065047
0.20657217
0.21719272
0.17732841
0.13320401
0.15520671
0.16644504
0.15741919
0.11525164
0.14395473999999994
0.17213457999999998
0.20832674
0.16574604
0.17426909000000002
0.20269764
0.17417075
0.15824074
0.17256100000000002
0.15643921000000005
0.12841374
0.11174034
0.12044275
0.14227175
0.12101244
0.22794034
0.12620379
0.15528335
0.16861011
0.16073781
0.16071576
0.14880150999999994
0.13668101
0.13420837000000002
0.13154835
0.12549554000000002
0.11780184
0.13511714
0.14156941
0.11575174
0.15304055000000005
0.17531861
0.21870361
0.21553065
0.23158521
0.19930876
0.17219790999999998
0.1554914
0.15438739
0.11476744
0.17436358
0.17950124
0.21030724
0.12410733999999995
0.14889018
0.18094514
0.17707649999999994
0.11062974
0.15935441
0.11585134
0.10618354
0.12653579
0.11545329
0.08872428
0.08435412999999999
0.13839349
0.14024933999999994
0.10169997999999998
0.11944304000000006
0.153227
0.118982
0.15310971
0.15491861
0.14169444
0.11738403999999998
0.2110071000000001
0.1815661
0.10066503
0.08335374
0.09552794000000002
0.11872989
0.09215253
0.06703463
0.07852503
0.10687659000000002
0.11485414000000002
0.1539692
0.10523058999999996
0.1319195
0.14792469
0.16320363999999998
0.11532439
0.07314059
0.19606409
0.25298409
0.08723608
0.07295923000000001
0.09652528
0.14640909999999996
0.15440024
0.1474585
0.1505596
0.12353569
0.17026225
0.15070584
0.11282269
0.11590694000000006
0.14586629
0.12896639999999998
0.1689156
0.18654741
0.21783101
0.18914471
0.12538005
0.11491864999999996
0.20543161
0.22842505
0.21358581
0.19334406
0.18398446
0.1446779
0.14711824
0.2049275
0.1770714
0.22110321
0.203077
0.20847315
0.19735381
0.21523851
0.20133854999999995
0.20847291
0.20593715
0.19724
0.18653929
0.19547399
0.20151794
0.18768034000000008
0.17820174
0.15243229
0.15311049
0.20739305
0.17614050999999994
0.20168079
0.1851069
0.16691635000000002
0.13753243999999998
0.1160529
0.11402194000000004
0.11736653
0.11381398
0.13230164
0.16161559
0.09600498
0.13572989000000002
0.11413834
0.14290524
0.16466444
0.15231294
0.16648464
0.14893449
0.20503445
0.20713854999999995
0.23148731
0.15053435
0.14767865
0.144306
0.22071706
0.18560934
0.16262854000000002
0.16026734
0.21086139
0.23488549
0.18470858
0.14130588
0.13010278
0.18348894
0.20036779999999998
0.18983974
0.15930018999999998
0.14856308
0.14101307999999996
0.14901747999999998
0.14212857999999998
0.20212481
0.17369848999999998
0.18601244
0.29224264
0.35982731
0.14122921000000002
0.14240964
0.14311307999999998
0.14288114000000002
0.14965409000000002
0.15740738
0.16572234000000002
0.13578864000000002
0.17184249
0.13727499
0.13485448
0.17422595000000002
0.12873988
0.13979603999999998
0.10816318
0.11884183
0.12673174
0.17030488
0.15053582999999998
0.14755147999999998
0.15853324000000002
0.17509638
0.18586449
0.21537065
0.20799555000000008
0.22186870000000009
0.16300874
0.19794105
0.13192057999999998
0.20323309
0.13016603
0.22626584
0.11977833999999996
0.13929794
0.16452624
0.17989223999999998
0.1614487
0.16785614999999998
0.15930773999999998
0.16680359
0.16473484
0.14504229
0.15908759
0.18076269
0.15701522999999998
0.16484064
0.17845049000000002
0.13356647000000002
0.26429202
0.29844728
0.2780869
0.23148221
0.28228059999999994
0.23433245
0.25021268
0.26969173
0.27676592999999994
0.24284493
0.26516638
0.25504673
0.21568318
0.25567374
0.27563564
0.32127611
0.31195545
0.28834304
0.24336658
0.25596828
0.26787643
0.24466553
0.21790098
0.25206122
0.22186538
0.24807958
0.25418303
0.24581212
0.27644237999999993
0.27015248
0.29189909
0.26284423
0.36594340000000003
0.37607235
0.24112658
0.24917918
0.14457279
0.25412252
0.23796827
0.22602617
0.25625742
0.22694462
0.30969754000000005
0.28952917999999994
0.26670048
0.25363508
0.26369324000000005
0.26314618
0.25424764
0.26328478
0.24862938
0.25194398
0.23456032
0.23959388
0.24619373
0.23721898
0.24592484
0.26504309000000004
0.23225419000000005
0.25568368
0.23964332
0.24450892
0.24690742
0.25366498
0.27501298
0.25148327000000004
0.26567008000000003
0.28275769
0.28858159
0.29184740000000003
0.26577133
0.24965098
0.25862818
0.24026567
0.24042802
0.26961458
0.26701588
0.24623127
0.26685143
0.23396618
0.27760784000000005
0.29518920000000004
0.26375864
0.27457599
0.22618700000000005
0.24645238
0.22952738
0.22241278
0.24301592
0.24244522
0.24783147
0.26590362
0.23204472
0.23513717
0.23859827
0.28306809
0.25471278
0.26418684000000003
0.26096833
0.2279771200000001
0.25162273
0.23828612
0.23206342
0.25377753000000003
0.26037913
0.25265132
0.27452652
0.26004417
0.27931003
0.27723108
0.28402853
0.29845994
0.31136909
0.28062209000000005
0.25471618
0.26445328
0.24986218
0.27543148
0.24489527
0.23365907
0.24698998000000005
0.26048813
0.25223018
0.29328284
0.28122694000000004
0.27335959
0.26897424000000003
0.27689754
0.27060308
0.31096494
0.31952988000000004
0.31981233
0.18614749
0.20748919
0.26400004
0.32285854
0.34860904000000004
0.32673915000000003
0.29887181
0.34324671
0.35119495
0.25185183
0.29016044
0.29514978
0.29452913000000003
0.31346293000000003
0.31010268
0.30822263999999994
0.30965463
0.31962754
0.30806268000000003
0.29142768
0.33070994
0.33437664
0.25802638
0.25782743
0.25367233
0.25200578
0.24286608
0.25091103000000003
0.24001918
0.30271884
0.31627909
0.29492344000000004
0.31220950000000003
0.28308361000000004
0.30182901
0.2924508000000001
0.28217344
0.26950963999999994
0.25677849
0.25826624
0.28130243
0.25644102
0.25768338
0.27335292999999994
0.30190998
0.27239528
0.24768018
0.24940493
0.18688669
0.26169458
0.24345037
0.24105902
0.24420618
0.24553148
0.26644973000000005
0.2295796800000001
0.23558613
0.22406678
0.22752818
0.25264233
0.24683062
0.21568442
0.23217582
0.22321107
0.22249002
0.22573278
0.27882283
0.22450852
0.23731582
0.23910433
0.23703738
0.0
0.14908
0.03937
0.04955
0.055514999999999995
0.07184433
0.09973432999999997
0.09677338
0.10288433
0.10782719000000003
0.06021529
0.26685529
0.26256433
0.25008433
0.25984338
0.27019338000000004
0.27162433
0.27111433
0.25443529
0.25101433
0.24591433
0.24963433
0.40383338
0.40196338
0.40403338
0.40350338
0.41020242
0.40389338
0.40735433
0.40657338
0.40373338
0.41445242
0.40115338
0.40353338
0.4064133800000001
0.40830433
0.40635338
0.40511338
0.40531338
0.40610338
0.41067338
0.40332529
0.40716433
0.40629529
0.40113529
0.39782529
0.40750529
0.22125338
0.21374147
0.21373052
0.11386529
0.20155338
0.21155242
0.21344338
0.21447147
0.22108042000000008
0.22266362
0.22059633
0.2298162900000001
0.21692271
0.03375
0.035339999999999996
0.05304
0.035769999999999996
0.03705
0.038131
0.037856
0.040106
0.03607
0.0341419
0.03575299999999998
0.2174844
0.1769511
0.27590349999999997
0.32338779999999995
0.3219441
0.2887232
0.0021281
0.297011
0.29512
0.3229901
0.2938409
0.29714050000000003
0.3009704
0.2981284
0.3010352000000001
0.299203
0.302561
0.348722
0.349511
0.34892100000000004
0.34632300000000005
0.34750400000000004
0.34170700000000004
0.305549
0.286177
0.360585
0.294048
0.428782
0.29712900000000003
0.36070599999999997
0.3581054
0.3708665
0.353611
0.35527787
0.35817915
0.30327525
0.29731029
0.31213230000000003
0.3094453
0.30948625
0.31963529
0.32230734
0.31863334
0.31574109999999994
0.29565725
0.3217142
0.32288920000000004
0.32362909999999995
0.33336806
0.37920992
0.38036001
0.37449397
0.33235806
0.32982215000000004
0.33132725
0.3202682000000001
0.2934812
0.42819325
0.36132106
0.46442029
0.42143134
0.42273249
0.41793364
0.46078079
0.4437103399999999
0.46213784
0.45794824
0.45743889
0.46568234
0.4599778900000001
0.42147249
0.4671695400000001
0.42151919
0.44221869
0.47084333
0.44191149
0.42669629
0.40399244
0.39432875
0.40398185
0.40462585
0.43698705
0.43447299
0.3853708499999999
0.4107826
0.46022809
0.45880714
0.43872795
0.4480780899999999
0.44085309
0.37517675
0.46045839
0.44083849
0.4448142
0.4471853
0.424105
0.457092
0.46368009999999993
0.4105852999999999
0.394702
0.329357
0.325498
0.3225613
0.3211976
0.3192203
0.3108816
0.4120175999999999
0.4139004
0.4615865000000001
0.4596410000000001
0.4636407
0.429353
0.36484
0.390526
0.417104
0.451006
0.4398008000000001
0.4165244000000001
0.4658904
0.453001
0.424746
0.441154
0.4581779999999999
0.46941700000000003
0.445197
0.3859637
0.3962373200000001
0.45120027
0.467683
0.4611992999999999
0.313395
0.317469
0.330342
0.31075640000000004
0.31669509999999995
0.3834581
0.3786850000000001
0.381126
0.374741
0.364297
0.329262
0.322506
0.31807620000000003
0.3247658
0.3649421
0.380423
0.3704879
0.3741309
0.3729889
0.3736109
0.3754749
0.367946
0.3650771
0.318904
0.3225418
0.32270770000000004
0.3255387
0.32111300000000004
0.323395
0.326775
0.342326
0.3342179
0.32605529999999994
0.3190691
0.326445
0.3138712
0.3913178
0.1540133
0.17608729999999995
0.25820740000000003
0.20983160000000006
0.18572880000000005
0.19236879999999995
0.1859834
0.12621978
0.15555628
0.2662797
0.2690239
0.3159236
0.2771856
0.22147670000000003
0.3026149
0.26335590000000003
0.2405289
0.27703190000000005
0.2735997000000001
0.26698350000000004
0.34994459999999994
0.2346716
0.2323139
0.24000149999999998
0.2528923
0.29833350000000003
0.3009896
0.31041409999999997
0.294315
0.2511161
0.23914470000000002
0.27796659999999995
0.33684060000000005
0.23339169999999998
0.2535234
0.24783760000000002
0.2766072
0.2863725
0.2918967
0.2951319000000001
0.2891837
0.29684770000000005
0.2721217
0.3193835
0.3115507
0.3100215
0.2555886
0.2828684
0.2574073
0.2055554
0.33742690000000003
0.3474088
0.35050790000000004
0.3452298
0.34611390000000003
0.31218070000000003
0.3455748
0.3534939
0.1944688
0.21439770000000002
0.34990540000000003
0.3088555
0.3098989
0.3659398
0.4046269
0.2965771
0.1890603
0.2131368
0.21976690000000004
0.2593227
0.2295631
0.2350198
0.2490908
0.2456717
0.4058589
0.4642516999999999
0.4220931
0.253275
0.2638224
0.2617948
0.3188265
0.3370565
0.3413493
0.36121790000000004
0.3626917
0.27717790000000003
0.27632929999999994
0.3633451
0.3618913
0.3557203
0.3646184
0.31980359999999997
0.30192848
0.30871652
0.30371752
0.28725752
0.28025662
0.29612422000000005
0.29856657000000003
0.25123942
0.23050982
0.23428596
0.24422401
0.23854676
0.24517686
0.22372446
0.23768631
0.24121871
0.23697116
0.22166921
0.23994411
0.267805
0.258952
0.26704779999999995
0.2550993
0.2833246
0.2712849
0.26963370000000003
0.2695367
0.28278259999999994
0.2656314
0.2717914
0.2634239
0.2689548
0.2672378
0.2745428
0.2782519
0.16966359999999994
0.2359609
0.21060879999999998
0.254046
0.2854107
0.29209250000000003
0.2909737
0.3197087
0.3167157
0.3174313
0.2827627
0.2850659
0.33353679999999997
0.2940708
0.28705400000000003
0.2458459
0.28219440000000007
0.3436132
0.3394343
0.3083907
0.2812992
0.27780131
0.30935824999999995
0.2747954
0.27408854
0.25742164
0.26754492
0.28344673
0.27079468
0.14086278
0.11431179999999999
0.21035519000000005
0.22002764
0.05447629
0.08445878
0.14944578
0.10814559
0.06844063
0.14376344
0.08856923
0.02616447
0.13522614
0.18484664
0.11308744
0.09331648
0.10583262699999996
0.14406668
0.16495313
0.10889337999999996
0.08562554
0.09099789999999999
0.12916534
0.06199942000000001
0.09741998
0.11221979
0.12898808
0.10585733
0.11377804
0.07790087
0.06644698
0.09288948
0.10127711
0.10681917
0.08212264
0.07776848
0.10411744
0.12530912
0.12036566999999998
0.12786532
0.05458462
0.07198182
0.06784802000000001
0.07809982
0.06091487
0.05749541
0.05858412
0.06331777
0.08203036999999999
0.08168576
0.07084512999999999
0.07183797
0.11104378
0.02543136
0.02816651
0.02531371
0.02993442
0.05974730000000001
0.06232980000000001
0.060003700000000014
0.0638605
0.0650975
0.0678238
0.06434490000000001
0.07095069999999999
0.1377025
0.14807539999999994
0.15375239999999998
0.1557363
0.1102895
0.08446769999999999
0.0862575
0.0858033
0.0824145
0.0909407
0.08651879999999999
0.0914929
0.08911169999999999
0.0934237
0.0928777
0.1198918
0.0988027
0.10817060000000002
0.14747030000000005
0.11312539999999999
0.16037810000000002
0.1483326
0.1530706
0.1687366
0.1495455
0.22134920000000002
0.16432850000000002
0.16935260000000002
0.1687016
0.16369760000000005
0.1699783
0.176318
0.17447089999999998
0.1678365
0.1672495
0.12866750000000002
0.1659894
0.1726966
0.16862470000000002
0.17879259999999994
0.1375634
0.13432539999999998
0.1229072
0.14562209999999998
0.1241071
0.12319760000000002
0.1196025
0.1269444
0.18410620000000005
0.1892241
0.1927031
0.1915011
0.1920531
0.19145220000000002
0.1943509
0.1956677
0.1985237
0.19906400000000002
0.19140410000000002
0.1932222
0.18948930000000005
0.2221722
0.23697600000000002
0.2554741
0.13336520000000002
0.1278455
0.1255303
0.1314513
0.1282684
0.12454359999999998
0.12643359999999998
0.1265617
0.1293027
0.1257027
0.12179549999999995
0.12826359999999998
0.1278446
0.12582269999999998
0.1276022
0.1293041
0.1244332
0.16754039999999998
0.1241746
0.1243008
0.12710649999999998
0.1259427
0.18747170000000002
0.2021808
0.1973051
0.2948489
0.3067032
0.23976039999999998
0.2658875
0.26964560000000004
0.2494946
0.1382879
0.1207565
0.12575150000000002
0.1232565
0.1242864
0.27314360000000004
0.27461840000000004
0.2848041000000001
0.2760251
0.2637522
0.2769955
0.28193840000000003
0.2954855
0.11371
0.11779
0.11621
0.162727
0.1626296
0.18412000000000006
0.17887999999999998
0.16238380000000002
0.17968
0.14279000000000006
0.15245999999999998
0.16616199999999998
0.21476
0.20094
0.190503
0.19639
0.19787
0.19292
0.20276
0.20529000000000008
0.17261
0.19097999999999998
0.212497
0.210685
0.17718
0.19423
0.21996
0.20721
0.230879
0.393691
0.347798
0.33862000000000003
0.19088700000000008
0.20863
0.29954400000000003
0.18316
0.18655
0.137923
0.13278399999999999
0.161593
0.153835
0.148714
0.15298299999999998
0.191738
0.17980799999999994
0.186645
0.19934000000000002
0.18036
0.15546100000000002
0.17503800000000005
0.136683
0.127274
0.200915
0.20215200000000005
0.2203650000000001
0.173649
0.24314
0.207733
0.215862
0.217874
0.16136199999999998
0.112132
0.171077
0.15627
0.156949
0.109667
0.13258399999999998
0.18821
0.169051
0.14815899999999999
0.145256
0.17332
0.17305099999999998
0.188404
0.16428320000000002
0.1260747
0.14021599999999998
0.11833200000000002
0.13859400000000002
0.113826
0.08342500000000001
0.08540299999999999
0.093106
0.091624
0.106398
0.07183400000000001
0.096824
0.14425600000000002
0.139843
0.14393
0.150843
0.12776500000000002
0.143552
0.18978
0.21349
0.13916199999999998
0.14248
0.13601
0.18440499999999999
0.155145
0.071467
0.11897
0.040310000000000006
0.03818
0.046157
0.07609400000000001
0.17878
0.201156
0.099439
0.07707699999999999
0.079949
0.05764
0.05799454
0.11729445
0.07285759
0.07316972999999999
0.07189078
0.07010886999999999
0.07031704999999999
0.06960105
0.00741005
0.00708815
0.0077141000000000015
0.006578049999999999
0.0068901000000000006
0.006592150000000001
0.006851149999999999
0.00624401
0.006448100000000001
0.005829149999999999
0.00586105
0.005402100000000001
0.00568415
0.006689499999999999
0.13637264
0.02733182
0.03222292
0.005725010000000001
0.008832099999999999
0.00642505
0.0076191
0.01429205
0.00589845
0.01553701
0.046920960000000005
0.03282278
0.13586836
0.07306673
0.0098555
0.00642901
0.05094378
0.00549601
0.00548419
0.00631715
0.058856009999999986
0.01423901
0.013734049999999998
0.006804190000000001
0.0422631
0.01868605
0.007242049999999998
0.00828101
0.01221701
0.01451135
0.06663147999999999
0.07229247999999999
0.00988444
0.07262961999999999
0.07275866
0.07391058
0.07329866
0.01297295
0.0426348
0.03874575
0.03947575
0.040736699999999994
0.04325
0.06717000000000001
0.16944959999999998
0.1443044
0.108051
0.1160496
0.10552819999999999
0.0816132
0.06741029999999999
0.10224080000000002
0.15033110000000002
0.1036391
0.153202
0.15925599999999998
0.2055048
0.160226
0.2116881
0.21426820000000002
0.13723419999999995
0.1374182
0.14196430000000002
0.14124209999999998
0.14434229999999998
0.15774000000000002
0.15104779999999998
0.2374969
0.1877394
0.13793699999999998
0.1219537
0.1430279
0.13543699999999995
0.13599460000000002
0.1893251
0.191648
0.1907499
0.1457008
0.183218
0.12567509999999998
0.17095090000000002
0.21247270000000004
0.2363315
0.2295989
0.2341156000000001
0.2233644
0.22229859999999999
0.2417601000000001
0.2098607
0.217344
0.25479120000000005
0.2524694
0.2561875
0.2596575
0.2608737
0.27053130000000003
0.2663399
0.2415275
0.24655990000000005
0.201875
0.1813477
0.2149875
0.2145578
0.2076448
0.1908223
0.1916062
0.17092269999999998
0.1717869
0.17451079999999994
0.24762409999999999
0.2541599
0.2256351
0.242167
0.233916
0.2126422
0.261116
0.3164022
0.3021241
0.29358320000000004
0.2672722
0.2007513
0.20868029999999999
0.2124122
0.2077013
0.2722684
0.2538422
0.25347030000000004
0.2036713
0.20464129999999997
0.2090403
0.2041032
0.2038632
0.25565940000000004
0.3358722
0.336297
0.20585940000000005
0.2011622
0.2067682
0.2037303
0.1993413
0.2537194
0.2506022
0.2550713
0.1997713
0.2034822
0.2058513
0.2073922
0.203188
0.2601175
0.2498694
0.2509084
0.2023794
0.2009832
0.2501694
0.2518903
0.2507894
0.2542694
0.1965884
0.2015432
0.25218939999999995
0.25452129999999995
0.25303939999999997
0.1997103
0.2082503
0.2041022
0.240476
0.2657099
0.2651708
0.26950890000000005
0.26965890000000003
0.2661799
0.22014989999999998
0.2810708
0.2640289
0.17590699999999998
0.1989789
0.1999927
0.1968432
0.19890510000000006
0.13977509999999999
0.1365932
0.13760409999999998
0.2987213
0.3106894
0.2028208
0.1882268
0.11151129999999998
0.1156589
0.15869319999999998
0.15991129999999998
0.17068129999999998
0.15350029999999998
0.1547103
0.3489199
0.2877108
0.279007
0.2755994
0.2959365
0.2861027
0.2839449
0.28409490000000004
0.28453340000000005
0.2838105
0.33019940000000003
0.3353322
0.2850284
0.2891203
0.2865013
0.2138584
0.21501840000000005
0.1555675
0.1531975
0.2148356
0.2130075
0.21234029999999998
0.2179724
0.2103756
0.21013560000000006
0.2098384
0.1485575
0.1635656
0.1451365
0.14323560000000002
0.1401946
0.1420165
0.0761027
0.07676369999999999
0.0751227
0.0808056
0.07604119999999999
0.0759086
0.1127869
0.0711298
0.0689674
0.0713088
0.06893129999999999
0.0923427
0.0635198
0.061570800000000016
0.0632659
0.0614798
0.057777900000000014
0.054946
0.052597000000000005
0.05323699999999999
0.0697779
0.05408790000000002
0.0498151
0.048417
0.0465241
0.045967900000000006
0.0459741
0.04380699999999999
0.19465220000000005
0.1902813
0.041917
0.039101300000000005
0.0392532
0.0379151
0.0369213
0.035409300000000005
0.034288400000000004
0.033490299999999994
0.033349299999999985
0.0360708
0.07577510000000001
0.07311753
0.07352178000000001
0.07214978
0.07243677999999999
0.07184692000000001
0.07154897
0.07080005
0.00935311
0.00852894
0.008213600000000001
0.00784004
0.00757265
0.007938299999999999
0.00785652
0.10942888
0.11317864
0.10896058
0.10743778
0.11734762
0.11270178
0.11349068
0.00779615
0.008826589999999999
0.00759205
0.05104692
0.00600186
0.006622079999999999
0.23450656
0.16316759
0.14314038999999998
0.12550958
0.10724684
0.09204602
0.08495127
0.14369801
0.006106349999999999
0.00617837
0.00595456
0.006575000000000001
0.006004810000000001
0.006318690000000001
0.005664790000000001
0.006059190000000001
0.006263200000000001
0.00648795
0.13117452000000002
0.13121355
0.13196331
0.13090451
0.13239931
0.13104751
0.13232317000000002
0.13196882
0.13291640999999998
0.00836101
0.0087363
0.008941850000000001
0.00988349
0.00978445
0.0101764
0.01024845
0.01405532
0.11922468
0.12140273
0.11496658
0.01443944
0.01395081
0.11461892
0.120126
0.14100649999999998
0.1348775
0.1356994
0.13790219999999995
0.1019737
0.06260790000000001
0.04695080000000002
0.0472851
0.0482241
0.2861599
0.261238
0.2224221
0.1864161
0.173576
0.16577509999999998
0.187398
0.1660713
0.06670900000000002
0.12752059999999998
0.13307449999999998
0.13434649999999998
0.1342007
0.1353763
0.15448710000000002
0.14028800000000002
0.1431718
0.1409184
0.14501229999999998
0.14449379999999998
0.08626660000000001
0.08872469999999999
0.09006040000000001
0.0960227
0.1000993
0.1009913
0.1013939
0.1028131
0.10642850000000001
0.1066298
0.11068399999999999
0.1102665
0.13979049999999998
0.15565589999999999
0.1109442
0.1449561
0.15914330000000002
0.1106323
0.12928530000000002
0.1932741
0.1913431
0.14528200000000002
0.193627
0.196366
0.19529
0.146106
0.18750799999999998
0.195764
0.146308
0.1981101
0.1468151
0.1456639
0.193262
0.147541
0.1955859
0.1460151
0.144519
0.1822994
0.1510729
0.14826799999999998
0.194493
0.1612412
0.1743273
0.16419029999999998
0.11876019999999998
0.1207482
0.16694299999999998
0.1633522
0.1145001
0.1149113
0.1121603
0.16525
0.16250499999999998
0.17176
0.1116502
0.14745109999999995
0.1523243
0.1490203
0.1454033
0.10800719999999998
0.1391802
0.1108192
0.1464505
0.16207020000000005
0.1463374
0.1077882
0.11517620000000002
0.1648991
0.1936899
0.156866
0.211479
0.148669
0.1913008
0.14906719999999998
0.150289
0.19181800000000002
0.198729
0.196537
0.15018320000000002
0.1091202
0.119275
0.14886300000000002
0.14207799999999998
0.1637411
0.1158642
0.16343899999999995
0.16670120000000002
0.1504883
0.1633672
0.16495210000000002
0.195168
0.147789
0.14819709999999994
0.1914469
0.2144739
0.1825947
0.1849598
0.1833998
0.1826249
0.22949179999999997
0.2980334
0.2628974
0.27340059999999994
0.2313893
0.17718669999999995
0.150116
0.14822219999999994
0.369851
0.3383761
0.32271930000000004
0.1608692
0.1120444
0.11171630000000002
0.1855406
0.1833216
0.2141977
0.2155606
0.21926440000000005
0.2984615
0.2199346
0.2184655
0.21900860000000005
0.2217474
0.3153555
0.2068045
0.19237250000000009
0.18643370000000006
0.2012827
0.1229371
0.1029283
0.13522810000000002
0.1396851
0.1341231
0.13457320000000006
0.13649100000000006
0.1847551
0.19134110000000001
0.1853512
0.1837751
0.18167809999999998
0.2387403
0.2369063
0.2352743
0.2501314
0.23319020000000001
0.20952340000000005
0.2122995
0.2059144
0.2041291
0.2042723
0.2007287
0.1989924
0.13465860000000002
0.13110670000000002
0.1308405
0.1326497
0.0668757
0.06470880000000001
0.0631608
0.0607029
0.06227760000000001
0.0578189
0.057402900000000014
0.05512799999999999
0.05432299999999999
0.053279900000000005
0.0547909
0.0704209
0.0507409
0.0496469
0.048327100000000005
0.0464371
0.047152
0.0471507
0.1717828
0.16934770000000002
0.2242567000000001
0.2298907
0.2293058000000001
0.2282088
0.2279688
0.2256737000000001
0.2270868
0.22478070000000006
0.099145
0.09779199999999999
0.078074
0.014275329999999998
0.14187404
0.13090179999999998
0.09909518
0.1392085
0.15497929
0.13855429000000002
0.17582723
0.12347569
0.14349054
0.10140464
0.08807008
0.10103689
0.08615034
0.07864571000000001
0.07702848
0.23708889
0.15030624
0.04011829
0.03927519
0.11646228
0.13636118
0.10754734
0.12228624
0.11523843
0.11694228
0.06591382999999999
0.03366812
0.03607883
0.04210812
0.04580418
0.04325517
0.08730263
0.08465667999999997
0.04725103
0.04644088
0.07765189
0.14405594000000002
0.16924373
0.16007023
0.12654342000000002
0.23399481000000005
0.12138971
0.13565759
0.13261488
0.16074283
0.00861264
0.20471645
0.11487568
0.08947303000000001
0.12389972
0.12717442
0.12585072000000005
0.08397526
0.10921563
0.13123493
0.12481587
0.07250641999999999
0.09453387
0.13568982000000002
0.11720768
0.07411101
0.07295387
0.07177101
0.07627387
0.07635196
0.07743196000000001
0.13731292
0.14063578
0.16848999999999995
0.16132
0.2766
0.26685000000000003
0.213636
0.15435100000000002
0.15213
0.15319000000000002
0.1871
0.16720400000000002
0.164128
0.17988300000000002
0.166445
0.124205
0.122477
0.125021
0.125647
0.192979
0.1292354
0.130857
0.13144699999999998
0.13219199999999998
0.13389299999999998
0.138691
0.135283
0.13998
0.138632
0.14071
0.145507
0.14271
0.147983
0.170152
0.16173800000000002
0.179043
0.178847
0.183732
0.188918
0.189251
0.19278
0.17807699999999999
0.184455
0.153416
0.157317
0.155237
0.153149
0.15512199999999998
0.15833699999999998
0.156111
0.15653399999999998
0.18709800000000004
0.197687
0.197451
0.201673
0.169735
0.251819
0.256958
0.207027
0.232395
0.26007399999999997
0.16530599999999998
0.165117
0.172282
0.18586
0.172524
0.171037
0.173095
0.235909
0.244215
0.190538
0.176029
0.21288
0.192933
0.21288200000000002
0.207173
0.171734
0.169441
0.171961
0.180384
0.173216
0.169656
0.177514
0.170195
0.174331
0.179573
0.17399599999999998
0.16808099999999998
0.168032
0.18777500000000005
0.171173
0.17133900000000002
0.167568
0.179276
0.17907800000000004
0.174644
0.17598400000000006
0.180808
0.176676
0.168929
0.172741
0.16895100000000002
0.17003900000000002
0.17293
0.16985
0.17163699999999998
0.171124
0.17112
0.169821
0.167553
0.16751300000000002
0.169716
0.164624
0.16457
0.167364
0.177264
0.170465
0.16284400000000002
0.164739
0.16549299999999995
0.16508399999999998
0.16355899999999998
0.169265
0.171423
0.169549
0.168191
0.16903800000000002
0.172833
0.174491
0.17033700000000002
0.17691600000000002
0.1734588
0.172278
0.17069800000000002
0.173182
0.174269
0.16880699999999998
0.22031900000000001
