0.1882696
0.07670199999999999
0.07980559999999999
0.0770233
0.08116360000000003
0.08771070000000003
0.0933744
0.0207032
0.0369158
0.0361767
0.0400703
0.0299163
0.0239122
0.028100500000000004
0.0483813
0.0589024
0.036399699999999986
0.0571977
0.0296527
0.2194233
0.3463355
0.3219717
0.3101624
0.2866052
0.3280075
0.28990140000000003
0.260094
0.238909
0.393875
0.385958
0.225769
0.279949
0.28133800000000003
0.301281
0.29099400000000003
0.284198
0.29727
0.02784
0.15461000000000005
0.14596499999999998
0.141399
0.147398
0.1974755
0.17782370000000006
0.023995
0.0556976
0.028529900000000007
0.2333601
0.2807673
0.28192510000000004
0.2775678
0.2840694
0.2702105
0.2771075
0.2918155
0.28854070000000004
0.2920665
0.2872758
0.2896106
0.29177759999999997
0.29840059999999996
0.31039179999999994
0.3880915
0.3227122
0.3037491
0.3025008
0.35987220000000003
0.29578039999999994
0.2956453
0.3056934
0.3075994
0.30061049999999995
0.2995333
0.07048270000000001
0.07169169999999997
0.05632610000000001
0.15450650000000005
0.1247846
0.09944739999999999
0.1341717
0.08365149999999999
0.09651130000000001
0.0982584
0.0929895
0.0958271
0.1748105
0.10650899999999999
0.20943460000000005
0.2021761
0.1004632
0.2627335000000001
0.1857932
0.22640700000000002
0.1859253
0.2719094000000001
0.26043910000000003
0.2663456000000001
0.2436293
0.26183720000000005
0.27368430000000005
0.2447491
0.2090673
0.1969912
0.23465229999999998
0.2653994
0.29306940000000004
0.16220430000000002
0.2064712
0.32753790000000005
0.3161332000000001
0.2583441
0.25203410000000004
0.1962914000000001
0.15008879999999994
0.2059079
0.2161322
0.2069583
0.0910653
0.0757929
0.008108830000000001
0.024521050000000003
0.00935066
0.051391999999999986
0.05316398
0.031834419999999995
0.02367631
0.04973867
0.04260557
0.291394
0.2977768
0.33330809999999994
0.1827645
0.072781
0.11450920000000002
0.02561573
0.15945202
0.09022721
0.08468761
0.08523147
0.08532163000000001
0.0831415
0.12488423
0.12631928
0.1260718
0.11956143
0.11956557
0.0517309
0.05292051
0.0393084
0.04242664
0.13981763
0.16440480999999998
0.12728281000000002
0.12575296
0.15564136
0.15227747
0.14096192000000002
0.06774619999999999
0.15043615
0.16637128
0.23226919
0.21978958
0.18555273
0.15938072000000006
0.16472398000000002
0.15990018
0.08094388
0.062429999999999986
0.031637000000000005
0.0168233
0.05974640000000001
0.050661199999999997
0.051437299999999984
0.06250599999999999
0.05803820000000001
0.0442101
0.0649767
0.06987489999999999
0.06699039999999999
0.0728369
0.0765268
0.07926449999999999
0.047561400000000004
0.036252
0.0419406
0.0321688
0.06488390000000001
0.035006199999999994
0.0347019
0.0507385
0.0614337
0.0689745
0.22382330000000009
0.3075382
0.2880108
0.11731040000000001
0.1292422
0.1169112
0.1275373
0.1270894
0.1209917
0.1006415
0.1260734
0.0971987
0.08722360000000001
0.0719995
0.0833363
0.1073477
0.015101000000000003
0.0137099
0.1591071
0.1218634
0.0338894
0.027279900000000003
0.0600108
0.33514640000000007
0.4300463
0.4466139
0.4211594
0.4531736
0.44468739999999995
0.4622547000000001
0.46594940000000007
0.4613685
0.4776461000000001
0.4771951
0.4539728
0.4777223
0.4575227
0.41727709999999996
0.47334390000000004
0.4756161
0.4766631
0.4768361
0.4766886
0.4770249
0.4701772
0.4747754
0.476653
0.4775873
0.0751515
0.020252400000000004
0.0687622
0.08442160000000001
0.06175929999999999
0.0414161
0.067349
0.0412406
0.0438765
0.042062999999999996
0.0527535
0.08305570000000001
0.0254006
0.0281593
0.07206810000000001
0.038944900000000005
0.14741139999999994
0.3010085999999999
0.36612750000000016
0.2625210000000001
0.0736915
0.06698549999999999
0.0330201
0.0142622
0.056306899999999986
0.0123746
0.059970399999999986
0.061515
0.06469409999999999
0.061948500000000004
0.059712
0.0125631
0.035179800000000004
0.0364455
0.0355518
0.034498400000000005
0.0360922
0.0378391
0.0462125
0.034788199999999984
0.034155200000000004
0.0495547
0.0716971
0.0504155
0.0656783
0.035493899999999995
0.0347593
0.0381565
0.157068
0.04274429999999999
0.0509814
0.0679831
0.0792117
0.0546146
0.0769594
0.0714552
0.06848710000000001
0.07426310000000001
0.1140904
0.08274050000000002
0.036702700000000005
0.0359019
0.12733599999999998
0.0577585
0.0463812
0.0362048
0.0628749
0.048572500000000005
0.045101100000000005
0.0482624
0.0430946
0.038438
0.041011900000000004
0.039854099999999996
0.0403686
0.042348000000000004
0.054604199999999985
0.07124680000000001
0.0737346
0.06324049999999999
0.1063685
0.12015129999999999
0.0997825
0.10874260000000002
0.1437384
0.1538753
0.1027136
0.1047808
0.0881419
0.1081315
0.1361903
0.0963298
0.0899609
0.0941948
0.10231289999999997
0.05873270000000001
0.0567317
0.097436
0.1000731
0.0330141
0.0833812
0.08224830000000001
0.08166939999999999
0.0916869
0.09389600000000001
0.08782309999999999
0.095355
0.032442200000000004
0.0382779
0.0980041
0.07495929999999999
0.035316900000000005
0.07992410000000001
0.08524019999999999
0.07863350000000001
0.0789794
0.0932733
0.031755200000000004
0.0902692
0.0382979
0.035376
0.0919998
0.089045
0.034064099999999986
0.030583099999999995
0.0803643
0.0784425
0.0959895
0.0345142
0.03645269999999999
0.0844638
0.082335
0.16792420000000002
0.12038079999999995
0.0662039
0.0372771
0.0802972
0.09602009999999997
0.08478769999999998
0.0870458
0.0983051
0.0843193
0.049902999999999996
0.0817
0.034463
0.08723819999999999
0.0888582
0.092987
0.08485530000000001
0.0808143
0.0366013
0.08807609999999999
0.07989139999999999
0.040620800000000006
0.09892689999999996
0.0621549
0.0349622
0.07822310000000003
0.08426030000000001
0.096686
0.034131199999999993
0.08736219999999999
0.0870484
0.0329303
0.110875
0.032582299999999995
0.0806385
0.08230839999999999
0.0343384
0.0341784
0.0804275
0.031632299999999995
0.030503100000000002
0.0650884
0.030378500000000006
0.0665895
0.07329839999999999
0.0918841
0.08709309999999999
0.08106219999999999
0.0721924
0.0338093
0.07900839999999999
0.0747017
0.0481789
0.045713
0.11115599999999999
0.09247579999999997
0.049591500000000004
0.0544979
0.1195117
0.10913979999999998
0.10630389999999999
0.1070069
0.110552
0.0753483
0.07993360000000001
0.18605410000000006
0.19421320000000009
0.1668532
0.12166580000000002
0.07856089999999999
0.039406
0.034600300000000014
0.034439399999999995
0.0315802
0.0360976
0.0396854
0.033342299999999984
0.1088852
0.06675189999999999
0.0369721
0.0396921
0.038572
0.0418392
0.07362339999999998
0.03831949999999999
0.042082400000000006
0.0695435
0.0672345
0.06815510000000001
0.036863599999999996
0.034229100000000005
0.1019353
0.1693088
0.0932326
0.07979309999999999
0.0462048
0.07204450000000001
0.10574769999999999
0.10896759999999996
0.11234939999999999
0.0573698
0.06686840000000001
0.1154337
0.07611029999999999
0.0837704
0.0761975
0.07763660000000001
0.07868759999999997
0.0677773
0.0653953
0.060303399999999986
0.1247252
0.0894461
0.0363846
0.06630879999999999
0.08086139999999999
0.0652658
0.0425961
0.046442000000000004
0.08239350000000001
0.0697706
0.1153912
0.0555529
0.1010664
0.08623760000000001
0.0700366
0.0633642
0.0641081
0.0589461
0.0838188
0.0340661
0.0436785
0.2239029
0.1997677
0.06170450000000001
0.0456838
0.054444900000000004
0.06756859999999999
0.0385542
0.0368785
0.0342263
0.03899300000000002
0.1323226
0.10819829999999996
0.123082
0.1372461
0.1561161
0.11320450000000001
0.10621589999999999
0.101283
0.07952749999999999
0.0936585
0.07908760000000001
0.07489730000000001
0.0965509
0.0698164
0.06018320000000001
0.0590674
0.0624487
0.0580106
0.04395210000000002
0.05252899999999999
0.0442542
0.0744988
0.04909882
0.082582
0.06329139999999997
0.0543194
0.050828899999999996
0.074269
0.045649
0.08360060000000001
0.0594312
0.0685698
0.07596969999999999
0.0876273
0.0907016
0.0956953
0.05989820000000001
0.0988278
0.08629300000000001
0.0862062
0.0458625
0.0639067
0.035494000000000005
0.03234239999999998
0.0450026
0.04868929999999999
0.0580587
0.0890558
0.0917204
0.1858225
0.0900168
0.07017920999999999
0.0330228
0.031527099999999995
0.056882400000000014
0.0428466
0.03784850000000002
0.055054700000000005
0.0342658
0.0339958
0.1144148
0.06073190000000001
0.04555307
0.03808159999999999
0.03211919
0.17184170999999998
0.2550965
0.3047708
0.20965022
0.4337008100000001
0.3414682
0.28966907
0.14786960000000002
0.045842400000000005
0.0773813
0.1947365
0.1493642
0.052550699999999985
0.0534297
0.046517100000000006
0.06653818000000003
0.06506082
0.05035226000000001
0.06133477
0.04370222000000002
0.06165682
0.06556212
0.07446477
0.10295777
0.032577770000000006
0.036132260000000006
0.05402316
0.02891822
0.12302657
0.12999237
0.2916539
0.32642590000000005
0.32031409999999993
0.30196100000000003
0.33405080000000004
0.34636890000000004
0.4162594
0.3634828
0.19632
0.1952766
0.2792852
0.3106458
0.3064620000000001
0.3058303
0.2253222000000001
0.14911679999999994
0.1504536
0.1413671
0.1557141
0.1683453
0.12584779999999998
0.1320194
0.128667
0.11748169999999998
0.1235305
0.1653114
0.168715
0.12821970000000002
0.12527180000000002
0.12759510000000002
0.1154002
0.1073829
0.0458729
0.17523940000000002
0.1316079
0.1360479
0.14824849999999998
0.2256648
0.2495417
0.2280007
0.2739453
0.2440519
0.19839820000000002
0.1602675
0.2329504
0.29827560000000003
0.2225448
0.228306
0.1005895
0.0571259
0.0531681
0.06805119999999999
0.0486811
0.0479791
0.0632138
0.0479562
0.0518532
0.03716119999999999
0.0691211
0.11605739999999998
0.178753
0.07043390000000001
0.0458457
0.2553632
0.25783569999999995
0.28882859999999994
0.281441
0.2972023
0.3829013
0.39931700000000003
0.2494748
0.15238990000000002
0.12265710000000002
0.1137911
0.1246565
0.12378070000000001
0.1088769
0.12894499999999998
0.12757190000000002
0.1336767
0.17515850000000002
0.1752305
0.2142064
0.11880949999999996
0.1287679
0.1244808
0.1173609
0.08506670000000001
0.053557900000000006
0.1990882
0.17793820000000002
0.1940901
0.2122517
0.2671449
0.17610869999999998
0.12984790000000002
0.1354298
0.1562627
0.1665636
0.2085277
0.21673760000000006
0.2211848
0.2186227000000001
0.19761679999999998
0.1915987
0.11260510000000001
0.1725139
0.29897070000000003
0.3059985
0.22977350000000002
0.2224476
0.2150627
0.2556202
0.25168640000000003
0.2180763
0.1759396
0.1964642000000001
0.1819361
0.2102176
0.2940081
0.3021127
0.33721840000000003
0.2725263
0.2602123000000001
0.2674722
0.27097129999999997
0.2541932
0.2638374
0.2571753
0.1852506
0.2425643
0.347897
0.3641308
0.3592938
0.27006418
0.25865604000000003
0.25467281
0.26186599
0.25833375
0.25645214
0.25623585
0.25000023000000005
0.19964043
0.21236714
0.21469890000000005
0.336009
0.3257063
0.25326509
0.25543761000000004
0.26592571000000004
0.27134961
0.23990499
0.17676238000000002
0.16877257
0.28190417
0.26636671
0.25362766
0.25672566
0.17728719
0.23878418
0.2704371
0.27880808
0.2828716
0.28917231
0.24990475
0.24940908
0.27054461
0.26483395
0.26532747
0.25832699000000003
0.18511115
0.17517272
0.19159584
0.15415005
0.11719051
0.21430163
0.16170822
0.14929368999999998
0.20189782
0.18005455
0.19938488
0.20418861
0.21149855
0.22553365
0.22275345
0.20335501
0.22383658
0.20951881
0.20451228
0.18387881
0.14404862000000002
0.15416301
0.2054529
0.15731067
0.14319567000000002
0.20934775
0.18217085
0.22998327
0.3013248
0.26696810000000004
0.23137710000000006
0.18680515
0.17029801
0.17846710000000002
0.18909671
0.18000319999999995
0.11545563999999996
0.21484191
0.20773381
0.13462381999999998
0.20793987000000005
0.21282462
0.2556409
0.2761638
0.2344584700000001
0.21321925
0.22230105
0.20692529
0.16390020000000002
0.16541752999999998
0.12900029
0.12640263
0.15698904999999996
0.13821562999999998
0.11750457999999996
0.12726152999999998
0.1922262
0.20532552
0.15683529000000002
0.15556077
0.21563057
0.23004632000000005
0.2308010000000001
0.24367408
0.2718595
0.3048721
0.33138850000000003
0.4091215000000001
0.3463781
0.301302
0.2325369
0.2301744000000001
0.25808400000000004
0.16712297999999998
0.18328262000000006
0.13729229000000004
0.14059105
0.14915558
0.049004450000000005
0.2145679
0.2954993
0.18772093
0.13833528
0.14623301
0.14250353000000002
0.15505270999999998
0.11079948
0.04323164
0.16651621
0.2586518
0.23977649999999998
0.236776
0.2693664
0.27052750000000003
0.27220540000000004
0.18649132
0.2543268
0.19785809
0.32354918
0.3688677
0.3819185
0.4214487
0.2262096
0.2707796
0.28385710000000003
0.15208538000000002
0.25455643
0.29709800000000003
0.25016403
0.24942776
0.25051257000000005
0.15472338
0.21175157
0.3031241
0.2909735
0.30202080000000003
0.3469659
0.3464378
0.3517254
0.33795299999999995
0.3384009
0.34271840000000003
0.35773590000000005
0.3673677999999999
0.3571497000000001
0.2653648
0.23620952
0.3191403
0.23539477
0.24674602
0.2456687
0.23981437
0.2381162000000001
0.1997746
0.2866719
0.30897440000000004
0.29023069999999995
0.23330284
0.27849057
0.27813906
0.23626141
0.21065658
0.15143782999999994
0.15713967
0.06391599
0.08270749999999999
0.05732869999999999
0.0881584
0.059921900000000014
0.08726249999999999
0.209294
0.1930601
0.1648562
0.1726223
0.1898479
0.2174199
0.2457371
0.2499216
0.2494762
0.3138349
0.25935499999999995
0.2718445
0.3492721
0.2350149
0.0743462
0.03724914000000002
0.0451104
0.0386108
0.05213969999999999
0.0941578
0.26344670000000003
0.1955893
0.2504047
0.25390630000000003
0.2711867
0.25724980000000003
0.3200277
0.34701220000000005
0.3305462000000001
0.11683094
0.16206360000000006
0.22339010000000006
0.2619438
0.1924445
0.1841435
0.2176498
0.15797823
0.18105710000000005
0.20718190000000009
0.1080303
0.12305607
0.07471839999999999
0.19850466
0.27305250000000003
0.2880623
0.183076
0.16800240000000002
0.17650590000000002
0.188475
0.1901149
0.17201260000000002
0.1898307
0.1963421
0.17470997
0.1860317
0.1936088
0.2952153
0.2118266000000001
0.2032628
0.1819518
0.17774589999999998
0.13375109999999998
0.122515
0.055298599999999996
0.0853406
0.1325981
0.1336172
0.032768200000000004
0.23793080000000005
0.2238132
0.2548787
0.16693990000000006
0.0743007
0.029008299999999997
0.19318310000000002
0.25736190000000003
0.225653
0.15246629999999994
0.143853
0.14492220000000006
0.1286144
0.1337225
0.1175715
0.1478936
0.16446391
0.1475644
0.039805400000000005
0.07150200000000001
0.08816109999999999
0.16443109000000006
0.2518625
0.2229654
0.32266609999999996
0.27891950000000004
0.28446350000000004
0.2734796
0.31293970000000004
0.3032695
0.2073466
0.2065857
0.29156590000000004
0.2606317
0.31182200000000004
0.3316688
0.32422710000000005
0.04929890000000002
0.0970627
0.0749377
0.0654899
0.102267
0.0448581
0.07865599999999999
0.03984657
0.0890682
0.045171300000000005
0.0967356
0.0565485
0.049500600000000006
0.062335200000000014
0.0555881
0.0862715
0.07057150000000001
0.08769459999999997
0.1085035
0.0633455
0.1354046
0.11704690000000001
0.0739305
0.0607178
0.0680848
0.1161762
0.1229832
0.06381849999999999
0.07523732
0.0761307
0.07232720000000001
0.22116370000000002
0.26648130000000003
0.1570884
0.0684929
0.1194818
0.06559839999999999
0.1082452
0.13774980000000006
0.13513552999999998
0.16284315
0.11127659
0.14312818999999996
0.06963128
0.09981999
0.06106308999999999
0.08406419
0.09318328
0.14598889
0.12259899
0.07188823
0.13416378999999998
0.06696828999999999
0.10299018999999998
0.13112579
0.06024668
0.11804213
0.06960828
0.11557889
0.04790338
0.10362509
0.07909104
0.13394889
0.11419793
0.06526062
0.05046448
0.13773389
0.04138653
0.14386474
0.07469937999999998
0.08939419000000001
0.08392113
0.13258474
0.05841823
0.10446104000000002
0.03121553
0.15161065
0.10982404
0.14141179
0.06539604
0.10006419
0.05194389
0.14870555000000002
0.07615605
0.08266795
0.1684094
0.08728204000000002
0.12140994
0.07514628999999999
0.10302889
0.06893323999999999
0.08516704
0.042799840000000006
0.08320079000000001
0.12867369
0.04972882999999999
0.13631159
0.07929114000000001
0.07013724
0.07080624
0.06844519
0.07511814
0.11450989
0.06803189000000001
0.08650818999999997
0.06331398999999999
0.05781543
0.08141633
0.03329673
0.10857399
0.14210083999999998
0.21786359
0.11296729
0.10258109
0.09502629
0.05598962999999999
0.07261648
0.09991369
0.06651898999999999
0.09231559
0.10183555
0.11225119
0.22179929
0.10341276
0.10532789
0.10016179
0.10382418999999997
0.07133938999999999
0.02445682
0.04000048
0.03541182
0.09132089
0.04827538
0.08485053000000001
0.05094317
0.07702207999999999
0.03647757
0.03995652
0.059331479999999985
0.02905109
0.07005053
0.02959582
0.02897953
0.19392745
0.15898664
0.13762499
0.16846174
0.17551864
0.12945149
0.13601198999999994
0.14898683999999998
0.17429954
0.09467313
0.04324497000000002
0.04018917
0.05688092
0.04553457
0.06495577000000001
0.04553247
0.030683519999999995
0.04715252
0.03191562
0.03173612
0.10565509
0.08144643
0.16086604999999998
0.27197541000000003
0.2535641
0.03068286
0.04200803
0.03572713
0.13988358999999995
0.09169404000000002
0.09253794
0.08219704000000001
0.09377404000000003
0.05884468000000001
0.057578679999999986
0.07016752999999999
0.03682762
0.05416058
0.05011943
0.03817699
0.05511024
0.08935314000000001
0.12964364999999994
0.08309464000000001
0.14747369
0.06872504
0.07403779
0.06401388999999999
0.08195633
0.057008549999999984
0.17915529000000002
0.15618349
0.12627104
0.13818155
0.057304529999999985
0.06136549
0.04270833
0.05337114000000001
0.03591329
0.11655514
0.04214733
0.04818978
0.04248643
0.03243068
0.07044318999999999
0.06532713
0.06105723
0.04065219
0.07912423
0.06255389
0.11092804000000002
0.08143318999999999
0.07434328999999999
0.04823168
0.07609019
0.11358509
0.12209779
0.14474064
0.11172879
0.10591609
0.15530874
0.14518578999999998
0.09630603
0.12829599
0.08860519
0.10607719
0.09459209
0.10999614
0.11633479
0.11814723
0.12580803999999998
0.13377598999999998
0.08677118999999997
0.11460619
0.06603653
0.11076919
0.08793123
0.07034243
0.05116558
0.07582358
0.07563904
0.06073278
0.11442414000000002
0.04845983
0.07909329
0.04096192
0.27487075
0.24268581
0.27368971000000003
0.05402229
0.04217979
0.08839534
0.05885653
0.04679209
0.05762694
0.09028074
0.14643279000000006
0.13494723
0.20507189
0.17892409000000006
0.21787254
0.20852254
0.15308823
0.20279129
0.15854828
0.20600419
0.12018883
0.13668529
0.21639179
0.25024389
0.17506284
0.14545008999999998
0.10683333
0.12004943
0.11661219
0.16326804
0.16009989
0.09708433
0.15170609
0.13879318
0.21950225
0.17477055
0.11741694
0.09899823
0.11660724
0.07104473
0.06930398
0.1037987
0.12413114
0.10169249
0.06307158
0.12562739
0.07917087999999999
0.09813579
0.07023919000000002
0.1581019
0.16127585
0.13014589
0.13307958999999994
0.07716753
0.11022505000000002
0.06818123000000001
0.10911014
0.07585178999999999
0.14269905
0.09262004
0.11622294
0.09667823
0.07359918999999998
0.08389324
0.09214509
0.07981353000000001
0.08975218999999998
0.11919289
0.08953318999999997
0.08954229
0.10762709
0.11603214
0.11752609
0.12050704
0.06495328999999997
0.10267418999999996
0.13093359999999998
0.0998448
0.07933589999999999
0.0869819
0.0982917
0.07624500000000001
0.12705550000000002
0.0879479
0.11057370000000001
0.08540600000000001
0.14699160000000006
0.12703360000000002
0.047895
0.094173
0.06599490000000001
0.0590241
0.0619369
0.085847
0.054826800000000016
0.0911949
0.1103106
0.06438630000000001
0.1047368
0.04391880000000001
0.0639909
0.086857
0.07177410000000001
0.0942868
0.1187451
0.066843
0.1158077
0.0912998
0.0783779
0.1241857
0.09705360000000003
0.06100310000000001
0.1027721
0.1228499
0.0737591
0.07384600000000001
0.1106288
0.17986649999999998
0.055247
0.07488589999999999
0.0971489
0.1348878
0.16349360000000002
0.090544
0.1094698
0.05321819999999999
0.10192360000000003
0.1311157
0.1079105
0.054009
0.0709698
0.0623082
0.09629390000000004
0.0605982
0.0829927
0.1277739
0.073068
0.0428272
0.0523809
0.0369764
0.0762789
0.07772509999999999
0.096955
0.0360216
0.07626419999999999
0.06563039999999999
0.11157939999999998
0.1248306
0.0463401
0.0371684
0.15138819999999995
0.0697943
0.11432830000000001
0.1870489
0.158113
0.08478480000000001
0.0556668
0.24891020000000005
0.27352529999999997
0.1003003
0.19824270000000002
0.0624448
0.0629106
0.17659619999999998
0.1884735
0.2534454
0.1424404
0.16634359999999998
0.1335232
0.20199274
0.2554808
0.18361989999999997
0.1212376
0.2480528
0.2084778
0.19969850000000008
0.1826039
0.2130519
0.17327120000000001
0.1921289
0.2239647
0.1825795
0.2376838
0.2312179
0.2085129
0.18532950000000006
0.2008679
0.20665090000000005
0.1986947
0.2189649
0.2381607
0.2716307
0.0617559
0.20659600000000009
0.18882310000000005
0.22435800000000009
0.2191209
0.0643469
0.0541251
0.054093600000000006
0.0626613
0.1679703
0.14435170000000005
0.20418820000000001
0.22007080000000004
0.08857989999999999
0.0552869
0.1191127
0.2250738
0.2536408
0.20973179999999997
0.24417390000000005
0.2187578
0.2222138
0.0732508
0.11646880000000001
0.19402460000000002
0.21821710000000002
0.1912521
0.19475870000000006
0.2223089000000001
0.20925010000000002
0.177955
0.2299719
0.2548506
0.2554128
0.08014589999999999
0.2307069
0.21905170000000002
0.26207460000000005
0.16457110000000005
0.20243320000000006
0.17973770000000006
0.2008607000000001
0.2060897
0.0285572
0.14250369999999998
0.006047599999999999
0.17713120000000002
0.1950099
0.25602359999999996
0.2592918000000001
0.2534209
0.1522796
0.21085810000000002
0.1894134
0.1603947
0.0231944
0.0555578
0.2065685
0.2268618
0.08297289999999999
0.0710118
0.17201979999999994
0.16981290000000002
0.0586119
0.160855
0.1902288
0.2382084
0.14272089999999998
0.0208179
0.1818612
0.14682939999999994
0.0223284
0.15490969999999998
0.0139303
0.013280000000000002
0.14711929999999995
0.1915289
0.2116167
0.24932140000000005
0.29433752
0.2839343
0.14909570000000005
0.151095
0.1646473
0.16011720000000002
0.16578339999999994
0.059408900000000014
0.15079030000000002
0.015308
0.012683400000000001
0.19459749999999998
0.010540899999999999
0.2245375
0.180946
0.0393337
0.2480049
0.2260568
0.2414527
0.2706708
0.2624669000000001
0.0528169
0.0184276
0.3182979
0.2840238
0.21732140000000005
0.2606681
0.2259636
0.11409189999999997
0.0195353
0.1138199
0.008116199999999999
0.0956339
0.0723733
0.0866653
0.058882500000000004
0.0584295
0.0640884
0.0686973
0.3548737
0.21637929999999997
0.0911174
0.0785882
0.1470092
0.2873529
0.11947529999999999
0.14212049999999998
0.035090699999999996
0.1081709
0.07914589999999999
0.0849561
0.0719173
0.0817431
0.054335400000000006
0.10688110000000002
0.14902549999999998
0.06615739999999999
0.1030259
0.03427859999999998
0.1305588
0.047565300000000005
0.1302007
0.1214079
0.0951298
0.1509097
0.04729889999999999
0.07838339999999999
0.052810800000000005
0.1179239
0.084339
0.095776
0.1208739
0.1390275
0.1519251
0.13541620000000001
0.1251451
0.06551889999999999
0.1244366
0.11195610000000003
0.1105067
0.1860195
0.0745969
0.09600089999999999
0.08479160000000001
0.08246160000000001
0.06825049999999999
0.08089620000000003
0.0732131
0.1060847
0.1003858
0.1777085
0.12359389999999998
0.16274770000000002
0.17188560000000006
0.0984755
0.19452220000000006
0.1929037
0.1755193
0.13092589999999998
0.1588476
0.1442704
0.1921652
0.2063552
0.2340041
0.258046
0.21551220000000004
0.1866553
0.18042829999999999
0.17486849999999998
0.13839379999999998
0.15035700000000002
0.15303889999999998
0.1941317
0.17564970000000002
0.1508329
0.1066417
0.1734073
0.1520403
0.0708839
0.07253810000000001
0.07395320000000001
0.0451425
0.12841479999999994
0.053881700000000005
0.06245170000000001
0.0737976
0.073851
0.0831721
0.1219679
0.0671703
0.1140619
0.11000499999999998
0.1335674
0.08006619999999999
0.14015629999999998
0.05625529999999999
0.0928688
0.06464009999999999
0.13558989999999999
0.06944600000000001
0.06499089999999999
0.0734716
0.05820010000000001
0.062276099999999994
0.0946353
0.08695189999999997
0.08924769999999999
0.10686269999999999
0.14733449999999998
0.1293978
0.16485480000000002
0.1078599
0.1139681
0.08174209999999997
0.08437820000000001
0.12592289999999998
0.13246
0.12692109999999998
0.1543704
0.11780401
0.1064409
0.134714
0.1418225
0.1681362
0.17666130000000002
0.15652249999999998
0.1290038
0.13399489999999994
0.12275769999999996
0.11422650000000001
0.0991662
0.17004570000000002
0.1063741
0.1384388
0.09947091
0.14904779999999998
0.1123812
0.0969182
0.1474395
0.12500959999999994
0.11472989999999998
0.1439977
0.0802034
0.125911
0.12559360000000006
0.1099489
0.11681459999999999
0.13736479999999998
0.1392559
0.103315
0.16155179999999994
0.11829180000000002
0.1890527
0.1088519
0.12764789999999998
0.07491990000000001
0.1014971
0.071795
0.04259698
0.12748289999999998
0.0558274
0.0878542
0.12144209999999996
0.07657739999999999
0.1043142
0.0946872
0.055970400000000003
0.0509512
0.051884900000000005
0.0832291
0.0981312
0.06565039999999997
0.0595275
0.09871159999999997
0.13627479999999995
0.15630080000000002
0.1962913
0.1515812
0.1128976
0.1209675
0.12823289999999998
0.12473089999999999
0.07710610000000001
0.1122908
0.0672217
0.1036646
0.052200300000000005
0.1205204
0.07877340000000001
0.0569909
0.0914129
0.1177178
0.11602220000000002
0.1269049
0.1589688
0.16198459999999998
0.1054411
0.06605760000000001
0.15171820000000005
0.11834340000000006
0.08207279999999999
0.053603599999999994
0.049863
0.08855589999999999
0.1290039
0.0778548
0.1018782
0.0910762
0.07178129999999999
0.0930904
0.08435256000000001
0.0960624
0.08181450000000001
0.0769373
0.1132222
0.07186236
0.1077593
0.09071239999999997
0.07670919999999999
0.10601
0.06525589999999999
0.0703623
0.1068901
0.0423341
0.1070231
0.062626
0.0689342
0.0623912
0.0892961
0.1352158
0.0960084
0.0850205
0.1036619
0.2831929
0.29678790000000005
0.2365904
0.2072734
0.0935047
0.1120759
0.13457940000000002
0.1179428
0.1058287
0.10066060000000002
0.11709739999999999
0.1106469
0.13568850000000002
0.1044049
0.1418469
0.1260838
0.10431869999999999
0.14305890000000002
0.11352910000000002
0.12323039999999999
0.10707480000000001
0.14070280000000002
0.09290226
0.1068056
0.0630005
0.17107179999999994
0.1264747
0.1050108
0.18337650000000005
0.09971580000000001
0.0980946
0.0828355
0.1490413
0.1315703
0.20080699999999999
0.2490151
0.1621192
0.1948852
0.11674010000000001
0.15729739999999998
0.1187395
0.1279981
0.17380429999999994
0.17389729999999998
0.1231194
0.1010546
0.15126099999999998
0.11089469999999996
0.12699349999999998
0.1823201
0.19876700000000005
0.089627
0.1620613
0.0467023
0.18535520000000005
0.1127845
0.1219693
0.12227460000000001
0.08950739999999999
0.1196817
0.0677262
0.0974598
0.0992056
0.1289157
0.1051626
0.070096
0.06604209999999999
0.0535664
0.05185419999999999
0.0558295
0.06599119999999999
0.0683164
0.07206320000000001
0.07932919999999999
0.0939499
0.06453339999999999
0.12710169999999998
0.114879
0.088288
0.0795193
0.0756431
0.07556030000000001
0.07085319999999999
0.1028401
0.042574400000000005
0.0906693
0.0701804
0.0967692
0.0638553
0.0144793
0.0445705
0.0269233
0.0284439
0.11309489999999997
0.069662
0.07863719999999999
0.0934438
0.0443689
0.1141536
0.1232156
0.1526523
0.1171047
0.0923539
0.08615889999999997
0.12394269999999999
0.1213846
0.07976789999999999
0.07282899999999999
0.0962916
0.1008765
0.0983155
0.12699529999999998
0.08566490000000003
0.1670401
0.07460879999999999
0.0284842
0.12795040000000002
0.08288390000000001
0.11986420000000005
0.07863339999999999
0.06322
0.1276838
0.1139221
0.11209560000000003
0.1286739
0.14371889999999998
0.1784135
0.17124669999999995
0.2022402
0.18752049999999998
0.1352139
0.157171
0.15049379999999998
0.1011671
0.0903062
0.0678665
0.06814450000000001
0.0696195
0.11004749999999999
0.0810288
0.0253156
0.0985683
0.0497031
0.0680505
0.0514893
0.0652932
0.07217080000000001
0.061001199999999985
0.0977084
0.1967601
0.2040324
0.2303192
0.2262962
0.16653120000000002
0.0940293
0.07912129999999999
0.110315
0.111607
0.12645599999999999
0.1263128
0.1344236
0.135097
0.1448111
0.16173189999999998
0.16579259999999998
0.1291845
0.0982758
0.1898734
0.2046953
0.13638070000000002
0.14507060000000002
0.1537746
0.2176333
0.1230557
0.1915163
0.17433359999999998
0.1672485
0.17257060000000002
0.1685585
0.15791919999999998
0.1257536
0.1330336
0.2269301
0.14841549999999998
0.15239550000000002
0.11032945
0.08731069999999999
0.1052738
0.17241040000000002
0.1414933
0.1367493
0.1251388
0.1344495
0.1354293
0.16621329999999998
0.1353855
0.07646900000000001
0.11966789999999998
0.1230569
0.11957289999999995
0.1040249
0.1155769
0.1148178
0.13007649999999998
0.08274300000000001
0.05770319999999999
0.2776889
0.30107130000000004
0.2684089000000001
0.053594
0.07161590000000001
0.1077139
0.097443
0.0875377
0.0869127
0.14649969999999998
0.047751199999999994
0.11653570000000002
0.11407830000000001
0.14788630000000005
0.250128
0.12592409999999998
0.31100890000000003
0.27052940000000003
0.2905073
0.28201240000000005
0.29204440000000004
0.2550401
0.27165079999999997
0.2826598
0.3007715
0.2534178
0.2438647
0.2344685
0.3926087
0.2555019
0.25378589999999995
0.2520438
0.2671119
0.2496424
0.2467628
0.2492201
0.2606979
0.25738300000000003
0.226607
0.2813116
0.24709120000000004
0.2641615
0.2429901
0.3136531
0.2477041
0.26718020000000003
0.33631890000000003
0.3155542
0.2568109
0.2705793
0.2493814
0.2671093
0.2577572
0.2834682
0.293668
0.2839172
0.285111
0.3843718
0.3829378
0.3056475
0.31611199999999995
0.307596
0.036413
0.0333177
0.093139
0.1993937
0.06445369999999999
0.049297200000000006
0.062351199999999996
0.0793243
0.05845890000000001
0.0646458
0.11469189999999999
0.0350087
0.08487610000000001
0.05633064
0.14097720000000002
0.13181320000000002
0.24456279999999997
0.2845037
0.2551617
0.1810813
0.08964170000000002
0.12818059999999998
0.13162749999999995
0.08692589999999999
0.07022890000000001
0.0974596
0.12068440000000001
0.0761937
0.124486
0.1050163
0.1353075
0.1427503
0.0894576
0.1021769
0.1311976
0.0820545
0.1611433
0.16331890000000002
0.18439149999999999
0.1331146
0.0993989
0.1154979
0.1010965
0.11107470000000001
0.08865060000000001
0.15869229999999998
0.1622651
0.11072249999999999
0.1536255
0.1308928
0.1915534
0.14356629999999998
0.1800032
0.225066
0.16452020000000006
0.1553483
0.1253076
0.1014018
0.10770839999999998
0.0533192
0.063661
0.0970417
0.1239029
0.06629560000000001
0.14779029999999999
0.0974497
0.13256650000000006
0.10945360000000001
0.0967017
0.1360323
0.1286784
0.0907788
0.059665
0.1061639
0.1423324
0.07435499999999999
0.0598903
0.05125459999999999
0.1139049
0.12697460000000002
0.041793300000000005
0.11758989999999997
0.0918288
0.1244059
0.0920089
0.06082050000000001
0.07175419999999999
0.07502529999999999
0.1228068
0.07988690000000001
0.07262460000000001
0.08344479999999999
0.20892550000000001
0.1215714
0.2582303
0.2397086
0.1947596
0.19658770000000003
0.1897636
0.20284839999999998
0.20857550000000002
0.2157555
0.1941965
0.2356656
0.1916437
0.2413766
0.21428350000000002
0.2161466
0.2027845
0.1725769
0.1161048
0.08880210000000001
0.1256379
0.134262
0.1605527
0.1809377
0.1511865
0.17465370000000002
0.1585078
0.16869170000000006
0.1513317
0.12384789999999996
0.17165550000000002
0.1585858
0.14125179999999998
0.14019990000000002
0.16728410000000002
0.1637184
0.0691451
0.0902145
0.07056760000000001
0.0682442
0.1539676
0.14889470000000002
0.22765410000000005
0.2067393
0.21001220000000004
0.16131050000000002
0.1781584
0.1219298
0.1638355
0.13800980000000002
0.08204510000000001
0.11873980000000002
0.1083888
0.0677741
0.0548312
0.101245
0.0743598
0.1199198
0.15438459999999998
0.0902387
0.14598370000000002
0.10440549999999996
0.1577654
0.06869700000000001
0.1123356
0.10122
0.0963533
0.1041982
0.11779280000000003
0.1319589
0.12577080000000002
0.15791459999999996
0.07761799999999999
0.12952589999999994
0.14746150000000002
0.14141289999999998
0.11754180000000002
0.0775332
0.1084719
0.096947
0.06857719999999999
0.1385555
0.0941791
0.0792913
0.14088270000000006
0.0541104
0.11819389999999999
0.107155
0.10909489999999998
0.08255030000000001
0.0965079
0.0728562
0.061814199999999986
0.10248
0.06408530000000001
0.045796
0.051068
0.049942
0.05032639999999999
0.0953432
0.08161619999999999
0.0902211
0.1040238
0.1026931
0.1384683
0.09279940999999996
0.4220019
0.23991137
0.2731719
0.37034058
0.3911357
0.33936349999999993
0.32981409999999994
0.3195911
0.2848365
0.3142478000000001
0.2629724
0.3750777
0.3371467
0.29340809999999995
0.4588380999999999
0.2901502
0.2690419000000001
0.44587740000000003
0.4740052
0.4596922000000001
0.3839179
0.4533951
0.33368000000000003
0.3404513
0.11743989999999999
0.12885609999999995
0.2036175
0.07957909999999999
0.13534179999999998
0.08154840000000001
0.0610073
0.09776
0.091768
0.0919541
0.07043859999999999
0.09956310000000004
0.1269368
0.0683664
0.0909012
0.08929189999999998
0.0824089
0.05319730000000001
0.1388527
0.11317360000000001
0.1603694
0.16089790000000004
0.1719539
0.2257208
0.1771408
0.2759165
0.4178217000000001
0.4168768000000001
0.38709479999999996
0.15160890000000002
0.3980708
0.3482678
0.3509598
0.3717119
0.3363134
0.33737300000000003
0.3351417
0.33964589999999995
0.3385985
0.36022180000000004
0.3759017
0.3321198
0.365931
0.4149197
0.3934053
0.3739117
0.3645008
0.33464740000000004
0.33770279999999997
0.3487329
0.35008569999999994
0.33341679999999996
0.34871869999999994
0.34455759999999996
0.3216277
0.35576890000000005
0.3581558
0.3375939000000001
0.3346597
0.33844549999999995
0.3731077
0.33696940000000003
0.35044780000000003
0.36013979999999995
0.3674937
0.3338689
0.3406318
0.32425180000000003
0.38007270000000004
0.3229619
0.34996570000000005
0.3614518
0.3657747
0.34971890000000005
0.3748827
0.34401200000000004
0.3547387
0.35000790000000004
0.32770770000000005
0.3795587
0.3703677
0.35056079999999995
0.3521727
0.3705668
0.3789787
0.3406079
0.35269170000000005
0.33217490000000005
0.3876137
0.3474609
0.3357888
0.3236748
0.3289298
0.3596218
0.3603117
0.3611797
0.3507127
0.3625608
0.34949869999999994
0.3516809
0.3522487
0.4042187
0.3625331
0.34483613
0.36008070000000003
0.3332867
0.35613019
0.35109524
0.38322663
0.33386283
0.37492883
0.3609737
0.3430027
0.3353979
0.3776156000000001
0.3876027
0.35058670000000003
0.3629827000000001
0.35777669999999995
0.3454857
0.35204359999999996
0.34792080000000003
0.3261057
0.35569569999999995
0.36864359999999996
0.35924579999999995
0.34952459999999996
0.3281337
0.3452037
0.3365317
0.3165148
0.34016080000000004
0.3504297
0.3509959
0.3550457
0.3496898
0.3644176
0.3442489
0.3668486999999999
0.3537468
0.3634846000000001
0.33212889999999995
0.3654546
0.3174808
0.3827156
0.3390538
0.3772986
0.3753617
0.38212270000000004
0.3407507
0.36661750000000004
0.3770108
0.35385170000000005
0.35697979999999996
0.3627337
0.1409755
0.1430989
0.1236851
0.1475719
0.14111289999999999
0.1185708
0.13768899999999998
0.1526099
0.21699859999999999
0.1711886
0.1378
0.1576558
0.0987653
0.1917516
0.13326510000000005
0.1027371
0.1290269
0.1339695
0.15605799999999995
0.18366570000000002
0.14611290000000002
0.1585328
0.12067089999999997
0.11911589999999996
0.1329271
0.13578389999999999
0.153772
0.14759489999999995
0.1345089
0.15559979999999998
0.0890696
0.1504664
0.16794539999999994
0.1713041
0.15170550000000002
0.15430259999999998
0.2120136
0.19097760000000005
0.12717009999999998
0.1195609
0.14544899999999994
0.2039815
0.1083222
0.11405979999999999
0.1208211
0.14496589999999998
0.1344971
0.13785799999999998
0.129262
0.16057280000000002
0.10898310000000001
0.1476499
0.1830517
0.1539126
0.13700059999999994
0.1624275
0.1909389
0.1032488
0.2690188000000001
0.2016759
0.22673570000000004
0.07338789999999999
0.20914720000000006
0.2090621
0.22487680000000004
0.17384709999999998
0.13933299999999998
0.2055029
0.2023891
0.1862859
0.1846942
0.21732390000000001
0.19957000000000005
0.24472550000000004
0.2133977
0.2284226
0.1890051
0.22510090000000005
0.22047
0.2081028
0.18910810000000008
0.2108719
0.17841310000000002
0.1897889
0.2536398
0.17389970000000002
0.17914360000000001
0.2411493
0.09419840000000004
0.13844949999999998
0.1967218
0.14627202
0.08417922000000001
0.13565739999999998
0.17179889999999998
0.2006093
0.20593270000000002
0.20998360000000002
0.2312757000000001
0.20224670000000008
0.14221720000000004
0.1522736
0.1749981
0.09846460000000001
0.08103679999999999
0.20971460000000006
0.1559274
0.17586559999999998
0.056401099999999996
0.2285008000000001
0.1850719
0.1630832
0.0154841
0.1829336
0.2358192
0.076204
0.19290050000000009
0.030428700000000006
0.036027300000000005
0.0317521
0.19265970000000002
0.0555263
0.0636568
0.2053321
0.0587381
0.18028980000000008
0.0938497
0.2296573
0.24541739999999995
0.1577088
0.18654300000000001
0.15056730000000004
0.15148920000000005
0.0161518
0.0592877
0.060553099999999985
0.19450470000000009
0.0585555
0.20214820000000008
0.2075234
0.2039417
0.2007878
0.060905
0.2361653
0.22376179999999998
0.0615309
0.06261169999999999
0.1993459
0.2207053
0.21020710000000006
0.0593177
0.19925590000000004
0.2073541
0.056987900000000015
0.05907330000000001
0.2052936
0.20309000000000002
0.219337
0.1954424
0.0583264
0.22014810000000004
0.223585
0.056432900000000015
0.19829640000000004
0.058903199999999996
0.2138555000000001
0.1999650000000001
0.2214112
0.2532067
0.2339417000000001
0.2357524
0.2069744
0.2127262
0.2012334
0.21582089999999998
0.2116274
0.15481800000000004
0.011585599999999998
0.15780160000000001
0.0115738
0.05189690000000001
0.0115136
0.0140334
0.1952221
0.16935450000000002
0.1300949
0.14610850000000006
0.18209660000000005
0.0485699
0.18446090000000004
0.14309580000000002
0.18013140000000002
0.06322509999999999
0.06289209999999999
0.17067929999999998
0.0730425
0.17061550000000006
0.07875739999999999
0.23308220000000002
0.14550249999999998
0.054407000000000004
0.1702485
0.17603320000000006
0.19364120000000004
0.1725703
0.1737352
0.2018977
0.16519310000000004
0.18179950000000009
0.0110491
0.14086579999999999
0.0207091
0.0446439
0.08853989999999999
0.09517310000000001
0.0525359
0.13103610000000002
0.2946219
0.2808691
0.30229710000000004
0.2887358
0.3194478
0.3194528
0.26698198
0.2397310000000001
0.2603604
0.22959218
0.08338278
0.11135444
0.10703798
0.26253078
0.25000833
0.22400903000000005
0.11237658
0.25119418
0.25658773
0.23511782
0.08891728
0.09508948
0.24021234
0.19260958000000009
0.22750388
0.26002958
0.29146553000000003
0.29065343
0.25131528
0.14486548
0.14082657
0.2710663
0.28392149
0.12011949
0.11355998
0.04576688
0.18931478
0.24399039
0.18161058
0.02895438
0.19867849
0.17157373
0.21335353000000007
0.26441284
0.19345778
0.21540828
0.28862884000000005
0.21209598
0.29036463
0.26944172
0.07511862999999999
0.23603463
0.2254705300000001
0.26832858000000004
0.05959082
0.23261778
0.10091673
0.24622073
0.25880063000000003
0.25284978
0.26485448
0.26928758
0.26021923
0.26126928
0.24782384
0.26670414
0.29708779
0.24670818
0.20216543
0.22432988
0.07610618999999999
0.11428114
0.12294674
0.29616484
0.22036944
0.30317844
0.22952268
0.27513848
0.26013238
0.24100749
0.13293634
0.07146831999999999
0.24220063
0.23534152
0.25283892
0.27471022
0.18978577
0.20144097
0.07603522
0.23428522
0.10551248
0.10998382
0.04123902
0.23382052
0.22235717
0.07934138
0.24333578
0.24779162
0.21735777
0.18701342
0.10440757
0.058065470000000015
0.25814718
0.25237338
0.21116122
0.06052742
0.22508218
0.2274011800000001
0.25418884
0.23896203
0.21673144
0.08366763
0.11819478
0.08457608000000001
0.03030712
0.11671678
0.05656002
0.26600838
0.24429558
0.23392122
0.23348402
0.24585142
0.04959987
0.17887726999999998
0.19923807
0.06573383000000001
0.037548630000000006
0.20624303
0.21680512
0.17744696999999998
0.04770068
0.18454497
0.20132187
0.20099457
0.23322698
0.20239147
0.23651622
0.23041612
0.17291772000000002
0.12732097999999994
0.11434814
0.21884779000000004
0.17974183
0.16541428
0.32576154
0.31104304000000005
0.33563019
0.30893948
0.20851044
0.36086294
0.28261763
0.24184113
0.27461384
0.20243328
0.17016937
0.04388628
0.18015183
0.17982558000000004
0.19412378
0.05174684
0.19550498
0.19410099
0.18252029
0.20975274
0.20322263
0.22119873
0.07393142999999999
0.21846633
0.22411704
0.21821519
0.25466633999999994
0.21121908
0.24042184
0.19902104
0.29761659999999995
0.29058969
0.17940994
0.13647858
0.23222738
0.27230688
0.23024719
0.2704756
0.30690794000000005
0.28990884
0.30151879000000004
0.2777385
0.27776774
0.08550534
0.27216428000000004
0.14709721
0.27476470000000003
0.21388394
0.097813
0.03534685
0.31386934
0.19070879
0.18259214
0.23222734
0.10164114
0.05770039
0.18259869
0.05626704
0.17061928
0.22182518
0.13962678
0.25780358
0.29121188
0.22448832
0.22294304
0.01955733
0.06168143
0.17683962000000006
0.23743963
0.22376433
0.17781239
0.41721688
0.4295398399999999
0.41324858
0.39569098
0.28622404
0.28497404000000004
0.28993484
0.12071674
0.23343643
0.25259258
0.08301778000000001
0.09300603
0.09733713
0.06718538
0.09529653
0.13192737999999998
0.1905372800000001
0.25817024
0.24156789
0.2281143
0.18067574
0.16443468
0.16360364
0.15572179
0.05885074
0.20261844
0.19656794
0.20256134
0.19276203
0.22846168
0.21938678
0.21363958
0.19656578
0.23768728
0.18507008000000005
0.26566363
0.25364883000000005
0.07066103
0.056422829999999986
0.13257818
0.16546178
0.07292893
0.22974643
0.22369468
0.23782623
0.22843208
0.19802218
0.24189062999999994
0.21210973
0.21731013
0.25055204
0.21883698
0.20847883
0.19884223
0.16804788999999998
0.23093696
0.34963545
0.35306705
0.28735254
0.3061466
0.2773494
0.29538339
0.30482319
0.26200833
0.19386652999999995
0.16436597999999994
0.22017988
0.20996613
0.27349098000000005
0.22393689
0.19695553
0.18940553
0.22165153
0.05553868000000002
0.21788698999999995
0.03940703
0.21065478
0.21886783
0.19180003
0.22895042
0.01713638
0.13389163999999998
0.38800634
0.14504973999999998
0.23809799
0.04635538
0.19844948
0.21005853
0.2320998300000001
0.25682003
0.24622674
0.09421988
0.02956048
0.2256162200000001
0.18650953
0.05265713
0.22530548
0.25518378
0.21574198
0.23220963
0.19701484
0.34139814
0.1841145
0.3095074
0.23332786
0.28601452
0.10810081
0.2774224
0.3408919
0.31401840000000003
0.24203840000000004
0.2161615
0.1954019
0.2665716000000001
0.22458430000000004
0.07728560000000001
0.2621943
0.2393617
0.2229509
0.2744884
0.2115248
0.2053878
0.23604601
0.2950879
0.30323674999999994
0.29318914999999995
0.23572444
0.26295658
0.21267958
0.23037814000000004
0.27232602999999994
0.28137534
0.26484243
0.29095864
0.27285934
0.28108439
0.28505129
0.14603514
0.32731053
0.34401963
0.28621153000000005
0.29280828000000003
0.23847118
0.27318173
0.26195747
0.30154512
0.29519152
0.2873332200000001
0.29431732
0.29544827999999995
0.27722447
0.28635327
0.25048137
0.27161488
0.22673692
0.20402365000000008
0.20225586
0.07114094
0.23696929
0.1031011
0.3092569000000001
0.24064563000000005
0.22940868
0.26087343
0.27925538
0.25477598
0.20352672000000005
0.28995229
0.27493734000000003
0.25661558
0.27606464000000003
0.22179654000000004
0.2281045800000001
0.25215254000000004
0.27729274
0.3731301900000001
0.30499414
0.32534904000000003
0.28288338
0.13224114
0.32635829
0.3138073
0.22421058
0.24152463
0.26204982
0.27322548
0.24751468
0.25901748
0.18701468
0.08369233000000001
0.21444803
0.23674611
0.25609659
0.31178878000000004
0.30929368
0.26021963
0.28144758000000003
0.30093958000000004
0.30943278
0.30667582000000004
0.29946782
0.27833767
0.21641258
0.21418168
0.31096278
0.21303178
0.29177683000000004
0.27949333000000004
0.2425888800000001
0.2861307300000001
0.24696396999999995
0.27618788
0.23492042
0.30044053
0.25649762
0.28593578
0.28631083
0.26070658
0.26880043
0.30945284
0.24593563
0.29064428
0.28797718
0.27251243
0.24005778
0.26985148000000003
0.26548828
0.24275348
0.24887982
0.22919838
0.25253823
0.27380102999999995
0.20942646999999995
0.23028082
0.25697743
0.22633668
0.22388272
0.22597848
0.21967278
0.25780498
0.28188588000000003
0.26171453
0.23294953
0.30029683
0.26417532
0.25300223
0.25436054
0.26975999
0.25640809
0.23705109
0.22370668
0.23939308
0.25842524
0.2914265
0.20946289
0.1787203
0.235198
0.28352740000000004
0.2498637
0.2534506
0.19118251
0.24222836
0.21643608
0.24951498000000005
0.28607604
0.22483162
0.20580222
0.22935612
0.22744782
0.22148550200000008
0.239184442
0.29766096200000003
0.369055352
0.29061444200000003
0.216066042
0.25245470200000003
0.25663820200000004
0.257672402
0.32530610600000004
0.427821756
0.4545016060000001
0.456510406
0.443283656
0.267561802
0.268894102
0.2223475520000001
0.2392583520000001
0.265233812
0.2310402020000001
0.207584162
0.230439202
0.2340470620000001
0.2654430160000001
0.281563766
0.21239640200000004
0.258456116
0.212553702
0.201271552
0.2286186020000001
0.233224052
0.213925056
0.251285152
0.19417460200000008
0.2275039620000001
0.239478062
0.314714252
0.3177183520000001
0.295320342
0.2349224020000001
0.21478274200000005
0.217958792
0.23122664200000004
0.20381524200000006
0.196593092
0.2200723420000001
0.2126787420000001
0.240217302
0.225688742
0.21513074200000004
0.1952178920000001
0.19666934200000005
0.20848288200000006
0.224834342
0.238444392
0.26858274200000004
0.235143042
0.265676902
0.238874902
0.239380352
0.190214102
0.190389102
0.18840134200000005
0.248020302
0.25362670200000004
0.219898802
0.240615852
0.23325129200000005
0.20773319199999998
0.252379802
0.207824342
0.215902842
0.203146502
0.23357745200000005
0.199132602
0.206463252
0.195572642
0.234938942
0.21439798200000004
0.260293542
0.252794302
0.228295202
0.212215042
0.231713292
0.223276392
0.19235974200000008
0.19673135600000002
0.2772126420000001
0.2309536020000001
0.2615656020000001
0.236589952
0.254378242
0.215428342
0.221234342
0.24250434199999998
0.238570392
0.269577902
0.234476892
0.204151842
0.195964642
0.20086814200000008
0.210717992
0.29379930600000004
0.32046430200000003
0.300055156
0.248407902
0.198161752
0.2180550420000001
0.202430002
0.212060142
0.204494952
0.20136194200000004
0.19273389200000005
0.19341704199999998
0.24034904200000004
0.232450042
0.23901214200000004
0.242289292
0.23729594199999998
0.217260642
0.233221382
0.230411892
0.258908792
0.245865652
0.210440262
0.200971512
0.231105802
0.211276252
0.1954125
0.3248883
0.0994504
0.100852
0.094118
0.098535
0.09238015
0.09673600000000004
0.21531900000000004
0.17734699999999998
0.166778
0.22725700000000001
0.144938
0.16213
0.097713
0.151096
0.111266
0.13326400000000002
0.136125
0.15216599999999994
0.159078
0.121815
0.124205
0.13555099999999998
0.09562700000000003
0.09790229999999996
0.1107949
0.1118079
0.101506
0.07679700000000003
0.10165579999999998
0.14775270000000001
0.15775160000000002
0.11249528
0.1273769
0.07951252
0.06805767
0.07831567000000003
0.08140942
0.093161
0.05798
0.1031819
0.083287
0.08952900000000001
0.086868
0.064332
0.067537
0.295246
0.301037
0.283271
0.273542
0.275537
0.281215
0.283769
0.28581
0.288418
0.07170699999999999
0.08999499999999999
0.10831600000000001
0.08920241999999999
0.11613633
0.09857556
0.207219
0.29302300000000003
0.2992945
0.2161997
0.16261409999999998
0.30551700000000004
0.30362100000000003
0.083775
0.0942819
0.0907503
0.1324102
0.0887691
0.08221810000000003
0.11236120000000001
0.08884729999999999
0.07630320000000003
0.07103229999999999
0.097473
0.09109290000000002
0.11301189999999997
0.1772067
0.1992078
0.1934078
0.24261570000000002
0.1804126
0.12760790000000002
0.1121171
0.0938701
0.07837699999999999
0.08918510000000003
0.09550499999999999
0.093694
0.08893390000000001
0.08309810000000001
0.08220709999999999
0.0843039
0.12584389999999998
0.1332259
0.1369047
0.17457579999999998
0.1531769
0.1469439
0.14766980000000002
0.1602419
0.19131589999999998
0.17116660000000006
0.17297300000000002
0.13799780000000006
0.1313459
0.15354600000000002
0.13849189999999995
0.13406279999999998
0.12698289999999998
0.1571929
0.1686017
0.1997526
0.14986770000000002
0.14418470000000005
0.17035379999999994
0.174802
0.1738938
0.1714039
0.1501198
0.1670257
0.1923437
0.17442689999999994
0.17767779999999994
0.2204699
0.15424590000000002
0.16256679999999998
0.1513019
0.1446666
0.16223189999999998
0.1637669
0.1735438
0.1592068
0.1796786
0.15991170000000002
0.1382589
0.14261579999999996
0.1554249
0.1664249
0.16197389999999998
0.1889549
0.1752389
0.138179
0.1351969
0.1704846
0.14848789999999998
0.154863
0.1566598
0.1904449
0.1339289
0.16914790000000002
0.15826669999999998
0.11207299999999998
0.1255327
0.13399089999999994
0.1354047
0.2478054
0.2426095
0.1568726
0.14641400000000002
0.1269429
0.1310686
0.08861549999999999
0.13613129999999998
0.1622094
0.11966680000000002
0.163759
0.1806548000000001
0.2252435
0.1845818
0.1522321
0.168704
0.1389131
0.16755150000000002
0.1914208
0.2088266
0.13682899999999998
0.15724490000000002
0.137415
0.1821859
0.22671390000000002
0.2579289
0.196821
0.1924399
0.1853929
0.2206839
0.1792999
0.1829149
0.24052870000000004
0.1856468
0.08130549999999999
0.1932285
0.1407935
0.17424779999999998
0.17321470000000005
0.17706880000000005
0.1466469
0.2162248
0.17297669999999998
0.1531997
0.15181189999999994
0.16592279999999998
0.17055959999999998
0.1849388
0.1798299
0.1886368
0.1548668
0.21422670000000002
0.16301690000000002
0.1915848
0.15624269999999998
0.1838709
0.17344369999999998
0.18004679999999998
0.1358405
0.15297080000000002
0.1626918
0.2095378
0.1214265
0.1120284
0.10729
0.097826
0.11071
0.144989
0.15072999999999998
0.16421210000000006
0.1223368
0.11644890000000001
0.130246
0.131349
0.162731
0.147982
0.1211479
0.10491070000000002
0.0976489
0.107238
0.10908689999999999
0.106593
0.09828989999999999
0.1153399
0.1203249
0.14281989999999994
0.1245609
0.0932241
0.1117281
0.11637830000000003
0.10324900000000001
0.1107249
0.1106559
0.11230049999999996
0.1154759
0.1073798
0.1122659
0.12712110000000001
0.0905081
0.1011961
0.143259
0.13064979999999998
0.0916169
0.08948199999999999
0.14280839999999995
0.1163022
0.1050257
0.13487780000000002
0.1127539
0.0952858
0.1868269
0.095664
0.1161079
0.1082009
0.128379
0.1115998
0.1147168
0.10047880000000001
0.13357560000000002
0.1256488
0.11247890000000002
0.12054199999999995
0.15429389999999998
0.14947689999999994
0.1505599
0.1280529
0.187134
0.13284189999999998
0.17114479999999999
0.1695049
0.1082119
0.1291348
0.1648501
0.1511554
0.13931700000000002
0.1272162
0.084582
0.1180789
0.11951399999999998
0.1221252
0.085589
0.12970389999999998
0.1069581
0.12296889999999998
0.1256718
0.1389146
0.12077759999999994
0.135177
0.1392259
0.1212029
0.0949161
0.1595201
0.0984523
0.13517300000000002
0.11451399999999998
0.1005811
0.1205859
0.123367
0.098747
0.1066072
0.1383011
0.1349062
0.1118982
0.117421
0.10643
0.10206889999999999
0.1168354
0.135604
0.12630399999999994
0.1150512
0.129168
0.13196419999999998
0.1239769
0.10816980000000001
0.14468470000000005
0.0979108
0.10336689999999997
0.11149489999999998
0.1048983
0.09601110000000002
0.0951779
0.0988329
0.11043430000000001
0.1198018
0.1131743
0.0978109
0.09089689999999999
0.10620299999999999
0.10330790000000002
0.0933681
0.1075527
0.1162926
0.1093708
0.09749069999999999
0.1162599
0.1176782
0.10253499999999999
0.14158790000000002
0.09460390000000002
0.08924470000000001
0.1026648
0.1097889
0.1007699
0.1256438
0.1129048
0.12752180000000002
0.1303918
0.11041980000000001
0.11235280000000004
0.10306099999999999
0.1060479
0.10062389999999999
0.1115089
0.1310406
0.1122901
0.12515389999999998
0.12165899999999998
0.1112659
0.11728479999999998
0.13196370000000002
0.14849289999999998
0.1350699
0.1195079
0.1062789
0.11801190000000004
0.1094599
0.11074980000000001
0.1088509
0.1178168
0.1840725
0.1171045
0.1227662
0.13217389999999998
0.1302789
0.104043
0.11076
0.1171539
0.13310689999999994
0.13285389999999994
0.1080869
0.0986889
0.12978889999999998
0.10795339999999999
0.1321719
0.10461489999999997
0.11903890000000004
0.120414
0.1151039
0.1202069
0.09074689999999999
0.08612369999999997
0.0916951
0.10567889999999999
0.1215739
0.1468689
0.1069615
0.1160875
0.2341888
0.1498465
0.15078859999999994
0.05628309999999999
0.036387199999999995
0.0626911
0.0459659
0.1115028
0.08662080000000001
0.09652089999999999
0.1051529
0.08401489999999999
0.08504790000000001
0.10249269999999999
0.10801580000000001
0.1238147
0.097213
0.0767432
0.07884189999999999
0.07667109999999999
0.08568089999999999
0.08038300000000001
0.08455589999999999
0.1175956
0.14415379999999994
0.12781569999999998
0.11649969999999996
0.08881789999999999
0.1082431
0.07161010000000001
0.08867900000000001
0.0936949
0.10359790000000002
0.1246569
0.09315470000000001
0.0929158
0.2041348
0.1276578
0.12164389999999999
0.14179579999999994
0.1153439
0.1206248
0.1057509
0.09983599999999997
0.10027899999999998
0.2035726
0.17572790000000005
0.1842418
0.09742879999999997
0.09563510000000001
0.1124219
0.1263889
0.1161706
0.0994279
0.11144989999999998
0.1253528
0.12704780000000002
0.1273446
0.1211029
0.113981
0.1800847
0.1194888
0.12044089999999999
0.11913589999999999
0.14181870000000002
0.13714110000000002
0.12337089999999998
0.12566679999999994
0.12366680000000001
0.1203872
0.15524970000000002
0.1477935
0.16396560000000002
0.1395968
0.1318029
0.12854089999999999
0.1008756
0.1295549
0.1163398
0.11967280000000001
0.12396989999999998
0.09349559999999996
0.1168096
0.1340616
0.08006450000000001
0.15328870000000006
0.11578519999999999
0.09753789999999997
0.16851740000000004
0.1452745
0.12426249999999996
0.1389056
0.1405846
0.07782789999999999
0.08427190000000001
0.07429800000000003
0.0853289
0.08499970000000001
0.106933
0.0861428
0.11019189999999998
0.07935299999999999
0.12336289999999996
0.0894209
0.0739825
0.1110938
0.096747
0.101867
0.12429189999999998
0.1165099
0.06984689999999999
0.0857748
0.079766
0.16052819999999998
0.11027089999999998
0.11510879999999996
0.1127587
0.08814089999999998
0.13074779999999994
0.11559659999999998
0.1370455
0.1040898
0.0992477
0.09412579999999998
0.14141479999999998
0.1101068
0.08092479999999999
0.10710469999999997
0.07901789999999999
0.10573779999999999
0.1540346
0.11365079999999995
0.08166489999999997
0.0912618
0.1026759
0.12994560000000002
0.1185846
0.08127390000000001
0.12881389999999998
0.12446869999999999
0.14199679999999998
0.0661971
0.14346889999999998
0.1001599
0.090683
0.1015049
0.087997
0.11106679999999997
0.1255255
0.1258537
0.1863216
0.1832467
0.14877970000000001
0.1649089
0.1645027
0.1594567
0.16923970000000002
0.16162870000000001
0.1582777
0.1530487
0.13101580000000002
0.13604680000000002
0.16024080000000002
0.1593797
0.15766660000000002
0.1120877
0.0520921
0.051352199999999994
0.07058400000000001
0.06783
0.08015089999999997
0.07894090000000001
0.07016389999999999
0.070208
0.0813937
0.1344318
0.14819279999999999
0.13233770000000006
0.13546179999999994
0.1305878
0.1219079
0.1273857
0.1397969
0.14947
0.134242
0.12660100000000002
0.1355549
0.1448429
0.1242647
0.12750889999999998
0.12830100000000005
0.122335
0.1456718
0.14566389999999999
0.1199491
0.12167499999999998
0.1299649
0.1174161
0.09218590000000004
0.0891279
0.1461409
0.1380439
0.121027
0.1251549
0.14719970000000004
0.1366619
0.0607207
0.0963906
0.05880800000000001
0.050557099999999994
0.0317049
0.0317471
0.067775
0.0903889
0.08078889999999997
0.0621581
0.0689499
0.06675700000000001
0.061070999999999986
0.07137489999999999
0.0653249
0.0605929
0.0630669
0.0621571
0.07419289999999998
0.31455710000000003
0.3584105
0.26143910000000004
0.14085589999999998
0.1382068
0.1135175
0.12144189999999999
0.1143563
0.11169280000000001
0.1182217
0.1275778
0.115908
0.11371110000000001
0.126944
0.14928000000000002
0.1697536
0.1352669
0.1334389
0.1239489
0.13313989999999998
0.13221770000000002
0.15845789999999998
0.1362839
0.13827889999999998
0.13835590000000006
0.1317588
0.130246
0.1515879
0.15203889999999998
0.1256167
0.1418428
0.1499829
0.1555209
0.1509829
0.1341361
0.1485757
0.123403
0.1159149
0.13075089999999998
0.15031989999999998
0.1136468
0.106954
0.055727200000000005
0.0850789
0.0742679
0.08132289999999999
0.06379780000000003
0.08405989999999999
0.07164499999999999
0.067521
0.07992199999999999
0.07226199999999999
0.086016
0.0685572
0.0666692
0.11332099999999998
0.0647232
0.06496619999999999
0.06789210000000001
0.08057389999999999
0.08789490000000003
0.08060980000000001
0.08571369999999999
0.0941179
0.1024048
0.09463660000000002
0.08452480000000001
0.09179489999999996
0.06718810000000001
0.1087999
0.0763507
0.0714247
0.106881
0.07368200000000001
0.07254790000000001
0.0763589
0.1140627
0.07017310000000003
0.07063589999999999
0.1500605
0.08796579999999997
0.06903290000000001
0.07447190000000001
0.07721080000000001
0.1118797
0.06913690000000003
0.0653118
0.1568328
0.0605019
0.053179300000000006
0.0933947
0.1297237
0.09408189999999997
0.088515
0.1013319
0.0940498
0.0917707
0.0911905
0.10867639999999998
0.10623969999999999
0.12934359999999998
0.10395170000000001
0.11230149999999996
0.0972435
0.2539363
0.2273134
0.2027534
0.1347586
0.21549
0.14160260000000002
0.1596297
0.1889895000000001
0.20284240000000006
0.1331797
0.1994598
0.1599876
0.20231670000000002
0.12838899999999998
0.285918
0.145091
0.16067399999999998
0.13524
0.137995
0.18193499999999999
0.161022
0.21553900000000006
0.176065
0.196955
0.21327
0.11726299999999998
0.131822
0.130427
0.150043
0.132036
0.14134499999999994
0.17096000000000006
0.12254000000000001
0.09680600000000003
0.123391
0.08956100000000003
0.117072
0.190187
0.188175
0.195821
0.209667
0.18266
0.11159
0.08565500000000001
0.232605
0.137027
0.155654
0.109778
0.133692
0.08685400000000001
0.12503599999999998
0.14256200000000002
0.116657
0.090053
0.11450400000000002
0.16189599999999998
0.13548
0.160074
0.112398
0.099512
0.08066999999999999
0.23742600000000003
0.229402
0.208369
0.222271
0.221557
0.201822
0.182257
0.207111
0.176342
0.24238400000000002
0.23802600000000002
0.14775
0.12025
0.08649499999999997
0.13717400000000002
0.095169
0.10694200000000002
0.1514846
0.1560521
0.14763120000000002
0.13218950000000002
0.1455418
0.1501692
0.18245970000000003
0.1396385
0.123218
0.1342586
0.1608352
0.162701
0.111668
0.157735
0.17291999999999996
0.115943
0.15301499999999998
0.16258699999999998
0.12308499999999999
0.109205
0.128521
0.14871199999999998
0.16682100000000002
0.149206
0.129577
0.12584
0.103812
0.151359
0.140388
0.14663800000000002
0.15000699999999995
0.133915
0.13532
0.12592699999999998
0.121149
0.131932
0.16934500000000002
0.15372999999999998
0.10331900000000002
0.143273
0.14620100000000005
0.13027399999999995
0.10777
0.105461
0.097285
0.101312
0.141697
0.14157399999999998
0.16564800000000005
0.119817
0.128499
0.13270900000000002
0.150291
0.11433
0.100875
0.096384
0.08931199999999997
0.081715
0.102507
0.111339
0.113676
0.13031900000000002
0.13629600000000006
0.12828399999999998
0.13816099999999998
0.114962
0.107823
0.11655999999999996
0.118055
0.131071
0.11874100000000001
0.15674500000000002
0.094887
0.109227
0.096098
0.10900400000000003
0.08843900000000003
0.071004
0.062467
0.090573
0.07689800000000001
0.110799722
0.10423
0.071247
0.088295
0.208146
0.12437399999999996
0.08061872199999999
0.08507100000000001
0.11067
0.30540300000000004
0.302059
0.173765
0.12982200000000002
0.282169
0.274119
0.226738
0.126636
0.077929
0.079786
0.07314100000000001
0.08859299999999999
0.13817400000000002
0.142886
0.076054
0.07407499999999999
0.08264099999999999
0.1449591
0.11415000000000004
0.1890882
0.15167830000000002
0.09515669999999997
0.07815480000000001
0.0812939
0.10563679999999998
0.0903679
0.09471630000000003
0.11000220000000002
0.12878740000000002
0.12611599999999998
0.12702660000000002
0.1420201
0.11482080000000001
0.1870133
0.14333320000000002
0.1956355
0.17521040000000002
0.14554289999999998
0.14514749999999998
0.1481866
0.15927610000000006
0.1711942
0.14676000000000006
0.1500983
0.14495870000000002
0.1669644
0.11651060000000002
0.14312740000000002
0.1588785
0.09080750000000004
0.10071000000000001
0.1338874
0.12000930000000001
0.14787129999999998
0.132511
0.1248866
0.1809213
0.1577556
0.15266939999999998
0.1505446
0.1498285
0.20935770000000006
0.1277431
0.1663655
0.10541399999999998
0.1373848
0.15550899999999998
0.1458728
0.11088309999999996
0.13912249999999998
0.1396511
0.11785430000000001
0.1220552
0.13881329999999995
0.13730150000000002
0.1605009
0.16875020000000002
0.1527156
0.177927
0.1542339
0.13083770000000006
0.13496990000000006
0.0771638
0.12196589999999999
0.10936989999999998
0.12397729999999994
0.1275223
0.1161549
0.09354119999999999
0.0938617
0.11327160000000001
0.11147780000000004
0.1208959
0.2135731
0.21477070000000004
0.1308239
0.2125542
0.1297282
0.1372448
0.10826600000000002
0.2420451
0.1038049
0.18450100000000005
0.1387065
0.1222024
0.075616
0.1393334
0.06928509999999999
0.1612836
0.1686551
0.1159132
0.1272461
0.15322940000000002
0.1143498
0.06058810000000001
0.1250203
0.0765064
0.08310270000000003
0.0830548
0.1156845
0.08433660000000001
0.0924621
0.083763
0.08061350000000002
0.08435100000000001
0.1043086
0.1135
0.0965693
0.0990264
0.09692780000000001
0.1352751
0.1445629
0.10098749999999998
0.11414449999999995
0.0907088
0.13978680000000002
0.120056
0.1393142
0.128165
0.1376806
0.14411779999999996
0.147755
0.15269000000000002
0.1569922
0.14196470000000005
0.1204495
0.0977087
0.12615059999999995
0.1523239
0.11631529999999995
0.1150457
0.11568810000000004
0.1705458
0.11050460000000001
0.0961352
0.13545179999999998
0.0888487
0.2580705
0.22426079999999998
0.1861444
0.1867113
0.1369434
0.12224700000000001
0.16883610000000002
0.1002885
0.15906199999999998
0.1334369
0.15712089999999998
0.1304872
0.16165819999999995
0.14675110000000002
0.16541211
0.14555976
0.15561165
0.17321431
0.21014857
0.17547521000000002
0.18259206
0.16949715
0.13509421000000002
0.16741346
0.16911215999999998
0.16195401
0.18207614
0.16989418999999994
0.16506084
0.1583862
0.16384164
0.13184209
0.08481614000000001
0.09305478
0.15163068000000002
0.08096567999999997
0.15330233999999998
0.11594514
0.15232509
0.25600809
0.31672395
0.36164122
0.23080056
0.13057915
0.11856684
0.10650049
0.17928770000000002
0.21280841
0.21102984
0.21465894
0.22569174
0.18494209
0.19985534
0.19242354
0.20212074
0.17070533999999998
0.1907759
0.18967209
0.25043114
0.22451695
0.17273524
0.23700621000000005
0.18116754
0.18851584
0.23214141
0.18533659
0.21984689
0.21203054
0.26347903999999994
0.20432254
0.18821189
0.2150458
0.27323943999999994
0.17276099
0.42500285
0.46755926
0.46726655
0.47461677
0.46443456
0.47260491
0.47726986
0.4660844
0.47535196
0.47552127
0.47292478
0.46201342
0.14048767
0.13006552
0.13735726
0.12513136
0.1309987
0.09947545
0.12727994999999998
0.10275625
0.17975626
0.14594545
0.11722414
0.11179764
0.12092144
0.07450394
0.1520736
0.1240951
0.12850768999999998
0.10759969
0.17146193999999998
0.14385420000000002
0.12688718999999998
0.14877731000000002
0.1622635
0.13991615
0.16062035000000002
0.11839697
0.14023875000000002
0.2265455
0.22195475
0.19164597
0.27953481
0.16947114000000002
0.32771130000000004
0.30471329999999996
0.34140491
0.28288709999999995
0.28675705
0.22622275
0.25149854
0.18822601
0.2122518
0.16088744
0.17237377999999998
0.1393699
0.14343929
0.16994569999999998
0.14299345000000002
0.14672793999999995
0.175567
0.15606655
0.13450279
0.17179515
0.22777921
0.2098105
0.23680501000000004
0.15126174
0.1762642
0.16949295
0.19735355000000007
0.17359644000000002
0.20010378999999995
0.18881154
0.17566244
0.15504094000000002
0.18132709
0.15493743999999998
0.14665889999999998
0.22454179999999996
0.14905341000000005
0.18363245
0.14025263999999998
0.14506424
0.18689551
0.18330627
0.16592536000000002
0.15129464999999995
0.20352006
0.16673611000000002
0.21180705
0.21492345
0.23411111
0.2112558
0.19893135
0.2121255
0.1930224100000001
0.1600491
0.20318296
0.21028645
0.2231212
0.16405119
0.1670307
0.15050374
0.19363685
0.15410225000000002
0.18846484
0.16244829
0.15988708999999998
0.15923219
0.15517874
0.14292138
0.15762458
0.13712749
0.16183959
0.14531569
0.15306609000000002
0.13427414
0.14098979
0.11895979
0.14792778
0.13089639000000006
0.12290338
0.15803664
0.17499199
0.16331624
0.17363468
0.14620263
0.15134488
0.17672269
0.15121818
0.13978343999999998
0.15785284
0.13454909
0.14499728
0.18772384
0.13961753999999998
0.12751714
0.14136889
0.14197153999999998
0.14546539
0.13440453
0.17905318
0.14041633
0.15823263
0.13881718
0.15320277999999998
0.17121864
0.20615264
0.13938964
0.16170805
0.1492378
0.15592674999999998
0.2424501500000001
0.21907215
0.15766001000000002
0.23640605
0.27266877
0.14582924
0.17283634
0.30052962
0.24867362
0.15993141000000002
0.15192361
0.14227541
0.17927720000000005
0.17041214000000002
0.14814711000000005
0.20947754
0.16721145
0.17215430999999998
0.19839129999999996
0.15609244
0.1646928
0.14205434
0.13951029999999998
0.16726809
0.15238385000000002
0.20754281
0.14264805000000005
0.12695141
0.15912226000000002
0.16955731
0.16749085
0.18017545
0.16915846
0.19871941
0.18890421
0.20167906
0.20396321
0.18723675
0.13896081
0.11521615
0.10637085000000003
0.13619336
0.12315145
0.15572831
0.17336601
0.19089236
0.15138485000000002
0.17000289999999998
0.19680691
0.18406556
0.18581826000000004
0.19077555
0.20964431000000008
0.14178939999999998
0.13779919000000002
0.15604099000000002
0.14229794
0.15229964
0.13987614000000004
0.13699464
0.17619300000000002
0.15026199
0.16481231
0.1812414
0.16996375
0.16137304
0.16502825
0.13362934
0.14026419
0.21702804
0.21861415
0.20787575000000005
0.21104320000000001
0.21084851
0.18987654
0.20251235
0.19488239999999998
0.19291070000000002
0.18673974
0.1835078
0.21007211
0.14969974
0.15372334
0.1589205
0.18866086
0.18418045
0.17333024999999996
0.1688436
0.15713178999999994
0.11918278999999996
0.16218644999999998
0.135654
0.16429275
0.17604035999999998
0.16940719999999998
0.15721139
0.1375745
0.152766
0.17419264
0.16873199
0.14583579999999996
0.15236190000000002
0.1453225
0.13574614999999998
0.14406399999999994
0.14945735
0.15517561
0.16093171000000006
0.15705341
0.1571451
0.15891255
0.16948615
0.16146693999999998
0.16445340000000006
0.16698759999999999
0.18262625
0.16987535
0.17215619999999998
0.18224154
0.17882384
0.17624083999999998
0.15832668
0.14799759000000004
0.15069564000000002
0.15171168999999998
0.07936549999999999
0.10666245
0.11395816999999996
0.18295354
0.17253331000000002
0.17476311
0.14489351
0.08063359
0.07802070000000001
0.13949554000000006
0.09353359
0.08891703999999999
0.10630159
0.16234854
0.12848959
0.07880063999999999
0.11822254
0.15284419999999996
0.21741841
0.2397225
0.17363645
0.17300236
0.11118108999999997
0.17058953999999996
0.12959809999999994
0.15100560999999998
0.16874572
0.14662430999999998
0.09911736
0.11789436
0.16195641999999993
0.13227086
0.15434232000000006
0.08906045
0.18299036
0.12167245
0.14086141000000002
0.09497545
0.10097054
0.19938029
0.14802764
0.1500465
0.27238727
0.13595541
0.09558354
0.14880454
0.16121954
0.1022535
0.14828255
0.10222768000000004
0.09655429
0.12429859
0.13243759
0.12746989
0.12612968
0.14243338
0.15670674
0.08926368000000001
0.10843764000000004
0.18630499
0.26633959
0.13224149999999998
0.15501631
0.15548299999999998
0.195258
0.1728191
0.17172700000000002
0.17173699999999995
0.15987000000000004
0.169708
0.1784157
0.16887399999999994
0.131629
0.15366904000000006
0.14900793999999998
0.19940033
0.34189958
0.25400647
0.13170749
0.22040084
0.33614451
0.29034541
0.29740041
0.23180155
0.23423235
0.2588474
0.00035569999999999997
0.0356947
0.0468058
0.037318000000000004
0.038966
0.042519
0.054849
0.04557
0.044528
0.037670999999999996
0.0001087
0.00010590000000000001
0.00010680000000000001
0.00011059999999999999
0.0001135
0.3889992
0.31885600000000003
0.333577
0.32609000000000005
0.288605
0.342586
0.3509244
0.27091570000000004
0.1908629
0.22476329999999997
0.28674000000000005
0.23026829
0.23724879
0.22015224
0.18761829
0.17104367999999998
0.25048248999999995
0.24067354
0.22481674
0.12553393
0.14070018
0.14699888
0.13887132
0.14030972
0.08522388
0.08261973
0.17509532999999994
0.02777942
0.04908527
0.04075917
0.05011112
0.07181137
0.02966912
0.05766067
0.11493777
0.03340356
0.04216118
0.08593078999999999
0.21808498
0.12937911999999996
0.11000612
0.09664177999999997
0.08429377000000003
0.11607468
0.11850028
0.11835773
0.17757383000000002
0.10716497
0.12750862
0.12028392
0.14372602
0.13128711999999998
0.13587377999999994
0.14577583000000002
0.11616203
0.14466359
0.19637022999999995
0.17791478
0.19835823
0.19706733
0.18637689
0.17720167999999994
0.17944863
0.18246253
0.17825829
0.13625574
0.08796609
0.07965830199999999
0.08579548
0.11030458
0.11782668
0.13914112000000006
0.11303359
0.13488194
0.10756053
0.11672028
0.16561699
0.14698178999999995
0.14916624000000006
0.15632653999999996
0.14774603999999994
0.10409443000000004
0.18133033
0.12612169000000004
0.15670709
0.26264279
0.15134374
0.19568453000000005
0.14733154
0.16677963
0.20058068000000004
0.19540948
0.09787834
0.15465549
0.10758323
0.11398603
0.12627774
0.20847254
0.11659823
0.16859579000000005
0.15779353
0.22022859
0.12254144
0.16378899
0.18053299
0.20839734
0.15860299000000005
0.20759624
0.18776349
0.2376662900000001
0.16220469
0.16134923
0.11925613000000004
0.15587389
0.23524209
0.15972862999999998
0.19662388
0.16264809000000002
0.1954929400000001
0.16966529000000002
0.05316169
0.16779455
0.14250924999999998
0.21934535
0.17616715
0.19147289
0.27865755
0.21865535
0.2473698500000001
0.23939005
0.1806449
0.21458815
0.19105809
0.21736974
0.22225969
0.20085479
0.18976094
0.23063329
0.17451479000000006
0.17254909
0.10470211
0.14798823
0.10760574
0.13325239
0.09573339
0.15461333
0.16715799
0.15258608999999998
0.18727339
0.10496197999999997
0.13201049
0.10972943
0.12911949
0.17397824
0.10253837999999996
0.09033618
0.12447054
0.15198435
0.13147304
0.17375685000000002
0.14166014
0.10643509
0.19234555
0.18400019
0.17601444
0.22188825
0.2094933
0.18036165
0.12798374
0.20651369
0.11673003
0.14223083
0.13604258999999996
0.09354862
0.15595089
0.08846593
0.19238309
0.13519163
0.17617669
0.17534374000000005
0.15324633999999998
0.17092533999999998
0.20620459
0.18194634
0.17968920000000005
0.2419976500000001
0.18441285
0.22123535
0.19647275
0.19105450000000002
0.19438465
0.08411145
0.07627455
0.0932824
0.07414124999999999
0.0930192
0.09057599
0.08704809000000001
0.09720655
0.14107716000000006
0.13733476
0.12732831
0.12840606000000002
0.10738856000000002
0.10626076
0.13907429999999998
0.16889467999999996
0.17788382
0.12375751
0.34032396000000004
0.15017531
0.1268368
0.12255329
0.12026036
0.11585775
0.0962117
0.31098335
0.30259586
0.309158
0.30083305
0.29118721000000003
0.30051886
0.29241376
0.30866021
0.30815836
0.31071751000000003
0.32251566
0.30518629
0.28960475
0.29650481
0.30428396
0.30186756
0.30951816
0.32179571
0.31107046
0.30428821
0.12189996
0.10021047
0.30611944
0.23272752
0.26402941
0.18044112
0.19306503
0.21072898
0.20803554
0.17933967
0.24635183
0.15495915999999998
0.11690471
0.11355799999999999
0.0833944
0.09510565
0.1068901
0.11070050000000001
0.11295862
0.1012356
0.11350356000000004
0.17351650000000002
0.3044495
0.232327
0.1866509
0.2229635
0.2603384
0.2901846
0.2726593
0.1022404
0.23895210000000006
0.2309569
0.2529718
0.2445007
0.1014824
0.057105099999999985
0.0111767
0.2310054
0.2315717
0.4074057
0.4828639
0.44420779999999993
0.4488067
0.028743900000000006
0.4432428
0.448079
0.4504
0.4512967000000001
0.48423900000000003
0.4485380000000001
0.46428990000000003
0.4827917000000001
0.41460470000000005
0.44761759999999995
0.4460208
0.4421085999999999
0.4450396
0.4246116
0.4589287
0.4848034000000001
0.4830366
0.4564104000000001
0.4419446
0.4812666
0.4808585999999999
0.4759174
0.4640475000000001
0.4831253
0.4835393
0.4826903
0.4717295
0.4829453
0.4843253
0.4839424
0.4839005
0.4599162000000001
0.4486934
0.4713334
0.4750715
0.48091720000000004
0.4830832000000001
0.4819614999999999
0.48009620000000003
0.4801929
0.4534685000000001
0.4595134
0.4821227
0.4835707000000001
0.45196559999999997
0.4518321
0.4825935000000001
0.4604612
0.4798872
0.47905169999999997
0.47609399999999996
0.48168500000000003
0.48146890000000003
0.4822031000000001
0.48268990000000006
0.4693621
0.4536043
0.4497895000000001
0.45809390000000005
0.444251
0.4520708
0.4434412
0.4834013
0.4754138
0.465052
0.4610073
0.4723090999999999
0.4834253000000001
0.4839172000000001
0.4839829000000001
0.482942
0.404521
0.4118725
0.4821787
0.4601759
0.4482789000000001
0.4318689000000001
0.462301
0.47257390000000005
0.4692872
0.3795267000000001
0.35265959999999996
0.4842457000000001
0.4769735
0.4740425999999999
0.468726529
0.483130829
0.4538386290000001
0.483329529
0.420008629
0.473941929
0.465002283
0.483939979
0.482931839
0.479345989
0.4275269390000001
0.463860839
0.440589839
0.484994889
0.438880789
0.483637653
0.470198889
0.4791808790000001
0.433520039
0.446749379
0.459006839
0.440817939
0.480517939
0.477936979
0.469344129
0.4806050790000001
0.171419942
0.327705436
0.23035440199999999
0.303522702
0.177534352
0.194315608
0.19915069800000001
0.189603788
0.196212568
0.196279662
0.220565632
0.180614558
0.17902183800000002
0.281422632
0.283226452
0.137254072
0.15627970900000002
0.43168212899999997
0.33801094600000003
0.303244002
0.235411206
0.234594616
0.21714238600000002
0.246043942
0.244791106
0.221809952
0.2410489660000001
0.314414526
0.33790265299999994
0.25356816600000004
0.26761311600000004
0.260016522
0.268752926
0.317614856
0.27166609900000005
0.26632357199999995
0.251419726
0.226458099
0.26206163600000004
0.408567396
0.3542882460000001
0.462124436
0.421992049
0.442915099
0.40230992600000004
0.33373189200000003
0.34347584200000003
0.33150594200000005
0.293868726
0.35810516200000003
0.358337432
0.353967562
0.3592965220000001
0.3595655720000001
0.3035196560000001
0.417856176
0.365026826
0.3774107820000001
0.367407572
0.3630315220000001
0.37207247200000004
0.367348522
0.357721332
0.2132247260000001
0.271082826
0.155246726
0.045543866
0.17533768200000002
0.264028082
0.245542032
0.22100431200000006
0.233981842
0.233869122
0.25799817199999997
0.23993210199999998
0.231564302
0.031198472
0.195277322
0.364533272
0.313805232
0.34997932200000004
0.35148741200000005
0.352971372
0.35288841200000004
0.33653932200000003
0.279805738
0.191788918
0.195973018
0.19541905800000006
0.13751496800000002
0.130050832
0.18869664200000005
0.19176855199999998
0.247906462
0.207899372
0.200886602
0.187239602
0.199160878
0.193716502
0.20012160199999998
0.217886692
0.19708592
0.13222365
0.32047618
0.3729226
0.39262274
0.40537965
0.40216865
0.38956755
0.38115751
0.41560341
0.26288241
0.33456660000000005
0.39132365
0.3208861
0.4532710999999999
0.41827518
0.33267923
0.31392818
0.39314251
0.18791637
0.37495637
0.38686732
0.23887555
0.19189269
0.16638921999999998
0.18703029
0.23523074
0.22432832000000005
0.31850923000000003
0.28671123
0.463424
0.448508
0.45335652
0.3940491
0.29415537
0.19679618
0.18041989
0.21661467
0.26018172
0.32469337
0.41173427
0.33669337000000005
0.38909718
0.42051818
0.39496218
0.3176211
0.28654265
0.29673259999999996
0.29395674
0.28845451
0.28222659999999994
0.25684158
0.35639818
0.4370291
0.39997627
0.35676045999999995
0.34332332
0.37285337
0.19876532
0.196383
0.17473152000000006
0.19564310000000001
0.12783469
0.13198246000000002
0.10825307
0.14756960000000002
0.12909151
0.12468123
0.19046832
0.12635646
0.11075398
0.11229603
0.11400025
0.07895964999999999
0.08746297
0.06812317
0.24119570000000004
0.17501717
0.07148898000000001
0.15047602
0.21586175
0.24000170000000004
0.09937956
0.09256304
0.1638364
0.06925782
0.08148438
0.20288585000000006
0.21288375
0.24005408
0.2473717
0.23314575
0.20365389
0.23972359
0.1799625
0.24334116
0.33559845
0.31708592
0.23037268
0.22628707
0.25525884
0.2217736
0.20547250000000009
0.3889013
0.23748445
0.28366877
0.25964149999999997
0.27897551
0.23066798
0.2289288300000001
0.22877302
0.26228948
0.21306783
0.20672771
0.24604715
0.25103666
0.19402446
0.24135584
0.23866742
0.23117008
0.18758445
0.18913078
0.25779558
0.25403582
0.23777542
0.22890542
0.25909956
0.25176656
0.25048965
0.20838165
0.24897370000000002
0.19121385
0.19273978000000005
0.23856583
0.24151382
0.29958678000000005
0.30241388
0.28681484
0.30729293
0.32677575
0.3212576500000001
0.3056146899999999
0.35230226
0.3476904000000001
0.30108684
0.2879834000000001
0.4337378000000001
0.40682918
0.24352725
0.25651517
0.28407908000000004
0.07538341999999999
0.07190742
0.24669356
0.15252589
0.19710003
0.19521669
0.29621335000000004
0.31858308
0.18458223
0.21412284
0.31499513
0.30429846
0.29771061
0.21245222
0.22582391
0.24960176
0.25188401
0.26602942
0.31806992
0.27866306
0.26273345
0.29058851
0.28317781
0.22066005
0.10705088999999998
0.25280869
0.17307775
0.18702065
0.18134059
0.16067720000000002
0.12569891
0.18644762
0.19299897
0.2042031
0.19150045
0.19591589
0.15674669
0.17157581
0.1756336
0.13890942
0.19337911
0.0245633
0.02959221
0.2016964
0.21325819
0.20051152
0.1711775
0.20221173
0.19984865
0.19473984000000005
0.25193198
0.17299693
0.28165166
0.26060871
0.20480761
0.18542569
0.19058626
0.16082697
0.18169333
0.18457149
0.18173914
0.25683652
0.24415224
0.30438366
0.22767037
0.24090187
0.22888981
0.08902993000000001
0.09535015
0.11070111
0.09574542
0.08796365
0.15813006
0.12998411
0.12431016
0.12152934
0.21358921
0.24922222
0.25441061
0.19470252
0.16855071
0.20546643
0.22028738
0.18746815
0.18787685
0.23546308
0.1939558
0.25295885
0.22812495
0.22890299
0.03602266
0.03426238
0.07102884000000001
0.07715701999999999
0.07014907000000001
0.09341424
0.0998612
0.12246501
0.1172832
0.13151113
0.12124616
0.0869382
0.09078247
0.08987270000000001
0.30329666
0.31500480000000003
0.29372099
0.20583803
0.18674831
0.21117894
0.21512416
0.28517889
0.27150718
0.27501016999999994
0.27553708
0.26734634999999995
0.27650795
0.26668426
0.2723260799999999
0.2704209799999999
0.2727921199999999
0.2803257
0.2720197999999999
0.27154794
0.27605598
0.27563207999999995
0.27585198
0.26331721
0.26155831
0.25807331
0.2757018800000001
0.25452585000000005
0.2792888
0.04733778999999999
0.04310433
0.0630851
0.03482714
0.04514251000000001
0.23235143
0.23155770000000006
0.22596179
0.25271579
0.29136684
0.25158288
0.19061374
0.31489765000000003
0.29656174
0.24452378
0.29631703
0.29795656
0.30625886
0.30254114
0.2999151
0.13088028000000002
0.18482642
0.2406817
0.30538756
0.19130314
0.01843711
0.01888865
0.132105
0.131188
0.032478
0.0330151
0.133295
0.1216741
0.1235091
0.1217461
0.12392
0.12284310000000001
0.135457
0.13
0.125028
0.122304
0.120941
0.1207511
0.1210091
0.1203671
0.12661
0.13076500000000002
0.131153
0.13136599999999998
0.127112
0.126272
0.12190483
0.12051888
0.12133678
0.11921199999999997
0.11623192
0.11806692
0.11720892
0.11897083
0.11945278
0.11869288
0.11361897
0.11822487999999998
0.12049677999999996
0.11896888
0.11604092
0.11308399999999999
0.12075288
0.12058288
0.12666487999999998
0.12587518
0.11374610000000004
0.023012900000000003
0.022462480000000003
0.13563899999999998
0.138407
0.135348
0.035253690000000004
0.0349636
0.03477165
0.09709775
0.10126666
0.0972047
0.08160585
0.1042638
0.15346932000000002
0.17182179999999994
0.09744673
0.09838912
0.09778264
0.19032428
0.23973898
0.23632197
0.2334873
0.25585535
0.23396308
0.25282268
0.24472328
0.24775902
0.25126438
0.24834609
0.28525836000000004
0.28997707
0.28534141
0.28748012999999994
0.20609693
0.19722912
0.2359681700000001
0.23065475
0.23206397
0.23220087
0.29963337
0.29414036000000005
0.25755152
0.2454631
0.07501300999999999
0.08196898
0.28255924
0.322827
0.09444208
0.06760682
0.14515473
0.16027568
0.13927393
0.14722433
0.13574643
0.10713924
0.15075534000000002
0.12710473
0.12513273
0.16000673
0.12179072
0.07880417
0.08988392
0.07830156
0.12269908
0.10003912
0.11084247
0.08534425999999999
0.10242571
0.12195261
0.13282736
0.13600536
0.11940366
0.0483177
0.04413844
0.06488735
0.05897521
0.07243095
0.06926303
0.07795321999999999
0.12108819
0.24950242
0.26854892
0.30112012
0.2368058700000001
0.22191712
0.22079276
0.2309428600000001
0.22673182
0.16158458
0.21925376
0.24434822
0.26440662
0.22575607
0.05321717
0.103023
0.17343118
0.02993352
0.06627901
0.029761899999999994
0.05851234
0.05781528
0.11001009
0.04833458
0.052311090000000005
0.05286062
0.06118847999999999
0.06569262000000001
0.05925581000000001
0.2052831
0.2234839
0.2376189
0.2191211
0.1362989
0.06288341
0.06107265
0.07221989999999999
0.06144804
0.02992023
0.04796204
0.02814418
0.06961033
0.06083114
0.07781789000000001
0.06709322
0.11963321999999996
0.08813427000000001
0.05831447
0.05195454
0.06182765
0.05205015
0.03072991
0.06799561
0.10806195
0.17465846
0.16559093
0.1452487
0.1845098
0.07742923000000003
0.06493204999999999
0.058079050000000014
0.02746772
0.06217919
0.02746572
0.029636280000000008
0.06430343
0.04451934
0.06556319000000001
0.06097961
0.06692013
0.05447566
0.034752370000000005
0.09724108
0.12256641999999998
0.09480181
0.09944595
0.06819785
0.13206627
0.162769
0.15294397999999998
0.1484067
0.2038945
0.12618799999999994
0.1950917
0.1936618
0.19194680000000008
0.18962679999999998
0.1907609
0.1954159
0.17602089999999998
0.1984527
0.16821199999999994
0.1906199
0.158417
0.12924243000000002
0.17066627
0.14639441999999994
0.11469542
0.13733266
0.15064837
0.18717708
0.1350958
0.1982876
0.16014460000000005
0.17744520000000005
0.2361883
0.1810684
0.142123
0.16542106999999998
0.1911528
0.15172679999999994
0.1924458
0.16074979999999994
0.13923407999999998
0.20309508
0.21224317
0.2113889
0.1772106
0.17019979999999998
0.15154013
0.13104069999999998
0.19822060000000002
0.2007185
0.152833
0.19291108
0.195303
0.2090208
0.21683870000000002
0.191678
0.13877221
0.0940415
0.101344
0.160571
0.14874013
0.142517
0.16764017
0.14926226999999995
0.17107213
0.07565418
0.11234913
0.10126022
0.09952751
0.11417023
0.11198122
0.07760685
0.08538699
0.07326909
0.0841112
0.1614398
0.161172
0.1923958
0.2063126
0.2284154
0.1575579
0.17416779999999998
0.170879
0.1546129
0.13670907999999998
0.1533606
0.16651570000000002
0.0739049
0.06895781000000001
0.06776061
0.107603
0.13554957
0.10201217
0.40382482
0.4693699000000001
0.37678286
0.10677298999999996
0.09039446
0.07491293
0.07348323999999999
0.07303913999999999
0.09222391000000002
0.09507295
0.08301913
0.08092381
0.08414815
0.08820033
0.08750766
0.080844
0.137648
0.152239
0.14557791
0.15609647
0.19161971
0.20779557
0.19435475
0.16836871
0.15960003
0.08901382
0.11040449
0.09026577
0.10495509
0.05773688
0.04726339
0.03174702
0.03709852
0.02547802
0.08488245999999999
0.07146498
0.06091770000000001
0.08624732000000003
0.08804666
0.15482995
0.12748729
0.16267006
0.15463405
0.14146715
0.14570857
0.30401750000000005
0.3069768
0.2289935
0.09002653
0.10479634
0.09426508
0.08388737
0.08332935999999999
0.08198546
0.11215838
0.08293492
0.126659
0.1227609
0.18439423
0.17703595
0.20921466
0.19722146
0.19460732000000008
0.19495261000000005
0.19880951
0.18887431
0.10264305
0.10506758
0.08508621999999999
0.09991218
0.08503116
0.08518387
0.14063532
0.14546313
0.14834874
0.14701954
0.14502848999999998
0.20108991
0.18428695
0.13935594999999998
0.08479779
0.08377772000000001
0.2240233
0.2241878
0.14491081
0.14337804999999998
0.20367135
0.2021456
0.20530825
0.2041618
0.19931575
0.13841353
0.14072627999999998
0.08012530000000001
0.0797427
0.08008672
0.08262062
0.08349062000000003
0.07891274999999999
0.10159845
0.1068483
0.10169595
0.0984621
0.09923375
0.09175318
0.09501804
0.17780107
0.1070678
0.10962925
0.11933555
0.11889851
0.15898316999999998
0.13528521
0.10546311
0.09452759
0.08927872
0.09450111
0.13575345
0.18613877
0.10430516
0.10004419
0.09710623
0.1087037
0.09791195
0.16205684
0.15798184
0.15693310000000002
0.14505975000000002
0.15227034
0.14282715
0.14884435
0.15067210000000006
0.17073604999999994
0.17201349999999999
0.17093029999999998
0.17057805000000004
0.16888675
0.15340515
0.1673404
0.16022674
0.16196821
0.10013534000000003
0.10470879
0.03165071999999998
0.04625201
0.1404705
0.1627181
0.14668586
0.17359560000000002
0.15475429999999998
0.13872920000000002
0.10134323
0.07847678000000001
0.1469834
0.17989348
0.16073357
0.15456967
0.15440417
0.1538736
0.12320073
0.14004537000000006
0.14254742
0.15993747000000005
0.14276342
0.2085572
0.2251672
0.2161033
0.22410548
0.2306967
0.20275517
0.10661477
0.08164394999999999
0.09161495
0.15005962
0.10999257
0.04725037
0.08583207000000001
0.10048891
0.11253901
0.17197225
0.17578077
0.14557045
0.16128100999999995
0.10497915
0.10767631
0.155792
0.15054078
0.1544526
0.09232660000000001
0.0984942
0.09032357
0.10973540000000001
0.1817508
0.1707045
0.14745919999999998
0.1557748
0.15904639999999998
0.1479917
0.2255242
0.2671061
0.28845909999999997
0.2431029
0.2273357
0.1275265
0.1228494
0.11490920000000004
0.17567818000000002
0.2074105
0.19335850000000002
0.1853075
0.2128818
0.203203
0.16766389999999998
0.1973774
0.1974318
0.1275424
0.147251
0.0639946
0.08554869999999999
0.06683006999999999
0.05003275
0.06406101
0.06021996
0.07208471
0.15551382
0.14982922
0.15206512
0.16897381
0.16872917
0.18112702
0.18355148
0.19027017
0.12083407000000004
0.11041227
0.11262473
0.12577186999999998
0.18028607
0.19847753
0.22415108
0.13761715000000002
0.13090280999999998
0.13010465
0.10288829
0.09860604000000002
0.03887295
0.09867818
0.10548314
0.13557805000000006
0.11451054000000002
0.11511858
0.11404948
0.11938354
0.11241785
0.10522539
0.09821043
0.09738132
0.03328648
0.04173457
0.06272130000000001
0.1098503
0.03708789
0.11059344
0.09605053
0.09571962
0.14753595
0.14975021
0.14452501
0.10259265
0.09898874
0.09837543
0.09720548
0.09978638
0.10098038
0.12814374
0.16624399
0.11163469
0.16535514
0.17034905
0.18274925
0.16299398
0.18095415
0.18148976
0.12811022
0.0608933
0.06241571
0.07583016000000001
0.06746651000000001
0.034535819999999995
0.03672112
0.04160593
0.1143743
0.1302885
0.06842369999999999
0.04130948
0.04146418
0.09954239
0.11359390000000005
0.10020319999999999
0.10523371
0.11764812
0.1911888
0.15856829
0.09388788
0.15397707000000002
0.14934612
0.14951831999999998
0.15348978
0.15355357000000006
0.18027345
0.16606962000000006
0.10233468
0.17425638
0.17869400000000002
0.16121828000000002
0.09734259
0.11004718
0.10054222
0.08746857
0.08032645
0.023482550000000005
0.0231682
0.02780806
0.03155301
0.02775276
0.02568856
0.030704670000000007
0.03018689
0.033836260000000014
0.0238134
0.02579841
0.023407450000000003
0.02845591
0.02488695
0.02753075
0.02950803
0.02679606
0.03237546
0.02658045
0.03073156
0.0332597
0.03724291
0.031232209999999993
0.025618150000000003
0.02726886
0.03339433
0.03120007
0.03048996
0.03108392
0.03235584
0.02527852
0.08118225
0.08677371
0.09016341
0.09120291
0.09091918
0.14430378
0.15085447000000002
0.14832484999999998
0.14749572
0.09068272
0.09232996
0.09440846
0.08907575
0.08806060000000003
0.022997
0.02694565
0.08855855
0.08807418
0.14736822
0.14585512
0.14769842
0.14949922
0.14982772
0.15182562
0.08715097
0.09036247
0.08662465999999999
0.08617477000000001
0.14922887
0.15019882
0.14843192
0.14828586000000002
0.15158667
0.15408017
0.15406882
0.15744563
0.15214967
0.14976832
0.08777736
0.08929881
0.08771685
0.09217525
0.03109187
0.02804591
0.034159760000000004
0.027664700000000004
0.03648802
0.02994132
0.031672860000000004
0.03313141
0.03687002
0.02582546
0.03062986
0.02768946
0.03537938
0.04250292
0.10423035
0.03633219
0.03172678999999999
0.04648798
0.08073928
0.09492533
0.09117523
0.08700321999999999
0.09036272
0.08992794000000001
0.14668692
0.14738023
0.14605138
0.153285
0.16003841000000002
0.16255846000000002
0.15567385
0.16215135000000006
0.15128628
0.08989804
0.09014798
0.09370598
0.09105853
0.02896676
0.028949670000000007
0.025430450000000004
0.029091160000000005
0.025467310000000003
0.02733635
0.02626311
0.06940814000000001
0.07070567999999999
0.13760930000000002
0.09103517
0.07732546
0.07332615
0.07958926
0.07417660000000001
0.07568856
0.07497185
0.07417715
0.07478578999999999
0.07076365
0.07399449
0.07602391
0.07930285000000001
0.08151267000000001
0.0797206
0.0849331
0.10728274999999997
0.10932801
0.10556206
0.06158895
0.04878905000000002
0.10166410000000001
0.1245202
0.0844001
0.10756169999999997
0.06499500000000001
0.07767911999999999
0.05484477
0.10581084999999996
0.14621581000000006
0.18735137
0.13141741999999998
0.10846789
0.11882767000000002
0.10303459
0.10666289
0.10832399
0.10372969
0.05233624
0.04107278
0.06192230000000001
0.08504793000000002
0.06872305000000001
0.08165525
0.05976605
0.05878065
0.05115935000000001
0.04748364
0.05719708000000001
0.05803559
0.03985294
0.07157700000000003
0.04871755
0.05232529000000001
0.03498778
0.04764576
0.07009526999999999
0.0552389
0.05159089000000002
0.052652
0.03655048
0.04039494
0.03770588
0.07789209000000001
0.10764501
0.10836721
0.10642511
0.10654676
0.10339020000000004
0.10327715
0.10458521
0.11289543
0.13152529999999998
0.09847721
0.05384974000000002
0.06518305
0.06006824999999999
0.04884029
0.04833179
0.13552501
0.13874896
0.09972945
0.04493523
0.04284583
0.04180848
0.04448632
0.04161292
0.03678428
0.04035803999999999
0.04164259
0.04004523
0.03841918
0.04231603
0.03689127
0.03593514
0.05133335000000002
0.17721719
0.17508689
0.16178323
0.15984309
0.16152783999999998
0.15844918
0.15990244
0.15797698
0.15683903
0.15111558
0.15488068
0.17677529
0.21126298
0.17458635
0.17212859
0.16085115000000005
0.03918878
0.03765068
0.04774625
0.04516938
0.04643558
0.06861021
0.08017071
0.07225586
0.08206156
0.07894381
0.08415779000000001
0.08710005
0.0905818
0.06821550000000001
0.04900165
0.033350099999999994
0.03457008
0.03952092
0.07180365
0.043082020000000006
0.03630922
0.03152878
0.03203647
0.030722020000000006
0.03200964
0.17919253000000002
0.24942337
0.24434713
0.07429285
0.07489783
0.07315882000000001
0.07195257999999999
0.06573247
0.06758342
0.06786982999999999
0.07408954
0.061955519999999986
0.06878442
0.06645017
0.06512198
0.06891338
0.06556332
0.07220528000000001
0.08270208
0.07977253000000001
0.07460928
0.06501078
0.06481908
0.05843622
0.05830422
0.04648367999999999
0.13511461
0.1147046
0.11318756
0.09776080000000001
0.12663042
0.19396123
0.16674947
0.10629285
0.10679961
0.09524359
0.16487817
0.1837556
0.13901482
0.18863877
0.17128391999999998
0.10668119
0.09300335
0.14098628
0.2222518
0.16321789999999994
0.15872012
0.09400202
0.09150445
0.09988619
0.09632839
0.08929828
0.08707969
0.08934723
0.09499119
0.09072804
0.1014696
0.12129429999999998
0.13870710000000006
0.11748127
0.09994331
0.11429676
0.1383433
0.19874117
0.19672753
0.19885423
0.20655543
0.20338388
0.16531747
0.16558510999999998
0.15982256
0.16125140999999998
0.16063331
0.09286951
0.09473895
0.0996525
0.10704476
0.09646586
0.15492381
0.15610331
0.17123181
0.17949148
0.2077677
0.19454153
0.203767
0.20061510000000002
0.2066514
0.2117893
0.2063785
0.2169558
0.2123589
0.2133291
0.204144
0.12577149999999998
0.12465771
0.12967631
0.09600271
0.1916175
0.24660970000000002
0.2455334
0.06657136999999999
0.06774121
0.07234737
0.08328981
0.10045682
0.09493811
0.08281026
0.06366279
0.06722950000000001
0.04854568
0.04233453
0.06095125
0.09136693
0.044652980000000016
0.04905948
0.049414580000000013
0.05472374000000002
0.1132908
0.1591629
0.1565648
0.15694600000000006
0.12359198
0.08338266999999999
0.07386300999999999
0.07527046
0.07859971
0.07118635
0.12840156
0.12801091
0.09997947
0.10251198
0.10244418
0.09954642
0.10599543
0.04433418000000002
0.04154718
0.04590033
0.03859537
0.04899668
0.09960514
0.07453961
0.09903511
0.09359581
0.08834986
0.09448131
0.08688109000000001
0.08510249
0.10219897
0.2054334
0.2325454
0.1971183
0.1559723
0.13553983
0.10640447
0.07471592
0.1496949
0.1143835
0.0878052
0.08116910000000001
0.077752
0.08427369999999999
0.05624757
0.059917219999999986
0.05117936
0.06509672
0.06452797
0.06067953
0.0824673
0.0846817
0.1039453
0.062017969999999985
0.054668250000000015
0.05635075000000001
0.11400656
0.1877043
0.17193139999999998
0.11235177
0.10784017
0.05894241
0.058651649999999986
0.05708866
0.07908366000000001
0.12653901
0.061058809999999984
0.07221077000000001
0.05919186000000001
0.08350221
0.051811300000000005
0.04786309
0.04862245
0.04414499
0.04573051
0.04204141000000002
0.03699018
0.04081233
0.03752968
0.043011190000000005
0.03997843000000001
0.050842990000000005
0.06775201
0.04762234
0.04814659000000001
0.04221068000000002
0.04609809
0.043603740000000016
0.04560613
0.04863698
0.04876193
0.05077904
0.04323917000000002
0.04852186
0.04718880999999999
0.15887213
0.14139637
0.05472996999999999
0.16282661999999998
0.13766952
0.16467518
0.16762027999999998
0.16385497
0.16829882
0.11230716
0.16562343000000002
0.18354078
0.17373660000000002
0.11591071
0.15774737
0.16644509999999998
0.13801797
0.09697021
0.16389303
0.12445911
0.14057072999999998
0.08852150000000003
0.0520237
0.04624759999999999
0.09011427
0.05771276
0.04880317
0.07671674
0.08546151
0.04593931
0.04363565
0.03858068
0.04032118
0.03975863
0.03968973
0.04099508
0.04571954
0.04854363
0.04672513
0.049806180000000005
0.045200630000000006
0.04410912
0.04652728
0.04829055
0.05662415000000001
0.04770846
0.12528880999999994
0.1179864
0.1003635
0.09487951
0.05503864000000002
0.043931520000000016
0.03880197
0.05530229
0.07838181000000001
0.05775464999999999
0.061329599999999984
0.037909500000000006
0.06583388
0.10333389
0.09604879
0.09500663
0.0972345
0.06044908
0.09352275
0.09709621
0.09969765
0.09353484
0.03322928
0.034304870000000015
0.03287032
0.09305323
0.15590158
