0.1999971
0.2017016
0.1945856
0.1987163
0.2499225
0.21996880000000002
0.2045864
0.223954
0.15436450000000002
0.15591870000000002
0.1763316
0.16104540000000006
0.15460680000000004
0.154474
0.15490780000000004
0.2267321
0.37261859999999997
0.3654438999999999
0.14580400000000002
0.12987640000000006
0.13021860000000002
0.15652570000000002
0.17146860000000008
0.18099000000000004
0.15356370000000005
0.15841010000000005
0.17561639999999998
0.15721300000000002
0.17092680000000005
0.1587812
0.1535311
0.14784160000000002
0.15339260000000002
0.1278478
0.1453978
0.139654
0.13786020000000002
0.1618783
0.13386489999999998
0.15857050000000006
0.1612378
0.15833540000000002
0.14126680000000005
0.14637730000000002
0.13294500000000006
0.1062521
0.1097431
0.1567843
0.12875490000000006
0.14758580000000002
0.16322750000000005
0.1460769
0.1171055
0.17515590000000006
0.16793209999999995
0.12511780000000006
0.171665
0.1898053
0.13924920000000002
0.13251910000000006
0.145034
0.1386258
0.15079389999999998
0.173531
0.1792364
0.13988720000000002
0.1159521
0.1433159
0.1659006
0.162173
0.1591162
0.1412082
0.15831729999999994
0.1479493
0.11086209999999998
0.127797
0.1207883
0.127363
0.1454973
0.15323489999999998
0.1632811
0.17388539999999994
0.14874210000000002
0.1717558
0.1757249
0.184365
0.1381059
0.2298754000000001
0.20519020000000004
0.1408078
0.14673540000000004
0.1487921
0.1411302
0.1900116
0.316535
0.2517807
0.15554980000000002
0.1137377
0.12880670000000002
0.13323870000000002
0.135723
0.10561969999999998
0.13921060000000005
0.1352207
0.1321672
0.17493350000000005
0.11323679999999996
0.13635770000000005
0.15501640000000005
0.1350087
0.15932690000000002
0.15852160000000007
0.103884
0.11719300000000002
0.14539060000000004
0.14092729999999998
0.09281439999999999
0.12188679999999999
0.10723059999999998
0.0912377
0.0939059
0.12905689999999995
0.0763383
0.1326747
0.12898199999999999
0.1552707
0.16563110000000006
0.2169415
0.1532026
0.13149850000000002
0.1832479
0.1389351
0.16359
0.16401120000000002
0.17470829999999998
0.1722132
0.14171789999999998
0.16065220000000002
0.1208848
0.2028135
0.12280539999999998
0.1573562
0.139708
0.0965771
0.11613319999999999
0.13370320000000002
0.1346841
0.1530098
0.1916156
0.17518560000000002
0.1437885
0.166239
0.1830652
0.2034765000000001
0.1975704
0.2157804
0.1866527000000001
0.2314823
0.1865185000000001
0.2165366
0.1759341
0.17909129999999998
0.21744510000000009
0.21101080000000005
0.2547698
0.2010322
0.22242220000000001
0.2588632
0.2010443
0.22392820000000002
0.21471340000000005
0.2414506
0.2168487
0.21249870000000004
0.2147416
0.2327282
0.24829009999999999
0.25415059999999995
0.2367835
0.2423006
0.2119706
0.2333377
0.25986479999999995
0.2523058
0.2322158
0.2318848
0.2482706
0.183877
0.1824588
0.1576965
0.1674214
0.0982625
0.1074682
0.1612377
0.182832
0.17354579999999994
0.1479615
0.15333870000000002
0.18568080000000006
0.15187920000000002
0.1602273
0.2192415
0.20861670000000004
0.2199167
0.2535825
0.2417799
0.1833907
0.21964329999999999
0.2032298
0.23136089999999995
0.2541223
0.2542875
0.2127808
0.2362789
0.2465365
0.2033361
0.23898942999999995
0.1983188
0.21547708
0.22046280000000004
0.22462184
0.22042517
0.21534003
0.22240807
0.25550714
0.20753284
0.2571076299999999
0.22340478
0.22741190000000006
0.24604618
0.23944851
0.17931069000000002
0.18984446
0.17317539999999998
0.2273725500000001
0.17506637999999994
0.19846257
0.22312393
0.21238678
0.23298067
0.21158069
0.22068973
0.19389401
0.17930973
0.17604444000000005
0.17097109
0.19182364
0.19087647
0.18548632
0.20437573
0.21083969
0.19113639
0.21048397
0.16681064
0.19107364
0.15632159
0.15429906999999998
0.16661831999999996
0.18932783
0.16542637999999998
0.20266072
0.20253977
0.19161302
0.19496391000000007
0.24097783
0.13865821
0.14567965000000002
0.09826113
0.08676603
0.09382608
0.09138944
0.11357350000000002
0.09015389999999998
0.08785169999999999
0.0937294
0.14522100000000002
0.11015219999999999
0.08448579999999997
0.0799675
0.0934725
0.0926409
0.09015139999999999
0.0946417
0.10201460000000001
0.09670449999999996
0.13495129999999994
0.11137732199999999
0.13423770000000002
0.10322009999999998
0.1158244
0.1007444
0.1048875
0.08643369999999999
0.10440319999999999
0.0949842
0.1159688
0.0990099
0.1064235
0.1020948
0.10853919999999996
0.0767747
0.09373209999999996
0.0863546
0.06452459999999999
0.0763344
0.1231066
0.0880627
0.0733068
0.0670588
0.0933413
0.0912475
0.0904703
0.0974232
0.06786849999999997
0.0921936
0.0695469
0.08467999999999999
0.074853
0.0764
0.07460092
0.26823387
0.28392482
0.28876
0.2783640000000001
0.08073999999999999
0.0966
0.160588
0.071875
0.092782
0.08474799999999999
0.072621
0.06903999999999999
0.081385
0.1417525
0.11121589999999999
0.13482080000000002
0.11320469999999998
0.15803720000000002
0.19557370000000002
0.1870599
0.1742138
0.17672839999999998
0.1788328
0.1924259
0.1658579
0.15771729999999998
0.0811928
0.10958139999999998
0.0924585
0.13436096
0.19493162000000008
0.17821005
0.17701999
0.04690195
0.05366778999999999
0.02466384
0.23788619
0.2047491
0.25900619
0.22587429
0.05311324
0.04716009
0.0514855
0.05566195
0.05956275000000001
0.06496938999999999
0.06371159
0.06484868999999999
0.08971665
0.07709424
0.05152473
0.05878189
0.09455284
0.06736589000000001
0.06459420800000001
0.06400854
0.09842455
0.06624085
0.13882451
0.08595459
0.08966365000000003
0.08279824999999998
0.08727655000000001
0.07430339
0.08463714
0.12805539999999999
0.17696601
0.13866525000000002
0.0009222
0.013845699999999999
0.0139912
0.01577192
0.024299
0.03475742
0.04417222
0.02094358
0.01986222
0.00934016
0.00544719
0.0062258
0.00933775
0.005621720000000001
0.03032302
0.05530378
0.08953419
0.09358218999999998
0.00960839
0.07260939
0.06647
0.016518
0.024391
0.021301
0.02225106
0.06550396
0.12373187
0.16379087
0.14978196
0.15559482
0.17172687
0.15557257000000002
0.14133179
0.11785941
0.09458641
0.10499621
0.08582805
0.10215905
0.10749901
0.11279196
0.09451501
0.10134296000000002
0.11196287000000002
0.10072796
0.12352487
0.13266878
0.14581387
0.09921292
0.11530292
0.13212387
0.12888687
0.13214792
0.12831987
0.13143887
0.10796173
0.17346478
0.12976378
0.15887578
0.15493673
0.20328768000000005
0.08970673
0.18491259000000004
0.20677668
0.19913868
0.22653268
0.14502873000000002
0.11696673
0.13261587
0.09988287
0.08674896
0.10963087
0.09622992
0.11073992
0.09278287
0.10823487
0.11138487
0.14956787
0.08139301
0.09582401
0.08984322000000003
0.13571072
0.12296482
0.12209138
0.11785473
0.11639078
0.10234887
0.09826982
0.08631578000000001
0.08514973
0.21751008
0.25934378
0.34618854
0.18611584
0.228741
0.04566099999999999
0.12931700000000002
0.127274
0.22545189999999998
0.17884841999999998
0.2185177
0.1725973
0.10318373
0.09924334
0.12958829
0.01773146
0.07370487
0.24785318
0.25346278
0.06631907999999999
0.25785222
0.31233004
0.2496722
0.24493667
0.24329829999999997
0.24574671
0.24167404
0.24248699
0.24192314
0.21589767
0.19349177
0.06683973
0.06676647
0.06732300000000001
0.053397
0.0105931
0.0345212
0.06856709999999999
0.0838735
0.16233229999999998
0.3109237000000001
0.1397088
0.020950000000000003
0.0537527
0.0106902
0.0199303
0.034116900000000006
0.026498200000000003
0.033157599999999995
0.08225589999999999
0.06880820000000001
0.15710240000000006
0.07860039999999999
0.044613199999999985
0.036097500000000005
0.036987400000000004
0.0126019
0.011468399999999998
0.010037999999999998
0.0122325
0.0119345
0.072766068
0.07081447
0.1389787
0.1404241
0.14257820000000002
0.1787031
0.1693441
0.141654
0.16988309999999998
0.2355243
0.2136901
0.2018952
0.2523187
0.24309179999999997
0.15498520000000002
0.1627792
0.16838319999999998
0.15942309999999998
0.1666413
0.1706551
0.15798220000000002
0.14355720000000002
0.1572809
0.17203220000000002
0.1769592
0.16500050000000002
0.14732330000000002
0.14795339999999998
0.1874825
0.2029534
0.22026679999999996
0.19574149999999998
0.2271018
0.1684028
0.17674579999999998
0.17630839999999998
0.17542519999999995
0.1965254
0.229169
0.1808708
0.16354639999999998
0.0162212
0.1857036
0.1994413
0.201541
0.20177590000000006
0.1931528
0.20220610000000006
0.016515500000000002
0.037281600000000005
0.06864110000000001
0.1000721
0.08337919999999999
0.0842805
0.0790705
0.0965482
0.1281279
0.23335799999999998
0.1789345
0.17980000000000002
0.12404
0.13791099999999998
0.136837
0.137488
0.140416
0.115882
0.141603
0.14238099999999998
0.229807
0.25387800000000005
0.18504400000000001
0.216507
0.236932
0.243959
0.2455
0.2168380000000001
0.223917
0.198755
0.197741
0.178533
0.140766
0.145789
0.14291600000000002
0.140479
0.203869
0.2382657
0.2014451
0.18357
0.2334050000000001
0.1811
0.195355
0.13192700000000002
0.131456
0.156229
0.19988400000000006
0.153598
0.13239499999999998
0.128901
0.091434
0.111506
0.137756
0.12500999999999998
0.18233
0.226624
0.165312
0.24296
0.22105500000000006
0.240027
0.248822
0.161912
0.142726
0.15269100000000002
0.140705
0.141559768
0.131508
0.148635
0.17683100000000002
0.232253
0.185954
0.193701
0.17898
0.24983
0.263307
0.2464220000000001
0.239293
0.187314
0.137762
0.138466
0.142189
0.139442
0.166689
0.186859
0.14066900000000002
0.13617
0.139229
0.13650700000000002
0.187162
0.188388
0.1834240000000001
0.188282
0.190348
0.187427
0.183753
0.177669
0.186058
0.19105500000000009
0.190131
0.193049
0.189289
0.191442
0.18967699999999998
0.187459
0.220761
0.201049
0.182314
0.128132
0.102627
0.099693
0.175058
0.13816900000000001
0.197353
0.12023900000000001
0.11941900000000001
0.15695199999999998
0.102167
0.14953699999999998
0.187557
0.222615
0.18127000000000001
0.209997
0.172449
0.07903400000000001
0.07851699999999999
0.16198900000000002
0.160051
0.23935700000000001
0.240788
0.250153
0.258891
0.211674
0.21596
0.19686
0.214351
0.216224
0.19417500000000004
0.214999
0.194632
0.172796
0.183781
0.165748
0.114894
0.15193900000000002
0.141004
0.136069
0.19256100000000004
0.235621
0.252895
0.223102
0.25457
0.216749
0.19545
0.194849
0.14086429999999994
0.182319
0.22599499999999997
0.236917
0.21670100000000003
0.071835
0.07588199999999999
0.10352
0.07846600000000001
0.062417999999999994
0.048304
0.052717999999999994
0.070559
0.12032000000000001
0.067524
0.07335799999999999
0.07199
0.074363
0.153577
0.152177
0.11407
0.103643
0.13263599999999998
0.15105300000000002
0.155178
0.130807
0.131298
0.127052
0.13144699999999998
0.14341900000000002
0.177015
0.132468
0.131465
0.114086
0.130421
0.17172400000000002
0.16878200000000002
0.188488
0.186217
0.14105499999999999
0.121981
0.135901
0.17776299999999998
0.182599
0.193704
0.223604
0.194297
0.192329
0.190687
0.192272
0.190719
0.18997200000000009
0.191756
0.191478
0.18895
0.193937
0.190657
0.18834
0.189244
0.182726
0.206615
0.22555999999999998
0.187411
0.17130499999999999
0.170502
0.190437
0.19178800000000001
0.175906
0.16526400000000002
0.171182
0.079332
0.06759599999999999
0.06794800000000001
0.071853
0.176912
0.07000999999999999
0.067737
0.24251999999999999
0.246283
0.254316
0.2530018
0.199177
0.198168
0.011604
0.010666
0.011642
0.0125162
0.0120516
0.0122319
0.0118187
0.0137327
0.0182768
0.0153411
0.0131894
0.014631600000000003
0.0128648
0.0123959
0.0128635
0.0120778
0.0144705
0.0132273
0.0138292
0.014032799999999998
0.010513000000000002
0.0107368
0.0111353
0.011606
0.0108794
0.0111856
0.0114779
0.0122687
0.0169138
0.0168864
0.0141434
0.014019799999999997
0.0149835
0.0108405
0.018028299999999997
0.0520557
0.014401400000000003
0.0147833
0.0141627
0.0138317
0.0122623
0.0109958
0.015576
0.0580828
0.0628791
0.0593868
0.08214529999999999
0.0122864
0.013781
0.014574500000000002
0.0117956
0.0109585
0.0130056
0.012646200000000002
0.011779200000000002
0.0118407
0.013265200000000001
0.0146428
0.042576300000000004
0.0673134
0.049899
0.0745686
0.0243448
0.0283567
0.0497174
0.0555866
0.0164378
0.032443400000000004
0.0617129
0.0564846
0.032939599999999986
0.048384
0.0285167
0.0114451
0.06628889999999997
0.0424022
0.0686293
0.0338615
0.014090600000000003
0.0126621
0.011473700000000002
0.0117711
0.0131735
0.0562744
0.0829352
0.08842749999999999
0.08259580000000001
0.08408790000000001
0.1341401
0.0856904
0.0792926
0.0903601
0.0727949
0.1659243
0.14850560000000002
0.14570379999999994
0.17498529999999998
0.17454260000000002
0.16897279999999998
0.1802008
0.12575789999999998
0.128636
0.14265899999999998
0.150955
0.034173300000000004
0.028130300000000004
0.030126
0.06275449999999999
0.071892
0.028914299999999997
0.053996800000000005
0.0760135
0.0281714
0.0291134
0.028552300000000006
0.0283916
0.0297592
0.030041
0.0275588
0.030256400000000006
0.07095510000000001
0.0658194
0.0275386
0.0296212
0.0324507
0.06983049999999999
0.08929329999999999
0.0305173
0.078792
0.06780840000000002
0.08334989999999999
0.07092169999999999
0.08036339999999999
0.041297
0.0302433
0.030356900000000006
0.033693
0.21979189999999998
0.2330219
0.0994028
0.1353675
0.133328
0.08549915
0.08627660000000001
0.0889804
0.0916848
0.0898089
0.08920519999999997
0.08540980000000001
0.089529
0.08510899999999999
0.0835592
0.08725475
0.08982734
0.01146424
0.08814309000000001
0.08894624000000001
0.09091194
0.09011189
0.08779389
0.08809244000000001
0.08631364
0.12329919
0.14482819000000002
0.08564643999999999
0.08137129
0.08458049
0.08849149
0.08334069
0.11493289
0.14013429
0.10596004
0.08502739000000001
0.10621649
0.11267484
0.08364994
0.08466849
0.08223743
0.11946649
0.13620089000000002
0.13260219
0.09563299
0.08355618999999999
0.08168833
0.08290883
0.08539789
0.08643409
0.08931284
0.0975891
0.08756889000000001
0.14648275
0.18440195
0.17678799
0.14427278999999998
0.13005485
0.14680525
0.14615745
0.14772215
0.14729930000000002
0.14852475
0.14917719999999998
0.14540109
0.14931945000000002
0.14706085
0.14643675
0.11673684
0.17131860000000002
0.1902195
0.17774805
0.17335505
0.14948569
0.14960865
0.1506491
0.13831224
0.13681338999999998
0.14447794
0.12944279
0.14594719
0.15975794999999998
0.18604695
0.18366179
0.14668059
0.15851799
0.17090579
0.14636599
0.15362025
0.18689015
0.17633515000000002
0.14901314999999998
0.14625915
0.18838415000000008
0.14219079999999998
0.13033260000000002
0.16459845
0.19146365
0.15047905
0.15494569
0.18408075
0.17338119
0.13521019
0.12956615
0.18093679
0.17062559
0.14180949
0.14124415
0.12278994
0.13982169
0.14488595
0.14514185000000002
0.14889099
0.13515389
0.18364495
0.20006419
0.18435145
0.19586705
0.1929311
0.19540810000000008
0.13343924
0.08929339
0.12286729
0.14841148999999998
0.10885584
0.08755339000000001
0.08547339
0.09148234
0.13352954
0.14110999000000002
0.13128494999999998
0.14306693999999998
0.10841784000000004
0.08504404000000003
0.08531529
0.08825594
0.07375029
0.07373924
0.07650314
0.08808803999999999
0.08343289
0.08704923999999999
0.07593715000000001
0.07332514000000001
0.07051658999999999
0.06686479000000001
0.06707024
0.06648789
0.06276332999999999
0.06327419
0.06425383
0.06565703
0.08525979
0.09449249
0.13862489
0.13099285
0.08128084
0.07984533999999999
0.09034534
0.08899134
0.07839444000000001
0.07539694000000001
0.08615133999999999
0.08515463999999999
0.08543268999999999
0.09259384
0.11473949
0.14648425
0.08990614000000001
0.08689733
0.13725424000000006
0.13649549
0.13912579
0.08735414
0.08894284000000001
0.08673319
0.08457049
0.08545334
0.08559629
0.13692975
0.09287649
0.08894059
0.08988315
0.08688388999999999
0.08916705
0.09015305
0.23922633
0.0166183
0.0352431
0.0368778
0.07577350000000001
0.06793600000000001
0.07318200000000001
0.07000200000000001
0.082604
0.13677
0.08129800000000001
0.10358299999999998
0.113623
0.1209951
0.146405
0.10454000000000001
0.17081400000000002
0.186453
0.18203
0.17666400000000002
0.17246899999999998
0.194112
0.189357
0.20006
0.20305
0.21803899999999998
0.186125
0.223999
0.198133
0.211307
0.21873
0.20551999999999998
0.23034000000000002
0.1645
0.14596099999999998
0.20407
0.151167
0.189281
0.19372
0.158679
0.11955299999999999
0.142482
0.18671
0.140166
0.15318099999999998
0.188997
0.143571
0.148887
0.16784500000000002
0.170498
0.147077
0.19296600000000005
0.20043699999999998
0.180624
0.192827
0.183453
0.147247
0.156445
0.14818800000000001
0.137337
0.210673
0.293694
0.1826
0.155282
0.182951
0.18987
0.15902699999999995
0.16175720000000002
0.16386599999999996
0.194239
0.199738
0.197318
0.19708200000000006
0.23525500000000002
0.198978
0.182331
0.14185999999999999
0.18778
0.24402
0.25385
0.26179915
0.15843148
0.18369000000000002
0.163639
0.168164
0.178335
0.140629
0.14197400000000002
0.12348599999999997
0.136212
0.16732299999999994
0.23243200000000006
0.212239
0.206424
0.231082
0.209375
0.21091500000000002
0.238168
0.23279729
0.177872
0.17963256
0.26912147
0.23612956
0.33325942
0.38951329
0.42164538
0.18606147
0.17444955999999998
0.17781861
0.20512047
0.18427447
0.18396952
0.18829152000000005
0.18438052
0.19229156
0.18134356
0.21333147
0.24724842
0.19685
0.2148400000000001
0.213067
0.239661
0.185639
0.19075799999999998
0.23417900000000005
0.255188
0.228559
0.194477
0.158519
0.195122
0.233217
0.21017300000000005
0.17003100000000002
0.16598300000000005
0.16728900000000005
0.15428999999999998
0.195122
0.194572
0.214522
0.160704
0.18040700000000004
0.22682738
0.26210433
0.22399433
0.22669838
0.21031138
0.14782147
0.12460352
0.18982252
0.19202342
0.17320347
0.16770938
0.20527433
0.16163242
0.17912538
0.17334742
0.21543433
0.15644942
0.25050429
0.23143438
0.22878338
0.19229147
0.21568042
0.18394347000000005
0.19764947
0.20874438
0.17630052000000002
0.17101147
0.20744542
0.25769033
0.21721047
0.18883342
0.23234972
0.22431762
0.23173318
0.20266028
0.20697722
0.20637587
0.22535002
0.22578602
0.24330702
0.20961418
0.21410912
0.23784183
0.21941698
0.20086332
0.21701728
0.19999737
0.20666697
0.20671627
0.22231522
0.20798018
0.20458513
0.20345898
0.18546327
0.17708612
0.15232861999999994
0.15405457
0.10433447
0.10920142
0.17214600000000002
0.214396
0.195856
0.15343320000000002
0.213899
0.19947960000000006
0.1958228
0.2014319
0.2593076
0.223586
0.17849600000000002
0.2037159
0.21374
0.16363640000000002
0.198227
0.21847300000000008
0.230694
0.148258
0.1972573
0.1332988
0.2407226
0.2255407
0.2341167
0.1888119
0.13418270000000002
0.1538059
0.1533869
0.2005089
0.17013670000000006
0.12859179999999998
0.17192879999999994
0.2597388
0.12108969999999998
0.1848428
0.1469838
0.1867379
0.2189468
0.1577469
0.2262225
0.1384467
0.1516807
0.0994709
0.1818338
0.13363789999999998
0.16603869999999998
0.14970689999999998
0.1515018
0.16291769999999994
0.1451249
0.17528470000000002
0.15747679999999994
0.15195589999999998
0.1567176
0.1540719
0.15302290000000002
0.127089
0.1293459
0.17640279999999994
0.15904079999999998
0.16872879999999998
0.14675690000000002
0.15519380000000002
0.1496328
0.1307379
0.1394467
0.1233079
0.1187399
0.13634290000000002
0.1419078
0.1726718
0.17138869999999998
0.1091751
0.13697289999999998
0.1458919
0.1547069
0.125139
0.1477096
0.16046570000000002
0.1855729
0.1058851
0.15293890000000004
0.14600890000000002
0.1496449
0.1448889
0.1031149
0.08999389999999999
0.08327760000000001
0.1091387
0.06984789999999999
0.08707979999999997
0.077498
0.11504980000000001
0.1004251
0.08416649999999999
0.0979709
0.086082
0.07917460000000001
0.07488710000000001
0.07775900000000001
0.08052310000000001
0.0917756
0.0865889
0.06859630000000001
0.07370629999999999
0.0859941
0.06887439999999999
0.10854169999999999
0.0962779
0.08932380000000001
0.09127189999999999
0.093895
0.1021959
0.0842559
0.0972198
0.1001987
0.14457920000000002
0.093605
0.13213360000000002
0.06348110000000001
0.10195169999999998
0.0943216
0.0939348
0.0943947
0.1136117
0.07387189999999999
0.0862218
0.0862539
0.1142695
0.11886660000000002
0.1016968
0.07622519999999999
0.1185397
0.09849149999999998
0.08028020000000001
0.0813414
0.0780903
0.08169599999999999
0.07433999999999999
0.09188389999999999
0.08505800000000001
0.0877212
0.1114698
0.0674574
0.10103
0.0862908
0.0991639
0.10415589999999998
0.07096039999999999
0.0897109
0.088304
0.07758999999999999
0.06095800000000001
0.13341199999999998
0.102818
0.1071618
0.063425
0.08260500000000001
0.061336
0.059511
0.060386
0.06002080000000001
0.062492999999999986
0.06113130000000001
0.053546500000000004
0.047368
0.052227
0.062476
0.10100099999999998
0.093145
0.08948400000000001
0.090178
0.08619299999999999
0.084873
0.099222
0.092061
0.07850599999999999
0.088875
0.07331599999999999
0.06163
0.104671
0.110708
0.108993
0.06484
0.07965699999999999
0.084039
0.08816600000000001
0.115042
0.096715
0.09667
0.11000899999999998
0.095903
0.08653
0.12411199999999999
0.103842
0.112042
0.086492
0.116244
0.125393
0.134225
0.116105
0.095714
0.147637
0.16201500000000002
0.176813
0.15532400000000002
0.123701
0.108571
0.11012700000000004
0.100615
0.10484600000000001
0.129129
0.120807
0.100252
0.093912
0.08698099999999999
0.128466
0.114894
0.111068
0.150312
0.11418
0.13524
0.125292
0.108059
0.16241599999999998
0.13875300000000002
0.14593
0.12463699999999996
0.143062
0.13069999999999998
0.17244199999999998
0.13688
0.129197
0.138322
0.130724
0.117478
0.117435
0.14643799999999998
0.135692
0.15645
0.134626
0.15988500000000005
0.169663
0.15648
0.138051
0.12357
0.117827
0.11750800000000006
0.18670799999999999
0.120774
0.19509
0.14786
0.180891
0.112226
0.13408499999999998
0.15471600000000002
0.120027
0.12801400000000002
0.13926799999999998
0.1284
0.134167
0.116246
0.120968
0.13229400000000002
0.143337
0.149181
0.13622399999999998
0.12726300000000001
0.187921
0.15019200000000002
0.17073400000000002
0.111765
0.139389
0.142044
0.144308
0.147528
0.155226
0.208979
0.15764
0.118588
0.187563
0.15126100000000006
0.1190633
0.136705
0.181817
0.12427200000000001
0.13604750000000002
0.108794
0.14047
0.128038
0.13807
0.14322400000000002
0.109963
0.102678
0.134782
0.097563
0.14228
0.11268000000000004
0.103832
0.112001
0.117743
0.122277
0.113878
0.091177
0.099595
0.097049
0.11716700000000001
0.153556
0.09636600000000002
0.107261
0.101535
0.100576
0.125029
0.089628
0.1127
0.110854
0.10722199999999996
0.11824100000000001
0.118065
0.11905
0.091241
0.119583
0.100752
0.127652
0.10848
0.096928
0.09116
0.125056
0.115264
0.106724
0.08060400000000001
0.125248
0.11651199999999999
0.12847
0.110535
0.150575
0.13788999999999998
0.11028000000000003
0.090374
0.11112800000000002
0.12233
0.092896
0.1387055
0.1279679
0.117582
0.11077
0.08202709999999999
0.111015
0.1027512
0.127141
0.0884761
0.0908532
0.0926011
0.08732319999999999
0.1039869
0.0911641
0.096125
0.08790220000000001
0.1004579
0.1313569
0.08309599999999999
0.2422036
0.33497649999999995
0.12254269999999999
0.07517109999999999
0.098531
0.09351
0.103202
0.0992031
0.0732043
0.0793421
0.13893409999999998
0.1274522
0.14093309999999998
0.13963309999999998
0.12456120000000001
0.12809020000000002
0.1275981
0.142562
0.1227862
0.1220463
0.1291922
0.1324422
0.1067631
0.104886
0.20153080000000004
0.1690969
0.15548499999999998
0.1575348
0.16389089999999998
0.14477700000000002
0.1509779
0.1645416
0.15095
0.13823310000000005
0.16139720000000002
0.1626042
0.15035430000000002
0.13566930000000002
0.1050175
0.0986381
0.1191131
0.1132662
0.12073620000000004
0.11841409999999998
0.1411832
0.10445819999999999
0.1095565
0.0985633
0.10281030000000001
0.0932072
0.1051013
0.08525819999999999
0.1090604
0.11402910000000002
0.09312629999999998
0.13495220000000002
0.11590409999999995
0.0871623
0.11078640000000001
0.0946131
0.0713224
0.0957192
0.15226690000000004
0.08287080000000001
0.11569600000000001
0.0927413
0.0919443
0.08596540000000001
0.1071683
0.08096310000000001
0.0921233
0.12540130000000002
0.09057550000000003
0.1088612
0.1214792
0.0941995
0.1202141
0.103785
0.126505
0.13484600000000002
0.1585189
0.1619489
0.12660500000000002
0.16509790000000002
0.10863219999999997
0.0971331
0.11976689999999998
0.1489875
0.1357479
0.1249528
0.15162089999999998
0.2232927
0.101175
0.131935
0.11535219999999999
0.109065
0.1436739
0.0883925
0.1189452
0.169297
0.1224279
0.09593689999999999
0.15379600000000002
0.1826889
0.2258258
0.15402000000000002
0.1730969
0.2078298
0.1718389
0.1813569
0.1752341
0.14497469999999998
0.16450610000000002
0.12620889999999998
0.13703959999999998
0.1647215
0.1639704
0.1366545
0.13163229999999998
0.1145805
0.1233538
0.1907385
0.16421739999999999
0.1057497
0.13586479999999998
0.1390786
0.0952871
0.1141919
0.1123338
0.1045009
0.09113810000000001
0.12746009999999994
0.13734760000000001
0.1410467
0.1110826
0.09913629999999997
0.1200015
0.1600943
0.12084569999999999
0.14066330000000002
0.1149986
0.1187029
0.16927720000000002
0.1320585
0.1008698
0.10435289999999996
0.11579069999999995
0.15071949999999998
0.1250054
0.17547100000000002
0.11849669999999997
0.1268617
0.1035195
0.1015367
0.1359543
0.1055769
0.1088269
0.15090550000000005
0.1497203
0.16736869999999998
0.14571910000000002
0.1490972
0.11573469999999995
0.12445769999999998
0.14258339999999994
0.14767360000000002
0.1163268
0.14759190000000005
0.14248770000000002
0.17440139999999998
0.14321070000000002
0.13257349999999998
0.1262906
0.1243483
0.15143340000000002
0.1233558
0.14802910000000002
0.1434334
0.1106468
0.1232196
0.15978720000000002
0.1529701
0.16011720000000002
0.1268873
0.1902419
0.12691739999999999
0.11440260000000001
0.12996829999999998
0.12898959999999998
0.14160070000000002
0.15066149999999998
0.14690150000000002
0.14135650000000002
0.13557929999999999
0.1523713
0.12731860000000006
0.130958
0.1291891
0.17553390000000002
0.15893929999999998
0.225429
0.18417030000000004
0.17434929999999998
0.12613629999999998
0.16895249999999998
0.2040303
0.14173200000000002
0.087368
0.268584
0.296575
0.2695
0.301678
0.268913
0.28526
0.28575
0.268229
0.08199400000000001
0.136786
0.267843
0.282852
0.29935100000000003
0.28476
0.250297
0.233456
0.077624
0.06518
0.09965200000000002
0.092233
0.103409
0.11349499999999994
0.112853
0.08744
0.109894
0.076261
0.098119
0.09375
0.08287
0.097123
0.08819199999999999
0.082076
0.06728200000000001
0.07503199999999999
0.07146
0.14639000000000002
0.13251000000000002
0.12119
0.095445
0.06918590000000001
0.13817100000000002
0.15561
0.12346220000000002
0.09524
0.07959999999999999
0.259983
0.25862060000000003
0.250899
0.248049
0.245323
0.25534300000000004
0.25176109999999996
0.2211038
0.0754155
0.052449700000000016
0.06385360000000001
0.05888970000000001
0.08719439999999999
0.08891980000000001
0.0688006
0.0613297
0.0531176
0.074126
0.06377970000000001
0.0600697
0.0645317
0.10658250000000001
0.10135219999999999
0.076676
0.091132
0.1157482
0.08790919999999999
0.11936960000000002
0.0844677
0.0568264
0.0909048
0.08409470000000001
0.08387289999999999
0.08137090000000001
0.118363
0.13700099999999998
0.17678330000000006
0.125696
0.08889579999999997
0.07820010000000001
0.1490616
0.13832550000000002
0.08802239999999999
0.07642659999999997
0.0731243
0.0760393
0.08001760000000001
0.0664487
0.062268
0.0764725
0.0688735
0.08024220000000001
0.07035620000000001
0.0642942
0.056555
0.06910880000000001
0.0658555
0.0788557
0.12577939999999999
0.1447753
0.1079788
0.1129213
0.1488555
0.11991760000000001
0.12173739999999995
0.1149085
0.1172994
0.1273614
0.07703650000000001
0.067497
0.258972
0.253589
0.262734
0.23127
0.237083
0.045497
0.020335
0.07743399999999999
0.06304499999999999
0.0963
0.05961
0.1208
0.07447999999999999
0.040024
0.040687
0.049442
0.05512
0.054046000000000004
0.054079
0.065995
0.07017899999999999
0.06357
0.079483
0.08477
0.06063
0.051584000000000005
0.06237
0.062651
0.06975
0.080154
0.08117100000000002
0.07895100000000001
0.085789
0.064819
0.062661
0.065347
0.06705900000000001
0.067741
0.1462
0.16541
0.15528999999999998
0.142264
0.099937
0.08947999999999999
0.0684138
0.09272860000000001
0.0843565
0.14001650000000002
0.07177650000000001
0.07963740000000001
0.0927145
0.1196245
0.1212136
0.1229174
0.1430374
0.09185739999999999
0.0960836
0.07495790000000001
0.2582078
0.2504118
0.25212979999999996
0.2562398
0.25669790000000003
0.08320999999999999
0.08701
0.11551834
0.10290128
0.10955642999999997
0.14145763
0.13419718
0.21272510000000006
0.13812039999999998
0.1217184
0.1343677
0.07573049999999999
0.0989677
0.0921534
0.07998989999999999
0.11395029999999999
0.1259846
0.13021480000000002
0.119275
0.1417295
0.1549692
0.13957309999999998
0.12236559999999999
0.08986319999999999
0.0726159
0.1048256
0.1036017
0.12197639999999997
0.08769210000000001
0.0800052
0.13230229999999998
0.1493931
0.1534864
0.1881898
0.1145471
0.10569980000000001
0.08877909999999999
0.10735080000000001
0.1112749
0.1403938
0.119059
0.102954
0.08238510000000003
0.1467822
0.2010094
0.1103337
0.1456346
0.17097659999999998
0.1221537
0.1073442
0.1027484
0.1870275
0.0970179
0.1614259
0.1715703
0.14576370000000002
0.113775
0.13719389999999998
0.15649100000000002
0.17907179999999998
0.12884040000000002
0.16904080000000002
0.10537889999999996
0.20383510000000002
0.1033877
0.0845705
0.14703560000000002
0.1088774
0.10719749999999999
0.119298
0.0908123
0.0983923
0.1098566
0.1521612
0.15103789999999995
0.08299840000000001
0.1026913
0.0821853
0.0919891
0.0843232
0.099736
0.0756645
0.1536404
0.10176410000000001
0.11628410000000006
0.14743699999999998
0.14188929999999994
0.1062578
0.0948114
0.0921014
0.1055989
0.1205116
0.10217220000000002
0.0843961
0.09350019999999999
0.09244320000000003
0.1202427
0.17887179999999994
0.1384394
0.1372879
0.09387630000000001
0.1221818
0.098087
0.1023161
0.13902879999999998
0.1072927
0.1002195
0.1119979
0.14206191
0.10019249
0.08906019999999999
0.1538068
0.153072
0.1738728
0.1538069
0.1366761
0.1543862
0.1425058
0.15301479999999998
0.14120660000000002
0.09121060000000004
0.13845960000000004
0.1041469
0.1031546
0.1122725
0.09324869999999998
0.1173594
0.13869440000000002
0.1474313
0.16252909999999998
0.191221
0.09441
0.1847498
0.2047244
0.11908989999999997
0.1177411
0.08297059999999999
0.09639910000000003
0.07361060000000001
0.06391880000000001
0.0857797
0.09000119999999999
0.12286542199999999
0.1458402
0.142373
0.1426454
0.1905759
0.1834735
0.14113969999999998
0.138053
0.1357754
0.1531649
0.16170489999999998
0.14605120000000002
0.1535711
0.1481063
0.16170820000000002
0.14391679999999998
0.1510464
0.156834
0.14029879999999995
0.13558130000000002
0.08857860000000001
0.0775559
0.0827496
0.1853025
0.1787096
0.1805506
0.1993882
0.10527050000000003
0.1979553
0.07773959999999999
0.1909934
0.1689905
0.16516219999999998
0.18791010000000002
0.1800224
0.1902262
0.1840444
0.18303250000000001
0.1825205
0.1917934
0.1723105
0.2122205
0.1874815
0.14620460000000002
0.1802316
0.1941344
0.18098440000000002
0.2037534
0.18272529999999998
0.1828534
0.0948253
0.1001205
0.1169515
0.07200870000000001
0.1052937
0.0913538
0.0811748
0.08364780000000001
0.14365429999999998
0.1121557
0.1468705
0.10692180000000001
0.09356169999999996
0.0747909
0.0799467
0.07531389999999999
0.0713926
0.0707173
0.07290630000000001
0.06959119999999999
0.08783790000000001
0.0767949
0.1160578
0.0846296
0.08398979999999999
0.0944274
0.0928015
0.1174366
0.06980180000000001
0.0687233
0.09521410000000001
0.0888549
0.1043819
0.0911708
0.0882368
0.10625919999999996
0.0983583
0.0956625
0.09057310000000003
0.1004636
0.07829480000000001
0.0728654
0.07813259999999997
0.0757493
0.1401917
0.1405402
0.1441792
0.1484269
0.1329094
0.133162
0.1307836
0.1667688
0.131826
0.1362797
0.13269060000000002
0.1541688
0.138756
0.13583800000000001
0.14369279999999998
0.13634649999999998
0.1380622
0.1250383
0.1545195
0.1494046
0.1498241
0.1296252
0.14311919999999995
0.1438297
0.13780689999999998
0.0802973
0.1281263
0.14507060000000002
0.1424955
0.15596089999999999
0.1581287
0.13878610000000002
0.1398412
0.11218689999999999
0.090245
0.1493631
0.0883131
0.08699720000000001
0.0912201
0.0887822
0.0795413
0.0760654
0.07734939999999997
0.1272297
0.1322803
0.149615
0.1077829
0.07799039999999999
0.13960279999999994
0.1028285
0.1519823
0.1160014
0.17517760000000002
0.1217138
0.1004209
0.12371989999999998
0.14748370000000002
0.15594
0.15317589999999998
0.1872643
0.1998218
0.2142431
0.16150370000000006
0.1830057
0.1710676
0.1659504
0.1907009
0.1585145
0.15382279999999998
0.15692079999999994
0.162025
0.15565459999999998
0.157362
0.1784834
0.17353479999999996
0.1682661
0.1731624
0.1742761
0.16604799999999995
0.1614914
0.16002320000000006
0.1626467
0.2278224
0.2196629
0.2362467
0.2351895
0.2234661
0.25178730000000005
0.2251315
0.2128628
0.16894070000000005
0.1713164
0.1690395
0.1613526
0.1512241
0.15945
0.1523724
0.1278992
0.1131792
0.1404251
0.1817757
0.17904790000000004
0.225338
0.20633860000000004
0.2047395
0.19291429999999998
0.18456570000000005
0.20507289999999995
0.1927729
0.16863270000000002
0.1665966
0.1986186
0.16629000000000002
0.11657950000000004
0.1717172
0.1236453
0.17458320000000002
0.1649823
0.1091574
0.10821839999999999
0.1634484
0.15894819999999998
0.1745472
0.1917901
0.1999481
0.2011973
0.2551825
0.396191
0.4215362
0.155021
0.17496820000000002
0.1627614
0.1574734
0.12256800000000001
0.10945419999999999
0.13895420000000006
0.162543
0.119776
0.0959837
0.10101789999999998
0.099221
0.1063769
0.11210100000000002
0.14372659999999998
0.14447200000000004
0.13424070000000002
0.1343178
0.1280136
0.1389841
0.12599470000000002
0.10326989999999998
0.1494019
0.1246651
0.14565770000000006
0.1204021
0.103365
0.1107789
0.1211256
0.1080587
0.1218498
0.1203238
0.110145
0.1356789
0.1234378
0.1014741
0.13332979999999994
0.1072381
0.12580210000000006
0.16103699999999996
0.17114939999999998
0.1957929
0.18954559999999995
0.1527763
0.12929069999999998
0.11346119999999996
0.14306010000000002
0.1212892
0.1594982
0.1594201
0.21088920000000005
0.1124453
0.14818720000000002
0.2231772
0.11210919999999999
0.1087173
0.1242574
0.1718283
0.12977629999999998
0.10082639999999997
0.0973416
0.1042403
0.1076374
0.0962522
0.14430720000000002
0.0953644
0.1453223
0.15989620000000002
0.1036305
0.1569925
0.0898407
0.1456065
0.15126660000000006
0.13099039999999998
0.14319099999999998
0.0998935
0.1002382
0.14455839999999998
0.0973143
0.1060734
0.1088414
0.1029381
0.1056222
0.1203456
0.14015660000000002
0.09747110000000002
0.08954109999999997
0.0954161
0.08527420000000001
0.08648120000000001
0.08560120000000003
0.0773013
0.08725247
0.09158326999999998
0.08481627
0.09418527
0.08717441
0.08451446
0.13689341
0.13913941
0.13662354999999998
0.16585841
0.12985254
0.0729613
0.07703230000000001
0.07627166
0.07982437
0.08294874
0.13423250999999994
0.09392655
0.12348759
0.18759254
0.1964204
0.19539503
0.07408864
0.07692919
0.08037913999999999
0.13031209
0.12811489999999998
0.07925504000000003
0.09427414
0.08292306
0.08261925
0.08457035
0.0920516
0.09221684
0.11184191
0.09784554
0.09212584
0.12344241
0.10746259999999999
0.11210654
0.10088064
0.11631174
0.10267989
0.08476843
0.10168274
0.15051715
0.09798655
0.08362379
0.0936677
0.08305589000000001
0.07758989000000001
0.08024794
0.09466899
0.08934389000000001
0.08394889000000001
0.08577697999999999
0.08343169
0.09115854
0.08905764000000001
0.09470174
0.10647244
0.07683828000000001
0.07151294
0.07878304
0.0957075
0.08206399
0.08017270000000001
0.0864457
0.08390319999999997
0.09368224
0.08451214000000001
0.08382924
0.07991044000000001
0.08252939
0.11023771
0.0928603
0.09466505
0.20472255
0.30162287
0.3064404000000001
0.07168909999999999
0.06873839999999999
0.0759853
0.07308429999999999
0.08533919999999999
0.0783822
0.0680192
0.0686305
0.06927389999999999
0.0712128
0.08101480000000001
0.08224390000000001
0.07132899999999999
0.08622930000000001
0.0711523
0.1283442
0.076637
0.0962022
0.08802819999999999
0.08281519999999999
0.07672430000000001
0.0825743
0.08168429999999999
0.0945852
0.0794353
0.0818922
0.0878452
0.09188919999999999
0.0964536
0.08603440000000001
0.0797127
0.08264469999999999
0.08342349999999997
0.07699519999999999
0.08549441999999999
0.08000484
0.08115389999999999
0.09124703
0.09546924
0.10919559
0.12245279
0.10345574
0.09692378
0.10217497999999996
0.09355604
0.07955308
0.08831374
0.08290267999999999
0.10873053
0.09685083
0.09972774
0.10450659
0.11495859
0.09230264
0.08432514000000002
0.08294108
0.08475704
0.09263779
0.09425469999999997
0.09141474
0.08813594000000001
0.09712268
0.09983749
0.09186964
0.10758444
0.12983133999999996
0.11530954
0.10529049
0.09129159
0.09937669000000003
0.10474834
0.11085749
0.13227424999999998
0.11318744
0.09921844000000002
0.11821725
0.0953882
0.17739809
0.17157804
0.15663004
0.15788795
0.07462904000000001
0.08162669
0.09904654
0.08481994
0.09749559
0.0918034
0.1013123
0.0987825
0.1007786
0.11232511
0.10553854
0.14087911000000006
0.10390464
0.11406345
0.09546264
0.11098744
0.10220274
0.15552981000000002
0.12192524
0.1164352
0.1409213
0.1130683
0.12801624
0.11840105
0.10434859
0.10175044
0.09278149
0.10312654
0.12294849
0.12340234
0.12512057999999998
0.09631874
0.09468359
0.08578674000000001
0.09008465
0.087504
0.0898955
0.0998985
0.08871810000000001
0.09634515
0.0993584
0.0974473
0.10564845
0.08976459999999999
0.11823631
0.10597211
0.10045429999999997
0.12222801
0.09195444
0.09350769
0.09471559
0.08937869000000001
0.10980469
0.09891554
0.09619024
0.11085254
0.11441364
0.12463135
0.1272454
0.12784264
0.11292759
0.11011069999999999
0.09238754
0.08915353999999999
0.09911744
0.13331005
0.10265159
0.09226094
0.12005514000000002
0.1236144
0.11411233999999998
0.13595221
0.1197267
0.10912419999999999
0.11835959
0.17054545000000004
0.17438615000000002
0.16178553999999998
0.15629653999999998
0.14101634999999998
0.10013185
0.15505180999999998
0.13768988
0.12573154
0.14919189
0.14507759
0.09217698
0.1561795
0.1837976
0.10559844
0.12329811
0.10221060000000001
0.11101744
0.1028684
0.13947231
0.1135782
0.08157364
0.08464630000000001
0.08684274
0.10151824999999998
0.11000349
0.0982105
0.10617414
0.09905734
0.10386734
0.09867239
0.09782954
0.08688059000000001
0.09240744
0.01937943
0.07344818000000003
0.08307583999999997
0.11408601000000004
0.10918820000000001
0.10883511
0.12043005
0.10567939
0.11645804999999998
0.09694149
0.10521305
0.10400674
0.10412664
0.07086938
0.07378514000000001
0.08119324000000001
0.08738204
0.08467344
0.09047604
0.11871845
0.08661260000000001
0.07714837999999999
0.11809641
0.08654529000000001
0.08466534
0.09748399000000002
0.0983287
0.08625029
0.08654605
0.08888529999999999
0.09704571
0.0894802
0.07753629999999999
0.07607134000000003
0.07854030000000001
0.0985153
0.11487969
0.11239094
0.13486887999999994
0.12364889
0.13951985
0.14984596
0.12221825
0.1359026
0.13711021
0.14313574
0.15254144999999994
0.15762064
0.0913235
0.13257555
0.16549735
0.0969882
0.13858534
0.13973254000000002
0.14393169
0.11650584
0.06999604
0.06921278
0.13559849000000002
0.11705704
0.13393404
0.14489869
0.14232184
0.197295
0.15775919000000002
0.12328377999999998
0.11273154
0.11405674000000005
0.13671954
0.12872778
0.14350389000000002
0.13597874
0.13136869
0.13998309
0.12034244
0.12574508
0.13761669
0.14895449
0.13072774
0.12491584
0.11242824
0.11639788
0.14674984000000002
0.13513509
0.14864645
0.08757744
0.08209919
0.07811629000000002
0.09091904
0.08118049000000001
0.08436409
0.08013338
0.07485039
0.06720473
0.06720348
0.08012644000000001
0.08327339
0.07887804000000001
0.08278209
0.09074564
0.08027789
0.08698074
0.08714524
0.09454709
0.08570119
0.08403214000000002
0.07977727999999999
0.07226128
0.08435249000000003
0.08906918
0.09925159
0.13410108999999998
0.11860774
0.16964641
0.08043834
0.09618519
0.0931946
0.08887329000000001
0.08812294000000001
0.08780214
0.07759934
0.1150418
0.09130909
0.09260689
0.09299389999999999
0.10904004
0.055796540000000006
0.11325278
0.11297448
0.05727718000000001
0.06395124
0.09967894
0.08502619000000003
0.07761334
0.07278129000000001
0.10115179
0.06455234
0.06976514
0.06468224
0.08963798
0.12251064
0.06686643
0.08623258
0.12765469000000002
0.12574359000000002
0.07306177999999999
0.08756744000000002
0.09283453
0.09343229
0.11811781000000005
0.0766982
0.07991984000000002
0.0859852
0.07486444
0.07824534
0.07158338
0.09430114
0.08308153
0.09117509
0.12180879999999998
0.11511318
0.13277098
0.08716148
0.09668527999999996
0.08460008000000001
0.09817754
0.10233949
0.11054039
0.10758309000000002
0.09054214000000002
0.0918738
0.08734404000000001
0.08693274000000001
0.10201065
0.10400412
0.12342101
0.09513989000000002
0.09573284
0.1577978
0.15884479
0.18056869
0.17292298
0.09544334000000004
0.14450884000000006
0.13687849
0.13688979
0.14001659
0.15504419
0.15746819
0.12788964
0.16358919
0.17142928999999998
0.1731739
0.160047
0.16311679999999998
0.12550035
0.14192934
0.08491024000000001
0.14043649
0.14271794
0.15093304000000002
0.1481941
0.13954264
0.08391899
0.123951
0.12322884
0.1380365
0.13436135
0.11813541
0.11041957
0.07993444000000001
0.13075250000000002
0.07896609
0.08432834999999997
0.14619195
0.14616065
0.15216300000000002
0.14477124
0.17706526
0.1798182
0.10734644
0.12695684000000002
0.14198859
0.13848174000000002
0.15882639999999998
0.13979595
0.13087584
0.14564571
0.13873304999999994
0.14525727
0.15712106000000006
0.13091641
0.13743171
0.16471726000000006
0.20142396
0.15703200999999994
0.09207009
0.12426259
0.12417974
0.12868094000000002
0.12346679
0.1211188
0.1184247
0.12967601
0.1647946
0.14144134
0.14429134
0.12079154
0.11920898
0.12633991
0.11842621
0.08155066000000001
0.13098635
0.08346344
0.16993881000000002
0.1886128
0.13780873999999996
0.06550289000000001
0.07808504
0.1008315
0.07089034000000001
0.07300374
0.06280899000000001
0.10927121
0.08902944000000003
0.12069945
0.11715164
0.15790620999999996
0.15929129999999994
0.16057601
0.13357164
0.14576625
0.12569929999999999
0.1240386
0.12613139999999998
0.1294994
0.12283874
0.12328954
0.1075732
0.08072525
0.12335459
0.12285149999999995
0.12914385
0.14542086
0.14672885
0.11774484
0.11385489
0.11633764
0.11746145
0.12545991
0.0854598
0.08572954999999999
0.0921484
0.13416394999999998
0.121773
0.11037229999999999
0.14701761
0.0334117
0.0594739
0.057597400000000014
0.05862120000000001
0.07451569999999999
0.031178000000000008
0.058278299999999984
0.0592301
0.028068000000000003
0.0655752
0.0636304
0.06628710000000003
0.046310800000000006
0.07896017000000001
0.07103133000000003
0.05933301000000001
0.0554961
0.07603781
0.061476149999999986
0.06001254
0.08384106
0.051024990000000006
0.0321886
0.061978839999999986
0.045121790000000016
0.08295880000000001
0.05555955
0.054516600000000005
0.05853379
0.02831135
0.0303846
0.05395264000000001
0.0597509
0.06586874999999999
0.07050875
0.10474996000000003
0.05200089
0.06363815000000002
0.06493405000000001
0.058049550000000026
0.07632230999999999
0.10448676
0.047417240000000006
0.06910636
0.05652960999999999
0.05414785
0.05701170000000001
0.10620281
0.0653524
0.0518641
0.04927660000000001
0.07492984999999999
0.05508994
0.10019774
0.05041604
0.04478579000000001
0.05147239
0.03034414
0.03131144
0.06589939
0.06508734000000001
0.07716229
0.06250529
0.08048789999999999
0.04080914
0.06492089000000001
0.04535244
0.05295194
0.03050054
0.05455949
0.06366440000000001
0.03313509
0.07054404000000003
0.06967114000000002
0.06045359
0.05430184
0.07111521000000001
0.08470864999999997
0.07117169999999999
0.11291521
0.06025864000000001
0.055611490000000006
0.04689579000000002
0.05475034
0.05212939000000001
0.05474509
0.06763960000000001
0.06533044
0.0241088
0.0313972
0.08193101
0.055709800000000004
0.07187195000000003
0.08012135000000001
0.05664991
0.053055700000000004
0.0559477
0.03467615
0.06407600000000002
0.05666454000000001
0.07187994
0.07579630000000001
0.06324064
0.04636388
0.09111664
0.07010844000000001
0.0728808
0.05499580000000001
0.06011490000000001
0.023380240000000004
0.05406844
0.05293189
0.09234686
0.05197026
0.07722911
0.03920771
0.06734781000000001
0.06421355000000002
0.05785825
0.04177477
0.0763943
0.08535274999999999
0.07911535
0.07677081
0.08443855
0.13129096999999998
0.11130836
0.09824385
0.07851829
0.08429314
0.06641134000000001
0.08134595
0.06518154000000001
0.08632565
0.09703685
0.10195671
0.05803624000000001
0.07645631000000001
0.07585925
0.10881872
0.09861301
0.10724897
0.08634451000000001
0.07355160000000001
0.11956971
0.09405425
0.11090214
0.12757904
0.09587794
0.07568680000000001
0.10176195
0.07856294000000001
0.08629989999999997
0.09094724
0.12160085
0.09650849000000004
0.08360574000000001
0.1105404
0.12263671
0.12884065
0.13711741000000002
0.12324131
0.12371881
0.11920284999999994
0.07531304000000001
0.07682879
0.07991169999999999
0.06938974
0.11206435
0.11276735
0.08764799999999999
0.11759515
0.09913530000000001
0.08914724
0.11452144999999996
0.1141297
0.14318991
0.1164826
0.09576084
0.11794444
0.11892055
0.13673394
0.09022489
0.09442344
0.08486474000000001
0.1318258
0.13721834
0.10486909
0.11823464000000004
0.10522334
0.08106039999999999
0.09094839
0.10684069
0.10881349
0.110831
0.09939644
0.08513754999999999
0.08121929
0.08522704
0.11275109999999999
0.10360134
0.0965896
0.12842971
0.13043705000000005
0.09629254
0.14914855
0.13149625
0.08638079000000001
0.09290974
0.11991514999999996
0.1106726
0.13357144999999998
0.13862550999999995
0.15100913999999996
0.1200232
0.15299825
0.12283089
0.13873753999999994
0.13157739999999998
0.12847619999999998
0.15495295000000006
0.07518114000000002
0.15991411
0.13951660000000002
0.0989495
0.17793935
0.13602345000000002
0.13314635000000002
0.13690686
0.20576121
0.19849241
0.16628401
0.17692165999999995
0.10987531000000003
0.11329974
0.14231984999999994
0.08482281000000001
0.16443485999999993
0.16601500999999996
0.1175068
0.11325291
0.07940974999999999
0.09514501
0.07477735
0.05716737
0.16864576
0.13448191
0.14189726999999994
0.11589156
0.11262401
0.07181921000000001
0.12428441
0.15733561
0.07145016000000001
0.12223561
0.0985047
0.05485386
0.05059320999999999
0.13889850999999998
0.18731552
0.17791400999999996
0.14174511
0.15069306
0.15254947000000002
0.19880507
0.10788331
0.18727972
0.16019687
0.18486027
0.10673571
0.15988536
0.17911421
0.15842131
0.13843561
0.13917126
0.14018045
0.15189155999999998
0.16546311000000002
0.15444365
0.17274475
0.1597595
0.12458729999999996
0.13923980000000002
0.17746265
0.16450671
0.13536104999999998
0.16720721
0.13886864
0.13712704
0.12509891
0.16407435
0.16369301000000006
0.13523415
0.15554179999999998
0.12607985
0.1298581
0.13693714
0.14281344999999998
0.16125745
0.12357880000000004
0.13405915000000002
0.12001684999999998
0.13591811
0.15067005
0.15667959999999995
0.13835464999999994
0.13218331
0.10830539999999997
0.13256829999999994
0.14689784999999994
0.13723329999999995
0.12374254
0.1508193
0.12865759
0.1261899
0.12374164
0.12994859999999994
0.1258191
0.12165294
0.1342914
0.16339525
0.08322669999999999
0.08305290000000003
0.08511284000000001
0.08655804
0.08566654
0.10194429999999996
0.10072885
0.08885404999999999
0.11812256
0.10996234999999996
0.09853285
0.07998559999999998
0.09399439999999999
0.07225814
0.13651935000000004
0.07357319
0.07494978999999999
0.1021348
0.08410873999999999
0.08056419
0.07423664
0.0879573
0.08924924999999999
0.11135445
0.11926891000000005
0.11207561
0.10943134999999997
0.11708346
0.07750900000000001
0.08016615
0.07593379000000001
0.08020899
0.07054719999999999
0.07507604000000001
0.07086068999999999
0.07836904
0.07334184
0.12250685
0.07913350000000001
0.12974986
0.10741694999999997
0.096344
0.06782084
0.08319664
0.07860849
0.07654954000000001
0.06961549000000003
0.08169281000000002
0.07158835000000001
0.05683750000000001
0.05721104000000001
0.05890334000000001
0.06426459999999999
0.0632031
0.06028814
0.10192601
0.0811948
0.07255410000000001
0.07600180000000001
0.09812616
0.0887762
0.07499909999999999
0.05918300000000001
0.12008411
0.08113305000000001
0.06551585
0.05798608999999999
0.06858150000000003
0.08955535
0.057181190000000014
0.09180269999999999
0.06540144
0.10969586
0.11777971
0.09006005
0.0681118
0.07399941
0.10618681000000002
0.08248303999999998
0.09955861
0.11614141
0.08168484999999999
0.09841405000000003
0.07636124999999999
0.13217441
0.08445749999999999
0.09183204
0.13031446
0.11432646
0.12792241
0.0970914
0.07583079999999999
0.08805515
0.13140717
0.09595141
0.12376705999999996
0.13572330999999996
0.10710396
0.11286301
0.09549066
0.11587827
0.15939421999999995
0.15255986000000002
0.10233757000000004
0.14099277000000002
0.11611031
0.14310521
0.12395107
0.11101076
0.1005138
0.17508440999999994
0.08380779000000001
0.11020555
0.11876855
0.12884454999999995
0.14858831000000006
0.10241105
0.12894435
0.17439276
0.14003921
0.13081561000000005
0.17332301000000006
0.11752671
0.10768111000000002
0.12693671
0.14877201
0.17059266999999995
0.16048890999999998
0.12690195
0.15499300999999996
0.10809385
0.12488905
0.15451447
0.13219255000000002
0.1153902
0.11408825
0.13862841
0.16805612
0.13505330999999998
0.12482001
0.13973651
0.11355405999999996
0.1104902
0.11759795
0.12647541
0.12525831
0.14330751
0.14454556000000002
0.12144981
0.09322825
0.13567171
0.15278787
0.12914075
0.15773320999999998
0.10344151
0.11008991
0.14669347000000002
0.12826376999999994
0.13834701
0.13754312
0.10769821
0.12087361
0.11644861
0.13852690999999998
0.16851502
0.11209861000000004
0.15170111
0.13673231000000002
0.13722515999999998
0.13416676
0.15342361
0.15155655999999998
0.12876089999999998
0.15884141
0.15429880999999998
0.17043206
0.09170020000000002
0.11438961
0.11656186
0.13209136
0.11501461000000004
0.12369771
0.11390085
0.11530791
0.14213791000000006
0.11510315
0.11507641000000005
0.12591691000000002
0.16732052
0.08711870000000001
0.13457897
0.14075017000000006
0.16217141999999998
0.21937077
0.13121655999999998
0.0031924
0.0028635
0.0029873
0.0034202
0.005843899999999999
0.008152
0.018974
0.023413999999999997
0.093816
0.037681
0.07186000000000001
0.06799999999999999
0.091613
0.08200199999999999
0.077515
0.07621700000000001
0.058708
0.073633
0.093732
0.10020499999999999
0.09603299999999998
0.08363999999999999
0.070107
0.07990599999999999
0.089657
0.076661
0.050287
0.059289999999999995
0.05811400000000001
0.061866
0.05977800000000001
0.034460000000000005
0.035354000000000003
0.07188599999999999
0.06682700000000001
0.069923
0.078277
0.07892800000000001
0.075075
0.092831
0.310175
0.313067
0.298016
0.26263000000000003
0.290229
0.288941
0.268297
0.227215
0.305145
0.186532
0.241668
0.26226799999999995
0.266752
0.28104
0.291729
0.29623
0.26982399999999995
0.347324
0.32718400000000003
0.298734
0.26243299999999997
0.28091700000000003
0.287889
0.283615
0.246542
0.301822
0.314089
0.3217406
0.30666
0.327224
0.306712
0.333783
0.323529
0.319664
0.316643
0.299813
0.29131
0.076886
0.06383899999999999
0.15081672999999998
0.07580678
0.23923482
0.26301482
0.25230482
0.23540482
0.10443282
0.08694678
0.10313687
0.19189987
0.08219187
0.21736982
0.09245687
0.18512796
0.09273787
0.21113482
0.18163692
0.18466796
0.17765991999999994
0.19498392
0.11401587
0.17822892
0.07299887000000001
0.18763778
0.15484296
0.14958601
0.19469692
0.21834392
0.24111282
0.19144178
0.20120987
0.18585292
0.2391708700000001
0.21831292
0.22462692
0.20244101
0.20612501
0.24941705
0.36621496
0.35787796000000005
0.29266196
0.23726987
0.22044696
0.23424596
0.25273696
0.20060396
0.19802592
0.18620387
0.19845792
0.22251392
0.22817005
0.23913001
0.24201201
0.23105201
0.20213301
0.21385392
0.23403296
0.11941095999999995
0.19828395999999995
0.22324701
0.22966001
0.09406296
0.09477096
4.005e-05
0.19808101
0.23863882
0.27032692
0.23956196
0.07895305
0.11987601
0.22020792
0.22232796
0.22718901
0.24588596
0.23386101
0.26089301
0.24407005000000004
0.22621596
0.18670001
0.24639941
0.25592596
0.25208601
0.23944205
0.24169010000000005
0.25100805000000004
0.2290510500000001
0.20110105
0.21723705
0.19207201
0.22045901
0.23466996
0.23440001
0.25306601
0.21301101
0.26404005
0.27150101
0.31511101
0.10813101
0.10626005
0.13730810000000002
0.10867796
0.19123405
0.08417401
0.17555801
0.22330096
0.22651001
0.24206705
0.25999996000000003
0.26864200999999993
0.12355201
0.25565201
0.23501096
0.09051496
0.17741300999999998
0.23213692
0.22545096
0.20251101
0.23193901
0.23644901
0.21336801
0.24028505
0.24830605
0.18949001
0.10990505
0.20705701
0.19710701
0.24634792
0.20815496
0.17391601
0.18861796
0.17351092
0.19501992
0.18880592
0.06780100999999998
0.0665221
0.22295195999999995
0.19293101
0.25225887
0.2440208700000001
0.1853808700000001
0.19655292
0.26828387
0.08072800999999999
0.12113601
0.25700592
0.26800596
0.23811501
0.19310696
0.09153292
0.17944991999999998
0.15085492
0.04406792
0.12934500999999998
0.14027696000000006
0.12259895999999998
0.15278587000000002
0.20685482
0.13238796
0.19148282000000005
0.18572687
0.14702296
0.06758305
0.09102505
0.16808205
0.17313810000000002
0.19275005
0.19903501
0.23245301
0.07079300999999999
0.07691901
0.06801501
0.20737401
0.20798005
0.22182801
0.07464000999999999
0.21660696
0.08837096
0.21873195999999995
0.20914096
0.21807196
0.24455296
0.20517592
0.06456096
0.21201096
0.2102390100000001
0.21776201
0.061501010000000016
0.21248496
0.07770186999999999
0.18223096
0.08835791999999999
0.18896101
0.1738211
0.17029005
0.17390805
0.18516705
0.06100705
0.06519505
0.20252701
0.18376896
0.16785909999999998
0.19580501
0.28837101
0.18146301
0.23058896
0.21113996
0.21376896
0.20144896
0.09408996
0.10507186999999996
0.2383938200000001
0.18144082
0.17716381999999994
0.22945792000000004
0.2461559600000001
0.3203270000000001
0.243455
0.06057000000000001
0.2113
0.213148
0.188724
0.07568899999999999
0.21291300000000002
0.16409200000000002
0.14019500000000004
0.0877422
0.17857469999999998
0.19458770000000006
0.18255870000000002
0.16925479999999998
0.1670267
0.1902616
0.16880979999999998
0.1901165
0.2954025
0.30765570000000003
0.37343000000000004
0.316225
0.322801
0.311946
0.220438
0.316703
0.21802
0.3298320000000001
0.217367
0.3119730000000001
0.32895099999999994
0.330932
0.32268600000000003
0.31749
0.314664
0.31727399999999994
0.32019000000000003
0.30740700000000004
0.27065700000000004
0.18251099999999998
0.202534
0.203322
0.233188
0.191208
0.115961
0.21941500000000005
0.18886200000000009
0.278565
0.219958
0.182749
0.323067
0.317718
0.25053400000000003
0.111233
0.127101
0.182782
0.286914
0.297306
0.269073
0.28581900000000005
0.25588700000000003
0.25472
0.222298
0.28145
0.31534700000000004
0.348603
0.30851100000000004
0.18463
0.151367
0.179869
0.161186
0.200647
0.198955
0.17460099999999998
0.12385000000000004
0.185218
0.17319400000000001
0.20508110000000002
0.17827520000000002
0.21599570000000004
0.1758779
0.1974449
0.1941496000000001
0.1158319
0.20669200000000001
0.20811
0.207463
0.2417427
0.1769714
0.10795770000000003
0.201534
0.1833457
0.1828891
0.22542790000000004
0.1025333
0.0803578
0.1326078
0.14582799999999999
0.2379754
0.2325511
0.2188254000000001
0.2086178
0.25374660000000004
0.238991
0.1952114
0.2149608
0.2500066
0.1926993
0.2014119
0.222793
0.2073210000000001
0.20623070000000002
0.205419
0.2369638
0.21507280000000004
0.206211
0.1805476
0.20577689999999998
0.1989497
0.0921971
0.16916029999999999
0.21710270000000004
0.21679160000000003
0.2437558
0.10965400000000004
0.15717649999999994
0.1890817
0.21430120000000005
0.16635349999999996
0.08356910000000001
0.15182659999999998
0.07302139999999999
0.1652648
0.2123144
0.24720660000000005
0.2009649
0.1075029
0.16238149999999998
0.1651638
0.1961334
0.2131091
0.1093393
0.2045504
0.1806377
0.21105210000000002
0.18945
0.1950271
0.1819307
0.1623721
0.2040115
0.1704434
0.251863
0.28771820000000004
0.15543959999999998
0.2173467
0.1246424
0.2496857
0.22269679999999997
0.20821779999999998
0.0934548
0.2057938
0.2297743
0.2035311
0.2400918
0.2482247
0.1758551
0.17321259999999994
0.20499320000000001
0.2073238
0.19890929999999998
0.1898721
0.1875068
0.2035924
0.20328529999999997
0.2404536
0.24104279999999995
0.2364085
0.2403575000000001
0.20558920000000006
0.2349898
0.2283995
0.30000609999999994
0.2742834
0.2047065
0.21822870000000005
0.258196
0.1819415
0.15162810000000002
0.1805965
0.20967800000000003
0.2050672
0.1917025
0.19782650000000002
0.1617316
0.19349
0.2071851
0.2507724
0.25184359999999995
0.2010282
0.20807260000000002
0.2036036
0.192101
0.1929067
0.1966548
0.19132940000000004
0.16891389999999998
0.2290883
0.2007538
0.19679620000000006
0.2094489
0.1853562
0.1095993
0.14936999999999998
0.1440722
0.1666272
0.1849689
0.1936024
0.17440920000000001
0.191163
0.17775829999999998
0.1869412
0.1866837
0.1917571
0.16251169999999998
0.1896249
0.1817552
0.1699838
0.17621470000000006
0.15701099
0.1563111
0.16375649999999994
0.1729481
0.16554870000000002
0.14746939999999994
0.1609382
0.1494726
0.16397559999999994
0.14815099999999998
0.1880147
0.1901088
0.1911854
0.2375409
0.2869163
0.2155493
0.18578870000000008
0.17655179999999998
0.1572878
0.039067800000000014
0.1764115
0.1711027
0.1870577
0.2081749
0.0797837
0.0590086
0.057833900000000014
0.0728326
0.1924161
0.2247132
0.2091248
0.2135713
0.2188519
0.22146350000000004
0.22877039999999998
0.17952210000000002
0.15962189999999998
0.17345380000000002
0.17469710000000002
0.2013832
0.1727485
0.0650313
0.1759882
0.119874
0.0116231
0.011368600000000001
0.1203281
0.014209
0.1225078
0.14025729999999995
0.1256865
0.052971000000000004
0.06124630000000001
0.06314460000000001
0.06218550000000001
0.06438200000000001
0.180304
0.1879745
0.1712983
0.15972190000000006
0.13234949999999998
0.1337352
0.1355336
0.11967989999999999
0.1185308
0.1132389
0.1159631
0.1249934
0.119252
0.010953200000000001
0.1512685
0.1639678
0.042387
0.16722309999999999
0.1767215
0.0493851
0.1866114
0.2149147
0.1999985
0.13739690000000002
0.1243202
0.0114808
0.120848
0.1798577
0.0171976
0.1340104
0.12625129999999998
0.1274187
0.13733710000000002
0.011886399999999998
0.12438350000000001
0.1164105
0.11708339999999998
0.1177097
0.1168625
0.0116918
0.1279889
0.122435
0.12042660000000001
0.1280134
0.1184295
0.1249396
0.1172616
0.13388989999999998
0.12540779999999999
0.1191922
0.12296609999999998
0.11686059999999998
0.1189405
0.1192604
0.11907039999999998
0.2023811
0.1695981
0.1292741
0.1177318
0.1182944
0.1358652
0.1173048
0.11718599999999997
0.1230797
0.013550999999999999
0.021187900000000003
0.0442059
0.16887560000000001
0.14488970000000004
0.15381979999999998
0.1707569
0.1505079
0.1616604
0.15841979999999994
0.1564257
0.15855870000000002
0.1617669
0.16232539999999998
0.1274972
0.131378
0.1269954
0.1271129
0.1298604
0.1316905
0.13220600000000002
0.1314621
0.1411214
0.1228962
0.12111079999999999
0.12112450000000002
0.13873409999999994
0.13615729999999998
0.16157059999999998
0.1775674
0.21194320000000005
0.2018556
0.09676889999999999
0.0890247
0.1904325
0.19789279999999998
0.1958868
0.21767870000000006
0.22289970000000003
0.21813200000000002
0.21275149999999998
0.2052504
0.2362723
0.2205311
0.2349645
0.2486333
0.09926449999999999
0.1023757
0.09699169999999999
0.2145652
0.21383310000000005
0.21057960000000006
0.20755189999999998
0.20074389999999998
0.2049346
0.2231683
0.215648
0.2043432
0.2166018
0.2106237
0.20794859999999998
0.211729
0.2081805
0.2216013
0.20961039999999997
0.1999529
0.22356479999999998
0.2017743
0.1850996
0.2109944
0.2067803
0.1949388
0.21161210000000005
0.2195894
0.2205833
0.09424869999999999
0.2415823
0.218183
0.07732889999999999
0.2025077
0.2198216
0.2188554
0.2317211
0.227618
0.2184411
0.21292689999999997
0.0957549
0.2360958
0.200014
0.0965189
0.16404000000000002
0.1778609
0.15629010000000002
0.1508742
0.1701711
0.16876919999999998
0.1822496
0.2132686
0.1988186
0.2029499
0.1728759
0.2132459
0.2095611
0.23101079999999996
0.08124289999999999
0.2076489
0.1831439
0.15328809999999998
0.16547699999999999
0.17828219999999995
0.1876397
0.15571600000000002
0.15956900000000002
0.16306099999999998
0.16624699999999998
0.15958309999999998
0.164008
0.2028488
0.2336249
0.2016729
0.2058989
0.2011956
0.2060438
0.2037439
0.2065478
0.215749
0.204152
0.2070159
0.2181239
0.2024139
0.2091289
0.21059989999999995
0.219982
0.2086221
0.28915959999999996
0.2454616
0.2501325
0.2443655
0.158896
0.1927067
0.2132799
0.18206
0.05218899999999999
0.057332799999999996
0.0698659
0.17643090000000006
0.0541448
0.156521
0.1720152
0.182027
0.1907618
0.17400090000000001
0.15845
0.15643510000000002
0.160799
0.1973809
0.17396889999999998
0.170453
0.1676092
0.1715749
0.1584232
0.155498
0.155344
0.162858
0.165971
0.16448
0.16311299999999998
0.157527
0.162136
0.16747900000000002
0.161427
0.16179300000000002
0.163295
0.165509
0.05231499999999999
0.186592
0.243916
0.169659
0.167476
0.166554
0.195944
0.15102929999999998
0.1518771
0.2757466
0.3982569
0.3634099
0.2362605
0.1966365
0.15817599999999998
0.14825
0.150242
0.1000528
0.16713999999999998
0.1760727
0.2181558
0.17726
0.15745199999999998
0.18724800000000005
0.15539799999999998
0.161916
0.30173
0.302169
0.297833
0.080617
0.17311300000000002
0.20339300000000002
0.17407770000000006
0.1781777
0.16852219999999998
0.161977
0.222906
0.274233
0.26632700000000004
0.25571900000000003
0.063604
0.06761400000000001
0.05995900000000001
0.061748
0.26217100000000004
0.194517
0.186897
0.16368
0.202875
0.191303
0.206873
0.20061700000000002
0.22443200000000002
0.063362
0.193296
0.191474
0.193021
0.055108
0.061436000000000004
0.207713
0.191579
0.064678
0.19223900000000002
0.06027200000000001
0.196402
0.062133
0.165269
0.169652
0.229183
0.164858
0.381895
0.390526
0.387528
0.2781
0.279581
0.28376999999999997
0.37240700000000004
0.235771
0.17291379999999998
0.170955
0.06850110000000001
0.16214300000000004
0.13262500000000002
0.13938
0.029422000000000007
0.13767600000000002
0.024107
0.1223274
0.1226514
0.1419381
0.0271597
0.1465495
0.15250020000000006
0.1956692
0.18571020000000002
0.1876839
0.1736407
0.175176
0.1927633
0.200166
0.2084939
0.1934609
0.2028752
0.2088915
0.1879479
0.17829
0.16242
0.198483
0.207082
0.17361900000000002
0.07176199999999999
0.158747
0.17607699999999998
0.242544
0.204777
0.17453699999999994
0.062593
0.17111900000000002
0.062858
0.19356600000000002
0.180591
0.06335099999999999
0.17755
0.065761
0.186535
0.064843
0.184816
0.17321399999999998
0.181238
0.216383
0.172484
0.175545
0.186617
0.193844
0.190732
0.203126
0.22414
0.084053
0.09174600000000001
0.260736
0.26561999999999997
0.25993299999999997
0.198358
0.093849
0.198443
0.186819
0.184563
0.12408800000000002
0.13525199999999998
0.1350448
0.1378421
0.13123510000000002
0.17291920000000002
0.1503394
0.15125629999999998
0.16765580000000002
0.14898730000000004
0.15115759999999998
0.17562859999999994
0.1845791
0.2337868
0.10764459999999998
0.2454575
0.2842901
0.2849342
0.1458899
0.2198118
0.1019622
0.217802
0.2147536
0.1648925
0.16781110000000002
0.1778609
0.144924
0.13461800000000002
0.136046
0.138173
0.053496
0.15871899999999994
0.12803299999999998
0.17204761000000002
0.10848252
0.16116152
0.10885766
0.1602367
0.15897699999999998
0.150229
0.1885989
0.193987
0.202504
0.215028
0.21777399999999997
0.202948
0.10351800000000001
0.16119699999999998
0.18733100000000005
0.184145
0.16630899999999998
0.06994299999999999
0.110152
0.221759
0.23785599999999998
0.24775999999999998
0.23616199999999998
0.172575
0.28687199999999996
0.30764
0.173522
0.165629
0.15879200000000002
0.30180100000000004
0.17467300000000002
0.29166800000000004
0.285845
0.292642
0.303261
0.29940100000000003
0.346432
0.325786
0.309923
0.33156599999999997
0.301925
0.2608280000000001
0.26168800000000003
0.258725
0.22572
0.26407299999999995
0.252856
0.17158700000000002
0.059575
0.07413700000000001
0.13305699999999998
0.21937800000000002
0.229908
0.23398000000000002
0.226969
0.24485
0.23058
0.225608
0.2455400000000001
0.29141
0.12636
0.137004
0.24306
0.24241
0.246249
0.25156399999999995
0.22643400000000002
0.2782978
0.27285220000000004
0.2529420000000001
0.31213820000000003
0.292982
0.2048482
0.3198887
0.1800411
0.32190260000000004
0.3490273000000001
0.3033915
0.17077250000000002
0.3017449
0.2869545
0.2922277
0.2832568
0.2805015
0.27241909999999997
0.2015043
0.2090567
0.2083638
0.1937694
0.1871685
0.2084248
0.2157605
0.2150508
0.25647570000000003
0.17615569999999994
0.08029639999999999
0.0976183
0.1849897
0.176989
0.20258470000000006
0.193956
0.1005152
0.22493950000000004
0.2115963
0.2080466
0.0838962
0.19155220000000006
0.2066289
0.08472099999999999
0.16824129999999998
0.17675470000000001
0.1810061
0.1911256
0.0942594
0.14348
0.28405
0.1086118
0.2238489
0.2175879
0.1805023
0.17672000000000002
0.15675
0.37665
0.38628
0.38871999999999995
0.19105
0.119988
0.24638360000000006
0.21952
0.25391
0.27921
0.21558
0.15496
0.21975
0.18223
0.21052
0.18286
0.23815999999999998
0.21314
0.17698
0.21108
0.21962
0.23799
0.19664
0.15303
0.15116000000000002
0.19415
0.10846
0.12482
0.24376
0.23796
0.2064259
0.19780999999999999
0.11174
0.09914
0.21372
0.13085999999999998
0.24706
0.22199000000000002
0.20724
0.22578
0.24339
0.26425
0.23711
0.2618645
0.2437643
0.2289772
0.2406781
0.2251891
0.1936014
0.0808325
0.09345
0.18472
0.18713
0.1947338
0.1084213
0.2002064
0.1190963
0.2203203
0.2361789
0.2926289
0.27778410000000003
0.1960993000000001
0.1307934
0.25177439999999995
0.2705809
0.19187520000000002
0.2796808
0.16138989999999998
0.2110513
0.243988
0.13251559999999998
0.19024570000000002
0.2322179
0.2424289000000001
0.254126
0.2709169
0.28318790000000005
0.2844841
0.1846949
0.2741250000000001
0.27935790000000005
0.1465331
0.3157479
0.2624541
0.30643600000000004
0.2952769
0.28985890000000003
0.17443689999999998
0.284035
0.1853979
0.27926890000000004
0.2657069
0.177276
0.300466
0.28230500000000003
0.27245790000000003
0.3100679000000001
0.1835869
0.289046
0.2088889
0.2811098
0.2626908
0.27626470000000003
0.26699330000000004
0.2868585
0.32455690000000004
0.2953889
0.20168
0.31707499999999994
0.2966269
0.3081841
0.2000431
0.28933309999999995
0.2776622
0.2684433
0.2232521
0.2386841
0.20362220000000006
0.32408170000000003
0.3296179
0.2346651
0.1203912
0.1548641
0.2080503
0.21513739999999998
0.2342274
0.2221993
0.21923930000000005
0.16275789999999998
0.4520936
0.3521417
0.4479835999999999
0.4486998
0.4322646
0.4517674
0.4346027
0.4447036
0.4422736
0.4276298
0.3475698
0.4376469
0.42326220000000003
0.4373103
0.4511435
0.4469280000000001
0.4497686
0.2759286
0.28061790000000003
0.1800741
0.2984441
0.2767031
0.3404890000000001
0.216795
0.2122993
0.20903600000000008
0.3532322
0.3706793
0.3618884000000001
0.3307969000000001
0.3204541
0.29289790000000004
0.2879349
0.28877080000000005
0.25111910000000004
0.2463912000000001
0.23896710000000004
0.25868500000000005
0.2912363000000001
0.25086990000000003
0.1842808
0.2619979
0.239548
0.1612089
0.1761412
0.17235979999999998
0.29326890000000005
0.3008908000000001
0.3034098000000001
0.28446
0.27666100000000005
0.2654901
0.2753471
0.24923400000000004
0.2512601
0.2646309
0.247443
0.23842310000000005
0.1692779
0.17689400000000002
0.256944
0.275934
0.252533
0.24042400000000005
0.2567911
0.2460319
0.31408400000000003
0.2258831
0.2331313
0.2278122
0.2467963
0.2271451
0.2309944
0.2376312
0.2671792
0.2828113
0.22398439999999994
0.2553791
0.2403441000000001
0.2595565
0.2597021
0.31110360000000004
0.2597226
0.2284175
0.2258213000000001
0.19340339999999998
0.2146274
0.2509541
0.27534949999999997
0.2710178
0.26109160000000003
0.25002399999999997
0.132625
0.210209
0.222131
0.205689
0.250877
0.223875
0.121966
0.234412
0.265453
0.25441899999999995
0.215942
0.147009
0.22050100000000006
0.198195
0.26466100000000004
0.21581
0.24442399999999997
0.270022
0.20998000000000006
0.24291764
0.254924
0.230111
0.25458499999999995
0.360311
0.243837
0.25941
0.260668
0.265596
0.156976
0.17137
0.15871500000000002
0.203969
0.186698
0.25822500000000004
0.307247
0.18103100000000005
0.132302
0.20856200000000005
0.119692
0.258251
0.23460100000000006
0.27161500000000005
0.27280040000000005
0.17901699999999998
0.18787220000000002
0.20697129999999997
0.2471712
0.20921639999999997
0.2470406
0.2619025
0.22873779999999996
0.259434
0.2207374
0.161065
0.0998404
0.128019
0.2220576
0.137343
0.19145479999999998
0.2045499
0.1900849
0.20645479999999997
0.24284610000000004
0.15817599999999998
0.16776149999999995
0.07614739999999998
0.22214850000000005
0.13710970000000006
0.16419799999999998
0.23905660000000006
0.2033403
0.2611068
0.2377773
0.1624659
0.26715059999999996
0.2405196
0.25773369999999995
0.2323036
0.24570970000000003
0.2421079
0.278671
0.26599229999999996
0.2565311
0.180648
0.24683200000000002
0.14443559999999994
0.23107729999999996
0.1522059
0.1373894
0.2415196000000001
0.2474591
0.2285393000000001
0.155114
0.262126
0.2882098
0.2578371
0.24597629999999998
0.2201312
0.24140389999999998
0.2260549
0.23621779999999998
0.2354923
0.23239400000000002
0.1688499
0.2640123
0.296322
0.2237251
0.250831
0.10734780000000001
0.1218268
0.2047359
0.298455
0.1044677
0.14731729999999998
0.2396853
0.2505487
0.2405829
0.23580320000000002
0.252043
0.24540589999999995
0.15499739999999998
0.24172280000000002
0.15192850000000002
0.245239
0.1439483
0.2573543
0.2575176
0.2813742
0.2562857000000001
0.15751749999999998
0.148514
0.2115233
0.14081110000000002
0.24622310000000003
0.23631970000000002
0.25035820000000003
0.2601553
0.156589
0.25544740000000005
0.15583429999999998
0.2473863
0.2463765
0.249239
0.30036300000000005
0.27076609999999995
0.2595968
0.26847829999999995
0.2551025
0.2565322
0.25130840000000004
0.25551060000000003
0.2504309
0.2602265
0.27288260000000003
0.2910224
0.31992599999999993
0.2793797
0.2465094
0.2764273
0.2582047
0.23886610000000005
0.2434779
0.24113479999999998
0.2978294000000001
0.26754320000000004
0.2717453
0.2345733
0.243827
0.2510089
0.2378489
0.2431893
0.1371185
0.2833105
0.1583255
0.27759950000000005
0.29253840000000003
0.2716265
0.16663680000000006
0.2891931
0.2878328
0.35375999999999996
0.32462270000000004
0.28707229999999995
0.2889433
0.2893519000000001
0.3009518
0.32857179999999997
0.3116743
0.2423206
0.28303670000000003
0.2959192
0.2708509
0.308603
0.29343990000000003
0.2552012
0.26819360000000003
0.259456
0.28090790000000004
0.3394382
0.32796279999999994
0.13255299999999998
0.2692527
0.15336889999999995
0.3097725
0.32960120000000004
0.17883
0.3389032000000001
0.36713229999999997
0.3736282999999999
0.3810748
0.3684207000000001
0.3770433
0.30432309999999996
0.3607376
0.2636911000000001
0.199187
0.14057460000000002
0.15138800000000002
0.1227258
0.15528660000000002
0.14489030000000006
0.14270080000000002
0.16055290000000005
0.15184909999999996
0.2098924
0.27217129999999995
0.2341715
0.2360203
0.2381427
0.234492
0.228782
0.1958693
0.227175
0.2334609
0.1985449
0.1952333
0.1926684
0.2126748
0.2021938
0.20673070000000002
0.2257939
0.2055277
0.19034
0.1816676
0.2232438
0.30082639999999994
0.2786815
0.3263687000000001
0.27508
0.3013694000000001
0.3120336000000001
0.2820299000000001
0.28522040000000004
0.2765515
0.267531
0.31545159999999994
0.2989194000000001
0.2548678
0.2423836000000001
0.2512494
0.2652053
0.2714448
0.2318668
0.2449344
0.2411764
0.26636419999999994
0.2658433
0.256714
0.24151950000000005
0.2394291
0.2621567
0.2759513
0.2955628
0.23892
0.19074660000000002
0.1890171
0.1866659
0.2119319
0.2576945
0.234556
0.27198300000000003
0.21579730000000005
0.20812229999999998
0.2540522
0.22581030000000002
0.2246011
0.2057393
0.2453388
0.2343515
0.223265
0.22206009999999995
0.208191
0.2356076
0.19171429999999998
0.1899693
0.17637419999999998
0.1989761
0.22156980000000004
0.2118249
0.21131959999999994
0.21215860000000009
0.215873
0.2304533
0.20729790000000006
0.21549740000000006
0.21602
0.21663110000000002
0.2249506
0.20381410000000005
0.191366
0.198885
0.2007919
0.2085986
0.2005598
0.2033101
0.20975370000000002
0.19489720000000002
0.2109959
0.2341203
0.1761376
0.1773224
0.25567100000000004
0.2525299
0.2169825
0.20620300000000003
0.24378670000000002
0.2072113
0.22092960000000006
0.2462096
0.25000880000000003
0.2542772
0.2388137
0.2296575
0.2420708000000001
0.197498
0.202228
0.1867574
0.1822332
0.2005548000000001
0.1852217
0.19321770000000002
0.197571
0.20897800000000002
0.2207109
0.19334490000000004
0.2394465000000001
0.16543150000000004
0.14235740000000002
0.20125440000000008
0.1896557
0.1928475
0.1901364
0.1949314
0.1988806
0.21897300000000008
0.19682
0.3834033
0.34902900000000003
0.3417424000000001
0.20477160000000005
0.17278529999999998
0.17053970000000002
0.17038370000000005
0.1580808
0.17272999999999994
0.16233440000000002
0.17843700000000004
0.17209100000000002
0.1622063
0.2248218
0.1810015
0.1720108
0.1713954
0.14634719999999998
0.15682870000000004
0.1745243
0.1988159
0.1774326
0.1865391
0.224406
0.15163079999999998
0.26731970000000005
0.2254194
0.2134309
0.2241255
0.1842228
0.1759478
0.17309760000000002
0.1532598
0.2273754
0.1569128
0.19375799999999999
0.1615769
0.17180289999999998
0.19235919999999995
0.1559615
0.2038434
0.1996436
0.1832055
0.15986780000000006
0.14119400000000001
0.1710568
0.1486519
0.15283339999999998
0.182193
0.16746380000000002
0.17046119999999998
0.1773361
0.17542599999999994
0.1882083
0.1893349
0.22037089999999998
0.1650977
0.1963419
0.16473849999999998
0.25316930000000004
0.23398899999999997
0.2165269
0.1776269
0.15187920000000002
0.1772372
0.21403309999999995
0.16356529999999994
0.2031614
0.1841653
0.2230489
0.183549
0.17368340000000002
0.192601
0.2029774
0.2183663
0.19330710000000004
0.1915179
0.17274209999999998
0.16149080000000002
0.1978411
0.1839343
0.196508
0.1862088
0.1952259
0.1828355
0.240334
0.21060810000000002
0.188046
0.17616420000000002
0.17161539999999995
0.15528820000000002
0.14300610000000002
0.1716476
0.1938716
0.2107607
0.1448764
0.18225460000000002
0.18471300000000002
0.2051445
0.19659620000000005
0.24389820000000004
0.2539764
0.1347452
0.14517529999999998
0.2574905000000001
0.212925
0.1824416
0.2041226
0.26727310000000004
0.23774800000000001
0.23193350000000001
0.24111279999999996
0.2384915
0.2749939
0.25505370000000005
0.2822597
0.154355
0.26094870000000003
0.26800690000000005
0.27726009999999995
0.192076
0.1346646
0.179282
0.17205009999999998
0.15489799999999998
0.1674136
0.1550716
0.14091540000000002
0.1769206
0.13249860000000002
0.1671474
0.17854389999999998
0.2011621
0.2415885
0.16361099999999998
0.18585260000000006
0.20838620000000002
0.1220403
0.1454281
0.14003079999999998
0.17201979999999994
0.1859022
0.15091334
0.17308379999999998
0.19669589999999998
0.2082563
0.2123160000000001
0.233579
0.1826537
0.1822656
0.17974089999999998
0.1831947
0.1737028
0.1876116
0.2459819
0.1924066
0.213423
0.1862437
0.2051154
0.20151
0.2018031
0.2089529
0.2027589
0.28201020000000004
0.2025963
0.256608
0.23415709999999998
0.19690120000000005
0.28529390000000004
0.2152093
0.1891784
0.229718
0.2011994
0.2388043
0.21247220000000006
0.24130170000000006
0.26731900000000003
0.231163
0.180417
0.2717765
0.3974812
0.16193410000000005
0.1346271
0.1782856
0.221405
0.20367349999999998
0.1495035
0.1851261
0.17505549999999998
0.198863
0.1958364
0.15084819999999996
0.1532535
0.1775172
0.2303657
0.1900471
0.16095810000000002
0.21425999999999998
0.2308691
0.2251258
0.2197302
0.1941908
0.2173656
0.2803015
0.2363383
0.23856239999999998
0.2414567
0.2264781
0.2024206
0.24787400000000004
0.24553119999999998
0.19894550000000005
0.2286474000000001
0.2278586
0.21050100000000002
0.2164747
0.2240547
0.1896761
0.2038954
0.18942720000000002
0.1973782
0.1823455
0.19417
0.1815071
0.17783159999999998
0.2026608
0.1878115
0.19731379999999998
0.1790344
0.19356600000000002
0.2153706
0.2199971
0.16904259999999996
0.16148260000000006
0.185499
0.14047279999999998
0.27401590000000003
0.2920764
0.2564283
0.17079539999999999
0.32509590000000005
0.2970604
0.28424190000000005
0.30698649999999994
0.2999515
0.29861609999999994
0.302399
0.31590840000000003
0.326493
0.3155152
0.291666
0.2909383
0.3495902
0.31546
0.3150376
0.305609
0.2945791
0.2952123
0.2777045
0.294597
0.2617842
0.30931960000000003
0.3308439
0.30905229999999995
0.3138637
0.3153715
0.3211007
0.3036013
0.34031500000000003
0.3399488
0.3504625
0.344855
0.24183529999999995
0.32435230000000004
0.28643630000000003
0.28682709999999995
0.2882317
0.2692748
0.2800118
0.280877
0.2904011
0.28986259999999997
0.3465482
0.289851
0.29517790000000005
0.3124488
0.29362520000000003
0.2808826
0.2813141
0.2753886
0.274525
0.28934229999999994
0.2731778
0.28581999999999996
0.34614179999999994
0.34314680000000003
0.3396440000000001
0.3396433
0.33118109999999995
0.3415265
0.32689070000000003
0.3355966
0.3465233
0.3444378
0.3521828
0.32944929999999994
0.32175600000000004
0.3164316
0.283852
0.2899338
0.2924746
0.28493470000000004
0.31498709999999996
0.3444546
0.28967239999999994
0.3299827
0.32388570000000005
0.3147536
0.3284975
0.324964
0.266775
0.352324
0.34745640000000005
0.33608950000000004
0.291987
0.2961919
0.29090370000000004
0.3325794
0.32334909999999994
0.32005170000000005
0.3100951
0.2976893
0.29567940000000004
0.3025226
0.35642399999999996
0.3751177
0.3605844
0.3755837
0.376631
0.3789119000000001
0.3013386
0.3042433
0.29677020000000004
0.2958372
0.2988052
0.305533
0.3497091
0.3615908
0.3435353
0.3049508
0.3410995
0.33269770000000004
0.33347259999999995
0.2883361
0.28994980000000004
0.2894572
0.3009092
0.2890594
0.29922600000000005
0.29266380000000003
0.2973113
0.2895866
0.28361970000000003
0.2937601
0.30834949999999994
0.3165775
0.2177917
0.3012134
0.11341
0.20444679999999998
0.248534
0.29915400000000003
0.32001430000000003
0.2927558
0.2979927
0.32601499999999994
0.3022257
0.271111
0.3301797
0.33391220000000005
0.2674048
0.3308971000000001
0.30525640000000004
0.401407
0.32241859999999994
0.3375478
0.3340913999999999
0.2789884
0.3008344
0.31865330000000003
0.3304363
0.34189899999999995
0.29270300000000005
0.3220496
0.2881572
0.2752731
0.293193
0.3963192
0.385507
0.34923819999999994
0.34777980000000003
0.31593389999999993
0.3263375000000001
0.34274709999999997
0.34688069999999993
0.33459170000000005
0.35317800000000005
0.3408643000000001
0.34564100000000003
0.3261967000000001
0.33684620000000004
0.3043613
0.32393960000000005
0.34442340000000005
0.3482063
0.3425907
0.29325189999999995
0.3767937
0.3764372
0.3546073
0.346817
0.3586300000000001
0.3752197000000001
0.3062208
0.3100716
0.30021610000000004
0.28046649999999995
0.31039419999999995
0.34647110000000003
0.32701810000000003
0.34781090000000003
0.3652247
0.260753
0.30639500000000003
0.2282616
0.3214445
0.2963004
0.3035608
0.3010436
0.29565250000000004
0.2894562
0.34832199999999996
0.3878336000000001
0.3053017
0.2905959
0.31150700000000003
0.28948320000000005
0.30971540000000003
0.2963731
0.29667340000000003
0.30171649999999994
0.2875783
0.2888133
0.329623
0.3735687999999999
0.3155626
0.3804342
0.3094693
0.345384
0.3323297
0.3665764
0.3613999000000001
0.3354847
0.3345685
0.2453688
0.33854499999999993
0.3370811
0.3575702
0.3378664
0.32334470000000004
0.33534400000000003
0.35568730000000004
0.3810849
0.3812263
0.32691089999999995
0.31778359999999994
0.3574582000000001
0.34374709999999997
0.34664490000000003
0.382992
0.3531698
0.31158020000000003
0.3798671
0.36949099999999996
0.3487822
0.3148141
0.2994703
0.2832923
0.3393466
0.3460553
0.3403375
0.31573870000000004
0.31563319999999995
0.3415935
0.33219590000000004
0.356372
0.3527795
0.3505078
0.3456844
0.3443218
0.34697110000000003
0.3616368
0.37202040000000003
0.3381542
0.3659417
0.3818418
0.36361129999999997
0.3610929000000001
0.378674
0.162245
0.3740375
0.37488699999999997
0.375187
0.38889
0.388383
0.390207
0.324589
0.020918
0.01775
0.0066911
0.065535
0.065415
0.06497900000000001
0.06529
0.065727
0.06683929999999999
0.06510890000000001
0.06270980000000001
0.0636825
0.0650323
0.063934
0.184984
0.174879
0.15168600000000002
0.17802729999999994
0.18067
0.181197
0.14377800000000002
0.108595
0.105886
0.140205
0.180713
0.177027
0.176222
0.181059
0.185689
0.190512
0.14671800000000002
0.181726
0.189246
0.188619
0.180226
0.21339699999999998
0.209946
0.211721
0.08362639999999999
0.07765
0.0768495
0.08563810000000001
0.13305799999999998
0.08716449999999999
0.0890762
0.07236649999999999
0.083741
0.12964299999999998
0.12314399999999998
0.133516
0.118347
0.096381
0.104932
0.22751
0.141167
0.091158
0.093761
0.0069188
0.005366849999999999
0.0283882
0.10628519999999998
0.07862399999999999
0.186826
0.264726
0.209304
0.371548
0.384234
0.21303100000000005
0.256343
0.215968
0.231
0.006004
0.0458881
0.039647600000000005
0.036347199999999996
0.0222817
0.015055500000000003
0.0756283
0.10404820000000002
0.0181116
0.0589395
0.39007970000000003
0.2545992
0.12951400000000002
0.0403033
0.4015085
0.2448436
0.143805
0.063551
0.037582
0.0686592
0.0850202
0.25668349999999995
0.116035
0.1221993
0.17917529999999998
0.08556090000000001
0.1486565
0.0772941
0.006468499999999999
0.32141640000000005
0.1396935
0.072074
0.032485
0.04697200000000002
0.01781961
0.007643530000000002
0.06655032999999999
0.11420518999999996
0.09344029
0.03659002
0.05786339
0.04021862
0.11746139
0.09403453
0.08841383
0.13746574
0.05615559999999999
0.097539
0.109845
0.0581539
0.0603895
0.0592322
0.0297394
0.02466
0.040264999999999995
0.028614999999999998
0.027764999999999998
0.0247136
0.0167319
0.1252653
0.1942085
0.3171874
0.3034135
0.3257487
0.2095239
0.28171290000000004
0.32792319999999997
0.05717000000000001
0.054471000000000006
0.03889530000000002
0.060490999999999996
0.0808968
0.037401
0.05070499999999999
0.01610715
0.03678505
0.008392720000000001
0.00989594
0.06563195
0.07018735
0.06394584
0.06941604999999999
0.07176725
0.07327239999999999
0.06671998999999999
0.1159345
0.1069541
0.11739415
0.10913805
0.11356589999999997
0.09336505
0.12816201000000002
0.0564768
0.12172054999999996
0.14726292
0.10465005
0.059984400000000014
0.14340530999999998
0.21669916
0.1997849200000001
0.15904801000000002
0.13465096
0.12589100999999994
0.14703196000000002
0.23888482
0.24710387
0.12099000000000001
0.08888499999999999
0.09145
0.07964
0.09028830000000004
0.097134
0.087976
0.1013672
0.094588
0.13693270000000002
0.12310739999999998
0.1344874
0.1001581
0.1068711
0.11190800000000002
0.2204506
0.3153008
0.4592959
0.3645270000000001
0.03398
0.40736
0.39161399999999996
0.3802014
0.377205
0.378577
0.378382
0.415067
0.375263
0.37899
0.3821495
0.288048
0.008148
0.386225
0.17451
0.113169
0.1230845
0.1900983
0.142988
0.10434000000000004
0.020511
0.035849400000000003
0.11719
0.129446
0.048055
0.11383499999999999
0.11517519999999999
0.0905914
0.0678072
0.0894403
0.06818010000000001
0.1520315
0.1067583
0.07813610000000001
0.1518136
0.0965247
0.13966810000000002
0.1444987
0.1600117
0.1218508
0.12315919999999997
0.07108289999999999
0.0551655
0.05554540000000001
0.06806799999999999
0.050787900000000004
0.077024
0.07033860000000003
0.0988034
0.07687719999999999
0.0755571
0.06789339999999999
0.0265222
0.0196915
0.0671371
0.07571178
0.1142133
0.12142490000000004
0.03962347
0.0341485
0.017673200000000003
0.0322466
0.06913580000000001
0.1773575
0.13539600000000002
0.0862443
0.0955268
0.0365069
0.0281163
0.019422
0.04597890000000001
0.15511500000000006
0.016578299999999997
0.183777
0.16964079999999998
0.1845564
0.1951493
0.1821366
0.15321500000000002
0.186077
0.2075140000000001
0.17598699999999998
0.20119
0.182686
0.137772
0.097331
0.10738
0.133975
0.154876
0.14883200000000002
0.16055699999999998
0.1621557
0.176146
0.152895
0.152755
0.11481899999999998
0.0982368
0.097938
0.094519
0.1146631
0.149649
0.115244
0.162381
0.20095900000000005
0.16073199999999999
0.157338
0.155305
0.165551
0.139978
0.132395
0.17059000000000002
0.10885399999999999
0.177813
0.12747899999999998
0.10753340000000004
0.101899
0.098449
0.109089
0.14292400000000005
0.123581
0.165352
0.177378
0.104127
0.11524000000000001
0.106052
0.105296
0.14030700000000002
0.101609
0.086661
0.2528884
0.32298088
0.21812611
0.28080896
0.13849051
0.18875745
0.25051785
0.2748687
0.25774559
0.18730766
0.19653335
0.26802865
0.2753123
0.2700862
0.283326
0.27117565000000005
0.2672026
0.24796855
0.22734815000000005
0.22529611
0.21929001
0.15487101
0.37419745
0.30254401
0.26465019
0.21359315
0.22988905
0.26934319
0.22782619
0.22979419
0.2022731
0.18634124
0.23911115
0.26279515
0.28119419
0.22344493
0.23793524
0.19627429000000005
0.1651111
0.14590219
0.18431670000000006
0.21869196
0.19164676
0.22149331
0.19787669
0.2980938699999999
0.25582705
0.26438504999999995
0.35729805
0.3168341
0.29727210000000004
0.22037910000000005
0.1403861
0.21840025
0.361642
0.21509499999999998
0.2380721
0.223896
0.167238
0.235167668
0.27478400000000003
0.2598016
0.2899427
0.17485480000000006
0.216249
0.2402916
0.2594439
0.2483725
0.2241665
0.1948475
0.2043259
0.21236755
0.10887312
0.26872651
0.23805229999999997
0.2069299
0.18018338
0.20126985000000008
0.284195
0.19551415000000005
0.24652606
0.15900606000000006
0.2303655500000001
0.21371855
0.14216856
0.26480227
0.37807989
0.25576167
0.30290753
0.28938097
0.30769292000000004
0.26892007
0.20879297
0.26131553
0.29999052000000004
0.2375978
0.21886746
0.23486151
0.24291462
0.16507925
0.10782629
0.11443148
0.26409726
0.28396550000000004
0.29139587999999994
0.27280583
0.25723495
0.28392045
0.34362919999999997
0.27648069
0.3278462
0.31562485
0.28918695
0.28506505
0.33726654999999994
0.18552925
0.1937016
0.23461915000000005
0.25861660000000003
0.28403635
0.2787558
0.28318595
0.31387555
0.30916815000000003
0.22425781
0.24041775
0.4206891
0.41467495
0.43464759999999997
0.445359
0.43864755
0.4349068
0.43151165
0.4117554
0.42457965
0.42217055
0.39845685
0.4463605000000001
0.40996809999999995
0.43243580000000004
0.41200675
0.46424271
0.433572
0.41777195
0.4182866999999999
0.40903355
0.44314501
0.41522795
0.33415455
0.39557755
0.411168
0.41182005
0.4271091
0.3884544
0.41654515
0.4421991
0.3718490999999999
0.40484705
0.38297801
0.2019471
0.22832554
0.24787910000000002
0.29220805
0.19828892
0.26265405000000003
0.27338401
0.1934371
0.46935315
0.45464315
0.42010819
0.22807505
0.24208161
0.22039495
0.24225205
0.28034292
0.25902801000000003
0.26500901
0.23955905
0.24094005
0.19434557
0.43494587
0.38255892
0.32682387
0.33973292
0.26672596
0.25045901
0.27356396000000005
0.34805401
0.27059676
0.34772101
0.43724606
0.38500496
0.31970592000000003
0.33107692
0.31516532
0.31922217
0.29226996
0.33203352
0.33137292
0.34970522000000004
0.35842352
0.32307096
0.3627832700000001
0.31925816
0.32607216
0.30821996
0.33261479999999993
0.302522
0.32549120000000004
0.322091
0.31494900000000003
0.333247
0.34019
0.282295
0.29176470000000004
0.3329849000000001
0.3130077000000001
0.3510278
0.28098
0.331509
0.145594
0.231293
0.27512000000000003
0.31771900000000003
0.293906
0.33211409999999997
0.305438
0.313775
0.329332
0.309836
0.28371599999999997
0.274556
0.29429879999999997
0.28192599999999995
0.35474999999999995
0.3729157000000001
0.3166236
0.327524
0.3532593
0.2875086
0.25147460000000005
0.2722653
0.2771126
0.2936705
0.3098586
0.3503555
0.3206679
0.2875303
0.34879829999999995
0.15594129999999998
0.16170869999999998
0.16025879999999998
0.2568308
0.1825259
0.220935
0.17361890000000002
0.14979289999999998
0.2129659
0.1383428
0.1443609
0.12355710000000003
0.157951
0.22175690000000006
0.17391389999999998
0.17599589999999998
0.16514410000000002
0.113647
0.16486910000000002
0.11490230000000001
0.1670689
0.16494270000000005
0.16786410000000002
0.0997488
0.0954214
0.0925972
0.16604520000000006
0.203368
0.20753310000000005
0.17108220000000002
0.1075383
0.2162392
0.2202274
0.11492939999999999
0.10485239999999998
0.13863920000000002
0.15355629999999998
0.14530929999999995
0.1369084
0.1095612
0.1437713
0.1048772
0.1691442
0.24448209999999998
0.22643310000000005
0.2224742
0.235566
0.14193229999999998
0.16697220000000002
0.1214063
0.1393222
0.12028350000000004
0.17011120000000002
0.08990229999999999
0.11783740000000001
0.1027781
0.1887164
0.1148122
0.0630603
0.05929630000000001
0.06462330000000001
0.1281504
0.0797592
0.1659253
0.12933419999999998
0.1904892
0.25395619999999997
0.2898833
0.198304
0.15483
0.06812399999999999
0.12267
0.136405
0.168897
0.119517
0.121504
0.106127
0.138459
0.107976
0.12705999999999998
0.1086
0.122325
0.08164600000000001
0.157547
0.175177
0.12484399999999996
0.17583
0.212086
0.203138
0.164944
0.192436
0.130986
0.14864539999999998
0.24042
0.23349
0.281035
0.249678
0.184609
0.16884970000000002
0.1373036
0.11483689999999999
0.12627500000000005
0.13212000000000002
0.08291299999999999
0.16611800000000002
0.190171
0.099679
0.176298
0.093985
0.159894
0.129206
0.107593
0.064721
0.082232
0.117246
0.17959500000000006
0.135537
0.14676830000000002
0.147223
0.169773
0.201455
0.149705
0.151421
0.14337060000000001
0.18277100000000002
0.144523
0.247712
0.2523110000000001
0.204103
0.132353
0.102568
0.117131
0.13178499999999999
0.24451
0.256146
0.188744
0.233607
0.180938
0.283539
0.311303
0.322712
0.303923
0.2045138
0.2419591
0.1517651
0.2053248
0.16335338
0.215171
0.260363
0.203091
0.3805
0.361684
0.397995
0.402352
0.4006770000000001
0.376798
0.383481
0.4248
0.36959000000000003
0.397168
0.366012
0.35158599999999995
0.28048700000000004
0.242944
0.229074
0.26935774
0.16252779999999994
0.1794211
0.16893999999999998
0.134442
0.208448
0.151724
0.17620596
0.16410000000000002
0.104135
0.082932
0.078315
0.09621
0.098436
0.172452
0.17601599999999998
0.081541
0.0928072
0.117289
0.133645
0.262221
0.34834000000000004
0.3403098
0.34100640000000004
0.34221799999999997
0.35326
0.360446
0.28292
0.14172
0.16415
0.239025
0.23687199999999997
0.1880763
0.19846000000000005
0.17461
0.160124
0.18269200000000002
0.37787
0.47461899999999996
0.4012169999999999
0.120138
0.1803458
0.17031
0.194948
0.14257799999999998
0.134569
0.11929760000000003
0.09035
0.0927303
0.097874
0.107704
0.125577
0.11180699999999999
0.112151
0.0953939
0.101424
0.110147
0.113708
0.149003
0.196112
0.32010799999999995
0.15937800000000002
0.245368
0.210352
0.248381
0.23661
0.222746
0.181776
0.138069
0.192257
0.08657100000000001
0.09262000000000001
0.091145
0.10223
0.205297
0.185309
0.19678800000000002
0.200646
0.10528299999999999
0.07986099999999999
0.105233
0.097791
0.108227
0.150685
0.10208000000000003
0.099178
0.078096
0.112409
0.111747
0.06251000000000001
0.051164999999999995
0.052082
0.053953
0.056503
0.0573
0.09817100000000001
0.08567000000000001
0.080792
0.080359
0.08593300000000001
0.059350699999999985
0.06632610000000001
0.127369
0.068615
0.080373
0.073854
0.07587999999999999
0.051703
0.053637
0.056124
0.067451
0.169019
0.21097600000000002
0.181378
0.187375
0.192885
0.254429
0.21796500000000002
0.226884
0.170542
0.133125
0.06788899999999999
0.056437
0.06927799999999999
0.075252
0.085283
0.05735700000000001
0.06624100000000001
0.073658
0.06482299999999999
0.082812
0.067041
0.06297499999999999
0.067138
0.077194
0.076863
0.059336000000000014
0.106306
0.084248
0.063305
0.081125
0.095551
0.091647
0.093246
0.095447
0.109527
0.120093
0.10876500000000001
0.12321700000000001
0.13005799999999998
0.091128
0.042168
0.061768
0.058889
0.06274
0.053403999999999986
0.051507000000000004
0.053680000000000005
0.047433
0.06113100000000001
0.046138
0.08377899999999999
0.10594400000000001
0.113635
0.106251
0.106043
0.099317
0.084753
0.051471
0.294367
0.20328500000000005
0.104786
0.10067900000000002
0.12108499999999998
0.131127
0.107392
0.135881
0.159475
0.124772
0.114074
0.119228
0.118988
0.23032800000000006
0.127073
0.062183
0.11646400000000001
0.20383800000000002
0.213718
0.15167899999999998
0.148056
0.145707
0.16736099999999998
0.1218245
0.17035309999999998
0.2187782
0.16717520000000002
0.1689422
0.12197830000000001
0.060569200000000004
0.16428220000000002
0.15824719999999998
0.16550209999999999
0.1163142
0.08207179999999999
0.073054
0.191518
0.16839110000000002
0.16870010000000002
0.16688219999999998
0.15821519999999994
0.12703209999999998
0.15701610000000002
0.14942599999999998
0.0888521
0.1079471
0.0982911
0.08984009999999999
0.1704192
0.1762981
0.13399129999999998
0.12932539999999998
0.1972751
0.2941232
0.2008743
0.1332924
0.15268950000000006
0.12514540000000002
0.06944850000000001
0.07540329999999999
0.07734319999999999
0.1126453
0.17641729999999994
0.1665683
0.1500832
0.1439701
0.18055510000000002
0.1483342
0.1619471
0.1577863
0.2124173
0.20305550000000008
0.1903295
0.2035674
0.2053964
0.1774445
0.1713083
0.2084533
0.17820029999999998
0.1961373
0.17657040000000002
0.1233715
0.1942544
0.16329549999999998
0.1994105
0.1697945
0.1952354000000001
0.1537675
0.2011254
0.1741355
0.1785165
0.1750775
0.1898155
0.18586060000000004
0.14028130000000005
0.1011495
0.1214463
0.10911450000000003
0.11445930000000001
0.1122089
0.1649495
0.1583924
0.1600575
0.1812904
0.17534760000000002
0.2438655
0.2426105
0.2342806
0.24973450000000005
0.2407797
0.2267326
0.1483617
0.17387840000000002
0.18904749999999998
0.15808250000000001
0.11000050000000001
0.11140850000000002
0.1239563
0.11841120000000001
0.1155622
0.22210749999999999
0.17172140000000002
0.1622484
0.1886705
0.1992485
0.1874636
0.1700195
0.1828455
0.18806660000000008
0.1996065
0.1683954
0.14142449999999998
0.11670950000000001
0.2260282
0.1305721
0.1137373
0.1571145
0.19920360000000004
0.1812895
0.20242249999999998
0.1914985
0.1465795
0.17628139999999998
0.1840965
0.2149517
0.1553145
0.12105739999999998
0.34213589999999994
0.20061199999999998
0.1801185
0.1894115
0.1421855
0.1952855
0.0941965
0.1074413
0.32437160000000004
0.3216988
0.22485929999999998
0.2219688
0.1545102
0.0835653
0.1969026
0.20241370000000009
0.2028605
0.3289018
0.4569698
0.4700525999999999
0.1564078
0.1836615
0.15752660000000002
0.14264549999999998
0.1493705
0.1478865
0.16297650000000002
0.1614254
0.14972149999999998
0.0691725
0.1007305
0.1068622
0.17657150000000002
0.1386985
0.14720850000000002
0.1422356
0.2305317
0.22834279999999998
0.2247437
0.2138676
0.1135246
0.1381265
0.1439835
0.1014885
0.0761184
0.2107802
0.0997824
0.1183484
0.1320724
0.0901535
0.08120050000000001
0.0592635
0.0676275
0.0495575
0.08888650000000001
0.07895239999999999
0.16290220000000002
0.1358697
0.1114818
0.08977360000000001
0.1036565
0.1270737
0.10021050000000001
0.11937149999999999
0.1016504
0.1127924
0.0631625
0.0969454
0.0790995
0.08554149999999999
0.1037637
0.0921947
0.1564214
0.2433995
0.1854645
0.1891686
0.1966706
0.2483226
0.21400450000000001
0.1899656
0.1885835
0.0833875
0.07462250000000001
0.07719050000000001
0.0995485
0.0701036
0.055561599999999996
0.0913465
0.0891264
0.0780025
0.0693615
0.0832735
0.1032334
0.0907395
0.0794294
0.07194919999999999
0.1440743
0.1236884
0.1138192
0.0945745
0.1504294
0.15807949999999998
0.1339575
0.1586425
0.1399786
0.1126975
0.1836654
0.1609545
0.15763549999999998
0.16511360000000005
0.1402035
0.1390585
0.1617175
0.14570139999999998
0.14889750000000002
0.1207585
0.1045675
0.0881625
0.1305093
0.09858839999999999
0.1005874
0.1033555
0.1716943
0.0995684
0.1138003
0.08662550000000001
0.0966586
0.09288049999999999
0.0845265
0.1062115
0.10094650000000001
0.09254760000000002
0.0889055
0.0423824
0.1151135
0.08273260000000003
0.0690945
0.14837360000000002
0.15500850000000002
0.16217060000000005
0.23101970000000002
0.21032470000000006
0.2084296
0.2101417
0.2000526
0.22841570000000005
0.1968786
0.16068549999999998
0.17487239999999998
0.0828096
0.0909465
0.0828655
0.1027785
0.0908857
0.1008816
0.08937269999999999
0.08754139999999999
0.0816582
0.1267424
0.1228144
0.1382414
0.1266394
0.1383433
0.1005443
0.16204520000000006
0.16563709999999998
0.1549942
0.16278310000000001
0.17688819999999994
0.11774420000000001
0.11140350000000004
0.17018329999999998
0.17180520000000002
0.1682131
0.1480933
0.13943250000000001
0.1130173
0.11325450000000001
0.1217315
0.0963225
0.14160550000000002
0.25321839999999995
0.1986314
0.16962729999999998
0.13970420000000006
0.15608029999999998
0.1318592
0.1105743
0.1983656
0.1493546
0.2071525
0.2359363
0.199565
0.16836500000000001
0.2137235
0.15915120000000002
0.1812145
0.16482539999999998
0.0970585
0.1351454
0.09200449999999999
0.1063474
0.1174963
0.1134683
0.11659549999999999
0.09715639999999999
0.12950029999999998
0.0734094
0.1093634
0.08992330000000001
0.1209465
0.1244644
0.11234839999999999
0.1105394
0.1237994
0.1121364
0.1353743
0.09108739999999999
0.15465049999999994
0.15724549999999998
0.1021005
0.0934114
0.1057674
0.11059139999999999
0.1086925
0.1078274
0.0966024
0.1444903
0.10667809999999996
0.1109183
0.1089704
0.1094424
0.10275039999999999
0.1257684
0.0992425
0.1005344
0.1387293
0.1475374
0.1530655
0.1030942
0.1891612
0.1929741
0.2047191
0.18519720000000003
0.1896132
0.1918862
0.1787474
0.20482929999999996
0.2149712
0.1915141
0.1617953
0.16205419999999998
0.1875262
0.2049279
0.23637249999999999
0.2379915
0.17212349999999998
0.2066944
0.1878645
0.2366013
0.2862874
0.2333093
0.2788422
0.2249882
0.2886703
0.2883973
0.2669011
0.2667932
0.17881129999999998
0.1391342
0.1278301
0.1931191
0.2036041
0.2296631
0.24962710000000002
0.1877005
0.17389770000000002
0.1912186
0.1787526
0.160578
0.1825858
0.16671870000000005
0.1437661
0.13841830000000002
0.1388553
0.14922920000000006
0.1291863
0.14479530000000002
0.1372224
0.13223339999999995
0.1104322
0.0985834
0.12728820000000002
0.14756280000000002
0.13644900000000001
0.18720490000000006
0.1515219
0.1324109
0.1960031
0.1863261
0.15820320000000002
0.1412021
0.1915933
0.1794592
0.17628819999999998
0.2179629
0.17203810000000005
0.21059809999999995
0.18339010000000008
0.21564299999999997
0.2100301
0.17142770000000002
0.17832009999999998
0.17185309999999998
0.14192420000000006
0.1482652
0.15171020000000002
0.1491222
0.1803842
0.1265352
0.1621263
0.1470062
0.1055384
0.0868873
0.08722460000000001
0.09358219999999998
0.1377672
0.1484105
0.2007069
0.2234936
0.2339875
0.25556450000000003
0.2417735
0.19557360000000001
0.2649326
0.27539790000000003
0.2600447
0.2320476
0.12427550000000001
0.16163750000000002
0.1522435
0.15134360000000002
0.11487889999999999
0.07332960000000001
0.0827345
0.0739886
0.0831025
0.11103339999999998
0.1596513
0.1201933
0.0972314
0.06422939999999999
0.06528350000000001
0.0694534
0.1186731
0.14813220000000002
0.1133152
0.125597
0.1532761
0.1208632
0.13779339999999998
0.14483929999999998
0.1362715
0.1514194
0.2538825
0.2298955
0.2516004
0.21876750000000003
0.2125033
0.2029954
0.2392897
0.21936550000000002
0.2294877
0.14676440000000002
0.15422339999999998
0.10573740000000001
0.10493440000000001
0.08270160000000001
0.3614668
0.375696
0.3328109
0.4110268
0.3890373999999999
0.385355
0.3817711
0.3312895
0.2276261
0.169486
0.2000083
0.1951292
0.16581720000000005
0.16883929999999994
0.184528
0.23785
0.17290899999999998
0.197893
0.20805300000000004
0.195688
0.217412
0.202372
0.200774
0.19758400000000004
0.180451
0.193411
0.17727900000000002
0.127673
0.116741
0.111799
0.099998
0.100997
0.124008
0.111006
0.085893
0.147878
0.14071
0.246475
0.24339300000000005
0.222126
0.20693000000000006
0.16789500000000002
0.187126
0.18307
0.15675
0.08421100000000001
0.25952600000000003
0.23640500000000003
0.110927
0.094422
0.12618999999999994
0.101486
0.10637
0.11409999999999998
0.14052399999999998
0.148497
0.13498100000000002
0.16644599999999998
0.168595
0.130884
0.21583400000000005
0.18161900000000009
0.134371
0.14743
0.110226
0.113127
0.15565800000000002
0.187396
0.14523
0.165465
0.220945722
0.26653000000000004
0.226753
0.151524
0.163859
0.16046300000000002
0.15357
0.16510999999999998
0.182338
0.142082
0.174334
0.159026
0.172466
0.159397
0.18431000000000008
0.151601
0.23112800000000006
0.196717
0.174562
0.186058
0.16251300000000002
0.20957199999999998
0.207594
0.23603900000000005
0.242194
0.21789600000000006
0.196279
0.18429
0.162381
0.196996
0.20212
0.219606
0.233738
0.197875
0.20447
0.221919
0.24011
0.237456
0.2724
0.227775
0.212449
0.218937
0.211741
0.225135
0.215412
0.213389
0.230095
0.188449
0.218524
0.231702
0.22631500000000002
0.230116
0.171713
0.178346
0.188587
0.182507
0.171547
0.176073
0.17882699999999999
0.180852
0.17353000000000002
0.17018599999999998
0.171877
0.16884000000000002
0.25475299999999995
0.2463090000000001
0.173524
0.15202700000000002
0.22521599999999997
0.158453
0.196028
0.180235
0.17941600000000002
0.164228
0.16519
0.175175
0.171265
0.18555900000000008
0.16955900000000002
0.155238
0.163832
0.171278
0.171189
0.181382
0.184373
0.16709000000000002
0.17060699999999998
0.19150999999999999
0.193339
0.175565
0.182803
0.177379
0.20571
0.166241
0.180143
0.182204
0.166822
0.166197
0.171236
0.169391
0.182096
0.15792599999999998
0.17614000000000002
0.16697299999999998
0.16378900000000002
0.165477
0.122791
0.109725
0.108959
0.0918341
0.11642760000000002
0.08936000000000001
0.152918
0.129609
0.108503
0.108321
0.096315
0.095946
0.092798
0.08260200000000001
0.112033
0.098101
0.095676
0.0849
0.100487
0.101978
0.086506
0.095193
0.08583500000000001
0.101561
0.092685
0.15182400000000001
0.092511
0.07295700000000001
