0.12640085
0.11518685
0.11496485
0.1199738
0.11746885
0.12557485
0.12349390000000005
0.14957771
0.11999976
0.12332285
0.12680771
0.13658676
0.1260258
0.1189358
0.1162058
0.11630390000000004
0.11522485
0.11426994
0.11679885
0.11487089999999997
0.11525585
0.1207869
0.1170149
0.14649079999999998
0.11798084999999996
0.11312785
0.10517294
0.1087069
0.1051519
0.10369885
0.10785285
0.1070628
0.1125688
0.11940579999999998
0.1109038
0.12154871
0.11299485
0.10914784999999998
0.11091676
0.11274580000000001
0.1121858
0.11067485
0.1145358
0.1101739
0.11683485
0.11231689999999997
0.10691585
0.1121019
0.11641485
0.10717485
0.10325394
0.1031769
0.10515594
0.10468294
0.10249894
0.10520599
0.09767994
0.0988499
0.0987269
0.10627199
0.11870485
0.1029979
0.0976339
0.10142399000000002
0.09908585
0.09747494
0.10498199
0.11008485
0.11617579999999998
0.10831189999999999
0.1097618
0.1172178
0.11974584999999995
0.11319885
0.10166694
0.10882894
0.10999394
0.10860294
0.1164239
0.10848199
0.10685894
0.1046869
0.10547294
0.1210758
0.11664294
0.12518579999999999
0.12267676
0.1115658
0.1080258
0.1027688
0.1193758
0.1114858
0.11876676
0.11839676
0.12049485
0.12929176
0.11491485
0.07809094
0.08300304
0.08633994
0.09177389999999999
0.10050594
0.11150485
0.1131528
0.1314558
0.13236771
0.13974771
0.16190962
0.15013865999999998
0.14751675999999994
0.14639676
0.14141576
0.13857579999999994
0.1362098
0.14748771
0.14413676
0.06230676
0.15800866
0.06486265999999999
0.15772471
0.06616071
0.06423776
0.06330771
0.06293676
0.05834171000000001
0.15527376
0.15482866
0.06554771
0.15999771000000002
0.15772771000000002
0.15576771
0.07566771
0.16035962
0.06439971
0.06331070999999999
0.06391676
0.15130176
0.06156376
0.15911676000000002
0.0645218
0.07161676
0.0723348
0.15852971
0.16442365999999994
0.07128066
0.16749366
0.16326162
0.16473871
0.16440971
0.16390961999999998
0.16814566
0.17385962000000002
0.18907962
0.18011866
0.17100665999999998
0.18199962
0.18262962
0.17918462
0.19026866
0.19056
0.18881
0.18288
0.1921
0.18919
0.19882
0.19658
0.19162
0.22987
0.2127
0.19473
0.20898000000000005
0.19087
0.1948
0.188639
0.198164
0.191796
0.20814
0.20764
0.21091
0.21343
0.21478000000000005
0.20866
0.21002
0.20425
0.20167000000000002
0.19952999999999999
0.21045999999999998
0.20974
0.21600000000000005
0.2078
0.206424
0.2229
0.209188
0.21401
0.21278000000000002
0.21043
0.21134
0.21241
0.20856
0.21554
0.21819000000000002
0.20992
0.2207
0.22432
0.2257
0.21662
0.20848000000000005
0.19958
0.19417
0.19808
0.20368000000000008
0.20299
0.20717
0.20663
0.21603000000000008
0.22088
0.20849
0.20025
0.20145
0.1983
0.19685
0.19272
0.19685
0.20018
0.20219000000000004
0.20525
0.19467
0.19773
0.19617
0.1884
0.18676
0.18663
0.18214
0.19015
0.18978
0.20193
0.19842
0.20181
0.19952
0.21206000000000005
0.21505
0.19276
0.19701
0.20873000000000003
0.20456
0.20441
0.20621
0.21869
0.22006
0.22155
0.2222500000000001
0.22459
0.21181
0.19923
0.21411
0.22209
0.21256999999999998
0.21308
0.22268
0.22453
0.22005
0.20142
0.20357
0.20259
0.20412
0.18796
0.18915
0.18222
0.18108
0.17381
0.1816
0.17626
0.19174
0.17456
0.17315999999999998
0.17822000000000002
0.17792000000000002
0.17033
0.16695
0.15853
0.07314
0.07576000000000001
0.15618
0.14725
0.15267999999999998
0.14770999999999998
0.14072
0.14723
0.14981
0.1395
0.13899
0.13383
0.12861999999999998
0.1319
0.13882
0.13227000000000005
0.14025
0.14313
0.13882
0.14072
0.14384
0.1303
0.13153
0.12989
0.1254
0.12552
0.1281
0.12605
0.14767
0.12755999999999998
0.12994
0.13842000000000002
0.14178
0.13249
0.12782000000000002
0.12593
0.12222
0.12374
0.12728
0.12989
0.13177999999999998
0.12945
0.13189
0.13427999999999998
0.14257999999999998
0.12951
0.12249000000000002
0.12680999999999998
0.12109
0.11851
0.12841
0.11977
0.12646000000000002
0.12416
0.11712000000000004
0.12484
0.12662
0.12271
0.12082
0.11635
0.1136
0.11695
0.12553
0.10673699999999997
0.11293
0.107912
0.10801600000000001
0.11642999999999999
0.12152
0.11600999999999999
0.11114
0.11344999999999998
0.10871
0.10501
0.1083
0.10585
0.11938
0.115231
0.12683899999999998
0.114527
0.12496700000000001
0.116339
0.119358
0.12528499999999998
0.120728
0.120675
0.123248
0.12695800000000002
0.13185999999999998
0.120341
0.123599
0.123339
0.132267
0.12607000000000002
0.11975
0.12209500000000001
0.130549
0.137364
0.15221500000000002
0.14650800000000005
0.149248
0.14546099999999998
0.142943
0.138679
0.11826699999999996
0.102851
0.100549
0.119099
0.131545
0.14490399999999998
0.15395
0.151232
0.16658099999999998
0.151728
0.156727
0.156291
0.170743
0.16557999999999998
0.166392
0.08354799999999997
0.08763499999999999
0.168719
0.167929
0.17014300000000002
0.184495
0.17522200000000002
0.08859600000000001
0.186414
0.196905
0.17921900000000002
0.17848
0.185132
0.183187
0.180827
0.19091
0.188372
0.196498
0.190022
0.190913
0.191842
0.204009
0.194624
0.199596
0.194248
0.197661
0.19556600000000002
0.197116
0.198881
0.21421199999999999
0.20033099999999998
0.186928
0.195632
0.215012
0.207122
0.203999
0.207484
0.192761
0.194222
0.212416
0.190193
0.200559
0.18820699999999999
0.201899
0.213422
0.207762
0.203269
0.20954499999999998
0.196236
0.203644
0.195163
0.207573
0.22571
0.220732
0.20973200000000006
0.210135
0.211304
0.22119
0.21601900000000002
0.21707600000000002
0.213858
0.209101
0.222244
0.226346
0.228372
0.240008
0.23006
0.216925
0.22582
0.2290790000000001
0.21479099999999998
0.215121
0.22382
0.218809
0.213238
0.220627
0.22902
0.239161
0.23974600000000001
0.236363
0.233303
0.232045
0.238311
0.226608
0.215025
0.218763
0.216494
0.222663
0.24426199999999998
0.268118
0.257115
0.250239
0.269212
0.26379
0.2329600000000001
0.22579499999999997
0.225726
0.220431
0.22305999999999998
0.218675
0.240096
0.237036
0.216234
0.23394
0.241896
0.243061
0.23076100000000002
0.234107
0.219198
0.23221599999999998
0.230776
0.223715
0.23074899999999998
0.239622
0.238301
0.250936
0.24904899999999996
0.260549
0.238095
0.244402
0.236434
0.24655500000000002
0.24597399999999997
0.245518
0.25755500000000003
0.25254
0.25609
0.26307200000000003
0.261477
0.242301
0.24026399999999998
0.24147900000000005
0.241921
0.251924
0.246589
0.240041
0.247194
0.235965
0.245009
0.250609
0.243329
0.241407
0.2416750000000001
0.242133
0.23811
0.239669
0.237308
0.235557
0.2464750000000001
0.24328899999999998
0.236571
0.254578
0.23744899999999997
0.22605799999999998
0.218257
0.232954
0.215715
0.219252
0.213374
0.212529
0.211977
0.21435500000000002
0.201543
0.188938
0.204061
0.192473
0.176204
0.168203
0.07959400000000001
0.164063
0.08468300000000001
0.076809
0.08341900000000001
0.165603
0.163596
0.16737599999999994
0.169158
0.157174
0.140509
0.13647
0.133703
0.14443599999999998
0.142477
0.149894
0.15493999999999994
0.160374
0.15623399999999998
0.150072
0.155147
0.151857
0.147634
0.15193099999999998
0.133273
0.132384
0.13915499999999995
0.13034500000000002
0.13642
0.146101
0.16212
0.14965299999999998
0.14469300000000002
0.14413399999999998
0.140579
0.13558299999999998
0.148263
0.129891
0.12992299999999998
0.125301
0.13204100000000002
0.133232
0.125725
0.133401
0.125772
0.128588
0.135601
0.141352
0.128875
0.131408
0.126056
0.13635899999999998
0.126887
0.129546
0.125144
0.12667499999999998
0.122576
0.12285300000000005
0.12783
0.122295
0.11629599999999995
0.118532
0.124519
0.11137999999999999
0.12131
0.127303
0.119746
0.128206
0.12417999999999994
0.127154
0.117319
0.129139
0.121563
0.12482
0.11828500000000006
0.114754
0.12075
0.13331700000000002
0.13271300000000005
0.122859
0.118057
0.13082
0.120774
0.115565
0.116225
0.12072999999999999
0.110996
0.110668
0.122667
0.120345
0.120772
0.12978499999999998
0.13738
0.142207
0.13004100000000002
0.128538
0.130373
0.130302
0.12940000000000002
0.13296100000000002
0.14063599999999998
0.14601699999999998
0.137812
0.142147
0.13523100000000002
0.12303199999999999
0.099895
0.100176
0.102357
0.104609
0.114774
0.117801
0.121284
0.13289700000000002
0.12298699999999999
0.131707
0.131274
0.13519799999999998
0.142012
0.14840699999999998
0.145322
0.146579
0.144779
0.152355
0.15603399999999998
0.160843
0.156245
0.171057
0.076291
0.077852
0.16250699999999998
0.164167
0.066827
0.16238299999999994
0.161486
0.16563799999999998
0.175154
0.17565699999999998
0.176202
0.199334
0.187392
0.19054300000000002
0.19701400000000002
0.192443
0.186049
0.184633
0.17676999999999998
0.191943
0.18344900000000008
0.188393
0.184869
0.194217
0.185726
0.189746
0.193958
0.196782
0.18874200000000002
0.18215
0.183391
0.183009
0.1846
0.18991
0.186779
0.180836
0.184686
0.199257
0.191523
0.200098
0.192907
0.188232
0.189783
0.195218
0.197637
0.206264
0.20378
0.203632
0.197774
0.214947
0.209671
0.208771
0.209827
0.207618
0.220812
0.230398
0.220752
0.22717
0.222879
0.240589
0.22332800000000005
0.235582
0.236853
0.234496
0.22903300000000004
0.22565900000000005
0.234654
0.22461799999999998
0.22528800000000002
0.23054300000000005
0.21612
0.22463100000000005
0.216736
0.22540900000000005
0.223795
0.221469
0.218862
0.215862
0.213071
0.221326
0.222906
0.224503
0.222874
0.213641
0.217475
0.221808
0.221632
0.221978
0.221862
0.219894
0.211983
0.235366
0.256568
0.251899
0.249284
0.23997600000000002
0.23469299999999998
0.232893
0.221524
0.23551
0.238488
0.22464499999999998
0.223373
0.226293
0.223573
0.227312
0.214571
0.21887399999999999
0.240547
0.234959
0.22497
0.220592
0.211626
0.20588099999999998
0.212996
0.219911
0.22434899999999997
0.23576599999999998
0.210914
0.208571
0.211632
0.206166
0.220112
0.205124
0.19455899999999998
0.201589
0.197421
0.195811
0.199464
0.198328
0.190664
0.196169
0.207065
0.20911100000000002
0.19309400000000002
0.202244
0.202592
0.209255
0.203654
0.21383000000000002
0.213949
0.20902300000000001
0.204309
0.215882
0.203871
0.19283
0.19484500000000002
0.195497
0.187324
0.17691400000000002
0.17391600000000002
0.17962799999999998
0.078797
0.173834
0.19056099999999998
0.162327
0.17005699999999999
0.07795
0.07259399999999999
0.156371
0.07765999999999999
0.163182
0.164442
0.160642
0.162157
0.16813099999999995
0.173665
0.154842
0.152308
0.15661999999999998
0.15000600000000006
0.147357
0.138183
0.13856100000000002
0.134404
0.13631600000000002
0.13558800000000001
0.136088
0.135972
0.13952099999999998
0.13708499999999998
0.14523
0.131904
0.13057999999999995
0.13941099999999998
0.129519
0.130017
0.134184
0.14037300000000005
0.13838
0.141318
0.14164000000000002
0.144316
0.15049400000000002
0.142951
0.145079
0.140704
0.134496
0.13205799999999998
0.13264700000000001
0.137462
0.13498
0.138605
0.14110699999999998
0.139492
0.143604
0.14403100000000002
0.140752
0.130856
0.13744
0.13846
0.130486
0.132519
0.13155799999999998
0.131967
0.12903299999999998
0.12802999999999998
0.1342
0.132471
0.127273
0.120609
0.122527
0.113043
0.116703
0.11968299999999996
0.123519
0.120326
0.11691099999999999
0.11377
0.112595
0.116063
0.115675
0.11294900000000001
0.109921
0.11045
0.120147
0.115699
0.130892
0.126318
0.117892
0.11490699999999998
0.12381700000000001
0.12313
0.13612100000000002
0.12615500000000002
0.119768
0.11689200000000001
0.11833
0.123829
0.14243599999999998
0.136791
0.134825
0.12687199999999998
0.128624
0.117876
0.129873
0.11626
0.131995
0.114971
0.12880000000000005
0.123734
0.126605
0.134709
0.131807
0.13342600000000002
0.112022
0.087621
0.103687
0.106476
0.105573
0.11611
0.117749
0.13088899999999998
0.128353
0.122517
0.144061
0.131024
0.145238
0.150303
0.15350999999999998
0.140567
0.144561
0.142787
0.149937
0.15203
0.156685
0.14950200000000002
0.15930000000000002
0.16688499999999998
0.17017899999999994
0.167298
0.18074
0.178452
0.181342
0.186587
0.09625599999999998
0.099163
0.2085
0.186995
0.188308
0.19459
0.196218
0.200464
0.183603
0.183067
0.175432
0.082477
0.16473100000000002
0.17541600000000002
0.092097
0.08982000000000001
0.096395
0.184667
0.183338
0.17867899999999998
0.175724
0.08443400000000001
0.178015
0.178747
0.08540400000000001
0.095282
0.08560799999999999
0.09060700000000001
0.095994
0.099648
0.190325
0.09941900000000001
0.192423
0.094948
0.19973
0.191029
0.097651
0.201194
0.205976
0.202251
0.211831
0.20588299999999998
0.2206
0.21876
0.214999
0.208864
0.206566
0.197185
0.204291
0.21159299999999998
0.20750100000000002
0.202848
0.21052
0.202681
0.22921799999999998
0.207573
0.21083200000000002
0.218592
0.21998
0.217074
0.21045500000000006
0.228298
0.23432
0.226017
0.234722
0.243608
0.25099899999999997
0.252488
0.240335
0.236168
0.23936800000000005
0.22654200000000002
0.219728
0.22241
0.22868400000000005
0.217507
0.213636
0.222507
0.21560500000000002
0.2181
0.225958
0.220985
0.221736
0.231691
0.2169
0.237963
0.23168899999999998
0.21178200000000003
0.209154
0.206775
0.206956
0.202372
0.2226
0.21574
0.205921
0.21421199999999999
0.210364
0.22513500000000009
0.219288
0.220823
0.212175
0.21936
0.215485
0.216939
0.218706
0.218005
0.225389
0.22066
0.213994
0.22475599999999998
0.23032100000000005
0.228948
0.215471
0.211592
0.229501
0.215085
0.210206
0.20914700000000008
0.210643
0.206692
0.203402
0.21042600000000006
0.20868
0.20363900000000001
0.205139
0.215499
0.216767
0.212439
0.207166
0.203404
0.20567800000000006
0.194485
0.192565
0.182972
0.18670200000000006
0.185147
0.179672
0.084729
0.187108
0.184135
0.17679899999999998
0.175574
0.16642600000000002
0.081817
0.162774
0.16534900000000002
0.15640700000000002
0.173993
0.15979899999999994
0.161646
0.15626199999999998
0.155624
0.148482
0.141705
0.139872
0.133737
0.137746
0.15023999999999998
0.14247900000000002
0.1527
0.14485900000000002
0.14219400000000001
0.140849
0.13568600000000006
0.138025
0.13292199999999998
0.129602
0.121484
0.13134900000000002
0.137044
0.127249
0.140932
0.136509
0.149891
0.133363
0.123193
0.12471600000000001
0.117228
0.116021
0.121874
0.11568699999999996
0.120601
0.122767
0.13753900000000002
0.124867
0.124303
0.12556099999999998
0.121495
0.121229
0.119552
0.12573399999999998
0.122241
0.122992
0.131398
0.136811
0.135884
0.135502
0.134507
0.13758800000000002
0.13955900000000002
0.133462
0.13199
0.13070199999999998
0.138071
0.141878
0.14468899999999998
0.14361500000000002
0.148652
0.14732099999999998
0.14089400000000002
0.141734
0.14069700000000002
0.141008
0.13087200000000002
0.129683
0.130026
0.13448300000000002
0.143148
0.131079
0.13816099999999998
0.134169
0.132966
0.139938
0.12984500000000002
0.13422
0.119491
0.123092
0.118407
0.119725
0.129187
0.130076
0.13559300000000002
0.13360999999999998
0.121828
0.125843
0.120002
0.119731
0.121262
0.11447
0.115385
0.119699
0.127579
0.118251
0.131174
0.132933
0.126694
0.13023600000000002
0.13935899999999998
0.146117
0.13170900000000002
0.122939
0.12872999999999998
0.12559
0.13273
0.12698099999999998
0.13256800000000002
0.138756
0.134054
0.11749500000000004
0.08240200000000003
0.08897999999999999
0.09159199999999999
0.09940800000000001
0.10388
0.10378
0.123936
0.134221
0.124206
0.13210999999999998
0.127221
0.13489199999999998
0.138458
0.15274
0.157421
0.150917
0.07608899999999999
0.16163899999999998
0.16761800000000002
0.174249
0.17206400000000002
0.17699700000000002
0.17548399999999995
0.17979
0.176503
0.166497
0.167433
0.169424
0.174572
0.174299
0.18301199999999998
0.188907
0.180567
0.183473
0.174965
0.176714
0.182708
0.191028
0.165393
0.1653
0.174924
0.162139
0.08108599999999999
0.16577
0.161947
0.07670400000000001
0.0777
0.173541
0.07764700000000001
0.16111399999999998
0.172208
0.167045
0.167247
0.173792
0.17539100000000002
0.178129
0.182659
0.17685800000000002
0.179813
0.19435
0.184288
0.177759
0.17803500000000005
0.179948
0.184749
0.184169
0.203481
0.199485
0.206415
0.214442
0.208576
0.211236
0.20572600000000002
0.202261
0.209919
0.213595
0.220152
0.212086
0.22692
0.224206
0.210806
0.207736
0.225665
0.211136
0.21940199999999999
0.20271199999999998
0.204456
0.215269
0.21821500000000002
0.213237
0.211872
0.216605
0.214652
0.220273
0.222143
0.223543
0.214396
0.21134
0.221982
0.219727
0.2200310000000001
0.223361
0.225858
0.233725
0.232965
0.214141
0.22777600000000006
0.21839
0.220545
0.224305
0.23773
0.222347
0.219837
0.223724
0.223018
0.2298800000000001
0.222895
0.22728
0.222333
0.225513
0.222492
0.222105
0.22889600000000002
0.22520300000000001
0.224815
0.21946500000000002
0.22435700000000008
0.23294600000000001
0.22638000000000005
0.219935
0.234208
0.21984800000000002
0.210361
0.21293
0.208396
0.211229
0.203585
0.20636
0.211545
0.21456599999999998
0.215436
0.206269
0.196191
0.197613
0.191284
0.193025
0.187226
0.17974
0.18821
0.1866
0.182137
0.17795700000000006
0.174214
0.181615
0.180706
0.201745
0.17577700000000002
0.17441900000000002
0.085105
0.16485200000000005
0.16631600000000002
0.15961
0.15559099999999998
0.170944
0.16961700000000002
0.17252
0.163001
0.158521
0.15437599999999999
0.15383400000000005
0.143731
0.13393899999999995
0.134687
0.134278
0.14102199999999998
0.142968
0.139727
0.155673
0.15208
0.145032
0.136756
0.135026
0.12587
0.129598
0.125245
0.127548
0.12946400000000002
0.131744
0.13531600000000002
0.125772
0.137294
0.12954000000000002
0.13004300000000002
0.133904
0.129624
0.130234
0.122054
0.13088
0.136035
0.127174
0.121836
0.118525
0.142779
0.14745000000000005
0.14513299999999998
0.13541199999999998
0.135154
0.132735
0.133049
0.132442
0.135287
0.133491
0.13367800000000002
0.12995800000000002
0.12961599999999998
0.14352900000000002
0.132943
0.128446
0.131481
0.14050400000000002
0.128944
0.132497
0.145759
0.134195
0.13975
0.138183
0.142699
0.135104
0.128504
0.133726
0.134933
0.12663000000000002
0.12194
0.123749
0.12982699999999994
0.139295
0.11905
0.11243399999999998
0.11321300000000001
0.11682200000000001
0.113406
0.11544700000000002
0.11266099999999996
0.106627
0.104528
0.106244
0.106279
0.113275
0.117217
0.106416
0.106149
0.109878
0.108521
0.11316099999999996
0.112221
0.102988
0.103727
0.1081
0.104601
0.110969
0.108896
0.114244
0.116572
0.123223
0.122624
0.12018
0.155986
0.15800699999999998
0.155692
0.145345
0.143203
0.15498299999999998
0.144791
0.14035899999999998
0.138712
0.13802399999999998
0.12264800000000001
0.119967
0.129446
0.11283499999999999
0.116846
0.101476
0.106883
0.12448800000000003
0.111187
0.112951
0.12779100000000002
0.113869
0.094262
0.103849
0.10826
0.106762
0.103973
0.089396
0.091847
0.109011
0.101712
0.09778
0.10255
0.120443
0.102276
0.108246
0.101072
0.08860900000000001
0.086951
0.08819099999999999
0.096513
0.100932
0.098666
0.101183
0.11033499999999999
0.118232
0.112807
0.112889
0.110862
0.10703
0.109475
0.104176
0.112415
0.10874
0.105406
0.109768
0.103343
0.104659
0.114228
0.106724
0.10616199999999999
0.097393
0.097361
0.095944
0.100611
0.105144
0.108454
0.106759
0.11595799999999999
0.11028699999999997
0.13034600000000002
0.113001
0.106738
0.10363
0.098004
0.102529
0.102257
0.11373600000000005
0.115914
0.124767
0.127
0.12956600000000001
0.137653
0.131875
0.129137
0.117905
0.11578
0.120958
0.11831400000000003
0.13832899999999998
0.122893
0.128067
0.12973800000000002
0.135521
0.13674999999999998
0.13689400000000002
0.138488
0.140183
0.14915500000000004
0.14805
0.153711
0.152887
0.15353200000000006
0.15518900000000002
0.15956199999999998
0.07878399999999999
0.162891
0.08367999999999999
0.156778
0.072662
0.078663
0.159997
0.15525799999999998
0.162671
0.171052
0.168325
0.17740100000000006
0.08955000000000002
0.08394299999999999
0.16265600000000002
0.157726
0.16250199999999998
0.159206
0.16831300000000002
0.17228100000000002
0.17177599999999998
0.165155
0.161825
0.15254700000000002
0.15742699999999998
0.157529
0.148631
0.139951
0.142183
0.147497
0.149894
0.15120799999999998
0.14813199999999999
0.142599
0.132961
0.11929400000000001
0.102676
0.101175
0.103631
0.099361
0.09687899999999999
0.096824
0.097881
0.0983
0.098011
0.104239
0.099474
0.101367
0.102499
0.109019
0.108461
0.10542
0.108712
0.11626500000000001
0.107438
0.109231
0.106281
0.105904
0.119968
0.111648
0.121127
0.10418
0.109648
0.102299
0.10862
0.11183499999999999
0.107702
0.10711099999999998
0.105159
0.109769
0.116076
0.114961
0.116621
0.108362
0.111193
0.108771
0.106635
0.1064
0.117811
0.10974300000000001
0.11008499999999999
0.112572
0.112987
0.107873
0.10281900000000001
0.10020800000000002
0.105232
0.106854
0.10103900000000003
0.10303599999999999
0.101062
0.105053
0.109919
0.111452
0.109072
0.105842
0.115532
0.107061
0.10778900000000001
0.107043
0.1074
0.105627
0.10041
0.12203699999999999
0.102113
0.104627
0.108769
0.10629
0.10924500000000001
0.10569100000000001
0.112764
0.102941
0.112729
0.105271
0.108248
0.118773
0.11680600000000002
0.123601
0.13309700000000002
0.11942999999999998
0.124492
0.11973800000000001
0.123609
0.120942
0.119269
0.103302
0.095238
0.098433
0.127602
0.170567
0.169601
0.16794
0.17272
0.080233
0.176773
0.16937799999999995
0.16371000000000002
0.157315
0.15635300000000002
0.161556
0.15804
0.150554
0.153318
0.157862
0.156566
0.148445
0.149437
0.154813
0.148121
0.14901799999999998
0.15093900000000002
0.14804099999999998
0.151436
0.158356
0.16744299999999998
0.148929
0.13939400000000002
0.068252
0.136761
0.13365
0.066368
0.062537
0.133717
0.135016
0.134173
0.130175
0.13351000000000002
0.130964
0.06955499999999999
0.139254
0.12654100000000001
0.122868
0.125814
0.132493
0.12820399999999998
0.12861199999999998
0.14372100000000002
0.12387000000000001
0.131267
0.131217
0.127475
0.12550100000000006
0.128851
0.123702
0.124068
0.118138
0.121032
0.12933
0.134875
0.130772
0.132279
0.128695
0.13290000000000002
0.13055300000000006
0.129412
0.122933
0.130253
0.12774399999999994
0.121853
0.125665
0.134617
0.059262999999999996
0.061058
0.058591
0.111328
0.055006000000000006
0.078234
0.07696
0.083616
0.08122800000000001
0.086014
0.112347
0.125997
0.124878
0.116428
0.118805
0.119919
0.123311
0.124836
0.122993
0.123196
0.115959
0.119545
0.117643
0.049119
0.117222
0.12010599999999999
0.045765
0.120344
0.121881
0.133497
0.051488
0.122311
0.049319
0.119479
0.121401
0.055968
0.049056
0.052521000000000005
0.053775
0.048532000000000006
0.046485000000000005
0.049181
0.116394
0.105831
0.042554
0.044543
0.120241
0.123896
0.122831
0.04697199999999999
0.128484
0.062340999999999994
0.13935699999999998
0.06498999999999999
0.062046000000000004
0.054335
0.128099
0.12314200000000004
0.130839
0.12736
0.133071
0.12875599999999998
0.128298
0.127022
0.05851600000000001
0.06113900000000001
0.06564299999999999
0.13276
0.13483900000000001
0.130501
0.134069
0.136443
0.133507
0.058127
0.12775899999999998
0.062153
0.062223
0.078763
0.06514099999999999
0.058601000000000014
0.129717
0.128881
0.13338999999999998
0.140744
0.137042
0.06403500000000001
0.13686199999999998
0.14048100000000002
0.141785
0.145846
0.14490899999999998
0.12889299999999998
0.061645999999999986
0.063098
0.066118
0.072556
0.140799
0.142213
0.062108
0.139433
0.147503
0.147134
0.14753
0.141978
0.14040700000000006
0.140249
0.146342
0.066574
0.13961199999999999
0.137419
0.145728
0.13674799999999998
0.06231200000000001
0.138326
0.138026
0.132959
0.130772
0.132723
0.136235
0.14271
0.137093
0.062286
0.06104800000000001
0.142994
0.145014
0.14851599999999998
0.14981699999999998
0.146295
0.170793
0.15052800000000002
0.156089
0.160451
0.158696
0.16445
0.159829
0.16833299999999998
0.164546
0.163319
0.16223300000000002
0.167163
0.163442
0.15936100000000006
0.154671
0.16232600000000005
0.153335
0.162708
0.15253300000000006
0.15452
0.15159
0.158479
0.15854200000000002
0.151016
0.149377
0.154329
0.157453
0.16182300000000002
0.158276
0.165631
0.153698
0.15429500000000002
0.152831
0.15152200000000002
0.15343500000000002
0.150132
0.14728500000000005
0.058032000000000014
0.061234000000000004
0.062369000000000015
0.150075
0.155442
0.147283
0.148954
0.151373
0.14882599999999999
0.16485
0.14626199999999998
0.13857
0.14090999999999998
0.14088399999999998
0.165664
0.13763399999999998
0.126414
0.056902
0.122386
0.126642
0.061828
0.05947899999999999
0.05600499999999999
0.123747
0.120392
0.121495
0.06100600000000001
0.122243
0.059374
0.125493
0.125367
0.121477
0.12898400000000002
0.128298
0.125181
0.12369300000000001
0.12434500000000001
0.12445
0.129207
0.124059
0.128495
0.124569
0.126376
0.13208199999999998
0.135678
0.135019
0.059338999999999996
0.058647999999999985
0.13511099999999998
0.13397599999999998
0.138021
0.134696
0.134548
0.132673
0.057655999999999985
0.13095299999999999
0.13401400000000002
0.133799
0.135478
0.127471
0.132215
0.136158
0.138462
0.13911400000000002
0.14194600000000002
0.14493399999999998
0.14364200000000002
0.14393299999999998
0.146276
0.143947
0.139745
0.145811
0.142304
0.14421599999999998
0.16016599999999998
0.152288
0.155556
0.156094
0.154051
0.15282600000000002
0.15220999999999998
0.15551600000000002
0.155616
0.148202
0.15119300000000002
0.157797
0.159659
0.16038699999999995
0.15815800000000002
0.153064
0.145808
0.151577
0.144989
0.14868599999999998
0.13983099999999998
0.138244
0.13670500000000002
0.165998
0.15608100000000005
0.14712399999999998
0.14385599999999998
0.145109
0.149589
0.149246
0.14798000000000006
0.147229
0.144232
0.139478
0.14368
0.141429
0.15739
0.14500899999999994
0.145412
0.142248
0.147147
0.159501
0.17532399999999998
0.185771
0.181748
0.17890099999999998
0.178734
0.18762
0.20889
0.18078699999999998
0.17372500000000002
0.164389
0.150831
0.0827
0.111634
0.108913
0.108557
0.13902
0.143127
0.143055
0.144073
0.147109
0.15395399999999998
0.151857
0.16634600000000002
0.07913400000000001
0.16528800000000002
0.16175799999999999
0.151751
0.06404399999999999
0.065312
0.143562
0.146974
0.145644
0.146226
0.136932
0.068238
0.13991099999999998
0.149531
0.151773
0.150694
0.15067
0.15359
0.153643
0.15041100000000002
0.06636199999999999
0.06938899999999999
0.06489400000000001
0.15971400000000002
0.15283499999999994
0.14582299999999998
0.15040599999999998
0.141932
0.144044
0.06926600000000001
0.063957
0.14840599999999998
0.144016
0.14010899999999998
0.140001
0.153032
0.156401
0.162684
0.165381
0.165509
0.16605399999999998
0.192013
0.174264
0.176261
0.17568499999999998
0.17455099999999998
0.177718
0.185066
0.195512
0.184188
0.190207
0.183029
0.209353
0.208961
0.205953
0.205688
0.20369500000000001
0.199673
0.20026
0.21038800000000002
0.215702
0.223337
0.22950399999999999
0.223172
0.210024
0.214233
0.212182
0.215548
0.21304
0.204687
0.20106400000000002
0.206959
0.218552
0.20537300000000008
0.226856
0.224549
0.22190500000000002
0.216603
0.215982
0.220969
0.200877
0.198252
0.197967
0.200849
0.201719
0.193793
0.196846
0.205737
0.192262
0.194142
0.19925299999999999
0.211763
0.210995
0.214288
0.209416
0.207133
0.206121
0.202507
0.215088
0.21566999999999997
0.209738
0.208649
0.206443
0.200798
0.198903
0.2078
0.201097
0.202987
0.203898
0.20494099999999998
0.20169
0.198072
0.222243
0.195122
0.19017699999999998
0.19134400000000001
0.196532
0.201642
0.20240999999999998
0.20886100000000002
0.211823
0.217489
0.211915
0.190892
0.188516
0.192967
0.189575
0.191882
0.196522
0.195049
0.189891
0.198101
0.201614
0.194843
0.19634200000000002
0.190644
0.186721
0.178095
0.189642
0.192829
0.19510200000000005
0.193012
0.191337
0.20816
0.199621
0.192928
0.19534200000000002
0.194508
0.197259
0.194623
0.192269
0.19446
0.195216
0.197473
0.19304
0.196243
0.19603399999999999
0.191099
0.184714
0.180686
0.17329100000000006
0.174953
0.176837
0.173099
0.17436
0.17753299999999994
0.17361200000000002
0.17634499999999995
0.180546
0.179557
0.17795700000000006
0.181926
0.18341400000000002
0.186024
0.185634
0.183265
0.189799
0.186532
0.181775
0.197017
0.195247
0.18953
0.190989
0.187427
0.185545
0.18436400000000008
0.17996900000000002
0.178238
0.18632
0.180322
0.17919000000000002
0.191806
0.181582
0.174506
0.184832
0.174868
0.172916
0.173495
0.16949899999999998
0.173871
0.182841
0.184372
0.179073
0.184786
0.19325699999999998
0.184344
0.186122
0.18068
0.175377
0.17335
0.17474
0.179784
0.18553000000000008
0.184718
0.182366
0.179776
0.181587
0.182995
0.182331
0.17828799999999995
0.17581000000000002
0.185651
0.181788
0.188975
0.195192
0.192851
0.19358399999999998
0.20206
0.217284
0.199155
0.19742
0.195293
0.196619
0.192781
0.196672
0.1960810000000001
0.199656
0.193499
0.190419
0.197985
0.197714
0.186791
0.195805
0.194174
0.194617
0.168553
0.16687200000000002
0.171355
0.184167
0.173054
0.16638000000000006
0.16553299999999999
0.166304
0.16076999999999994
0.15925299999999998
0.158185
0.152318
0.155277
0.166019
0.16716
0.16617
0.160538
0.154971
0.158095
0.161423
0.155468
0.15406999999999998
0.156608
0.16086199999999998
0.191101
0.167883
0.166951
0.171433
0.176317
0.16314900000000002
0.144102
0.115776
0.062915
0.116011
0.117703
0.127156
0.131668
0.139722
0.06479499999999999
0.16240999999999994
0.17068
0.17206000000000002
0.176504
0.178501
0.178751
0.177795
0.175537
0.172247
0.17857299999999998
0.17945399999999995
0.182497
0.183079
0.18766
0.177348
0.190685
0.198916
0.196979
0.204034
0.202329
0.202979
0.201181
0.200467
0.22488200000000005
0.20702
0.210421
0.196973
0.20471199999999998
0.208173
0.210238
0.230258
0.203632
0.19508699999999998
0.194596
0.178902
0.18289400000000008
0.16983800000000002
0.176496
0.17366299999999998
0.182784
0.185831
0.188575
0.18749
0.177759
0.182854
0.182192
0.191626
0.207904
0.212281
0.226201
0.212104
0.224095
0.22267
0.224877
0.22757600000000003
0.218765
0.224423
0.22604
0.223302
0.228705
0.23907
0.24128000000000002
0.24924
0.24919
0.25793
0.24664000000000005
0.25497
0.25151
0.24807
0.252715
0.24537400000000004
0.261119
0.256558
0.27131
0.26019000000000003
0.269152
0.249454
0.225247
0.18998
0.16496000000000002
0.081149
0.161781
0.090314
0.17612599999999998
0.095956
0.178112
0.17100500000000002
0.182403
0.200668
0.201257
0.196682
0.195363
0.194462
0.194239
0.200623
0.208985
0.21572199999999997
0.206474
0.195061
0.19526500000000002
0.203257
0.193982
0.196536
0.190195
0.191832
0.194215
0.194904
0.200883
0.209058
0.203692
0.192114
0.194693
0.20201700000000009
0.197216
0.195
0.19134
0.183376
0.186568
0.19304300000000002
0.218256
0.205894
0.21075700000000006
0.19174400000000005
0.197709
0.202122
0.188585
0.196812
0.192887
0.187935
0.187228
0.19428299999999998
0.195078
0.18901600000000002
0.18152100000000002
0.173257
0.183597
0.192363
0.180761
0.184268
0.180252
0.175697
0.196601
0.196149
0.219637
0.206138
0.201033
0.193185
0.198101
0.200492
0.19309
0.205078
0.219349
0.22005
0.221673
0.222599
0.212015
0.193208
0.190546
0.17748799999999998
0.20755300000000002
0.19072100000000008
0.189018
0.189261
0.177844
0.188237
0.195077
0.23109
0.24987
0.226426
0.209191
0.200225
0.215521
0.217409
0.212025
0.21690399999999999
0.22085100000000002
0.22707800000000006
0.214173
0.199063
0.202225
0.199628
0.200205
0.195319
0.194916
0.195485
0.18161
0.185666
0.181025
0.17972300000000002
0.186238
0.17666500000000002
0.187746
0.185584
0.189004
0.17019
0.07985199999999999
0.08037000000000001
0.162619
0.16703400000000002
0.16711299999999998
0.1589
0.156972
0.149651
0.161423
0.158855
0.164552
0.165392
0.16877899999999998
0.16130099999999994
0.14668199999999998
0.14483
0.13856400000000002
0.13080999999999998
0.12598299999999998
0.090779
0.129403
0.132684
0.128986
0.114098
0.11583
0.112334
0.10663199999999999
0.10003900000000003
0.102821
0.099581
0.100377
0.104984
0.106863
0.108543
0.106853
0.100554
0.106975
0.103198
0.099592
0.100873
0.098418
0.093047
0.087186
0.097333
0.099231
0.102926
0.106049
0.10257000000000001
0.111511
0.114721
0.110321
0.105182
0.10318800000000002
0.099423
0.101689
0.09968400000000001
0.105075
0.108972
0.106419
0.098996
0.105558
0.106942
0.101487
0.095092
0.095202
0.08984800000000001
0.09045399999999999
0.093639
0.09746200000000001
0.099165
0.099098
0.09443700000000001
0.100257
0.10027799999999999
0.10082
0.097662
0.096003
0.097275
0.110659
0.114561
0.13065100000000002
0.135818
0.13353099999999998
0.124176
0.114445
0.088603
0.090521
0.08649
0.095663
0.094171
0.103703
0.119469
0.117196
0.1257
0.12213199999999999
0.11244900000000001
0.124856
0.129147
0.123668
0.118737
0.117624
0.114088
0.12653399999999998
0.13522199999999998
0.14776100000000006
0.15667199999999998
0.17744400000000002
0.155383
0.174482
0.191518
0.190386
0.197257
0.08882899999999999
0.197911
0.22374000000000002
0.216339
0.21918400000000002
0.23176
0.205868
0.20665
0.21728000000000006
0.21318
0.21328000000000005
0.20907
0.20453
0.186716
0.198152
0.19403099999999998
0.184764
0.18123
0.09035
0.17515999999999998
0.17751
0.18137
0.16560999999999998
0.16763
0.14354000000000006
0.14672000000000002
0.13894
0.14443
0.17298
0.16534000000000001
0.16140000000000002
0.15419000000000002
0.16767
0.173649
0.187562
0.15614999999999998
0.13742290000000001
0.142163
0.152515
0.15995299999999998
0.17668
0.17827
0.14842360000000002
0.13389890000000002
0.1419106
0.14261130000000002
0.15027120000000002
0.14020370000000001
0.1480651
0.14403210000000002
0.060967000000000014
0.17236409999999994
0.1987499
0.19575370000000009
0.18875060000000002
0.187047
0.1910608
0.1826959
0.1932588
0.190716
0.180212
0.20637900000000006
0.194918
0.17937999999999998
0.181791
0.19707400000000005
0.214893
0.2146229
0.215293
0.22225999999999999
0.22538
0.23245
0.20545100000000002
0.1881059
0.1839738
0.19690710000000008
0.1769527
0.1924585
0.178049
0.2084427
0.1967371
0.1926908
0.20573200000000005
0.191835
0.19783
0.190958
0.21070100000000005
0.197207
0.202191
0.21816
0.21477
0.20918
0.22218400000000002
0.211126
0.207525
0.218163
0.225916
0.22848600000000002
0.22734400000000002
0.226965
0.23587600000000003
0.24567399999999998
0.25302600000000003
0.2387390000000001
0.256527
0.268022
0.2552800000000001
0.234534
0.23425300000000002
0.242756
0.23922
0.24896000000000004
0.25974
0.26920999999999995
0.25173
0.239805
0.24235
0.23919
0.2363
0.241668
0.21875900000000004
0.212628
0.21266
0.202152
0.21322
0.20600000000000002
0.20401
0.187452
0.179499
0.17206000000000002
0.089002
0.20035700000000006
0.18815199999999999
0.08512
0.168196
0.17343
0.089559
0.180021
0.17898099999999995
0.16969099999999998
0.16268799999999994
0.15799600000000005
0.163644
0.16786900000000002
0.16162100000000001
0.150725
0.147609
0.154152
0.14363299999999998
0.156644
0.151518
0.14252
0.14211300000000002
0.14128699999999994
0.14559979999999995
0.14051760000000002
0.13595600000000002
0.13333699999999998
0.13577799999999998
0.14776899999999998
0.1593
0.15187499999999998
0.146513
0.13162000000000001
0.13505899999999998
0.132216
0.14486
0.14240999999999998
0.131602
0.13995000000000002
0.13366
0.13955
0.15250999999999998
0.15195999999999998
0.15023999999999998
0.1314
0.13233399999999998
0.125859
0.13144899999999998
0.13069699999999998
0.130492
0.12702999999999998
0.12218999999999998
0.145534
0.14331299999999994
0.13111
0.121129
0.11998800000000001
0.122314
0.11239
0.11755
0.120899
0.131096
0.112481
0.115378
0.119229
0.12433099999999996
0.132159
0.13654499999999994
0.13177999999999998
0.126806
0.122025
0.125524
0.122043
0.119828
0.118378
0.117432
0.132952
0.11510899999999999
0.117711
0.11733199999999998
0.114314
0.12046800000000002
0.109617
0.115764
0.107602
0.12651500000000002
0.118372
0.106184
0.113676
0.114963
0.12136199999999997
0.12590600000000002
0.125679
0.12690300000000002
0.130066
0.12295899999999997
0.123654
0.12674100000000002
0.126934
0.13719800000000001
0.143017
0.15345499999999998
0.15816000000000002
0.16156699999999996
0.06640399999999999
0.176271
0.17394
0.1846
0.177679
0.187639
0.186348
0.184915
0.137716
0.068004
0.13690300000000002
0.14286
0.129505
0.135043
0.13648
0.13528099999999998
0.129827
0.13404200000000002
0.129048
0.12673099999999998
0.137178
0.140489
0.13879700000000006
0.133391
0.127066
0.108666
0.08649799999999999
0.093805
0.098705
0.09481299999999998
0.096255
0.097232
0.103175
0.109019
0.117067
0.12331600000000001
0.122424
0.12717699999999998
0.12941
0.132423
0.13275500000000004
0.13373
0.130051
0.13387000000000002
0.144869
0.137721
0.138227
0.14582699999999998
0.133555
0.140349
0.13156900000000002
0.132134
0.131907
0.137033
0.12449699999999995
0.137809
0.151979
0.157365
0.082571
0.08023899999999999
0.157153
0.164324
0.158979
0.151578
0.151447
0.14916300000000002
0.148673
0.155527
0.160503
0.15844300000000006
0.08118000000000003
0.140155
0.154604
0.15368099999999998
0.159687
0.154609
0.153815
0.149376
0.149773
0.15764
0.16523700000000002
0.16385799999999998
0.16734900000000005
0.16605899999999998
0.16433699999999998
0.19475
0.10358
0.173238
0.16028240000000002
0.16152880000000006
0.16864739999999998
0.1799951
0.1833001
0.19307220000000005
0.1903724
0.19470220000000002
0.1896095
0.19080450000000002
0.2024488
0.2177346
0.2007474
0.2040965
0.2059355
0.2183643
0.22641929999999996
0.23590999999999998
0.2480581
0.2202762
0.22498800000000002
0.25139
0.2596
0.26197
0.26516999999999996
0.26275
0.27483
0.31276
0.27001
0.26633
0.25832
0.25426
0.25791
0.26255
0.26620999999999995
0.2435
0.23936
0.27203000000000005
0.233558
0.245692
0.244568
0.25145
0.25131099999999995
0.25545
0.26199
0.25371
0.257006
0.25000999999999995
0.27383
0.25066
0.25190999999999997
0.25706
0.25738
0.25693
0.25714499999999996
0.251533
0.251697
0.263127
0.244842
0.21836
0.21375100000000002
0.20643000000000006
0.205227
0.203968
0.203612
0.219575
0.214298
0.214376
0.21254000000000006
0.218824
0.21194
0.19784200000000002
0.196602
0.195858
0.194135
0.2075690000000001
0.20191
0.22164
0.20521
0.20274
0.197216
0.198744
0.19955
0.192867
0.20573000000000002
0.195288
0.185815
0.20414
0.188282
0.20095
0.20513499999999998
0.201414
0.195813
0.219046
0.228424
0.205772
0.19576900000000005
0.190806
0.190151
0.20485100000000006
0.195791
0.200153
0.108072
0.19449
0.1959400000000001
0.10419500000000001
0.200738
0.100557
0.099809
0.181652
0.187889
0.184668
0.18404600000000002
0.16585899999999998
0.15651099999999998
0.148634
0.15298699999999998
0.15691
0.146885
0.14678
0.144676
0.14028300000000002
0.14164999999999994
0.15658999999999998
0.14169600000000002
0.146358
0.13767100000000002
0.13005999999999998
0.12573900000000002
0.12723800000000002
0.121273
0.122499
0.12812999999999994
0.1219
0.122985
0.135528
0.12139200000000001
0.12587800000000002
0.12844
0.121481
0.12044
0.120974
0.119798
0.112969
0.109952
0.11926
0.119626
0.122417
0.112522
0.117888
0.116891
0.11149200000000002
0.11432200000000001
0.109004
0.120678
0.111081
0.11781999999999998
0.112847
0.111707
0.119279
0.117619
0.115549
0.121537
0.12135
0.12270999999999999
0.12221
0.12013399999999999
0.112751
0.111149
0.110253
0.110983
0.118774
0.107306
0.11199200000000001
0.11915
0.13128
0.153222
0.14199
0.139243
0.134851
0.132302
0.13270300000000002
0.13246599999999994
0.143214
0.132614
0.142654
0.139665
0.13608399999999998
0.13611299999999998
0.13742200000000002
0.142545
0.13639099999999998
0.13189
0.133438
0.135579
0.137822
0.13508699999999998
0.14393
0.13522900000000002
0.133993
0.13835899999999998
0.14962
0.126053
0.12261099999999997
0.118125
0.116815
0.122891
0.131829
0.120116
0.124454
0.128262
0.12743
0.13407899999999998
0.13233
0.13048800000000002
0.12609399999999998
0.12504200000000001
0.12804100000000002
0.12870900000000002
0.13734800000000005
0.128616
0.13375499999999999
0.135624
0.131548
0.139458
0.124243
0.091835
0.086274
0.090293
0.09271499999999999
0.08824100000000001
0.092123
0.093712
0.09915
0.102523
0.10371
0.10456
0.113395
0.11622
0.110163
0.107186
0.112021
0.122302
0.13242900000000002
0.113477
0.11770599999999999
0.118953
0.11290700000000002
0.119853
0.12080699999999996
0.11958599999999997
0.112932
0.115939
0.13695100000000002
0.118729
0.121788
0.11941
0.12524000000000002
0.115006
0.114004
0.11369800000000001
0.125985
0.13445200000000002
0.124555
0.12916899999999998
0.127538
0.129825
0.15173799999999998
0.131301
0.136547
0.141648
0.140793
0.143957
0.14365999999999998
0.16829000000000002
0.157519
0.15412900000000002
0.1563
0.170079
0.089382
0.17183500000000002
0.181342
0.176491
0.08179199999999999
0.17295400000000002
0.180247
0.18323499999999998
0.18118900000000002
0.179813
0.176821
0.17586200000000002
0.19066400000000008
0.186835
0.184318
0.184243
0.19083
0.185775
0.17383400000000002
0.184962
0.183122
0.184199
0.17584899999999998
0.18820599999999998
0.18941
0.189591
0.196479
0.19601400000000002
0.211491
0.186972
0.2021
0.199736
0.19966
0.199794
0.20286300000000002
0.19690900000000008
0.199767
0.20083
0.20276600000000009
0.19929000000000002
0.201068
0.2041
0.208123
0.198827
0.1947
0.204273
0.189564
0.20167100000000002
0.197272
0.200025
0.189044
0.196094
0.19386
0.19314
0.184312
0.180266
0.174297
0.17963900000000002
0.173836
0.183724
0.080845
0.169407
0.174628
0.08063500000000001
0.07838999999999999
0.164258
0.16346200000000002
0.074523
0.07794200000000001
0.17973200000000006
0.163029
0.086764
0.16032000000000002
0.08113200000000001
0.095426
0.16281700000000002
0.07717399999999999
0.07285499999999999
0.163363
0.16891699999999998
0.092359
0.092909
0.18311
0.09903900000000004
0.182782
0.179292
0.09818500000000001
0.176964
0.175566
0.093834
0.18378599999999998
0.08993299999999999
0.178572
0.182817
0.088309
0.205183
0.228496
0.22117699999999998
0.264246
0.225927
0.188777
0.171087
0.08422199999999999
0.096292
0.08496300000000001
0.084253
0.16571500000000006
0.18099300000000001
0.182589
0.184555
0.200935
0.170206
0.08774799999999999
0.08601900000000001
0.163092
0.080551
0.082538
0.158552
0.15113600000000002
0.158144
0.149452
0.17338599999999998
0.15356199999999998
0.14615699999999998
0.146542
0.147151
0.145492
0.138917
0.135634
0.131134
0.131401
0.136914
0.12754700000000002
0.12840200000000002
0.12514699999999998
0.131402
0.134654
0.12956600000000001
0.12301500000000001
0.121466
0.118047
0.11734
0.113473
0.12612600000000002
0.12275699999999999
0.13055799999999998
0.122514
0.120538
0.119921
0.12340699999999999
0.119125
0.11438800000000003
0.109079
0.110923
0.10473199999999999
0.111741
0.103585
0.111163
0.111258
0.109878
0.11047
0.112816
0.10538499999999999
0.103815
0.102727
0.102469
0.10167799999999999
0.111195
0.112744
0.12043499999999999
0.109804
0.114666
0.112049
0.108277
0.108427
0.102998
0.096803
0.101345
0.102747
0.10416500000000001
0.105991
0.109523
0.105899
0.09823899999999999
0.09709
0.100841
0.09966
0.103033
0.10119
0.09819
0.097707
0.10541599999999997
0.103744
0.101946
0.098954
0.094354
0.091395
0.095142
0.090528
0.08915000000000001
0.088153
0.08738999999999998
0.091794
0.095231
0.090214
0.091098
0.095141
0.090751
0.093765
0.099631
0.096636
0.093724
0.088805
0.091947
0.090382
0.102193
0.094744
0.097712
0.104287
0.101025
0.096715
0.101653
0.097063
0.09249000000000004
0.090893
0.090041
0.106577
0.100049
0.095479
0.093548
0.095387
0.09287999999999999
0.101229
0.086784
0.07466400000000001
0.076734
0.07992300000000001
0.08039400000000001
0.084969
0.096605
0.095804
0.104478
0.106839
0.1111
0.122718
0.12090899999999999
0.12791000000000002
0.12226
0.12278599999999999
0.12315299999999994
0.122877
0.13319399999999998
0.127123
0.13683399999999998
0.141236
0.138904
0.148928
0.14027499999999998
0.14116199999999998
0.13169999999999998
0.12208800000000003
0.123502
0.12267799999999998
0.125783
0.115817
0.125391
0.124327
0.125088
0.120811
0.12476300000000001
0.11339300000000002
0.111552
0.108648
0.1067
0.106849
0.114597
0.104745
0.11440399999999998
0.10779
0.11167499999999997
0.111719
0.111855
0.112583
0.110167
0.103755
0.10775799999999999
0.107279
0.111544
0.113982
0.119969
0.120549
0.1168
0.124578
0.12661799999999998
0.123468
0.118456
0.119955
0.117155
0.121268
0.130296
0.128351
0.12815900000000002
0.13086
0.13324899999999998
0.134231
0.134787
0.128129
0.128838
0.130409
0.127458
0.127863
0.132267
0.128361
0.138904
0.14409
0.144375
0.13239800000000002
0.13780799999999999
0.139587
0.138281
0.141017
0.13542700000000002
0.133711
0.14836
0.133045
0.143725
0.14261300000000002
0.141176
0.14081100000000002
0.13801400000000005
0.14961300000000002
0.142241
0.142734
0.14859
0.193348
0.179926
0.197791
0.094434
0.193401
0.138537
0.101386
0.13342500000000002
0.13147299999999998
0.148843
0.13138300000000006
0.129137
0.133212
0.138602
0.14272200000000002
0.14595999999999998
0.150918
0.158357
0.151978
0.15875
0.164294
0.164132
0.15829100000000002
0.157022
0.157641
0.172102
0.164259
0.167938
0.172733
0.163581
0.15973700000000002
0.160304
0.161332
0.150903
0.155307
0.15005200000000002
0.148031
0.153767
0.152099
0.149451
0.15173399999999998
0.14871900000000002
0.14971099999999998
0.14976199999999998
0.141374
0.13669199999999998
0.132471
0.135743
0.13017800000000002
0.139726
0.130643
0.13574100000000006
0.132772
0.132242
0.13433099999999998
0.125274
0.13019599999999998
0.12034600000000001
0.11566300000000003
0.12295899999999998
0.12346199999999999
0.12391600000000001
0.12216099999999999
0.13600800000000002
0.133459
0.12792399999999998
0.128371
0.12293
0.123464
0.11431
0.123197
0.114111
0.11582100000000001
0.121471
0.116271
0.119102
0.121158
0.116863
0.12008000000000002
0.11496300000000001
0.119443
0.11255699999999999
0.108305
0.10833900000000002
0.106891
0.119424
0.11588499999999999
0.12226400000000001
0.123668
0.12155
0.117143
0.120189
0.119133
0.12393499999999999
0.12924000000000002
0.10609000000000003
0.116297
0.114791
0.111161
0.114644
0.116934
0.117829
0.11633299999999999
0.11233
0.110455
0.114895
0.107948
0.104693
0.100366
0.111969
0.10138899999999999
0.113391
0.111957
0.111553
0.112234
0.108303
0.10169299999999999
0.102143
0.102142
0.099384
0.09879500000000001
0.10969300000000001
0.102617
0.10715
0.105979
0.11141400000000001
0.116978
0.104171
0.103316
0.098858
0.097439
0.1008
0.103247
0.102096
0.09504800000000001
0.099647
0.103924
0.099767
0.10288800000000001
0.098852
0.09363099999999999
0.094847
0.094691
0.093691
0.09099700000000001
0.098242
0.09246499999999999
0.10288
0.10267700000000002
0.0969
0.095954
0.093711
0.093776
0.08879799999999999
0.08932300000000001
0.091198
0.08872999999999999
0.10845
0.091058
0.09927799999999999
0.095388
0.096545
0.094891
0.09078600000000002
0.08595199999999999
0.093523
0.087418
0.100851
0.08956800000000001
0.094403
0.08544600000000001
0.098762
0.094102
0.090783
0.096823
0.093587
0.09906
0.10564200000000001
0.099914
0.08307200000000001
0.082209
0.08624399999999999
0.079461
0.08791000000000003
0.091177
0.091086
0.090917
0.079749
0.068439
0.062437
0.06363200000000001
0.067751
0.065647
0.07487200000000001
0.067633
0.074246
0.077664
0.081686
0.08724499999999999
0.090417
0.078819
0.07287500000000001
0.071335
0.067814
0.069259
0.07777
0.070741
0.07556
0.074007
0.0805
0.078819
0.07792400000000001
0.074044
0.070217
0.07025800000000001
0.06941900000000001
0.075723
0.07713800000000001
0.07589299999999999
0.07861
0.07509999999999999
0.081335
0.083563
0.07946700000000001
0.075031
0.073125
0.069603
0.068439
0.073529
0.078043
0.072482
0.07769899999999999
0.076559
0.077191
0.085927
0.079074
0.08123100000000001
0.07996699999999997
0.07944300000000001
0.079138
0.083089
0.084538
0.083188
0.090907
0.090803
0.092564
0.100132
0.09445900000000004
0.09889400000000001
0.09287999999999999
0.103288
0.08606699999999999
0.082984
0.088147
0.08572199999999999
0.094885
0.090861
0.08919099999999999
0.097585
0.095348
0.08797100000000001
0.093793
0.085374
0.08281799999999999
0.085509
0.096307
0.095725
0.094413
0.088831
0.094054
0.095194
0.095947
0.092753
0.08644500000000001
0.10688
0.091039
0.08932999999999999
0.096599
0.09127
0.099813
0.101375
0.106775
0.12600699999999998
0.150619
0.113516
0.11224200000000001
0.111391
0.13518
0.10751
0.100248
0.09006099999999999
0.09962
0.100421
0.100179
0.104869
0.101306
0.098267
0.091187
0.093826
0.090177
0.092774
0.099561
0.09710100000000002
0.102731
0.104338
0.105459
0.10904499999999998
0.101161
0.110858
0.104619
0.10491600000000001
0.1070704
0.101779
0.115404
0.11018399999999999
0.109011
0.106458
0.110164
0.11599300000000001
0.107447
0.106159
0.10974500000000001
0.10764160000000003
0.10545
0.102449
0.10444
0.107229
0.110449
0.110213
0.113408
0.113898
0.109311
0.100949
0.088358
0.105236
0.099705
0.099729
0.10498
0.103105
0.102479
0.101965
0.10771700000000001
0.115554
0.11303099999999999
0.11238499999999996
0.110791
0.100103
0.098364
0.092024
0.105581
0.096273
0.097531
0.095704
0.10577799999999997
0.10182000000000001
0.099185
0.102302
0.093262
0.10188
0.104759
0.08989899999999999
0.096908
0.08984299999999999
0.093445
0.089156
0.09889399999999998
0.090759
0.08648
0.089892
0.087281
0.086102
0.087493
0.08521699999999999
0.091847
0.091968
0.091722
0.09156900000000001
0.098215
0.096519
0.093797
0.089914
0.084734
0.085917
0.08438200000000001
0.08927399999999998
0.09549400000000001
0.08458099999999999
0.08861200000000001
0.088519
0.096618
0.101517
0.093244
0.089393
0.088123
0.08596000000000001
0.091423
0.087742
0.095132
0.100804
0.103466
0.09653699999999996
0.112474
0.106466
0.102634
0.102198
0.099542
0.10268800000000002
0.097147
0.092365
0.096202
0.100269
0.094653
0.096429
0.100819
0.098618
0.094017
0.091046
0.090012
0.086934
0.090671
0.089382
0.096147
0.090808
0.08933200000000001
0.08844199999999999
0.100136
0.096455
0.08834600000000001
0.087034
0.087322
0.08631799999999999
0.085313
0.090016
0.09889
0.08171300000000001
0.08946199999999999
0.086117
0.08854500000000001
0.090004
0.086328
0.08770700000000001
0.08445
0.089826
0.081912
0.07959599999999999
0.080707
0.082096
0.073071
0.06069500000000001
0.05900900000000001
0.06163200000000001
0.06549400000000001
0.056661
0.052826000000000005
0.054826
0.05685100000000001
0.05936
0.06500700000000001
0.07166700000000001
0.069621
0.07314000000000001
0.07929500000000002
0.08080200000000001
0.082109
0.07968499999999999
0.07589199999999999
0.07604499999999999
0.08105200000000001
0.082819
0.07779599999999999
0.077249
0.08140900000000001
0.080346
0.087917
0.08342200000000001
0.073861
0.053342
0.055231
0.060412000000000014
0.06662699999999999
0.070852
0.07713300000000001
0.089127
0.09529300000000004
0.099627
0.10935999999999996
0.104171
0.1028
0.103292
0.099146
0.098215
0.096419
0.09617
0.101494
0.102514
0.106579
0.11458900000000001
0.12575899999999998
0.114523
0.11208799999999998
0.103485
0.102443
0.098209
0.098947
0.09733300000000003
0.10656700000000001
0.10074
0.10446099999999997
0.109849
0.113724
0.106768
0.110743
0.109555
0.10436
0.101649
0.098659
0.101596
0.10256400000000003
0.102129
0.10314
0.11251300000000003
0.127046
0.129673
0.132525
0.12465600000000004
0.11984000000000004
0.123136
0.124298
0.116127
0.12805899999999998
0.137693
0.137297
0.141972
0.150141
0.142733
0.14993800000000002
0.147482
0.149586
0.149007
0.071278
0.080112
0.080756
0.181425
0.177539
0.18275600000000009
0.178694
0.188502
0.182344
0.181549
0.186875
0.18547200000000005
0.193428
0.186071
0.192065
0.197814
0.211443
0.20229
0.200802
0.191577
0.19175599999999998
0.191682
0.187833
0.193237
0.193659
0.171778
0.189607
0.196953
0.193723
0.197716
0.197926
0.195517
0.192482
0.186968
0.185836
0.181958
0.193934
0.183775
0.183951
0.188624
0.192538
0.183606
0.211991
0.250166
0.221539
0.240298
0.260988
0.223838
0.20053
0.168512
0.167944
0.16403099999999998
0.173286
0.079515
0.173956
0.173623
0.173299
0.186516
0.185775
0.156886
0.14414300000000002
0.069348
0.151059
0.16624499999999998
0.16297000000000006
0.16171300000000002
0.07717100000000003
0.16434200000000002
0.076752
0.163372
0.169309
0.07069199999999999
0.16162800000000002
0.162416
0.082634
0.168351
0.161975
0.08437599999999999
0.161807
0.16337100000000002
0.164905
0.16009600000000002
0.169345
0.07916999999999999
0.172079
0.15992399999999998
0.07317
0.158823
0.079262
0.08241
0.166494
0.17115999999999998
0.17368000000000006
0.08924900000000001
0.08522300000000001
0.08807000000000001
0.08282
0.08757000000000001
0.08677699999999999
0.178992
0.096294
0.1699
0.16431099999999998
0.097209
0.16626
0.082412
0.16690700000000006
0.17222200000000001
0.15936
0.16564
0.171574
0.167809
0.08981
0.15457699999999994
0.15624000000000002
0.16165600000000002
0.15146099999999998
0.14237
0.150618
0.149811
0.145808
0.138705
0.14563399999999999
0.144515
0.145841
0.1469
0.135505
0.15606199999999998
0.15041300000000002
0.13769
0.134494
0.138688
0.13350399999999998
0.128538
0.148503
0.14737300000000006
0.136799
0.11978
0.12678
0.12577400000000002
0.136452
0.12384200000000001
0.122398
0.13500299999999998
0.128849
0.136747
0.158471
0.15512
0.130647
0.14494300000000002
0.154299
0.135854
0.14044700000000002
0.13663499999999998
0.15335500000000002
0.149826
0.14026700000000006
0.1431125
0.161787
0.15467799999999998
0.12745499999999998
0.11975600000000006
0.12645
0.1265
0.119298
0.11989
0.11719400000000002
0.12320699999999996
0.119973
0.121473
0.134683
0.13033
0.12255
0.13324
0.116841
0.114216
0.11251300000000002
0.109112
0.10964000000000003
0.117559
0.114907
0.11896
0.132113
0.114881
0.109671
0.107481
0.11101400000000003
0.108672
0.11054700000000002
0.11199
0.104439
0.10846
0.11128
0.118433
0.12542099999999998
0.122349
0.110201
0.10953
0.10978799999999997
0.120206
0.110418
0.10595299999999999
0.111137
0.124714
0.12113399999999999
0.113206
0.130508
0.11793900000000003
0.11265499999999999
0.11845499999999999
0.12989900000000001
0.117608
0.120333
0.117591
0.11547100000000002
0.12087
0.11876300000000001
0.12268599999999999
0.127173
0.12233800000000003
0.118152
0.114569
0.10428599999999999
0.08051900000000001
0.08310300000000001
0.08664900000000003
0.090231
0.11379899999999996
0.12341500000000001
0.132912
0.141872
0.134419
0.138502
0.13443100000000002
0.139613
0.143681
0.138098
0.136148
0.13535
0.14200200000000002
0.142626
0.14919700000000002
0.150564
0.15349200000000002
0.142595
0.13763399999999998
0.137487
0.139249
0.13860799999999998
0.135898
0.138856
0.146292
0.15748900000000002
0.155799
0.161306
0.14311
0.15297699999999995
0.141902
0.131774
0.135632
0.140471
0.136488
0.13636700000000002
0.13919700000000002
0.134576
0.149148
0.151962
0.14902700000000002
0.144015
0.14138699999999998
0.152084
0.146563
0.148892
0.147405
0.146818
0.154454
0.14805200000000002
0.169166
0.162892
0.154212
0.155872
0.156844
0.158747
0.16176400000000002
0.16219
0.159806
0.15867499999999998
0.185498
0.091848
0.187293
0.19403800000000002
0.18698400000000004
0.183247
0.189571
0.20026
0.20175
0.195497
0.196374
0.198554
0.195588
0.19613100000000008
0.216822
0.222198
0.19835999999999998
0.21341900000000005
0.205581
0.205476
0.207911
0.207574
0.207136
0.209604
0.211026
0.220252
0.20445
0.209589
0.204061
0.19431
0.201181
0.200938
0.199704
0.228473
0.201664
0.204366
0.213525
0.219916
0.215058
0.21655500000000005
0.21501399999999998
0.212215
0.20633800000000002
0.205136
0.20699099999999998
0.200799
0.20780700000000002
0.198136
0.208581
0.206975
0.20894200000000002
0.21192600000000006
0.233899
0.223156
0.22452100000000005
0.219468
0.202942
0.203302
0.203334
0.207925
0.210235
0.20748000000000005
0.21108
0.215551
0.211848
0.196793
0.187103
0.199216
0.202396
0.19961500000000001
0.199691
0.198403
0.205244
0.197441
0.214264
0.209253
0.208677
0.19480600000000006
0.212743
0.22181
0.195794
0.203434
0.18926
0.188994
0.192066
0.19487
0.201166
0.2095120000000001
0.205416
0.204576
0.216175
0.223994
0.195997
0.204402
0.19963399999999998
0.205737
0.197261
0.202184
0.202922
0.213615
0.197657
0.193837
0.19487100000000002
0.183991
0.178007
0.180352
0.180797
0.183415
0.193901
0.191553
0.187665
0.196268
0.186155
0.091964
0.176264
0.17387199999999994
0.086622
0.08403300000000001
0.160696
0.16030999999999998
0.15959
0.16364
0.16617300000000002
0.17121
0.17229699999999998
0.169234
0.090009
0.16114199999999998
0.159063
0.160603
0.16363699999999998
0.15434900000000001
0.15464499999999998
0.159501
0.1597
0.159272
0.15981499999999998
0.14739000000000002
0.144763
0.14595799999999998
0.14500200000000002
0.145549
0.15093700000000002
0.152844
0.15553699999999998
0.15138900000000002
0.15102100000000002
0.15274600000000002
0.152201
0.14343399999999998
0.15068499999999999
0.15215800000000002
0.15081599999999998
0.150289
0.14393699999999998
0.142529
0.15344399999999994
0.151677
0.153842
0.15910100000000002
0.167491
0.079921
0.07992199999999999
0.156166
0.15543900000000002
0.159406
0.163468
0.16117099999999998
0.148603
0.15616
0.15245899999999998
0.148835
0.15590800000000002
0.145819
0.139057
0.139476
0.13826
0.14441500000000002
0.14275000000000002
0.133915
0.133107
0.134356
0.13144499999999998
0.13893599999999998
0.13950400000000002
0.13938599999999998
0.138457
0.138898
0.138413
0.139907
0.14844400000000002
0.161198
0.142285
0.14490699999999998
0.133758
0.136941
0.140015
0.13984100000000002
0.137125
0.140172
0.13963399999999998
0.137535
0.134733
0.14223800000000006
0.143011
0.14356799999999995
0.145927
0.147982
0.151091
0.16258499999999998
0.147335
0.147707
0.06588200000000001
0.142232
0.146427
0.14161800000000002
0.14999700000000002
0.148288
0.154194
0.078924
0.079456
0.071509
0.146404
0.126137
0.11492000000000001
0.121368
0.133332
0.131241
0.144567
0.14974900000000002
0.14538900000000002
0.154033
0.16502999999999998
0.15395899999999998
0.168295
0.16241699999999998
0.076818
0.165653
0.072251
0.15507800000000002
0.16128199999999998
0.07911499999999999
0.080342
0.16900199999999999
0.167939
0.17427199999999998
0.16677
0.07989099999999999
0.07869699999999999
0.07609500000000001
0.155748
0.076129
0.16508399999999998
0.167102
0.083209
0.082966
0.084948
0.15423699999999999
0.156102
0.15793900000000002
0.157993
0.07282999999999999
0.07479
0.160621
0.16433
0.07939299999999999
0.159778
0.161186
0.159092
0.15349000000000002
0.080649
0.165414
0.165745
0.077205
0.077902
0.16121500000000002
0.08033799999999999
0.08718699999999999
0.093632
0.172887
0.088505
0.162048
0.16398200000000002
0.085698
0.089144
0.192131
0.191373
0.192349
0.189397
0.207044
0.203377
0.199544
0.200474
0.210881
0.205001
0.206168
0.21230100000000002
0.20992800000000006
0.208866
0.211879
0.211761
0.217104
0.22395500000000002
0.219142
0.21923
0.222565
0.23148400000000002
0.20974099999999998
0.207292
0.209027
0.206476
0.196239
0.203256
0.207685
0.206531
0.215679
0.220425
0.21263600000000002
0.219352
0.207985
0.219435
0.22131300000000004
0.225147
0.21728699999999998
0.221469
0.225833
0.229511
0.24244699999999997
0.243994
0.228671
0.247953
0.237821
0.24836000000000005
0.298219
0.324705
0.292323
0.289437
0.274558
0.246515
0.185815
0.16988699999999998
0.07929699999999999
0.169148
0.084172
0.17443899999999998
0.16322499999999998
0.17632
0.191869
0.089803
0.102931
0.19497600000000004
0.10397999999999999
0.198712
0.182023
0.187383
0.195555
0.198816
0.192922
0.192586
0.191609
0.193025
0.189535
0.203619
0.205922
0.101959
0.187503
0.102856
0.202481
0.198283
0.19184400000000001
0.100251
0.183667
0.20111600000000002
0.10444400000000001
0.196921
0.196676
0.09981799999999999
0.09862
0.184052
0.098218
0.186404
0.17735199999999998
0.178828
0.174973
0.173689
0.17540299999999998
0.09375
0.188289
0.103398
0.183873
0.182389
0.17733900000000002
0.16788699999999998
0.091608
0.094652
0.091793
0.17838800000000002
0.17788700000000002
0.09602
0.102423
0.184141
0.08977399999999999
0.165225
0.09109699999999996
0.17364300000000002
0.163227
0.157281
0.17420699999999995
0.163512
0.193542
0.09717
0.17660399999999998
0.09862300000000004
0.177571
0.158634
0.156831
0.15167899999999998
0.083844
0.15127700000000002
0.15009
0.155627
0.145875
0.15345699999999998
0.15216400000000002
0.151886
0.147507
0.149922
0.148004
0.13943699999999998
0.139964
0.13918599999999998
0.13767100000000002
0.139221
0.1389
0.13761700000000002
0.144587
0.15076699999999998
0.162869
0.137487
0.13120700000000002
0.130508
0.125401
0.13012
0.13566299999999998
0.136244
0.137253
0.140355
0.140016
0.13711900000000002
0.12970299999999998
0.130133
0.139068
0.131618
0.127116
0.129165
0.135097
0.132709
0.136321
0.132787
0.131736
0.130359
0.12509800000000001
0.143475
0.124855
0.123358
0.118293
0.12540500000000002
0.120281
0.125884
0.120058
0.12116
0.126113
0.12739399999999998
0.124847
0.130581
0.12120999999999997
0.120931
0.115791
0.11607999999999999
0.12185
0.123809
0.12421600000000001
0.124227
0.126123
0.128478
0.124405
0.124028
0.123199
0.123356
0.128815
0.124221
0.124815
0.12575399999999998
0.145923
0.129977
0.13489400000000001
0.134303
0.129728
0.127064
0.12513400000000002
0.126426
0.12823299999999999
0.123358
0.128382
0.13109500000000002
0.12742599999999998
0.132685
0.14270600000000006
0.137602
0.13355499999999998
0.131744
0.127813
0.15137599999999998
0.15688200000000002
0.146557
0.141215
0.142943
0.14290799999999998
0.138801
0.147828
0.14495200000000005
0.138688
0.13661900000000002
0.13894700000000001
0.135254
0.133117
0.13817700000000002
0.13783299999999998
0.144005
0.136053
0.136698
0.141689
0.138277
0.130294
0.13145500000000002
0.12721899999999994
0.12384200000000001
0.12863899999999998
0.12557200000000002
0.12997999999999998
0.12953599999999998
0.143885
0.13119499999999998
0.149766
0.14584799999999998
0.133849
0.13683800000000002
0.140434
0.12779800000000002
0.131009
0.141518
0.148115
0.14430500000000002
0.152945
0.152158
0.1595
0.153332
0.144478
0.144449
0.152499
0.168067
0.156721
0.15524300000000002
0.147816
0.15097200000000002
0.15776600000000002
0.15503999999999998
0.163408
0.159782
0.16181099999999998
0.17035799999999998
0.160099
0.16968699999999998
0.16870200000000002
0.171689
0.16334
0.16206199999999998
0.17432799999999998
0.1002
0.098026
0.097024
0.172559
0.187423
0.097237
0.197376
0.197646
0.200546
0.194099
0.19766
0.21722
0.20620500000000005
0.210867
0.198922
0.21031
0.215564
0.21574200000000002
0.215955
0.200599
0.201239
0.198926
0.208275
0.214461
0.212642
0.212816
0.107905
0.108492
0.202567
0.223117
0.247298
0.29178699999999996
0.268973
0.274295
0.273755
0.295637
0.194847
0.188866
0.09697599999999999
0.1759
0.178675
0.184741
0.180851
0.17661300000000002
0.092632
0.092424
0.194028
0.108172
0.209718
0.202645
0.197601
0.195354
0.192529
0.190842
0.186245
0.186524
0.180295
0.19819
0.187733
0.180132
0.184237
0.193903
0.207387
0.210513
0.188439
0.08158699999999999
0.16927099999999998
0.175899
0.17031300000000002
0.16366999999999998
0.08349400000000001
0.09127
0.08841199999999999
0.19876
0.177249
0.16759200000000002
0.167559
0.08232
0.17054
0.094014
0.08688699999999999
0.16981000000000002
0.091834
0.175491
0.17456700000000006
0.17989700000000006
0.172232
0.158737
0.16098500000000002
0.153534
0.16302200000000006
0.15093900000000002
0.070982
0.08123000000000001
0.17763199999999998
0.182392
0.166765
0.083216
0.08483299999999999
0.15818900000000002
0.146073
0.148208
0.135942
0.157385
0.16863999999999998
0.14475
0.16751
0.159906
0.18014000000000002
0.162923
0.148765
0.15307
0.1420088
0.157523
0.15150700000000006
0.144597
0.15446400000000002
0.153527
0.15314
0.18406
0.1833700000000001
0.174871
0.16332999999999998
0.155
0.16094999999999998
0.16574
0.15707000000000002
0.210335
0.22034
0.21934
0.22605
0.21665
0.22522
0.24908000000000002
0.22944
0.14293
0.15325999999999998
0.16322799999999998
0.149049
0.148264
0.14488800000000002
0.13858299999999998
0.131427
0.14546199999999998
0.14088
0.15571
0.14561500000000002
0.13278299999999998
0.13414099999999998
0.133529
0.12622
0.124768
0.13265
0.131186
0.132645
0.138102
0.14924400000000002
0.14677600000000002
0.144052
0.133652
0.129168
0.133998
0.12625199999999998
0.129322
0.135209
0.12867
0.136025
0.128117
0.13091699999999998
0.131064
0.12746500000000002
0.124205
0.14419400000000002
0.13054000000000002
0.125298
0.114225
0.121194
0.116566
0.11601700000000001
0.1304
0.128848
0.130275
0.12051400000000001
0.120846
0.119243
0.125223
0.122796
0.118891
0.117095
0.131749
0.116552
0.128799
0.125245
0.12907200000000002
0.127123
0.132213
0.122973
0.12721200000000002
0.121171
0.122189
0.12107799999999999
0.114982
0.12156
0.12532
0.12011600000000001
0.12207700000000002
0.12104200000000001
0.117693
0.135933
0.124652
0.113639
0.111302
0.121564
0.118801
0.12671100000000002
0.136181
0.131274
0.13791199999999998
0.129887
0.12435999999999997
0.128674
0.124121
0.13658900000000002
0.129574
0.136035
0.134644
0.140706
0.14660499999999999
0.14044199999999998
0.15172
0.141511
0.13125299999999998
0.13458399999999998
0.130614
0.13276400000000002
0.12951400000000002
0.13152799999999998
0.136706
0.13486800000000002
0.145313
0.142425
0.144319
0.128769
0.13294899999999998
0.15104800000000002
0.155065
0.174514
0.150523
0.140969
0.144481
0.14873
0.15862099999999998
0.156693
0.161655
0.152504
0.142223
0.149644
0.15017399999999995
0.146038
0.14317400000000002
0.147263
0.14796399999999998
0.155677
0.159215
0.150391
0.156792
0.147204
0.14831299999999994
0.145216
0.147202
0.158342
0.14680700000000002
0.146952
0.146255
0.147802
0.156128
0.173592
0.16585000000000005
0.156063
0.152321
0.179599
0.16791
0.16838
0.16551
0.168647
0.171208
0.176539
0.17421399999999998
0.171682
0.17092500000000002
0.1813440000000001
0.16738
0.17074
0.169128
0.176433
0.17169199999999998
0.17540999999999998
0.171415
0.10005800000000001
0.184642
0.110777
0.10828399999999999
0.110974
0.19993
0.190089
0.184332
0.101771
0.174215
0.092031
0.180076
0.10552
0.19063
0.183524
0.19356700000000002
0.109641
0.109899
0.191682
0.106067
0.18426700000000001
0.17333700000000002
0.096
0.098027
0.17676799999999998
0.182557
0.099286
0.104568
0.168578
0.167432
0.17528
0.160442
0.167677
0.20950700000000005
0.231756
0.20366700000000001
0.095215
0.182609
0.174175
0.099437
0.17294199999999998
0.16699399999999998
0.170925
0.162545
0.173102
0.186162
0.170098
0.173566
0.176541
0.188907
0.202653
0.191148
0.189645
0.180384
0.188077
0.177384
0.18229100000000004
0.191798
0.175216
0.173228
0.179277
0.203849
0.186674
0.185509
0.089286
0.16373700000000002
0.182204
0.09058
0.09746
0.194707
0.098129
0.182333
0.08938600000000001
0.172974
0.171428
0.16729799999999995
0.156671
0.15469499999999994
0.152728
0.15953299999999998
0.158466
0.079552
0.156138
0.16021700000000005
0.151213
0.15354900000000002
0.14731799999999998
0.14538900000000002
0.156634
0.15223
0.156389
0.15791699999999995
0.16371399999999994
0.173735
0.162857
0.161115
0.170529
0.1791
0.18246500000000002
0.183163
0.17893699999999998
0.180758
0.166166
0.170254
0.183691
0.176576
0.172138
0.170824
0.155919
0.15064300000000005
0.15881099999999998
0.150107
0.15196600000000002
0.15177000000000002
0.14418499999999998
0.150111
0.150075
0.15579400000000002
0.157911
0.138686
0.12236500000000003
0.123054
0.132191
0.128676
0.119339
0.11772200000000001
0.11745699999999999
0.118568
0.12703499999999998
0.138853
0.122041
0.12095999999999998
0.120265
0.11213599999999999
0.10250999999999999
0.109302
0.105653
0.108825
0.10301300000000001
0.10446400000000003
0.115433
0.11716300000000004
0.11638099999999996
0.11138800000000001
0.104167
0.109377
0.108517
0.104367
0.0993839
0.120391
0.131025
0.11406199999999997
0.12937
0.128216
0.12172
0.12361099999999997
0.105061
0.105386
0.09754
0.09947699999999997
0.0912562
0.08433999999999997
0.083676
0.085087
0.09068199999999996
0.09911
0.09378500000000001
0.091322
0.086147
0.08480599999999999
0.08576700000000001
0.093779
0.082051
0.080759
0.08405800000000001
0.080538
0.08934900000000001
0.088227
0.08667599999999999
0.086858
0.08104
0.082432
0.07914700000000001
0.07848000000000001
0.07710700000000001
0.077986
0.079342
0.080951
0.08573099999999999
0.09210499999999999
0.102234
0.091109
0.08483800000000001
0.085472
0.07986499999999999
0.08429499999999998
0.084521
0.07880400000000001
0.082748
0.078262
0.080814
0.08801600000000001
0.084604
0.084982
0.08888800000000001
0.08798600000000001
0.08308199999999999
0.07946900000000001
0.080367
0.08226
0.07793
0.081299
0.090886
0.095201
0.090211
0.093182
0.091778
0.08971
0.08946799999999999
0.089525
0.089541
0.10504300000000001
0.110748
0.110213
0.098512
0.09601900000000002
0.099119
0.10486
0.09801599999999999
0.096578
0.090482
0.087561
0.090035
0.09021599999999999
0.096341
0.11373
0.106347
0.095498
0.095561
0.09559
0.099368
0.10545999999999997
0.098596
0.08883300000000001
0.08908700000000001
0.09679
0.104248
0.105556
0.104776
0.09942899999999999
0.100757
0.102335
0.10298
0.11057
0.10972
0.09969
0.09607
0.097713
0.10552799999999997
0.108154
0.106955
0.10533499999999996
0.105694
0.106684
0.100882
0.106132
0.096214
0.09661
0.101938
0.102136
0.104104
0.115434
0.105879
0.105239
0.11564
0.11269
0.10571699999999998
0.108669
0.104719
0.102672
0.098985
0.10455299999999998
0.11383399999999999
0.12272
0.122777
0.115119
0.118987
0.114983
0.106516
0.113107
0.10903
0.110109
0.106156
0.11596
0.12266999999999995
0.13505
0.12592
0.12425
0.12672
0.126751
0.115808
0.11950699999999999
0.11617000000000001
0.11654
0.119533
0.12314500000000002
0.127628
0.127499
0.123176
0.12383
0.1279
0.139942
0.130483
0.17016099999999998
0.170863
0.154052
0.05872
0.193923
0.12951400000000002
0.11757199999999995
0.06525399999999999
0.10845199999999999
0.114996
0.114334
0.106296
0.108101
0.11125500000000002
0.099884
0.100032
0.10324100000000001
0.119289
0.12477
0.11776
0.12042
0.12871
0.1333
0.11851
0.12065
0.11966000000000004
0.119633
0.11374000000000001
0.111204
0.122549
0.12363800000000001
0.121379
0.12356600000000001
0.13107
0.12528
0.12448
0.120005
0.113279
0.11738
0.12808
0.110771
0.11809
0.13194999999999998
0.11202
0.110218
0.110499
0.112131
0.106077
0.111882
0.105208
0.11065
0.105618
0.107875
0.11424400000000001
0.11333599999999999
0.108555
0.11118
0.104647
0.108073
0.100599
0.10641699999999996
0.10008099999999999
0.109295
0.11021
0.1151
0.11404000000000004
0.11927
0.11705
0.11665999999999999
0.11369000000000001
0.111963
0.104271
0.11428
0.10061200000000001
0.097649
0.09778099999999999
0.099432
0.100023
0.1204
0.10933
0.11005999999999999
0.10117999999999999
0.10263
0.100619
0.11072
0.12229
0.098765
0.10334000000000003
0.10347
0.098123
0.1096
0.11177000000000001
0.10962999999999999
0.1132
0.1045
0.10272
0.102421
0.096355
0.094954
0.095704
0.096489
0.10688
0.11851
0.10849
0.106226
0.10817
0.10985999999999999
0.10096
0.10995
0.10102799999999999
0.09788
0.097486
0.1066
0.12782000000000002
0.114829
0.104476
0.109618
0.113955
0.13831000000000002
0.13183
0.13549
0.12271
0.11967
0.11724
0.12492
0.13305999999999998
0.14171
0.13840999999999998
0.13723999999999995
0.13914
0.12837
0.131778
0.1272
0.11782999999999999
0.11767999999999999
0.11847
0.118547
0.143586
0.13799899999999998
0.127527
0.13078
0.13785999999999998
0.128916
0.128128
0.12385999999999997
0.114081
0.112606
0.10805899999999999
0.115368
0.13234
0.14195
0.13899899999999998
0.13203
0.12982
0.125641
0.12483
0.11744100000000005
0.113383
0.109882
0.116393
0.121142
0.131965
0.13896499999999998
0.126116
0.13066999999999998
0.13185
0.132969
0.123443
0.12567099999999998
0.115972
0.11394
0.110122
0.119417
0.12721
0.13494
0.12423
0.13176
0.1195
0.125633
0.125997
0.115359
0.101442
0.097373
0.09962500000000002
0.098882
0.118193
0.13597
0.123694
0.13213
0.12933
0.13990999999999998
0.14097
0.14632
0.13429000000000002
0.13237000000000002
0.13627999999999998
0.14185
0.15355
0.16175
0.15336
0.15783
0.1548
0.14229
0.13974
0.15450999999999998
0.12344000000000001
0.12420999999999999
0.173998
0.175481
0.18554
0.19337
0.184038
0.17362900000000006
0.167855
0.17215
0.17726699999999998
0.17538000000000006
0.146036
0.158947
0.158604
0.161158
0.17737999999999998
0.17786400000000002
0.167198
0.16826
0.1828
0.18069000000000002
0.169773
0.17928
0.17673
0.16624
0.15435
0.1662
0.19286
0.19933499999999998
0.18733
0.17556
0.18263
0.18010499999999996
0.17596599999999998
0.180293
0.183365
0.164626
0.168554
0.21066999999999997
0.17347
0.16468
0.152724
0.14994000000000002
0.14385
0.16189
0.15769
0.158453
0.144029
0.16128199999999998
0.166122
0.15976500000000002
0.166581
0.167445
0.162375
0.16736700000000002
0.173047
0.170463
0.16163799999999998
0.153473
0.146346
0.16295600000000002
0.183232
0.15525100000000006
0.15961199999999998
0.170511
0.165208
0.16856500000000002
0.161885
0.16159500000000002
0.17438299999999998
0.178769
0.220046
0.098873
0.22111599999999998
0.21744000000000002
0.16725900000000002
0.09224
0.13833299999999998
0.15814
0.15249600000000002
0.170657
0.161855
0.162159
0.148463
0.15320699999999998
0.14590999999999998
0.143903
0.142016
0.145617
0.153177
0.150701
0.15210300000000002
0.14188399999999998
0.16058499999999998
0.16219299999999998
0.157159
0.15648399999999998
0.162601
0.165672
0.163919
0.153766
0.132052
0.151687
0.156824
0.162721
0.15135300000000002
0.151396
0.16965799999999998
0.15065599999999998
0.14652099999999998
0.148275
0.157845
0.164036
0.14691400000000002
0.15067999999999998
0.13905399999999998
0.14138
0.137012
0.13785999999999998
0.139904
0.140039
0.143601
0.27995499999999995
0.283135
0.257703
0.174717
0.247971
0.254949
0.256382
0.274459
0.274663
0.264266
0.260868
0.266444
0.25738099999999997
0.269413
0.283068
0.294236
0.285785
0.277404
0.251227
0.254601
0.27235
0.265243
0.26227399999999995
0.271825
0.249835
0.265185
0.25730600000000003
0.275292
0.28067
0.27447
0.277436
0.271005
0.269311
0.27816399999999997
0.271467
0.26863000000000004
0.17943
0.263494
0.262427
0.27190000000000003
0.26708000000000004
0.265273
0.267641
0.278932
0.265991
0.267096
0.270642
0.265645
0.269868
0.273938
0.261058
0.27296200000000004
0.274095
0.274474
0.274943
0.26537900000000003
0.263778
0.26934100000000005
0.255118
0.26640699999999995
0.272528
0.278053
0.277614
0.276393
0.27998100000000004
0.28068200000000004
0.27028800000000003
0.27212600000000003
0.276023
0.27414700000000003
0.272356
0.278727
0.28539000000000003
0.279829
0.285531
0.285419
0.28486999999999996
0.286192
0.285665
0.281928
0.283652
0.285747
0.282092
0.27310999999999996
0.200204
0.285648
0.28605400000000003
0.271556
0.277909
0.282042
0.27983600000000003
0.283895
0.276686
0.27819499999999997
0.280037
0.272486
0.278376
0.280162
0.27818000000000004
0.275444
0.280159
0.28265500000000005
0.290874
0.279772
0.269251
0.276516
0.276606
0.27563899999999997
0.281407
0.280875
0.27976999999999996
0.285697
0.285316
0.272483
0.27566799999999997
0.28732499999999994
0.281098
0.277685
0.275171
0.275767
0.28489000000000003
0.286908
0.291338
0.288219
0.28972
0.286161
0.28575500000000004
0.275034
0.282385
0.28186300000000003
0.285412
0.287037
0.189635
0.219664
0.246238
0.288438
0.28377399999999997
0.284691
0.289879
0.289185
0.29177
0.285876
0.289137
0.289559
0.284857
0.3141
0.310083
0.30354000000000003
0.302021
0.312707
0.302329
0.29876
0.296705
0.301536
0.307915
0.295055
0.307655
0.225284
0.232349
0.31192600000000004
0.31449699999999997
0.311496
0.315508
0.31257399999999996
0.303363
0.297759
0.30443000000000003
0.216165
0.221415
0.223997
0.295412
0.30176600000000003
0.225838
0.228437
0.225272
0.293808
0.301813
0.299076
0.30064099999999994
0.298741
0.210707
0.29908300000000004
0.306114
0.22004
0.269442
0.282359
0.18717899999999998
0.264825
0.183868
0.18675
0.26005599999999995
0.265965
0.27107499999999995
0.185647
0.27151800000000004
0.272521
0.187882
0.191112
0.27344899999999994
0.191125
0.280704
0.27537
0.272968
0.272887
0.28023400000000004
0.28456400000000004
0.285991
0.272909
0.274773
0.28657600000000005
0.28144
0.280718
0.285316
0.279554
0.280364
0.27860100000000004
0.284375
0.286744
0.289479
0.287207
0.2994
0.29155
0.292383
0.29110899999999995
0.286168
0.29099600000000003
0.29521
0.287878
0.239222
0.305367
0.30112399999999995
0.29940100000000003
0.306575
0.30145
0.29399699999999995
0.292618
0.296657
0.298291
0.33626199999999995
0.35084499999999996
0.37763
0.34684
0.31453000000000003
0.29538400000000004
0.299272
0.3026
0.29728000000000004
0.29582600000000003
0.297456
0.30443200000000004
0.29334499999999997
0.290912
0.278409
0.197674
0.198791
0.196391
0.257931
0.25572300000000003
0.26536
0.267905
0.28169500000000003
0.275046
0.275031
0.27665300000000004
0.270583
0.27734000000000003
0.291831
0.292229
0.281009
0.20693000000000006
0.29672
0.29863
0.20846
0.28701000000000004
0.28964
0.2864197
0.13373400000000002
0.205308
0.20675100000000002
0.28723000000000004
0.285962
0.28468499999999997
0.285082
0.285729
0.283729
0.28255
0.28327800000000003
0.282967
0.283579
0.2849
0.285349
0.28478200000000004
0.290275
0.29440999999999995
0.206828
0.288054
0.28666400000000003
0.283908
0.20186300000000001
0.289264
0.201307
0.29843000000000003
0.308748
0.28978200000000004
0.28288
0.284744
0.20163
0.199782
0.281344
0.197048
0.285312
0.196203
0.29556
0.29718999999999995
0.30219
0.3039
0.29542
0.29122000000000003
0.29604
0.20235000000000009
0.20332
0.29434000000000005
0.28901
0.19803
0.10878
0.28121
0.28569
0.20119
0.19741
0.20282
0.28168000000000004
0.27766
0.276011
0.275877
0.274217
0.27707600000000004
0.281327
0.27944099999999994
0.271962
0.270479
0.267619
0.277901
0.28985
0.292488
0.28134400000000004
0.280861
0.28023600000000004
0.286943
0.208008
0.28937
0.203716
0.26902
0.27507800000000004
0.273853
0.293039
0.193958
0.291854
0.28059100000000003
0.20270900000000008
0.27623000000000003
0.27869
0.300492
0.29726
0.202811
0.200698
0.276433
0.277028
0.277802
0.277192
0.27693
0.27355
0.27117199999999997
0.186619
0.27301
0.280118
0.27793
0.20076300000000002
0.204785
0.201947
0.202164
0.277433
0.272532
0.280487
0.28213
0.282969
0.197881
0.280879
0.280242
0.194891
0.27795800000000004
0.28066199999999997
0.28119900000000003
0.28322099999999995
0.272174
0.27721700000000005
0.284509
0.28189600000000004
0.285714
0.29079099999999997
0.28402700000000003
0.28306
0.282622
0.281122
0.28119
0.288526
0.277976
0.281827
0.285935
0.279476
0.297969
0.31956
0.28796
0.285111
0.288517
0.269945
0.284092
0.293448
0.302579
0.311379
0.3146
0.23723000000000002
0.240434
0.27553
0.31771000000000005
0.31613
0.31547000000000003
0.328436
0.314994
0.321075
0.315154
0.316012
0.31153200000000003
0.30596100000000004
0.333656
0.32827500000000004
0.324676
0.317213
0.310894
0.315373
0.320803
0.317448
0.31822399999999995
0.331258
0.31616
0.317847
0.31888500000000003
0.32117399999999996
0.318238
0.32377700000000004
0.327137
0.339276
0.323799
0.324764
0.31758200000000003
0.315623
0.35895199999999994
0.331886
0.339123
0.335952
0.33402
0.33458800000000005
0.332631
0.348889
0.328063
0.33665300000000004
0.284603
0.35478000000000004
0.32191800000000004
0.25200100000000003
0.250498
0.24504378
0.24056710000000006
0.23513078
0.2303901
0.2505781
0.24231409999999995
0.24330578
0.2375591
0.24070709999999998
0.27030200000000004
0.330669
0.327507
0.33955100000000005
0.33910500000000005
0.34176100000000004
0.337733
0.342158
0.317492
0.329372
0.345563
0.340971
0.335452
0.33606600000000003
0.33657400000000004
0.35370899999999994
0.274795
0.2701751000000001
0.27192878
0.27925209999999995
0.27683578
0.2736621
0.28798178
0.28335777999999995
0.339231
0.343263
0.374287
0.380879
0.3664959999999999
0.3762530000000001
0.38171900000000003
0.381897
0.389193
0.387452
0.3839010000000001
0.3786810000000001
0.372552
0.326741
0.32085578
0.32962245
0.32908878
0.34672678
0.31159578000000004
0.30322178
0.31930778
0.31010678
0.31553545
0.3089341
0.28508778
0.30690978
0.30178178
0.31288578
0.32799378
0.30255278
0.339557
0.382319
0.4286800000000001
0.405003
0.422311
0.424434
0.372483
0.330664
0.313129
0.31195900000000004
0.314849
0.304265
0.305345
0.298895
0.306541
0.310724
0.30578500000000003
0.303496
0.318431
0.324125
0.315203
0.31001300000000004
0.20843899999999999
0.26536
0.26445
0.35086
0.31379
0.35182
0.34907999999999995
0.34673200000000004
0.278069
0.26588005
0.244786
0.235133
0.27527201
0.2678341
0.29957900000000004
0.314368
0.35724
0.35664
0.34944499999999995
0.35108
0.35646599999999995
0.35395999999999994
0.30794
0.30415000000000003
0.304879
0.352933
0.35138
0.352341
0.305703
0.352796
0.29433899999999996
0.358557
0.34728299999999995
0.35174
0.353062
0.364102
0.34817800000000004
0.298039
0.345771
0.346505
0.348611
0.34820300000000004
0.346077
0.342293
0.342068
0.35085900000000003
0.35328699999999996
0.35282
0.35279499999999997
0.35851
0.34938
0.29646
0.30235
0.29697
0.290738
0.29313
0.222113
0.28327
0.28855000000000003
0.28535999999999995
0.28403
0.281553
0.28200000000000003
0.27981999999999996
0.28162
0.28377
0.28834
0.290038
0.29045
0.28898
0.289412
0.287423
0.284096
0.27763499999999997
0.19203499999999998
0.199418
0.30063
0.29365
0.290581
0.29474
0.30366000000000004
0.29122400000000004
0.297124
0.29758
0.300203
0.31723900000000005
0.291605
0.297387
0.29633400000000004
0.294128
0.288092
0.298729
0.30123999999999995
0.30080999999999997
0.29873
0.294958
0.29396599999999995
0.30009
0.29616
0.289721
0.290197
0.286793
0.28691700000000003
0.283442
0.185387
0.195608
0.18997624
0.28526
0.288559
0.19142
0.29378000000000004
0.28389000000000003
0.28652
0.178322
0.15321833
0.15297529
0.15988624
0.18410624
0.16991429
0.214555
0.18264924
0.15965824
0.19315
0.27345
0.28569
0.28588
0.309572
0.289122
0.273072
0.264525
0.27581
0.274581
0.27852600000000005
0.280169
0.288902
0.27975500000000003
0.277679
0.27575900000000003
0.276171
0.272032
0.27626100000000003
0.279781
0.284529
0.277098
0.276594
0.279287
0.275675
0.27865500000000004
0.28072699999999995
0.28064
0.27426399999999995
0.279385
0.22112
0.294548
0.28310100000000005
0.29194000000000003
0.29163
0.29316200000000003
0.290568
0.287984
0.29157
0.287077
0.285105
0.28525300000000003
0.27539499999999995
0.304877
0.29788200000000004
0.309809
0.31858200000000003
0.31390100000000004
0.294097
0.291887
0.299254
0.29539000000000004
0.317892
0.297208
0.30662
0.300759
0.306049
0.304054
0.30088200000000004
0.296675
0.293461
0.29874100000000003
0.306605
0.30039899999999997
0.302398
0.307462
0.30814899999999995
0.31871700000000003
0.32006900000000005
0.32561
0.33088
0.32627
0.32556
0.315595
0.315658
0.310492
0.30848200000000003
0.30745100000000003
0.255236
0.31730899999999995
0.317681
0.32462500000000005
0.327954
0.314256
0.32813000000000003
0.32125000000000004
0.355868
0.323842
0.32334
0.314899
0.323262
0.327784
0.33561299999999994
0.323798
0.31923100000000004
0.32725400000000004
0.329332
0.330035
0.334044
0.33055999999999996
0.32885
0.32600500000000004
0.335943
0.372743
0.345973
0.345641
0.350484
0.353155
0.34719900000000004
0.34720300000000004
0.353372
0.349694
0.352486
0.352991
0.360908
0.365307
0.361966
0.3617530000000001
0.36034
0.349467
0.34976
0.35189000000000004
0.35833200000000004
0.354488
0.358792
0.346629
0.28112200000000004
0.324445
0.355856
0.36046
0.3824400000000001
0.368359
0.366434
0.37633
0.345989
0.34423200000000004
0.33358499999999996
0.3496
0.34586
0.334927
0.32843
0.33562
0.3439
0.339418
0.337283
0.31334
0.345375
0.33557600000000004
0.33695
0.342292
0.34626
0.34058
0.32703000000000004
0.339156
0.349938
0.32884
0.319477
0.320932
0.3246290000000001
0.326203
0.319859
0.326975
0.32216599999999995
0.320521
0.32527
0.32806
0.31712
0.316649
0.32153000000000004
0.323489
0.32669000000000004
0.32188
0.317527
0.313788
0.230597
0.254648
0.26113000000000003
0.26865
0.325464
0.357551
0.337125
0.341971
0.35274000000000005
0.34972
0.33273
0.330094
0.34484000000000004
0.337091
0.32058200000000003
0.32861
0.30455
0.31538
0.33515
0.32664000000000004
0.3249
0.3121
0.325439
0.33129000000000003
0.327749
0.33099
0.295092
0.29699400000000004
0.32721100000000003
0.316235
0.32092
0.31670600000000004
0.316883
0.313242
0.309299
0.31597800000000004
0.320322
0.32552000000000003
0.31011999999999995
0.27124899999999996
0.294856
0.294049
0.296582
0.29485300000000003
0.29585700000000004
0.296696
0.309904
0.296335
0.206117
0.25011700000000003
0.291966
0.29805000000000004
0.301051
0.282231
0.28363499999999997
0.2899
0.29012
0.24664000000000005
0.2684
0.2786
0.28572
0.2724
0.252583
0.267746
0.287335
0.2291100000000001
0.26408000000000004
0.26393
0.177345
0.17980000000000002
0.16854624
0.20439000000000002
0.25153800000000004
0.185889
0.17071124
0.19155899999999998
0.214711
0.269173
0.275405
0.276467
0.278659
0.26252600000000004
0.251959
0.27814
0.28383
0.2826500000000001
0.282882
0.28289200000000003
0.278619
0.160859
0.158575
0.191264
0.274669
0.275048
0.275379
0.277613
0.202507
0.20241800000000001
0.17759624000000002
0.207371
0.187643
0.192183
0.17604624
0.16635523999999996
0.17722000000000002
0.175303
0.178049
0.17666199999999999
0.16642242000000002
0.16533624
0.16804624
0.17199624
0.17544
0.15487623999999994
0.184682
0.15429024
0.14851342
0.20706400000000005
0.25539100000000003
0.187394
0.090921
0.20557
0.172526
0.16769624
0.15924623999999998
0.245608
0.265778
0.27128
0.187274
0.263363
0.223025
0.268509
0.223018
0.15198
0.281635
0.28179
0.26667
0.275608
0.263556
0.244338
0.20463900000000002
0.246619
0.236967
0.185879
0.105626
0.275692
0.285399
0.283972
0.264452
0.269436
0.240283
0.26866500000000004
0.27555
0.279307
0.289711
0.279694
0.28703199999999995
0.302048
0.30180999999999997
0.30091999999999997
0.30599
0.29578499999999996
0.29977200000000004
0.297783
0.30256700000000003
0.303937
0.3088
0.29759
0.31987
0.31729
0.31278
0.311116
0.30898800000000004
0.30188200000000004
0.320693
0.294244
0.289274
0.293513
0.29123000000000004
0.311383
0.30404400000000004
0.30393200000000004
0.30115099999999995
0.29788000000000003
0.30289
0.30014
0.29998
0.31150900000000004
0.294564
0.29593
0.28182
0.302302
0.234556
0.253029
0.3043
0.31173
0.31918
0.20876
0.2448
0.30140500000000003
0.29055
0.29351
0.285231
0.29235
0.299107
0.30792600000000003
0.271264
0.296009
0.3422890000000001
0.298874
0.31120499999999995
0.312437
0.277299
0.269471
0.26918600000000004
0.298885
0.31622
0.326301
0.3103
0.302225
0.286769
0.307684
0.329717
0.329171
0.325875
0.314941
0.267304
0.31805300000000003
0.325974
0.343926
0.336355
0.336056
0.344685
0.352939
0.340531
0.33269000000000004
0.351292
0.359699
0.33982
0.326809
0.3307060000000001
0.35031
0.367262
0.33969000000000005
0.34132
0.338915
0.30265000000000003
0.3276600000000001
0.317158
0.29449200000000003
0.34436
0.34799
0.3516
0.33517
0.331448
0.31997
0.33435
0.32335
0.326816
0.325391
0.25416500000000003
0.324267
0.313891
0.332477
0.270821
0.32435
0.34126100000000004
0.330369
0.34062800000000004
0.32722
0.32721999999999996
0.32902000000000003
0.31722
0.316152
0.337925
0.33621100000000004
0.350986
0.38142
0.38183
0.34526999999999997
0.39225
0.34987500000000005
0.34525900000000004
0.364132
0.317726
0.310164
0.26751
0.246315
0.2155091
0.2141041
0.282191
0.301385
0.312949
0.313078
0.317892
0.30816600000000005
0.308028
0.29335
0.30395
0.30196
0.314144
0.315711
0.3183
0.31678
0.31965200000000005
0.327183
0.363055
0.33440000000000003
0.32043299999999997
0.31563800000000003
0.31668
0.31616900000000003
0.330806
0.32952000000000004
0.322942
0.327239
0.3270150000000001
0.319377
0.31798200000000004
0.324509
0.31798200000000004
0.320268
0.314339
0.309873
0.308721
0.31206100000000003
0.321455
0.319521
0.318668
0.32537400000000005
0.313964
0.308394
0.295645
0.28906200000000004
0.295414
0.287116
0.251761
0.27768000000000004
0.299976
0.290406
0.28876999999999997
0.261058
0.19009
0.302841
0.19036000000000008
0.277606
0.28188
0.19148
0.28228000000000003
0.196
0.27721
0.28139000000000003
0.196772
0.193863
0.19677
0.276135
0.27363000000000004
0.19233
0.190339
0.27807
0.270438
0.1974
0.192952
0.194704
0.277481
0.23128
0.18850899999999998
0.194473
0.27207
0.280735
0.263565
0.19329
0.268156
0.191952
0.188716
0.188972
0.263328
0.191411
0.260716
0.265543
0.265138
0.25792
0.256574
0.256425
0.263422
0.27768000000000004
0.19354
0.274414
0.192907
0.260072
0.25869000000000003
0.27983
0.26215
0.253853
0.26173
0.26153000000000004
0.26870000000000005
0.27464
0.272374
0.267042
0.26358000000000004
0.255635
0.257337
0.26122199999999995
0.255241
0.254128
0.250298
0.25383100000000003
0.17549700000000001
0.24113
0.26388
0.26778
0.28091
0.26406
0.26313000000000003
0.26522
0.26056
0.25827
0.25090500000000004
0.25752600000000003
0.27239
0.268388
0.255233
0.255585
0.256628
0.25453800000000004
0.257506
0.260916
0.250485
0.25101900000000005
0.25263800000000003
0.259155
0.27007000000000003
0.262702
0.26879000000000003
0.26658000000000004
0.2685
0.14379
0.14331
0.15966999999999998
0.1566
0.06552999999999999
0.14156000000000002
0.1494
0.07249
0.07404000000000001
0.17826
0.17961300000000002
0.16096100000000002
0.158871
0.166914
0.16855699999999998
0.16275599999999998
0.158189
0.17340399999999995
0.16094899999999998
0.17434000000000002
0.1837
0.17629
0.176307
0.170237
0.161563
0.16243299999999994
0.17471199999999998
0.172183
0.167654
0.16466899999999998
0.176473
0.17416600000000002
0.17917899999999998
0.17991500000000002
0.181056
0.17849600000000002
0.17653
0.17339000000000002
0.18066
0.17622000000000002
0.16124000000000002
0.16003199999999998
0.15832799999999994
0.17912999999999998
0.188646
0.18329
0.192902
0.188609
0.183406
0.18012699999999998
0.194163
0.188291
0.184283
0.193287
0.191894
0.208866
0.219135
0.201509
0.224399
0.209852
0.200552
0.191204
0.214128
0.207508
0.22883299999999998
0.2076
0.21026999999999998
0.2166
0.2127
0.21685
0.22613000000000005
0.22754000000000002
0.22134
0.2215300000000001
0.22899000000000005
0.21675
0.22426
0.225175
0.23253000000000001
0.24275
0.239281
0.236795
0.25291800000000003
0.25277000000000005
0.24466
0.24278000000000002
0.250221
0.253552
0.243168
0.244785
0.26309
0.26432
0.259961
0.27035
0.28564399999999995
0.26304700000000003
0.27068000000000003
0.26954
0.27963000000000005
0.254525
0.256132
0.25995
0.26797
0.27193
0.2737
0.26432
0.28002
0.26646
0.25942
0.25680000000000003
0.26486
0.25395500000000004
0.256016
0.243938
0.257514
0.255961
0.27109
0.26021
0.27352
0.279374
0.24576900000000002
0.244635
0.258629
0.243698
0.26105
0.238221
0.239182
0.25612
0.26288
0.250015
0.277482
0.254205
0.24396
0.24353000000000002
0.26506500000000005
0.250798
0.243193
0.2431250000000001
0.239209
0.25265
0.24782
0.25376
0.2533
0.24003000000000002
0.24296000000000004
0.246391
0.241932
0.228498
0.222897
0.225408
0.228595
0.234638
0.230701
0.23733
0.25483
0.24601
0.231085
0.241146
0.246705
0.2419
0.227206
0.225264
0.228093
0.231517
0.225085
0.230589
0.236558
0.233448
0.23747
0.228305
0.226786
0.220658
0.22784200000000002
0.222507
0.21403200000000006
0.222782
0.247634
0.21269
0.23519
0.22824
0.2023
0.19814
0.20177
0.186357
0.18500999999999998
0.18018299999999998
0.19264
0.2114
0.21035
0.19535999999999998
0.19131
0.17997
0.17948
0.18705
0.10352
0.09785
0.17667
0.167221
0.17619
0.17745
0.17506
0.093155
0.18352000000000002
0.174193
0.16443000000000002
0.16984000000000002
0.16937000000000002
0.15415600000000002
0.15664999999999998
0.16030999999999998
0.16089
0.16109
0.15431899999999998
0.14918099999999998
0.154244
0.15174
0.151315
0.16348400000000002
0.166536
0.14633
0.080206
0.14252
0.14163499999999998
0.15112
0.14238299999999998
0.135765
0.1588
0.144439
0.14887
0.15116
0.15146400000000002
0.135957
0.13841499999999998
0.13603800000000002
0.132859
0.13989200000000002
0.13979
0.13555
0.140323
0.133873
0.13105899999999998
0.133745
0.146254
0.12156700000000001
0.120207
0.120822
0.122579
0.1326
0.13407
0.126437
0.13334
0.12688
0.12592
0.11631300000000001
0.127583
0.112312
0.111303
0.10825499999999999
0.11332699999999996
0.1279
0.12274000000000002
0.124506
0.119449
0.116272
0.1132
0.11827400000000005
0.11885699999999999
0.107999
0.105402
0.10633699999999999
0.10734500000000001
0.110998
0.109945
0.10753099999999999
0.113923
0.10917000000000003
0.11502
0.11552
0.113235
0.106573
0.103611
0.102303
0.105814
0.11389
0.11194000000000001
0.110544
0.113053
0.108175
0.11537300000000004
0.112086
0.117611
0.105129
0.109203
0.10620699999999997
0.101349
0.105867
0.118353
0.113878
0.12308
0.13198
0.11036599999999998
0.110809
0.115799
0.103407
0.097444
0.093712
0.099259
0.101576
0.10698699999999997
0.10530199999999998
0.109243
0.105867
0.104882
0.105073
0.10756500000000001
0.098178
0.100886
0.096642
0.098749
0.115478
0.110209
0.112451
0.11245999999999999
0.109323
0.09949299999999996
0.105314
0.113158
0.097771
0.103539
0.094193
0.10092
0.111845
0.11533100000000004
0.116631
0.123894
0.11748299999999999
0.11335999999999999
0.11693900000000003
0.119924
0.108117
0.10776199999999997
0.107487
0.108731
0.120636
0.118545
0.12061600000000001
0.13509200000000002
0.123997
0.118838
0.12576800000000002
0.13567700000000002
0.12658699999999998
0.129578
0.12979300000000002
0.12875999999999999
0.140482
0.13674
0.137067
0.13984000000000002
0.135625
0.134077
0.133537
0.139958
0.12707000000000002
0.13355999999999998
0.128131
0.135407
0.140328
0.143009
0.14328400000000002
0.15103999999999998
0.15239999999999998
0.14132699999999998
0.148259
0.15008
0.13893599999999998
0.140931
0.12764399999999998
0.068084
0.14994000000000002
0.14871900000000002
0.147748
0.160109
0.074588
0.154943
0.08145
0.18136
0.08653
0.08235999999999999
0.16556300000000002
0.17820999999999998
0.2342
0.24952
0.23924
0.25063
0.233109
0.220151
0.16208399999999998
0.16314099999999998
0.072051
0.14912999999999998
0.142645
0.141759
0.15196900000000002
0.14830000000000002
0.15155899999999994
0.15431699999999998
0.163321
0.147448
0.155881
0.155445
0.140429
0.14772000000000002
0.148275
0.14745999999999998
0.15461
0.15068800000000002
0.152686
0.15846900000000005
0.157409
0.149792
0.15402200000000002
0.16093700000000002
0.14916300000000002
0.15059999999999998
0.147965
0.14262199999999994
0.15229
0.142406
0.14628
0.14776399999999998
0.148387
0.151288
0.144924
0.158668
0.13808099999999998
0.148381
0.13377999999999998
0.13358499999999998
0.14163199999999998
0.138353
0.13984000000000002
0.13505
0.12088900000000001
0.10037200000000003
0.09867999999999999
0.106607
0.094301
0.10126
0.104884
0.088771
0.094597
0.09255
0.096071
0.10371
0.095786
0.095231
0.102503
0.097494
0.09734600000000004
0.100201
0.094153
0.09688
0.096743
0.097961
0.096134
0.098666
0.100141
0.09814400000000001
0.09771
0.116363
0.121419
0.10625
0.104481
0.102432
0.10069199999999999
0.09661
0.101357
0.11423599999999999
0.11789200000000001
0.115378
0.107696
0.104651
0.108828
0.126224
0.106178
0.103967
0.10539100000000001
0.105919
0.107955
0.108099
0.11121400000000001
0.104172
0.105386
0.10439
0.106074
0.110824
0.11119500000000004
0.105499
0.106869
0.113205
0.13619499999999998
0.13275900000000002
0.115204
0.11785500000000006
0.101575
0.103821
0.106475
0.105155
0.107013
0.106815
0.103689
0.10345300000000003
0.106669
0.112002
0.119426
0.109578
0.100071
0.098599
0.104618
0.101511
0.100477
0.10271199999999998
0.103632
0.103991
0.10570999999999997
0.107201
0.107799
0.1044
0.102911
0.10505999999999999
0.10243699999999999
0.102954
0.102353
0.102788
0.099781
0.096773
0.105892
0.102256
0.10183599999999997
0.097113
0.090231
0.094795
0.097041
0.093884
0.09435199999999999
0.09978
0.10022400000000001
0.093011
0.098969
0.093477
0.099649
0.09451099999999996
0.08885799999999999
0.08774499999999999
0.089147
0.08945199999999999
0.08381499999999999
0.07941799999999999
0.07874500000000001
0.077475
0.07931599999999997
0.082415
0.08475
0.079238
0.076059
0.07272999999999999
0.07509900000000001
0.074305
0.077987
0.0751
0.07765699999999999
0.080282
0.08102799999999999
0.080863
0.08679299999999998
0.07627700000000001
0.07328200000000001
0.07167799999999999
0.07180600000000001
0.071213
0.07337500000000001
0.07497999999999999
0.071802
0.07607499999999999
0.073736
0.07962899999999999
0.076377
0.07244199999999999
0.075806
0.06982999999999999
0.07531299999999999
0.069904
0.06983500000000001
0.07775900000000001
0.077296
0.075751
0.07935099999999999
0.094856
0.08176299999999999
0.078051
0.081276
0.07966300000000001
0.07569100000000001
0.07707499999999999
0.082952
0.08014399999999999
0.07796
0.078545
0.08748699999999998
0.087152
0.091141
0.082928
0.079856
0.07759500000000001
0.078431
0.07722000000000001
0.07752
0.07889199999999999
0.082118
0.082484
0.09044400000000001
0.11285
0.106329
0.108346
0.10464
0.099832
0.10254300000000001
0.103805
0.108397
0.107208
0.11394
0.113726
0.119497
0.11971500000000003
0.11036800000000001
0.10358800000000001
0.10371500000000003
0.10725500000000003
0.12001600000000001
0.113122
0.110875
0.11279700000000001
0.116327
0.120084
0.131973
0.13442
0.151517
0.132917
0.127777
0.125303
0.130334
0.128252
0.12181900000000001
0.129388
0.1415
0.150799
0.160329
0.16026200000000002
0.163589
0.171749
0.17646199999999998
0.162619
0.16436800000000001
0.16502
0.1662
0.16825
0.17597000000000002
0.17232
0.1738
0.093436
0.09706
0.0977
0.16180799999999998
0.15803599999999998
0.162891
0.16398
0.17277
0.17079
0.173239
0.169184
0.17572100000000002
0.172956
0.18671
0.175528
0.170558
0.17020999999999994
0.17531
0.16813999999999998
0.172771
0.09978
0.10889000000000001
0.196674
0.20607
0.19554
0.182417
0.10433
0.10651
0.18047
0.189943
0.096814
0.192848
0.19817
0.21467000000000008
0.19680000000000009
0.19403
0.192387
0.18913
0.180515
0.099271
0.08818300000000001
0.17024299999999998
0.16625399999999999
0.16824000000000006
0.16106099999999998
0.167523
0.16288
0.16782
0.16787000000000002
0.172175
0.16021000000000002
0.16705
0.17093
0.16776
0.161432
0.153837
0.15676700000000002
0.174629
0.15866499999999994
0.16569300000000006
0.172895
0.17101
0.165353
0.16102699999999998
0.15793100000000002
0.15830300000000005
0.169472
0.15882400000000002
0.159354
0.16151800000000002
0.16055999999999998
0.17381000000000002
0.16962
0.1655
0.159442
0.15517199999999998
0.15120999999999998
0.148289
0.146749
0.15034
0.15335
0.16189
0.15492
0.16172
0.15700999999999998
0.16141
0.16050999999999999
0.15761999999999998
0.15672000000000005
0.15325
0.14798
0.15215499999999998
0.14669200000000002
0.15212599999999998
0.167234
0.15875999999999998
0.15629
0.14546900000000001
0.150207
0.14791
0.140299
0.13859100000000002
0.13699699999999998
0.137011
0.146735
0.14549700000000002
0.140184
0.145766
0.15567
0.15216000000000002
0.1563
0.17141800000000001
0.15611299999999995
0.145387
0.152345
0.14846099999999998
0.149567
0.147118
0.15595699999999998
0.16127999999999998
0.155792
0.184676
0.153817
0.148867
0.147375
0.145446
0.146879
0.14168599999999998
0.15857700000000002
0.156798
0.14669100000000002
0.153161
0.14907900000000002
0.156594
0.15072999999999998
0.142646
0.122494
0.108819
0.11204899999999997
0.10761300000000001
0.113706
0.13799
0.131626
0.13060100000000002
0.128091
0.13602999999999998
0.138678
0.14893199999999998
0.149526
0.15678699999999998
0.163305
0.15359599999999998
0.146374
0.14871099999999998
0.140986
0.139257
0.142238
0.152867
0.14364600000000002
0.134285
0.12748199999999998
0.14143699999999998
0.137433
0.13903200000000002
0.17335
0.16149000000000002
0.143596
0.151922
0.155355
0.151545
0.14330199999999998
0.13967200000000002
0.13943999999999998
0.13314900000000002
0.130251
0.13134200000000001
0.13138699999999998
0.13648500000000002
0.133804
0.1513
0.14496699999999998
0.140821
0.13167
0.124394
0.12334400000000001
0.130374
0.128806
0.13405999999999998
0.122821
0.13610699999999998
0.13853
0.133705
0.142513
0.15662700000000002
0.132555
0.146925
0.14537499999999998
0.144623
0.14513199999999998
0.146726
0.15352700000000002
0.145982
0.165255
0.16525800000000002
0.17233900000000002
0.182342
0.08891
0.084452
0.08044
0.159504
0.15753499999999998
0.16021400000000002
0.07422000000000001
0.16726400000000002
0.077319
0.07368200000000001
0.07767199999999999
0.077975
0.159649
0.08357300000000001
0.156323
0.15579
0.076488
0.157749
0.07664100000000001
0.17211600000000002
0.20228
0.08493300000000001
0.08463200000000001
0.165033
0.15806199999999998
0.16073400000000002
0.14719000000000002
0.149977
0.14421499999999998
0.14254
0.143549
0.157093
0.17743599999999998
0.17896800000000002
0.08852
0.176813
0.167579
0.169585
0.162866
0.16426100000000002
0.075228
0.15930899999999998
0.165984
0.182281
0.183968
0.18893900000000002
0.197584
0.193888
0.17708
0.17988099999999999
0.18437
0.19496
0.20773000000000005
0.21581
0.19521
0.21879
0.22328
0.22893
0.23503
0.22764
0.21768
0.22253299999999998
0.22394000000000008
0.22297
0.2153
0.21044
0.21298000000000006
0.23739
0.23983
0.248269
0.265623
0.249696
0.22901100000000002
0.2328800000000001
0.230834
0.230206
0.2302200000000001
0.23655
0.24222
0.24579
0.2494200000000001
0.26077
0.25941
0.25494
0.2565
0.25491
0.24169000000000002
0.25098000000000004
0.25063
0.25576
0.246119
0.246707
0.248462
0.25363
0.253622
0.2462050000000001
0.23581300000000002
0.23315
0.22925200000000004
0.244992
0.231172
0.23067
0.21793400000000002
0.2205300000000001
0.22699999999999998
0.2400400000000001
0.233027
0.236314
0.235259
0.23052199999999998
0.224358
0.2305500000000001
0.22225300000000006
0.224465
0.22866999999999998
0.224366
0.22275
0.23184000000000005
0.2355
0.2236
0.21944
0.22173
0.199937
0.205973
0.210286
0.20706999999999998
0.205218
0.210831
0.22488000000000002
0.220511
0.21092800000000006
0.208613
0.211242
0.202757
0.20828000000000002
0.2094
0.20894
0.2071
0.20723000000000005
0.211366
0.198698
0.196053
0.19866
0.2007
0.20443
0.19793
0.204364
0.223962
0.309044
0.269146
0.25566
0.21235
0.204919
0.19958
0.195732
0.193864
0.184347
0.19163
0.100193
0.09229
0.094918
0.08889999999999999
0.08984199999999999
0.092837
0.17514800000000005
0.17869600000000002
0.181081
0.19489800000000002
0.172539
0.097756
0.168222
0.16479800000000006
0.168254
0.17818799999999996
0.162655
0.160621
0.16459000000000001
0.16856600000000002
0.160352
0.17697999999999994
0.17519
0.17084400000000002
0.16963
0.161922
0.156629
0.15575799999999998
0.156085
