0.1087987
0.09360589999999996
0.10679139999999997
0.220862
0.1040593
0.1096138
0.1046258
0.1151504
0.18656109999999995
0.17888889999999996
0.11654459999999996
0.12698040000000002
0.12477730000000001
0.13886040000000002
0.0905442
0.10560699999999999
0.09942479999999997
0.09831499999999996
0.0910839
0.0920845
0.11979899999999995
0.12194289999999998
0.1569978
0.17943760000000006
0.13028489999999998
0.15044870000000002
0.15844010000000006
0.157717
0.11430739999999999
0.10783009999999996
0.10464549999999996
0.1054579
0.10360269999999996
0.13088469999999994
0.1032621
0.12346419999999995
0.14654510000000004
0.14339009999999994
0.13366889999999998
0.1687124
0.14132129999999998
0.1117344
0.10976629999999996
0.10310879999999996
0.11635259999999994
0.09774539999999997
0.10492439999999999
0.12416989999999999
0.132134
0.1126905
0.13840699999999995
0.15386660000000002
0.13832560000000002
0.13833149999999994
0.13515929999999998
0.11682969999999995
0.11329359999999995
0.11920019999999995
0.11286379999999994
0.12213839999999998
0.1120617
0.11404629999999995
0.10832149999999999
0.1033921
0.1352328
0.13135079999999996
0.140268
0.14894720000000006
0.18813750000000004
0.15856510000000001
0.15466089999999993
0.14203479999999996
0.14842979999999995
0.14010489999999998
0.1273654
0.15528050000000002
0.15286449999999996
0.150259
0.18666000000000005
0.18716680000000005
0.12758489999999995
0.1203241
0.1500441
0.166174
0.15064499999999995
0.17596570000000006
0.1479073
0.10249809999999997
0.07824909999999999
0.08400869999999996
0.11075689999999999
0.18491860000000002
0.0967953
0.20911480000000005
0.2127186
0.25964979999999993
0.2261125
0.2213154
0.18166400000000005
0.2329809
0.19413400000000008
0.2321614
0.22598979999999996
0.21165620000000004
0.2455705
0.2103973
0.2471074
0.2627808
0.31647410000000004
0.23720210000000005
0.245552
0.26197050000000005
0.2095008
0.2743952
0.2162281
0.24244429999999997
0.2186938
0.2163617
0.2199772
0.1888923
0.2841433
0.2395216000000001
0.2608254
0.2696604
0.29223330000000003
0.255244
0.24781040000000004
0.2520234
0.20684820000000004
0.2827065
0.17665969999999998
0.2391303
0.204847
0.2350005
0.28250699999999995
0.30244879999999996
0.3094998
0.3577264000000001
0.3458529
0.34079970000000004
0.2406988
0.32591390000000003
0.255796
0.30639
0.20938400000000001
0.21078490000000005
0.2379979
0.32536570000000004
0.269769
0.2237693
0.323732
0.2820781
0.26185660000000005
0.1983105
0.2848236
0.15428070000000002
0.270877
0.30560709999999996
0.17332299999999998
0.32325909999999997
0.32251090000000004
0.3398585
0.275528
0.33227929999999994
0.30316040000000005
0.3411077
0.31764240000000005
0.3506293
0.31999500000000003
0.2863421
0.2147081
0.2076393
0.2171783
0.2277666
0.25960079999999996
0.2359297
0.2822047999999999
0.27455749999999995
0.3316748
0.28958729999999994
0.2323095
0.2624824
0.249671
0.23586260000000003
0.25785660000000005
0.2130061
0.2188345
0.20504539999999996
0.2487637
0.18218800000000002
0.24594120000000005
0.2193943
0.20871400000000004
0.25917640000000003
0.270838
0.27239209999999997
0.1986313
0.2555225
0.2366025
0.2832075
0.2845256
0.2887438
0.2912828
0.2798578
0.3276203
0.30838039999999994
0.32136250000000005
0.26689240000000003
0.2276224
0.2192965
0.27993850000000003
0.1830336
0.14593989999999998
0.17744779999999996
0.1574805
0.2719144
0.2390694
0.23915039999999999
0.2107891
0.29282829999999993
0.25901810000000003
0.2249148
0.2535954
0.258404
0.20222010000000004
0.28773599999999994
0.2130804000000001
0.2791712
0.23214229999999997
0.2524696
0.2234792
0.2334245
0.22927529999999996
0.23575960000000004
0.2722619000000001
0.24537470000000006
0.2553354
0.200743
0.2568948
0.2513854000000001
0.2378207000000001
0.28602140000000004
0.19674380000000005
0.18550680000000005
0.2443988000000001
0.19527870000000008
0.1897581
0.2115432
0.19392930000000005
0.2300035
0.2580841
0.20199220000000004
0.2488922000000001
0.2584543
0.2465688000000001
0.2149549000000001
0.2505040000000001
0.28795390000000004
0.3853603
0.4018227
0.3765557000000001
0.3733189
0.3842988000000001
0.377597
0.3844769
0.38214000000000004
0.3816794000000001
0.3587731
0.4012673
0.2009057
0.21889820000000004
0.22450660000000003
0.25486010000000003
0.3299771
0.15866439999999998
0.2582673
0.1961055
0.3422027
0.1895511
0.2288201
0.22403009999999998
0.24519639999999998
0.175127
0.2152743
0.20944279999999998
0.253682
0.21517889999999998
0.19880810000000004
0.2026718
0.15742879999999998
0.192398
0.2252913
0.13528669999999998
0.21040600000000004
0.298139
0.2188215
0.2517988
0.2965052000000001
0.28313140000000003
0.29770050000000003
0.2437929
0.27991209999999994
0.27052790000000004
0.2569964
0.23832609999999999
0.2065581
0.23454499999999998
0.21890429999999994
0.2350425
0.2404756
0.1862501
0.25848800000000005
0.24888750000000004
0.2829983
0.2053468
0.2756504
0.2496409
0.224663
0.2249686
0.2271835
0.2714225
0.2339509
0.23963560000000006
0.2589701
0.2234203
0.24808520000000003
0.1727261
0.2660398
0.2765205
0.2465451
0.2246781
0.24778820000000001
0.23379499999999998
0.2791389
0.22864579999999995
0.25079759999999995
0.23797529999999997
0.23032270000000002
0.2743084000000001
0.2202172
0.3780776
0.22030199999999994
0.18947139999999998
0.1611928
0.3150593999999999
0.210161
0.23839549999999998
0.1025365
0.22748400000000005
0.1963694
0.1388945
0.1615643
0.16351849999999998
0.2193837
0.31470679999999995
0.26625269999999995
0.1473779
0.194927
0.2202937
0.3132876
0.2883814
0.3136889
0.3225829
0.2779277
0.30098280000000005
0.1835408
0.24763270000000004
0.2760133
0.2717407
0.2530791
0.13837879999999994
0.11463319999999999
0.13368439999999998
0.1788598
0.1361248
0.140932
0.2198929
0.18630240000000006
0.16987370000000002
0.16760899999999998
0.16617709999999994
0.205066
0.1549225
0.1082026
0.17299279999999995
0.1209754
0.0920877
0.058147000000000004
0.1163025
0.1663186
0.19539360000000008
0.1973018
0.181792
0.11129129999999998
0.07372569999999999
0.1074036
0.1083924
0.0859344
0.12798670000000004
0.173193
0.14303280000000002
0.2760698
0.1839925
0.272721
0.2159645000000001
0.25385260000000004
0.1986278
0.2543759
0.1844956
0.248818
0.3223876
0.35899410000000004
0.25208590000000003
0.2438969
0.231044
0.2248638
0.26181829999999995
0.2418617
0.24757300000000002
0.26579060000000004
0.2360986
0.2256448000000001
0.2107871
0.22631410000000002
0.1470358
0.14616379999999998
0.1639879
0.28396730000000003
0.2375416
0.3108327
0.1424589
0.205237
0.21743560000000006
0.2440396
0.17179679999999994
0.26895359999999996
0.18262609999999999
0.23763220000000002
0.27680530000000003
0.2782217
0.2846613
0.3955676
0.3395991
0.3267402
0.2533300000000001
0.2608247
0.2349302000000001
0.1415856
0.11227910000000002
0.23685184
0.19918099000000009
0.12540283
0.15972539
0.29844619
0.19366418
0.18311853
0.18019864
0.28554319999999994
0.18400609
0.3063308100000001
0.28016526
0.17514713000000004
0.28991073999999994
0.2315910300000001
0.18732713
0.23892494
0.13702231999999995
0.2331734
0.15326610000000002
0.16611040000000002
0.2501261
0.1734808
0.2599253
0.2542294
0.30829290000000004
0.2637312
0.22743649999999999
0.176378
0.23993524
0.15468710000000002
0.20711430000000008
0.1809799
0.15041229999999994
0.23684970000000002
0.20815920000000002
0.25323939999999995
0.229791
0.2608537
0.23666640000000005
0.2526831
0.19254949999999998
0.2447195
0.2210677
0.1750405
0.2515027
0.2066489
0.1831741
0.2912416
0.2847201
0.32557090000000005
0.27336609999999995
0.28615879999999994
0.25916389999999995
0.1973342
0.2733257
0.2025254
0.17282229999999998
0.2441258000000001
0.29312609999999995
0.3097467
0.22305491
0.24944003
0.24469912
0.30249391000000003
0.24686466000000004
0.23158372
0.22440725
0.28513626000000003
0.22067511
0.23872731
0.30953712
0.27779132
0.27079926000000004
0.23874361
0.1712038
0.1612689
0.26495602
0.18654861
0.14345326000000005
0.23899542
0.20816872000000008
0.23141312
0.26406537
0.21071701000000004
0.17797776
0.21680556
0.21021425
0.12443503999999996
0.10613253999999996
0.14786249
0.11799614
0.10969745
0.13063465000000002
0.14144470000000006
0.14235565
0.18394697
0.29404268
0.3964094799999999
0.39744158
0.40448733
0.40724698
0.1231656
0.11193130000000001
0.1144132
0.1200922
0.19264611
0.18858429999999998
0.21444705
0.21050506000000005
0.16035730999999998
0.23644811
0.2309922600000001
0.21599411
0.24496126
0.26643932
0.18992611
0.17200705
0.17660479999999998
0.16307865
0.15867699999999998
0.1144288
0.16829449999999999
0.18815295999999995
0.19509236
0.20281544
0.16901812000000002
0.20683402
0.18401631
0.18616925000000006
0.20669536
0.21686197
0.15642401000000006
0.1416861
0.25790292000000004
0.31821351
0.34190767
0.30455062
0.29405827
0.15682501
0.12520800999999998
0.15458387
0.16657536999999994
0.18638032000000004
0.15531895
0.10554219
0.1247451
0.15411405000000006
0.17536801000000002
0.12932410000000005
0.11869524
0.14048019
0.12203002000000004
0.12247207999999996
0.11213075999999997
0.20021133
0.13749406
0.22825082
0.13138441
0.17301992000000002
0.14939622
0.11288539999999996
0.15189155
0.11786505
0.12933155
0.14433916
0.12046655000000005
0.14587535
0.15169817000000002
0.2101029100000001
0.17840441
0.18182096
0.14418697000000005
0.12345291
0.1104968
0.0979016
0.10207805
0.11509845
0.10138819999999996
0.11451835
0.14755965
0.15233645
0.33114802
0.32382472
0.25772982000000005
0.15824167
0.12923200999999998
0.15807522000000002
0.15642086000000002
0.14057072
0.17142387
0.12085296
0.22065196
0.3290878600000001
0.29727696
0.27646911
0.13376282
0.16885073
0.12631657000000002
0.12221173
0.10484705000000002
0.0941837
0.080987
0.09104524999999998
0.08997950999999997
0.11400496
0.14205492
0.2450990200000001
0.20951477
0.14139496
0.18507808
0.20390882
0.24018867000000005
0.29791968
0.18177177
0.08940196
0.13768771000000002
0.16579502
0.18970636
0.22676932
0.18613992
0.25217796000000003
0.24085396
0.24405096
0.27553587
0.19722187
0.26597777999999994
0.18520896
0.23129901000000005
0.24668061
0.24602855
0.25651561999999994
0.35063596
0.39737566
0.24478742
0.28605962
0.25652875
0.28704261000000003
0.27096962
0.28631966000000003
0.27999871000000004
0.26342660999999995
0.30601943000000004
0.18498947
0.08722361
0.25154354999999995
0.26185541
0.26488246
0.25409151
0.25431751
0.25215662000000005
0.40333582
0.28650957
0.27680837
0.27567256
0.31700771
0.34680086
0.26467171
0.26728056
0.27593156
0.26007866
0.29431262
0.26348471
0.25632971
0.25783465
0.26708461
0.25132465
0.26100075
0.28557967
0.25909171
0.25353956
0.25084151
0.22555475
0.18405691
0.23430691
0.24721986
0.20408095
0.17023285
0.173896
0.18994485
0.22561485
0.18903575
0.23862485
0.31591695
0.25945036
0.31789721
0.25936717
0.19426085
0.20999475
0.24079476
0.21015635
0.20936535
0.2123492
0.3109535600000001
0.33737667
0.3517706700000001
0.38505247
0.35132756000000004
0.40115022
0.3954501200000001
0.38739152
0.26936051999999994
0.30719642
0.40856552
0.41338402
0.41133986
0.30115781
0.3645602199999999
0.34738633
0.25831466
0.37042392
0.36187336
0.35767667
0.36112816
0.35908741
0.37797036
0.34834135
0.34892841
0.35258716
0.35377870999999994
0.36472996
0.36022755999999995
0.37670077
0.25972332000000004
0.4030242700000001
0.23148716000000005
0.26796006
0.26028451
0.31776210999999993
0.35417184999999995
0.34924761
0.35601301
0.36229595
0.3097515
0.36475856
0.31479501000000004
0.35915902
0.31568605000000005
0.29032707
0.27978392
0.3834988200000001
0.27271042
0.31628082
0.36943782
0.31976265
0.21823285
0.21663605
0.2503461
0.22567325
0.20334009000000008
0.20338019
0.23310100000000006
0.23018305
0.21675395
0.21942721
0.25954005
0.26028001
0.29512786
0.28927486
0.25695271
0.2120984
0.21834686
0.3661039700000001
0.36382297
0.31468896
0.26982090000000003
0.24330381
0.2277279
0.20873505
0.21740405
0.19650399
0.18297005
0.21997895
0.20893205
0.20137315
0.25893485
0.26066100000000003
0.27238419
0.26422419
0.30536882000000004
0.29469386000000003
0.3081028600000001
0.27111184999999993
0.30058396
0.28707986
0.28803686
0.2985137600000001
0.28974071999999995
0.26507485
0.26087875
0.28767020000000004
0.30859435
0.30733419
0.24304109000000004
0.26756820000000003
0.24853305
0.24670829
0.2744851
0.251881
0.23635209
0.237504
0.315196
0.305082
0.24483208
0.25656208
0.3076841300000001
0.26289110000000004
0.24985315
0.27433205
0.26798019
0.26262319
0.17165400000000006
0.168754
0.16295500000000002
0.21813900000000008
0.20269
0.33155999999999997
0.376234
0.331947
0.18002100000000004
0.199732
0.260866
0.2375423
0.327123
0.2348141
0.234185
0.2373292
0.23823150000000004
0.2418417
0.266343
0.26598999999999995
0.24832800000000002
0.245666
0.304952
0.319322
0.32312299999999994
0.30395900000000003
0.2483370000000001
0.28515100000000004
0.3051200000000001
0.316633
0.287261
0.275865
0.270892
0.29627200000000004
0.28172200000000003
0.26319099999999995
0.27387599999999995
0.25754799999999994
0.260288
0.26165799999999995
0.26463400000000004
0.27620700000000004
0.27243199999999995
0.254431
0.273337
0.276877
0.272403
0.28067800000000004
0.26023179999999996
0.2694179
0.2385348
0.25726350000000003
0.2516108
0.25109250000000005
0.24699899999999997
0.2412906
0.27591940000000004
0.27198530000000004
0.2983527999999999
0.2689991
0.3129247000000001
0.3378354
0.3129178
0.2806274
0.28897459999999997
0.2863198
0.24680600000000005
0.26292200000000004
0.2270947
0.2047213
0.1775309
0.18282920000000005
0.2390414
0.26401620000000003
0.24359210000000006
0.2380038
0.298962
0.29047140000000005
0.34921240000000003
0.356381
0.3531690000000001
0.29661
0.306028
0.332669
0.357732
0.303661
0.33950199999999997
0.295901
0.3317910000000001
0.209021
0.21093199999999995
0.242894
0.289914
0.295914
0.3157150000000001
0.2781592
0.28609870000000004
0.3109507
0.3285248
0.2988541
0.3074889
0.31218899999999994
0.311944
0.3357390000000001
0.304693
0.296493
0.28657699999999997
0.288929
0.289144
0.284547
0.261942
0.30141700000000005
0.26878
0.31420800000000004
0.302596
0.34870100000000004
0.346269
0.285354
0.27238100000000004
0.25791200000000003
0.27731100000000003
0.31566900000000003
0.300952
0.29793000000000003
0.327879
0.32843199999999995
0.30999200000000005
0.307552
0.29379700000000003
0.293858
0.260305
0.27456200000000003
0.35629
0.3342040000000001
0.259303
0.377233
0.286374
0.270652
0.2286959
0.217617
0.22998379999999996
0.2527719
0.214116
0.31130270000000004
0.2452146000000001
0.25552240000000004
0.2705254
0.2147365
0.25633890000000004
0.2551254
0.2392625
0.2371406
0.2716623
0.2916218
0.30484140000000004
0.2508042
0.25651349999999995
0.2287431000000001
0.25977019999999995
0.2403031
0.3147499
0.3542101
0.340266
0.286566
0.375732
0.33287
0.32513800000000004
0.32808400000000004
0.32364600000000004
0.30112500000000003
0.265554
0.288464
0.304727
0.290589
0.2041423
0.271467
0.279803
0.315996
0.294381
0.342001
0.27774560000000004
0.2958446
0.27684450000000005
0.331853
0.3780474
0.3576843
0.3574527
0.257533
0.26216209999999995
0.27622490000000005
0.22826
0.2442157
0.29599240000000004
0.3138611
0.301605
0.301607
0.236301
0.273189
0.284913
0.2715360000000001
0.294186
0.31153000000000003
0.303267
0.24999900000000005
0.230643
0.192664
0.201242
0.208851
0.226831
0.257903
0.273731
0.269299
0.293219
0.330789
0.28182
0.34897100000000003
0.38906276
0.39513285
0.38523427
0.38731796
0.30290401
0.29166105000000003
0.2835491
0.33145696
0.27206350999999995
0.36115401
0.34110801
0.3196891000000001
0.32226730000000003
0.29850135
0.29466001
0.24851910000000002
0.29724615
0.34158005
0.38391501
0.39007596
0.39126582
0.38177005
0.33038087
0.37839682
0.38832982
0.33923487
0.37879987
0.40467496
0.28844709999999996
0.36117315
0.33223705000000003
0.35718905
0.3139411
0.3670811
0.3231551
0.31635009999999997
0.32523005000000005
0.35817509999999997
0.31641605
0.28789505
0.33493501000000003
0.3363191
0.23617315000000005
0.36234596
0.29695992
0.23989596
0.22668596
0.26081187
0.28192892
0.27441692
0.28415292
0.24381615
0.3318011
0.40520796
0.34721996000000005
0.37410592
0.33108395999999995
0.28839796
0.29800809999999994
0.33132901
0.31715905000000005
0.32681101
0.34113696000000004
0.31048305000000004
0.38612301
0.30002901
0.3163389600000001
0.31088796
0.24669901
0.27657709999999996
0.3734071
0.2034731
0.28396446
0.34369096
0.25171555
0.2259801
0.22144919
0.23101705
0.29244605
0.29436282199999997
0.30050805
0.28478791000000003
0.2893879600000001
0.37964492
0.27776395000000004
0.25507587
0.30396676
0.25434401
0.33217332
0.4481560699999999
0.47581431
0.47710491
0.47722455
0.4773804500000001
0.3267323
0.3616170500000001
0.40723996
0.3161820100000001
0.32692115
0.29716474000000004
0.3190331000000001
0.31169705000000003
0.34280601
0.32757092000000004
0.30784396
0.30272892
0.28128001
0.2560211
0.27571401
0.2485821000000001
0.27700005
0.26963501
0.27061101
0.26909378
0.33276468000000003
0.28816087
0.26955601
0.24423809999999999
0.27360401
0.26505805
0.23434225
0.24772191
0.2452201
0.22471734
0.24864715
0.24544410000000003
0.25832501
0.24170315
0.26050805000000005
0.20208701
0.37036687
0.26401282000000004
0.28718868
0.31559187000000005
0.24953292
0.30211997
0.2764119600000001
0.33250596
0.36781396
0.39860082
0.38267996
0.4169858200000001
0.28538500999999994
0.23624987
0.20957192
0.32963082
0.24759205
0.26262696
0.26867301
0.29909692
0.23842287
0.21241001
0.236792822
0.21716001
0.27135396
0.28335296
0.26997796
0.2402156
0.25991300999999994
0.24558816
0.26510822
0.30602457
0.26874805
0.27233782
0.25960692
0.22412892
0.26993892
0.25704866000000004
0.27359835
0.30172315000000005
0.29371196
0.29673306
0.35054467999999994
0.33444277
0.32861587
0.33494618000000004
0.21739286
0.20408891
0.20448041
0.23119435
0.1987445
0.22357712
0.19743486
0.24278915
0.29007711
0.28862996
0.32189405
0.26053867
0.29816202
0.28746657
0.37331528
0.32137158
0.37215482
0.31499091
0.33185006
0.29520032
0.2459455200000001
0.27408105
0.18940941
0.20373586
0.19881416
0.27101286
0.26437811
0.29230922
0.26836841
0.24456245000000004
0.24315035
0.26364942
0.25590822
0.29913616000000004
0.32442516
0.41311582
0.34789081999999993
0.39046882
0.22676705
0.2714000500000001
0.1851041
0.20119901000000004
0.19248201
0.22647192000000005
0.29099805
0.30390705
0.31345001
0.31796701
0.24288560000000006
0.35625636
0.34089212
0.3367185600000001
0.31731801000000004
0.34983892000000005
0.37549001
0.33786205
0.33032496
0.30864101
0.29847305
0.23309805
0.26161400999999995
0.27191001
0.34233896
0.37020182
0.42357078
0.33055187
0.37444992
0.3904219600000001
0.35827001
0.39669882
0.29309305
0.26859205
0.26535485000000003
0.24619575
0.2550655
0.25273705
0.29240282
0.29930787
0.26154827
0.21570731000000004
0.22170186
0.20730635
0.23966906
0.31486771
0.28603035000000004
0.30498891
0.31028416000000003
0.25069061
0.25877266000000004
0.26778820000000003
0.264999
0.28234411
0.3060453200000001
0.21148181
0.19890192
0.35369228
0.40453552
0.28492997
0.20110751
0.19456181
0.19643375
0.16009155000000005
0.12599591000000002
0.15141955000000004
0.1540451
0.1955434
0.21721095
0.2414845200000001
0.25035956000000004
0.25148166000000005
0.22618471
0.2181047
0.29250390000000004
0.30409980000000003
0.30105820000000005
0.309158
0.24890199999999998
0.2461808
0.2835736
0.2997326
0.3307036
0.2811998000000001
0.2589831
0.19408470000000003
0.1923561
0.1922987
0.1966603
0.189901
0.20685050000000002
0.2654085
0.28506459999999995
0.3754424000000001
0.38400609999999996
0.2903226
0.35009309999999993
0.2939921
0.2521515
0.19327750000000002
0.19830560000000005
0.20729570000000003
0.31958070000000005
0.32230390000000003
0.3137448
0.22618890000000005
0.2268431
0.2111339
0.2134219
0.248214
0.18744639999999999
0.1937441
0.2101355
0.19709140000000008
0.28427909999999995
0.252746
0.22573390000000004
0.3796124
0.4051319
0.2556735
0.2713238
0.271637
0.26867810000000003
0.2446503
0.2250548
0.2143824
0.2304231
0.2356906
0.2674536
0.2365055
0.2328696
0.1935536
0.2408027
0.2313547
0.2798901
0.26455120000000004
0.2554408
0.26496820000000004
0.25567510000000004
0.2469026
0.2591024
0.26203730000000003
0.2699692
0.2656893
0.2482745
0.25982950000000005
0.2483595
0.24754050000000002
0.25090450000000003
0.2483779
0.31062540000000005
0.2930212
0.2489756
0.2607315
0.35530300000000004
0.28613550000000004
0.2823214000000001
0.2711225
0.30259860000000005
0.2674982
0.2657879
0.2483895
0.31100140000000004
0.2662673
0.2456183
0.3766113
0.2616086
0.2648716
0.39748890000000003
0.4403334
0.4381914000000001
0.4588617
0.4148242999999999
0.2797027
0.23209899999999997
0.25007899999999994
0.26970000000000005
0.244745
0.35135700000000003
0.407846
0.390349
0.4152440000000001
0.357697
0.361817
0.34270900000000004
0.353569
0.359374
0.3472060000000001
0.33388
0.35619899999999993
0.26745599999999997
0.266777
0.273297
0.361959
0.330934
0.346156
0.350495
0.298083
0.29396599999999995
0.2969620000000001
0.27971499999999994
0.2885991
0.275687
0.194009
0.182501
0.223398
0.258347
0.224596
0.23195
0.22468
0.213456
0.24924200000000002
0.26204900000000003
0.2332930000000001
0.221261
0.21956
0.220683
0.240984
0.23825
0.227704
0.210748
0.220461
0.22942
0.30187
0.262911
0.30876
0.26122300000000004
0.290835
0.25752200000000003
0.310882
0.29256000000000004
0.299645
0.294634
0.31374499999999994
0.4295640000000001
0.410953
0.369562
0.30921800000000005
0.320566
0.276496
0.26362199999999997
0.264692
0.263808
0.28404
0.233289
0.24654
0.295872
0.29530500000000004
0.297538
0.313025
0.260172
0.306989
0.344938
0.328511
0.313885
0.33270900000000003
0.261858
0.302971
0.30199299999999996
0.31354
0.31442200000000003
0.324063
0.26515
0.26831900000000003
0.26709700000000003
0.318869
0.220768
0.204857
0.258537
0.238566
0.21104500000000004
0.202898
0.22416399999999997
0.208627
0.204456
0.225141
0.196057
0.1971023
0.217459
0.19246
0.31439
0.307973
0.309016
0.27303
0.25913
0.31346799999999997
0.261681
0.32415
0.316898
0.318022
0.333
0.33365799999999995
0.317418
0.326704
0.33181900000000003
0.25911
0.24107
0.32593300000000003
0.3124830000000001
0.313399
0.319211
0.29897199999999996
0.31012900000000004
0.30893799999999993
0.321123
0.318049
0.283912
0.34098100000000003
0.280743
0.246592
0.289841
0.255623
0.28041600000000005
0.25760700000000003
0.24087199999999998
0.202992
0.182874
0.222171
0.236618
0.236373
0.21750300000000009
0.211999
0.211072
0.21643400000000002
0.216937
0.213225
0.2099416
0.1956573
0.221209
0.211065
0.210909
0.2443430000000001
0.225281
0.218098
0.219857
0.25734
0.244232
0.257018
0.243939
0.23909
0.1476037
0.18287270000000005
0.21285900000000002
0.237719
0.2352980000000001
0.218041
0.204824
0.23369499999999999
0.23278400000000002
0.220839
0.246571
0.2424718
0.2267623000000001
0.2394028
0.2053556
0.1897767
0.21441900000000005
0.197857
0.215692
0.204477
0.209432
0.20937900000000004
0.234809
0.24883000000000002
0.271779
0.16206900000000002
0.3022400000000001
0.254317
0.21759099999999995
0.1981556
0.2152583
0.1196004
0.17205440000000002
0.1784124
0.16220189999999998
0.16548430000000006
0.1320944
0.15779189999999998
0.19820510000000002
0.172941
0.1880711
0.1907192
0.1961282
0.16798539999999998
0.13003479999999998
0.1693192
0.15017039999999998
0.1305864
0.1394529
0.1472783
0.1302152
0.16650520000000002
0.1864991
0.1834082
0.18010410000000002
0.1820473
0.1829251
0.15441300000000002
0.1505408
0.15067700000000006
0.14220020000000005
0.1498014
0.16721070000000002
0.167508
0.1531463
0.13321709999999998
0.1776973
0.19152220000000006
0.2103762
0.2049261
0.18810520000000008
0.23889520000000006
0.1659723
0.16697040000000002
0.16731229999999994
0.137141
0.1784959
0.16004720000000006
0.2035822
0.2130072
0.21573710000000001
0.232161
0.2452542
0.2359879000000001
0.2553711
0.34532690000000005
0.188139
0.155342
0.17919610000000002
0.2303310000000001
0.08237230000000001
0.10011639999999998
0.08613459999999999
0.24150929999999998
0.1659503
0.2053962
0.10995839999999998
0.10187410000000002
0.12528030000000004
0.1185622
0.1115194
0.07545039999999999
0.10924789999999998
0.06639989999999997
0.2670327
0.3269067
0.0682323
0.08809310000000001
0.08765709999999997
0.1411481
0.189281
0.12130209999999995
0.11777830000000003
0.0784762
0.08780870000000003
0.1178206
0.0908901
0.1091257
0.10779069999999998
0.15010429999999994
0.1004955
0.0804432
0.0966409
0.1416209
0.1302673
0.1520112
0.1626082
0.1129263
0.1141609
0.1125942
0.1180425
0.0940146
0.14197549999999998
0.13990410000000006
0.12642929999999994
0.09788089999999998
0.0903634
0.1466191
0.1494832
0.14957620000000002
0.17802099999999998
0.1030609
0.09677039999999999
0.08711999999999999
0.08780209999999998
0.13586259999999994
0.1095431
0.1454184
0.1410285
0.1995391
0.13102819999999998
0.14350820000000006
0.1812073
0.1466575
0.1759154
0.1864683000000001
0.1325363
0.14632569999999998
0.1577624
0.14448260000000002
0.13898470000000002
0.1654635
0.1407461
0.1819692
0.15725830000000002
0.18389610000000006
0.2039511
0.11633630000000005
0.1696324
0.14687260000000002
0.1406069
0.1542473
0.1426944
0.13590249999999998
0.1591362
0.15858570000000002
0.1961924
0.18144540000000006
0.1552872
0.2022561
0.11342329999999999
0.1813403
0.2034533
0.1309278
0.13250009999999998
0.14809489999999995
0.14117220000000005
0.1403584
0.17615640000000002
0.1883943
0.1540137
0.14880410000000002
0.17772430000000006
0.1708174
0.1534144
0.15696909999999994
0.12463289999999999
0.16116629999999998
0.13147759999999994
0.15349110000000002
0.1363241
0.13278220000000002
0.1102823
0.08725360000000001
0.1235437
0.1054599
0.1230126
0.1414819
0.1686661
0.1093829
0.152565
0.15054800000000002
0.1780533
0.17789100000000002
0.132719
0.13410899999999998
0.0956719
0.13090799999999994
0.16050799999999998
0.12791700000000006
0.14748100000000006
0.163007
0.125244
0.15141300000000002
0.180093
0.15874979999999994
0.166101
0.108725
0.16856300000000002
0.17443699999999998
0.147222
0.18772
0.204256
0.149143
0.160408
0.1367205
0.11948709999999994
0.12956289999999998
0.0913917
0.12316989999999997
0.0906324
0.0904062
0.135683
0.340183
0.200692
0.204587
0.12638599999999994
0.1059979
0.1065256
0.08344700000000001
0.296511
0.24881399999999998
0.228138
0.26415700000000003
0.19611800000000007
0.230365
0.27345200000000003
0.18461600000000009
0.24512
0.193998
0.2151180000000001
0.230635
0.224153
0.181923
0.27243100000000003
0.15508
0.28741
0.28747300000000003
0.288345
0.28356000000000003
0.25069654
0.23491359
0.25619659
0.28737873
0.27149882000000003
0.19541987
0.15554887
0.20522287
0.26690378000000003
0.21682678
0.34513364
0.35032559
0.27230872999999994
0.2189619200000001
0.14537887
0.18450182
0.18332687
0.23924887
0.23008687
0.25362578
0.17854478
0.21814473
0.24149568
0.26733678000000005
0.25727678
0.24908787
0.22786682000000005
0.26059678
0.24000678
0.22204278
0.23310064
0.2345726800000001
0.24102678
0.21375382
0.26301673
0.30018382000000005
0.23806482
0.21331373000000006
0.18308178
0.13429173
0.14723373
0.13948482
0.21114178
0.2389517800000001
0.27468067999999995
0.16038067999999994
0.15379064
0.24919573
0.22346982
0.16273382
0.21507868
0.38319564
0.16038768000000006
0.17381372999999994
0.19035468
0.20827168
0.23067659
0.16808358999999998
0.21564668
0.19321864
0.12835668
0.10780164000000003
0.13116708
0.09757212
0.10682273
0.09665258
0.10539152000000004
0.12202582
0.10109601
0.10212862000000003
0.15314487000000002
0.09214617
0.16131178
0.07962802000000001
0.12097442
0.10486587
0.11037687
0.11429781999999998
0.11115682000000003
0.08878382
0.16091135999999998
0.13760746999999998
0.13466466
0.20210273
0.20742173
0.18042868
0.16397182
0.10129942
0.19354578
0.20681373
0.21175673
0.16775873
0.20510073
0.08290237999999997
0.14216478
0.16828382
0.13755162
0.12779222
0.14412396
0.15663272
0.16770486999999998
0.17792486999999998
0.11459887
0.17544782
0.16276087
0.21126978
0.12457478
0.13313282
0.15210872
0.18102087
0.16329187
0.20800982
0.15029982
0.16063692
0.14659537
0.15441257
0.13940972
0.16723887
0.17590478000000004
0.12300778
0.19670473
0.16879477999999998
0.12161292
0.15894187
0.16417068
0.18217787
0.16126587
0.12487086
0.15438167
0.12022886
0.13220192
0.16321357
0.19508073
0.18594378
0.16048577999999994
0.14993473
0.12712083000000002
0.23332738
0.24188552
0.18381483
0.34069758
0.36612427
0.38351852
0.30279572
0.10453763
0.13921382000000002
0.17304032000000005
0.14528683
0.22857723
0.38910968
0.47131662
0.47159657
0.43540142
0.47378192
0.26293412000000005
0.35769498
0.35644307
0.33243887
0.30849512
0.31650127
0.33157062
0.33154583
0.32664143
0.37923563
0.38609948
0.38016559
0.35654858
0.37758808
0.35757368
0.35976867999999995
0.32123106999999995
0.33292587
0.36141673
0.36594143
0.34194078
0.35787877999999995
0.34488282
0.39348982
0.42978087
0.40616587
0.41764282
0.3988942199999999
0.38587552
0.40646747
0.38943762
0.39467667
0.37164257
0.42377242
0.43206287
0.45540082
0.42935382
0.42768987
0.43656382
0.36603282
0.4202618699999999
0.41822782
0.40286587
0.40403782
0.40960487
0.24049482
0.26838132000000003
0.24030287
0.22600582
0.23310582
0.32941878
0.29938982000000003
0.28384072
0.23213812
0.23713622
0.27751847
0.30167942
0.24861697
0.15674092
0.19809678
0.28613078000000003
0.32282068
0.32985932
0.29782873
0.25047368000000003
0.29423603
0.22166288
0.22629927
0.21353852
0.17258852
0.16776486999999998
0.22283892
0.22185298
0.26837248
0.26745978
0.24174672000000005
0.23864332
0.24974998
0.27687888
0.22325103
0.22568117999999995
0.16999987999999994
0.19732232
0.22630872
0.18651342
0.22258744
0.23097928
0.18340142
0.18053672
0.16216432
0.15404272
0.17971181999999994
0.22193973
0.20773987
0.24392687
0.17034782
0.16758187000000002
0.15900482
0.23694282000000005
0.19942773
0.14498478
0.19268273
0.22440564
0.16427678
0.18785378
0.21496368
0.22503368
0.18873873
0.14798377999999995
0.23141482
0.29105478
0.30427673
0.23596578
0.30658768
0.28462473000000005
0.24249078
0.23235173
0.28240978
0.24441268
0.26368168000000003
0.24971768
0.26563672999999993
0.30513278
0.28827968000000004
0.28440173
0.29967264000000005
0.31482468
0.09851982
0.23180678
0.21790273
0.27272772999999995
0.24803873
0.14260773
0.20683278
0.12342273
0.21508268
0.20619964
0.27500564
0.32112864
0.31242773
0.32772673
0.30235573
0.26421073
0.28759068
0.30060650000000005
0.32206768
0.26555973
0.17814178000000006
0.18241378
0.22299768
0.29335764
0.19167368
0.29116178
0.28284264
0.20828673
0.19617068
0.23427778
0.22152368
0.22551978
0.21431768
0.15723173
0.27917464000000003
0.18916273
0.24560973
0.23376964
0.29206958999999993
0.31327868
0.23425673
0.20500468
0.17060672999999998
0.20093582
0.13669542
0.16847795999999998
0.15382681999999998
0.16715292000000004
0.15217786
0.14377487
0.13626187
0.17637577999999998
0.20924250000000005
0.27419541
0.27224859
0.24843673
0.22314878
0.21409673
0.20976478
0.20749378
0.17018182
0.18104278
0.15950778
0.19264229
0.19098928
0.16491975000000006
0.19019533
0.23739618
0.22615428
0.20249263
0.19275778
0.21117838
0.20655763
0.15547682
0.13975977999999994
0.11669828899999996
0.114978896
0.26760640900000005
0.251536499
0.267693799
0.261075749
0.260503499
0.35560244900000004
0.33571144900000005
0.333307499
0.343482449
0.316200409
0.33836840900000004
0.311727409
0.329021449
0.319686449
0.361309409
0.32157678
0.34316578000000003
0.33099868
0.32580648
0.33323713
0.35211318
0.32887628
0.31523028
0.32985073
0.32746403
0.34617474000000004
0.33812172999999995
0.40576758
0.40664103
0.39433423
0.39639673
0.40439978
0.4087767299999999
0.39314828
0.40739062
0.38983158
0.39425342
0.40935848
0.46370912
0.46994972
0.35711577
0.24997764
0.18636003
0.17569368
0.29502097999999993
0.32400317999999995
0.36332518
0.31962983
0.34620754
0.28978798
0.26900103
0.17365563
0.18617248
0.18379123
0.13810662
0.19429568
0.36597571
0.4312737600000001
0.40974005
0.38012888
0.46349833
0.47033128
0.45287358
0.46942788
0.43476282
0.32167178
0.32203408
0.33045488
0.34264734
0.35183954
0.31105173
0.33271074
0.30579563
0.34797573000000004
0.37233124
0.35299988
0.32341253000000003
0.31951328
0.32260213000000004
0.33594718
0.34740398
0.13920182
0.13474978
0.27118778
0.23702268
0.29526568000000003
0.23805078
0.24148873
0.25917073
0.25305973
0.21472982
0.22803978
0.20536587
0.23433882
0.25231578
0.36101178
0.3808167800000001
0.32489273
0.38632068
0.30572568
0.30699668
0.32443964000000003
0.35331264
0.32253078
0.34604878
0.31857378
0.33242082
0.33124782
0.33929573
0.42234378
0.46306673
0.47583273
0.4749757299999999
0.39355268
0.32949568
0.31475868
0.40500564
0.32253473
0.15864873000000002
0.3926467300000001
0.40727273
0.44483073
0.44778573
0.45114768
0.45883359
0.46619154
0.45065864
0.44797068
0.44794968
0.43783668
0.44507968
0.44975168
0.44811664
0.44698968
0.43150973
0.44876368
0.44930373
0.45170473
0.45558864
0.4557316399999999
0.44668964
0.44975368
0.44924668
0.45132764
0.45046868
0.44782764
0.45484973
0.44469973
0.44937573
0.45145473
0.35969673
0.38615268
0.43779664
0.43751164
0.42894478
0.43302173
0.43798773
0.37104373
0.46340478
0.46247573
0.46399578
0.46968773
0.45192073
0.44596168
0.44786573
0.45258368
0.38032868
0.37637364
0.44330259
0.45069059
0.4407606399999999
0.4146036400000001
0.40818673
0.42820464
0.41526564
0.4102046799999999
0.40651668
0.37754964
0.37679173
0.37446973
0.38338378
0.37224882
0.36562573
0.37762273
0.37960478
0.38008073
0.38181078
0.36695078
0.3787657800000001
0.39186273
0.37135378
0.38274073
0.38739473
0.41806068
0.38364668
0.4008717300000001
0.37669873
0.42201068
0.41741873
0.38610773
0.4246156800000001
0.43653859
0.42334078
0.41785668
0.40544873
0.38750564
0.38128973
0.39346564
0.39948273
0.39239773
0.42995468
0.43622078
0.42497178
0.42165168
0.42125673
0.43372073
0.43226378
0.4469926799999999
0.42260968
0.24967982
0.34474278
0.27289478
0.19283978
0.20641978
0.20405373000000004
0.20739078
0.20511078
0.19354273
0.27177078
0.26859578
0.25352073
0.32351572999999995
0.28437582
0.17891373
0.18966478
0.17474067999999998
0.22842778
0.23778178
0.21208578000000008
0.23011764
0.22779173
0.27642073
0.21730478
0.17651377999999998
0.17736373000000002
0.28609964
0.25965459
0.24520573
0.22156373
0.22990164
0.23580073
0.25576868
0.23468577999999995
0.22122968
0.23813268
0.21861168
0.21924464
0.26209964
0.26562864
0.22195873
0.20740664
0.23457073
0.26776168
0.17641378
0.19628478
0.20766273
0.24148578
0.18122782
0.21230378
0.18017873
0.25444964
0.26641468
0.22676178
0.22823173
0.2269377300000001
0.24936473
0.18444473
0.21758673
0.22003973
0.25844064
0.22877544
0.17411273000000002
0.18284078
0.20933468
0.17055573
0.14026863999999994
0.22689368
0.20355959
0.25683959
0.2934075
0.23768254
0.18600759
0.21174259
0.23413673
0.27271053999999995
0.25288459
0.32094454
0.21810768
0.29547354000000003
0.12815864
0.13231954
0.10482098
0.13005708
0.15498264
0.23029264
0.3089219
0.25092081
0.19542905
0.22973414
0.25895819000000003
0.20267433999999995
0.19648528
0.17074133000000002
0.19075033
0.19983943
0.21841234
0.14950733
0.24879919
0.29961214
0.22731009
0.25325724000000005
0.24269689
0.22634438
0.24815228
0.22880438
0.23683319
0.18537334
0.24651714
0.17139324
0.17188714
0.16452793999999996
0.13737024
0.16138524000000004
0.17140724
0.17406123999999998
0.13267424
0.17856604
0.14105599
0.16346989000000006
0.17122419
0.16327303999999998
0.18817509
0.23216789000000004
0.24718704
0.22123994
0.16482318
0.10747143
0.12239804
0.17777748
0.19067327
0.35588217
0.31781587
0.22984962
0.12625048
0.18466398
0.18398514
0.16976369
0.12374009
0.15869693999999998
0.18679414000000005
0.17345318999999998
0.29297099
0.30952614
0.27320224
0.23832099
0.23078314
0.29781119
0.27718804
0.27079694
0.28354614
0.18641708
0.12666033
0.12050323999999996
0.11146778
0.10073622999999997
0.11125253000000004
0.15844357999999995
0.12317993
0.11387847999999998
0.11172234
0.13139014
0.16516444
0.13151353
0.12682538
0.14180233
0.11418453
0.12685338
0.15548234
0.08343897
0.10163303
0.21661424
0.14360822999999998
0.09423562
0.11133068
0.13565833
0.12945352999999998
0.12975462999999998
0.15328334
0.12698947999999996
0.15885118999999998
0.14356133
0.10973866999999997
0.19225738
0.09149192
0.09451312
0.21980038
0.22604773
0.25287603000000003
0.13115628
0.13921043
0.12730743
0.13414042999999998
0.09605322
0.16013358000000005
0.09248302
0.15531387
0.16363252
0.10001825999999996
0.09931790999999998
0.11687552
0.09404952
0.11020137
0.11978052
0.12317262
0.12583052
0.12599269
0.08941191999999999
0.12951142000000002
0.07017791999999999
0.10277383
0.18298938
0.15413042999999998
0.20483662
0.26871532
0.29671667999999995
0.29517578
0.25211368
0.22768373
0.16652123000000002
0.18118397
0.25614468
0.10897592000000003
0.16724767
0.12183916
0.10992201
0.11688215999999994
0.11259987
0.12696412
0.12673996999999998
0.11554802
0.15024013
0.11805127
0.11415258
0.13638403000000002
0.28732173999999994
0.19631888000000008
0.11310457
0.25884658
0.36346154
0.32637064
0.33817573
0.23211454
0.31412618
0.32993168
0.31524853
0.24126918
0.23642582
0.26999868
0.23594578
0.32503957999999994
0.32100062
0.37215728
0.32159838
0.29728918000000004
0.22038092
0.36482238
0.27911282
0.34719153
0.34340563
0.35149807999999994
0.35430453
0.24652892
0.26960302
0.26451312
0.21815268
0.2320620300000001
0.23795819
0.26419734
0.22292709
0.13611878000000002
0.26538803999999994
0.23905764
0.24010248
0.23998103
0.22703813
0.26268228
0.18822777
0.24916938
0.23348118
0.17811211999999998
0.27132348
0.27853658
0.25948802000000004
0.26359418
0.28029652999999993
0.27411174
0.28193798000000003
0.31744348
0.32607658
0.27327893
0.20110322
0.18418972
0.17574252
0.17678358
0.21160342
0.18604037
0.20227588
0.26784772999999995
0.20293392
0.2865360799999999
0.25670498
0.22250733
0.23220538
0.25895768
0.21479472
0.27333918
0.19092912
0.20623678
0.21784783
0.19460898
0.17168898
0.19061272999999995
0.14535777
0.20482553
0.18464462
0.25065158
0.23416993
0.28991668
0.26765309000000004
0.21985538
0.18860858
0.22810093
0.18046672
0.22842582
0.2271082200000001
0.25142681999999994
0.19180647
0.33567068
0.26402098
0.24851008
0.24475373
0.23990338000000005
0.23126423
0.25784032999999995
0.20392337000000008
0.15782537
0.14848732
0.15684781999999994
0.19064187
0.22258548
0.21761067
0.22898068
0.15222022000000002
0.28183358
0.23258643
0.21743693
0.19068123
0.23216113
0.22857378
0.15470757
0.22943273
0.17963063999999998
0.25461278
0.23472178
0.2740687299999999
0.25237108
0.28859773
0.24532578
0.29883668
0.25201768
0.30590373000000004
0.28085463999999993
0.34859059
0.27813463999999993
0.27898948
0.32369968
0.33550168
0.25854868
0.24539678
0.27349978
0.29969778
0.26312473000000003
0.23910773
0.29345068
0.22714068
0.30883864
0.23106059
0.32541259
0.2746796400000001
0.32691564
0.23830773
0.26588764
0.30428564
0.32287068
0.21533082
0.21400973
0.21050073
0.33156568000000003
0.29034743
0.38354568
0.20662798
0.31608224
0.28074727999999993
0.31832198
0.26633398
0.22927368
0.24854298
0.20870948
0.29010823
0.20046668
0.29626723
0.17474022
0.24939038
0.27362823000000003
0.28271083
0.27774468
0.25701843
0.27138898999999994
0.29134027999999995
0.32607758
0.20511768
0.22341693
0.20314542
0.26465454000000005
0.18397453
0.11394293
0.20975058
0.22087068
0.2750829
0.34673648
0.30984438000000003
0.28340613
0.23008668
0.19363888
0.17949818
0.33522682
0.26164587
0.16428587
0.14237278
0.26289483
0.24955738
0.29928279
0.3105416400000001
0.32067773
0.18959887
0.21272778
0.24183264
0.4450515399999999
0.34392954
0.3961175899999999
0.17628064
0.16859381999999998
0.18324264
0.2673557300000001
0.26696873
0.29802288
0.23448702
0.25931087
0.18302087
0.21414592
0.18537286999999994
0.18073233
0.16063834
0.20574418
0.1301103
0.0834256
0.0796159
0.1320317
0.10872470000000002
0.1016958
0.1304937
0.16659920000000006
0.15823659999999998
0.0953702
0.0320017
0.14899560000000006
0.2040013
0.10758119999999999
0.11517999999999998
0.17388750000000006
0.2040341
0.0012989000000000002
0.0001364
0.2311324
0.0537288
0.0014039000000000002
0.0336459
0.031749400000000004
0.14655659999999998
0.1449171
0.14530929999999995
0.1377078
0.1366686
0.1328277
0.13397820000000002
0.13282570000000002
0.1321207
0.1339286
0.13718010000000005
0.17752980000000002
0.13262720000000006
0.1335774
0.1859887
0.128752
0.137953
0.1886013
0.1389631
0.13950410000000002
0.1527233
0.0051270000000000005
0.0094251
0.0139947
0.0189701
0.0222671
0.022977200000000003
0.027168
0.0924142
0.030310900000000005
0.0280525
0.0387122
0.0275336
0.027482400000000004
0.1522572
0.0252196
0.054215700000000006
0.093291
0.0772733
0.0185798
0.017341299999999997
0.005737099999999999
0.117478
0.052504099999999984
0.04215
0.0090644
0.0082519
0.40732809999999997
0.4703085
0.4854895
0.0057347000000000006
0.48218500000000003
0.4839249000000001
0.4845804
0.48329880000000003
0.4779286
0.4796395000000001
0.4810476
0.4803754
0.4802928
0.4804385000000001
0.4794516
0.4805477
0.4793816
0.4818925
0.4810767
0.4665866
0.4774761
0.4777871
0.2176121
0.24909070000000005
0.13672030000000002
0.012840100000000002
0.1378549
0.188048
0.19639879999999998
0.1960921
0.1980029
0.13273610000000002
0.1325671
0.1350863
0.1367862
0.1942154
0.13632609999999998
0.1623181
0.17502720000000002
0.1753557
0.1666704
0.2265152
0.3744099
0.3874788
0.3542892
0.32149510000000003
0.33301390000000003
0.3045271
0.100137
0.050461800000000015
0.0549371
0.0450586
0.23810320000000001
0.2895886
0.032009
0.0467097
0.04366899999999999
0.46243500000000004
0.4833560000000001
0.0292601
0.4016116
0.4777192
0.482724
0.4814753
0.483288
0.48303999999999997
0.48251700000000003
0.478249
0.4800871
0.482576
0.4829636000000001
0.4819681
0.481947
0.481163
0.4828422000000001
0.4848544
0.4839133
0.4795153
0.4836731
0.4838541
0.4825249
0.4833444000000001
0.4012726
0.4813161
0.4840890000000001
0.4659177
0.4828595000000001
0.4826233
0.3924618
0.1973133
0.12339469999999995
0.0067557
0.06470930000000001
0.07299910000000001
0.0751031
0.0862176
0.08953839999999999
0.0803199
0.1022985
0.0935156
0.09524919999999999
0.0816279
0.0796157
0.0752409
0.0807035
0.08524870000000001
0.08199160000000001
0.0850204
0.08321469999999999
0.0766337
0.0149131
0.012973199999999995
0.1332904
0.1278087
0.1306604
0.12842830000000002
0.1866799
0.187029
0.1873789
0.1871662
0.1886635
0.187446
0.1870437
0.18397779999999997
0.1933133
0.1899856
0.18977220000000003
0.1930475
0.1910842
0.1841857
0.1881955
0.1845937
0.130129
0.073351
0.12029080000000003
0.1209194
0.1222037
0.1262732
0.123025
0.1248309
0.1194376
0.12628820000000002
0.09265
0.17579740000000002
0.1163795
0.1613243
0.0722555
0.06345039999999999
0.1154931
0.1258724
0.1154621
0.1154065
0.1238379
0.1199644
0.1042922
0.07507849999999999
0.07871729999999999
0.06935980000000001
0.07437080000000001
0.06528629999999999
0.0636275
0.1203534
0.0698105
0.1012483
0.1064024
0.0786878
0.07567869999999999
0.1107287
0.1155
0.11197639999999999
0.06802439999999997
0.032773000000000004
0.06005240000000001
0.1031966
0.0676544
0.07313309999999999
0.06458290000000001
0.0713297
0.07315959999999999
0.08239469999999999
0.0821933
0.07545700000000001
0.06983729999999999
0.0592433
0.07550970000000001
0.0235805
0.0792248
0.08271819999999999
0.06872289999999999
0.054988300000000004
0.0849223
0.2015948
0.2405793
0.13541599999999998
0.0970024
0.2154073
0.1344712
0.07418020000000003
0.0678975
0.14523760000000002
0.11569600000000001
0.1197836
0.1005605
0.06846970000000001
0.200262
0.281273
0.33556779999999997
0.2274276
0.030850799999999994
0.0202412
0.0237587
0.0224883
0.0290464
0.08577939999999999
0.059927
0.0207077
0.0280009
0.0262943
0.0228112
0.0049908999999999995
0.005072699999999999
0.0067163
0.0059972
0.0077115
0.0430195
0.0082167
0.005406899999999999
0.0104946
0.012206
0.2403245
0.2406673
0.23899770000000006
0.2348758
0.2426041
0.2420123
0.240223
0.00042060000000000003
0.006188600000000001
0.005768100000000001
0.053737700000000006
0.0290969
0.0613179
0.0539029
0.032218000000000004
0.0352077
0.0392226
0.017953599999999997
0.0247447
0.0335852
0.0052411
0.2483738
0.2161774
0.00018600000000000002
0.0001612
0.2096297
0.21914499999999998
0.15226900000000002
0.239706
0.239217
0.238227
0.226584
0.184896
0.321843
0.211948
0.142299
0.133046
0.238853
0.181943
0.23411
0.235581
0.235951
0.201457
0.16176500000000002
0.21838
0.223257
0.303749
0.250713
0.240252
0.222369
0.180926
0.202631
0.242961537
0.247754
0.15436121
0.11629
0.2419849537
0.24762699999999999
0.21249938
0.193522
0.159000907
0.259139
0.26445686100000004
0.236740861
0.25844
0.0223477
0.08599780000000001
0.09299723
0.1846683
0.3132699
0.1610084
0.14497739999999998
0.2651112
0.1390658
0.1405655
0.2497893
0.1472366
0.13873180000000002
0.13619
0.14642460000000002
0.1448546
0.13886479999999998
0.14216879999999998
0.1401848
0.1384349
0.13614790000000002
0.1350839
0.13495500000000002
0.132103
0.1300561
0.12998210000000002
0.128018
0.12775609999999998
0.1402829
0.14180879999999998
0.13854070000000002
0.154378
0.1527416
0.1493845
0.15427420000000006
0.1491545
0.15141229999999994
0.1399477
0.13371
0.1371378
0.15085539999999995
0.27426740000000005
0.1417997
0.1429497
0.1411557
0.13673960000000002
0.16906500000000002
0.140551
0.15975799999999998
0.17617
0.15516300000000002
0.141538
0.143733
0.141342
0.199784
0.20757
0.211827
0.194737
0.150098
0.14565799999999998
0.157107
0.15823700000000002
0.157385
0.148822
0.146557
0.137994
0.132462
0.132404
0.13845000000000002
0.142251
0.141711
0.135711
0.132098
0.132197
0.125425
0.132549
0.130939
0.29841100000000004
0.309044
0.27889899999999995
0.27591600000000005
0.249495
0.294511
0.240957
0.256601
0.230462
0.139852
0.150823
0.265502
0.13406699999999994
0.13921999999999998
0.13443600000000006
0.13103430000000002
0.13057180000000002
0.13104800000000005
0.1253879
0.1326682
0.14419939999999998
0.1643081
0.1594349
0.1548325
0.1501738
0.35051590000000005
0.3579414
0.3598411
0.2219942
0.159593
0.16126929999999998
0.16612380000000002
0.16044800000000006
0.160143
0.168235
0.17462999999999998
0.170806
0.16036
0.159426
0.14533629999999995
0.14437889999999998
0.14208240000000005
0.32815900000000003
0.406969
0.396339
0.381878
0.383993
0.346202
0.3474050000000001
0.352995
0.370028
0.193837
0.1626905
0.243281
0.207102
0.15423299999999998
0.156924
0.15374379999999999
0.15186
0.1563725
0.1508079
0.1432035
0.1467882
0.15218310000000002
0.2313688
0.1670929
0.1572213
0.1435849
0.14502969999999998
0.1514925
0.1508026
0.155802
0.14740899999999998
0.143206
0.146404
0.252288
0.299163
0.28790400000000005
0.27855100000000005
0.27154500000000004
0.297797
0.303285
0.28663299999999997
0.30558
0.251054
0.24839
0.270024
0.24647199999999997
0.24357600000000001
0.224273
0.215046
0.21728000000000006
0.224425
0.00156
0.005547999999999999
0.210666
0.217534
0.251269
0.228789
0.17545300000000005
0.14305
0.249927
0.24858
0.23738499999999998
0.097951
0.062177
0.083173
0.022737
0.110648
0.243087
0.304603
0.353733
0.354392
0.25007
0.345124
0.336779
0.33783
0.3445633
0.3415637
0.332416
0.351248
0.137406
0.297088
0.246439
0.000102
9.918e-05
0.0001001
0.0001087
0.0026317
0.019808900000000004
0.024342
0.027878
0.07409299999999999
0.08683400000000001
0.054449
0.014343
0.014481
0.015705
0.021055
0.23937994
0.299135
0.19549399
0.19428994
0.2022797600000001
0.30221664
0.32634682000000004
0.16803595999999998
0.01955833
0.02394133
0.02199038
0.03221438
0.021057380000000004
0.02028633
0.01665033
0.1732631
0.27819396
0.26307087
0.29613482
0.22162177
0.21416292
0.08304001
0.07796815
0.29225809999999997
0.10927219
0.11647124
0.08736324
0.07076533
0.01850012
0.01916247
0.03982833
0.02719133
0.08051724000000003
0.06455033
0.08181632999999999
0.05830433
0.04549033
0.03944033000000001
0.04455333
0.07913928999999999
0.05403224
0.07969529000000003
0.04643529
0.15813515
0.13938719
0.04832829
0.07128033
0.09104819
0.10562924
0.10694815
0.09516715
0.07992919
0.11289414999999994
0.058332240000000014
0.05895724
0.17723318999999998
0.25485029000000003
0.20484329
0.23823133
0.21129829
0.23152829000000005
0.25363824
0.25277924
0.25588915
0.25964215
0.25294924
0.21195619
0.21562519
0.21191101
0.2000431
0.1982751
0.2431621
0.12818510000000002
0.08042619000000001
0.10743824
0.12528319000000002
0.19917633
0.22155029
0.15466224
0.13511979000000002
0.14619658000000002
0.13593233000000002
0.08837829
0.11489837999999998
0.10533403
0.11369224
0.10626429
0.07889838
0.07955537999999998
0.08859933
0.0630641
0.06453619999999999
0.09203419000000004
0.10230019
0.03713956
0.00647
0.007191
0.0084729
0.008271299999999999
0.044377
0.11245710000000002
0.114741
0.112788
0.110161
0.116125
0.219155
0.216788
0.10284399
0.10363822
0.22318554
0.2317144200000001
0.24018138
0.24479729
0.25292624
0.41782019
0.37844519
0.38619615
0.43347315
0.42303715
0.4249191000000001
0.42302715
0.25019619
0.20188129
0.29780029
0.40604405
0.4185110500000001
0.37157105
0.41760005
0.37605296
0.4028251
0.38025819
0.13962
0.241991
0.31458800000000003
0.258147
0.241629
0.219175
0.209617
0.17728157
0.19448785
0.19764094
0.23228819
0.13404318999999998
0.19983115
0.1803041900000001
0.24226585
0.22961505
0.17739519
0.17549425
0.18042409
0.30199201000000003
0.22009009999999998
0.26733805
0.23654205
0.4239621000000001
0.31319709999999995
0.3324111
0.1392517
0.14253759
0.07780534
0.06691841999999999
0.08545300000000003
0.25120410000000004
0.1863649
0.1222877
0.25874080000000005
0.3033509
0.4143638000000001
0.23282404
0.27057324
0.30127364
0.30780174
0.07728323
0.18117532
0.07201182000000003
0.06530308000000001
0.07115353000000002
0.07305089
0.07694528999999997
0.18082799
0.08660759000000001
0.08504424000000001
0.18855119
0.17219339
0.18475424
0.17992674
0.18459574
0.18054924
0.18253224
0.18223249
0.2054404900000001
0.20596289
0.19911539
0.20178179
0.21434035
0.21964205
0.19796925
0.20850489
0.21500005
0.20044719000000005
0.23322045
0.22892795
0.24141385
0.33986009999999994
0.28416004999999994
0.25484705
0.25435801
0.19628805
0.1924481
0.19663319
0.18334405
0.23783505
0.23081805
0.23634305
0.23710205
0.2352091
0.22946501
0.22299305
0.21328900999999995
0.22189605
0.23448801
0.27473801
0.2082341
0.17671319
0.21168319
0.16665015
0.20661910000000006
0.20734115
0.19949155
0.1964071
0.2033821
0.22010701
0.22407201
0.21622096
0.22461592
0.21225096
0.2252869200000001
0.20572996
0.13409101
0.1114216
0.11777801
0.11028335
0.11419255
0.10446415
0.10808630000000001
0.1074384
0.14362275
0.14661425
0.14057779999999998
0.10927865
0.08337889
0.06388389
0.05984403
0.06274909
0.05832918
0.05872922000000001
0.05763547
0.05751632
0.05596837
0.05801968
0.17662193
0.17645983
0.17858483
0.17996803
0.17859768999999998
0.17972454000000002
0.08963084
0.07046439
0.07039759
0.07307114
0.06946454000000002
0.06236454
0.07749609000000003
0.07936875
0.0842408
0.08916245
0.08984775
0.07788549
0.07600204
0.07237524000000001
0.08203805
0.08409079000000001
0.09150655
0.08861925
0.08522435
0.13580559
0.13349675
0.12483839000000002
0.13267024
0.11851094
0.13665175
0.12253249
0.11270074
0.11480764
0.12838138999999998
0.11943509
0.10265739
0.14011625
0.10144435
0.16274771
0.16940761
0.16765400000000005
0.15616639999999998
0.14141768999999998
0.13220229
0.13797755
0.22910915
0.22112529
0.20134555
0.20630755
0.20675225
0.21189749
0.13446313999999998
0.13399743000000006
0.13306068999999998
0.1434758
0.17395285
0.24930210000000005
0.18661161
0.17353240999999994
0.14964449999999999
0.14997359999999998
0.14174861
0.15221529999999994
0.13142465
0.1363286
0.11461215
0.15826215
0.10085975
0.09072430000000001
0.11106775
0.09330475
0.08294904
0.06966253
0.07016593
0.06602287999999999
0.06658008
0.06596973
0.06446792999999999
0.06523658
0.06911773
0.06245603
0.08032719999999999
0.34411412
0.31549572
0.32959237
0.23809426
0.23327745000000005
0.16378620000000002
0.21151885
0.21338729
0.21694595000000005
0.21659975
0.21228735
0.20934449
0.17275815
0.17601364999999994
0.17465359000000005
0.17499589000000002
0.17271804000000004
0.17405614
0.17588194
0.1819505
0.18973369
0.18054809
0.17616929000000006
0.17787439
0.17863765
0.17782465
0.17871405
0.17418929
0.17133928999999998
0.17022454999999995
0.17295429
0.17118599
0.25572745
0.32012765
0.21171855
0.20806815
0.23346815
0.21001419
0.16255215
0.16177664000000005
0.16309844
0.17857640000000002
0.16804219
0.19161501000000009
0.34368812
0.39650502
0.2458669500000001
0.19528485000000004
0.18912601
0.18071519
0.18092219
0.19481524000000008
0.184308
0.180981
0.175064
0.27359900000000004
0.12039
0.11658199999999999
0.15771400000000002
0.15786
0.16149999999999998
0.17614999999999995
0.15406399999999998
0.14621099999999998
0.22071
0.25863400000000003
0.10508900000000002
0.243383
0.232037
0.270496
0.258669
0.29589
0.26997122
0.20936817
0.21353815
0.26479119
0.39373019
0.35793814999999995
0.45649719
0.4795171899999999
0.48289624
0.48237624
0.4828481499999999
0.4792591900000001
0.4827091900000001
0.48194315
0.47986215
0.481854
0.451109
0.1847699
0.13644408
0.18403005000000008
0.28326815
0.33586815000000003
0.32066705
0.4797071900000001
0.48114624
0.4757262399999999
0.43561519
0.33679115000000004
0.19311324
0.17936328999999998
0.19854529
0.17623533
0.18232329
0.23138615
0.31569815
0.30323524
0.20876819
0.205312
0.204126
0.14952680000000002
0.25914613
0.26723427000000005
0.26762033
0.26613642000000004
0.26627333000000003
0.21502338
0.21783433
0.21495733
0.21203233
0.18232129
0.16684129
0.17501433
0.24655624
0.17589629
0.17604133
0.14604137999999994
0.18760433
0.26243719
0.34249219
0.31421719000000004
0.32802624
0.28544529
0.32619719
0.32471224
0.34339319
0.34165124
0.33838024
0.33421719
0.33641419
0.33269324
0.33527224
0.33169115
0.32815024
0.33408523999999995
0.33395814999999995
0.3319021
0.3731781499999999
0.3687970999999999
0.36028919
0.33363519
0.38773815
0.38734219
0.38582815
0.32189815
0.38128515
0.36912815
0.35358719
0.38820815
0.3862491
0.3722951900000001
0.30081524000000004
0.30135424
0.29735529
0.36474719
0.34199815
0.37242719
0.30042524000000004
0.34226024
0.29787824
0.30064124000000003
0.30187015
0.30003115
0.29987419000000004
0.29876924000000005
0.29923619
0.29901319
0.2943071
0.29856819
0.29940115
0.29517219
0.32733519
0.14270929
0.08620842000000001
0.08842147
0.09034642
0.09335029
0.14859833
0.15335919
0.14010729
0.24662929
0.2479004900000001
0.37035619
0.28475524
0.2362821
0.3357991
0.33558705
0.35410205
0.34374910000000003
0.32077710000000004
0.3342130100000001
0.36459292
0.34867887
0.33355095999999995
0.33082692
0.27068010000000003
0.26851419
0.26232315
0.13094974
0.08146733
0.09044279
0.09695719
0.09927503
0.09775893
0.10232538
0.09677013
0.10396938
0.09392633
0.09549629
0.09373133
0.09166738
0.09471838
0.2811901900000001
0.28307624000000003
0.28667629
0.29049319
0.28972424
0.28753319
0.2888461900000001
0.29009419
0.28735224000000004
0.29028215
0.3184311
0.29875118999999994
0.28722024
0.29094215
0.29003815
0.28018624000000003
0.27390719
0.17715114999999998
0.22134600999999995
0.19826901
0.15717801
0.17337196000000002
0.19522701
0.19744401
0.16811905000000002
0.13201015
0.15249715000000005
0.12179715
0.17109015000000002
0.15762719000000006
0.14403819
0.16988319000000002
0.30776805
0.14109709999999998
0.1688571
0.15395715
0.11331915
0.1574731
0.13771515
0.14286029
0.12902115
0.1123781
0.12392515
0.12999219
0.13159619
0.13168515
0.13145924
0.15176115
0.14669815
0.18310115
0.16228015
0.13349414999999998
0.13023619000000006
0.13302015
0.12394415
0.15253114999999998
0.14005415000000002
0.15000515
0.19005419
0.11125419
0.12560819
0.14398715
0.11281419
0.12146515
0.15138015
0.15642114999999998
0.13647419
0.11481219
0.12356024
0.13445205
0.16146109999999994
0.16090501
0.18610005
0.15740215
0.1779581
0.16192215
0.19045815
0.21734010000000006
0.1920271
0.24172205
0.19329615
0.16089705
0.16812610000000006
0.12805101
0.1845651
0.14083410000000002
0.1233231
0.13635614999999998
0.14512315
0.14133310000000002
0.25998015
0.26060799
0.15405339
0.21417939000000005
0.19155929
0.19013129
0.19707829
0.19336829
0.19572924
0.26472624
0.26652719
0.26727024
0.26686124
0.21181219
0.21267024
0.21744515
0.2401791
0.32396105000000003
0.3947226700000001
0.37416107
0.43178687
0.31722785
0.22387019
0.21956815
0.2334051
0.22217215
0.22367815
0.22040919
0.23306815
0.19995710000000003
0.19238615000000006
0.16805815
0.1808751
0.1937581
0.20120919000000004
0.20243415000000006
0.18486115
0.15888715
0.20588215000000004
0.19340415
0.16002015
0.18136319
0.18362624
0.18342319
0.20384315
0.16282529
0.18581719
0.16195215000000002
0.18987919
0.15681219000000005
0.16706619
0.15808119
0.17922719
0.17734019
0.17919915000000006
0.11139524
0.11877424000000004
0.13142719000000005
0.17401519
0.21932505
0.10368919
0.10561924
0.1146201
0.27750019
0.16950719
0.1727091
0.20083215
0.14160309999999998
0.12929005000000002
0.38885292
0.29964101000000004
0.14713619
0.11600719
0.2084991
0.13775815
0.28448292
0.2553341
0.2008471
0.20522110000000002
0.16780605
0.25469715
0.23284915
0.24723215
0.31713915
0.41650101
0.27654709999999993
0.387321
0.30186799999999997
0.258002
0.227878
0.16176500000000002
0.157653
0.16162
0.15793200000000002
0.16573680000000002
0.168737
0.171101
0.165269
0.17464200000000002
0.177618
0.18170799999999998
0.17615699999999998
0.204048
0.203583
0.179929
0.204684
0.215901
0.198058
0.221962
0.190821
0.185277
0.184335
0.146301
0.16621
0.152193
0.17269
0.180398
0.17364800000000002
0.189223
0.15273
0.166757
0.14968800000000002
0.201569
0.217716
0.204576
0.207187
0.219173
0.21824699999999997
0.1966413
0.203532
0.21740949999999998
0.220219
0.2338588
0.2102304
0.20901550000000002
0.210848
0.18448699999999998
0.187308
0.14888900000000002
0.16076210000000002
0.148121
0.15276389999999998
0.13772420000000002
0.1332731
0.1359963
0.1260718
0.15557610000000002
0.1301779
0.140017
0.13159719999999994
0.14625069999999998
0.13677699999999998
0.14595239999999998
0.257882
0.26493300000000003
0.281423
0.303437
0.21855
0.24057
0.239132
0.257387
0.245479
0.2446
0.25454299999999996
0.25800100000000004
0.266858
0.25879
0.261305
0.2101
0.205233
0.17276499999999995
0.16926300000000002
0.17478040000000006
0.168455
0.164819
0.160865
0.183142
0.21726300000000004
0.192946
0.2137568
0.20252799999999999
0.198703
0.208134
0.211431
0.15725899999999998
0.15626800000000002
0.15567599999999998
0.15199700000000002
0.151565
0.160538
0.17447000000000001
0.17213599999999998
0.202834
0.20162800000000008
0.195733
0.215468
0.356336
0.35321800000000003
0.357142
0.290845
0.26174000000000003
0.26504199999999994
0.224863
0.11873399999999999
0.188599
0.11733800000000001
0.16920200000000002
0.17031300000000002
0.16758800000000001
0.168812
0.219632
0.170645
0.17361
0.169982
0.168742
0.183247
0.161664
0.15550499999999998
0.15320699999999998
0.16808199999999998
0.21529
0.261326
0.216784
0.124312
0.011238
0.107819
0.14544
0.145749
0.14475000000000002
0.14569200000000002
0.190198
0.241621
0.26340779999999997
0.276727
0.15947767999999998
0.13872573
0.12719273
0.144074
0.26977700000000004
0.23011900000000002
0.213922
0.300583
0.316706
0.31972500000000004
0.331544
0.33278800000000003
0.28068200000000004
0.362011
0.363679
0.305377
0.370831
0.33233899999999994
0.30764400000000003
0.31032000000000004
0.38727
0.36430999999999997
0.315257
0.34482499999999994
0.2322
0.33216179999999995
0.33032690000000003
0.31807
0.34129000000000004
0.3892300000000001
0.39025
0.39264
0.3932000000000001
0.38606
0.3883200000000001
0.3926500000000001
0.39252
0.39276
0.39238
0.38935
0.38473
0.34116
0.32056
0.28926999999999997
0.21634
0.21681999999999998
0.25095
0.2355
0.24421
0.21465
0.27648
0.21026
0.35969
0.24732
0.20940100000000006
0.208548
0.21302
0.25542000000000004
0.27694
0.27964
0.42448
0.42641999999999997
0.38134
0.33679999999999993
0.35281
0.38824
0.2645730000000001
0.33625000000000005
0.42995
0.433
0.43265
0.42525
0.43445
0.42528
0.4272400000000001
0.32042
0.34048
0.30492
0.23975
0.19424
0.19904
0.2277
0.245792
0.27559
0.32552600000000004
0.28642929999999994
0.22535
0.242511
0.26233
0.304559
0.30706999999999995
0.30728
0.41974
0.337854
0.36292
0.3941963000000001
0.34362000000000004
0.34788899999999995
0.29895700000000003
0.33866999999999997
0.33388
0.37807
0.34223000000000003
0.3007
0.29840999999999995
0.29832000000000003
0.2949
0.35289000000000004
0.323428
0.278413
0.284102
0.28300000000000003
0.28257600000000005
0.144244
0.146668
0.1332615
0.136079
0.15371249999999995
0.2216837
0.23876260000000002
0.22409210000000002
0.2854745
0.26479810000000004
0.20141010000000004
0.131128
0.1275576
0.13519
0.19382
0.1863277
0.1869378
0.16275
0.133846
0.176056
0.155393
0.12506699999999998
0.138329
0.153309
0.174173
0.207517
0.15748800000000002
0.256251
0.15196110000000002
0.15261170000000002
0.1517785
0.1272441
0.07885930000000001
0.038771700000000006
0.13291080000000002
0.1433603
0.1430624
0.1267844
0.1343562
0.1538466
0.1487067
0.147591
0.11520999999999999
0.112349
0.116369
0.27925300000000003
0.120525
0.128728
0.14807900000000002
0.13734000000000002
0.139509
0.1805377
0.1506944
0.1519801
0.15695
0.135364
0.13759149999999998
0.0332967
9.059999999999999e-05
0.0003529
0.039339
0.310696
0.25140869999999993
0.2216734
0.09743580000000003
0.0472006
0.372419
0.411427
0.047695999999999995
0.055220000000000005
0.2355862
0.34051999999999993
0.42781
0.152763
0.245115
0.31299200000000005
0.38618040000000003
0.33097940000000003
0.34454080000000004
0.345596
0.39537
0.19402
0.209088
0.2776
0.1886919
0.2018903
0.20638
0.197186
0.223926
0.263896
0.273107
0.2568945
0.1903758
0.21731080000000005
0.1928794
0.1872257
0.25366940000000004
0.15855529999999998
0.12327010000000001
0.12635580000000002
0.1475817
0.13780340000000002
0.10016659999999998
0.0979599
0.0590112
0.0702612
0.04762859999999999
0.0623626
0.07373099999999999
0.050762
0.0375383
0.13083820000000002
0.06648710000000001
0.0357194
0.0637006
0.1072953
0.0489542
0.05042599999999999
0.1040831
0.04440499999999999
0.2153675
0.1741105
0.064613
0.0368796
0.0573979
0.0919958
0.0873835
0.1095053
0.1172551
0.14370429999999998
0.0716345
0.0641649
0.07188889999999999
0.09904149999999999
0.0340318
0.0241349
0.005113899999999999
0.0268846
0.0490012
0.07434969999999999
0.08976260000000001
0.08805260000000001
0.0998784
0.0466324
0.1007438
0.0302811
0.023469700000000003
0.013420699999999999
0.0071499
0.007841800000000001
0.011277700000000002
0.050215800000000005
0.0589753
0.0489745
0.0270894
0.0404455
0.07745300000000001
0.006350100000000001
0.117334
0.1020978
0.051537200000000005
0.0198325
0.0544523
0.0372097
0.0213253
0.0905211
0.12123889999999998
0.22364360000000005
0.1541639
0.12354769999999997
0.06825780000000001
0.10224760000000002
0.0820923
0.0872401
0.1893615
0.288866
0.1839516
0.2441135
0.2235194
0.29609149999999995
0.2721824
0.2165801
0.2007664
0.18557
0.3996012
0.2426175
0.1903204
0.20507609999999998
0.1853325
0.2042154
0.2395145
0.1720503
0.26033
0.23330749999999997
0.2521716
0.2274714
0.2340768
0.2495531000000001
0.2378213
0.2680453
0.044925099999999996
0.429302
0.2066199
0.2070209
0.1324009
0.1321565
0.1488619
0.13895510000000005
0.31388750000000004
0.2824975
0.1100036
0.17925850000000002
0.15179050000000005
0.09943880000000001
0.1089368
0.1189019
0.15538880000000002
0.11822
0.12655110000000006
0.1864026
0.1399461
0.1684556
0.17187729999999998
0.1875341
0.16984909999999998
0.2666137
0.2119295
0.2673512
0.282131
0.197168
0.218679
0.16584029999999994
0.244259
0.243012
0.152386
0.19561700000000004
0.190331
0.1219819
0.1109767
0.0950034
0.1203724
0.1366724
0.1989019
0.160684
0.200769
0.171658
0.100383
0.15391760000000002
0.11778729999999996
0.1965606
0.2019051
0.116839
0.1895809
0.15274949999999998
0.1792133
0.14009709999999995
0.205422
0.19196300000000002
0.247711
0.22349499999999997
0.17239000000000002
0.214502
0.19726400000000002
0.23746199999999998
0.242204
0.227805
0.253421
0.220779
0.244773
0.18129040000000005
0.16108599999999998
0.197475
0.158272
0.258427
0.23315200000000005
0.24787010000000004
0.2582839
0.232852
0.1722974
0.202253
0.22905510000000004
0.21238050000000008
0.1921613
0.15661000000000005
0.20716
0.17885
0.185144
0.109622
0.14014
0.184719
0.19259
0.20859
0.132359
0.10616800000000001
0.19581500000000002
0.101769
0.129371
0.12750799999999998
0.128374
0.13318000000000002
0.0514
0.12925
0.026294900000000003
0.08915100000000001
0.062166
0.048268000000000005
0.07958199999999999
0.12138599999999998
0.113775
0.08029700000000001
0.071681
0.219529
0.2040683
0.324061
0.199677
0.16197999999999999
0.29738400000000004
0.286615
0.3832100000000001
0.353294
0.27433899999999994
0.294293
0.332352
0.278777
0.27234800000000003
0.28117800000000004
0.323782
0.361858
0.32359
0.24243
0.35991
0.21432
0.2934
0.24126
0.30704000000000004
0.29111
0.352124
0.29962300000000003
0.311388
0.28608
0.331052
0.324973
0.30533000000000005
0.283202
0.30832000000000004
0.22270700000000002
0.35113940000000005
0.27413000000000004
0.238669
0.267535
0.30558
0.28895200000000004
0.28243
0.28602
0.08887400000000001
0.057881
0.08582699999999999
0.4295627
0.3465083
0.31609190000000004
0.24016260000000006
0.27708520000000003
0.4032458
0.4408734
0.40257
0.22188960000000002
0.2401786
0.2124465
0.1969982
0.1984243
0.21466010000000002
0.2216643
0.19621519999999995
0.196106
0.20896610000000002
0.2027336
0.17582170000000005
0.17807469999999995
0.24240599999999998
0.16224400000000005
0.189162
0.1743004
0.1882736
0.2181238
0.2929876
0.2849767
0.275482
0.2738665
0.303152
0.258373
0.199347
0.199241
0.189099
0.20695
0.220178
0.17742000000000002
0.22285
0.23917500000000005
0.2373181
0.21869110000000005
0.28091350000000004
0.2512928
0.2056098
0.2313379
0.2531678
0.18293190000000004
0.1758747
0.17677600000000002
0.21763200000000002
0.17898100000000006
0.192645
0.17553000000000002
0.25624899999999995
0.1280782
0.15289
0.20104670000000002
0.117927
0.15134419999999998
0.16444499999999998
0.244239
0.19498900000000002
0.264185
0.228394
0.32038999999999995
0.28827
0.35077099999999994
0.318518
0.349633
0.34714
0.35958
0.33876300000000004
0.327863
0.324293
0.322038
0.36536799999999997
0.3647780000000001
0.334704
0.341375
0.346519
0.364754
0.35316499999999995
0.317335
0.306269
0.32426999999999995
0.402996
0.39259
0.351852
0.323221
0.401586
0.4189560000000001
0.333162
0.299063
0.354014
0.38538
0.128755
0.144924
0.144152
0.096377
0.14814099999999994
0.208898
0.28389600000000004
0.26908400000000005
0.216924
0.217899
0.17681350000000004
0.21363220000000002
0.2049009
0.34111990000000003
0.2094443
0.13785
0.034570000000000004
0.04225
0.045375
0.019917800000000003
0.018943
0.045774
0.069826
0.016529000000000002
0.016064000000000002
0.024620000000000003
0.048792
0.085802
0.020289
0.014492099999999999
0.014679
0.065813
0.401282
0.121462
0.178898
0.021565
0.062584
0.07603399999999999
0.042207999999999996
0.265459
0.12950399999999998
0.117876
0.092716
0.184099
0.205042
0.32162500000000005
0.20458
0.26875
0.334278
0.307769
0.14747700000000002
0.149784
0.041042
0.157355
0.12701500000000002
0.1382
0.182887
0.22526100000000002
0.1884925
0.25905589999999995
0.2063714
0.3701981
0.1371828
0.055028499999999994
0.058174099999999986
0.05555699999999999
0.053189099999999996
0.018612
0.0688
0.014259999999999997
0.013984
0.015986999999999998
0.070074
0.017294999999999998
0.08411199999999999
0.0161222
0.08527400000000003
0.064277
0.044354000000000005
0.055154999999999996
0.08166
0.0181825
0.14418399999999998
0.07332000000000001
0.07230199999999999
0.128694
0.157078
0.07100880000000001
0.119232
0.08480499999999999
0.072823
0.143964
0.131272
0.08666900000000001
0.228345
0.1614599
0.1164276
0.2932931
0.1909429
0.2144174
0.32273
0.324778
0.15254700000000002
0.07255700000000001
0.07035000000000001
0.030032
0.06368
0.11819
0.031248
0.06704
0.17916500000000002
0.07134399999999999
0.2009215
0.1603191
0.1417328
0.2889109
0.1951038
0.2767574
0.3012442
0.27257299999999995
0.1875082
0.217966
0.2452426
0.05427149999999999
0.021892
0.07232629999999997
0.12418399999999995
0.0192142
0.0189297
0.019281799999999998
0.017438
0.018343
0.089637
0.023421
0.091966
0.07971800000000001
0.0440703
0.25658200000000003
0.25842600000000004
0.262168
0.27011399999999997
0.277196
0.31340500000000004
0.330048
0.26175
0.34301
0.34674
0.27296
0.315121
0.271113
0.2798
0.332121
0.296093
0.338464
0.314438
0.305936
0.301861
0.325931
0.335962
0.300987
0.29541100000000003
0.260617
0.2484
0.0995342
0.08579029
0.11407483
0.015563999999999996
0.015991
0.00486
0.03381
0.067714
0.007133
0.044296
0.28220300000000004
0.22998000000000002
0.294047
0.27059500000000003
0.207071
0.168823
0.017896000000000002
0.019345
0.05054500000000002
0.038477
0.019592
0.0191713
0.039342
0.07887100000000001
0.018533
0.11363499999999999
0.043995
0.06292600000000001
0.039649
0.045598
0.06754099999999999
0.043331
0.07134000000000001
0.046610000000000006
0.0230855
0.018038
0.037387000000000004
0.047823
0.056611
0.028773000000000007
0.050619
0.049343
0.041527
0.047662
0.0470888
0.05481250000000002
0.0497542
0.0602965
0.07030750000000001
0.1273334
0.0454375
0.10361600000000001
0.142273
0.0630844
0.1056685
0.111573
0.08256000000000001
0.15324000000000002
0.068777
0.07182899999999999
0.033533
0.023185
0.042126
0.03617
0.072253
0.1613328
0.180902
0.028794
0.128486
0.072246
0.07674
0.0803622
0.1033
0.0183317
0.061309
0.06164
0.0974652
0.024011
0.0175055
0.0162921
0.053495600000000004
0.017376000000000003
0.075185
0.069885
0.113673
0.037902
0.0871587
0.090599
0.0555712
0.05004309999999999
0.11094
0.048971
0.120806
0.018102
0.027535000000000004
0.017494299999999997
0.047154
0.08432400000000001
0.06862200000000003
0.078973
0.068539
0.0595751
0.052211
0.071489
0.079997
0.05165
0.13957999999999998
0.153283
0.094428
0.11009
0.10848110000000002
0.138466
0.1464371
0.12961029999999998
0.06238940000000001
0.0785913
0.06504700000000001
0.14140899999999998
0.122304
0.060456
0.07291899999999997
0.106994
0.061785
0.086246
0.095327
0.14360599999999998
0.150317
0.090326
0.07674810000000001
0.167771
0.17387899999999998
0.11964100000000001
0.1094458
0.1910833
0.1007704
0.12556760000000006
0.16768000000000002
0.13004870000000002
0.1519269
0.1222232
0.16604380000000002
0.0929476
0.16767079999999998
0.16710350000000002
0.13859749999999996
0.16670629999999995
0.14647339999999998
0.1218298
0.0812204
0.06543610000000001
0.1201034
0.0997321
0.08453279999999999
0.1174902
0.1153982
0.1209333
0.07750199999999999
0.16114579999999998
0.1077969
0.0455939
0.1145972
0.1888035
0.07506560000000001
0.17693319999999998
0.14845819999999998
0.1866969
0.09278809999999996
0.08202360000000003
0.0703308
0.12731170000000006
0.1685963
0.11204410000000002
0.16968370000000002
0.1357734
0.0334578
0.1194768
0.0575025
0.1037195
0.0626596
0.1059724
0.13847040000000002
0.11035910000000003
0.2214879
0.1856505
0.17171830000000002
0.0356615
0.08807849999999999
0.1366434
0.04430579999999999
0.19047480000000008
0.1522346
0.0655695
0.0961428
0.017475800000000003
0.0890459
0.0137841
0.14717449999999999
0.1610182
0.18992690000000004
0.1111722
0.1666862
0.145729
0.114942
0.21466800000000005
0.095141
0.1697787
0.0998228
0.1570584
0.16482439999999998
0.16117620000000002
0.16048479999999998
0.020693200000000002
0.0255699
0.08531699999999999
0.15971400000000002
0.157336
0.1155492
0.1527166
0.05455619999999999
0.069577
0.0590918
0.051678
0.1368106
0.034124
0.11097479999999996
0.26293
0.15723199999999998
0.28789970000000004
0.1643744
0.1566465
0.102336
0.159548
0.17357999999999998
0.170266
0.122095
0.146706
0.185273
0.18110199999999999
0.113377
0.13905099999999998
0.302861
0.17865999999999999
0.21036999999999997
0.170895
0.232192
0.19266
0.19516
0.11548
0.091515
0.18329
0.17007999999999998
0.12604
0.101216
0.15371
0.1835900000000001
0.14895399999999998
0.14956799999999998
0.17933200000000002
0.150361
0.14140999999999998
0.19366340000000004
0.10299
0.06448999999999999
0.1649
0.218836
0.11430699999999999
0.105823
0.13482999999999998
0.17284000000000002
0.124868
0.065825
0.0703083
0.10697199999999996
0.2584314
0.3451998
0.3449977
0.30071099999999995
0.3513449
0.4116030000000001
0.27687
0.331984
0.30561000000000005
0.3788200000000001
0.256255
0.310097
0.317842
0.372728
0.292736
0.308155
0.36162
0.299524
0.3418169999999999
0.39455300000000004
0.343497
0.076267
0.19033699999999998
0.1367
0.0606947
0.15652
0.08925
0.139157
0.1273583
0.078445
0.047958
0.041734
0.087629
0.033277999999999995
0.0396266
0.218841
0.265579
0.191551
0.23118390000000005
0.185158
0.2047441
0.203348
0.19601300000000002
0.246116
0.36475
0.37594099999999997
0.33527
0.350061
0.265748
0.23996
0.284125
0.199261
0.260389
0.22071
0.247565
0.231735
0.175914
0.2635615
0.208281
0.33117430000000003
0.29738400000000004
0.32257800000000003
0.282648
0.30275690000000005
0.304745
0.298511
0.35613
0.3468095
0.3508310000000001
0.378834
0.21085399999999999
0.2615332
0.199381
0.25251999999999997
0.217995
0.243457
0.47165799999999997
0.4030248
0.45509
0.46441869999999996
0.4630248
0.47265799999999997
0.475845
0.447796
0.47661800000000004
0.48232200000000003
0.484752
0.4827457000000001
0.4860020000000001
0.484926
0.486023
0.485425
0.477972
0.4860332000000001
0.4857842000000001
0.455642
0.469602
0.424922
0.483408
0.48455
0.48460299999999995
0.457859
0.471722
0.483891
0.4839350000000001
0.485195
0.483281
0.48454
0.48248100000000005
0.48546300000000003
0.485461
0.4352900000000001
0.484231
0.48355370000000003
0.484501
0.442342
0.4822165
0.48504899999999995
0.48487299999999994
0.4851340000000001
0.482504
0.4843512
0.477127
0.4791432
0.4833299999999999
0.484067
0.45117
0.48452
0.4842037
0.48486999999999997
0.48418900000000004
0.4838626
0.458629
0.46853
0.4816553
0.46384
0.484157
0.447516
0.484338
0.484055
0.421604
0.470496
0.48543400000000003
0.45119799999999993
0.422046
0.485247
0.484547
0.485583
0.485354
0.485408
0.485325
0.48485
0.485107
0.482275
0.484204
0.48519700000000004
0.416579
0.479394
0.451471
0.472127
0.476796
0.472476
0.46826
0.474159
0.431125
0.46999
0.47562
0.39155
0.47037
0.473611
0.32170600000000005
0.35799699999999995
0.38991996
0.31868733
0.34051700999999995
0.35707624
0.34086
0.3834
0.361437
0.357229
0.340344
0.379988
0.32309
0.3891440000000001
0.383774
0.329595
0.32287600000000005
0.32302600000000004
0.383357
0.32559
0.3135560000000001
0.353478
0.333411
0.324094
0.35302999999999995
0.370237
0.354771
0.378333
0.37451
0.39255999999999996
0.366007
0.320649
0.38438
0.312495
0.4090740000000001
0.38471
0.46865
0.467851
0.48025
0.479472
0.482412
0.4694
0.4811
0.44633999999999996
0.48133
0.48185
0.4815599999999999
0.4812599999999999
0.4338600000000001
0.44183999999999996
0.45261
0.43040500000000004
0.185815
0.28179
0.20114300000000002
0.250822
0.169862
0.185125
0.217454
0.133081
0.237946
0.363422
0.22732
0.187963
0.237452
0.101396
0.131942
0.1707
0.20856
0.14071
0.236266
0.198015
0.19084
0.20065
0.15691999999999998
0.24022
0.221212
0.255517
0.161642
0.208535
0.14647000000000002
0.207019
0.18177100000000002
0.242769
0.254333
0.15292999999999998
0.23112700000000005
0.118869
0.144019
0.1127852
0.2292700000000001
0.21355300000000002
0.15722
0.2029523
0.1835271
0.22976420000000006
0.2544589
0.1439994
0.219898
0.1291865
0.15495309999999998
0.23173600000000005
0.263631
0.19756400000000002
0.276638
0.207487
0.317937
0.290608
0.3433700000000001
0.4545826
0.45656962
0.36054268
0.39249987
0.33833101
0.30958405
0.38370799
0.25862724000000004
0.36284429
0.28446824
0.3396241
0.36029405
0.24117519
0.27629933
0.39508315
0.33240029000000004
0.29296424000000004
0.22679029
0.33830224000000003
0.24614924
0.31143815
0.26927924000000003
0.3710521000000001
0.30758715000000003
0.33730319000000003
0.28032519
0.31335519
0.25365224000000003
0.34430315
0.32416124
0.29972829
0.22761033
0.26183229
0.35049929
0.12999824
0.21667119
0.26051524
0.20785629
0.3623871500000001
0.24157619
0.19873833
0.29091664999999994
0.34524392
0.2924401500000001
0.3592111
0.36013701
0.39471392
0.32168387
0.32790445999999995
0.2514945
0.23346019
0.2591891900000001
0.32489482
0.36318401
0.37595392
0.34990802
0.4439939600000001
0.42521496
0.47512201
0.46293305
0.34701401
0.35005901
0.2697439500000001
0.26064585
0.27693415
0.28308905
0.39051231
0.38043196
0.41806205
0.3827579600000001
0.31964501
0.33056996000000005
0.31598309999999996
0.34610205
0.32590801
0.34438866
0.34800671000000005
0.33689666
0.37876101
0.37406401
0.3755720500000001
0.33896405
0.21430382000000006
0.29107787
0.10890396
0.3159911
0.3254491
0.27698519
0.24925614999999995
0.2876951
0.2835310500000001
0.10947622
0.11476757
0.04351239
0.05169061999999999
0.04569453
0.11556853
0.14749805
0.06180262
0.10063857
0.10014987
0.31277896000000005
0.42218196
0.38058201
0.26955605
0.30223161
0.30841205000000005
0.34398095999999995
0.30776401000000003
0.36023892
0.36322896
0.3913709200000001
0.30301392
0.35073901
0.34334905000000004
0.35250500999999995
0.34092201
0.2591861
0.28121809999999997
0.2250151
0.21184129
0.21181403
0.27993035
0.30625241000000003
0.36124405
0.25256369999999995
0.31744205000000003
0.33505315
0.36740705
0.32048201000000004
0.28971696
0.28978505
0.28556915
0.30852009999999996
0.21836329
0.20970433
0.24182733
0.28465059
0.29448475
0.3538118
0.27788424
0.28269219
0.27851324
0.26418819
0.31509419
0.3099951
0.37234005
0.37447901
0.35967705
0.36246905
0.3771535500000001
0.34388105
0.34227310000000005
0.36469705
0.3195760999999999
0.30645809999999996
0.38580815
0.28515809999999997
0.4122950500000001
0.32990905000000004
0.29267514999999994
0.23077015
0.27752209
0.25641205
0.30839865
0.27170314999999995
0.31238305000000005
0.26266719
0.3079531
0.28533915
0.33460101
0.26694719
0.27206219
0.23364124
0.21629533
0.3232321900000001
0.2740902900000001
0.21991233
0.10138224
0.31842919
0.31539615
0.25445615
0.21897938
0.26452524
0.22681524
0.28336119
0.3011462400000001
0.3031101500000001
0.27298124
0.30146024000000005
0.26808324
0.25677928999999994
0.29679319
0.31709315
0.26151619
0.24473124
0.23221433
0.24577729
0.28082919
0.21920924
0.22449133
0.25636429
0.21133438
0.23264933
0.30895110000000003
0.25640919
0.19332699
0.27525719
0.31462015
0.27854999
0.25892174
0.27906815
0.29529539000000005
0.3580075
0.3721271
0.36781515
0.32958229
0.42609015
0.31199615
0.31968619000000004
0.36823929
0.34453115
0.33073333000000005
0.33340924000000005
0.28387029
0.39175356
0.40463338
0.28260019000000003
0.30915929
0.35014019
0.31061633000000005
0.37154224
0.39372624
0.42356033
0.47632347
0.40318729
0.32201815
0.24167101
0.050759700000000005
0.030104200000000005
0.07026924
0.06796310000000001
0.1702111
0.17264396
0.04665175
0.07858285000000001
0.11632621
0.27912170000000003
0.28403611
0.33417693
0.30695758
0.26853047
0.30084018
0.25358107
0.30447242
0.31173412
0.29147902000000003
0.31555492
0.31597962
0.34119542
0.32387677
0.3453293599999999
0.3900043200000001
0.33948172
0.41120496
0.38467315
0.4220151
0.42831615
0.4355640100000001
0.41336501
0.41216801
0.3587941
0.38391905
0.36279205
0.25922001
0.29788392
0.33205296
0.24824787000000004
0.33780915
0.29524315
0.33982129999999994
0.3364111
0.38751005
0.31338809999999995
0.32787910000000003
0.35706215
0.32369509999999996
0.3834430100000001
0.3494009600000001
0.32697505000000004
0.33055101
0.36639292
0.46959601
0.42797101
0.41849901
0.41707405
0.3672861
0.3779961
0.38056205
0.4068339600000001
0.42912024
0.35949315000000004
0.36241905
0.3979081900000001
0.4029951
0.39992005
0.36468205
0.45835424
0.39150905
0.4190832
0.39348585
0.3756584499999999
0.3921964000000001
0.35894519
0.29994123999999994
0.25663699
0.30232230000000004
0.28335218999999995
0.28829776
0.30939279999999997
0.32959881
0.32379572
0.10984639
0.21629764000000004
0.26580001
0.23971026
0.43314409
0.39668504
0.42302932
0.37288086
0.32178929
0.32275985
0.41885747
0.3231646
0.31028448000000003
0.41377247
0.4433873
0.44008915
0.45089834
0.4173473799999999
0.35524248
0.34386718999999993
0.36423438
0.23179955
0.21146865
0.27443143000000003
0.41200439
0.3196182
0.30503053
0.3183572100000001
0.42093171
0.38970834
0.4537472500000001
0.44432724
0.36130634
0.35373806
0.3510162000000001
0.21834061000000005
0.20984481
0.22786376
0.24544994
0.27718790000000004
0.22749908
0.19737885
0.26188857000000004
0.20870094
0.22214254
0.23135095
0.23410985
0.24286871
0.12112466
0.13320661
0.05382259
0.11659342
0.04284399
0.04935999
0.016017260000000002
0.11472609
0.10986058
0.08981113
0.14096297
0.18707170999999995
0.04837696
0.04510417
0.07057545
0.10200767
0.10200341
0.07499388
0.08916216
0.05165138999999999
0.04248201
0.13368276999999998
0.20178996
0.21496865
0.07601050000000001
0.05042706000000001
0.17079367000000004
0.37607653
0.35980104
0.43959573
0.19751373
0.42823843
0.47250257
0.47017253
0.41649148
0.46552648
0.41535553
0.39970439
0.47166852
0.46037643
0.45797448
0.47226343
0.4484004299999999
0.41107544
0.40208448
0.45668143
0.43315443
0.47161848
0.36327543
0.47280443
0.4686124299999999
0.47256948
0.44804748
0.45851943
0.41644738
0.44493543
0.47297548
0.47401448
0.45454443
0.47331468
0.4713954800000001
0.47122853
0.47183748
0.47393443
0.47283593
0.47356848
0.47249548
0.46197348
0.47256048
0.47209548
0.47105048
0.44937253
0.47056453
0.46759653
0.4564414299999999
0.47484343
0.46914848
0.47184248
0.47239248
0.47312943
0.47184748
0.47269243
0.44730343
0.47155773
0.46850043
0.47255243
0.47306148
0.45442448
0.47527148
0.47189853
0.47279101
0.47320896
0.47097596
0.4726999600000001
0.46605292
0.47042696
0.36393487
0.38020287
0.41517287
0.47050096
0.47159392
0.33085237
0.41116192
0.47067596
0.47693501
0.47064096
0.47065287
0.47076592
0.47131496
0.47456882
0.4321189200000001
0.45430587
0.45792092
0.46726492
0.47120996
0.46730996
0.42745492
0.40693287
0.39926692
0.45405926
0.46438966
0.46952801
0.43507701
0.40659996
0.40249196
0.42853926
0.47212801
0.47155001
0.46973701
0.44505196
0.34465287
0.45712492
0.43554392
0.47666696
0.45026005
0.44906896
0.46374105
0.4710139600000001
0.4716270100000001
0.44484396
0.47449105
0.45968596
0.4593379600000001
0.40926292
0.40887596
0.46715501
0.47104896
0.47204896
0.46067396
0.45949992
0.42551796
0.41528192
0.43090696
0.40616792
0.46927592
0.46047201
0.4619510100000001
0.4564269600000001
0.45829096
0.4434724200000001
0.47270501
0.46086796
0.4598700100000001
0.4508209600000001
0.41216705
0.46422896
0.44800505
0.45281501
0.3754789200000001
0.45957596
0.47346496
0.45374296
0.42696196
0.43262892
0.44691896
0.42934696
0.41924796
0.45436692
0.46817501
0.42137901
0.45825392
0.45687801
0.4747581
0.43891492
0.40632801
0.26946629
0.16121628999999998
0.23134442
0.22638519
0.16275924
0.21272310000000003
0.2124411
0.19639652
0.20003657
0.2264881
0.29488115
0.37024719
0.27886615
0.26325319
0.38599319
0.27024424
0.24230719
0.23367719
0.28046923999999995
0.23645219
0.26884118999999995
0.24140819
0.21730619
0.31750119
0.24406024
0.24747724
0.28496919
0.28576824
0.24399615
0.34301515000000005
0.3131352399999999
0.30780814999999995
0.2874291
0.2682751
0.22596415
0.2191821
0.27755705
0.29106415
0.30219115
0.24860119
0.30662515
0.23592824
0.28163019
0.17131319
0.22152615
0.22397524
0.23082789
0.29027679999999995
0.31501979999999996
0.34587065999999994
0.28954185
0.28947085
0.29860590000000004
0.31773885
0.29808385000000004
0.28589666
0.30932781
0.31683779999999995
0.28842976
0.28505866
0.2647217
0.2560048
0.17916994
0.2012858
0.20647375
0.26189166
0.31454456000000003
0.28774970000000005
0.26290666
0.2631297
0.19881215
0.19924855
0.20093615
0.21334875
0.2720827
0.25261
0.212592
0.2079855
0.22251100000000001
0.2895200000000001
0.205621
0.2068045
0.209888
0.20600100000000002
0.21045000000000005
0.25401599999999996
0.269332
0.288177
0.229647
0.225771
0.249062
0.2282430000000001
0.22016400000000005
0.234907
0.20565100000000003
0.20485799999999998
0.211064
0.215318
0.21345680000000009
0.20517040000000009
0.20589490000000002
0.20412779999999997
0.20484470000000002
0.2062105
0.2079192
0.2100097
0.2080035
0.206766
0.2106504
0.20778800000000008
0.2134663
0.215776
0.20314400000000002
0.21204009999999995
0.214488
0.234157
0.230813
0.2272567
0.22868440000000004
0.232139
0.2293229
0.2066421
0.22075199999999995
0.22720170000000006
0.2298712
0.2305515
0.2272974
0.1145162
0.21465
0.2260324
0.2219364
0.21194580000000002
0.2099381
0.21024754999999995
0.27283566000000004
0.2774477
0.2534017
0.2169487
0.22954275
0.22552270000000002
0.22425875
0.2115535
0.2162567
0.21573675
0.21140675
0.22123875
0.21416475
0.21726475
0.2182688
0.23702575
0.2469777
0.30179761
0.26513566
0.24597470000000002
0.28611466
0.28398266
0.15086360999999998
0.07472256
0.06919261
0.07382356000000001
0.06659961
0.0374717
0.05563161
0.06042466000000001
0.08289066
0.05845066
0.06705366
0.04311975
0.0428497
0.1026077
0.07833069999999999
0.0653687
0.08157869999999999
0.09359361
0.055292659999999993
0.046235660000000005
0.07254266
0.09174466
0.05597966
0.06366569999999999
0.10296869999999997
0.05627375
0.0581307
0.0621577
0.04619366
0.08477866
0.0689007
0.04560066
0.08445769999999997
0.08807669999999998
0.10963566
0.11153766
0.08737066
0.08114466000000001
0.0564987
0.0468957
0.06966665999999999
0.0402037
0.0506327
0.05214970000000002
0.05431466
0.058835659999999984
0.13807966000000002
0.0652587
0.03791666
0.11084261
0.14489060999999998
0.16810856
0.21179361
0.07490566000000001
0.10517761
0.16462356
0.09108755999999996
0.10486561
0.0539897
0.07299865999999999
0.040661699999999995
0.03848475
0.0340591
0.09640966
0.0443687
0.06907970000000001
0.0341418
0.05967161
0.04695565999999999
0.07392666
0.03903166
0.04367266
0.03847676
0.043149610000000005
0.06609561
0.05062965999999999
0.0408927
0.05902165999999999
0.08122665999999998
0.08181261000000001
0.044711699999999986
0.047367700000000006
0.053292660000000006
0.051302699999999986
0.0714267
0.05197366
0.04569366
0.11924261
0.0448297
0.05577766
0.24173056
0.08515066
0.15057252000000002
0.32742242000000005
0.17500052000000002
0.08444146999999999
0.16391242
0.16639147
0.08877256
0.022421660000000003
0.06984066
0.0644797
0.0546717
0.08087114
0.20600442
0.25543942
0.11090361
0.08615865999999997
0.07819965999999999
0.07490855
0.09341561
0.07665765999999999
0.04776575
0.29772656000000003
0.08156775
0.027313750000000005
0.06245761
0.10786450999999997
0.08111565999999999
0.03928661
0.13852966
0.2350356100000001
0.1301787
0.08705666000000001
0.14254956
0.15228666000000002
0.09425772
0.09390316
0.19105061
0.16543565999999998
0.10844266
0.09398875
0.18345666
0.18176361
0.12672766
0.08524166
0.17298161
0.05714891
0.25774856
0.14546352
0.17401652000000006
0.10446056
0.10023255999999996
0.41968242
0.46083498
0.45243338
0.47596738
0.45088238
0.07687862
0.08626666
0.39538147
0.37342042
0.40616038
0.41297442
0.42520542
0.4065444700000001
0.36427233
0.40910338
0.41239242
0.41958242
0.41000147
0.25783757
0.13899752
0.2491615600000001
0.14965552
0.15156256
0.12696952
0.24870752
0.15497352
0.15132755999999994
0.13946256
0.14721761
0.14154256
0.08152656
0.0752638
0.13577550000000002
0.13966199999999998
0.187786
0.153198
0.1855
0.13049000000000002
0.1307295
0.20460959
0.17217999999999994
0.17770338
0.31290333
0.20500833
0.19607133
0.22591529
0.22133529
0.13813293
0.14341232999999998
0.13539329
0.09868849
0.12279029
0.28254105
0.27422801
0.22979001
0.33764696
0.27999421
0.22976901
0.35477601
0.39665305
0.38829012
0.23923662
0.26861996
0.19125292
0.13708669
0.10126232000000003
0.20318262
0.33922532
0.34132902
0.26818133
0.32976638
0.41469719
0.35133788
0.43123853
0.36340044
0.14528642
0.16462021999999998
0.16782471999999998
0.15348823
0.14356062
0.27049108
0.26233789
0.15646149
0.29985049
0.16797909
0.10400091
0.1165404
0.12636106
0.10889866
0.1616538
0.1837521
0.11535336
0.0888451
0.06938639999999999
0.06933740000000001
0.07803600000000001
0.074408
0.009031
0.0095644
0.013147
0.07718240000000001
0.1686895
0.23346309999999998
0.2976795
0.1487395
0.1956052
0.28559450000000003
0.2848042
0.3021952
0.29317519999999997
0.2978362
0.26589650000000004
0.26196420000000004
0.25900650000000003
0.25842950000000003
0.2540875
0.2559595
0.25309950000000003
0.2520715
0.25771750000000004
0.2586025
0.2594752
0.2608205
0.26811820000000003
0.2654995
0.2699555
0.27200019999999997
0.27555820000000003
0.27687249999999997
0.27598720000000004
0.2848305
0.288464
0.2739216
0.2701852
0.267581
0.27515
0.273581
0.26186
0.29676800000000003
0.27997500000000003
0.137847
0.032748
0.040310000000000006
0.014842700000000004
0.008691299999999999
0.0139017
0.030444300000000007
0.0281049
0.0107954
0.020017100000000003
0.0163184
0.017629000000000002
0.035019800000000004
0.0207013
0.017137
0.013216399999999998
0.018693700000000004
0.048917800000000004
0.0650138
0.06568330000000001
0.06706909999999999
0.06797489999999999
0.063721
0.0739973
0.05505550000000002
0.0714883
0.0845636
0.0743147
0.05707230000000001
0.065575
0.054886500000000005
0.0640513
0.0584372
0.0600317
0.05978020000000001
0.0554153
0.0616313
0.0590024
0.0630376
0.059987
0.07169
0.055904999999999996
0.084619
0.07006400000000003
0.063756
0.059429700000000016
0.05610489999999999
0.14163499999999998
0.1643478
0.1664428
0.083386
0.20114010000000002
0.213093
0.2066642
0.1629355
0.2113495
0.2161668
0.2190835
0.271085
0.294249
0.2804452
0.23289189999999999
0.2935232
0.2795665
0.28189949999999997
0.28860399999999997
0.2885419
0.28655200000000003
0.2890152
0.2822619
0.2820552
0.2935747
0.2792982
0.2811369
0.274124
0.2451849
0.2771329
0.2916
0.281022
0.280607
0.277619
0.28261899999999995
0.27863590000000005
0.2783009
0.29106619999999994
0.2828662
0.1391761
0.1688422
0.4843295
0.4840089
0.4834972
0.4831662000000001
0.32825909999999997
0.10959580000000001
0.08510210000000001
0.08954201
0.07014336
0.07781835999999999
0.14555886
0.13438106
0.13685706
0.13848636
0.12654736
0.17111105999999998
0.21679857
0.22380371
0.17841000999999998
0.12387671
0.12159296
0.12061166
0.15471310000000002
0.19637367
0.17425071
0.17399571
0.21176471
0.16993566
0.21236866
0.17667532
0.12739096
0.16281162
0.20389666
0.09234202
0.10342726
0.14800062
0.14021997
0.11439262
0.11878397
0.16866127
0.17317792
0.20391097
0.20272992
0.15428997
0.16111352
0.22468862
0.17005602
0.12554031999999998
0.0999349
0.1447268
0.17754799999999998
0.1280724
0.1201925
0.1225124
0.2797728
0.07499950000000001
0.1479065
0.07857999999999997
0.1550879
0.2146251
0.21805589999999997
0.2551839
0.228292
0.1041558
0.0800865
0.1803619
0.11177830000000001
0.0749462
0.010605200000000002
0.072841
0.13564549999999995
0.1370374
0.2262085
0.2322507
0.22647440000000002
0.1318924
0.13273600000000002
0.1341115
0.13459390000000002
0.1964575
0.13478276000000006
0.1201621
0.0750498
0.07362300000000001
0.0728423
0.07438510000000001
0.07171805
0.07125115
0.07308920000000001
0.07153625
0.0079519
0.007173000000000001
0.0077426000000000005
0.07231110000000003
0.13478745
0.13313825
0.18555266
0.18785041
0.13390760000000002
0.13402709999999998
0.19824670000000005
0.1987472
0.13413009999999995
0.07308999999999999
0.07145510000000001
0.07006466
0.07058365999999999
0.15946370999999998
0.18881806
0.12769976
0.00890701
0.15056413
0.30591413
0.21728043
0.14305696
0.29042992
0.10244826
0.19463197
0.15854901
0.13261906
0.21125756
0.13599242
0.09698147
0.05456852000000001
0.21902942
0.23091752
0.12855352
0.13636852
0.13904956000000002
0.12890542
0.07302146999999999
0.06003256
0.0672487
0.06781935
0.06676510000000001
0.0674217
0.06733515
0.0689478
0.07048566
0.31973142
0.33384342
0.29753061
0.30555361000000003
0.31264961
0.31153961
0.30553556
0.254116
0.020899000000000004
0.071286
0.070866
0.06736600000000001
0.26595349999999995
0.269147
0.2661395
0.26807
0.200795
0.20302000000000006
0.201024
0.1847294
0.22394
0.21653200000000006
0.205877
0.2069122
0.0044839
0.0123914
0.008748100000000002
0.008571099999999998
0.0128647
0.0096745
0.011585
0.007500100000000002
0.0104271
0.079577
0.1405835
0.17697200000000002
0.108401
0.018486
0.016243
0.015057999999999997
0.015995000000000002
0.009899000000000002
0.099233
0.010317000000000002
0.14384080000000002
0.151597
0.197654
0.07422870000000001
0.07186236000000001
0.14309475000000002
0.1384157
0.13093375
0.1354411
0.073474
0.0716455
0.14376355999999998
0.06900875
0.0278698
0.02646984
0.007893800000000001
0.02067184
0.03068284
0.0221668
0.0115108
0.0304708
0.01306375
0.00629484
0.01600875
0.017127700000000003
0.20046670000000005
0.26450666
0.2303427
0.19638475
0.2153907
0.20437275
0.21376270000000008
0.21216966
0.22688966
0.20700066
0.22039570000000003
0.14850870000000002
0.15141865999999998
0.09927552
0.02873161
0.035382750000000004
0.01249039
0.0295698
0.06965861
0.0143528
0.02586952
0.22193424
0.17639633
0.14201333
0.12838852
0.11657752
0.10218356
0.09357061
0.09448836
0.13220102
0.015039609999999997
0.0238303
0.01438205
0.0099174
0.01963994
0.01875279
0.006846490000000001
0.009629340000000002
0.01675644
0.00380844
0.00352509
0.00419669
0.02258783
0.45275509
0.45817569
0.46430884
0.24318342
0.056708319999999986
0.05424876000000002
0.02126271
0.02165046
0.017124700000000003
0.04114826
0.012780200000000002
0.01851026
0.01424586
0.0089914
0.0115132
0.01076895
0.01349806
0.03892591
0.04067056
0.04447976
0.04279721
0.04025301
0.06859051
0.25610641
0.30028332
0.16891331999999998
0.16550662
0.03731396
0.01080636
0.01593575
0.02457636
0.0127694
0.02293875
0.0144091
0.0144307
0.0159008
0.004816539999999999
0.005431439999999999
0.006755499999999999
0.01542757
0.36063389
0.22202948
0.05352201999999999
0.04063801
0.13418306
0.03462996
0.02538531
0.00810756
0.13341196
0.26151142
0.18205933
0.16777302000000002
0.13157006000000002
0.13412832
0.14149235999999998
0.11875731
0.13244036
0.15911296
0.13991671
0.13935931
0.13311776
0.12261936
0.11780001
0.10830166
0.12756076
0.14613991999999998
0.23883822
0.23219157
0.20399757
0.11777022
0.11019232
0.12911862
0.10407861999999997
0.0436094
0.0139491
0.02192675
0.02630275
0.0110624
0.0102725
0.0131071
0.0106928
0.01352475
0.01386745
0.02702575
0.02750115
0.01418875
0.0066008
0.011388349999999998
0.0110288
0.00990305
0.01232645
0.014371099999999996
0.01258545
0.0100157
0.02400475
0.013460299999999998
0.011593149999999998
0.0135335
0.10434236
0.19123001
0.09264171
0.04238866
0.04588536
0.06195566
0.0448064
0.0460481
0.04763636
0.05049765999999999
0.04938406
0.02923806
0.0103701
0.0111227
0.0232821
0.02271615
0.02717975
0.04879062
0.12438227000000004
0.03637087
0.00867501
0.06360566
0.0061075
0.00712614
0.0070915000000000014
0.0063471000000000005
0.0086838
0.0068958
0.00669154
0.01107575
0.05767366
0.09163502
0.09451402
0.09356162
0.08881141
0.08637900999999999
0.08686770999999999
0.08797595999999999
0.08987266
0.08831401
0.10618332
0.08314126
0.08409435999999999
0.09155662
0.09147632
0.10197562
0.08604536
0.08960192
0.10519402
0.10083762
0.07792870999999997
0.07729365999999999
0.0409454
0.034331310000000004
0.09143471
0.08944292
0.09051706
0.06387201
0.18271647
0.26732966
0.11618332
0.07220162
0.06561771
0.052776699999999996
0.04837601
0.052253610000000006
0.07819376
0.08428931
0.10232156
0.10867552
0.11628642
0.11679647
0.06474956000000001
0.07532047
0.08289652
0.03796452
0.16858141999999998
0.16362242
0.13768542
0.14176742
0.14056142
0.17883047
0.11629446999999996
0.01255941
0.02465166
0.01696275
0.03054575
0.04744466
0.0380457
0.00870054
0.004984100000000001
0.11644338
0.11464956
0.09464801
0.00452015
0.0079308
0.00917375
0.005591400000000001
0.00510175
0.00809884
0.008556840000000001
0.0039851
0.01319375
0.008952199999999999
0.00538684
0.00637401
0.0042891000000000006
0.00380045
0.1314867
0.0195108
0.00366154
0.00416344
0.00369589
0.00368659
0.01310084
0.01444575
0.00757475
0.03621445
0.0437927
0.04594575
0.0402267
0.10820966
0.12542356000000002
0.09946636
0.10390711
0.07483305999999999
0.06881124999999999
0.13409691
0.09872486
0.29142882000000003
0.28459477
0.33876992
0.12676556000000005
0.11705256
0.11317856
0.12025456
0.23257252
0.06003452
0.10162761
0.17991361
0.17615155999999998
0.23948852
0.20210052
0.24981052
0.23757052
0.1850229
0.2435400000000001
0.11858099999999999
0.12491000000000002
0.22185
0.15894999999999998
0.35828142
0.19126947
0.23857247
0.16657946999999998
0.08539255999999999
0.04549926
0.07975281
0.11513736
0.07900260999999999
0.09602856
0.27063052
0.12177161
0.12717761
0.18113952
0.12678356
0.16656361000000006
0.13581656
0.14584656
0.15818356
0.10588561
0.13506556
0.07027756
0.04506361
0.07778856
0.23927038
0.25764229
0.21681133
0.17429238
0.12827646999999998
0.10730452
0.09888752
0.12928856
0.10771556
0.07804555999999999
0.09075156
0.07476205999999999
0.09307456
0.09514262
0.09462657
0.061095060000000014
0.04935336
0.040342310000000006
0.07210761000000003
0.06480360999999997
0.08018465999999999
0.11765961
0.09752566
0.14383161
0.14104451999999998
0.22432556
0.08325647
0.02965856
0.04313056
0.03175256
0.14129651999999998
0.07246947000000001
0.06781052
0.06449242
0.18738
0.148279
0.138099
0.0954648
0.08542949999999999
0.15362079999999995
0.1970905
0.21472800000000003
0.06684
0.2597532
0.221545
0.1994846
0.15968300000000002
0.17727969999999998
0.08941920000000002
0.1650344
0.1131395
0.11500619999999999
0.1999597
0.1936857
0.17999400000000002
0.22865850000000001
0.1908265
0.13830620000000002
0.0553215
0.1004209
0.09043330000000001
0.11186700000000001
0.12273779999999998
0.2066616
0.0646821
0.1563267
0.083103
0.1469831
0.2228526
0.31372540000000004
0.1140145
0.19302429999999998
0.1408262
0.1091189
0.06809839999999999
0.007179400000000002
0.010726
0.0283856
0.0309432
0.0385101
0.0251717
0.022604
0.029779000000000007
0.1230172
0.148133
0.25372399999999995
0.2749152
0.2259712
0.247879
0.255965
0.3897870000000001
0.315971
0.4296347
0.067741
0.07744899999999999
0.0716334
0.08453
0.016396
0.010738
0.013519999999999999
0.0088664
0.011619
0.0057006999999999995
0.008499
0.01284
0.005666399999999999
0.056889999999999996
0.103589
0.0041744
0.01693
0.008022999999999999
0.0048467
0.010017000000000002
0.08706370000000001
0.0816875
0.3007922
0.3054171
0.28456859999999995
0.20783859999999998
0.29765290000000005
0.31459000000000004
0.3004536
0.30931200000000003
0.31741820000000004
0.30127800000000005
0.28526759999999995
0.30552690000000005
0.33996790000000005
0.3145022
0.3200562000000001
0.34729399999999994
0.2731619
0.28430950000000005
0.4357820000000001
0.065912
0.03354
0.06634520000000001
0.013530600000000002
0.0064294
0.012054
0.09995900000000002
0.116126
0.11908099999999999
0.1015
0.05924
0.048787800000000006
0.01049
0.010048
0.0134261
0.0471037
0.06134600000000001
0.019169
0.077046
0.066528
0.095919
0.07001299999999999
0.072275
0.053204999999999995
0.05187699999999999
0.090952
0.071609
0.076789
0.009758
0.009873
0.006813
0.005325
0.004640699999999999
0.003421
