0.16777820000000002
0.0936737
0.09187040000000002
0.206397
0.09608400000000004
0.1069187
0.1009588
0.09853230000000003
0.0938182
0.0978802
0.2168367
0.1037559
0.0974596
0.1010328
0.0962662
0.0982288
0.1073636
0.09425910000000004
0.0913942
0.1035874
0.1038678
0.1041412
0.10444010000000001
0.0958233
0.08896890000000003
0.08761029999999999
0.08823760000000001
0.08394889999999999
0.0960112
0.09848330000000001
0.0877691
0.1141422
0.1103573
0.1133982
0.099737
0.0828073
0.0805412
0.07938419999999999
0.08250590000000001
0.08346730000000001
0.08018180000000001
0.0777597
0.0759196
0.07357649999999999
0.0765768
0.07027059999999999
0.067979
0.0658549
0.07581979999999999
0.0736299
0.07041109999999999
0.23320860000000002
0.0981803
0.08056329999999999
0.07671530000000001
0.0673062
0.06229170000000001
0.06338479999999999
0.06477580000000001
0.06639930000000001
0.0694698
0.0733257
0.06908260000000001
0.06964989999999999
0.0728281
0.2243833
0.1894281
0.06845129999999999
0.08935169999999999
0.06775
0.0659022
0.06655799999999999
0.06372130000000001
0.0629638
0.0616895
0.06604469999999997
0.0664445
0.07075780000000001
0.11115550000000002
0.1019479
0.1051899
0.1193719
0.1119599
0.0723635
0.0766735
0.1945985
0.2046409
0.07704630000000001
0.16844959999999998
0.0673318
0.07173869999999999
0.06725229999999999
0.06540669999999997
0.074534
0.0979849
0.0879085
0.0825313
0.08483639999999999
0.0926789
0.08014489999999999
0.0648143
0.0649902
0.0756946
0.07786439999999999
0.07487139999999999
0.0810932
0.0866947
0.1137377
0.1623115
0.0855832
0.08300679999999999
0.07804939999999999
0.0725464
0.0725817
0.07378289999999997
0.07097819999999999
0.08724420000000001
0.07224570000000001
0.07533949999999999
0.0786539
0.08971739999999999
0.0761146
0.0794032
0.07547380000000001
0.0603112
0.0599457
0.06774849999999999
0.1297452
0.1894691
0.0715312
0.2031827
0.14568620000000002
0.0572818
0.057504699999999985
0.057501699999999996
0.06926270000000001
0.0597046
0.06028570000000001
0.0631508
0.0634916
0.0577577
0.0535139
0.06662570000000001
0.0537759
0.0611187
0.056353
0.0516008
0.059969900000000013
0.0655287
0.055489100000000006
0.052753
0.1064795
0.1207995
0.0646504
0.058147999999999984
0.055062099999999996
0.055433
0.06012430000000001
0.129141
0.1632148
0.1804929
0.196346
0.148188
0.14162270000000002
0.17828970000000002
0.1694368
0.1688414
0.1440515
0.1285477
0.1932239
0.20054670000000002
0.1858696
0.1989631
0.1983969
0.1593141
0.158636
0.1592369
0.16158689999999998
0.16232409999999994
0.19193929999999998
0.18966696
0.18456791
0.17913801
0.1931909
0.15293679999999998
0.15611239999999998
0.1267528
0.1372359
0.1537165
0.15287015
0.15630801
0.19577542
0.18400347
0.16371382
0.12414017
0.11996827
0.13674342
0.21734012
0.23759822
0.19693347
0.20840157000000006
0.20612640000000002
0.1364076
0.0959568
0.1041965
0.1471848
0.1826222
0.13364169999999995
0.1136993
0.13749212
0.14071582
0.13424077999999998
0.1112481
0.1181603
0.290345
0.1426679
0.12187010000000001
0.13882379999999994
0.14454720000000001
0.1525339
0.16302550000000002
0.1460316
0.18639979999999998
0.1914127
0.1830868
0.1454017
0.14345970000000002
0.1424437
0.1437358
0.1880169
0.19014679999999998
0.1833498
0.16152679999999994
0.1627202
0.1613969
0.1932688
0.2199088
0.14500749999999998
0.1267624
0.12171520000000001
0.1186681
0.1199453
0.1168938
0.1125751
0.11675850000000006
0.121804
0.17614819999999998
0.1846067
0.11195450000000001
0.1150905
0.11650539999999998
0.1183153
0.16744520000000002
0.1968618
0.10297449999999997
0.1076507
0.1148646
0.1618115
0.17020419999999994
0.1759101
0.1789323
0.17600629999999998
0.1745764
0.16712240000000006
0.1671775
0.1677961
0.17069949999999998
0.1790846
0.1804725
0.1884789
0.196396
0.201345
0.199753
0.2032021
0.2046539
0.1913113
0.20016689999999998
0.1967935
0.1999797
0.1977217
0.2008595
0.20724299999999998
0.2041375
0.20236110000000002
0.2086371
0.156029
0.155201
0.1594109
0.212398
0.201928
0.204148
0.200745
0.206872
0.2030769
0.2106439
0.2183947
0.2223378
0.2142038
0.2091899
0.2001731
0.2007166
0.2060348
0.2081299
0.211696
0.1938169
0.1889409
0.1917839
0.2081369
0.1947729
0.2014628
0.18296089999999998
0.1760939
0.18945789999999998
0.17036489999999999
0.176509
0.17899500000000002
0.1807089
0.13710109999999998
0.12678209999999998
0.12193299999999999
0.1183392
0.1209932
0.1220142
0.1369822
0.163183
0.1101411
0.1606052
0.17047220000000002
0.15853489999999998
0.156632
0.1495741
0.1426334
0.15453219999999998
0.17657820000000002
0.1400896
0.13380440000000002
0.1403915
0.1375384
0.1430783
0.17855800000000002
0.1787725
0.17232129999999998
0.14420429999999998
0.1321737
0.1316855
0.1326263
0.13446029999999998
0.146015
0.198025
0.13677920000000002
0.1249133
0.14361110000000002
0.13790729999999998
0.20927039999999997
0.20279250000000004
0.1918223
0.1567194
0.12783440000000001
0.1149326
0.1113114
0.1637782
0.1135605
0.1204065
0.1208252
0.1251139
0.12026130000000004
0.1158338
0.1099162
0.10901430000000001
0.12036660000000002
0.11323400000000006
0.17522449999999998
0.2118531
0.1134715
0.1097716
0.1158255
0.16372219999999998
0.1239912
0.1201781
0.11630619999999998
0.11672860000000004
0.11559769999999997
0.1176866
0.0806308
0.05729040000000001
0.05672090000000001
0.058125
0.0584342
0.0598636
0.0584745
0.06791060000000003
0.1417454
0.1210023
0.13523929999999998
0.07091929999999999
0.11079539999999999
0.17766220000000002
0.14151029999999998
0.12660090000000002
0.1215032
0.17354319999999998
0.18648
0.1037359
0.1635328
0.1239652
0.06353049999999999
0.12210850000000001
0.1207755
0.1843651
0.16616319999999998
0.1127532
0.12386099999999997
0.1601898
0.15127390000000002
0.1338042
0.1054072
0.1106641
0.141035
0.0619115
0.0615315
0.1846212
0.07135239999999997
0.0668954
0.060390599999999996
0.0621288
0.060536599999999996
0.0603711
0.0653893
0.0806935
0.07888239999999999
0.0624354
0.10590539999999998
0.1122643
0.1141103
0.11300029999999996
0.1102583
0.10665729999999997
0.1106285
0.08243450000000001
0.06827849999999999
0.11083319999999999
0.1091607
0.0938353
0.07429250000000001
0.1068053
0.08717440000000001
0.1155742
0.07864460000000001
0.0706685
0.06758339999999999
0.06848470000000001
0.0730895
0.0751487
0.06985100000000001
0.0698745
0.07028
0.07447560000000003
0.0800126
0.0746445
0.0746434
0.07497770000000001
0.07481480000000001
0.07755050000000001
0.07579630000000001
0.07519010000000001
0.0824915
0.0803015
0.08422639999999999
0.10881019999999998
0.12485430000000002
0.12433419999999999
0.0944083
0.1629911
0.2925018
0.31741179999999997
0.0924993
0.08723339999999999
0.0822206
0.0965773
0.13968599999999998
0.1413211
0.1390241
0.13214120000000001
0.1285331
0.1179962
0.1145812
0.1210903
0.1284583
0.1037702
0.1206502
0.131394
0.16833009999999998
0.162859
0.1409751
0.1782339
0.133325
0.1706241
0.1621062
0.1362471
0.16834100000000002
0.1250693
0.14021599999999998
0.14541900000000002
0.12476820000000002
0.145476
0.12548510000000002
0.1110112
0.1001194
0.1067593
0.140003
0.16343929999999998
0.1072978
0.0458568
0.033254900000000004
0.0231684
0.0457744
0.0369185
0.03229339999999998
0.035095999999999995
0.0370064
0.0454637
0.05532452
0.05130032
0.06416161
0.14993589999999998
0.0564909
0.046981300000000004
0.0314952
0.0387194
0.09033630000000001
0.0886102
0.08192580000000001
0.08860830000000001
0.08606799999999999
0.0738758
0.0731742
0.035199
0.0359903
0.057454999999999985
0.0504915
0.06016770000000001
0.0720854
0.07298439999999999
0.042069800000000004
0.03799220000000001
0.07548250000000001
0.062422300000000014
0.0623331
0.0706175
0.13899430000000002
0.1344884
0.13093519999999995
0.0979775
0.1014959
0.1297277
0.15710710000000006
0.1391209
0.1401167
0.140559
0.1452909
0.14332160000000002
0.14591679999999999
0.1264691
0.2001153
0.113702
0.1191278
0.1277411
0.15065789999999998
0.2451649
0.11141349999999996
0.1024446
0.10612910000000003
0.112334062
0.108697
0.1074994
0.1069519
0.1257971
0.1043796
0.159601
0.13523329999999995
0.11879471
0.1132072
0.13050655
0.12315877999999998
0.11450117
0.12287459
0.20369659
0.13713917000000006
0.16208920000000002
0.11165756
0.25680713
0.20970334
0.19103843
0.15434013
0.137364
0.15651079999999998
0.14191979999999998
0.1709822
0.1683293
0.13774717
0.15254701
0.20783417
0.17106792999999998
0.14089988999999994
0.16601228999999998
0.13959177
0.16196519999999998
0.10432938
0.15805892
0.17125458
0.10517508
0.15586842
0.1023809
0.14401907000000005
0.12611526
0.09246584
0.12759289999999998
0.08211283
0.22363884
0.12600842
0.0481315
0.08667587
0.10082177
0.09048457
0.09404022
0.07333841999999999
0.07103412
0.08491225999999999
0.08692836
0.10651807
0.09088187
0.27578423
0.29175613
0.19614838
0.13878087
0.12344767
0.09856096999999996
0.12187586999999996
0.15260385
0.23861858
0.27413733
0.24591313
0.18167368
0.09894872
0.11344012
0.08453812
0.07015858
0.06987871999999999
0.07796222
0.10370632
0.10916127
0.11250617000000004
0.04590302
0.05494986999999999
0.04399317
0.05996472
0.1569102
0.1995964
0.1069156
0.09806799999999999
0.11379260000000002
0.13228410000000002
0.15034199999999998
0.1330865
0.0940257
0.11001869999999998
0.0960865
0.1185686
0.1815044
0.1444338
0.1003695
0.05938660000000001
0.019386700000000003
0.1571463
0.030084800000000005
0.0370216
0.0438873
0.06491129999999999
0.08658060000000001
0.09734069999999999
0.08824380000000001
0.0945628
0.0991268
0.08999389999999999
0.1037196
0.0979717
0.1061368
0.08893689999999999
0.1275985
0.08336089999999999
0.0977027
0.0970337
0.1085005
0.11364469999999999
0.0968249
0.1067809
0.11457359999999996
0.10321720000000001
0.1070204
0.0947671
0.1315333
0.14972729999999998
0.15719760000000002
0.21372500000000005
0.149895
0.10419300000000001
0.0988395
0.1128683
0.1128766
0.10731269999999997
0.0851757
0.07455160000000001
0.09268799999999999
0.079447
0.1114666
0.1586495
0.168532
0.182123
0.208198
0.20962000000000008
0.20535599999999998
0.13345200000000002
0.09799
0.13889600000000002
0.08046
0.054529999999999995
0.06106
0.10399
0.08873199999999999
0.10117099999999997
0.104227
0.101134
0.063694
0.049964
0.07088
0.0862
0.10566
0.07672999999999999
0.08196
0.09407
0.140262
0.136433
0.149926
0.1269
0.06805549999999999
0.0587816
0.0289236
0.02642097
0.024917940000000003
0.03466117
0.03430758
0.03602389
0.08430308
0.08955127
0.13243738
0.08184978000000001
0.09359119999999999
0.09668596
0.09358262
0.08826501
0.08900166000000001
0.12349025
0.12859711
0.14643833
0.14828488
0.20141537
0.22209251
0.21048727
0.22994346
0.1365906
0.09530392
0.12471251
0.12047965
0.15915346000000002
0.13446678
0.10789869
0.12121678
0.10443378
0.12401488
0.14859441
0.13754251
0.15107823
0.13663537
0.12817918
0.19203923
0.20490010000000003
0.13112965
0.17615132
0.10329583
0.13248155
0.13452269
0.16567346
0.18722965
0.17981840999999998
0.13489774
0.13818985
0.04046592
0.09240825
0.06044788
0.03616811
0.03295334
0.03200425
0.09226848
0.09524197
0.09074802
0.09594488
0.13940488
0.09279069
0.07118596999999999
0.039980330000000015
0.07263937
0.1857073
0.1842179
0.13266340000000001
0.06559050000000001
0.07961197
0.08652026
0.08326487000000002
0.06812735
0.09439907
0.07135741
0.11701310000000001
0.1098101
0.10703680000000004
0.10617137
0.16992800000000002
0.17422527
0.17313599999999998
0.17657027
0.17932800000000004
0.18252627
0.17922200000000002
0.17611327000000004
0.11486418
0.115935
0.1734179
0.16792318
0.108524
0.17685718
0.11501
0.18353651
0.19208737
0.14148346
0.06898037
0.06855283000000001
0.07148539000000001
0.06657993000000001
0.13022655
0.11476698
0.11022684
0.1200001
0.111723432
0.07522608
0.11155569
0.11010488
0.04499174
0.16570251
0.16382337
0.07842788
0.043950020000000006
0.09900419999999999
0.09905892
0.09980911
0.11829678
0.16673088
0.16889774000000002
0.16699997
0.18710469
0.20341183
0.21509065
0.22031188
0.21797455
0.22029388000000005
0.21917074
0.21356392
0.22368269
0.22625183
0.22318765
0.21423883
0.22242674
0.22682388
0.23091169
0.20771488
0.2248576
0.22711783
0.22554969
0.20939092
0.22345674
0.21064288
0.23606969
0.22841983
0.21235460000000006
0.22462892
0.20384174
0.21678302
0.21893383
0.22055597
0.20951674
0.21452897
0.21582088
0.18399706
0.22383388
0.19886106
0.21955483
0.2140110600000001
0.20384478
0.20172597
0.22053788
0.21408511
0.21529283
0.21558602
0.21613392000000006
0.20218997
0.17027278
0.1605282
0.15902191999999998
0.15342905999999998
0.15346197
0.20504688
0.20368555
0.17046797
0.16801883
0.16869311000000006
0.16033402000000002
0.17129406000000005
0.16248092
0.16110220000000006
0.16108002000000002
0.16827000000000006
0.20131
0.172352
0.11350799999999996
0.09295399999999998
0.0796639
0.10893774
0.09775506
0.08201220000000001
0.09351397
0.179371
0.18959
0.165428
0.08221800000000001
0.11786916
0.1568328
0.16030774
0.15947251000000004
0.17592487999999998
0.16054693
0.1544757
0.1533316
0.1561747
0.17475510000000002
0.18928511000000006
0.206966
0.232219
0.2039562
0.1843125
0.207915
0.1931483
0.2191805
0.19476770000000002
0.1944859
0.1954164
0.2208574
0.1966178
0.194629
0.1670044
0.12718980000000002
0.1313763
0.12902170999999998
0.15654480000000004
0.1624096
0.13455359999999994
0.1293911
0.1526795
0.12705387
0.13286941000000002
0.12619865000000002
0.1229883
0.122857
0.15110910000000002
0.12193039999999998
0.1237289
0.1295222
0.13658639999999994
0.12839009999999998
0.1292009
0.15527090000000002
0.1287103
0.125862
0.11814540999999998
0.1812291
0.19293276000000004
0.191702
0.183033
0.17379060000000002
0.1625356
0.15548399999999998
0.08819600000000001
0.17088299999999998
0.14836
0.17018699999999998
0.174376
0.21759
0.196521
0.1890898
0.18923
0.281254
0.26836859999999996
0.26211500000000004
0.185008
0.19185
0.18191
0.17991600000000002
0.17413
0.1645311
0.21115
0.1823629
0.203674
0.184365
0.19465632
0.25785
0.2439859
0.21391
0.29412999999999995
0.1927665
0.19969099999999995
0.2011695
0.217991
0.2422051
0.21778499999999998
0.184367
0.181974
0.186362
0.10575125
0.184376
0.201472
0.2130487
0.23752199999999998
0.21351689999999998
0.17510499999999998
0.17643899999999998
0.1916110000000001
0.236511
0.26308000000000004
0.268302
0.200423
0.191663
0.188781
0.1875297
0.200789
0.21785323
0.229497
0.268878
0.211199
0.23544
0.24518
0.2331050000000001
0.2421
0.26776920000000004
0.285165
0.29834
0.24389
0.189109
0.183489
0.211604
0.21642
0.152334
0.120153
0.12322799999999998
0.122921
0.179105
0.1886
0.18775999999999998
0.17845350000000001
0.1790423
0.18216500000000002
0.1630692
0.17145206
0.17089749999999998
0.09758590000000003
0.09989829
0.1047844
0.10910143
0.11044565
0.1051107
0.08933987999999997
0.10190129000000002
0.1181249
0.12492939999999997
0.13562960000000002
0.1331175
0.15557020000000002
0.1054359
0.1587009
0.14550120000000002
0.15262060000000002
0.14263
0.149369
0.13581300000000002
0.15428509999999998
0.15170799999999998
0.13621499999999995
0.150086
0.1023331
0.093488
0.14544300000000002
0.1437408
0.151409
0.15644129999999998
0.14282579999999995
0.137138
0.1475994
0.14251789999999998
0.1375089
0.15072660000000002
0.15711129999999998
0.1553499
0.14208169999999998
0.13826889999999994
0.15065279999999998
0.14090979999999995
0.1562208
0.15698749999999995
0.1350832
0.1444559
0.13585
0.132104
0.11545999999999998
0.15911
0.106257
0.12778599999999998
0.100627
0.09619
0.12978
0.09692100000000001
0.11647
0.11818
0.10500099999999997
0.15899000000000002
0.17572000000000002
0.144025
0.13533900000000001
0.128941
0.13073
0.275274
0.309941
0.106457
0.116215
0.1068
0.03997
0.0393227
0.11024
0.115032
0.102751
0.0478356
0.053744899999999984
0.04496399999999999
0.048368400000000006
0.0500692
0.0427482
0.047211100000000006
0.05568360000000002
0.06349339999999999
0.200808
0.2898524
0.28445980000000004
0.16573
0.333519
0.337648
0.268706
0.129114
0.121512
0.146217
0.150584
0.153829
0.10619599999999996
0.11575799999999999
0.1282645
0.124605
0.109952
0.109267
0.118947
0.134207
0.12765700000000002
0.11627
0.12043399999999999
0.11981800000000001
0.14262999999999998
0.13371000000000002
0.13048588
0.160483
0.142621
0.15469000000000002
0.1216136
0.1250847
0.14093550000000002
0.15596
0.13469
0.14796199999999998
0.097182
0.100022
0.109169
0.1002471
0.1024923
0.0990081
0.28125279999999997
0.1260212
0.16829000000000002
0.187063
0.2087081
0.2430583
0.260321
0.2658212
0.2558141
0.2617700000000001
0.2267114000000001
0.26437540000000004
0.16633040000000004
0.15897709999999998
0.096367
0.08515400000000001
0.17450400000000002
0.158161
0.097003
0.15685420000000005
0.0902893
0.103627
0.165984
0.169744
0.23219
0.1821213
0.2012779
0.2044848
0.209584
0.22144000000000005
0.17971455
0.17960000000000004
0.126683
0.114841
0.124176
0.085368
0.167994
0.19636137
0.16477299999999998
0.210172
0.180186
0.209539
0.16506700000000002
0.19155
0.196325
0.164588
0.096173
0.083438
0.102494
0.082039
0.12798355
0.144586
0.17727600000000002
0.251438
0.10241800000000001
0.08907000000000001
0.11318800000000001
0.185185
0.18621
0.17828300000000002
0.19615746
0.206881
0.196927
0.21783899999999998
0.240579
0.190421
0.1342649
0.186398
0.18628
0.087279
0.17917950000000002
0.23904600000000004
0.146142
0.1279724
0.1257357
0.13227779999999995
0.081393
0.31557
0.16855699999999998
0.084757
0.097006
0.160026
0.20820300000000003
0.195869
0.13298100000000002
0.1093
0.102146
0.08985900000000001
0.105437
0.104523
0.08186500000000001
0.029217700000000006
0.0358037
0.024459099999999998
0.0467285
0.0380181
0.0370634
0.023943799999999998
0.0349691
0.0180993
0.0257027
0.027713100000000004
0.0512382
0.27233709999999994
0.2339185
0.26177510000000004
0.17435299999999998
0.30417
0.24344
0.27531
0.26276000000000005
0.30264
0.1813
0.27444
0.282401
0.38278
0.33522
0.215406
0.22623379999999998
0.23977
0.23513
0.266602
0.29011000000000003
0.33942999999999995
0.26427
0.20968
0.23504
0.22744
0.23079
0.36564
0.36215
0.37119
0.33692999999999995
0.19606
0.18752
0.21294000000000002
0.255749
0.28853
0.304487
0.23665
0.0952566
0.1077662
0.09549550000000001
0.0476853
0.0447595
0.03660529999999999
0.037526300000000005
0.033682199999999995
0.022188
0.0359449
0.028531
0.03670750000000001
0.032262799999999994
0.0407264
0.0381555
0.05307880000000001
0.04011479999999999
0.03132
0.28770300000000004
0.3361
0.353177
0.34844
0.11707
0.117739
0.19573800000000002
0.183323
0.195954
0.044339
0.098998
0.0993099
0.0897104
0.08886540000000001
0.0989243
0.07622469999999999
0.0697467
0.07003150000000001
0.0865165
0.0782484
0.08536830000000001
0.1468527
0.192085
0.2015141
0.2042561
0.1970561
0.2052991
0.1947761
0.14660689999999998
0.1507841
0.1527891
0.1552711
0.20019389999999998
0.1892269
0.15841219999999998
0.1921069
0.1339712
0.0962583
0.0951355
0.09874850000000003
0.0953495
0.0994805
0.0975356
0.0954676
0.08976930000000001
0.08955210000000001
0.1520372
0.0996145
0.0959874
0.1073133
0.1168703
0.1091873
0.1089242
0.0981182
0.1050284
0.0923027
0.0990734
0.1488239
0.15615099999999998
0.152608
0.14604289999999998
0.1732069
0.178606
0.1538829
0.138876
0.19658689999999998
0.1577431
0.14167929999999998
0.15151399999999998
0.16776989999999994
0.14392420000000006
0.1405102
0.16143899999999994
0.1929669
0.1040664
0.1002715
0.1206202
0.15480690000000005
0.1455
0.127101
0.1217319
0.14374389999999998
0.1274381
0.1558906
0.1427691
0.11104469999999997
0.0999439
0.10032928
0.1000534
0.1053222
0.1096897
0.1142181
0.12130345
0.27005840000000003
0.3264161
0.3416882
0.2337648
0.0322315
0.0352247
0.0420418
0.035653
0.03711060000000002
0.10464700000000003
0.14957700000000002
0.191873
0.16809129999999994
0.17392399999999994
0.1938669
0.1079326
0.0956959
0.10073689999999999
0.10145789999999999
0.09562469999999999
0.1481014
0.15201579999999998
0.0968358
0.0994409
0.09595399999999996
0.1036548
0.0932167
0.10976330000000001
0.10710739999999998
0.10608339999999998
0.0997755
0.10828070000000001
0.10322970000000001
0.1071697
0.0996777
0.0927587
0.09672889999999999
0.0941583
0.0922058
0.10571069999999999
0.0927316
0.092435
0.1646074
0.0910105
0.08967699999999999
0.089974
0.086478
0.0879272
0.0861561
0.0908162
0.09128910000000001
0.08383560000000001
0.09648889999999999
0.09038389999999999
0.0942418
0.0911827
0.1415944
0.09949879999999996
0.1464364
0.08925280000000001
0.0934471
0.12468339999999999
0.1319432
0.1247384
0.12912440000000006
0.1299792
0.14904330000000002
0.11840639999999998
0.0902091
0.0980545
0.1153963
0.0961817
0.1137133
0.1068285
0.1115982
0.11652919999999999
0.1332381
0.0922955
0.08768089999999999
0.082182
0.08307629999999999
0.0834338
0.11669939999999998
0.29609109999999994
0.08397009999999999
0.08585930000000001
0.0791084
0.0933362
0.0921322
0.07939910000000001
0.0949298
0.0799985
0.13148339999999994
0.12771169999999998
0.09995019999999999
0.0970157
0.1235577
0.10823479999999999
0.1121477
0.13041509999999998
0.1911105
0.2715053
0.2996251
0.1759364
0.17796669999999998
0.0988012
0.1041762
0.1027302
0.12703099999999998
0.0945164
0.08006410000000001
0.1255915
0.0946212
0.14589010000000002
0.13631429999999994
0.13061509999999998
0.1370481
0.12540040000000002
0.1256072
0.16032829999999998
0.14913639999999995
0.1099445
0.09459780000000001
0.1978901
0.15170090000000006
0.17267960000000002
0.0874995
0.0948829
0.0817591
0.094308
0.11091489999999997
0.208766
0.2206898
0.21987620000000002
0.2355111
0.2196732
0.1863634
0.19905650000000005
0.2043522
0.1947501
0.1247488
0.1830953
0.15064249999999998
0.1569089
0.1526862
0.1721149
0.17495119999999995
0.15059070000000002
0.15193279999999998
0.1840389
0.16158599999999998
0.1615442
0.14129350000000002
0.1248345
0.1112795
0.14109539999999998
0.1393674
0.1425783
0.1296771
0.1284832
0.0905371
0.1036534
0.1032883
0.140714
0.14630700000000002
0.1584921
0.1545082
0.1503483
0.1012632
0.13002229999999998
0.1225472
0.1469193
0.16845520000000005
0.1611951
0.06728210000000001
0.0492635
0.042272699999999996
0.05365669999999999
0.0363205
0.0248668
0.0383077
0.0529678
0.0560726
0.0348908
0.0381668
0.041436699999999986
0.0577215
0.033611699999999994
0.037088699999999995
0.0435103
0.0445226
0.08380239999999999
0.08559029999999998
0.0665538
0.1040583
0.08785950000000001
0.07307949999999999
0.0918673
0.1000113
0.08961110000000001
0.1028533
0.08061739999999999
0.10960739999999998
0.11186739999999999
0.08337149999999999
0.1097944
0.11876030000000001
0.1061994
0.0949166
0.0942494
0.08443139999999999
0.1149234
0.09744939999999999
0.07885360000000001
0.1127904
0.1161624
0.1172983
0.0995373
0.0931665
0.0927387
0.06627960000000001
0.08673960000000001
0.09465139999999997
0.0951045
0.0978677
0.10866960000000002
0.0970528
0.1077674
0.1277892
0.0888185
0.0914265
0.0999607
0.11173249999999996
0.1012576
0.1072823
0.08527639999999999
0.0835847
0.10835050000000002
0.1089057
0.1075245
0.0998974
0.13379919999999998
0.0980801
0.1081873
0.1111182
0.1084865
0.1133383
0.1320574
0.1332654
0.11029639999999999
0.1353592
0.0959602
0.1633811
0.1404773
0.1088172
0.1284693
0.1095293
0.13462539999999998
0.1360444
0.1177761
0.1229492
0.1291488
0.1636765
0.1164728
0.12457280000000001
0.08804780000000001
0.049862300000000005
0.06811080000000001
0.057518800000000016
0.0911446
0.086591
0.0827145
0.0342645
0.07789929999999999
0.0630174
0.0521512
0.0439126
0.0678078
0.2399228
0.1248228
0.05360849999999999
0.0698835
0.045310500000000004
0.0436197
0.0455357
0.033708300000000004
0.0773168
0.25110730000000003
0.23793029999999998
0.1440078
0.0528466
0.061462599999999985
0.06695530000000001
0.0584225
0.05240100000000001
0.052644
0.0613484
0.0474464
0.04838030000000002
0.1387481
0.21421910000000002
0.190274
0.14281089999999996
0.10191609999999998
0.0535921
0.0502915
0.0658752
0.06190150000000001
0.0458357
0.08447919999999999
0.04676338
0.05152650000000001
0.051580600000000004
0.0634197
0.0474087
0.05120570000000002
0.0501155
0.0518624
0.0566794
0.0708775
0.06160060000000001
0.0499026
0.0476235
0.053591699999999985
0.0437337
0.050781599999999996
0.06296449999999999
0.0793945
0.0450286
0.0447767
0.049568699999999986
0.0565928
0.0469456
0.05973250000000001
0.042344699999999985
0.0359107
0.0500595
0.049446699999999996
0.0437827
0.0787972
0.0721446
0.1150092
0.1107053
0.1394902
0.11307169999999997
0.12915439999999995
0.08031959999999999
0.1092536
0.1458524
0.1500891
0.0938089
0.2026588
0.2200558
0.211804
0.156696
0.18539200000000008
0.15279280000000006
0.1430451
0.1599264
0.17662679999999994
0.0729804
0.10022130000000001
0.08554160000000001
0.0693707
0.07599449999999999
0.07057160000000001
0.0887865
0.07552729999999999
0.0614356
0.0750725
0.0694516
0.042699
0.0667377
0.056780899999999995
0.2694679
0.2611368
0.2338839
0.1055077
0.100899
0.0953172
0.0831913
0.0655837
0.0596376
0.0567492
0.07600960000000001
0.0932214
0.06983860000000001
0.06992860000000001
0.09481419999999999
0.08448220000000001
0.09017939999999999
0.0863695
0.08788929999999999
0.1047089
0.07080360000000001
0.07530650000000001
0.0976768
0.1611671
0.1993879
0.08959439999999999
0.1315941
0.1293629
0.1111263
0.0818316
0.0867135
0.07011060000000001
0.0786747
0.0736967
0.0644689
0.0751006
0.0626448
0.06944460000000001
0.07526170000000001
0.0540834
0.0600591
0.055992200000000006
0.06739010000000001
0.0688758
0.0766883
0.07327710000000001
0.08628559999999999
0.062478699999999984
0.0459927
0.07218939999999999
0.09106449999999999
0.08830310000000001
0.07179110000000001
0.10135729999999996
0.07199449999999999
0.045688699999999985
0.0441227
0.07301210000000001
0.0742483
0.05628040000000002
0.0914781
0.0930232
0.1010971
0.1025762
0.0999096
0.1024729
0.0962102
0.0903405
0.07903070000000001
0.0935859
0.0994759
0.0868931
0.1197369
0.0955571
0.095654
0.1091378
0.10113989999999999
0.11407570000000004
0.1041927
0.1120697
0.10167500000000004
0.1390854
0.1323619
0.1131421
0.0681831
0.0999459
0.095915
0.099422
0.082497
0.07406209999999999
0.0956781
0.108957
0.1036989
0.08044810000000001
0.10721989999999998
0.115139
0.116025
0.1034069
0.11399180000000002
0.09631210000000001
0.10930299999999996
0.0917632
0.094044
0.1160302
0.1330802
0.106644
0.08755310000000001
0.0908381
0.0494934
0.07377210000000001
0.1380059
0.0461821
0.1007321
0.1281461
0.0982411
0.15554210000000002
0.1945659
0.1383502
0.1908331
0.09663510000000003
0.11403769999999999
0.0854437
0.0854646
0.08703960000000001
0.0924796
0.0915926
0.0931007
0.0950979
0.0925959
0.09393889999999999
0.0953689
0.0909529
0.0967537
0.0959787
0.0441797
0.029724900000000002
0.030736800000000005
0.034738
0.045861599999999995
0.0356466
0.0277459
0.0334892
0.024672200000000002
0.0378702
0.0231603
0.0294202
0.0292359
0.032331099999999995
0.034956199999999986
0.0313242
0.037750099999999995
0.0262022
0.0245072
0.0393041
0.029602299999999998
0.0322047
0.22335410000000006
0.1878221
0.033559200000000004
0.1159673
0.0310687
0.0358949
0.048054900000000005
0.042912000000000006
0.03374
0.029246
0.0353237
0.0274698
0.0264653
0.0500046
0.0422671
0.0342032
0.0322811
0.033717199999999996
0.036305300000000006
0.0388502
0.04905400000000002
0.0394767
0.04969889999999999
0.0408589
0.033742200000000014
0.1469029
0.05277230000000002
0.04240719999999999
0.03570012
0.032485900000000005
0.0425607
0.0420193
0.0557154
0.050711800000000015
0.0687405
0.036832300000000005
0.041834600000000007
0.0424109
0.0698135
0.05215759999999999
0.07321159999999999
0.038782599999999987
0.05695260000000001
0.04215970000000002
0.0548327
0.053849500000000015
0.0651552
0.0462585
0.0696344
0.0557375
0.0611653
0.06091450000000001
0.0520427
0.0651376
0.0587377
0.0666307
0.0583557
0.058917799999999985
0.0385999
0.0576164
0.03915779999999999
0.038758
0.035707100000000006
0.07474480000000001
0.2578179
0.1175968
0.078051
0.04209469999999999
0.046369
0.0635206
0.038681699999999986
0.0329179
0.038601800000000006
0.0405908
0.036506800000000006
0.0410888
0.0374226
0.0362399
0.03233306
0.0323531
0.0377199
0.034794200000000004
0.0394013
0.0286295
0.0964041
0.033873400000000005
0.036419
0.0375711
0.04439989999999999
0.028619400000000007
0.036738700000000006
0.0977711
0.08957119999999999
0.0765178
0.0963071
0.09133430000000001
0.0635081
0.0651301
0.0568057
0.0564876
0.0461168
0.0333957
0.10823729999999998
0.1151255
0.1278162
0.1110463
0.11848
0.1973178
0.14448100000000005
0.0990735
0.1096442
0.1028704
0.09781799999999999
0.09835260000000001
0.11156110000000001
0.1149788
0.1149132
0.10459639999999999
0.0991827
0.0970615
0.0657677
0.05543800000000002
0.0446777
0.0719542
0.06706469999999999
0.05457730000000001
0.044040499999999996
0.06842310000000001
0.1076819
0.15286670000000002
0.1652901
0.0811408
0.087976
0.10092689999999999
0.041949920000000016
0.046284399999999996
0.0576791
0.059950599999999986
0.0958355
0.09004830000000001
0.08941280000000001
0.08527309999999999
0.0946651
0.09590689999999999
0.0372196
0.04314509999999999
0.0310326
0.05944010000000001
0.08857599999999999
0.0838394
0.06321109999999999
0.0246317
0.0720999
0.059680099999999986
0.0464788
0.0581898
0.0488626
0.0642602
0.05887340000000001
0.0698502
0.07692750000000001
0.15161219999999995
0.13608209999999998
0.0954244
0.0989492
0.1045306
0.0577288
0.055294
0.0916263
0.06697
0.0746446
0.08977660000000001
0.0486458
0.1027931
0.1466703
0.07010359999999999
0.0258926
0.08801260000000001
0.1001932
0.10232689999999997
0.08579210000000001
0.07955799999999999
0.09582660000000001
0.059285800000000013
0.0387341
0.07726409999999999
0.1126568
0.21125850000000002
0.13223259999999998
0.08199730000000001
0.07581740000000001
0.0713673
0.0868102
0.07670350000000001
0.078566
0.071163
0.08762919999999999
0.0753625
0.0760275
0.0663995
0.0787865
0.0804645
0.08230830000000001
0.0757554
0.0749444
0.07424019999999999
0.0829673
0.0816165
0.08398639999999999
0.0947973
0.08113229999999999
0.08391710000000001
0.0906621
0.0838383
0.0844992
0.0851633
0.08297739999999999
0.06015180000000001
0.1026264
0.08120110000000001
0.06473440000000001
0.0418935
0.0447635
0.06334880000000001
0.1811002
0.12409119999999994
0.14357399999999998
0.1475102
0.1617478
0.1768421
0.1219583
0.1110902
0.10694499999999996
0.1099521
0.0902069
0.0873207
0.0777192
0.040652399999999984
0.1244555
0.1289504
0.12721939999999998
0.13587870000000002
0.1478003
0.1403904
0.16466920000000002
0.1329664
0.1429356
0.2531564
0.1789316
0.162744
0.2435226
0.2350846
0.138764
0.14030130000000002
0.0959624
0.1015383
0.1001205
0.0907893
0.1165963
0.0984496
0.109011
0.1175638
0.1268992
0.13346409999999995
0.0954031
0.13364179999999998
0.0935012
0.1056674
0.12598839999999994
0.0972287
0.08914400000000001
0.1150263
0.09248619999999999
0.11065360000000002
0.110788
0.108348
0.09871100000000001
0.0962771
0.11223759999999999
0.10773440000000001
0.1147056
0.1039152
0.1254912
0.1100702
0.1353453
0.0932662
0.0915041
0.1092628
0.1297201
0.1058306
0.10475769999999998
0.094476
0.10755610000000002
0.0922688
0.1226978
0.1675523
0.1361017
0.13849779999999998
0.11583169999999998
0.11269909999999995
0.155424
0.17696750000000006
0.1773441
0.1133062
0.1158872
0.1115244
0.0026883000000000002
0.0002089
0.15081889999999998
0.08232700000000001
0.13598
0.15480999999999998
0.124699
0.15800799999999998
0.100889
0.118244
0.12642899999999999
0.191761
0.060721
0.017856
0.057728
0.007142399999999998
0.0733957
0.06917649999999999
0.1013144
0.1142675
0.1354685
0.15180739999999998
0.1342892
0.0919201
0.0986547
0.1209161
0.13069200000000006
0.13399386800000002
0.077262
0.07941799999999999
0.149331
0.13657999999999998
0.11381671
0.11088443
0.02227092
0.03224
0.037685
0.11768900000000002
0.07308200000000001
0.19075
0.20409000000000002
0.14016499999999998
0.1325
0.22081
0.14841
0.19725
0.16801000000000002
0.0843
0.04783300000000002
0.05996000000000001
0.041536
0.05351399999999999
0.029101
0.108547
0.23317
0.041364
0.073934
0.140774
0.13402740000000002
0.1953003
0.0933211
0.06444369999999999
0.08787800000000001
0.19828479999999998
0.0873
0.08989689999999999
0.1069546
0.14430769999999998
0.0640083
0.1801315
0.0971872
0.0981744
0.1824139
0.1106337
0.1246361
0.2803008
0.19160050000000006
0.0600066
0.17385079999999994
0.3734936
0.2772322
0.1509109
0.2605042
0.12498030000000002
0.18568530000000005
0.19480050000000004
0.1515964
0.1585527
0.1473991
0.12013599999999999
0.2253532
0.1992759
0.16227360000000002
0.1667362
0.2214427
0.1323063
0.1357963
0.0925881
0.0744761
0.1154354
0.11338039999999999
0.1478932
0.1049037
0.1831084
0.12208739999999994
0.2425646
0.3178018
0.14345729999999998
0.0865135
0.17921189999999998
0.08931139999999999
0.0943271
0.22188920000000004
0.1193051
0.2214608
0.1612565
0.1806312
0.2121004
0.3121541
0.3838156
0.4028742
0.3229369
0.2483565
0.226789
0.30853
0.22617
0.39582
0.34009199999999995
0.28703
0.29991
0.29771
0.30457
0.31172
0.30704000000000004
0.26129
0.2997099999999999
0.18156
0.188863
0.3121685
0.2078882
0.34905240000000004
0.41148370000000006
0.22972129999999996
0.1972684
0.30556609999999995
0.2613764
0.28845059999999995
0.25996400000000003
0.217265
0.258409
0.12723199999999998
0.320799
0.262706
0.224622
0.24397800000000003
0.205598
0.058453
0.17837809999999998
0.1446016
0.21871230000000005
0.191198
0.080624
0.14938900000000002
0.095011
0.07906399999999998
0.07451110000000001
0.07281
0.1014794
0.08671549999999999
0.033256100000000004
0.08363069999999999
0.16487109999999994
0.28043
0.157501
0.08224000000000001
0.017085799999999998
0.18176
0.168962
0.100108
0.02759
0.08421200000000001
0.151791
0.216448
0.014134799999999998
0.03920100000000002
0.04016100000000001
0.057257
0.022078999999999998
0.022491
0.017927000000000002
0.146017
0.2279140000000001
0.06864200000000001
0.193795
0.08998089999999999
0.10857
0.0989237
0.1151417
0.138561
0.209204
0.14064100000000002
0.155618
0.040745
0.03403
0.016600999999999998
0.07401089999999999
0.0174262
0.017009299999999998
0.10448930000000001
0.008648099999999999
0.013553
0.0161657
0.0766841
0.0190318
0.014766
0.017350799999999996
0.1145388
0.1044757
0.1106992
0.12427460000000001
0.1101127
0.1256119
0.16897839999999995
0.11131680000000001
0.08395019999999999
0.13921709999999998
0.0991587
0.1142415
0.1364911
0.103479
0.10536580000000001
0.1195759
0.053468299999999996
0.13302019999999998
0.0461249
0.06718539999999999
0.1471055
0.04858029999999999
0.08639799999999997
0.037641
0.031643800000000014
0.026958
0.071404
0.07783399999999999
0.060677000000000016
0.038718999999999996
0.098989
0.11421599999999996
0.1170706
0.076674
0.036531
0.106427
0.15306799999999998
0.091325
0.164693
0.18496600000000002
0.172464
0.246373
0.190876
0.234696
0.082063
0.08908540000000001
0.078568
0.08717710000000001
0.125452
0.098623
0.078843
0.214542
0.12592399999999998
0.13934000000000002
0.16603600000000002
0.14666900000000002
0.12559
0.1244489
0.106835
0.147
0.085574
0.15748499999999999
0.170416
0.1602539
0.1135612
0.0953078
0.1168212
0.1308942
0.07750019999999999
0.1256897
0.0996517
0.08749710000000002
0.1169305
0.08207969999999999
0.26551990000000003
0.252394
0.27265169999999994
0.1705017
0.13030780000000006
0.097822
0.0716522
0.0632512
0.1045513
0.036013199999999995
0.0949043
0.0511013
0.10199130000000001
0.06768710000000001
0.1509161
0.1887147
0.15269639999999998
0.1465509
0.12072939999999999
0.1490422
0.1876584000000001
0.15562479999999998
0.1436345
0.1398336
0.1461807
0.06467389999999999
0.06520459999999999
0.0454129
0.1107488
0.06626739999999999
0.07616339999999999
0.025434900000000003
0.021494400000000004
0.0721011
0.07254239999999999
0.0822658
0.2158813
0.0874422
0.0757669
0.104422
0.1153854
0.06661900000000001
0.0960244
0.128211
0.05813620000000001
0.084982
0.043251
0.13347599999999998
0.086619
0.052240999999999996
0.060305999999999985
0.126749
0.082221
0.117357
0.15623299999999998
0.063676
0.057943000000000015
0.044151
0.056062
0.090832
0.046045
0.131922
0.08387
0.075964
0.20154200000000005
0.150089
0.253146
0.30750199999999994
0.258729
0.201127
0.137602
0.206629
0.273768
0.308661
0.18780600000000008
0.2911270000000001
0.159193
0.13078099999999998
0.272364
0.329052
0.160996
0.189242
0.305707
0.18197600000000005
0.118318
0.16287300000000002
0.231887
0.22863900000000004
0.211862
0.078944
0.105132
0.122074
0.167318
0.13825500000000002
0.05163499999999999
0.054450000000000005
0.06343700000000001
0.10390999999999999
0.072715
0.123786
0.06279799999999999
0.070154
0.086906
0.13427699999999998
0.038506700000000005
0.22321800000000008
0.1337745
0.1530697
0.0578563
0.06924799999999999
0.22116110000000005
0.0978289
0.12925219999999998
0.09266569999999999
0.0470889
0.09391970000000002
0.184428
0.0764049
0.1537904
0.22749439999999999
0.0953551
0.12981749999999995
0.15989389999999998
0.1127634
0.08603470000000002
0.0999668
0.11951690000000002
0.048769699999999985
0.32964000000000004
0.2428783
0.2198423
0.26210170000000005
0.30535699999999993
0.29429890000000003
0.24814320000000006
0.2440865
0.30154699999999995
0.3262262
0.30553870000000005
0.3227166
0.32568850000000005
0.3700112
0.185582
0.3073304
0.2855074000000001
0.2847241
0.2592747
0.2820963
0.0272128
0.0296013
0.26685770000000003
0.019734
0.0653061
0.31525210000000004
0.323145
0.2128533
0.0130918
0.0181065
0.020039
0.015626599999999997
0.0968325
0.0922312
0.1102196
0.1651025
0.031037500000000006
0.0449295
0.0944634
0.0952982
0.086772
0.06431379999999999
0.0313191
0.0296094
0.13066760000000002
0.0355393
0.0968089
0.1094888
0.0282024
0.1361918
0.08085342
0.17152702
0.08617657
0.11256816
0.12515272
0.01917891
0.108234
0.107785
0.090802
0.11465999999999997
0.221874
0.181433
0.208296
0.238254
0.090323
0.100172
0.08116799999999999
0.128935
0.24751
0.236662
0.200449
0.07548200000000001
0.0250893
0.0372329
0.035240000000000014
0.049671
0.06978780000000001
0.115101
0.043823
0.0728934
0.0212485
0.080164
0.105217
0.07657219999999999
0.1362797
0.0982939
0.08264070000000001
0.079182
0.07965633999999999
0.07710694
0.07899148
0.12941759
0.12548044999999994
0.08842773
0.08737873
0.08662368000000001
0.09442164
0.08690134
0.10766173
0.08419383
0.08062567999999999
0.10873688
0.11385212
0.07867937
0.07348872000000001
0.10736400000000001
0.17352
0.07542019999999999
0.08458350000000002
0.124267
0.07982299999999999
0.101148
0.10280399999999999
0.088278
0.1459457
0.09975008
0.19105917999999994
0.12475882
0.11841492
0.13917781999999998
0.13420877
0.21656252
0.16933826
0.16611392
0.16829262
0.18333947
0.18944887
0.14930862
0.15870392
0.13952356
0.06230589
0.08177195000000001
0.1041702
0.053168700000000006
0.08568084999999999
0.08652860000000001
0.07788285000000003
0.12675704999999998
0.08390072
0.14495771999999998
0.11409587000000004
0.11824791
0.10192125
0.16310994999999998
0.054821100000000005
0.07475504999999999
0.18302815000000008
0.08813104999999999
0.1069031
0.13420096
0.13087696
0.13600005000000004
0.1886621
0.13975509999999994
0.20217505
0.16024609999999995
0.11486905
0.1272871
0.21034105000000008
0.09392391999999998
0.28240496
0.0822161
0.1311221
0.15439901
0.19420501
0.05382905
0.30769996000000005
0.15748092000000002
0.10317492
0.05207695999999999
0.13727296
0.08422792
0.11082392000000002
0.16994982000000006
0.12956987000000006
0.21324696
0.19356887
0.12009796
0.08331695999999998
0.20540092
0.17893582000000002
0.13197096
0.14804295999999995
0.08590195999999999
0.16226100999999998
0.12203496
0.15545096000000005
0.16704801000000002
0.20398705
0.11036705
0.13086095999999994
0.13877092
0.11530216
0.12823595999999998
0.11622100999999994
0.19367406
0.05736201
0.03685581
0.04581381
0.05033005
0.15497992000000002
0.07236195999999999
0.09984601
0.14170101000000002
0.14948205000000006
0.11572001
0.12774496
0.22585292
0.14718396
0.17214191999999998
0.07871386999999999
0.10167592000000003
0.23707796
0.13423596000000002
0.18356696
0.17968596000000006
0.27899396
0.18574587
0.14539692
0.3562357800000001
0.32597592
0.20209292
0.20733801
0.18124692
0.40192596
0.32768696
0.33441301
0.28467096
0.3255279200000001
0.25806796000000004
0.26053696
0.25239501
0.29742792
0.33506005000000005
0.24036101
0.15468905
0.31316296000000005
0.22626796
0.31478096
0.24490705
0.28560905000000003
0.15663705
0.22447205
0.12156001
0.3973200500000001
0.36267592
0.26949892
0.06394101
0.20942405000000008
0.16662505000000002
0.08818400999999998
0.20125701
0.26274671
0.27111126
0.3671132
0.22463572
0.31253751
0.33347296
0.20816951
0.37548052
0.28324022
0.18282646
0.16049700000000006
0.14531569999999994
0.21212425
0.17994265
0.08900444999999997
0.1272739
0.28726011
0.3039274
0.17392581
0.20859091000000005
0.28159127
0.12574612
0.30291995999999993
0.21736256
0.11906522
0.20801785
0.09602135999999996
0.20783826
0.17931706
0.18156712000000005
0.24847457
0.14702581999999995
0.20568012
0.19591302
0.18145423
0.16034468
0.14989408
0.13588312
0.15997917
0.16007337000000002
0.09420216
0.10334522
0.09892387
0.20251592
0.07491992
0.04901296
0.13207122999999998
0.12334654
0.19181193
0.12226767
0.16308396000000006
0.08408387
0.10925177
0.05431663000000001
0.08866373
0.11602946
0.14528282999999995
0.07610381999999999
0.12980864
0.10806268
0.08006529000000001
0.05965762999999999
0.08124568
0.07418992999999999
0.12067907
0.09104388
0.03727387
0.11419448
0.10751239000000004
0.14001653
0.03341047999999998
0.08933471
0.05807652
0.11100512
0.04937367
0.035347569999999995
0.033368619999999995
0.12748048
0.058687480000000014
0.033345
0.07148099999999999
0.078961
0.013451
0.0105899
0.050791699999999995
0.0761661
0.0358621
0.08356240000000001
0.0137935
0.0531913
0.0133716
0.026202500000000004
0.0716085
0.036249800000000006
0.0676672
0.071582
0.15616919999999998
0.15044499999999994
0.2167113
0.135465
0.0373089
0.07002960000000001
0.038633
0.09353709999999996
0.0169046
0.102234
0.1466
0.16248200000000002
0.233274
0.19117620000000002
0.0147989
0.0334409
0.0386353
0.014103999999999997
0.0151047
0.014199799999999999
0.01965
0.0312029
0.0123911
0.012618700000000002
0.0439036
0.016417400000000002
0.0438043
0.0173695
0.013154399999999998
0.0127999
0.0283186
0.0180615
0.020542
0.042265
0.053957000000000005
0.0969479
0.051088999999999996
0.025061700000000003
0.0122757
0.0171048
0.0132304
0.0231733
0.047179
0.0203655
0.029869
0.07067599999999999
0.0236054
0.020896900000000003
0.018966100000000003
0.021556799999999997
0.0708549
0.0138777
0.035691900000000006
0.10141900000000001
0.1248815
0.06847389999999999
0.1075617
0.1053124
0.0944527
0.06760239999999999
0.0553087
0.1140983
0.1229086
0.06393230000000001
0.1025475
0.1208365
0.0905014
0.1409885
0.06870279999999998
0.1713647
0.1229805
0.07253780000000001
0.1046136
0.1266997
0.1158385
0.08773910000000001
0.08116099999999997
0.08160039999999999
0.06388350000000001
0.09558560000000002
0.11161379999999999
0.1085534
0.2274971
0.10559569999999999
0.1710779
0.09707889999999998
0.1004835
0.10049659999999998
0.17990330000000002
0.1476635
0.06977230000000001
0.20136110000000002
0.15929029999999994
0.0881753
0.1615884
0.21271320000000002
0.0440074
0.1333221
0.2406102
0.2456813
0.16936629999999994
0.1797282
0.06551860000000001
0.1840701
0.07199699999999999
0.11541019999999999
0.1370865
0.1184164
0.11434769999999997
0.1376603
0.0725592
0.1018018
0.10551380000000002
0.0451768
0.1928468
0.0924285
0.2704946
0.2206418
0.2509287
0.113072
0.2563403
0.1028208
0.15368559999999998
0.10040780000000002
0.1240565
0.1109647
0.0806645
0.08197850000000001
0.0254299
0.0137374
0.067076
0.029633799999999995
0.11690439999999999
0.0518356
0.037032
0.0150374
0.021476
0.0098681
0.0144977
0.0573692
0.08905719999999999
0.1489235
0.1550727
0.17538769999999998
0.13752379999999995
0.0333076
0.0282895
0.0507538
0.1189482
0.11894269999999997
0.18723800000000002
0.0727564
0.0860708
0.07067970000000001
0.07888139999999999
0.0760712
0.07887279999999999
0.1678987
0.07162869999999999
0.140295
0.1189118
0.08397799999999997
0.2047433
0.18555020000000005
0.09734449999999996
0.1465928
0.16728919999999994
0.1467194
0.0432306
0.1033047
0.13319779999999998
0.06347269999999999
0.1460256
0.21415810000000002
0.20677849999999998
0.2780886
0.07004760000000003
0.18107740000000005
0.1858442
0.1962969
0.2302022
0.037092900000000005
0.1900218
0.1563465
0.2301958
0.12335719999999999
0.07240289999999999
0.17647339999999995
0.09722560000000001
0.1174454
0.0928941
0.08383620000000003
0.06726529999999999
0.15507549999999998
0.0908209
0.15116649999999998
0.1356386
0.15532179999999998
0.21763779999999996
0.0802814
0.1905447
0.08517259999999997
0.061966699999999986
0.13981849999999998
0.08728469999999999
0.1844475
0.280878
0.2561317
0.07254139999999998
0.093475
0.15690230000000005
0.21180839999999995
0.28705610000000004
0.1941131
0.25333110000000003
0.1781806
0.1867022
0.1585603
0.2545713
0.23840579999999995
0.2157154
0.26280570000000003
0.240647
0.266999
0.154385
0.16956
0.0675993
0.1482336
0.1178495
0.1630642
0.1435095
0.11247699999999998
0.1130568
0.1370224
0.16173120000000002
0.095202
0.151018
0.17738999999999994
0.21300999999999998
0.1127716
0.11982800000000005
0.19665870000000002
0.14444530000000005
0.1674369
0.14846369999999998
0.1916444
0.07558530000000001
0.14730499999999996
0.061727999999999984
0.113711
0.08828100000000001
0.1005877
0.17126859999999994
0.04494429999999999
0.095644
0.11875
0.181295
0.0335315
0.06448459999999999
0.1039644
0.018621900000000004
0.060415600000000014
0.1252772
0.06329159999999999
0.017106789999999997
0.02393721
0.07324409999999999
0.092739
0.15245530000000002
0.1787696
0.1862399
0.1307623
0.10041130000000001
0.10007649999999996
0.09057899999999999
0.1395866
0.10982830000000003
0.1118332
0.1297998
0.09672970000000004
0.0952133
0.09650510000000001
0.125826
0.1007888
0.13887509999999995
0.099897
0.09953630000000002
0.1868334
0.17551129999999998
0.12334180000000002
0.166478
0.0182484
0.0203216
0.0738515
0.05276719999999999
0.1719263
0.1369142
0.16556279999999998
0.0138822
0.06272799999999999
0.0167858
0.016658700000000002
0.0571664
0.034539600000000004
0.0239315
0.013844799999999997
0.0212267
0.0182482
0.0505446
0.1756682
0.0179329
0.0191826
0.018286100000000003
0.0182247
0.0209663
0.0200888
0.0198626
0.0202125
0.023440500000000003
0.0635733
0.0155791
0.0218795
0.0238164
0.0213733
0.0504235
0.0150095
0.0118988
0.013149100000000002
0.0136162
0.015863500000000003
0.0192964
0.0238612
0.024920200000000003
0.0259203
0.0286815
0.03926299999999999
0.0274024
0.0154589
0.0236878
0.050799699999999996
0.0330759
0.0129947
0.0383348
0.038048500000000006
0.041307300000000005
0.12301689999999996
0.0497223
0.09504019999999999
0.113199
0.09017589999999999
0.1141661
0.1843316
0.2615893
0.1072528
0.11105919999999997
0.0974141
0.0953741
0.0853779
0.112151
0.12242
0.097562
0.12866200000000005
0.077203
0.0777722
0.0851781
0.11478410000000001
0.0891741
0.0994913
0.1037962
0.07529759999999999
0.2293286
0.1827125
0.17681180000000002
0.126367
0.1199451
0.07487010000000001
0.1462705
0.1278051
0.137016
0.1044619
0.093111
0.13761700000000002
0.07526600000000001
0.10100900000000004
0.0880568
0.09092
0.07621180000000001
0.0933728
0.1032258
0.07257079999999999
0.062805
0.0557352
0.07821410000000001
0.06004490000000001
0.06546579999999999
0.06541369999999999
0.1331694
0.0785965
0.0726048
0.054171300000000006
0.05793820000000001
0.045748800000000006
0.0670752
0.050180800000000005
0.058426900000000004
0.11813119999999999
0.0621765
0.0612632
0.067686
0.0510894
0.1340595
0.1120373
0.1924891
0.14220950000000002
0.1249516
0.16000350000000002
0.1814794
0.1808215
0.1321656
0.1562385
0.07343739999999999
0.1681145
0.1739253
0.1892151
0.1359704
0.1537181
0.1978515
0.15010210000000002
0.1609174
0.16507639999999998
0.171645
0.15807469999999998
0.13141860000000002
0.14644379999999999
0.12645669999999998
0.1183761
0.13912629999999998
0.14639010000000002
0.15475519999999998
0.1275975
0.14029379999999994
0.1340527
0.13671460000000002
0.13243929999999998
0.16266170000000002
0.1458496
0.1401417
0.1555511
0.08928149999999999
0.1073877
0.0906681
0.12568959999999998
0.12351860000000002
0.0148989
0.0125353
0.0200475
0.0197126
0.027547900000000004
0.1000383
0.1219779
0.12261040000000001
0.1244684
0.1186724
0.12475150000000003
0.1614815
0.2294975
0.181676
0.2001352
0.1714673
0.1865272
0.1833951
0.19022090000000005
0.1917427
0.1875619
0.1473645
0.1277317
0.12982190000000002
0.1377364
0.1280309
0.11359469999999999
0.12415699999999999
0.11706130000000001
0.10668980000000003
0.1131461
0.1427062
0.094472
0.0998841
0.0895132
0.0901805
0.0901289
0.1064048
0.1053605
0.1130736
0.11576929999999999
0.1130965
0.1085411
0.0913762
0.0817051
0.0754245
0.0609621
0.0594823
0.0658439
0.0959975
0.0905964
0.08025349999999999
0.0783614
0.07645969999999999
0.0980601
0.057457000000000015
0.062179
0.0337941
0.0308403
0.0333224
0.0378311
0.0143739
0.0281399
0.0234116
0.020369400000000003
0.0371353
0.0201861
0.0220392
0.023097
0.08654990000000001
0.0450817
0.0401389
0.028479
0.0243261
0.0200789
0.0277318
0.030580500000000007
0.0222131
0.025589700000000003
0.021997299999999997
0.017527300000000003
0.0216365
0.0412357
0.0210995
0.0088542
0.0126246
0.02967
0.0224108
0.0187277
0.0238579
0.0235399
0.0213154
0.0389326
0.0310321
0.0280955
0.0784286
0.034030300000000006
0.0289512
0.0419281
0.0411398
0.0298072
0.2719933
0.2731653
0.1101131
0.0277584
0.0734431
0.018615200000000002
0.0198703
0.0252861
0.1250144
0.023327600000000004
0.0228953
0.0221753
0.0228474
0.016806400000000003
0.0185915
0.015548500000000003
0.016954900000000002
0.015659
0.015157000000000004
0.0124197
0.017117700000000003
0.0152315
0.017575599999999997
0.017709299999999997
0.0202356
0.0256329
0.0186107
0.017698699999999998
0.021465
0.0234047
0.0215933
0.0233628
0.021670400000000003
0.0197703
0.015425200000000003
0.0179636
0.020219800000000003
0.020455200000000003
0.0190521
0.06684860000000001
0.0267914
0.047956
0.031341
0.012421399999999999
0.011926299999999999
0.0116892
0.0118693
0.015324699999999997
0.0203063
0.0293425
0.0177689
0.014826599999999999
0.012099
0.0219054
0.0083645
0.0102164
0.0114948
0.0228082
0.032803900000000004
0.024868800000000003
0.0185298
0.0244877
0.039799699999999986
0.0224932
0.022018299999999998
0.0133844
0.012597300000000002
0.0188051
0.0213039
0.0417761
0.0326202
0.035738599999999995
0.0430591
0.0443028
0.0958585
0.050951100000000006
0.1166972
0.0634869
0.0421522
0.06457940000000001
0.0219945
0.09521310000000001
0.08279879999999999
0.07635050000000003
0.07154090000000002
0.1289599
0.1053359
0.13975910000000002
0.1046329
0.099076
0.1186901
0.1405111
0.10617210000000002
0.1187502
0.16535909999999998
0.10348879999999999
0.1543392
0.1038039
0.1169289
0.08260580000000001
0.1055432
0.13287620000000006
0.0978739
0.0978089
0.16529720000000006
0.130518
0.0998769
0.10861300000000004
0.149808
0.0970021
0.12067809999999995
0.11522920000000005
0.087313
0.1951207
0.15180120000000005
0.10996420000000001
0.12118419999999999
0.1220821
0.0903612
0.0726742
0.1107749
0.0854987
0.0839438
0.07706579999999999
0.1211047
0.0804605
0.0805418
0.0825428
0.036501
0.028496000000000007
0.045434300000000004
0.016388999999999997
0.0481919
0.20511079999999998
0.0745527
0.04144389999999999
0.0218893
0.028976799999999997
0.012146
0.0276633
0.031371100000000006
0.042829900000000004
0.0313434
0.030142400000000007
0.094461
0.1133296
0.08427899999999999
0.1065006
0.08948710000000001
0.1290383
0.13218069999999998
0.1320808
0.1467
0.1230685
0.14543520000000001
0.16685649999999996
0.14151689999999995
0.1530471
0.13837839999999998
0.13505440000000002
0.1364515
0.16352139999999998
0.15552250000000006
0.15160539999999995
0.1587311
0.12750799999999998
0.13710940000000002
0.1346145
0.11868499999999997
0.1430868
0.1567647
0.16452229999999998
0.1185231
0.1261406
0.1210968
0.1626605
0.1190875
0.16803310000000002
0.17421589999999998
0.1513476
0.1245471
0.11013010000000002
0.1120832
0.1277055
0.12481980000000001
0.1881547
0.163156
0.0377085
0.0537799
0.07387560000000001
0.0680799
0.0760605
0.0815951
0.08762460000000001
0.1034958
0.1025006
0.0989798
0.0926364
0.09002410000000001
0.0981467
0.0855553
0.08615120000000001
0.07950549999999999
0.0780643
0.0707449
0.0746197
0.0755895
0.0838353
0.0816795
0.0872807
0.07920340000000001
0.08275210000000001
0.0870361
0.08984589999999999
0.0858703
0.034918199999999996
0.042888800000000005
0.058569900000000015
0.023813499999999998
0.0257593
0.031943
0.0340403
0.08599160000000003
0.034761
0.037263199999999996
0.0360517
0.0293323
0.0239917
0.0429972
0.054669
0.0199841
0.013628200000000002
0.0212189
0.0265926
0.035093400000000004
0.0438831
0.047013200000000005
0.0948286
0.082728
0.04748200000000001
0.040015300000000004
0.04939059999999999
0.0375449
0.0210818
0.0215321
0.0189245
0.0192903
0.030434199999999998
0.0902592
0.10444110000000001
0.154298
0.179873
0.1909301
0.2075698
0.23574610000000001
0.227564
0.1940044
0.1881722
0.231304
0.1921471
0.1915751
0.2009594
0.1883003
0.18971110000000002
0.1781989
0.19704349999999998
0.16059020000000002
0.17822449999999998
0.1730568
0.1638146
0.1569649
0.1488096
0.14589739999999998
0.13321570000000002
0.1333154
0.139941
0.13368449999999998
0.1112737
0.1230494
0.12677919999999998
0.08152050000000001
0.06442130000000001
0.0581609
0.0413644
0.06564149999999999
0.06451609999999999
0.06866799999999999
0.059262
0.0444058
0.046559100000000006
0.0994002
0.1005173
0.1152021
0.12371989999999998
0.15261850000000002
0.1386589
0.1183639
0.1178297
0.11508299999999999
0.1415915
0.12978679999999998
0.0970469
0.07948269999999999
0.07334679999999999
0.1073772
0.1403304
0.10173439999999999
0.0568428
0.04977859999999999
0.050458200000000016
0.0516281
0.058065999999999986
0.07508210000000001
0.08999889999999999
0.0838689
0.1525621
0.10526660000000002
0.1111075
0.08657010000000001
0.0981829
0.0903156
0.1171105
0.1292914
0.17567750000000001
0.13994520000000002
0.13900220000000002
0.0834286
0.13302060000000002
0.1155287
0.1073067
0.1272741
0.13477479999999994
0.1050379
0.1022099
0.0973819
0.0450385
0.06668489999999999
0.0540659
0.06284490000000001
0.0497272
0.04791379999999999
0.0493538
0.1313875
0.0553321
0.0525572
0.0666667
0.0721074
0.06665599999999999
0.0773432
0.0781781
0.0857387
0.0787107
0.06839529999999999
0.07353589999999999
0.083232
0.0798626
0.08489750000000001
0.0655177
0.0511773
0.08758980000000001
0.0592597
0.07898480000000001
0.10514360000000003
0.08536969999999999
0.0890029
0.0723068
0.0975398
0.2254301
0.16194769999999994
0.1677095
0.2021949
0.1846928
0.0495782
0.07305419999999999
0.10494720000000002
0.12571780000000002
0.1061348
0.11420339999999998
0.1711906
0.15947979999999998
0.1430955
0.1533328
0.1813788
0.1123397
0.12031120000000001
0.1092824
0.1149139
0.06900389999999999
0.21793389999999999
0.20541900000000002
0.0973699
0.124046
0.0429796
0.12624980000000002
0.1149333
0.07981369999999999
0.1081419
0.17877459999999998
0.11861070000000005
0.15840099999999996
0.06971109999999997
0.24970920000000005
0.2423824
0.2205236
0.1552054
0.1012109
0.12417
0.1163016
0.13206229999999994
0.08981019999999999
0.1185105
0.05568259999999999
0.2051052
0.32413959999999997
0.2470897
0.17470850000000002
0.2036963
0.14710299999999998
0.08786530000000001
0.11680699999999998
0.08254449999999998
0.08629869999999999
0.08288580000000001
0.12910390000000002
0.14886229999999998
0.1151871
0.1816408
0.1423536
0.11715530000000003
0.1359533
0.06969030000000001
0.0466553
0.1814428
0.14957579999999998
0.1112968
0.1960369
0.2108532
0.16589379999999998
0.11793479999999999
0.13634749999999998
0.1862194
0.1786313
0.2126645
0.1975317
0.2315003
0.1748648
0.12746770000000002
0.09078660000000001
0.1122687
0.1230416
0.1356505
0.16064389999999998
0.1893292000000001
0.21424720000000005
0.1846263
0.15605380000000002
0.13516869999999995
0.1833107
0.12865410000000002
0.13398
0.21648289999999998
0.1025528
0.1376987
0.1596586
0.1842727
0.23712889999999998
0.2401009
0.2053445
0.1711364
0.24787199999999995
0.1579564
0.1700875
0.24789090000000005
0.11246700000000001
0.1841959
0.13750379999999998
0.11742369999999998
0.13877520000000002
0.1291942
0.1356826
0.1246096
0.15733049999999998
0.1424714
0.13322550000000002
0.2284902
0.07567370000000001
0.15420060000000002
0.1562427
0.2102489
0.23140120000000003
0.1825995
0.2399148
0.15973800000000002
0.1508296
0.1418678
0.13351980000000002
0.15472180000000002
0.13459160000000006
0.1973828
0.15019449999999998
0.1551038
0.08044680000000001
0.191244
0.13785770000000006
0.0552481
0.08968630000000001
0.1131011
0.08678899999999999
0.0867342
0.2255148
0.1020838
0.14599
0.15187
0.068231
0.103048
0.14535199999999998
0.08543300000000001
0.07681
0.108488
0.08967080000000001
0.1342975
0.1231479
0.18186210000000005
0.15266880000000002
0.12273989999999999
0.2265636000000001
0.30105960000000004
0.4006343
0.1627786
0.12805139999999998
0.16837169999999996
0.13940249999999998
0.257785
0.2862409
0.17128569999999996
0.3134726
0.23649299999999998
0.35152170000000005
0.1875453
0.10567739999999999
0.17961660000000002
0.1662608
0.0979318
0.150258
0.1924343
0.20794210000000002
0.2153743
0.18781500000000004
0.16990139999999998
0.10696629999999996
0.1988204
0.1737602
0.1173384
0.1871418
0.1536015
0.1090702
0.11427999999999999
0.16304300000000002
0.15698900000000002
0.135758
0.123879
0.106831
0.125703
0.19303400000000004
0.13961199999999999
0.15863899999999995
0.14599800000000002
0.211725
0.148801
0.291989
0.24580700000000005
0.246482
0.224879
0.17829099999999998
0.224183
0.159986
0.160471
0.18125
0.25551
0.24219
0.26274000000000003
0.16798999999999994
0.15361999999999998
0.143791
0.11937799999999996
0.20458000000000004
0.187199
0.1122201
0.12309149999999999
0.1043708
0.15312920000000002
0.139226
0.15997209999999998
0.23353289999999996
0.12559369999999995
0.114131722
0.2420263
0.17233289999999998
0.20910749999999997
0.1383109
0.1434765
0.151341
0.1938465
0.15492579999999995
0.1408838
0.17050590000000002
0.21703219999999995
0.26164780000000004
0.1447408
0.14633490000000002
0.1509557
0.12223350000000002
0.1435129
0.15731789999999998
0.1481828
0.14307579999999998
0.15586170000000002
0.14147079999999998
0.1487896
0.1529929
0.14524389999999998
0.13590539999999998
0.14055689999999998
0.1367597
0.2001313
0.1962583
0.201178
0.2024794
0.198018
0.2195141
0.22021149999999998
0.2041432
0.186255
0.00026510000000000005
0.008956800000000001
0.0416765
0.13847920000000002
0.016773
0.051927999999999995
0.35240900000000003
0.10157362000000003
0.05028839000000001
0.132839
0.14265899999999998
0.12322169999999999
0.13893969999999994
0.11026099999999998
0.1100851
0.1295859
0.0739589
0.2584578
0.2424259
0.2199729
0.3193935
0.2653554
0.3238245
0.167498
0.18699
0.203715
0.335911
0.341109
0.381551
0.363166
0.301994
0.320104
0.293892
0.320867
0.308956
0.39323
0.26983
0.32139
0.4479826
0.4288216
0.43722330000000004
0.4394940000000001
0.4192874000000001
0.3754742
0.4155015
0.4023241
0.4002829
0.3814333
0.4296635
0.4076972
0.3522158000000001
0.4428243000000001
0.4578891
0.4563924
0.4392672
0.42603199999999997
0.4215348
0.436312
0.4472291
0.4565439000000001
0.4344744
0.449881
0.4619723
0.4570052
0.4605465
0.4618912
0.4580286
0.4489411
0.4390749000000001
0.4504682
0.4428425
0.4459573000000001
0.4456072999999999
0.4517147
0.356309
0.370336
0.313374
0.3539782
0.3544468
0.3157220000000001
0.32457250000000004
0.3753735
0.4078735
0.3935611
0.3148472
0.3683306
0.3390744
0.30778340000000004
0.35694960000000003
0.3345777
0.3490644
0.3599473
0.3806006
0.2778686
0.2457567
0.2299919
0.2220952
0.30594770000000004
0.2593114
0.26416670000000003
0.2484219000000001
0.30549770000000004
0.2708005
0.3238472
0.3076434
0.28927579999999997
0.2428862
0.34779770000000004
0.3651044000000001
0.400793
0.3433158
0.3012072
0.3928868
0.3465901
0.39244709999999994
0.4335112
0.4441996
0.42845420000000006
0.4445191
0.4446672
0.4145491
0.4261283
0.429613
0.41138729999999996
0.4231115
0.3321758
0.4089216
0.4176459
0.3952225
0.412412
0.4098457
0.4127358
0.3981077000000001
0.4132293
0.3780525
0.3782439
0.4285133
0.4353175
0.4216937000000001
0.4322095
0.4199515
0.4188582
0.4392905
0.4407857
0.4339215
0.4274948
0.43792020000000004
0.4265272
0.41210959999999996
0.4321606
0.4338572
0.4238096
0.4125939
0.4343762000000001
0.402505
0.414814
0.4024415
0.4112950999999999
0.4317225000000001
0.4267629
0.3847842
0.3959332
0.38892550000000004
0.4246241
0.4394616
0.4404224000000001
0.4378486
0.4358596
0.446448
0.4448172000000001
0.4362205000000001
0.43706670000000003
0.4409899000000001
0.43972619999999996
0.43414830000000004
0.42086809999999997
0.4352009000000001
0.4451559
0.4356521
0.4334822
0.4299459
0.42886320000000006
0.43287570000000003
0.4228484
0.4369973
0.4164427
0.4378436
0.4367407
0.4459555000000001
0.44223
0.4290695999999999
0.4477912
0.455066
0.4472405
0.4518470000000001
0.4516272
0.44293760000000004
0.4228201
0.4194563
0.4405761
0.4374571
0.4364513
0.4144127
0.429403
0.4351218
0.42426049999999993
0.431732
0.4330364
0.4304558
0.43020579999999997
0.4271592000000001
0.4006626
0.4313458
0.43061629999999995
0.4214963
0.4084116
0.4072063
0.39555559999999995
0.34666279999999994
0.3751482
0.354873
0.3509032
0.32296420000000003
0.363342
0.2932262
0.29575480000000004
0.2650737
0.3050909
0.29159809999999997
0.2706083
0.2361265
0.2310741
0.2127526
0.21589680000000008
0.20976109999999998
0.2089586
0.3944251
0.4004114
0.2418480000000001
0.208733
0.2771924000000001
0.34805440000000004
0.33105110000000004
0.2449315
0.23932960000000006
0.1974896
0.2155091
0.2075976
0.2341067
0.2384348
0.2723025
0.2188333
0.23345149999999998
0.1445914
0.1822771
0.2082866
0.2490229
0.2418872
0.1828352
0.1550233
0.2177976
0.28503670000000003
0.3192482
0.3641096000000001
0.2696234
0.23756770000000002
0.2615381
0.327412
0.2531524
0.2479738
0.3049201
0.2392148
0.2195686
0.2928563
0.2399486
0.2344653
0.2304995
0.2912672
0.2836172
0.2192305
0.2359562
0.19357950000000002
0.25194099999999997
0.2379943
0.25087289999999995
0.24613810000000005
0.2229448
0.3821687
0.3489453
0.35544109999999995
0.3453245999999999
0.4062440000000001
0.4041048
0.382591
0.3859643999999999
0.3887805
0.32632960000000005
0.3906805
0.35159480000000004
0.3664653
0.4075758
0.4180457999999999
0.4007019
0.38196529999999995
0.3363396
0.3134687
0.3721268
0.36513390000000007
0.308211
0.3650329000000001
0.3024725
0.4019467000000001
0.4245986000000001
0.4041948
0.4358957000000001
0.4148605000000001
0.4294898
0.4413665
0.43716459999999996
0.4412498
0.4424464
0.4325133
0.3741931
0.4118261
0.4325817
0.4082188
0.4281674
0.2717808
0.4206956
0.45072870000000004
0.4402898
0.4498347
0.4462523000000001
0.4501197
0.4429495
0.4416332000000001
0.4282799000000001
0.3981446
0.4292122
0.4395916
0.43796409999999997
0.4261832
0.4376879
0.4418286999999999
0.4412997
0.4275549
0.4259346
0.4362975000000001
0.4355204000000001
0.4351931000000001
0.4258098
0.416636
0.3250118
0.327797
0.3193989
0.33556119999999995
0.34454890000000005
0.33263459999999995
0.3911418
0.37197790000000003
0.3604288
0.33148130000000003
0.3442079
0.3765284
0.4350189999999999
0.3860493
0.3521507
0.39026550000000004
0.41103690000000004
0.4114274000000001
0.3967622
0.4189974000000001
0.40404650000000003
0.4254141000000001
0.4054103
0.4077638000000001
0.3836703
0.40468000000000004
0.3932648999999999
0.4168542000000001
0.4304502000000001
0.3916032
0.3906527
0.4113893
0.4172865
0.4158118
0.4326973
0.4276834000000001
0.4270863
0.4435177
0.40545929999999997
0.4145402
0.4183002000000001
0.3462578
0.4232774
0.4305328
0.4237306
0.4234702
0.4248035
0.4155921000000001
0.4327357
0.4313607
0.435558
0.4327131000000001
0.4388963
0.4303398000000001
0.43261720000000004
0.4337104000000001
0.42920920000000007
0.419434
0.4096902
0.4167412
0.3985183
0.4086041999999999
0.41509830000000003
0.4066131000000001
0.40206240000000004
0.3757426
0.4083624
0.4124224
0.3796057000000001
0.4095733000000001
0.4024133999999999
0.4147484
0.4052311
0.41272829999999994
0.4172824000000001
0.42067
0.4228804000000001
0.4149062
0.4071503
0.39992890000000003
0.4033953
0.3921814
0.3879484
0.4011061999999999
0.41929740000000004
0.3879401
0.3906051
0.4281311999999999
0.4228964
0.4282262
0.4356918
0.42937780000000003
0.4132576
0.3890518
0.4192727000000001
0.4269692
0.4159807
0.41345470000000006
0.4160157
0.4121164000000001
0.3736331
0.4113444000000001
0.4295975
0.4327114
0.4306198000000001
0.4310704000000001
0.4265385
0.4309115
0.3742706
0.34630029999999995
0.33199320000000004
0.3822070000000001
0.420688
0.423375
0.411522
0.417774
0.421272
0.422368
0.42023999999999995
0.41287
0.41317
0.41857700000000003
0.43667799999999996
0.420971
0.418773
0.412337
0.411876
0.419461
0.414763
0.4169370000000001
0.41830100000000003
0.412106
0.419736
0.4250220000000001
0.4318429999999999
0.410685
0.42870699999999995
0.4189290000000001
0.419393
0.361019
0.33828499999999995
0.321009
0.393871
0.397348
0.4109080000000001
0.39574299999999996
0.41304
0.432183
0.416991
0.420129
0.43471000000000004
0.4319420000000001
0.416615
0.4094709999999999
0.39895
0.4159479999999999
0.403643
0.413778
0.38276
0.42298900000000006
0.4357160000000001
0.4343770000000001
0.42231199999999997
0.382563
0.362917
0.4108560000000001
0.373201
0.41659799999999997
0.355337
0.375952
0.44118500000000005
0.395732
0.361145
0.354611
0.362616
0.359774
0.335647
0.31400700000000004
0.33032100000000003
0.3986430000000001
0.389741
0.387514
0.387959
0.39972
0.395673
0.400244
0.3968579999999999
0.431257
0.4258770000000001
0.429044
0.403195
0.40134899999999996
0.392917
0.389374
0.412029
0.373136
0.391386
0.408931
0.40023000000000003
0.39714
0.373481
0.379504
0.394636
0.403449
0.389158
0.33760499999999993
0.348217
0.34761000000000003
0.356623
0.35520500000000005
0.333691
0.323198
0.31664499999999995
0.362509
0.396931
0.404739
0.312433
0.413788
0.387216
0.369896
0.366187
0.363123
0.35527879999999995
0.3404792
0.33042049999999995
0.33635629999999994
0.30776200000000004
0.2567814
0.2600682
0.35627220000000004
0.27643579999999995
0.3911376
0.4149786
0.3898633
0.3803807000000001
0.35985700000000004
0.401643
0.4051030000000001
0.350008
0.29177400000000003
0.294664
0.38609699999999997
0.387807
0.304979
0.259463
0.333839
0.272587
0.299398
0.31921
0.3962950000000001
0.350372
0.375399
0.38912
0.420579
0.399039
0.372351
0.41551899999999997
0.427864
0.4249
0.42671400000000004
0.43165699999999996
0.406649
0.400962
0.428423
0.4270870000000001
0.405997
0.414336
0.417324
0.427844
0.394386
0.35379999999999995
0.375178
0.402533
0.414994
0.414296
0.404797
0.408718
0.405262
0.3933180000000001
0.407274
0.396744
0.39758899999999997
0.409991
0.42450699999999997
0.415361
0.4098600000000001
0.4169600000000001
0.374507
0.4144959999999999
0.4077040000000001
0.418972
0.41283400000000003
0.410424
0.413054
0.414661
0.413448
0.411664
0.38115
0.411751
0.41821400000000003
0.407337
0.409278
0.372633
0.378446
0.3783760000000001
0.3835031999999999
0.3689920999999999
0.3971866
0.35809879999999994
0.3795022
0.3836889999999999
0.3883873
0.4356772
0.3941879
0.4136826
0.393512
0.3827168
0.4046985
0.3760179
0.441696
0.443684
0.433992
0.41629
0.414359
0.382342
0.4423101999999999
0.4416350000000001
0.445011
0.42843000000000003
0.438831
0.40105
0.434972
0.41996000000000006
0.427575
0.4263969999999999
0.419674
0.43889700000000004
0.42824300000000004
0.424349
0.4263759999999999
0.435451
0.4175180000000001
0.426187
0.421295
0.401798
0.395496
0.431884
0.42834
0.424373
0.408827
0.4174435
0.42662330000000004
0.4024512
0.4152567
0.3992883
0.3941827
0.4011895
0.4195971
0.4086289
0.4026507999999999
0.4277512000000001
0.40205959999999996
0.4109934999999999
0.4249447
0.398436
0.4146747
0.4348924
0.4207366
0.4065324
0.432918
0.43007449999999997
0.41057780000000005
0.4238722
0.4124576999999999
0.4010767
0.4197918
0.4258144
0.4196329000000001
0.420295
0.4360954000000001
0.4313332999999999
0.41249769999999997
0.4181985
0.4073366
0.4420325
0.4367498999999999
0.4394099
0.4407364999999999
0.44170240000000005
0.4446267999999999
0.4413508
0.4404868999999999
0.4440438999999999
0.43854319999999997
0.4478520999999999
0.448175
0.4453583
0.4451933999999999
0.4419576999999999
0.439861
0.4426041
0.44416809999999984
0.4366996
0.4395378999999999
0.4462838999999999
0.4416504999999999
0.4461352999999999
0.4430751
0.44806419999999997
0.4447126
0.4448465999999999
0.4412297000000001
0.4454988999999999
0.4417352000000001
0.43224179999999995
0.44617640000000003
0.4329081999999999
0.4459765000000001
0.4355510999999999
0.4233981
0.4381241
0.4354211
0.4285023
0.43568149999999994
0.4238234
0.4359092000000001
0.41758370000000006
0.4360001
0.4286248999999999
0.41033869999999995
0.4281391
0.4204313
0.4234986
0.425815
0.423072
0.444674
0.413516
0.408546
0.428018
0.4436659999999999
0.432483
0.393184
0.443008
0.407731
0.4118350000000001
0.4156029999999999
0.393055
0.4020630000000001
0.430119
0.4386470000000001
0.44154
0.41047700000000004
0.4122930000000001
0.420876
0.4255640000000001
0.405562
0.420997
0.406086
0.312072
0.35941300000000004
0.322456
0.29966170000000003
0.35683800000000004
0.26132310000000003
0.30238699999999996
0.287671
0.3741674
0.3573942
0.3779539
0.4002464000000001
0.4028769
0.3552382
0.39523
0.3575252
0.3288379
0.3320268
0.34614749999999994
0.3534698
0.3355534
0.34624580000000005
0.30158470000000004
0.3463564
0.26960290000000003
0.2388879
0.29732610000000004
0.3097011
0.2597139
0.2443507000000001
0.208483
0.24708609999999998
0.2349316
0.2526702
0.2362814000000001
0.2677318
0.2811851
0.35275749999999995
0.3722136
0.3330577
0.29537909999999995
0.36113629999999997
0.363554
0.4043489
0.2815006
0.3817752
0.3604864
0.34880599999999995
0.3618755
0.3729051
0.36284140000000004
0.2990268
0.3502005
0.263973
0.4189660000000001
0.4292796999999999
0.4079129
0.4111764
0.4060945
0.3104555
0.26982740000000005
0.328193
0.3187541
0.347723
0.3100353
0.3737426
0.35625609999999996
0.3494064000000001
0.3765095
0.4023742
0.4140913
0.40833020000000003
0.4214406
0.39835349999999997
0.4197454000000001
0.4232623000000001
0.3922621
0.4082903
0.3876449
0.4129719
0.3877387
0.3429703000000001
0.393829
0.27498589999999995
0.2510549
0.3161001
0.32384139999999995
0.26019499999999995
0.2509862
0.2605187
0.2665885
0.4053824
0.3971964000000001
0.405571
0.4086966
0.4072419000000001
0.4018007
0.4047635
0.4112808
0.4182524
0.4259825
0.4287817
0.4208144
0.3776551000000001
0.391851
0.418551
0.425872
0.3768510000000001
0.378729
0.4076570000000001
0.38121900000000003
0.369775
0.31896800000000003
0.30847800000000003
0.412017
0.383453
0.348529
0.3652760000000001
0.37168
0.379064
0.372127
0.3243280000000001
0.379686
0.369449
0.38947
0.361741
0.39705100000000004
0.40784
0.398198
0.3958220000000001
0.407583
0.3807339
0.37907029999999997
0.3979237
0.3735779
0.35705970000000004
0.3811958
0.4181989999999999
0.3866708
0.403184
0.4113335
0.4406699000000001
0.3787773000000001
0.4277763000000001
0.4244931
0.4175833
0.4160075
0.4416340999999999
0.4232862999999999
0.3963996
0.3947610000000001
0.3714166
0.35041719999999993
0.3544854
0.3651625000000001
0.415633
0.4018022
0.388228
0.384772
0.3989679999999999
0.436948
0.44343299999999997
0.416264
0.415109
0.427587
0.42624399999999996
0.4299810000000001
0.4294770000000001
0.429566
0.437514
0.433913
0.428726
0.43508
0.4386140000000001
0.41829
0.403429
0.407616
0.41093999999999997
0.437175
0.4133450000000001
0.36993
0.387357
0.4214930000000001
0.3839493
0.424115
0.41549899999999995
0.3838428
0.4151407999999999
0.4179186
0.4259172000000001
0.4167764000000001
0.4187312
0.4039095
0.4163211000000001
0.4121442
0.4024122000000001
0.3958027
0.4296344
0.4349774
0.3858408
0.4134061
0.3754575
0.41482749999999996
0.3995006
0.39773959999999997
0.4238005999999999
0.42698
0.4194932
0.3898004000000001
0.3723219
0.348965
0.3680969
0.4083243
0.3735538
0.4042321999999999
0.33726
0.35900190000000004
0.3827473
0.3742608
0.40289020000000003
0.4173012
0.3869535
0.3926065
0.39250029999999997
0.3779755
0.3716017
0.3818783
0.42732939999999997
0.4274654000000001
0.4058133
0.4255223
0.4334862
0.4209409000000001
0.4120543
0.4082132
0.4126472000000001
0.4157401
0.416574
0.4006178
0.4361351000000001
0.42779290000000003
0.4176272
0.4103073
0.4267623
0.41383640000000005
0.4244471
0.4214681
0.417257
0.4289978999999999
0.4227501
0.428623
0.42370209999999997
0.3981537
0.3872176
0.3897427
0.37873090000000004
0.340766
0.3770094
0.34304320000000005
0.3427277000000001
0.3255821
0.31950199999999995
0.3067053
0.33182459999999997
0.33527919999999994
0.32244779999999995
0.32161730000000005
0.3623756
0.3454229999999999
0.3412953
0.3309268
0.3471497
0.41293370000000007
0.3883746
0.393068
0.3754971
0.4026187
0.4176763
0.4156124
0.4139653
0.4063988
0.3540459
0.4195529000000001
0.3824644
0.36015549999999996
0.4113152
0.42278420000000005
0.3988797
0.42999390000000004
0.4057531
0.4181451
0.37520909999999996
0.3884117
0.3785749000000001
0.3811911
0.3906134
0.3969241
0.4047164
0.3924922
0.4004713
0.3796749
0.37149
0.36309009999999997
0.32313400000000003
0.2807808
0.3735029
0.34416650000000004
0.3305426
0.3401195
0.3304497
0.3283624
0.32471340000000004
0.3440473
0.33946620000000005
0.3100527
0.3433794000000001
0.3261656
0.34338850000000004
0.3452425000000001
0.30283979999999994
0.3042937
0.33782670000000004
0.2954082000000001
0.32291790000000004
0.3472622
0.3224579
0.31740300000000005
0.3603521000000001
0.3850243
0.3674352
0.3139639
0.34552760000000005
0.3459819000000001
0.3910616000000001
0.40801459999999995
0.4061657
0.3982717
0.3158917
0.39425129999999997
0.3891016
0.34937199999999996
0.4258115
0.3915437
0.4297497
0.4336498
0.3832711000000001
0.37849499999999997
0.3859046
0.4071868
0.4091991
0.4101849999999999
0.4053857
0.4039264
0.3855925
0.3818196000000001
0.3870790000000001
0.3870763
0.3849405999999999
0.41676019999999997
0.3921871
0.3052283
0.3628241
0.3986857
0.42662340000000004
0.4327046
0.42962520000000004
0.3920243000000001
0.3724518
0.3840375
0.4223861
0.4339549
0.4235292000000001
0.4229837000000001
0.4065357
0.416454
0.4019614
0.4282602999999999
0.4367125
0.4471947
0.4404846000000001
0.4377029000000001
0.4362624
0.3810648999999999
0.4340387
0.42128109999999996
0.42968420000000007
0.4266727
0.44115150000000003
0.4183597
0.4043898
0.4241182000000001
0.4201689999999999
0.4278188000000001
0.4272859000000001
0.41719670000000003
0.4195494000000001
0.3792149
0.4284282999999999
0.42817510000000003
0.4378662
0.3788896
0.0076244999999999985
0.00034429
0.00082307
0.00369349
0.00341689
0.0055463000000000005
0.006854099999999999
0.0056540900000000005
0.10697315
0.15205
0.23806
0.35151000000000004
0.127636
0.15082800000000002
0.17601500000000006
0.110424
0.16693
0.035098000000000004
0.035177999999999994
0.11679500000000001
0.10726
0.0046229999999999995
0.093203
0.121573
0.289457
0.27135
0.294766
0.32655899999999993
0.224422
0.22425100000000006
0.22861599999999999
0.212814
0.214995
0.238459
0.21025700000000005
0.24643400000000001
0.27207600000000004
0.222157
0.2491238
0.2419178
0.30551900000000004
0.28713579999999994
0.298285
0.449245
0.273646
0.31869200000000003
0.307284
0.18216500000000002
0.314085
0.20187600000000008
0.30938499999999997
0.367786
0.347106
0.37647800000000003
0.34824252
0.37566152
0.36272752
0.35252752000000004
0.42401302
0.34379792000000003
0.47531117
0.43734022
0.4382698800000001
0.43841202
0.47073753
0.4433828199999999
0.44256702
0.30460711999999995
0.46885837
0.45494117
0.31965441999999994
0.45606647
0.43323547
0.35233642
0.46173542
0.32691042
0.41369642
0.45022047
0.44019372
0.44264842
0.4264695200000001
0.43245947
0.44157952
0.32757347
0.31089152000000003
0.45115747
0.4575524699999999
0.44248147
0.42783352
0.44096642
0.262548
0.27746000000000004
0.29184000000000004
0.30227999999999994
0.28675100000000003
0.32171900000000003
0.40269299999999997
0.247921
0.275346
0.219571
0.275029
0.313214
0.205267
0.340608
0.201048
0.33455
0.374664
0.3916119999999999
0.365281
0.383061
0.27343
0.239378
0.3842840000000001
0.4035800000000001
0.395545
0.3883950000000001
0.39426700000000003
0.3588219999999999
0.34106
0.28943699999999994
0.32676700000000003
0.36999299999999996
0.403287
0.395077
0.3865400000000001
0.413432
0.388549
0.35343600000000003
0.401824
0.42906000000000005
0.4265060000000001
0.423912
0.4470230000000001
0.423108
0.386337
0.35988000000000003
0.353601
0.37285100000000004
0.31979850000000004
0.316097
0.276188
0.1471
0.24373000000000006
0.21601052
0.29343147
0.34291242
0.29806756
0.333988
0.3871659999999999
0.3735459999999999
0.23368200000000006
0.381254
0.246886
0.373589
0.38176
0.38507
0.46343
0.44294
0.4437479999999999
0.4533150000000001
0.4435879999999999
0.37582
0.174548
0.14915309999999998
0.180039
0.2290811600000001
0.30430451000000003
0.23392526
0.3671983700000001
0.36469537
0.1227118
0.12719970000000005
0.1155015
0.24163360000000006
0.22503220000000002
0.0920744
0.22627550000000002
0.0931965
0.2657485
0.2512894
0.3264087
0.2949335
0.3582851
0.33353710000000003
0.34413879999999997
0.1950288
0.25442750000000003
0.2698995
0.0756969
0.3266765
0.3576512
0.007213
0.11320439999999998
0.2175845
0.2419817
0.2099012
0.3545781
0.3350598
0.3493817
0.3485979
0.1919625
0.3045045
0.20495929999999998
0.2377345
0.20337748
0.307396
0.40113740000000003
0.3658069000000001
0.38749120000000004
0.4415331
0.2960437
0.3722493
0.3187458
0.17171280000000005
0.3042977
0.1728407
0.2948755
0.205527
0.32273
0.35321
0.3599700000000001
0.35035999999999995
0.293945
0.433195
0.39484
0.31608
0.3189437
0.172498
0.2755362
0.23062020000000005
0.29231660000000004
0.19699860000000002
0.268337
0.1215827
0.117082
0.1224414
0.09213380000000004
0.14518499999999998
0.19755
0.2492000000000001
0.23616
0.17177
0.16865091999999998
0.309299
0.37396
0.2684823
0.268375
0.22608850000000005
0.1811897
0.2485956000000001
0.17960189999999998
0.1827434
0.017387200000000002
0.1590936
0.1948705
0.2343471
0.28163509999999997
0.19043120000000002
0.13555699999999998
0.27380201000000004
0.24202801
0.23584499999999997
0.19801
0.2259730000000001
0.36469
0.45091000000000003
0.44673999999999997
0.4392800000000001
0.4317
0.4416300000000001
0.40351
0.41828
0.42182
0.34806
0.245622
0.238441
0.223791
0.201863
0.26970700000000003
0.34659300000000004
0.29482800000000003
0.431432
0.435799
0.41866000000000003
0.144321
0.11083699999999999
0.16090000000000002
0.20874
0.26212
0.4773600000000001
0.457998
0.45966
0.47355
0.4706838
0.4641012
0.458974
0.441546
0.46516
0.4458004
0.4544583
0.42218540000000004
0.4681936
0.3903337
0.20819530000000008
0.17029270000000002
0.2604653
0.19925740000000008
0.18472650000000002
0.2040437
0.19281879999999998
0.18312029999999999
0.1336565
0.140217
0.14667065
0.16568031000000005
0.2142976
0.2410316
0.2800695999999999
0.2728392
0.2805063
0.27904959999999995
0.256713
0.192522
0.2345585000000001
0.24192529999999998
0.20158120000000004
0.1934033
0.2047603
0.2349714
0.2392212
0.1974734
0.21896550000000006
0.15089070000000002
0.1979076
0.1926349
0.1803281
0.1500909
0.122209
0.196054
0.14293540000000002
0.14345770000000002
0.3723054
0.3722445
0.3918032
0.3683565
0.14926
0.37321
0.429393
0.4261150000000001
0.38031
0.406316
0.388573
0.406012
0.3878170000000001
0.441284
0.4281700000000001
0.438971
0.386849
0.424486
0.411883
0.432292
0.403056
0.43303
0.390786
0.4262800000000001
0.4396930000000001
0.420573
0.416733
0.431926
0.42257799999999995
0.436647
0.419847
0.434181
0.427696
0.4490150000000001
0.4102150000000001
0.43162700000000004
0.413479
0.40836
0.4134390000000001
0.292587
0.2973040000000001
0.454644
0.462647
0.431072
0.44978
0.409116
0.38322399999999995
0.424225
0.4183898
0.4060802
0.4342097
0.4104123999999999
0.4108488
0.41775039999999997
0.4189564999999999
0.4180134
0.41649309999999995
0.4203247000000001
0.4165898
0.4355251000000001
0.4033974
0.4021826000000001
0.43154170000000003
0.3980935
0.390399
0.386491
0.42143
0.4264740000000001
0.4231200000000001
0.43434799999999996
0.387678
0.452984
0.44336
0.41964
0.4164000000000001
0.431394
0.414726
0.41464
0.424928
0.43367
0.428292
0.4294020000000001
0.431939
0.419654
0.428648
0.428459
0.43751
0.41882299999999995
0.39493
0.42616000000000004
0.4548
0.3958
0.40171999999999997
0.432441
0.41518999999999995
0.428759
0.427227
0.40679
0.43213999999999997
0.399496
0.404289
0.43554
0.42179099999999997
0.432878
0.373334
0.4129
0.43553
0.43709
0.4430500000000001
0.426041
0.409207
0.423968
0.43412
0.4263
0.41459799999999997
0.154014
0.1812
0.177459
0.15521400000000002
0.202422
0.14292
0.166324
0.16647099999999998
0.156378
0.122821
0.16555599999999998
0.146455
0.314682
0.331486
0.343699
0.337246
0.368273
0.30761
0.294148
0.215496
0.17873599999999998
0.218406
0.26226
0.18794300000000005
0.339743
0.292001
0.20765999999999998
0.186073
0.25670200000000004
0.27234
0.177006
0.192927
0.223834
0.21253899999999998
0.220719
0.195795
0.23867
0.190169
0.24530900000000005
0.22957399999999997
0.176061
0.255317
0.225373
0.219188
0.187745
0.186547
0.210806
0.176059
0.28672099999999995
0.21793
0.228901
0.232475
0.196411
0.198878
0.119978
0.09124700000000001
0.10116699999999999
0.16913299999999998
0.327574
0.31093800000000005
0.097016
0.24191999999999997
0.238473
0.2981630000000001
0.212971
0.2304690000000001
0.19354900000000005
0.244181
0.21430300000000002
0.193903
0.21954400000000002
0.20921299999999995
0.224184
0.185471
0.182946
0.275027
0.24921300000000002
0.241346
0.144993
0.17654
0.32031
0.22612400000000005
0.3603
0.24386
0.28148
0.223371
0.2328280000000001
0.20076400000000005
0.264565
0.237281
0.27491000000000004
0.25068
0.2420824
0.2252381
0.4132628
0.31420380000000003
0.33689
0.23888
0.29199
0.301373
0.2979100000000001
0.310058
0.220491
0.23960399999999998
0.1420604
0.11436815
0.17920999999999998
0.279857
0.147688
0.16200192000000002
0.20073996
0.19351996
0.17249800999999998
0.17236909999999994
0.15690695999999998
0.29963896
0.29934292
0.29348292
0.29464482
0.22360196
0.25288292
0.21063196
0.17044535
0.19517292000000008
0.25298000000000004
0.160272
0.13034900000000002
0.255762
0.180209
0.28532
0.2736
0.2403
0.28347
0.22246
0.23813
0.2681
0.210153
0.271438
0.24073060000000002
0.302741
0.29457500000000003
0.24028000000000002
0.28219000000000005
0.201796
0.053478000000000005
0.167902
0.055739
0.14656490000000005
0.12880899999999998
0.023906
0.039224
0.133512
0.137693
0.0135287
0.1472675
0.1314835
0.16524470000000002
0.2438054
0.1046815
0.15915040000000005
0.153994
0.1983129
0.18279450000000005
0.14003629999999995
0.1871296
0.1432005
0.1837466
0.1556958
0.156831
0.0152805
0.0271212
0.17466270000000006
0.1424575
0.163421
0.1220413
0.0473968
0.187552
0.09545366
0.21783766
0.13739620000000002
0.0622817
0.1112457
0.22200770000000006
0.01890475
0.14030766
0.2087167
0.13479275000000002
0.1826527
0.17422675
0.14780274999999998
0.20164575
0.14912475
0.14966435
0.16341124999999998
0.11916480000000003
0.1809559
0.1274597
0.1231743
0.09876405
0.19467666
0.182451
0.225297
0.198444
0.14566500000000002
0.177706
0.16523300000000002
0.169195
0.170075
0.130303
0.16462700000000002
0.12351
0.099987
0.061052999999999996
0.044762
0.202863
0.197937
0.198502
0.163745
0.15094200000000002
0.17583799999999994
0.235602
0.220721
0.15141
0.19855699999999998
0.183949
0.177626
0.2185
0.138426
0.208934
0.16953
0.15905
0.176623
0.14089700000000002
0.195065
0.349194
0.32335400000000003
0.350762
0.340511
0.351161
0.30151999999999995
0.3523630000000001
0.30188000000000004
0.328651
0.3558695999999999
0.371202
0.374347
0.28406
0.356769
0.313663
0.32978099999999994
0.373863
0.32525399999999993
0.3600550000000001
0.339077
0.3923
0.276807
0.268029
0.254784
0.343906
0.37749299999999997
0.226717
0.29411400000000004
0.383948
0.358109
0.37457
0.3842923
0.39864
0.409163
0.38156999999999996
0.301097
0.33258000000000004
0.339052
0.346105
0.365802
0.349011
0.30932600000000005
0.31264699999999995
0.315132
0.345529
0.35017800000000004
0.354169
0.327565
0.27780600000000005
0.337228
0.349919
0.3885820000000001
0.363584
0.383033
0.34452
0.291065
0.34254
0.389379
0.342993
0.3613989999999999
0.346724
0.34529800000000005
0.34875900000000004
0.347704
0.36878
0.310495
0.350945
0.374676
0.316342
0.34418200000000004
0.36286999999999997
0.3778199999999999
0.38697
0.331795
0.37479
0.314387
0.36434
0.312471
0.29982800000000004
0.34597900000000004
0.3112270000000001
0.346798
0.336212
0.35899600000000004
0.364748
0.351607
0.35079999999999995
0.36038000000000003
0.35797619
0.2150140100000001
0.36250524
0.3173971900000001
0.36195615
0.27468109999999996
0.35410115000000003
0.39229005
0.32184005000000004
0.31851705
0.3416171
0.32638415
0.34956005
0.29389005
0.34552305
0.26114719000000003
0.23529209999999995
0.3733641499999999
0.3686881500000001
0.34002018999999994
0.32838315
0.30556915
0.25715715
0.37191419
0.36108015
0.27134315
0.3619041
0.27786609999999995
0.2648081
0.21277661
0.2256197100000001
0.3522881500000001
0.3049471500000001
0.4063851000000001
0.37016615
0.33966115
0.39200415
0.34672315
0.3712111500000001
0.3728411500000001
0.39903215
0.36585715
0.34698519000000005
0.40691515
0.31509019
0.37813815
0.3544501500000001
0.37546015
0.3602471500000001
0.3851331500000001
0.4004431
0.36910815
0.39385615
0.3824271500000001
0.3684821500000001
0.4100131900000001
0.34464515
0.38073415
0.3686521900000001
0.3501281
0.4067961500000001
0.35857215
0.35374624
0.3477131900000001
0.35474624
0.36724219
0.3013372400000001
0.3345051900000001
0.2794661900000001
0.35118319000000003
0.35921019
0.34044319
0.3501551900000001
0.31939419
0.34817719
0.37249309999999997
0.39137015
0.24103719
0.31650924
0.32030729
0.33089324000000003
0.3235911
0.36855315
0.35812515
0.37639519
0.3673581500000001
0.3963891
0.35587815
0.3776791
0.3654111
0.3629621
0.4098291000000001
0.3764791
0.37990715
0.38036615
0.3792691
0.4552171900000001
0.4599191
0.3939001
0.30721319
0.3880330500000001
0.34540719000000003
0.28419919000000005
0.36896975
0.30226715
0.32023739
0.31565019000000005
0.33516819000000003
0.33940815
0.31840715
0.34277615
0.31310415
0.32144319
0.24070119
0.35301815
0.31710619
0.38529415
0.33260519000000005
0.30981810000000004
0.33055915
0.34939719
0.20629919
0.40034419
0.4008731
0.4209341500000001
0.32456315
0.27025910000000003
0.4006000500000001
0.28425029
0.30866233
0.31253724
0.30273429
0.28593815
0.31081715
0.30666319000000003
0.2093703
0.26486999999999994
0.2878415
0.312109
0.34141200000000005
0.19892200000000002
0.33483
0.187496
0.290878
0.329453
0.2998229999999999
0.378444
0.30191099999999993
0.329678
0.116941
0.194267
0.209576
0.275254
0.305696
0.1988942
0.296283
0.380414
0.3664579
0.35575110000000004
0.375281
0.363811
0.310733
0.4123785
0.3796927
0.35515019999999997
0.38886
0.378005
0.376102
0.3437350000000001
0.30519
0.3482429999999999
0.34689899999999996
0.330149
0.347589
0.334072
0.346645
0.30032999999999993
0.35377
0.17064800000000002
0.13153099999999998
0.230213
0.211373
0.161666
0.12471199999999999
0.180179
0.13335599999999995
0.11196700000000001
0.187373
0.18094900000000005
0.29548800000000003
0.073854
0.17662300000000006
0.17825399999999994
0.149428
0.1554281
0.201355
0.20748500000000009
0.17310299999999998
0.240674
0.214009
0.232899
0.23552800000000002
0.17475400000000002
0.239255
0.271913
0.218394
0.204482
0.189782
0.17625600000000002
0.21192800000000006
0.16610099999999994
0.21007399999999998
0.196016
0.15301900000000002
0.20298
0.169678
0.156907
0.151864
0.196913
0.15868800000000002
0.166856
0.19714600000000002
0.15747399999999998
0.192909
0.211858
0.17193999999999998
0.195882
0.14751199999999998
0.186094
0.19259
0.18470700000000004
0.17008199999999998
0.16884300000000002
0.17490199999999995
0.14057
0.14382799999999998
0.186506
0.166988
0.206883
0.207873
0.165848
0.154361
0.13251300000000002
0.23571399999999998
0.195839
0.190966
0.189525
0.226679
0.17372700000000002
0.228453
0.1840630000000001
0.143228
0.18844000000000005
0.17311300000000002
0.18519000000000002
0.228793
0.193761
0.220261
0.183363
0.236817
0.209571
0.202449
0.173214
0.194646
0.19298900000000002
0.17067800000000002
0.214068
0.20085999999999998
0.199378
0.23493000000000006
0.254288
0.29983000000000004
0.25423
0.25929
0.17429
0.214297
0.26066
0.20635599999999998
0.249094
0.231374
0.209091
0.26646
0.215955
0.24343
0.218786
0.17008
0.245235
0.2235560000000001
0.21552399999999997
0.20091900000000001
0.1895
0.21373800000000004
0.187667
0.207098
0.1765162
0.257444
0.19974
0.193071
0.193076
0.157431
0.192796
0.156814
0.067734
0.061730999999999994
0.2010901
0.27034
0.204205
0.380221
0.31423
0.28127
0.31864000000000003
0.266846
0.291395
0.295843
0.3778760000000001
0.311434
0.288029
0.28980900000000004
0.245968
0.32015
0.253184
0.23229179999999996
0.1896463
0.24081
0.28693
0.23283
0.2696146
0.2238478
0.1919176
0.1968348
0.22176579999999999
0.21056100000000003
0.26268220000000003
0.21346320000000002
0.2315062
0.1892692
0.3371258
0.17324349999999994
0.1856843
0.1743807
0.2248398
0.1837176
0.1596471
0.1833823
0.15380019999999994
0.1884679
0.20803850000000002
0.1916891
0.1621989
0.1640731
0.1841126
0.1698427
0.15880279999999994
0.2428625
0.17412289999999994
0.21524490000000002
0.20840140000000001
0.1228493
0.1778953
0.15123920000000002
0.2727158
0.18
0.246835
0.21949
0.10303
0.07649
0.30255
0.2589
0.22768
0.15913000000000002
0.1744051
0.13383
0.17356
0.17182740000000002
0.2490966000000001
0.1362514
0.144476
0.18426900000000002
0.12532
0.22588000000000005
0.16501300000000002
0.162376
0.1835
0.15178999999999998
0.030684
0.31343000000000004
0.27959
0.2356
0.36667
0.47944
0.458687
0.36287
0.154442
0.14521810000000002
0.03857
0.133625
0.136997
0.19108599999999998
0.193847
0.22853500000000004
0.10338999999999998
0.19164
0.1451218
0.17998999999999998
0.1225021
0.18385
0.05328
0.06481
0.129603
0.09375
0.119985
0.168122
0.15062200000000006
0.150561
0.131306
0.203347
0.150473
0.13693999999999998
0.17259760000000002
0.138745
0.11605
0.212912
0.28712000000000004
0.08296500000000001
0.15440099999999998
0.180951
0.201217
0.184036
0.192849
0.136658
0.175837
0.07859200000000001
0.06522599999999999
0.16675299999999998
0.186545
0.18188800000000002
0.21060500000000001
0.071306
0.1939445
0.17746599999999998
0.052632000000000005
0.210267
0.221705
0.120322
0.22657
0.073236
0.104505
0.192985
0.198466
0.085816
0.153379
0.199201
0.195873
0.20248
0.26988
0.08177999999999999
0.15865
0.221103
0.249186
0.21320300000000006
0.25497800000000004
0.202442
0.187387
0.183958
0.222709
0.11721969999999997
0.1073629
0.017161199999999998
0.1477076
0.12228279999999996
0.0150825
0.16615180000000002
0.1084341
0.1187068
0.112097
0.1486478
0.14644400000000002
0.24462910000000002
0.1702847
0.18130179999999999
0.17817660000000002
0.2093312
0.2266621
0.17585510000000004
0.20705820000000005
0.0915932
0.123694
0.2103016
0.1940339
0.21263530000000005
0.2422891
0.1056693
0.1207231
0.2266334
0.2033731
0.16113239999999998
0.2122101
0.0603237
0.21473670000000006
0.2236476
0.212693
0.2274029
0.188684
0.19069400000000009
0.17263499999999998
0.208498
0.17178599999999994
0.203536
0.198012
0.184096
0.219592
0.197358
0.208527
0.120495
0.199604
0.199589
0.197052
0.199479
0.246199
0.123965
0.214957
0.232782
0.226778
0.28893
0.27512
0.24185
0.16796
0.2468
0.23192
0.25997800000000004
0.35767000000000004
0.12853
0.24774000000000002
0.14407999999999999
0.14401000000000005
0.30747
0.28908
0.28619
0.303178
0.280694
0.250609
0.105695
0.22825
0.12686
0.23237
0.24766
0.258755
0.234421
0.2079828
0.23489000000000002
0.27466
0.23069299999999998
0.10855
0.316208
0.21044
0.2436
0.22016999999999998
0.256062
0.21661100000000005
0.20744
0.25863
0.127696
0.124153
0.201433
0.25310999999999995
0.29365
0.12768000000000002
0.239398
0.2385493
0.1447
0.20289
0.168959
0.04524
0.20238299999999998
0.171753
0.150131
0.16223200000000002
0.238168
0.221613
0.12168
0.094384
0.233183
0.241159
0.206977
0.22732600000000006
0.23687
0.184725
0.21449200000000002
0.152348
0.179593
0.14391700000000002
0.18559
0.21758
0.18853
0.18465
0.2362
0.234485
0.264189
0.203412
0.228084
0.229189
0.258889
0.206819
0.215283
0.202181
0.14236
0.14617
0.145428
0.16020800000000002
0.120771
0.32900999999999997
0.229311
0.053336
0.167346
0.219958
0.1876
0.1866
0.158625
0.18708
0.162981
0.16003
0.17082
0.180483
0.241409
0.196937
0.253334
0.183924
0.221901
0.222246
0.178071
0.224981
0.23984
0.21394000000000002
0.20422
0.17645999999999998
0.13652
0.118761
0.241711
0.25641200000000003
0.200465
0.188825
0.203606
0.217424
0.223782
0.24418
0.113917
0.14481
0.21142
0.12462000000000001
0.19155
0.16995000000000002
0.20909
0.22155999999999998
0.23013000000000003
0.2142
0.20402
0.25282000000000004
0.20367000000000002
0.21192800000000006
0.177879
0.179526
0.28553300000000004
0.17556
0.16262500000000002
0.04284
0.19214400000000004
0.14495000000000002
0.172796
0.12516300000000002
0.1793
0.15959
0.17270599999999994
0.22648800000000002
0.404046
0.447922
0.41197799999999996
0.22061999999999998
0.170675
0.224263
0.15611
0.131449
0.14827
0.14430500000000002
0.11988700000000002
0.12950899999999999
0.211659
0.230485
0.211015
0.213764
0.20236099999999999
0.173316
0.224598
0.202834
0.202231
0.221045
0.092467
0.21711999999999998
0.179188
0.201844
0.137572
0.15928499999999998
0.163159
0.02725
0.139655
0.0455
0.101185
0.183351
0.182879
0.196565
0.13694499999999998
0.112442
0.151685
0.011001
0.024516
0.095373
0.1409378
0.2048919
0.13721280000000002
0.2557181
0.1905208
0.2936913
0.279171
0.2832668
0.2571672
0.2184253
0.1591177
0.12590330000000002
0.050342000000000005
0.203572
0.036099900000000004
0.09362460000000003
0.1920661
0.185236
0.191669
0.19379000000000002
0.117491
0.17755700000000002
0.16877999999999999
0.06628099999999999
0.169681
0.17567
0.007301399999999999
0.123812
0.200275
0.005508
0.085649
0.106559
0.090026
0.082762
0.10873900000000003
0.117827
0.1673
0.0685
0.071238
0.158114
0.17537999999999998
0.161483
0.21509899999999998
0.237005
0.129504
0.235796
0.129409
0.224045
0.06785899999999999
0.06841699999999999
0.235666
0.259915
0.24269000000000002
0.332523
0.355468
0.323901
0.207346
0.22339
0.133167
0.18193299999999998
0.06485700000000001
0.107054
0.154345
0.139789
0.117307
0.13458499999999998
0.10374780000000004
0.1051515
0.1219
0.09587
0.158736
0.18792999999999999
0.1142
0.10615
0.099339
0.0068590000000000005
0.005882
0.099241
0.0061259999999999995
0.004509
0.089267
0.11218100000000003
0.003693
0.107527
0.185519
0.41532
0.4273
0.39305999999999996
0.26824000000000003
0.11443699999999997
0.14649700000000002
0.017783
0.012004
0.109553
0.1003466
0.12490129999999999
0.1088713
0.0983956
0.2019106
0.2500595
0.23955100000000001
0.1629243
0.14315970000000006
0.27820300000000003
0.2404793
0.2272866
0.2627522
0.223446
0.304188
0.22109
0.29262
0.04897
0.053434
0.094605
0.107945
0.11766
0.112899
0.106395
0.134255
0.0075299999999999985
0.099044
0.006218
0.105678
0.009583
0.133026
0.39859
0.233991
0.133199
0.014047
0.07807
0.16525
0.1411
0.170047
0.12828299999999998
0.23047
0.26594
0.2249182
0.12866989999999998
0.21415650000000008
0.23376599999999997
0.16792839999999998
0.1475145
0.0956474
0.0720267
0.2144375
0.17728120000000006
0.1872855
0.0702112
0.1940355
0.1649298
0.1507326
0.0668455
0.14837260000000002
0.2241683
0.2185662
0.21110120000000002
0.20760229999999996
0.19177120000000006
0.2057793
0.23743029999999998
0.22281120000000001
0.2005442
0.1796152
0.0974513
0.0974513
0.2099712
0.22041929999999998
0.22385120000000008
0.2020622
0.1955483
0.2177622
0.2082612
0.2365812
0.2112002
0.20218029999999998
0.1876855
0.1977493
0.20301240000000004
0.16525739999999994
0.2274973
0.1925835
0.1768761
0.20384449999999998
0.13474260000000002
0.16059849999999998
0.0478424
0.0332415
0.1571725
0.23663119999999999
0.24337229999999999
0.1181003
0.1110124
0.2328633
0.2119374
0.2282055
0.1900374
0.17572449999999998
0.1466418
0.0302839
0.1402058
0.13230050000000002
0.24153560000000002
0.0353746
0.1412406
0.15241760000000001
0.1122218
0.1303358
0.1196667
0.1630178
0.1322429
0.1319059
0.14337080000000002
0.1385445
0.1832336
0.031191700000000006
0.1306678
0.15087879999999998
0.13771170000000002
0.18190070000000005
0.15240260000000005
0.1224649
0.0347198
0.1418836
0.16245120000000002
0.2357231
0.1080874
0.10837839999999999
0.22806120000000002
0.1305703
0.1276255
0.1449169
0.14190080000000002
0.1703817
0.138017
0.1700636
0.22068470000000004
0.1817746
0.30835640000000003
0.13524360000000002
0.2565984
0.11392930000000001
0.33405450000000003
0.3694231
0.28812350000000003
0.17395200000000002
0.0064468
0.08662840000000001
0.1206955
0.0049813
0.113332
0.0973481
0.2660244
0.2767768
0.1692794
0.1084191
0.0121387
0.1103855
0.11765940000000001
0.205486
0.2462577
0.2000729
0.2339913
0.2464766
0.1495734
0.0056472
0.0059912
0.1048519
0.0991839
0.13920870000000002
0.294368
0.3083366
0.3107773
0.2160859
0.363973
0.33141960000000004
0.31994959999999995
0.2969271
0.2688054
0.3531449
0.3581016
0.335307
0.3189447
0.2032118
0.3090405
0.31185860000000004
0.3364258
0.3238999
0.32592370000000004
0.3519431000000001
0.32807470000000005
0.2238398
0.3169485
0.32085090000000005
0.3445458
0.3386651
0.2680419000000001
0.33728810000000004
0.32306470000000004
0.3322407
0.3265564
0.33330760000000004
0.31290250000000003
0.2977554
0.22947440000000002
0.30434340000000004
0.4067006000000001
0.35454820000000004
0.31061740000000004
0.41821210000000003
0.30617140000000004
0.4110079000000001
0.4020148
0.39218559999999997
0.4020885
0.3864464
0.35917659999999996
0.3511869000000001
0.2257641
0.3491628
0.3537867
0.24337370000000005
0.3406215
0.2987677
0.3448908
0.3661416000000001
0.3525888
0.3174998
0.4327192
0.31582350000000003
0.3699833
0.3214169
0.4239958
0.34229750000000003
0.16985
0.18446289999999999
0.1736387
0.2415645
0.2610288
0.2343696
0.2047907
0.2004146
0.2162827
0.1100746
0.1957108
0.2253036
0.0948206
0.0906378
0.2079115
0.12827390000000002
0.023772
0.1056932
0.12699539999999998
0.11460919999999998
0.1256661
0.118493
0.13326480000000002
0.014871100000000003
0.10305919999999999
0.13906079999999998
0.3714177
0.3758837
0.3778489
0.18442920000000002
0.17460150000000002
0.1250808
0.1049188
0.019443900000000004
0.10536110000000001
0.14478380000000002
0.0798102
0.1996268
0.1849136
0.17866520000000002
0.17333020000000002
0.1824169
0.07771950000000001
0.1126778
0.1234197
0.1207911
0.0639918
0.3079797
0.1027018
0.12844589999999995
0.14654170000000002
0.05442230000000002
0.0611443
0.14226950000000002
0.1455339
0.15503769999999994
0.10671939999999999
0.2359035
0.2162934
0.3675923
0.2343237
0.26607839999999994
0.13189740000000005
0.2372725
0.2013874
0.1194355
0.1462403
0.1640116
0.1814656
0.1845216
0.162127
0.29646999999999996
0.103027
0.18564000000000005
0.150844
0.227393
0.173782
0.055546000000000005
0.224561
0.08870900000000001
0.229334
0.16806200000000002
0.117825
0.222792
0.191904
0.19365800000000005
0.168456
0.17910600000000004
0.246517
0.23088000000000006
0.28055
0.21279299999999998
0.29579
0.28518000000000004
0.27525
0.32670999999999994
0.23892500000000005
0.325415
0.18771500000000002
0.24875000000000005
0.16921
0.148573
0.114663
0.120163
0.208752
0.238327
0.213068
0.167406
0.17197000000000004
0.169209
0.20698000000000005
0.27428
0.26406
0.29011000000000003
0.318089
0.16328299999999998
0.26588300000000004
0.232442
0.147045
0.13383699999999998
0.129301
0.17071700000000006
0.13407
0.14237
0.14931999999999998
0.12154
0.11416
0.179111
0.136906
0.108469
0.130599
0.139293
0.13575700000000002
0.130978
0.134156
0.14595190000000002
0.11805999999999997
0.109698
0.19204200000000002
0.17122
0.20687
0.21493
0.17529
0.27005999999999997
0.22239
0.25816
0.17718599999999998
0.227289
0.24165799999999998
0.213252
0.22829000000000002
0.202757
0.204414
0.245758
0.23216900000000001
0.214738
0.2120670000000001
0.21266
0.1869
0.128131
0.13696899999999998
0.12664899999999998
0.13417
0.10794
0.01191689
0.219584
0.147121
0.17281200000000002
0.116179
0.126585
0.1053405
0.11477
0.121381
0.124159
0.15128
0.11478
0.103689
0.10448099999999999
0.100614
0.007294
0.005142
0.15495599999999998
0.11457
0.136741
0.120036
0.113631
0.15552
0.126366
0.13877799999999998
0.116067
0.11167200000000001
0.104305
0.100436
