0.15727207999999998
0.15525738
0.15694017999999998
0.15698204
0.15700503999999998
0.15427113
0.15584213
0.15626523
0.15166793
0.15280208
0.15163018
0.15500114
0.15128408999999998
0.15185264
0.15328454
0.15025748000000005
0.15258509
0.14726614
0.15004269
0.15357584000000002
0.15368474
0.15179274
0.15629568
0.15077368000000002
0.15478477999999998
0.15293064
0.15218359
0.15344479
0.15273559
0.15459059
0.15019154
0.12766074
0.09809273
0.09759328
0.09836288
0.10665792000000003
0.12926059
0.15845734
0.10856309
0.10044259
0.15657315
0.10070614
0.12668414
0.15691384
0.17678156
0.18185841000000005
0.16203553999999998
0.11940634
0.10999754
0.10072988
0.09606633
0.09763132
0.09653852
0.09908752
0.09485356
0.09562681000000002
0.11837772
0.12499677
0.11771483
0.09722066
0.09609556
0.09730346
0.09929987
0.10363662
0.10343038
0.22083852
0.19950152
0.10203877
0.14630292
0.11502902
0.09903012
0.10164392
0.14287677
0.10546866
0.09931786
0.09966606
0.09935116
0.10157996
0.11016482
0.09872751
0.10320586
0.10106802
0.09822902
0.09675902
0.10164552
0.26498068
0.25175408
0.13845499
0.13960284
0.16850178
0.14203002999999995
0.14907378000000002
0.15342593000000002
0.13783168
0.13775063
0.13746493000000004
0.14492048
0.14175543999999998
0.14461143
0.14058347999999996
0.15436418999999998
0.14501298
0.14323348000000002
0.14520682999999995
0.14376112999999996
0.14055508
0.14708274
0.17007784
0.2021814
0.20528974000000005
0.15268034
0.15314967999999995
0.14708687999999998
0.14924508
0.11377832
0.10432622
0.10415812
0.10657097
0.10666717
0.11816028
0.14084407999999998
0.15686428
0.12359572000000002
0.15860802
0.15584198
0.1529354
0.1584773
0.2460819
0.2151169
0.2129489
0.20450941
0.15509379
0.11764704
0.11573632
0.11452932
0.11749423
0.10971198
0.11060733
0.11641787
0.11822982
0.11324282
0.11260578
0.11745978
0.10866192
0.10965992
0.11168072
0.11444282
0.12010013
0.12058798
0.13642801999999998
0.17086138
0.17082022
0.17604082
0.16650948
0.17137652000000006
0.14841492
0.16936907
0.11468327
0.21824302
0.23139513
0.20355262
0.22684527
0.16400206
0.16223296
0.12027582
0.16301501999999998
0.16435811
0.11411501
0.12929026000000002
0.11472986000000004
0.21763586
0.21133972
0.21310382
0.19998847
0.18314823
0.17976363
0.17918116
0.18873948
0.28978128000000003
0.23246673
0.21188492
0.22287948
0.18830088
0.18775022
0.18313522
0.18674397
0.18931986
0.21601076
0.21692313
0.21937296
0.21258573000000008
0.19210823
0.18280423
0.23563690000000004
0.18431604
0.19487272
0.20451712
0.23459298
0.23866288
0.20365317
0.10427191
0.10178536
0.10303551
0.10164026
0.10238166
0.10247876000000004
0.12044916
0.15105392999999998
0.11636423
0.16363824
0.1720672
0.17223346
0.12476568999999996
0.1299486
0.23911465
0.27179668
0.26102202
0.14057467
0.11932312
0.11614862
0.11916857000000004
0.10921412
0.10672872
0.17112397
0.16499347
0.17252868000000002
0.17317738
0.17621182000000002
0.17184092000000006
0.17353533
0.16894662
0.17064132
0.16950982
0.16743778
0.16947308
0.18220308
0.17544786999999998
0.20277303
0.19506633
0.14158358
0.14350142
0.15783461999999998
0.16887052
0.16652947
0.14470467
0.08046591
0.12864592
0.11319642
0.11620082
0.11846702000000002
0.14560842000000002
0.18041968
0.17832512
0.17908347
0.18123982
0.18423912
0.18323467
0.16189412
0.17737172
0.14117797
0.15039832
0.14251287
0.10543992
0.11661092
0.12007022000000002
0.11537847
0.11959522
0.11829782000000005
0.11433536
0.11388982
0.15666812
0.12496696
0.11759141
0.11792871
0.11524182
0.11412727
0.11694642
0.11737112
0.11242926
0.11282726
0.11375142
0.11185433
0.11021921
0.12578347
0.13868985
0.13637285
0.13428068999999998
0.15586965000000005
0.14987095
0.23798777
0.29267423000000004
0.31309983
0.27499923000000004
0.33554213
0.36201903
0.13459169
0.13679879
0.13694104
0.14398129000000004
0.18401734
0.19535114000000006
0.18852239
0.19508529
0.19370254000000006
0.12961428
0.12627993
0.15917908000000006
0.14483184000000002
0.12409394000000006
0.11175918
0.12989309000000002
0.11381084
0.11636549
0.11432727
0.12377833
0.10986934
0.10408458
0.10625273
0.10856018
0.29878825
0.29263416000000003
0.29089374
0.28899871
0.2893513
0.2876574
0.22698015
0.1056242
0.14010757
0.13295287
0.13527586
0.12747402
0.1256142
0.11053969
0.10282168
0.12045843000000002
0.12247643000000005
0.1252963
0.11642824
0.11385860000000002
0.12185134
0.11522434
0.11965919
0.10947239000000004
0.12052117
0.11811392
0.114194
0.11394121
0.12860263000000002
0.21775156
0.21546911
0.15564244
0.10162323
0.10147412
0.10538957
0.10658944
0.29508344
0.29112539
0.29172839
0.28663538
0.28917929
0.28314243
0.09943053
0.10297954
0.10096538
0.30121824
0.12212652
0.30373564
0.30119252
0.31910544
0.32156634
0.32788039
0.34680925
0.35290629
0.29865787
0.30102087
0.31425482
0.28957182
0.28866182
0.28934578
0.29082482
0.28806282
0.28873492
0.27130582
0.10211682
0.10095982
0.11024678
0.10501982
0.10408373
0.10773073
0.10193073
0.10294452
0.09975872
0.10174752
0.10301882
0.10250778
0.10423878
0.10271637
0.09916717
0.10066632
0.10025882
0.10474373
0.10567478
0.10279887
0.10252417
0.10280632
0.10167852
0.15408752
0.10036857
0.11849422
0.10693638
0.09983467
0.10133182
0.09393692
0.09416392
0.09576192
0.09407496
0.09253296
0.09740587
0.10200578
0.09733082
0.10070973
0.099237
0.098589
0.10436399999999996
0.13162
0.128652
0.1457
0.183073
0.184391
0.181438
0.15445073
0.14571168
0.14430382
0.10063992
0.09766182
0.09333501
0.09336201
0.09935792
0.10518801
0.09891312
0.11249112
0.10721853
0.10706768
0.10500687
0.11328773
0.11601373
0.10841796
0.11269392
0.10996368
0.12946133999999998
0.11975328999999996
0.1794571
0.18226724
0.15661549
0.11570778
0.11018398
0.15923764
0.12096568
0.11769278
0.15322573
0.14294412
0.11728253
0.11356993
0.14057454
0.11545863
0.10659242
0.10565803
0.17686564
0.22106564
0.12019668
0.11891359
0.12282668
0.11933058
0.12785853
0.16923428
0.17803567999999995
0.11816973
0.14330468
0.12171368
0.12072064
0.12490359
0.12853854
0.13869093999999998
0.14192554
0.14238350000000002
0.14068245
0.13642849999999998
0.13505250000000002
0.13572854
0.12795945
0.12440419999999999
0.1255213
0.12384464
0.12457819
0.14835301
0.18351896
0.19411434
0.1797825
0.10843499
0.15533319
0.16414454
0.16115364
0.18892959
0.15605568
0.11449378999999996
0.11222169999999998
0.11715288
0.11703373
0.20889354
0.19619845
0.12638845
0.16106045000000002
0.16424835999999998
0.1653345
0.11000639999999999
0.11207278
0.11318258
0.1041252
0.1134213
0.12509
0.14070339999999998
0.14085456
0.1381908
0.14361456
0.21909
0.13826669
0.13029188
0.12262982999999998
0.141566
0.204603
0.15513410000000002
0.151406
0.15045799999999998
0.151027
0.156374
0.162028
0.128023
0.130021
0.17002099999999998
0.13758599999999999
0.16530599999999998
0.147132
0.158021
0.183645
0.18079100000000006
0.191821
0.1975544
0.1928398
0.200834
0.196709
0.210866
0.2031126
0.216177
0.204371
0.206925
0.244302
0.126418
0.114319
0.116309
0.037201000000000005
0.036813
0.040811
0.032407000000000005
0.0268302
0.0326529
0.097802
0.099995
0.11110899999999999
0.130684
0.07196839
0.092274
0.28513
0.370227
0.35833400000000004
0.11160339999999999
0.1152076
0.1306329
0.07683
0.121477
0.078618
0.080609
0.083979
0.084892
0.07784466000000001
0.07896706
0.19115471
0.11913300000000004
0.379945
0.3108046
0.309533
0.17375975
0.0266765
0.029744600000000006
0.030737999999999998
0.17044769999999998
0.174767
0.040492
0.031443
0.031083
0.031287268
0.052152599999999986
0.064926
0.0626616
0.066609
0.06341999999999999
0.028284799999999995
0.0291094
0.029361
0.06653899999999999
0.0659902
0.06456429999999999
0.066301
0.061593
0.063725
0.0706362
0.0458122
0.030883
0.028697000000000007
0.031429700000000005
0.030627
0.035441
0.0475
0.053561000000000004
0.035799000000000004
0.0239973
0.024668
0.0225996
0.020987
0.072703
0.07620199999999999
0.078278
0.266194
0.258945
0.154101
0.08452399999999999
0.079621
0.07849600000000001
0.07533519999999999
0.076111
0.185642
0.219208
0.19203
0.07702089999999999
0.0217605
0.0249307
0.030296
0.025473
0.014769
0.073244
0.0741827
0.06540699999999999
0.026971
0.018288
0.018555900000000004
0.0213025
0.017072999999999998
0.120973
0.1090164
0.040826
0.026208
0.0374535
0.050133
0.03322
0.040902
0.028528399999999995
0.0102083
0.014563
0.075045
0.078234
0.07863400000000001
0.046275
0.012814399999999998
0.011753
0.0119401
0.015270600000000004
0.014805
0.017468
0.0144025
0.0134894
0.059572
0.062268899999999995
0.06312380000000001
0.07035
0.061901
0.07294400000000001
0.0112433
0.0107837
0.0105563
0.009972268
0.011556768
0.012136868
0.013433600000000002
0.011259599999999998
0.0105695
0.203862
0.209913
0.2020857
0.21167
0.190759
0.014633999999999998
0.0143843
0.048543
0.056128
0.052166
0.054713
0.11616099999999999
0.075994
0.06731799999999999
0.029539000000000006
0.017892300000000003
0.0159635
0.0191734
0.013400200000000001
0.07430060000000001
0.1313124
0.11302770000000001
0.1277153
0.16151400000000002
0.17205299999999998
0.18779920000000005
0.196224
0.175372
0.191284
0.1941578
0.139466
0.144484
0.1904499
0.14009299999999994
0.13581500000000002
0.13792300000000002
0.13234300000000002
0.13581
0.178608
0.208756
0.200722
0.1922819
0.073928
0.077645
0.1127
0.07829889999999999
0.07699417
0.134417
0.132444
0.14196609999999998
0.14066250000000002
0.1363669
0.1763937
0.138818
0.142258
0.16505699999999998
0.226881
0.18938210000000003
0.158173
0.15851600000000002
0.209215
0.199794
0.097268
0.100697
0.125446
0.124205
0.095929
0.20726999999999998
0.280652
0.292275
0.2926960000000001
0.290898
0.32052
0.314655
0.30205
0.268781
0.271448
0.28001200000000004
0.27919299999999997
0.2514598
0.2515356
0.28147540000000004
0.32674699999999995
0.31475440000000005
0.2491867
0.2421055
0.2398539
0.2394246
0.23285799999999998
0.237427
0.236275
0.235391
0.2384409
0.24308920000000003
0.247494
0.268248
0.270825
0.26766999999999996
0.25560999999999995
0.25814000000000004
0.26898399999999995
0.335775
0.296508
0.30300429999999995
0.27578800000000003
0.257427
0.252855
0.25448699999999996
0.25308200000000003
0.252637
0.26768200000000003
0.252859
0.254386
0.257006
0.2260465
0.22225419999999999
0.249416
0.3632110000000001
0.33858499999999997
0.32218
0.241693
0.25173379999999995
0.25128300000000003
0.25972399999999995
0.257411
0.251861
0.254416
0.25686200000000003
0.277878
0.268703
0.28149
0.283696
0.28096000000000004
0.28179800000000005
0.28717800000000004
0.29489
0.297163
0.221795
0.19493100000000005
0.157218
0.238911
0.33022700000000005
0.310242
0.27085600000000004
0.261843
0.26978
0.27727500000000005
0.275486
0.2764510000000001
0.271529
0.2665555
0.2858777
0.2788236000000001
0.24351460000000005
0.2381706
0.22507
0.3197285
0.30654370000000003
0.226791
0.2299948
0.2132256
0.287117
0.249479
0.248507
0.19530999999999998
0.2040167
0.206683
0.19812
0.185029
0.188309
0.222685
0.204505
0.189593
0.20229000000000005
0.220354
0.200119
0.209044
0.206098
0.295287
0.18015
0.18135
0.231438
0.23168200000000005
0.234551
0.255914
0.286931
0.238805
0.22912
0.227419
0.228935
0.275339
0.275849
0.28086999999999995
0.303534
0.302089
0.2925590000000001
0.28845
0.28353300000000004
0.2741259
0.271047
0.28273909999999997
0.28588090000000005
0.2740325
0.2720383
0.2719847
0.2836309
0.2901303
0.27543870000000004
0.2766139
0.2854455
0.2853839
0.274909
0.27624370000000004
0.2728224
0.2876696
0.279036
0.2838909000000001
0.27094309999999994
0.2754456
0.2867148
0.2755877
0.28704549999999995
0.2738383
0.2721265
0.3155132
0.31599190000000005
0.2747232
0.27104959999999995
0.2813872
0.271793
0.282212
0.27184200000000003
0.27011599999999997
0.27614500000000003
0.27165500000000004
0.27706
0.265196
0.268022
0.278666
0.27397
0.277158
0.26755999999999996
0.277704
0.26931
0.277502
0.267139
0.275876
0.272381
0.2701789
0.29456390000000005
0.27702009999999994
0.28054159999999995
0.2805499
0.278862
0.268175
0.278125
0.285012
0.266329
0.270299
0.267637
0.27774899999999997
0.267506
0.26764
0.270121
0.27005500000000005
0.266019
0.26451220000000003
0.26639609999999997
0.26751420000000004
0.2637443
0.2683183
0.271725
0.26879040000000004
0.2704685
0.2672866
0.26604140000000004
0.27492940000000005
0.2683374
0.2686864
0.2681775
0.2675946
0.2191056
0.21117719999999998
0.1841682000000001
0.1686829
0.17606860000000002
0.17952759999999998
0.173062
0.17888210000000002
0.1814003
0.1768315
0.1836922
0.1875053
0.1814184
0.19081260000000005
0.1863143
0.1886955
0.1901131
0.15995620000000002
0.167181
0.1817756
0.17812830000000002
0.1786416
0.23344160000000005
0.26899290000000003
0.264119
0.26832399999999995
0.266378
0.26568590000000003
0.26453180000000004
0.26273909999999995
0.261433
0.2649841
0.26182510000000003
0.260655
0.2610171
0.29666099999999995
0.26514109999999996
0.2984329
0.3008847
0.29534879999999997
0.2595667
0.255736
0.25755
0.29647690000000004
0.25807690000000005
0.2541841
0.2718168
0.3739965
0.3673685
0.3423446
0.27488640000000003
0.2664924
0.2647018
0.2668759
0.26216280000000003
0.2587889
0.2630969
0.2634798
0.2652119
0.26099190000000005
0.2640019
0.2589879
0.26231140000000003
0.2685776
0.26767179999999996
0.2695619
0.2653339000000001
0.26812290000000005
0.2694439
0.3146058
0.31375190000000003
0.31558790000000003
0.26806399999999997
0.2693149
0.3205255
0.3184856
0.3155758
0.2695079
0.26846010000000003
0.2683354
0.26683270000000003
0.2614346
0.2666748
0.263905
0.2637161000000001
0.2660573
0.265809
0.27831940000000005
0.2851844000000001
0.26228650000000003
0.30303
0.3196643
0.3323828
0.2629758
0.33284670000000005
0.3586346
0.2686579
0.25988490000000003
0.27512960000000003
0.2597896
0.2632699
0.2463999500000001
0.23933304
0.23800699
0.24979799000000005
0.25507104
0.25625088999999995
0.25562494
0.25810771000000005
0.26935809000000005
0.2632294000000001
0.26261354
0.26347979
0.26147190000000003
0.2642926700000001
0.26712956000000004
0.2624437000000001
0.2605066600000001
0.26194090000000003
0.2593258399999999
0.26216366
0.26047566000000005
0.2550964399999999
0.25894245000000005
0.2583546600000001
0.24746784
0.24243484
0.25597589
0.25625476
0.25722874999999995
0.2548388100000001
0.2530828399999999
0.2551899
0.2529748399999999
0.2552444600000001
0.3004640800000001
0.33615438000000003
0.27289671000000004
0.2572329
0.2888305200000001
0.26323156000000003
0.25633866
0.25903566
0.25783280000000003
0.26756248000000005
0.26622043
0.26424632000000003
0.2655951800000001
0.25831170000000003
0.25414380000000003
0.2530288
0.25934756000000003
0.2633564700000001
0.27009351000000004
0.2725824700000001
0.27192161
0.26885674
0.26932366
0.3118963100000001
0.30723420999999995
0.3138365700000001
0.30718061
0.3103055700000001
0.26795471000000004
0.2702448
0.2643378
0.26224410000000004
0.24836064
0.24703455
0.2459516900000001
0.24334599
0.24807734
0.2458943
0.25062375000000003
0.2473006100000001
0.17382976
0.18599462
0.18572062
0.22929575
0.22993917
0.23699047
0.1987759000000001
0.18009335
0.18749952
0.22056847
0.17226945000000005
0.16493705000000006
0.16735239999999998
0.16558034000000002
0.16393884000000006
0.16814520000000002
0.1612449
0.17277806
0.20818281
0.20738405000000004
0.19800474000000004
0.20596629000000005
0.20712089000000009
0.21027764000000004
0.21899515000000008
0.2308085
0.21506950000000002
0.22477341
0.22141001
0.2342167
0.20735904
0.21004742
0.25986136000000004
0.2189439
0.21775169000000005
0.21750160000000002
0.21612615
0.21590275
0.21268849
0.20595614
0.19561239000000005
0.19812629
0.19599174000000005
0.21649725
0.2360151
0.22033639
0.22443956
0.22798771
0.21756271
0.26528381
0.26360451
0.26296351
0.2543271200000001
0.26012616000000005
0.25957036
0.2593706100000001
0.25493000000000005
0.2240004
0.22195460000000006
0.26595100000000005
0.30074404000000005
0.32273417000000004
0.32325531
0.33015429
0.32096138
0.30952932999999994
0.31831324
0.31711719
0.29840224
0.00014969999999999998
0.08282710000000001
0.049527
0.008621
0.062778
0.0559
0.07622999999999999
0.1184229
0.1128198
0.19455079999999997
0.15450999999999998
0.20129
0.20608
0.2195982
0.23481
0.2607389
0.306641
0.2580254
0.2483
0.19570099999999999
0.264512
0.13599699999999998
0.15379079999999998
0.15899000000000002
0.13766
0.15308
0.13993
0.155581
0.14617200000000002
0.16610000000000005
0.197439
0.248311
0.2270621
0.051493
0.12143679999999996
0.046695
0.0092412
0.0110152
0.0236258
0.08271640000000001
0.014658100000000004
0.0727419
0.012204200000000002
0.008758300000000002
0.019407
0.352254
0.353036
0.376485
0.365451
0.07761499999999999
0.08873700000000001
0.1545285
0.15947170000000002
0.15755049999999998
0.14758010000000002
0.14955079999999998
0.14361649999999998
0.11217069999999998
0.08015130000000001
0.0665495
0.062302699999999996
0.06531590000000001
0.066781
0.06721099999999999
0.08443439999999999
0.08754100000000001
0.0842995
0.0737254
0.0898967
0.07482180000000001
0.0875377
0.0734789
0.07011110000000001
0.012436
0.275052
0.335936
0.337898
0.31538940000000004
0.10956199999999999
0.05186
0.0811888
0.08247179999999997
0.08008929999999999
0.038470800000000006
0.06120220000000001
0.0972822
0.09920769999999997
0.0949457
0.05855980000000001
0.0491992
0.0546711
0.11149919999999999
0.0750502
0.0629382
0.0958243
0.0997309
0.0586169
0.0918396
0.16124960000000002
0.124851
0.142621
0.116357
0.07376200000000002
0.1006081
0.10934829999999998
0.06346550000000001
0.1420369
0.1067943
0.06237439999999999
0.11623519999999996
0.0881443
0.0981125
0.0817963
0.0710467
0.1031742
0.0927006
0.08517369999999999
0.0977621
0.0977451
0.09437589999999997
0.06926689999999999
0.07391070000000001
0.08360000000000001
0.0814898
0.0940412
0.10299160000000003
0.0994688
0.0961812
0.086158
0.06259119999999999
0.07467230000000001
0.1405932
0.10303119999999999
0.1397359
0.13248279999999998
0.14621789999999998
0.1445021
0.1535358
0.14468470000000005
0.1401181
0.13676670000000002
0.02947
0.032073000000000004
0.023906
0.042660000000000003
0.043036000000000005
0.1527152
0.16761000000000004
0.046238
0.09669
0.15307
0.15153
0.13244999999999998
0.11497
0.15005
0.111678
0.10195
0.15075
0.12179
0.10966
0.060242
0.038677
0.043333
0.0407
0.04455
0.13742300000000002
0.07959
0.2723
0.279821
0.42795
0.323982
0.32082
0.23059000000000002
0.06336
0.045444000000000005
0.041787
0.0365754
0.12879400000000002
0.182694
0.16947800000000002
0.167311
0.15331
0.096691
0.100174
0.1992
0.229473
0.22809000000000001
0.2460900000000001
0.24589
0.27859
0.182594
0.185409
0.180143
0.18134
0.18184
0.17412
0.19087
0.17707
0.14388
0.10466
0.142792
0.15941699999999998
0.07125
0.13018000000000002
0.09023099999999999
0.109669
0.043055800000000005
0.042879
0.044588699999999995
0.059197
0.10206
0.08860900000000001
0.11141
0.11166
0.07205
0.08599399999999999
0.095315
0.10015
0.101848
0.08968999999999999
0.12913999999999998
0.172731
0.15367999999999998
0.063068
0.20481
0.223681
0.09595
0.04929
0.080825
0.08189500000000001
0.082735
0.08376
0.086505
0.07345399999999999
0.0822
0.052999
0.056828
0.050281000000000006
0.052322
0.059235
0.10988800000000001
0.106949
0.106331
0.12972999999999998
0.08399999999999999
0.07487100000000001
0.0718
0.050691
0.048235
0.089584
0.31301999999999996
0.0452
0.033472
0.0475
0.048
0.03586
0.035825
0.04037
0.13541
0.048535
0.115648
0.09013
0.115969
0.13662
0.104725
0.116908
0.10651
0.137022
0.153366
0.17087000000000002
0.17198999999999998
0.14669
0.119779
0.118013
0.109176
0.099319
0.08357
0.08429500000000001
0.138205
0.12800599999999998
0.16708599999999998
0.11809700000000001
0.157075
0.19141
0.15353499999999998
0.151
0.10677
0.13464600000000002
0.17494500000000002
0.131492
0.195777
0.146767
0.120287
0.104157
0.109074
0.159859
0.142776
0.117773
0.22826
0.21578000000000008
0.189818
0.19961
0.24829
0.23204
0.19385
0.28061
0.27874
0.26321
0.26672
0.253904
0.281486
0.20441689999999998
0.0001764
0.0001202
0.00010590000000000001
0.000164
0.15803409999999998
0.12868039999999994
0.1260029
0.13387159999999998
0.13063699999999998
0.127975
0.128333
0.1275066
0.13394299999999998
0.127834
0.129944
0.186465
0.191592
0.259483
0.33357600000000004
0.35387
0.33714299999999997
0.15983499999999998
0.368
0.3636646
0.3598873
0.35378899999999996
0.3333007
0.3401922
0.3391154000000001
0.3385457000000001
0.3441637
0.3514102
0.3587305
0.3596056
0.359687
0.388927
0.33986900000000003
0.345503
0.340517
0.203132
0.2046280000000001
0.197069
0.15633899999999998
0.14287899999999998
0.140557
0.220688
0.135437
0.1754
0.19729000000000002
0.14282999999999998
0.132632
0.130686
0.133805
0.134975
0.14135
0.13510299999999995
0.136878
0.13373100000000002
0.140347
0.135216
0.136736
0.13577099999999998
0.138319
0.13705499999999998
0.140167
0.135199
0.139289
0.135948
0.13564199999999998
0.136192
0.14229999999999998
0.13981500000000002
0.138945
0.138126
0.137989
0.13728900000000002
0.138236
0.13955499999999998
0.14186600000000002
0.14557199999999998
0.14534399999999995
0.14721800000000002
0.14006200000000002
0.147029
0.14987
0.19417
0.18903
0.149114
0.15032
0.1980240000000001
0.231519
0.24496
0.21294000000000002
0.2362426
0.26735
0.430961
0.350164
0.283057
0.232094
0.24116
0.29787
0.30836
0.295236
0.240858
0.228588
0.220268
0.23899500000000004
0.25634450000000003
0.239898
0.242
0.21181
0.42426
0.29254
0.23503000000000002
0.21361999999999998
0.27454
0.26413000000000003
0.17992
0.192277
0.201022
0.154842
0.14369800000000002
0.14293
0.17382699999999998
0.17669099999999996
0.17043800000000006
0.17486500000000002
0.175733
0.16481600000000002
0.179292
0.17769800000000002
0.180994
0.16878200000000002
0.191912
0.147978
0.14538900000000002
0.149981
0.151477
0.16897
0.176457
0.159113
0.16122699999999998
0.167596
0.185757
0.2450650000000001
0.1861
0.193102
0.18604400000000001
0.199071
0.14458700000000002
0.146447
0.169353
0.18339000000000005
0.189077
0.19072
0.182157
0.181237
0.184035
0.18254
0.186005
0.18617
0.18974
0.18808
0.185695
0.19151
0.39783
0.26531
0.1872
0.23590010000000006
0.2260311
0.23516315
0.22457819000000004
0.23624419
0.23654115
0.24204115
0.22104724
0.22292224
0.24032719
0.2474391
0.2571791
0.27836719
0.26648005
0.24946815
0.24530815
0.24448619
0.18461524
0.17766137999999998
0.21800638
0.22656
0.26700999999999997
0.21501
0.25704
0.2606299
0.2668508
0.2627656
0.2630427
0.2642066
0.2534118
0.2107922
0.2154013
0.234747
0.2888375
0.29233380000000003
0.2922984
0.28977129999999995
0.2939948
0.3059437
0.3063861
0.30364509999999995
0.3037408
0.3127535
0.3111089
0.306888
0.3132147
0.2912023
0.30343590000000004
0.3035819
0.2908856
0.29158890000000004
0.29194689999999995
0.2866461
0.3012966
0.28749230000000003
0.2895351
0.32573060000000004
0.34424940000000004
0.3021999
0.2878485
0.2696272
0.33089850000000004
0.33724750000000003
0.3154851
0.2809393
0.26066110000000003
0.3280304000000001
0.3342356
0.3189447
0.27216209999999996
0.2811831
0.3266995
0.3299961
0.3290071
0.2774169
0.33042560000000004
0.33351469999999994
0.27817420000000004
0.275857
0.2661151
0.2751137
0.26576989999999995
0.2746565
0.2781398
0.2683204
0.26687999999999995
0.2752466
0.26915890000000003
0.2680832
0.2634765
0.2576392
0.2592973
0.2592356
0.2570036
0.2187118
0.1798246
0.16003630000000002
0.1672056
0.1618368
0.1684235
0.1558404
0.1565508
0.15810800000000005
0.1643356
0.16803279999999998
0.16328000000000004
0.16281140000000002
0.16373300000000002
0.15931279999999998
0.1622303
0.16873760000000002
0.1600599
0.1641008
0.1661815
0.17126149999999998
0.16977530000000002
0.1643371
0.16676680000000005
0.1647348
0.16537090000000002
0.1997083
0.2540374
0.25510170000000004
0.2590561
0.25377960000000005
0.2519959
0.2515778
0.2576789
0.2565775
0.2587442
0.26181570000000004
0.2590918
0.2586642
0.25614210000000004
0.2563986
0.27972800000000003
0.23184839999999998
0.2625037
0.2734236
0.26020360000000003
0.2553942
0.3028302
0.2936867
0.3045649
0.2911385
0.2536935
0.2544671
0.2529976
0.2569132
0.2584689
0.2573998
0.260687
0.2603694
0.2501596
0.25010560000000004
0.2542232
0.2888124
0.2785172
0.2588663
0.2569592
0.2593747
0.2607146
0.2608674
0.26192550000000003
0.2593979
0.2584008
0.25496260000000004
0.2575065
0.2552686
0.2549792
0.2615113
0.2573065
0.2608883
0.2608698
0.256152
0.2573012
0.2587638
0.2696965
0.2907456
0.3035575
0.2612018
0.26131380000000004
0.2583173
0.2607732
0.25699679999999997
0.2563375
0.2606774
0.29189560000000003
0.3337475
0.2640665
0.2640022
0.254705
0.2509584
0.2525993
0.2498931
0.24906729999999996
0.253245
0.25674020000000003
0.2549892
0.2577696
0.28417359999999997
0.26651840000000004
0.2603393
0.2725875
0.27061
0.2654
0.266148
0.2604347
0.25977100000000003
0.26159020000000005
0.259427
0.2576121
0.2598161
0.261225
0.2575411
0.2612061
0.26515859999999997
0.2589462
0.2567782
0.2568971
0.25813010000000003
0.2573991
0.2591101
0.260263
0.2594291
0.264885
0.262116
0.2604481
0.26263980000000003
0.2614307
0.2586418
0.25917310000000005
0.259207
0.2591631
0.2609862
0.25930610000000004
0.258683
0.2584741
0.2596831
0.261628
0.26035
0.29727
0.33995
0.29703
0.36838000000000004
0.36589
0.33219
0.29283000000000003
0.3486
0.31444
0.35037
0.30868
0.32275
0.3620100000000001
0.35451
0.333019
0.33923000000000003
0.32051999999999997
0.30729
0.30058
0.296066
0.298177
0.30728300000000003
0.324141
0.32438500000000003
0.33164
0.32876
0.321616
0.307025
0.30438000000000004
0.30351
0.30781
0.30717
0.32763000000000003
0.32865
0.34075000000000005
0.36247
0.33206
0.29715
0.29252
0.2909
0.30785999999999997
0.30959000000000003
0.32301
0.32606
0.32026
0.33904
0.34193
0.25153200000000003
0.248624
0.2462540000000001
0.302521
0.30807399999999996
0.31618
0.31519899999999995
0.317525
0.317713
0.31311
0.32563800000000004
0.33818000000000004
0.32823
0.354408
0.32111999999999996
0.302386
0.312857
0.31626000000000004
0.32014000000000004
0.3138400000000001
0.266822
0.26332900000000004
0.264831
0.265914
0.261506
0.273905
0.25738099999999997
0.254843
0.257899
0.25645300000000004
0.25726600000000005
0.25907299999999994
0.25664499999999996
0.258164
0.258171
0.26102600000000004
0.264357
0.26500700000000005
0.26518400000000003
0.2660176
0.267409
0.270755
0.266971
0.26096199999999997
0.26101820000000003
0.26315219999999995
0.26147829999999994
0.2615855
0.26265999999999995
0.2555025
0.25871900000000003
0.2513089
0.24230210000000002
0.2404738
0.293528
0.2605237
0.25913600000000003
0.2575913
0.2628253
0.25951650000000004
0.26086089999999995
0.2596114
0.2611044
0.16334310000000002
0.18987
0.17915699999999998
0.206796
0.22332800000000005
0.22295202
0.222321
0.208927
0.247936
0.197451
0.212002
0.222753
0.21415889999999999
0.215196
0.2192431
0.26553000000000004
0.274023
0.2580889
0.222356
0.217633
0.2238060000000001
0.2195145
0.19798
0.1767454
0.18533
0.2090605
0.3658422
0.242364
0.237664
0.22251300000000002
0.244817
0.22005300000000005
0.210457
0.215795
0.215198
0.229446
0.21296500000000002
0.206835
0.206172
0.210003
0.213071
0.222125
0.22947800000000002
0.22298099999999998
0.225484
0.222927
0.30806999999999995
0.29087399999999997
0.300148
0.31100799999999995
0.301582
0.340592
0.356269
0.22413200000000005
0.23476999999999998
0.2233
0.215736
0.213108
0.22747
0.2167000000000001
0.2187613
0.2292562
0.2171172
0.2165963
0.2216313000000001
0.2301453
0.2133883
0.22030820000000004
0.22071020000000002
0.2259053
0.21454740000000005
0.21543420000000002
0.2166652
0.21142020000000006
0.170295
0.16848599999999994
0.1716417
0.1646072
0.16983620000000002
0.17795809999999998
0.17486590000000002
0.17586069999999998
0.1827515
0.2157213
0.21283529999999995
0.21888420000000008
0.2205633
0.22079899999999997
0.227219
0.28577
0.221456
0.221515
0.226393
0.22060700000000005
0.218758
0.21498320000000004
0.21281239999999998
0.2143654
0.2110744
0.2126143
0.21496630000000005
0.21718830000000008
0.2151564
0.21615930000000005
0.2135094
0.2128542
0.21620830000000002
0.21813230000000008
0.2573043
0.22503939999999997
0.2213864
0.22780429999999996
0.2329692
0.2259333
0.2225493000000001
0.2352312
0.2274935
0.2220775
0.22659920000000006
0.2149343
0.2168433
0.2192353
0.233582
0.26856
0.213975
0.211686
0.21120100000000008
0.209977
0.2115883
0.2032723
0.20970820000000004
0.21649810000000005
0.24388310000000002
0.2447031
0.24826600000000004
0.249944
0.2497711
0.25553200000000004
0.2566888
0.248626
0.2349241
0.2269402
0.238704
0.32226000000000005
0.3341969
0.3719348
0.3027719
0.28477280000000005
0.27360490000000004
0.2262861
0.22434
0.223052
0.22346096
0.23276196
0.20583401000000004
0.20630801
0.20358401
0.20761001
0.24484992
0.209917
0.19812
0.215964
0.20888600000000002
0.22312000000000004
0.217814
0.209073
0.21012399999999998
0.20599
0.243591
0.25446799999999997
0.276031
0.208893
0.309796
0.304398
0.300229
0.254707
0.29806
0.32260000000000005
0.28064300000000003
0.29027800000000004
0.277928
0.31516900000000003
0.31552600000000003
0.320595
0.289172
0.270237
0.265784
0.27446200000000004
0.283212
0.28668699999999997
0.31716500000000003
0.282614
0.331025
0.32655700000000004
0.299816
0.2476792
0.2539266
0.2577839
0.2594825000000001
0.2903045
0.2919706
0.2852365
0.262019
0.2567976
0.2485605
0.2492601
0.2872557
0.2642974
0.2945893
0.19102300000000005
0.1971201
0.19927860000000008
0.2172869
0.1890714
0.19193230000000008
0.2258717
0.23526839999999996
0.2328411
0.2313072
0.2259626
0.2225971
0.2339487
0.23264179999999995
0.2390156
0.2464286
0.2283669
0.20284000000000002
0.1970584
0.18520910000000002
0.1982396
0.2116886
0.28880100000000003
0.2606527
0.247264
0.28431300000000004
0.27799
0.27070500000000003
0.29575799999999997
0.25380400000000003
0.239706
0.25738
0.24262899999999998
0.209315
0.208896
0.199461
0.201423
0.20624
0.205046
0.194475
0.197057
0.187974
0.231238
0.243549
0.18836
0.191648
0.20487600000000006
0.23094800000000001
0.20180599999999999
0.19398100000000004
0.27475010000000005
0.24560879999999996
0.1980394
0.1902305
0.1840455
0.1885096
0.1913326
0.1952757
0.2466067
0.3520042
0.214826
0.1869679
0.2572707
0.3845534
0.3978846
0.3097571
0.2931627
0.3968035
0.3378909
0.1902841
0.3745382
0.35101400000000005
0.31814479999999995
0.3016365
0.2896245
0.32089070000000003
0.1941089
0.1863476
0.2544866
0.2537085
0.2004263
0.1859646
0.1865437
0.1909076
0.2006987
0.2066785
0.2412915
0.21353647
0.16164251999999998
0.15616349999999998
0.17024460000000002
0.18279360000000006
0.1876547
0.1902119
0.3042995
0.202948
0.180614
0.18003599999999995
0.21989899999999998
0.183435
0.179224
0.259754
0.227582
0.174584
0.1770775
0.1977951
0.250676
0.244195
0.22788200000000003
0.227377
0.17720379999999994
0.19231510000000002
0.1755685
0.18636070000000002
0.24770799999999998
0.19772
0.177668
0.168042
0.219877
0.31073100000000003
0.31259699999999996
0.265222
0.27055999999999997
0.3534855
0.272962
0.3765653
0.348592
0.26754999999999995
0.26624000000000003
0.271641
0.2658785
0.2641
0.327
0.26841
0.1830246
0.1762317
0.186126
0.2246683
0.2671441
0.2603226
0.24067110000000005
0.27979560000000003
0.1812547
0.17503540000000006
0.2321284
0.22456410000000002
0.2307174
0.1766543
0.2203823
0.2297069
0.21583500000000005
0.34772990000000004
0.28860820000000004
0.2948930000000001
0.30029520000000004
0.2707723
0.2787423
0.28345220000000004
0.27910310000000005
0.2822542
0.27452920000000003
0.28834190000000004
0.28123430000000005
0.28366430000000004
0.2857815
0.28418049999999995
0.2326684
0.2424965
0.2354574
0.2306303
0.2379474
0.23904029999999998
0.22705920000000002
0.22784610000000002
0.2397023
0.2374594
0.235987
0.237187
0.2324900000000001
0.230256
0.2375120000000001
0.237539
0.234392
0.222431
0.220344
0.168799
0.232649
0.240152
0.21127
0.183509
0.190614
0.1927782
0.16864
0.2432070000000001
0.2748534
0.1890207
0.27903190000000005
0.4045467
0.22577510000000003
0.161074
0.18821500000000002
0.23515999999999998
0.22326999999999997
0.186424
0.22498400000000002
0.21011
0.1799
0.18077000000000001
0.269
0.275144
0.244367
0.184283
0.17410499999999998
0.16774299999999998
0.1831460000000001
0.188071
0.241752
0.199509
0.1899186
0.1871443
0.19051600000000002
0.186481
0.18324
0.187805
0.183545
0.181772
0.249263
0.22053899999999999
0.185304
0.180833
0.2617145
0.22539
0.17578100000000002
0.242856
0.222516
0.227362
0.201127
0.1894844
0.1913724
0.19613629999999999
0.1802924
0.176066
0.189468
0.180804
0.17419
0.221792
0.22714099999999998
0.21595300000000003
0.17280051000000002
0.20605939
0.27053255
0.27455504000000003
0.23958504
0.25843248
0.21463453
0.22264328
0.20358933
0.20258623
0.20442133
0.20384454
0.34333064
0.40944706
0.42421624
0.21566276
0.21417976
0.20910681
0.21953466
0.21136557
0.20884986
0.20919976
0.20355175
0.20983106
0.21406476
0.20030386
0.20957418
0.24523542
0.25424946
0.27087642
0.26992233
0.25664226
0.33941321
0.28422794999999995
0.30659696
0.33861890999999994
0.33384176
0.26695509
0.28787603999999994
0.31459080999999994
0.28355990000000003
0.2858051
0.2815808000000001
0.2705527
0.22477384
0.25935181
0.28320181
0.24835989
0.2745608
0.29312666
0.28231985
0.2203537
0.23621561
0.24486221
0.25628371
0.21509894
0.31029704
0.3024530999999999
0.11518559
0.19617664
0.25530074
0.21490169000000006
0.252362
0.22825
0.213083
0.272423
0.324596
0.30691799999999997
0.33958170000000004
0.3275465
0.23731825
0.22854344
0.22903558
0.22403038
0.13218553
0.08455863
0.07856758
0.07757446
0.030463960000000005
0.016864109999999998
0.015751869999999998
0.15543983
0.21362663
0.20409568
0.20271858
0.20700068
0.20400738
0.22323539
0.22650333999999994
0.20295694
0.26405844
0.23246844
0.31434534
0.19879504
0.18779534
0.16652413000000002
0.16611433
0.17048148
0.17138952999999998
0.17964953000000006
0.18066248
0.17276548
0.17084153
0.26064743
0.25996938
0.26304938
0.26549334
0.22185834
0.21987324000000005
0.21956138
0.22283828000000008
0.21749738
0.22201443
0.21699788
0.21697228
0.21738193
0.21042298
0.21965418
0.21970653
0.24315824
0.23442553
0.27156733
0.27013823000000003
0.26005588
0.23748623
0.21995408
0.21792793
0.21471868
0.22274168000000005
0.21098683
0.20495638
0.20536744
0.21408754
0.20165758
0.19944732
0.19316597
0.19539372
0.19805858
0.20836358
0.18623458
0.20976628
0.21313938
0.19918438
0.20514658
0.21119953
0.20443818
0.22180243
0.19642253
0.18343053
0.20129158000000005
0.20484653
0.20178562
0.20671158
0.19295562000000005
0.17727858
0.17125962
0.18332962
0.19410137
0.18570032
0.17666337
0.19876937
0.18264652
0.20417558
0.21542343000000005
0.22803058
0.20501713
0.2108812800000001
0.20873608
0.20559917
0.21045712000000005
0.20274352
0.21502948
0.21389988
0.21852533
0.22186438
0.22219032
0.21507838
0.21018138
0.20062748
0.20850742000000005
0.21503052000000009
0.20222692
0.20377348
0.19871342
0.19757832
0.19672148
0.19475952
0.19035162
0.17419711999999998
0.18808842
0.19063648
0.19164358
0.17934611999999994
0.21455848
0.24211628
0.22539652
0.23064598
0.16234608
0.1575687
0.1574261
0.160681
0.16050910000000002
0.1686427
0.2105742
0.16293870000000005
0.1611339
0.16879360000000002
0.17253810000000006
0.1834942
0.1669193
0.1791252
0.16948929999999998
0.19539820000000002
0.16514920000000002
0.19014820000000002
0.19082120000000002
0.20659120000000006
0.18160520000000002
0.1662732
0.1723877
0.17701100000000006
0.1905002
0.18066920000000009
0.18186960000000002
0.17802020000000002
0.17108620000000002
0.1896475
0.1935241
0.2022612
0.19065020000000002
0.2002942
0.1835032
0.168153
0.17229
0.3114275
0.31314959000000003
0.16948278
0.16665586999999996
0.16437587
0.17100082
0.17553568
0.17765772999999996
0.18426673
0.18022573
0.18656873
0.17613877999999994
0.17674882
0.16543582
0.16427282
0.25509178
0.26866864
0.26211968
0.22100773
0.21450168
0.20129568
0.17146878
0.17647682
0.18456678
0.18053897
0.17500486999999998
0.18262782
0.18714882
0.19292582
0.18402787
0.18530487
0.18928678
0.17454582000000002
0.17381792
0.18460212
0.22369187
0.17582368
0.27403653
0.27629973
0.27523758
0.22343582
0.22917864
0.23205673
0.22772173
0.22726653
0.23326473
0.22970748
0.21839373
0.23252778
0.22903878
0.22452778
0.22422582
0.22969382
0.23767763
0.24233948
0.23391378
0.23496378
0.23293378
0.22127078000000008
0.22067348
0.22984478
0.23233393
0.22033603
0.22260513
0.22576653
0.22050453
0.23465928000000005
0.23214783
0.22885488
0.23064698
0.23774512
0.23075512
0.23084358
0.16122779999999998
0.22902168
0.22477762
0.22554432
0.23167291999999995
0.24155412
0.23612698
0.24605813
0.24490693
0.23926878
0.24391163
0.23559768
0.22824368
0.24805683
0.23733358
0.23295578
0.27037632
0.26559717999999993
0.22365492
0.22642768
0.24409328
0.22757342
0.23122272
0.22838868
0.22398592
0.23965938
0.22759388
0.22563283
0.25133618
0.26121358
0.26519728
0.24424878
0.24581508
0.19632158
0.20483088
0.24813344
0.22543593
0.20963368
0.2658738800000001
0.23966258
0.27959773
0.27642367999999995
0.29527468
0.31052278
0.34149664
0.28569573000000004
0.30492568
0.29618573
0.30686768
0.25110168
0.28758459000000003
0.30253668
0.28632513
0.29499938000000003
0.29492778
0.29376078
0.28941873
0.20925078
0.19612373
0.20720764
0.18582178
0.19568878000000006
0.18229678
0.18358273000000008
0.18260178
0.17942078000000006
0.18134582
0.18729187
0.20111872
0.17920308
0.17266246999999998
0.19504988
0.15779653
0.16318163
0.16458058
0.16531744
0.16609752999999994
0.16453699000000005
0.16664439
0.17196679
0.15346744
0.14654499
0.17365624000000005
0.17165160000000002
0.16646525
0.16363208
0.16756995000000002
0.15815243999999998
0.16287038999999998
0.17577629000000006
0.16863159
0.20251554
0.1946850400000001
0.21190100000000006
0.2166467
0.1984691
0.19832949
0.17927269000000004
0.17023550000000004
0.15933469000000006
0.16175154
0.16140758
0.15867578000000002
0.15841719
0.15059044
0.15856334
0.15507419
0.20167329
0.22368853
0.22862963
0.22336362
0.22162438
0.23259702
0.24503193
0.24425566
0.18725610000000004
0.27468315000000004
0.26099121000000003
0.24782271
0.23706370000000002
0.15480609
0.22893313
0.13423214
0.04841014
0.09458775
0.0968977
0.04438773
0.01657854
0.01666196
0.0275894
0.04776563
0.04278067
0.05846673
0.02885945
0.03116921
0.0360504
0.0403702
0.08924938
0.05516243
0.10473429
0.22418439
0.2342026200000001
0.17729656000000002
0.17412548
0.17487123
0.17850594000000006
0.17995818
0.18033079
0.19154855999999995
0.19292356
0.1898545100000001
0.18281454
0.18732455
0.17785897
0.17431202
0.17561136000000002
0.17108636000000005
0.18025907
0.18098908
0.26835498
0.23216206
0.22502802
0.22296963
0.21263683
0.3134235
0.22408187
0.22666682
0.23556189
0.23733563
0.25966365
0.22273179
0.22965168
0.22345645000000008
0.21391654
0.20627673
0.21170573
0.21593469
0.21107855
0.20600184
0.20659588
0.20520268000000005
0.20527872
0.21467177
0.20246388
0.21103874
0.20304297
0.20735773
0.21226573
0.27915726
0.25437349
0.23837445
0.25423869
0.21256779
0.20602002000000005
0.20505801
0.20694802
0.20629302
0.21560578
0.21586293
0.21974588
0.21985464
0.2273186
0.22597615
0.26961255
0.26922745000000003
0.21430449
0.26233054
0.25924964
0.25771374
0.26221535
0.26162559
0.26342554
0.27431940000000005
0.27209045
0.26743045
0.25652769000000003
0.2622075
0.25423779
0.25562845
0.21893249999999997
0.22021125000000005
0.26407230000000004
0.2686044
0.2093639300000001
0.27985179
0.3078454
0.30445269
0.28304283
0.22790379
0.21671492
0.16777406
0.16727422
0.22159208
0.16554421
0.21976987000000006
0.16653126
0.17087135
0.21960906000000005
0.18368706
0.18280512
0.19022608
0.23264198
0.18368682
0.17734916
0.17524622
0.17414322000000002
0.17071026
0.17281517000000002
0.17198101999999998
0.37514023
0.25470811000000004
0.25285393
0.16564529
0.21816134000000004
0.22635324
0.20932929
0.25108915000000004
0.27886493
0.22668801
0.21841502
0.28374283
0.27594188
0.33732636000000005
0.23765283
0.24740993
0.22291701
0.25762288
0.25226302
0.24656711
0.25492793
0.24139297
0.2428901
0.23615711
0.23269706
0.23581497
0.16410097
0.33243997
0.33029796999999994
0.31894983
0.32162183
0.31830578
0.32869583
0.28675888
0.24019297
0.23927401
0.25937878000000003
0.25624692
0.24258892
0.26382197
0.24486197
0.23046607
0.23672302
0.24703797
0.24139016
0.24783306
0.25555602000000005
0.24723502
0.24774802
0.25042406999999994
0.25155407
0.24842902
0.27568797
0.26927483
0.24288602
0.24595607
0.24522297
0.24875602
0.25544792
0.23803488
0.22538602
0.24324597
0.21346992
0.23294807
0.23939707
0.21859915
0.23532197
0.23835807
0.23168907
0.23593192
0.24151802
0.23057802
0.23320602
0.23491806
0.24416597
0.23547402
0.24016102
0.25096193
0.23115115
0.2313712500000001
0.24145815000000004
0.23051715
0.2227512
0.23109215
0.23795307
0.24551711
0.24687806
0.24557702
0.23727707
0.23655102
0.23762707
0.24412497
0.24135002
0.24033507
0.24639097
0.23977997
0.24210707
0.26436511
0.25325397
0.25972692000000003
0.2583679700000001
0.25892102
0.25802802
0.25781802000000004
0.26008202
0.25205202
0.25419715
0.2404001600000001
0.24528511
0.25013006000000004
0.25426915000000005
0.25396501999999993
0.25536497
0.26096097
0.26444597000000003
0.25871197
0.25379197
0.26036693
0.25565688
0.25597088
0.26503788
0.26175302
0.25979212
0.28348530000000005
0.28928774
0.26922429000000003
0.26887721
0.2851962
0.27323335
0.25713595
0.29799161
0.29573939000000005
0.28846435000000004
0.29292754000000004
0.29076248
0.28664743
0.28508863
0.28289162
0.27473154
0.28249857999999994
0.29042448
0.29236958
0.29703749
0.28770443
0.28639548000000004
0.28093663
0.29072539000000003
0.27136258
0.25903748
0.26859344
0.25341549
0.24859567
0.26016539
0.25800115
0.26968210000000004
0.23522825
0.2479073
0.2392071100000001
0.23280325
0.2357572500000001
0.2366103
0.2195913
0.23401025
0.22577539
0.23652029
0.23441229
0.24378530000000004
0.2518123
0.24324920000000005
0.25616515
0.3915201
0.39552401
0.26404325
0.24289434000000004
0.2467933800000001
0.2431513900000001
0.23434038
0.2403882400000001
0.25187634
0.34449420000000003
0.34977119999999995
0.34753125
0.25374830000000004
0.24339425
0.25228334
0.24001034
0.22769543
0.23367038
0.2470263
0.24360434
0.2403283900000001
0.24357634
0.26128811
0.3335592
0.29064334000000003
0.29104834
0.2458483800000001
0.23344938
0.23783138000000004
0.2384343800000001
0.23850538000000004
0.2403283400000001
0.25404829999999995
0.24973525
0.26039625
0.2515403
0.22954715
0.19171510000000005
0.19911380000000006
0.18522474
0.18594778
0.18546178
0.18560268
0.17879630000000002
0.2318103
0.24519725
0.25192439
0.24589739000000005
0.24504429
0.2440312900000001
0.24346725000000005
0.23595429
0.24498134000000005
0.24155334
0.24328239
0.23213629
0.38612102
0.36145101
0.24301411
0.23626334
0.23946339000000005
0.23924834
0.17888725000000005
0.2137542
0.21014325
0.18296220000000002
0.17510134000000002
0.2562903
0.22015138000000006
0.23635625
0.33565915
0.2940593
0.23114838
0.22938838
0.22027243
0.23097438
0.26327139
0.28101725
0.27550325
0.27816025
0.2767872
0.27758925
0.2669933
0.26851034
0.28759415000000005
0.32081515000000005
0.2691122
0.27150525000000003
0.26590038
0.26483734000000003
0.25950439000000003
0.26907243
0.26834238
0.26403334
0.26607834
0.26486434
0.2664673
0.26673420000000003
0.26496225
0.21951525
0.24329525
0.25154109
0.25111350000000005
0.24663164
0.2657493
0.25677425
0.26803429
0.21845325
0.21903015
0.26266225
0.26018829
0.21646529999999997
0.22178420000000001
0.25955829
0.25723629000000003
0.25836025
0.2079993
0.38989655
0.27981797
0.21802215
0.17647234
0.17263748
0.17818343
0.16015048000000004
0.20118425
0.17374629
0.15395553
0.17546343000000006
0.17208543
0.1806912
0.17355034
0.17379344
0.18438543000000004
0.18786429
0.31636514999999993
0.29854625
0.32696915000000004
0.3356382
0.3206151
0.29375625
0.31355115
0.2964673
0.3233881
0.2499691500000001
0.30235825
0.29054615
0.28244415
0.3120561000000001
0.25812311000000004
0.25438911000000003
0.25883611
0.25973901
0.29301916
0.27411611
0.27687506
0.25928115
0.25792806
0.26147492
0.26221906
0.24962125
0.2991993
0.31099825000000003
0.3132422
0.29520525000000003
0.29290130000000003
0.2817543
0.2823643
0.26834425
0.27191225
0.3027212
0.31119515000000003
0.31519401
0.31913211
0.22776925
0.17272825
0.22866520000000004
0.18517315000000004
0.19079020000000005
0.18039525
0.2154922
0.17581115
0.18078925
0.1823653
0.18042725
0.1825792
0.20130015
0.2091881
0.21218901
0.1857033
0.18265875
0.17473370000000002
0.18620625
0.17607725000000002
0.16463229999999998
0.18065225
0.16955625
0.17577125
0.21107325
0.23637015
0.22894111
0.22858225
0.16448134
0.15910438000000002
0.16333248000000006
0.16140343
0.16217438
0.1648463
0.17425825000000006
0.1788753
0.17853629999999998
0.1819912
0.18078525
0.17281525
0.17004329
0.16881034
0.16712838000000002
0.16708748000000004
0.16048264000000004
0.15819469
0.16317468999999998
0.15684873000000005
0.16089254000000006
0.16862240000000006
0.17170140000000006
0.18181406000000008
0.19156606000000004
0.1920621
0.18681695
0.18465030000000004
0.17714535
0.16458659000000006
0.15952993
0.16189483
0.16222864000000006
0.16859168000000002
0.17141953000000004
0.18017835
0.1933693
0.19017620000000002
0.18996705
0.19270315
0.18997496
0.17968320000000002
0.20963020000000004
0.1731335
0.17246839000000005
0.16656150000000006
0.16298454000000004
0.16212258000000002
0.1922225800000001
0.16387254
0.16251949999999998
0.17376633000000005
0.18294605000000005
0.17742139
0.16693059
0.16294863000000004
0.16300753
0.19928344000000006
0.21982644000000004
0.17331843000000002
0.17386044
0.17090658000000006
0.16496844
0.17289648000000005
0.16668673
0.16609459000000004
0.16807073
0.17339454
0.16522350000000002
0.17692935000000004
0.2379223500000001
0.21325344000000004
0.16970178000000002
0.17036473000000005
0.15653858
0.16680654
0.16291558000000006
0.18035505
0.1741695
0.17276844000000005
0.16522244000000005
0.17179755000000005
0.17209049000000004
0.16677639000000002
0.16881750000000004
0.17281340000000006
0.16906085
0.21137015000000006
0.17257645000000002
0.16580364
0.16411454000000006
0.16126263999999998
0.16297950000000005
0.15421164
0.15092579
0.15624379000000002
0.16042958000000002
0.15555673000000006
0.15164593
0.15759964
0.16013563000000006
0.16126578000000005
0.15689478
0.15555458000000005
0.16449673
0.17026125
0.1926913
0.15712673000000002
0.16134468
0.16372663999999998
0.16208930000000002
0.19585725
0.21369501
0.21317205999999994
0.22351896
0.18076521000000004
0.16852049000000002
0.15896658000000002
0.15506368
0.15577178000000005
0.16570373
0.16279668000000005
0.16130358
0.16816268
0.15864868
0.15218078
0.15652664
0.15449464000000004
0.15972867999999998
0.15830754000000005
0.15839755
0.15473954999999998
0.15653264000000006
0.15832845
0.16886429000000006
0.16573530000000006
0.16317640000000005
0.16401840000000004
0.15599855
0.15366969000000005
0.15955648000000006
0.15632164
0.16253160000000005
0.18234864
0.17666263999999998
0.17998945000000002
0.18237235
0.24319215
0.30399515000000005
0.31040920000000005
0.26859140000000004
0.32545805
0.27213425
0.26430035
0.2614314
0.18097939
0.18746168
0.18505654
0.17943540000000002
0.17367430000000006
0.19052021
0.1851521
0.19259191
0.18063415
0.17529825000000004
0.16949315000000004
0.20448910000000006
0.20342226000000005
0.19068721
0.1922683
0.18360144
0.17664444
0.16492558000000004
0.17965548
0.30190276000000005
0.1822773
0.20606434
0.1821901
0.17107129
0.16493954000000002
0.18304335000000005
0.19649625
0.20353826
0.2002913000000001
0.19255830000000004
0.19340926000000008
0.17935940000000006
0.17847069
0.1812484500000001
0.17849349000000006
0.19309405000000004
0.26509196
0.23983986
0.24166296000000004
0.20198711
0.1838701100000001
0.17656416000000005
0.17629826
0.21336216000000005
0.19804806000000005
0.20230016
0.17356106000000002
0.21905821
0.20772635
0.19804991
0.30837209
0.20998792
0.18229988000000005
0.16245016999999995
0.16059507
0.17156707000000002
0.16440592
0.19508108
0.21523088
0.21809102
0.20064197
0.16305402000000002
0.16764897
0.17668854
0.16349898000000002
0.15548412
0.26336583
0.24661888
0.24235388
0.2309828300000001
0.23022473
0.23440573
0.27925564
0.2485327400000001
0.2945795900000001
0.27140014
0.2991204
0.30764949
0.28782864
0.33973159
0.34150259000000005
0.28490854
0.25565759
0.25257964
0.29511664
0.27068178000000004
0.28705378
0.26696873
0.24521873
0.26658973
0.30462873
0.29082964
0.33568059
0.28837264
0.27445964
0.26811059
0.27584868
0.23721673
0.29588854
0.28862673
0.29065464
0.31657959
0.2516446
0.27213475
0.27915774
0.27635384
0.31274604
0.18385474
0.20406064
0.20631159
0.2369444
0.24507129999999996
0.23322820000000002
0.2719610100000001
0.31047029
0.22423644
0.21975573
0.21984983
0.21491173
0.27985454
0.25012658
0.26744458
0.24383154000000004
0.26135739
0.28048714
0.27150544
0.2674734400000001
0.2331935400000001
0.21862854
0.22539163000000004
0.22716054
0.25180744000000005
0.25973909999999995
0.25699134
0.24096544
0.21844089000000005
0.20870809
0.22401784
0.19992658
0.20346634
0.20530638
0.20645268
0.21825958
0.19025178
0.20364368
0.20444078
0.21301744
0.22257044
0.19489504
0.2209216900000001
0.20538649
0.2116794
0.24281224
0.2164679
0.23225049
0.23888029
0.23191134
0.23496699
0.22955563
0.23918334
0.19603039
0.17011402
0.15962912
0.17272198000000002
0.19613983
0.22725778
0.23800674
0.22703174
0.21169149
0.21625378000000006
0.20667954
0.20558564000000004
0.20170568000000005
0.22069378
0.20394288
0.23584269
0.2299596800000001
0.22860584
0.21717774
0.22495374000000004
0.20938268
0.20050378
0.19928793
0.19929063
0.20194473
0.20802793000000008
0.25580888
0.23103812
0.32749713
0.30277892
0.24417798000000004
0.27343983
0.24309992
0.2305929200000001
0.16739292
0.17084168
0.19253563
0.20265068000000008
0.20127373
0.19614363
0.18839368
0.21810844
0.24975463
0.39703363
0.37799873
0.29201273
0.20339858000000005
0.20310633
0.2072646300000001
0.20726658000000006
0.20588258000000004
0.3868004900000001
0.37487654
0.36112464
0.25678564
0.1965995
0.20545914
0.19974254
0.213658
0.2373505
0.24469800000000005
0.21984740000000005
0.2787060000000001
0.396242
0.4346106000000001
0.4133476
0.3364784
0.4191348
0.237605
0.2371956
0.2100447
0.2544511
0.2591139000000001
0.217232
0.1667396
0.1738171
0.23675
0.2040905
0.2032349
0.22847800000000001
0.2139523
0.21397270000000004
0.21430170000000004
0.21332489999999998
0.24374490000000001
0.2107911
0.2382419
0.23741600000000004
0.2539079
0.2272639
0.23081210000000002
0.23573
0.232348
0.2179771
0.17780410000000002
0.17003020000000002
0.1755621
0.21195010000000006
0.20621410000000004
0.213852
0.21222
0.203649
0.2182499
0.2312236
0.29427780000000003
0.2970067
0.2967778
0.17123290000000002
0.17292420000000006
0.1861254
0.21367880000000009
0.2139254
0.16508740000000002
0.17822400000000002
0.1836477
0.17687540000000002
0.18402
0.1684724
0.2090384
0.2078204
0.1941833
0.22010839999999998
0.1774902
0.1814034
0.1774874
0.17850319999999995
0.17847729999999998
0.17842529999999998
0.1945951
0.20067820000000003
0.220685
0.2132891
0.1980391
0.2084321
0.20447920000000008
0.2078742
0.2062593
0.20828920000000006
0.2002223
0.1912024
0.1917104
0.26129430000000003
0.2583422
0.2841302
0.1639854
0.16158540000000002
0.16319640000000002
0.1609316
0.1581526
0.20292960000000004
0.19992739999999998
0.2032197000000001
0.20260660000000005
0.1590165
0.16341750000000002
0.1958392
0.1957764
0.1918384
0.1955363
0.2052734
0.2035782
0.1915205
0.1941713
0.1993653
0.2012563
0.17378039999999995
0.17318250000000002
0.1732405
0.1718954
0.1764364
0.1907792
0.19659720000000003
0.2066443
0.19690629999999998
0.1892812
0.17127140000000002
0.16705250000000002
0.16415639999999998
0.17024110000000006
0.17323040000000006
0.17182540000000002
0.204337
0.345929
0.22309299999999999
0.222118
0.175353
0.221466
0.183996
0.2295180000000001
0.228312
0.2079124
0.2282739
0.194248
0.23015750000000004
0.28831
0.23602800000000004
0.251578
0.27695
0.250972
0.19406099999999998
0.20952800000000002
0.1825683
0.315214
0.39394
0.292842
0.28999
0.18337
0.18937
0.17844790000000002
0.1760108
0.1822715
0.19134160000000006
0.2066345
0.19767050000000005
0.22328739999999997
0.2533765
0.26285030000000004
0.3027554
0.2738334
0.2277303
0.2373194
0.2360652
0.2322101
0.2426733
0.2441073
0.19267930000000005
0.2197063
0.2624315
0.2573145
0.2279465
0.27527850000000004
0.2661715
0.2528875
0.2421625
0.2624484
0.2877495
0.2466674
0.2666895
0.2521302
0.3331255
0.33119950000000004
0.3485015
0.28406929999999997
0.22714
0.21888
0.286828
0.276014
0.270369
0.263998
0.27292399999999994
0.263982
0.27854509999999993
0.2343455
0.2388976
0.2420257
0.23084369999999999
0.2319956
0.2288976
0.2437115
0.2326534
0.2338866
0.1972833
0.2143845
0.2382206
0.26307470000000005
0.2519986
0.2471266
0.25899150000000004
0.2096405
0.1951236
0.2029765
0.20720149999999998
0.2403826
0.25022150000000004
0.2159865
0.1818285
0.17805739999999998
0.1765136
0.1810855
0.1844545
0.1807713
0.1793735
0.1844745
0.17382740000000002
0.1956565
0.29979861
0.18675274000000008
0.22472770000000009
0.17147430999999996
0.16559088999999996
0.16624188999999995
0.16712084
0.17279414999999998
0.17539222999999998
0.171506
0.23148846999999995
0.20565885
0.16801319999999995
0.19297743999999994
0.19467677000000005
0.18886797000000005
0.18013271
0.16483145000000002
0.17509324999999995
0.20935044999999994
0.20240199
0.20520472999999992
0.18870994
0.20751796
0.23292436
0.19332955000000004
0.19168947
0.21054745
0.31287425
0.29328706
0.27486231
0.28664342
0.19459270000000006
0.28463563
0.28958366
0.28721177
0.24017871
0.23439853
0.22337767000000008
0.2276866
0.22390659000000004
0.23062554000000005
0.17464563000000005
0.18242442
0.28403781
0.32987211
0.19774610000000006
0.30811456
0.18369419
0.17307896999999994
0.3489136500000001
0.34887616000000005
0.34276514
0.27133373999999993
0.27381431999999994
0.17568518000000002
0.17086284000000002
0.17624460000000006
0.16978507000000004
0.20885176
0.21679230000000005
0.21139320000000006
0.17201039
0.16220410000000002
0.16121696
0.16285795999999994
0.16688990999999995
0.15741415999999994
0.15359209999999998
0.16276495999999996
0.16833266
0.20381787000000004
0.17787127000000005
0.17666030000000005
0.1828593500000001
0.18964598000000008
0.16908220000000002
0.17619795999999996
0.18083381
0.17426917
0.17279306
0.17400546000000006
0.17056690999999996
0.17670789999999995
0.17053641999999994
0.17009586
0.17522078999999996
0.29794358000000004
0.1985161
0.16452031999999994
0.2024079
0.15871918999999995
0.21627924
0.21078944
0.16540337
0.19960256
0.20526266
0.16021075999999998
0.15750959999999994
0.15740333999999995
0.15788424999999998
0.15591085
0.16092555999999994
0.15495071
0.1642590899999999
0.16928170999999995
0.15642225999999995
0.16538036999999994
0.16730746
0.16383117999999994
0.15338370999999998
0.15971816
0.15788460999999995
0.21105933
0.22242647
0.21541756999999995
0.21744885999999994
0.21889657
0.22548738
0.22012465999999994
0.16270170999999994
0.15990180999999998
0.15532698999999994
0.15520899999999993
0.15890093999999996
0.15553979999999998
0.16409990999999996
0.16596365999999996
0.16810460999999996
0.1633499
0.16021503999999998
0.15761404999999998
0.15834894999999996
0.15656894999999993
0.15869699999999995
0.16436860999999994
0.17833037
0.15680080999999993
0.15075309999999995
0.15854360999999995
0.15931525999999993
0.16112371999999994
0.23501888999999995
0.21627694
0.17951080999999994
0.16515410999999994
0.31528126
0.31250226000000003
0.3136841100000001
0.31702645
0.31394222000000005
0.33351693000000004
0.32392091
0.33339074
0.33611650000000004
0.34013747000000005
0.34721517
0.34739132
0.3466893600000001
0.3476922600000001
0.3415495400000001
0.32790081000000004
0.3294436700000001
0.31850175000000003
0.18882581
0.15139561
0.15140605999999995
0.15302406
0.15939176
0.15719695999999994
0.15840891
0.16053556999999996
0.15835370999999995
0.15073080999999994
0.15559264999999994
0.15260889999999994
0.15135007
0.15521079999999998
0.26630826
0.26814122
0.26846006
0.27855244
0.2758514299999999
0.27284794
0.2786972999999999
0.2755109399999999
0.27179607999999994
0.27392904999999995
0.27530502999999995
0.27365826
0.27229317
0.27814219
0.28020333
0.27404463
0.26988055
0.20260712
0.19221228999999995
0.21583183999999994
0.19285604999999995
0.21376084999999995
0.19051883
0.19255513
0.22353413999999994
0.17481847999999994
0.19248951999999991
0.18757143
0.18895963
0.1913743
0.18517424
0.18534694
0.18464618
0.21312483
0.20606318
0.18021097
0.21299998999999992
0.20028089999999998
0.20195999999999992
0.17707214999999996
0.22220914999999994
0.18959199
0.18872003999999995
0.21294504
0.21087489999999998
0.21325681
0.2040469
0.22329671
0.22468771
0.19231485999999995
0.19407386
0.20111675999999995
0.23440771
0.20395056
0.23877486
0.23455576
0.2448991000000001
0.2283343700000001
0.24106534
0.19956366
0.20479485
0.23426671
0.22419861
0.23432061
0.24284162
0.24131013
0.19521860000000002
0.19250675
0.19203494
0.21260681000000006
0.23637201000000005
0.25592712
0.2468075700000001
0.23766261
0.28549767
0.28160862
0.29551653
0.25720749000000004
0.27937110000000004
0.29998868
0.20736051000000005
0.20475771000000006
0.18866294
0.18643277
0.198984
0.21598195
0.21065689
0.19418212999999995
0.19282333
0.19189622999999995
0.30711028
0.2691041
0.2379732
0.2504617
0.23396839999999997
0.2246585
0.2331965
0.2348723
0.1856394
0.2461505
0.231573
0.23371199999999998
0.231399
0.23241
0.42694899999999997
0.274604
0.174785
0.305628
0.31379320000000005
0.31068609999999997
0.3019442
0.24117114
0.23407765
0.23025497
0.2369955
0.246915
0.24217800000000006
0.229309
0.244937
0.36050756
0.1887850100000001
0.17535304999999995
0.196323
0.23932399999999998
0.204672
0.225727
0.201271
0.199932
0.186218
0.17389000000000002
0.193942
0.188925
0.187706
0.217596
0.23435300000000003
0.17807399999999998
0.180386
0.20983000000000002
0.24022900000000005
0.246437
0.258293
0.207431
0.291177
0.222329
0.201448
0.213598
0.178636
0.17935
0.24697800000000006
0.2384
0.20418
0.2411
0.205458
0.23484
0.23367
0.2307
0.24002000000000004
0.25215400000000004
0.265361
0.294393
0.276644
0.257823
0.21718
0.22158000000000005
0.22812939999999998
0.23404650000000002
0.2115755
0.1962394
0.18212
0.1752427
0.1732891
0.1783662
0.16774
0.236429
0.227153
0.26083
0.25992
0.26404
0.26381999999999994
0.26604
0.22014
0.22145
0.26339
0.2629
0.26445
0.26992
0.39591
0.27191
0.27262
0.26917
0.26614
0.26641000000000004
0.26428
0.2649
0.26398
0.26571
0.26544
0.26266900000000004
0.26433
0.26714
0.26183
0.27126
0.29283000000000003
0.26889
0.27515
0.2786
0.28285
0.27569
0.27956000000000003
0.26981
0.267
0.26556
0.285372
0.26177
0.26441
0.26354
0.27939
0.28092
0.26678
0.258923
0.273873
0.26191099999999995
0.27801
0.26652
0.28024000000000004
0.27316
0.282312
0.268631
0.29352
0.27037
0.29457
0.27408000000000005
0.28734
0.277086
0.28256000000000003
0.248857
0.27877
0.27179000000000003
0.28038
0.28591
0.26998
0.27315
0.28799
0.26995
0.27205999999999997
0.28103
0.27841
0.29947
0.28652
0.28639000000000003
0.28672
0.28109
0.29383000000000004
0.27705
0.28711
0.28472000000000003
0.27587
0.28646
0.26866999999999996
0.25327
0.28808
0.27823000000000003
0.28307000000000004
0.26355
0.25901
0.25841000000000003
0.26987
0.25731000000000004
0.26085
0.25876
0.25778
0.26154
0.25842
0.25447
0.254072
0.26842
0.27893
0.27642
0.27979000000000004
0.27467
0.27743
0.28175300000000003
0.2824720000000001
0.280818
0.271406
0.17705300000000002
0.21676
0.259898
0.261794
0.255123
0.2572407
0.2565036
0.258216
0.2566929
0.25912529999999995
0.256949
0.261412
0.260759
0.259587
0.261585
0.260377
0.259321
0.26622
0.26704
0.26251399999999997
0.308562
0.27897700000000003
0.270878
0.267259
0.273893
0.27315500000000004
0.277062
0.265698
0.277853
0.273401
0.26816799999999996
0.2923
0.26623
0.261651
0.261417
0.26379600000000003
0.30068
0.3177
0.33695
0.269021
0.281208
0.27383500000000005
0.270523
0.265734
0.31843
0.26882399999999995
0.26603000000000004
0.27392
0.26479
0.27142999999999995
0.27004300000000003
0.278459
0.289587
0.301231
0.28663599999999995
0.28572600000000004
0.276419
0.27587100000000003
0.291794
0.283906
0.28336700000000004
0.27825300000000003
0.30143000000000003
0.26789
0.33286
0.31905
0.31732999999999995
0.321519
0.34158
0.33717100000000005
0.335326
0.334099
0.3336408
0.3255842
0.3385384
0.344279
0.33968899999999996
0.35004700000000005
0.340048
0.33484899999999995
0.320349
0.32781
0.32686000000000004
0.341459
0.3451537000000001
0.28187090000000004
0.24854389999999998
0.28183600000000003
0.296863
0.26153000000000004
0.26662
0.264559
0.272122
0.2542625
0.26177300000000003
0.32593099999999997
0.2774006
0.2721322
0.3537199999999999
0.39888
0.39588
0.39537
0.39934000000000003
0.39388
0.3990199999999999
0.40861
0.39888
0.4013
0.4025
0.405
0.3893
0.40081
0.41325
0.39866
0.37961999999999996
0.39924
0.3094500000000001
0.29339
0.2762535
0.30183000000000004
0.27326
0.31185
0.315
0.2832
0.26627
0.26882
0.26535
0.26486
0.267152
0.268507
0.26362
0.26659
0.25924
0.2639112
0.2713243
0.2656176
0.2668403
0.26734509999999995
0.2671214999999999
0.2690077000000001
0.2674316
0.2723457
0.2712692
0.2610473
0.25682140000000003
0.2535549
0.2551759
0.2804399
0.2832936000000001
0.281509
0.2800013
0.2816328
0.2797928
0.27868380000000004
0.2839757
0.2828666999999999
0.27960809999999997
0.3011551
0.3007914999999999
0.29779989999999995
0.3010946
0.30345659999999997
0.3053112000000001
0.2612614
0.2525655000000001
0.28091560000000004
0.27782579999999996
0.2810714
0.2776895
0.2819604
0.2561761
0.2535248
0.2723627000000001
0.2779075000000001
0.25474719999999995
0.26958180000000004
0.30306320000000003
0.31119899999999995
0.31080040000000003
0.3163652
0.3156775000000001
0.3082384000000001
0.30999990000000005
0.3043171999999999
0.2903926
0.2911347
0.29517659999999996
0.29378570000000004
0.2902728
0.2954489
0.29810529999999996
0.29753669999999993
0.3274389999999999
0.2789547
0.2809308000000001
0.27639270000000005
0.281439
0.2794871
0.2798466
0.2744188000000001
0.28094919999999995
0.27371700000000004
0.2698543
0.27215789999999995
0.2680045000000001
0.26936940000000004
0.2679371000000001
0.26872480000000004
0.27582340000000005
0.2753372
0.27761529999999995
0.3211662
0.32820629999999995
0.33489420000000003
0.33486590000000005
0.3417901
0.3388848
0.33820009999999995
0.33922290000000005
0.34096809999999994
0.34084000000000003
0.32343199999999994
0.32410389999999994
0.32302580000000003
0.3153758
0.28372600000000003
0.28763890000000003
0.2938018
0.3090806
0.2905471000000001
0.247076
0.236875
0.24125310000000005
0.24266500000000002
0.2464046000000001
0.26032500000000003
0.23557600000000006
0.2265869000000001
0.23047600000000004
0.225485
0.28898690000000005
0.25442410000000004
0.2210681
0.2303631
0.2335241
0.29546690000000003
0.26729
0.24914130000000004
0.3078465
0.3100779
0.3536408
0.3480808
0.3434108
0.3354717
0.3251698
0.3500789
0.35072080000000005
0.3504217000000001
0.3511546
0.3355336
0.26610170000000005
0.2352727000000001
0.2555098
0.23638890000000004
0.22778690000000001
0.3567611
0.4064701
0.44305249999999996
0.4360225
0.4460594
0.4431487
0.4422279000000001
0.4450415
0.4435813000000001
0.4382793
0.4354514
0.4331453
0.4424637
0.2128829
0.3334629000000001
0.32911060000000003
0.34651580000000004
0.3899744000000001
0.3744216
0.3520625000000001
0.3247196
0.3348468
0.3398687
0.3364515
0.2941906
0.26355480000000003
0.21536120000000009
0.2015224
0.20387780000000005
0.2043336
0.20229260000000004
0.2178335
0.21200070000000001
0.20546960000000009
0.22503350000000005
0.195708
0.21666740000000004
0.22124829999999998
0.2878021000000001
0.28313190000000005
0.36340890000000003
0.34926880000000005
0.3454996
0.3436767
0.3441349
0.34481880000000004
0.33884580000000003
0.3370478
0.28237290000000004
0.2808608000000001
0.252574
0.2164453
0.4768692
0.2149544
0.23253910000000005
0.2666348
0.2639519
0.2747929
0.2798368
0.3257025
0.3225876999999999
0.32334959999999996
0.30900609999999995
0.275878
0.2814029000000001
0.3394278000000001
0.3500629
0.3477268000000001
0.34776680000000004
0.3533448000000001
0.3637638999999999
0.3632358
0.3980519
0.3510148000000001
0.35188290000000005
0.363211
0.32359479999999996
0.3285429
0.2812563000000001
0.19599290000000005
0.27529380000000003
0.27898579999999995
0.2844858000000001
0.2326006
0.24546350000000006
0.24357350000000005
0.2323767
0.2366763
0.250911
0.2323907000000001
0.233677
0.2237902
0.23936880000000002
0.23642590000000005
0.2611949
0.27554120000000004
0.2771634
0.2597674
0.30794340000000003
0.31180840000000004
0.2854264000000001
0.2443670000000001
0.2672965
0.2948759
0.2430679000000001
0.2346588000000001
0.2881878
0.2648364
0.2813593
0.2990393
0.28567590000000004
0.29441350000000005
0.23697680000000002
0.24081
0.2370353000000001
0.21960720000000009
0.1990934000000001
0.19015910000000005
0.21984720000000002
0.22307
0.27955
0.2266530000000001
0.2233211
0.19799149999999985
0.18591359999999985
0.19923969999999988
0.2344408000000001
0.21652800000000005
0.2422698000000001
0.2364218
0.24627080000000004
0.24906370000000005
0.2386594
0.25127
0.217248
0.20767800000000008
0.223379
0.237486
0.225886
0.23289459999999998
0.2409353
0.2263105
0.2198976
0.2440881
0.21729470000000006
0.2382724
0.2512663
0.2253165
0.22828310000000002
0.23991550000000006
0.22773920000000003
0.22138020000000005
0.2059391
0.265393
0.2930271
0.2647946
0.24034970000000005
0.2649767000000001
0.3041952
0.2870723
0.2798606
0.2422134
0.27460310000000004
0.2525036
0.21614970000000008
0.2277053
0.219675
0.18842420000000001
0.2258699
0.26739450000000003
0.24330279999999999
0.245931
0.2632916
0.2598374
0.2207389
0.20370900000000008
0.177268
0.17608800000000002
0.175898
0.1804
0.26443999999999995
0.23988
0.21758
0.180302
0.1745316
0.1764
0.17418999999999998
0.16910999999999998
0.17379
0.1916
0.26545
0.3593
0.361669
0.2366621
0.29542240000000003
0.43839140000000004
0.4400050999999999
0.4451813
0.4456237
0.31064709999999995
0.25777
0.263384
0.2193115
0.2103187
0.212354
0.2152621
0.2136301
0.21273720000000004
0.210211
0.212136
0.2167375
0.2164785
0.21987129999999996
0.4079699
0.3584527
0.3400228
0.33255139999999994
0.327957
0.31989850000000003
0.35017420000000005
0.3521518
0.25221550000000004
0.2452354
0.24370830000000002
0.2510212
0.2395756
0.2377857
0.2305634
0.2296894
0.2267973
0.22476070000000006
0.22701999999999997
0.2254774
0.2322326
0.22953479999999998
0.23180360000000005
0.2309998
0.2260401
0.30089699999999997
0.2303244
0.2287806
0.2257208
0.23216940000000005
0.259127
0.26231930000000003
0.2475105
0.2646855
0.2603394
0.264361
0.25450540000000005
0.2190788
0.2238081
0.23261279999999995
0.2307558
0.2227603
0.2357258
0.21490610000000002
0.2123988
0.2211887
0.2176356
0.214457
0.2129608
0.2119007
0.22062476
0.22871530000000004
0.2447575
0.23998560000000002
0.24221170000000006
0.238618
0.2280428
0.23086279999999998
0.2223605
0.2263157
0.2441113
0.24354279999999998
0.2385337
0.2438404
0.29087040000000003
0.2846423
0.24586770000000002
0.2487474000000001
0.2319755
0.2278224
0.2442845
0.24571259999999995
0.3466335
0.3384036
0.34332669999999993
0.2428574
0.23359540000000004
0.2278214
0.2347016
0.2350647
0.2887628
0.2909038
0.2902148
0.3276738
0.3202244
0.3372594
0.2950292
0.2970957
0.2926756
0.2951046
0.2971418
0.36010949999999997
0.29808280000000004
0.2935177
0.2990968
0.296861
0.28888430000000004
0.2945466
0.2967185
0.29899659999999995
0.2975213
0.28399469999999993
0.2910025
0.2914176
0.29480259999999997
0.3008779999999999
0.2511261
0.428887
0.2818323
0.2692185
0.26257040000000004
0.28630229999999995
0.28734940000000003
0.27470659999999997
0.2389647
0.2388107
0.2349098
0.2383012
0.2390879
0.23965340000000002
0.2503847
0.2451742
0.2452548
0.24933089999999997
0.2042977
0.2022036
0.2010037
0.20738320000000005
0.2495494
0.2650513
0.2109239
0.2594375
0.2677575
0.30166659999999995
0.29829
0.30147100000000004
0.343517
0.35002500000000003
0.31544900000000003
0.29895700000000003
0.284826
0.25668699999999994
0.26209600000000005
0.25760000000000005
0.259669
0.28625100000000003
0.286404
0.280409
0.28019
0.279406
0.263987
0.311805
0.30211999999999994
0.3316203999999999
0.3341022
0.3395502
0.33813920000000003
0.32817640000000003
0.28450349999999996
0.28174800000000005
0.29674
0.282496
0.317471
0.367552
0.34736999999999996
0.269367
0.312425
0.324831
0.331858
0.326912
0.328812
0.336962
0.32115000000000005
0.3333242000000001
0.34172899999999995
0.34570899999999993
0.34685900000000003
0.315172
0.311749
0.321769
0.33371
0.34870999999999996
0.30004499999999995
0.285871
0.276668
0.26831370000000004
0.27692259999999996
0.2786366
0.28375170000000005
0.2780617
0.2561117
0.26086889999999996
0.277995
0.270215
0.186722
0.340077
0.352549
0.4244809
0.2834217
0.2742916
0.2775841
0.25833120000000004
0.277851
0.280801
0.278312
0.28281100000000003
0.27481500000000003
0.2751015
0.27252600000000005
0.274243
0.265574
0.2738689
0.25655300000000003
0.27363400000000004
0.266245
0.2728777
0.2207074
0.2222549
0.225359
0.261436
0.275509
0.274088
0.27043
0.271854
0.279502
0.272169
0.29238800000000004
0.29491421
0.2689917
0.27698
0.2782348
0.266087
0.28390599999999994
0.291206
0.259256
0.265338
0.27735
0.14124189999999998
0.0239
0.01569
0.101011
0.15132
0.07014899999999999
0.031443
0.077532
0.093618
0.096608
0.099076
0.121883
0.123578
0.113345
0.090849
0.09592646
0.14368209999999998
0.1373881
0.1457039
0.1055577
0.1059634
0.13659839999999998
0.15617020000000004
0.0395041
0.0459502
0.12985510000000006
0.1955019
0.2586581
0.223746
0.1378721
0.1245845
0.08985740000000003
0.0869798
0.09685919999999999
0.1218383
0.0993304
0.08486519999999999
0.1291341
0.3275867
0.34783390000000003
0.3180849
0.0993479
0.1000444
0.1100683
0.11100719999999999
0.11031109999999998
0.0985963
0.0937335
0.0957836
0.1058343
0.1056723
0.16569319999999998
0.1012984
0.1011555
0.0999575
0.0982495
0.0936485
0.0956846
0.1034554
0.1119813
0.1081633
0.1137653
0.1077823
0.11314819999999999
0.1083333
0.1124175
0.0935686
0.0942546
0.09118079999999999
0.1662204
0.0875788
0.0946397
0.0900416
0.088345
0.08668590000000001
0.08921380000000001
0.0912939
0.0858221
0.0842701
0.08705990000000001
0.087933
0.0883109
0.0872059
0.0889547
0.1345627
0.1401073
0.1659031
0.1440594
0.14535689999999998
0.13467820000000005
0.13379039999999998
0.1407442
0.1375184
0.1415492
0.1442391
0.1474851
0.14102779999999998
0.142118
0.14412800000000006
0.198852
0.188256
0.1958888
0.2243502
0.2259936
0.2385314
0.2282698
0.22484160000000006
0.23566170000000003
0.23547270000000006
0.2154986
0.2087373
0.22342870000000006
0.15851920000000005
0.2146988
0.1903226
0.1870267
0.1856838
0.17285970000000006
0.1641525
0.0992474
0.1011481
0.10038
0.0937785
0.0618519
0.060963
0.0971544
0.078403
0.0203504
0.0659623
0.0452712
0.0985635
0.0859086
0.1068981
0.1119499
0.1196647
0.1020288
0.1132338
0.1141873
0.0946688
0.1337718
0.1333496
0.1270383
0.129371
0.10780739999999997
0.11332539999999999
0.17069489999999998
0.1897371
0.1903349
0.15820610000000002
0.0765995
0.054914
0.0687724
0.07149830000000001
0.0533275
0.0357753
0.0684623
0.07162230000000001
0.07286710000000003
0.07425219999999999
0.07219
0.0645881
0.07287539999999999
0.1029565
0.07319450000000001
0.041549800000000005
0.053068800000000006
0.0416277
0.042079000000000005
0.050584800000000006
0.0663259
0.0598857
0.0594387
0.0612468
0.0329551
0.009608600000000002
0.007815
0.0443742
0.008196100000000001
0.030481
0.0230931
0.0131435
0.1198803
0.13013439999999998
0.1097345
0.1522932
0.1357545
0.1838145
0.2379732
0.21238560000000006
0.13713039999999999
0.097351
0.105427
0.0958886
0.093853
0.076075
0.07278799999999999
0.0699186
0.08527799999999999
0.129669
0.112141
0.0895301
0.087362
0.0707328
0.074421
0.084592
0.113578
0.11267089999999998
0.173693
0.08353830000000001
0.07459600000000001
0.07563840000000001
0.077997
0.1114522
0.11748199999999999
0.1473776
0.096453
0.06986440000000001
0.094045
0.07242109999999999
0.060315
0.060827500000000014
0.06734
0.080796
0.140362
0.137515
0.01239
0.010657
0.06611800000000001
0.086374
0.097942
0.09037970000000001
0.092262
0.095954
0.08559
0.0853898
0.090573
0.08998660000000001
0.094005
0.08639939999999999
0.089628
0.0852119
0.08758400000000001
0.08917130000000001
0.034322000000000005
0.042244199999999996
0.022819
0.014506999999999999
0.017537
0.0079634
0.012245
0.0112605
0.15368800000000002
0.1232587
0.115154
0.08014389999999999
0.11238499999999997
0.112632
0.08959299999999999
0.08802339999999999
0.117231
0.07681400000000001
0.0098638
0.1897791
0.18836589999999998
0.15313259999999998
0.028593
0.16126690000000002
0.1880693
0.1863834
0.1768462
0.1533928
0.17161500000000002
0.170168
0.1708984
0.118867
0.16821080000000002
0.187517
0.181252
0.182568
0.186986
0.17018
0.158789
0.180364
0.1712619
0.16864300000000002
0.17013599999999998
0.181307
0.17901879999999998
0.174
0.185598
0.185801
0.1825651
0.179013
0.1812831
0.186078
0.1832934
0.185809
0.1822073
0.0527
0.1542894
0.182992
0.18018460000000008
0.153219
0.2854883
0.318558
0.31867829999999997
0.322328
0.30893200000000004
0.31581800000000004
0.168496
0.16975099999999999
0.1781504
0.18427
0.1810633
0.182368
0.181073
0.17825
0.1855913
0.185901
0.18584
0.185934
0.189374
0.212134
0.334378
0.425747
0.425221
0.31703000000000003
0.22511950000000006
0.250921
0.25457399999999997
0.242605
0.246827
0.244285
0.250496
0.253821
0.224986
0.33919200000000005
0.465994
0.37461
0.33777640000000003
0.33631
0.32082
0.19897
0.192865
0.188606
0.19612
0.085712
0.199991
0.181956
0.143732
0.188219
0.1804755
0.18234
0.191349
0.190092
0.186101
0.186882
0.185199
0.184036
0.178869
0.192305
0.233724
0.243544
0.3597997000000001
0.24693099999999998
0.266967
0.23865999999999998
0.24813800000000005
0.242786
0.26466
0.245166
0.248195
0.248029
0.227746
0.233082
0.242183
0.23059900000000005
0.2356000000000001
0.24245500000000006
0.234992
0.239617
0.237646
0.26950300000000005
0.25019610000000003
0.199604
0.25555700000000003
0.1940644
0.203861
0.1911419
0.192297
0.1807219
0.175402
0.17825120000000005
0.19248900000000002
0.040113
0.094088
0.134966
0.209076
0.204729
0.181138
0.190444
0.21589400000000009
0.186141
0.199165
0.16275520000000002
0.33108200000000004
0.31640300000000005
0.334934
0.39662379999999997
0.181043
0.17797100000000002
0.190343
0.185129
0.18851199999999999
0.184532
0.303288
0.243923
0.23808400000000002
0.2252339
0.2263857
0.22716570000000005
0.2295454
0.1991198
0.3876033999999999
0.3932243
0.3863057
0.3722246
0.3144638
0.32501220000000003
0.3229645
0.30950959999999994
0.14346350000000002
0.1870163
0.230805
0.21985900000000005
0.196176
0.1905009
0.19131350000000005
0.18962080000000006
0.1900728
0.1577689
0.3257569
0.0696171
0.2322371000000001
0.20465339999999999
0.2104488
0.23135710000000004
0.2356973
0.22088200000000002
0.2292958
0.2225913
0.20818330000000002
0.21876679999999996
0.26886479999999996
0.2604325
0.27840400000000004
0.2310338
0.240307
0.2171839
0.23102660000000005
0.20036
0.1906291
0.1919814
0.2040001
0.19138550000000001
0.1888207
0.196732
0.1913368
0.3288323
0.208742
0.2082125
0.2096498
0.216766
0.2493235
0.2020239
0.2514583
0.2127764
0.2105199
0.21021350000000005
0.2288427
0.21645029999999996
0.2193588
0.2216446
0.2185608
0.2064741
0.21537689999999998
0.2055051
0.22002
0.215162
0.21771
0.10243
0.208822
0.221166
0.22145
0.206765
0.22874
0.23267100000000002
0.21148000000000006
0.206315
0.21908
0.23962399999999998
0.198562
0.2205238
0.2396428
0.2020223
0.207194
0.213325
0.2060499
0.2214638
0.2397243
0.1934465
0.2049472
0.1973993
0.1869945
0.264341
0.2504681
0.299605
0.260434
0.270991
0.261509
0.2627
0.250742
0.257576
0.247205
0.253144
0.26129810000000003
0.25221718
0.22271
0.48635
0.486439
0.482229
0.480523
0.4805140000000001
0.47869300000000004
0.486487
0.480903
0.486269
0.4757270000000001
0.485271
0.48662799999999995
0.4868908
0.486712
0.486707
0.4852635
0.48079799999999995
0.4817042
0.482623
0.487032
0.4869814
0.4834318
0.480591
0.48248
0.48370519999999995
0.4860800000000001
0.486619
0.4863987
0.4860756
0.4872585
0.4864850000000001
0.4861449000000001
0.2776483
0.2138762
0.19156170000000006
0.2086719
0.20336300000000002
0.2013
0.261248
0.24866799999999997
0.2571626
0.2513944
0.2565082
0.26366740000000005
0.3226656
0.2589387
0.280181
0.1946818
0.2139901
0.22508379999999997
0.209843
0.200066
0.22755100000000003
0.2381984000000001
0.254761
0.252322
0.24208690000000002
0.262589
0.117628
0.2265025
0.19982000000000005
0.17995199999999995
0.330874
0.348275
0.3428046
0.33896020000000004
0.33738640000000003
0.1508777
0.200995
0.200791
0.20188599999999998
0.19199346
0.1941931
0.1923839
0.186931
0.222953
0.30189999999999995
0.362734
0.36109
0.381495
0.380363
0.40769
0.3954
0.364558
0.360435
0.370466
0.3304910000000001
0.31174
0.4240100000000001
0.4661520000000001
0.48179700000000003
0.336352
0.35879
0.350285
0.228865
0.227249
0.385944
0.378029
0.4076310000000001
0.43096999999999996
0.43872
0.4400270000000001
0.273107
0.27889400000000003
0.13488300000000006
0.24952600000000005
0.25190500000000005
0.243924
0.256817
0.244155
0.255296
0.244301
0.284045
0.286069
0.302675
0.3005933
0.304512
0.3059725
0.281353
0.26929580000000003
0.282803
0.292961
0.286087
0.267442
0.2425534
0.2393636
0.2412999
0.24572489999999997
0.2394303
0.24274160000000006
0.24426599999999998
0.2425298
0.2378669
0.2558188
0.25842400000000004
0.284368
0.2978032
0.29934829999999996
0.2928905
0.2934141
0.30122600000000005
0.293462
0.311153
0.30485500000000004
0.325467
0.298669
0.34472
0.31828049999999997
0.086447
0.093403
0.26006999999999997
0.295446
0.152642
0.15616300000000002
0.19243
0.39292
0.4067000000000001
0.379793
0.295914
0.4263
0.3866470000000001
0.429049
0.388883
0.380743
0.404378
0.380624
0.375144
0.360952
0.37811500000000003
0.371327
0.386665
0.4307
0.39456199999999997
0.430438
0.4080510000000001
0.3943780000000001
0.418198
0.400969
0.425965
0.339643
0.352134
0.244231
0.259936
0.299607
0.464582
0.386856
0.247681
0.282147
0.07348500000000001
0.07263
0.071543
0.29197199999999995
0.167472
0.098148
0.101652
0.072768
0.08718400000000001
0.10710739999999998
0.0363038
0.0284137
0.0217462
0.0172797
0.200227
0.2140946
0.21749829999999998
0.2603687
0.28572973999999995
0.3109203
0.03376666
0.02576411
0.04933596
0.0787086
0.2210785
0.2007355
0.2255
0.27566
0.2552795
0.2486156
0.1929005
0.1933561
0.191156
0.236666
0.3104269
0.26291929999999997
0.30266329999999997
0.2217203
0.24800300000000006
0.0778451
0.15957500000000002
0.0904464
0.1281573
0.1239424
0.07648300000000001
0.0272873
0.13923639999999998
0.1932511
0.1688168
0.2297410000000001
0.16985989999999998
0.196147
0.13512410000000002
0.2673508
0.2865917
0.28501410000000005
0.23967689999999997
0.24446020000000004
0.35826679999999994
0.4000168000000001
0.2850191
0.16404081999999998
0.23481662
0.14780981
0.14720126
0.16675046000000002
0.15516371
0.1381903
0.16517221
0.12518271
0.14855311
0.09233581
0.10489351
0.13689695999999998
0.14704011
0.17741451
0.11899716
0.19925179999999998
0.2624565
0.2639756
0.2888428
0.3815358
0.35662790000000005
0.3213502
0.260622
0.2582797
0.26650429999999997
0.25271639999999995
0.26850599999999997
0.297629
0.29636799999999996
0.224906
0.216063
0.232042
0.221135
0.229172
0.214954
0.21713
0.27950499999999995
0.23679
0.225955
0.218614
0.31738700000000003
0.336022
0.2944
0.319573
0.296281
0.15437
0.10181356
0.12361700000000002
0.102751
0.07714860999999998
0.07375961
0.12733599999999998
0.16051400000000002
0.24904720000000002
0.2554105
0.2034339
0.21049801
0.27273000000000003
0.2872206
0.2598522
0.2097069
0.2040957
0.2118118
0.32978
0.3047858
0.2232466
0.21598040000000002
0.2074717
0.2319654
0.2965993
0.2564813
0.24631750000000002
0.2517013
0.30302080000000003
0.2916123
0.2968099
0.27976890000000004
0.2713434
0.21701379999999998
0.4615111
0.4699145000000001
0.47195370000000003
0.4100347
0.4203343000000001
0.2112587
0.2732113
0.2656695
0.1238728
0.2189555
0.2056518
0.20076
0.335069
0.32566
0.24893
0.313112
0.42054
0.286019
0.2375400000000001
0.23273000000000002
0.18226
0.18817
0.2629691
0.44836
0.28205099999999994
0.24543
0.25096
0.21209
0.3539700000000001
0.22762
0.19717
0.177368
0.402989
0.3109458
0.2437
0.292576
0.20605
0.210036
0.310776
0.31153800000000004
0.325575
0.266914
0.300068
0.315466
0.3037
0.274658
0.333746
0.26802800000000004
0.304294
0.28333200000000003
0.31414000000000003
0.27517
0.30623
0.27521
0.26705500000000004
0.2705968
0.264967
0.287401
0.27224000000000004
0.287223
0.27991
0.2813531
0.11124880000000001
0.1389783
0.102234
0.28301
0.29696
0.25989
0.20948000000000006
0.25045300000000004
0.25637
0.10851000000000002
0.09862152
0.11022147
0.10244852
0.13260652
0.12787052000000002
0.101145
0.06352666
0.07597266
0.1128435
0.2255955
0.2430835
0.2446637
0.2516451
0.2774132
0.273858
0.2485010000000001
0.273534
0.241827
0.270574
0.236943
0.271677
0.274978
0.2662314
0.275727
0.2433824
0.22482600000000005
0.195598
0.23203600000000002
0.226069
0.23733
0.226876
0.290344
0.27662
0.296714
0.2738407
0.365532
0.4297300000000001
0.40898
0.33968000000000004
0.43889
0.40122040000000003
0.4129100000000001
0.4060125
0.4236490000000001
0.403468
0.411763
0.410092
0.411892
0.411165
0.437476
0.4072813
0.420749
0.44045
0.43188000000000004
0.4596817
0.450429
0.413416
0.449892
0.45313
0.431288
0.42133
0.46268100000000006
0.447162
0.45426000000000005
0.45484
0.44277700000000003
0.41949
0.455505
0.470659
0.430486
0.41069
0.366313
0.382405
0.41769
0.37159
0.425602
0.41438400000000003
0.40061
0.38036
0.38405700000000004
0.422833
0.43478900000000004
0.40573000000000004
0.445826
0.450525
0.435341
0.329087
0.44100200000000006
0.39786
0.3874909999999999
0.4417100000000001
0.427046
0.385111
0.395429
0.4518140000000001
0.4493308
0.445817
0.437457
0.4300000000000001
0.4537600000000001
0.423972
0.4175100000000001
0.397276
0.429034
0.403356
0.413198
0.395102
0.383522
0.3643229
0.40728
0.389637
0.423713
0.444329
0.408793
0.469655
0.305561
0.401566
0.4225680000000001
0.418037
0.410568
0.35740900000000003
0.39344
0.37135
0.37875
0.422017
0.42484
0.38821500000000003
0.40648
0.4079
0.40345
0.4060200000000001
0.414204
0.4417720000000001
0.42218900000000004
0.303419
0.3889960000000001
0.436339
0.462967
0.44672
0.437254
0.4393460000000001
0.41855699999999996
0.42621000000000003
0.440148
0.4455300999999999
0.4480470000000001
0.4506350000000001
0.450671
0.429508
0.43386199999999997
0.42002399999999995
0.410434
0.4250249999999999
0.433826
0.439594
0.456744
0.368266
0.387831
0.365128
0.383184
0.389829
0.402859
0.35118499999999997
0.4024160000000001
0.377907
0.390449
0.4006659999999999
0.4172
0.413809
0.411507
0.396558
0.408585
0.364423
0.389053
0.40641
0.389281
0.387049
0.430743
0.415555
0.395359
0.374593
0.393446
0.275414
0.318723
0.23189250000000006
0.29221099999999994
0.398951
0.402197
0.415138
0.410771
0.386058
0.398853
0.398828
0.38153400000000004
0.35216000000000003
0.3496
0.38509499999999997
0.401765
0.365882
0.36624
0.33043
0.3772
0.365834
0.401047
0.392568
0.40685
0.392891
0.388863
0.33858200000000005
0.33316
0.387999
0.3758
0.40459
0.47008
0.43981000000000003
0.44734
0.41915
0.418771
0.389566
0.40637199999999996
0.413117
0.3606550000000001
0.368889
0.37456
0.36683
0.377769
0.39584
0.385753
0.385243
0.375165
0.23705900000000002
0.35093
0.39695089
0.3998894499999999
0.3831033800000001
0.4708353800000001
0.34372242
0.45343242
0.45563338
0.41597938
0.41764062
0.47424868
0.47211588
0.46781358
0.44093138
0.36112192
0.38149906
0.3352554199999999
0.38043482
0.35745102
0.19302717000000005
0.25166816
0.28485438
0.29546466
0.35230257
0.23799907
0.23557208
0.27434941999999995
0.31397741999999995
0.37984242
0.37375242
0.37050247
0.35039242
0.3792333800000001
0.40137242
0.41289242
0.45375147
0.46898242
0.47110238
0.44003542
0.39372742
0.34836542
0.36941147
0.39889832
0.40815367
0.38729338
0.43590347
0.40496347
0.37032342
0.27226338
0.26769389
0.3009943300000001
0.31482338
0.31543338
0.26892584
0.28667303
0.28938242000000003
0.23095138
0.27672352
0.30122547
0.24653719
0.26839903
0.26986584
0.28671337
0.26878642
0.26341775
0.29412538
0.27247484
0.29352184000000003
0.3483914199999999
0.38781512
0.42882057
0.27814432
0.26014172
0.24311782
0.23201118
0.25615754
0.39267157
0.41229347
0.42378987
0.42190367
0.42687577
0.39424352
0.43978052
0.37771452
0.37419542
0.39388142
0.41172127
0.4146014699999999
0.22496147
0.18640556
0.20722256
0.14217756
0.18112761
0.18448666
0.27245166
0.16224370000000002
0.27818475
0.22118266
0.21681461
0.23587661
0.23019266
0.16628666000000006
0.20876956
0.24012461
0.22941256
0.22921461
0.23304361
0.22964261000000005
0.23067761
0.23829752
0.23119056
0.23600852
0.29397956
0.29452652
0.27080456
0.29365556
0.28979156
0.27843061
0.26677056
0.30335256000000005
0.24977752
0.24347952
0.24531156
0.25853761000000003
0.23773791
0.23803961
0.2420729600000001
0.23032456
0.23668152
0.28235456000000003
0.26765661
0.2832975600000001
0.29077352
0.30902052
0.27676256000000005
0.29446856
0.30973361
0.29539956
0.33083252
0.32197852000000005
0.30911156
0.26475161
0.26848066000000004
0.13953052
0.15226852
0.18560347
0.23790556
0.22057561
0.07089956
0.13799161
0.23756261
0.26904496
0.25568061
0.043316
0.05001
0.336507
0.365788
0.310879
0.301148
0.287549
0.240354
0.185085
0.226319
0.196323
0.166351
0.181608
0.21010900000000002
0.237927
0.26892170000000004
0.2239121
0.206368
0.128822
0.11748
0.123885
0.11110399999999998
0.164128
0.21542100000000008
0.2064177
0.18314
0.22431199999999998
0.21937545
0.09210754
0.05358078
0.04756942
0.07437242
0.09085447
0.04742552
0.10129147
0.10105107
0.02337337
0.01948332
0.10786267
0.17882118
0.13812812000000002
0.14908347000000002
0.19680752
0.16719047
0.15649352
0.13461147
0.15424052
0.16814547000000002
0.10378952
0.12917752
0.26317147
0.24285147
0.27904956000000003
0.24118956
0.29792861
0.25695861000000003
0.25442961000000003
0.27505466
0.15029552000000002
0.29393266
0.24820761
0.27652861
0.18053856
0.25150666
0.30209066
0.28024161000000003
0.26803956
0.26166052
0.22430761000000005
0.23138856
0.2177805200000001
0.26068052
0.28610661
0.20378961
0.30863956000000003
0.27168756
0.40903042
0.25269156000000004
0.18488756
0.24483456
0.26429956000000004
0.25879156000000003
0.21819556
0.24679347
0.22897147
0.21478452000000006
0.08117413
0.09168622
0.21263956
0.24766761000000004
0.22282156000000009
0.42512958
0.44091527
0.43558147
0.41345377
0.40745092
0.44063597
0.41548342
0.41203437
0.40351318
0.40856138
0.4155143200000001
0.40520482
0.41046142
0.39828802
0.39694328
0.41622127
0.42194478
0.21741306
0.23444216000000004
0.23990576
0.2312876600000001
0.25333966
0.25131966
0.25367666
0.27330061
0.24426356
0.24482666
0.21646456
0.19963647
0.43465938
0.43022842
0.43051242
0.41529547
0.41077742
0.30338652
0.34011452
0.35184156
0.30963552000000005
0.33443956
0.29744556
0.29963556
0.31669856
0.31013561
0.17521051999999998
0.258871
0.270749
0.25507
0.20641
0.293138
0.311381
0.32984300000000005
0.29029
0.244776
0.244921
0.30234
0.28565
0.284881
0.290509
0.28395000000000004
0.265566
0.3056993
0.2665133
0.4573330000000001
0.4662810000000001
0.462725
0.30431
0.3207058
0.300294
0.25127
0.26361
0.22237
0.243271
0.227373
0.25188999999999995
0.23911300000000002
0.26232
0.28946999999999995
0.28718
0.29019199999999995
0.324
0.3420070000000001
0.337624
0.23850100000000002
0.324191
0.3057909600000001
0.24939501
0.29159801
0.25090101000000004
0.20724415
0.22325245000000005
0.42896832
0.46626283
0.46421003
0.3919272700000001
0.21468329
0.18688114
0.21433789
0.22183225
0.21395135
0.2478411
0.2413440000000001
0.2919198
0.2392981
0.23906149999999998
0.25355320000000003
0.28753100000000004
0.308713
0.30722
0.243083
0.2882502
0.25567680000000004
0.2521013
0.2846309
0.2729782
0.288028
0.18892270000000005
0.27321100000000004
0.29170300000000005
0.275828
0.26360120000000004
0.31222540000000004
0.306949
0.263465
0.245404
0.220418
0.2262119
0.25454699999999997
0.27218799999999993
0.230757
0.282064
0.241608
0.2557029
0.2362269
0.333345
0.22934999999999994
0.263937
0.227176
0.23568960000000005
0.23793899999999998
0.23851599999999998
0.241119
0.218145
0.236477
0.247875
0.07370299999999999
0.06817200000000001
0.08242200000000001
0.12221
0.049138
0.052704400000000005
0.13445400000000002
0.132708
0.100882
0.070435
0.07854599999999999
0.112403
0.06336599999999999
0.120028
0.06978
0.087497
0.10327
0.072672
0.06598799999999999
0.025005
0.073699
0.063705
0.061648
0.039091
0.08267200000000001
0.06640700000000001
0.031748
0.063873
0.06701
0.056163000000000005
0.08509800000000001
0.1319882
0.123365
0.07594799999999999
0.078181
0.066801
0.07274599999999999
0.056991
0.34633
0.341014
0.347796
0.35532600000000003
0.26414899999999997
0.27407800000000004
0.32743999999999995
0.208194
0.20972
0.217935
0.214844
0.194716
0.08095000000000001
0.06195
0.19385
0.203047
0.213765
0.050765
0.04965
0.12307
0.093839
0.08607300000000001
0.054997000000000004
0.043455
0.16491
0.14785299999999998
0.108315
0.221408
0.22963000000000006
0.20808
0.197415
0.221682
0.17969300000000002
0.08479
0.172494
0.230568
0.157408
0.14240799999999998
0.18092
0.19418
0.16551870000000002
0.17533900000000002
0.191013
0.226924
0.207021
0.22061999999999998
0.186165
0.16216
0.180649
0.17651099999999995
0.20013399999999998
0.189244
0.178101
0.16432
0.125778
0.16721999999999998
0.1912
0.18349
0.15600999999999998
0.22052
0.180256
0.20114
0.20811
0.21159999999999995
0.17480600000000002
0.19293
0.13605
0.129628
0.12063
0.15491
0.161748
0.13502
0.104941
0.08605299999999999
0.063487
0.08630800000000001
0.136273
0.099789
0.13890999999999998
0.09938
0.104469
0.087377
0.065981
0.136053
0.08753999999999999
0.037165
0.10449
0.101334
0.049964
0.043139
0.02193
0.014137
0.06194300000000001
0.032725000000000004
0.07061
0.050881
0.057612000000000003
0.076238
0.117609
0.054184
0.2163400000000001
0.17071
0.198214
0.2055
0.15025800000000006
0.07366289999999999
0.07767819999999999
0.15031770000000005
0.158941
0.099488
0.16950020000000002
0.0930087
0.1494283
0.14513099999999995
0.12187
0.12980289999999994
0.183721
0.1246387
0.07700699999999999
0.21066
0.19809
0.21066
0.12797
0.13666
0.13097
0.11218
0.13082899999999995
0.18524000000000002
0.17426
0.20793000000000006
0.22028000000000006
0.21669000000000002
0.179828
0.1517645
0.1156524
0.1124211
0.15273389999999998
0.1552
0.20065300000000005
0.22571300000000005
0.111664
0.05779400000000001
0.06302999999999999
0.053802
0.056571
0.05297
0.057400000000000014
0.06531
0.06555
0.11524000000000001
0.08059
0.05718300000000001
0.048507
0.06113
0.03652
0.03505
0.06251999999999999
0.06051500000000001
0.022211
0.1113
0.06381
0.056717
0.05303
0.042839
0.22538699999999998
0.26256
0.195475
0.084926
0.07697000000000001
0.08876999999999999
0.12427139999999999
0.08707000000000001
0.3101
0.30118
0.239328
0.074533
0.0907159
0.106136
0.08947000000000001
0.07345199999999999
0.093239
0.0868315
0.098163
0.098273
0.10409100000000003
0.08712
0.07832599999999999
0.09637
0.10213
0.0929
0.16185
0.16627
0.127032
0.141895
0.16198
0.154837
0.155726
0.09753200000000001
0.14001999999999998
0.11859700000000001
0.054007000000000006
0.08329299999999999
0.07630699999999999
0.092914
0.085199
0.073742
0.06422989999999999
0.08048
0.065903
0.069661
0.0863423
0.11941
0.08038599999999999
0.07716100000000001
0.11240699999999999
0.134143
0.1210363
0.16703800000000002
0.14046799999999998
0.17126
0.19173800000000002
0.092023
0.171073
0.08304900000000001
0.1266023
0.152095
0.146378
0.16765000000000002
0.141998
0.162953
0.16460819999999998
0.163425
0.1418471
0.140451
0.14490630000000002
0.100111
0.09922919999999999
0.108513
0.1448619
0.10921600000000001
0.1010418
0.17072500000000002
0.13356849999999998
0.14986700000000006
0.08231799999999999
0.075926
0.08060419999999999
0.07267799999999999
0.08656339999999997
0.07400999999999999
0.07594680000000001
0.08644
0.07463710000000001
0.048633
0.052379
0.036451
0.041054
0.097187
0.106209
0.10245
0.10386900000000003
0.114898
0.100439
0.10566
0.146322
0.092885
0.0828117
0.08140700000000001
0.091673
0.08076699999999999
0.098023
0.101357
0.087285
0.1006367
0.11635700000000004
0.0963004
0.08147800000000001
0.0914078
0.105849
0.08345160000000001
0.134103
0.0986505
0.084828
0.09006710000000001
0.090764
0.1020184
0.08277899999999999
0.0934813
0.083485
0.076989
0.086563
0.08192510000000001
0.081443
0.08960900000000001
0.088785
0.0885057
0.084698
0.08491789999999999
0.09215
0.08522199999999999
0.102953
0.08627109999999999
0.081205
0.0983031
0.109549
0.10008330000000001
0.098114
0.1015144
0.102336
0.177266
0.102384
0.0981582
0.133667
0.177722
0.234026
0.1964704
0.155075
0.129701
0.146036
0.0417826
0.095115
0.126058
0.086637
0.142103
0.18335
0.13179049999999998
0.160933
0.1333625
0.136621
0.162126
0.13368000000000002
0.1688289
0.16215800000000002
0.16403099999999998
0.178931
0.17228700000000002
0.18033
0.1679668
0.072407
0.100519
0.1330932
0.145082
0.133687
0.133535
0.1446644
0.132699
0.146945
0.148097
0.15931299999999998
0.139519
0.13647369999999998
0.17896800000000002
0.1808876
0.16862999999999995
0.1819102
0.171008
0.16606549999999998
0.17692
0.16032600000000002
0.16011199999999998
0.1594035
0.170291
0.1607845
0.16367700000000002
0.1313796
0.165537
0.169549
0.14482
0.164826
0.125102
0.11741989999999998
0.050807000000000005
0.096072
0.161398
0.173077
0.182541
0.1784623
0.183912
0.186399
0.177983
0.183198
0.178427
0.1749195
0.109368
0.1057702
0.17748
0.16590140000000006
0.170843
0.1723075
0.169293
0.1365761
0.158301
0.1598437
0.161563
0.2283562
0.188142
0.106955
0.103642
0.16784949999999998
0.16053499999999998
0.16485750000000002
0.17290299999999995
0.15644979999999994
0.124083
0.1042275
0.107248
0.1070819
0.10121489999999997
0.048764
0.09816339999999998
0.103675
0.1063422
0.101406
0.1013233
0.104879
0.1254028
0.10822900000000002
0.102848
0.220334
0.0964509
0.047265
0.07958430000000001
0.07862899999999999
0.07574960000000001
0.055869
0.07966089999999999
0.167904
0.162823
0.155223
0.15454790000000002
0.11222
0.102164
0.152982
0.171624
0.16792200000000002
0.166078
0.100744
0.1017619
0.096623
0.07124689999999999
0.041828
0.047802300000000006
0.041638
0.115602
0.119476
0.11387930000000003
0.11658
0.138969
0.136932
0.14030150000000002
0.14555400000000002
0.149746
0.14866300000000002
0.107376
0.11833699999999997
0.12872
0.073157
0.12828499999999998
0.111515
0.11683099999999999
0.105721
0.098479
0.10978299999999999
0.05837000000000001
0.05542
0.056854
0.036293
0.032639999999999995
0.060538
0.059761
0.098003
0.07567099999999999
0.078074
0.097173
0.093004
0.091704
0.049039000000000006
0.146232
0.16617
0.15016400000000002
0.048491
0.048813
0.0425765
0.04723
0.0281452
0.04188700000000002
0.038785
0.043470999999999996
0.0370502
0.035481
0.047135
0.046833
0.051942
0.041272
0.0300681
0.035987
0.033847
0.038428
0.037081
0.036532
0.1059757
0.172204
0.16584339999999995
0.09938
0.16928939999999998
0.194735
0.17542590000000002
0.17257899999999998
0.0480929
0.037712
0.034271300000000005
0.040552000000000005
0.035250699999999996
0.031966
0.0427089
0.032139
0.0343686
0.046652
0.033438
0.036697
0.0307516
0.039636000000000005
0.035943
0.03222
0.040581
0.031294
0.0317306
0.044856
0.0274639
0.0298632
0.033929
0.0401175
0.032661
0.0294842
0.04343
0.035126
0.034857
0.038286900000000006
0.032555
0.0335999
0.105593
0.0948165
0.094478
0.0939138
0.103436
0.0970857
0.09675
0.1007219
0.093972
0.0939489
0.104717
0.0951098
0.13855599999999998
0.1347808
0.039738
0.031366000000000005
0.043474
0.043724500000000006
0.11546700000000001
0.0648842
0.074799
0.05413430000000001
0.071766
0.077441
0.06906299999999999
0.0955526
0.037673000000000005
0.0460027
0.033713
0.16821000000000005
0.08669400000000001
0.039576599999999997
0.036671
0.04158049999999999
0.0411146
0.1362926
0.1511001
0.0472737
0.0318357
0.0297756
0.1046651
0.155299
0.15499300000000002
0.158944
0.164957
0.156722
0.15978599999999998
0.1713261
0.153988
0.1014157
0.055366999999999986
0.0323257
0.034694
0.045566800000000005
0.036622
0.033424
0.06968200000000001
0.048512700000000006
0.033067
0.034694
0.0540371
0.033127
0.14483900000000002
0.155073
0.148721
0.14165100000000005
0.143189
0.062274
0.221599
0.21315
0.20709899999999998
0.15915
0.154105
0.172837
0.12172099999999995
0.114342
0.2236989
0.152853
0.13142140000000002
0.20609300000000005
0.2491539
0.234072
0.2392176
0.188241
0.171455
0.21304099999999998
0.207372
0.276378
0.27381
0.258914
0.2427523
0.16591899999999998
0.1609255
0.177102
0.1485671
0.145784
0.1849409
0.18037
0.16543
0.16606600000000002
0.207921
0.188346
0.164742
0.217829
0.2019622
0.223192
0.2378217
0.21017400000000008
0.1838057
0.187371
0.13534200000000002
0.199837
0.1074741
0.145982
0.1406852
0.047706
0.0368232
0.047008
0.0410899
0.046929000000000005
0.04515810000000002
0.03365
0.035956199999999994
0.050166
0.0374511
0.046002
0.043799000000000005
0.0489217
0.038905
0.0455695
0.0519159
0.045910999999999993
0.039666
0.0373504
0.050853
0.054452999999999994
0.043480000000000005
0.041894
0.04148
0.0108213
0.011962
0.012283
0.170458
0.140789
0.141511
0.0791173
0.082344
0.0931845
0.08065399999999999
0.0800151
0.091089
0.0861818
0.08165599999999999
0.0980775
0.087175
0.08633769999999999
0.10293499999999997
0.0800409
0.15137799999999998
0.1400565
0.11759700000000001
0.0997331
0.100758
0.1134376
0.097258
0.1007195
0.107418
0.1066547
0.09867000000000001
0.0993186
0.109054
0.152679
0.154029
0.13929229999999998
0.082664
0.0482617
0.044039
0.0549915
0.07724500000000001
0.08240399999999999
0.08304500000000001
0.069738
0.07491300000000001
0.06837439999999999
0.092729
0.07804130000000001
0.0821789
0.0876327
0.085781
0.12531520000000002
0.09762799999999999
0.06967910000000001
0.066696
0.065299
0.06725199999999999
0.067746
0.1168458
0.123655
0.1063
0.092614
0.13562000000000002
0.100809
0.099704
0.098059
0.09568
0.08901899999999999
0.08748600000000001
0.095884
0.095294
0.097309
0.118373
0.0982104
0.089223
0.1051
0.0458467
0.016682
0.035273
0.071115
0.12729200000000002
0.122427
0.13120099999999998
0.08393999999999999
0.091813
0.14242300000000002
0.056091
0.058155999999999985
0.05706
0.047268
0.040216
0.047302
0.129334
0.06728200000000001
0.06610100000000001
0.06399980000000001
0.048327
0.048087500000000005
0.066786
0.0461031
0.037595800000000006
0.041419800000000014
0.059480999999999985
0.052250000000000005
0.07171699999999999
0.0694514
0.06558589999999999
0.07944889999999999
0.0575265
0.1202764
0.08218199999999999
0.0703478
0.1255606
0.06694220000000001
0.06151980000000001
0.057850900000000004
0.058208
0.069837
0.064647
0.0456431
0.041498
0.051620000000000006
0.043906
0.044354000000000005
0.046917
0.035942
0.102321
0.05099
0.045556
0.043125
0.04054
0.0426135
0.06503800000000001
0.123698
0.09528
0.11400199999999999
0.060841999999999986
0.029623000000000007
0.0611816
0.03590499999999998
0.049003899999999996
0.092411
0.07627099999999999
0.21881
0.217042
0.24137600000000003
0.261915
0.254269
0.2339900000000001
0.184843
0.12664409999999998
0.11525
0.060397999999999986
0.15326099999999998
0.114505
0.222307
0.14257799999999998
0.15273
0.0800519
0.074769
0.16237900000000002
0.07676279999999999
0.124109
0.080068
0.10544
0.105809
0.101411
0.07856
0.07564699999999999
0.100406
0.08889599999999999
0.0750107
0.091395
0.10508678
0.069347
0.11920999999999995
0.044616
0.049003000000000005
0.060187
0.08344299999999999
0.15309699999999998
0.107509
0.13419
0.10329
0.044821
0.091349
0.093984
0.08630399999999999
0.076017
0.078805
0.058301
0.0461615
0.046711
0.059797400000000014
0.0551321
0.051620800000000015
0.0476203
0.06862410000000001
0.06706600000000001
0.052496400000000006
0.048356
0.075521
0.074911
0.0829
0.064318
0.062792
0.055476
0.05205
0.05816900000000001
0.043245
0.04969799999999999
0.055537
0.052758000000000006
0.060682000000000014
0.125826
0.18055
0.138019
0.15743
0.116772
0.080825
0.14366700000000002
0.10635
0.10772
0.06439
0.13319
0.14745999999999998
0.117843
0.15541
0.14694000000000002
0.146151
0.10831
0.11318399999999999
0.12571
0.104575
0.14126
0.138031
0.13338
0.141678
0.12454
0.121033
0.12384
0.13823000000000002
0.17261
0.17786000000000002
0.17081999999999994
0.181946
0.13758
0.185127
0.22326
0.18612
0.19993
0.21514
0.154109
0.126616
0.155255
0.13656
0.068708
0.05239200000000002
0.059399
0.058199
0.042769
0.053245000000000015
0.12530000000000002
0.156699
0.16631200000000002
0.17023
0.18618
0.1481817
0.14655
0.08684900000000001
0.07660299999999999
0.058512
0.054596000000000006
0.022063
0.013495000000000002
0.012787
0.015701
0.016975
0.122235
0.073527
0.032894
0.08544299999999999
0.07611180000000001
0.100466
0.11658
0.085515
0.053188
0.057555
0.054802
0.024513
0.012779
0.016556
0.015084
0.055479
0.06076
0.018188
0.01318
0.06781799999999999
0.053654999999999994
0.052979
0.054477
0.046004
0.055716
0.06273000000000001
0.062271000000000014
0.053902
0.011826
0.054614
0.007186399999999998
0.045645
0.046054000000000005
0.015127000000000003
0.0480311
0.045711
0.053359000000000004
0.045973
0.046606
0.055452
0.04489887
0.049982000000000006
0.128073
0.061573
0.042719
0.051342999999999986
0.053394
0.046227
0.048873
0.06911
0.051498
0.09537799999999999
0.08993999999999999
0.043519
0.112133
0.16614999999999994
0.161412
0.121887
0.13266080000000002
0.115507
0.1061586
0.1632836
0.164828
0.1530122
0.11570099999999996
0.1195146
0.042659
0.041150200000000005
0.038743
