0.06996498999999999
0.03750388
0.03728668
0.14153547
0.02563406
0.039063
0.13629928
0.04226347999999999
0.03739702
0.04070652
0.17393158
0.04451112
0.03683588
0.04558981999999999
0.03165762
0.03559418
0.03497737
0.03502688
0.03901494
0.03709024
0.05907996
0.05262131
0.03983565
0.042826300000000005
0.03943778
0.04137449
0.07203149
0.037038790000000016
0.07663039
0.07846459
0.07884129000000001
0.08177159
0.08781138999999999
0.11634634
0.07669988999999999
0.04142012999999999
0.04088508
0.05281583
0.05869403
0.051410590000000006
0.08054664
0.07630964000000001
0.05668649000000001
0.06877744000000001
0.04864914000000002
0.04078393
0.03986872
0.06418528
0.04379683
0.034869019999999994
0.03969382999999999
0.04043938
0.03550229
0.03814358
0.03634528
0.03856597999999999
0.06059803
0.07347579000000001
0.04434823
0.03481122
0.05643713
0.05294288
0.04045657999999999
0.07970043000000003
0.07008671999999999
0.061203790000000015
0.09615913
0.03345432999999999
0.036461280000000006
0.03659353
0.03330163
0.032304320000000004
0.03280942
0.03687878
0.03275536999999998
0.032519629999999994
0.03616818
0.03608659
0.03237823
0.03608723
0.05133873
0.035480340000000006
0.034023630000000006
0.03610249
0.04212128
0.04210951999999999
0.06742248
0.03645356
0.029166829999999994
0.04085674
0.07060679
0.03774931
0.04505669
0.02840379
0.030125630000000007
0.02913399
0.034333920000000004
0.04066537
0.034599689999999995
0.0376386
0.03864695
0.0502749
0.050288099999999995
0.040763
0.040602700000000005
0.0363247
0.0379661
0.08682855
0.10833264
0.0708044
0.03283642
0.05190126
0.05959556000000001
0.06034994
0.03958573
0.03935194
0.04122724
0.04002374
0.04021249
0.039339490000000005
0.04966874
0.05798360000000001
0.04820599
0.05173074
0.04018984
0.0376272
0.03965460000000001
0.0450629
0.1551464
0.1345904
0.13558699999999999
0.08285429999999999
0.0403486
0.0397414
0.04444220000000002
0.04828649999999999
0.046752000000000016
0.0534237
0.058063
0.0713518
0.08602710000000001
0.1420793
0.0843275
0.15288059999999998
0.09912
0.094351
0.0939688
0.15621065
0.13967000000000002
0.1481941
0.14862999999999998
0.08785119999999999
0.14812460000000002
0.14635979999999998
0.1459936
0.1484193
0.1477955
0.14946700000000002
0.1492655
0.1462937
0.14463370000000006
0.1522117
0.1481198
0.1514746
0.15038270000000006
0.1478651
0.1488003
0.1474946
0.1454746
0.1492989
0.033086000000000004
0.0297205
0.028882700000000008
0.037060800000000005
0.0328293
0.1915331
0.1811175
0.0930493
0.0382662
0.0395289
0.0448366
0.04168039999999999
0.0357905
0.0409272
0.0408592
0.0444763
0.04087850000000001
0.035401
0.0307492
0.039732199999999995
0.039972900000000006
0.0380922
0.030099
0.0740419
0.0435779
0.034212300000000015
0.029839320000000006
0.03554528
0.07470568999999999
0.03758803
0.034715029999999994
0.0382419
0.0485103
0.0357299
0.047748000000000006
0.0540216
0.06765360000000001
0.037700300000000006
0.0383959
0.08442537
0.046627
0.06585
0.045285
0.050525
0.156842
0.157002
0.059337
0.196398
0.08238
0.042825999999999996
0.040910900000000014
0.0398897
0.043160999999999984
0.16070149999999994
0.1420824
0.13170679999999998
0.0432398
0.0486502
0.047181400000000005
0.0929422
0.0974255
0.1010021
0.1011311
0.0988972
0.0986801
0.1082981
0.0884186
0.08876959999999999
0.0904299
0.0860818
0.030920699999999995
0.0526305
0.0657329
0.031793800000000004
0.0321689
0.036105300000000014
0.07912269999999999
0.0866055
0.0923326
0.09201089999999999
0.0912067
0.08958730000000001
0.0921805
0.0942264
0.0953262
0.08834280000000001
0.0846773
0.09817679999999998
0.0989952
0.09666110000000001
0.0915124
0.0892143
0.0883962
0.0922636
0.0931125
0.09604160000000002
0.08086289999999999
0.073087
0.0956117
0.099689
0.09348670000000002
0.07811089999999997
0.0993796
0.0927544
0.08307389999999999
0.08424000000000001
0.09847280000000001
0.0771576
0.0901957
0.0638606
0.0709224
0.08890790000000001
0.0937296
0.08861089999999999
0.0924547
0.0707062
0.0924169
0.0981711
0.08527799999999999
0.08675169999999999
0.08930369999999999
0.08094119999999999
0.08393800000000001
0.0935211
0.09180679999999998
0.0959332
0.09399552
0.09321689999999999
0.08798569999999999
0.07825270000000001
0.0864818
0.09371820000000004
0.0903889
0.0891865
0.0951042
0.08715030000000001
0.0754403
0.0947949
0.08667949999999999
0.0578229
0.08124139999999999
0.0914284
0.0907268
0.0347788
0.0878593
0.0844297
0.0936197
0.08747200000000001
0.0935626
0.0310024
0.0327606
0.030266300000000006
0.0343014
0.0327123
0.0391453
0.0420031
0.0348873
0.0313164
0.0336788
0.0323492
0.0314523
0.0338048
0.0286091
0.0334465
0.0325617
0.035391700000000005
0.0373744
0.07987339999999997
0.07568989999999999
0.030096999999999995
0.036213199999999994
0.031294300000000004
0.028777400000000005
0.19544129999999998
0.3279027
0.2881401
0.2676637
0.2437971
0.3005457
0.1381404
0.0495473
0.07412239999999999
0.2790969
0.2689281
0.2665351
0.26454500000000003
0.2493991
0.0890182
0.1909249
0.2135995
0.2592479
0.2102017
0.0282683
0.027664200000000003
0.0274245
0.028556900000000007
0.0267449
0.0476393
0.0650051
0.0388907
0.0439807
0.040276000000000006
0.043253700000000006
0.0429037
0.2973594
0.1399704
0.2282919
0.13141889999999998
0.06716889999999999
0.05148440000000001
0.024567500000000003
0.0249668
0.015366299999999998
0.032357599999999986
0.032815900000000016
0.029747900000000008
0.035684200000000006
0.0819851
0.1055475
0.1014433
0.0925478
0.0928155
0.0902874
0.0931464
0.1013672
0.0312375
0.0364926
0.026221200000000004
0.0321875
0.0283826
0.073271
0.07228280000000001
0.0319123
0.0380062
0.0287098
0.030821299999999996
0.030519000000000008
0.0302765
0.0280553
0.028830700000000008
0.030535000000000007
0.0246762
0.034357200000000004
0.0304413
0.033419199999999996
0.033362300000000004
0.0338286
0.0316226
0.0425096
0.053030600000000004
0.0536241
0.0453686
0.0399519
0.0415894
0.04136449999999999
0.0407426
0.041162199999999996
0.0414851
0.0375032
0.038167900000000005
0.0831123
0.08207469999999999
0.07574270000000001
0.0767395
0.07630429999999999
0.0663824
0.039228
0.0431413
0.05315670000000002
0.030398599999999998
0.14171620000000001
0.21516970000000002
0.2188515
0.21919960000000002
0.1129677
0.0414635
0.0444289
0.034711300000000014
0.0935984
0.03680170000000002
0.037288600000000005
0.049318200000000006
0.031366399999999996
0.1498544
0.08424069999999999
0.08342709999999999
0.08343010000000001
0.0852418
0.08464980000000001
0.07854080000000001
0.08357110000000001
0.08708769999999999
0.08254449999999999
0.0888995
0.035143
0.032856
0.033591
0.036239
0.036676
0.036327
0.041095
0.03673100000000002
0.041839999999999995
0.110167
0.175004
0.212497
0.14799099999999998
0.116251
0.098355
0.163965
0.11828399999999999
0.1
0.10411199999999997
0.17612899999999998
0.171843
0.213497
0.16029200000000002
0.103112
0.099747
0.108449
0.0974
0.046948000000000004
0.090566
0.08635499999999999
0.083535
0.08218500000000001
0.09846
0.18013300000000002
0.19532
0.21030900000000002
0.192203
0.13561700000000002
0.166829
0.160437
0.18162
0.13977799999999999
0.15122999999999998
0.15597
0.24301999999999999
0.222
0.156335
0.15501700000000002
0.12088299999999999
0.102611
0.10772899999999999
0.092357
0.092977
0.0905812
0.12815159999999998
0.0645154
0.05108709999999999
0.0938486
0.15408970000000002
0.1609421
0.1604435
0.17766790000000002
0.1992004
0.1434209
0.201139
0.201951
0.16233350000000002
0.1546411
0.16578379999999998
0.19935590000000009
0.1801936
0.1962168
0.21987849999999998
0.24022929999999998
0.22740789999999997
0.2163291
0.2167753000000001
0.22401030000000005
0.2395093
0.2519613
0.2403303
0.2591084
0.2185484000000001
0.15951359999999998
0.16047360000000002
0.1577422
0.1629165
0.1564767
0.16018010000000002
0.1452671
0.15157540000000005
0.15028699999999998
0.1417989
0.0986841
0.102902
0.097876
0.10301889999999997
0.1396694
0.1658108
0.2976702
0.1269442
0.12624169999999998
0.1950608
0.1205151
0.25306700000000004
0.20024979999999998
0.185856
0.17958079999999998
0.2058279
0.1964779
0.187336
0.1818189
0.1834289
0.181317
0.177806
0.17326889999999998
0.10763319999999997
0.1020278
0.054521000000000014
0.058929
0.1491306
0.1422589
0.2345679
0.2199779
0.1823289
0.05598100000000001
0.0486205
0.045775
0.045104000000000005
0.168159
0.173793
0.179828
0.11275
0.047320999999999995
0.047799
0.044043
0.234462
0.2300800000000001
0.23846399999999998
0.230771
0.228915
0.237556
0.23071000000000005
0.237225
0.2348820000000001
0.230342
0.230438
0.229658
0.231546
0.044367000000000004
0.146771
0.085379
0.081778
0.13876999999999998
0.1444
0.15424000000000002
0.055411100000000005
0.0922949
0.0753267
0.06188359999999999
0.08019789999999999
0.06048020000000001
0.07421810000000001
0.1033553
0.0791438
0.0759285
0.14805790000000002
0.1667197
0.16314859999999998
0.1069204
0.15544000000000002
0.15310710000000002
0.1097157
0.08513760000000001
0.1818877
0.16682780000000005
0.1301905
0.1314005
0.09151360000000001
0.1253283
0.08692860000000001
0.099467
0.031314999999999996
0.08379500000000001
0.16046
0.15045
0.15683
0.105922
0.10168
0.0471144
0.026007599999999995
0.0278
0.10845999999999999
0.121792
0.0347706
0.0909094
0.0752525
0.0944169
0.0970273
0.034955400000000005
0.07981840000000001
0.0975655
0.0390684
0.14572220000000002
0.1444902
0.136986
0.079108
0.08026
0.0856184
0.08167
0.08354999999999999
0.0805289
0.08400410000000001
0.0811693
0.1377741
0.144245
0.14042000000000002
0.145718
0.09698
0.08177350000000001
0.08649000000000001
0.08135999999999999
0.08452310000000003
0.08645499999999999
0.08500179
0.08399178
0.08291798
0.08864689999999999
0.07662999999999999
0.07095
0.20739
0.25447
0.21147
0.21197
0.2383
0.07726999999999999
0.0890912
0.135743
0.1448959
0.1501728
0.1275742
0.1699022
0.1275984
0.1217934
0.0949594
0.0848655
0.3223632
0.08554550000000001
0.1095265
0.1595213
0.11851600000000001
0.17526219999999998
0.1217413
0.0917193
0.08755650000000001
0.1319972
0.1316934
0.1294287
0.06499189999999999
0.13101300000000002
0.1440035
0.06431200000000001
0.13248
0.12133
0.17391199999999998
0.247193
0.129287
0.17600000000000002
0.09169
0.043701
0.0401023
0.03664
0.09745
0.092672
0.033866500000000015
0.0916128
0.0944881
0.15322760000000002
0.12885
0.085257
0.050361
0.047417
0.085993
0.07959
0.144562
0.17917599999999995
0.188577
0.100089
0.116574
0.0965007
0.092417
0.091219
0.08967
0.07946
0.08227999999999999
0.17389000000000002
0.08551
0.12628
0.10177
0.108299
0.09214999999999998
0.09106
0.08995738
0.08683133
0.09423819
0.08689029000000001
0.09163646999999996
0.08728546999999999
0.12757933
0.12095233
0.13299128999999998
0.13892624
0.11727133
0.12106029
0.11350629
0.12201829
0.09457524
0.09016133
0.09383829
0.08926519
0.08964119
0.08679015000000001
0.08681323999999999
0.09274329
0.09207024
0.12621815
0.12809710000000002
0.12647609999999998
0.1272731
0.12409415
0.07927123999999999
0.07210182
0.08711156
0.08408372
0.08598042
0.09051887
0.08740228
0.086234
0.180634
0.20558
0.198995
0.153648
0.149949
0.14629
0.132537
0.09235589999999999
0.13997779999999999
0.108565522
0.1555562
0.1907312
0.1959023
0.132381
0.157573
0.177306
0.12522260000000002
0.121894
0.110763
0.160431
0.15977200000000005
0.157612
0.1851381
0.167459
0.161305
0.17210399999999998
0.194177
0.210347
0.19585
0.201181
0.173145
0.161141
0.165486
0.166491
0.181045
0.20291000000000006
0.21511400000000008
0.21055100000000002
0.242956
0.16037420000000002
0.169929
0.0991018
0.0922596
0.1013418
0.1379552
0.1575743
0.1411697
0.15840249999999995
0.14015139999999998
0.0959401
0.0988607
0.0947702
0.08014310000000001
0.0985033
0.10065160000000001
0.1310703
0.1492848
0.1025384
0.1029445
0.071461
0.0706591
0.1025022
0.11215719999999997
0.0968463
0.1000149
0.0944242
0.0975463
0.1090632
0.13363930000000002
0.0974401
0.0968599
0.0970465
0.1030605
0.1010524
0.1011986
0.0984091
0.1000478
0.1043753
0.0986084
0.1053974
0.1630993
0.1544284
0.1537874
0.1527584
0.15472550000000002
0.1606165
0.1565622
0.1473803
0.15009029999999998
0.14458120000000002
0.1569603
0.15094549999999998
0.1502193
0.15860929999999998
0.1632274
0.1549065
0.15318929999999994
0.16007739999999998
0.1567593
0.1583874
0.1637184
0.1511165
0.1459174
0.1557065
0.14948650000000002
0.1483703
0.1544203
0.15775029999999998
0.1521836
0.1539738
0.1679922
0.1959522
0.18423499999999998
0.1309293
0.16935930000000002
0.1516631
0.1593931
0.156195
0.14937499999999998
0.1509822
0.1539741
0.1814669
0.2258779
0.25441220000000003
0.2632241
0.240675
0.22740410000000005
0.23966420000000002
0.1424292
0.0986482
0.0969957
0.1364484
0.0944916
0.0825018
0.0896719
0.0929308
0.1228661
0.1244152
0.1254457
0.0906189
0.1027423
0.14066800000000002
0.228475
0.213049
0.0833041
0.15946029999999994
0.15064
0.0858341
0.08609750000000001
0.0840943
0.08545520000000001
0.0870543
0.14268699999999998
0.1483533
0.2380107
0.0918543
0.08365210000000001
0.097426
0.1921341
0.08405839999999999
0.0871441
0.0822291
0.0582531
0.0285272
0.2099952
0.2151167
0.2149205
0.2149699
0.2146567
0.21240219999999999
0.0304741
0.03111
0.034579599999999995
0.0509377
0.030160900000000008
0.0309743
0.0357471
0.0910715
0.0877197
0.0339406
0.0290297
0.038099699999999986
0.0380273
0.031322300000000004
0.0867714
0.0336274
0.035459500000000005
0.03555679999999998
0.0353446
0.03588719999999999
0.048739199999999996
0.033150400000000003
0.025445
0.03206629999999998
0.032813000000000016
0.06490910000000001
0.0901479
0.08481419999999999
0.0859614
0.08527710000000001
0.08502900000000001
0.16198
0.14594000000000001
0.149556
0.14591500000000002
0.090445
0.090504
0.095035
0.089147
0.087648
0.14024289999999998
0.1450525
0.141341
0.1352648
0.144532
0.15010800000000002
0.129465
0.14636500000000002
0.144502
0.144752
0.08441
0.19323
0.2944451
0.3155717
0.3107136
0.26685840000000005
0.26756929999999995
0.1253184
0.1178065
0.3755926000000001
0.33515170000000005
0.2767684
0.2016703
0.2514812
0.2582512
0.1822175
0.17155569999999998
0.17230640000000005
0.1558393
0.1498544
0.1484169
0.17006330000000006
0.1868519
0.17277979999999998
0.26154279999999996
0.23579360000000002
0.14608410000000002
0.23704989999999998
0.2251931
0.26413030000000004
0.2575218
0.255996
0.27108219999999994
0.2445212
0.21546220000000002
0.2468812
0.22774120000000003
0.2584022
0.2571022
0.2622912
0.2485603
0.2264003
0.21955
0.27288
0.26748999999999995
0.29685
0.26533
0.2345
0.31646
0.221795
0.116925
0.114541
0.15686
0.14312
0.13772816999999998
0.14019816999999998
0.14481673
0.20096433
0.21781338
0.13962242
0.14407433
0.14236133
0.14282515
0.15447522000000002
0.17438642
0.14800138
0.18069738
0.17744438
0.17623082
0.17315438
0.28298199
0.23509104
0.23054395
0.18051719
0.23163624
0.2977391
0.35327101
0.40321005
0.35742909999999994
0.39713196
0.35529005
0.35601005
0.4008991
0.40178101
0.35756005
0.39622005
0.35550005
0.35641101
0.39265196
0.35615005
0.35667196
0.35567005
0.39790101
0.3923491
0.39572005
0.3973400500000001
0.35716101
0.36125101
0.39288292
0.39412292
0.38910292
0.35269101
0.39431005
0.38933196
0.35449005
0.37795215
0.41038815
0.42153815
0.36919815
0.38939815
0.3659691
0.36279196
0.38075196
0.37333492
0.37307387
0.36435387
0.3746910100000001
0.33297005
0.3951010100000001
0.37912005
0.35564909999999994
0.3815591
0.3879891
0.38930909999999996
0.33697815
0.41096815
0.40384815
0.4290981500000001
0.11581719
0.11883415
0.12048619
0.17775519
0.22037224
0.20795719
0.15206683999999998
0.11507874
0.11628554000000002
0.18132369
0.17805759000000002
0.15220375
0.21309635
0.15710364000000002
0.35238415
0.3882222500000001
0.38270505
0.3957800500000001
0.21216433
0.28786005000000003
0.17648909999999998
0.17960719
0.17878624
0.17730624
0.17975909999999998
0.16274433
0.20918929000000008
0.19512919
0.13549538
0.14759837999999995
0.25239638000000003
0.14990368
0.14687338
0.15275663
0.15119718
0.14509952000000004
0.15091242000000002
0.14501242
0.1931173300000001
0.14650742
0.14732547
0.14338342
0.14520942
0.14436907999999998
0.14934002999999998
0.30861674
0.18790193
0.13823281999999998
0.15918287999999994
0.15604338
0.15024038
0.15833942000000004
0.14654142
0.14115338
0.15000042
0.15160202
0.14652807
0.08442529
0.30184869000000003
0.28525389
0.15553583999999998
0.24484624
0.24340529
0.23681433
0.22983338
0.22848529
0.23537624
0.30280719
0.23722529
0.16743838
0.15487147
0.34260242
0.14410242
0.14808242000000002
0.14517047000000002
0.14852447000000002
0.14357938
0.08031329
0.27762015
0.28032175000000004
0.28910255
0.26801583999999995
0.26337779
0.26159633000000004
0.23911103
0.26374529
0.26102338
0.21287338
0.13003742
0.08075338
0.17724942
0.08411447
0.19652847
0.23784733
0.22592438
0.25395898
0.24747298
0.24451584
0.22089772
0.22452443
0.20944382
0.13977052
0.08752052
0.08124338
0.19811242
0.22133242000000009
0.21942147
0.21668242
0.20590338
0.10760529
0.10703242
0.10015933
0.28486533
0.25699624
0.35782529
0.32119624
0.28905624
0.28377515
0.28838619
0.29672719000000003
0.30078624
0.20685624
0.10585758
0.22657662
0.02752182
0.02485837
0.03082362
0.09020897
0.029169319999999995
0.03283518
0.03006639
0.02957374
0.03345502
0.26463959
0.14477910000000002
0.12761005
0.08947624000000001
0.18008501
0.20028101
0.18482905
0.10968196
0.08137425999999999
0.05214017
0.10116991
0.1430234
0.05936181
0.12043437
0.16178775
0.17402849
0.17949474999999998
0.10454324
0.13154789
0.11703253
0.09472429
0.08660919
0.09386739
0.12781273999999998
0.10575149
0.22453674
0.36909949
0.33286999
0.27133258
0.21607338
0.24474529
0.30960719000000003
0.26124624
0.17260338000000006
0.12779542
0.12042557
0.18087842
0.18384033
0.3920611
0.28320129
0.15166042
0.15371861999999994
0.25433143
0.16367522
0.18616858
0.17718147
0.28617338
0.27857433
0.26671147
0.25987242
0.26229242
0.16947433
0.35388529
0.35776719
0.36086624
0.34588433
0.21039624
0.21781338
0.28165338
0.30561338
0.31582529000000004
0.2743291
0.27548624
0.20159433
0.18461542
0.19115524
0.21584133
0.18322842
0.12017257
0.09160522
0.09203642
0.08626956
0.09125052
0.08853681999999999
0.08814814
0.08875769
0.08555533
0.14663354
0.15498634
0.08715432000000001
0.0896922
0.3285665
0.3472422
0.3322741
0.3432731
0.17042069999999998
0.1750355
0.2259498
0.22254260000000006
0.2188536
0.2116155
0.22378119999999999
0.2222927
0.2205599
0.16157889999999994
0.08633210000000001
0.08517119999999999
0.0895909
0.1511445
0.15395150000000002
0.10964589999999998
0.0930186
0.08586110000000001
0.2058003
0.15914029999999998
0.1279531
0.1121674
0.1260195
0.11283519999999997
0.1101484
0.1086458
0.1097881
0.1034933
0.1090853
0.1066143
0.10780710000000002
0.11095710000000003
0.06299580000000002
0.044395800000000006
0.0326288
0.2309759
0.2352252
0.2257149
0.2278439
0.2206481
0.2147643
0.2272128
0.2297387
0.2270039
0.2140341
0.21629540000000005
0.2180205
0.2198097
0.22028330000000002
0.20846710000000002
0.2215587
0.2129456
0.2245532
0.2229756
0.2284347
0.2290217
0.2144834
0.2134859
0.2185295
0.2219844
0.2284178
0.2071123
0.1986096
0.17785669999999998
0.2241063
0.22318070000000004
0.219702
0.23212870000000002
0.2268842
0.0339112
0.028679600000000006
0.032613300000000005
0.0941644
0.0354426
0.0305434
0.0253671
0.1048237
0.1226264
0.1033458
0.1046897
0.2187986
0.0960675
0.31135290000000004
0.3069095
0.1931372
0.1046592
0.1043923
0.020169
0.0302515
0.028513100000000006
0.1066677
0.10714410000000002
0.0991341
0.1072015
0.10227710000000001
0.09052160000000001
0.0847242
0.0756508
0.029362
0.0375178
0.074912
0.0760548
0.159627
0.16988570000000006
0.1679967
0.13228800000000002
0.0209666
0.026902199999999998
0.0821337
0.06571060000000001
0.0688812
0.0834921
0.065943
0.0820341
0.0704163
0.07025060000000001
0.0667465
0.0518058
0.05426009999999999
0.0307055
0.054096000000000005
0.030772200000000006
0.0337202
0.052530600000000004
0.0318959
0.05555510000000001
0.055385800000000006
0.051399
0.0526152
0.0377744
0.0552516
0.0407713
0.0445019
0.042972100000000006
0.059662699999999985
0.0365767
0.061453199999999986
0.049015600000000006
0.034814200000000003
0.046986
0.0573984
0.0245174
0.0378269
0.0285717
0.035712199999999986
0.0833096
0.10946229999999996
0.17354979999999998
0.038056900000000005
0.0297918
0.044411599999999996
0.054347400000000004
0.1111536
0.0288348
0.0263282
0.053551699999999994
0.0557826
0.0263298
0.0227755
0.0292878
0.0279415
0.0444795
0.0464337
0.0517155
0.0290899
0.0526179
0.0282382
0.0407894
0.08724699999999999
0.14106749999999998
0.124673
0.13620870000000002
0.11326420000000001
0.1217325
0.07111100000000001
0.1390461
0.14194420000000002
0.08930940000000001
0.16218510000000005
0.16085
0.16542
0.17187020000000006
0.14537699999999998
0.11778800000000003
0.06041800000000001
0.08415020000000001
0.10056799999999999
0.032265600000000005
0.07616300000000001
0.20563499999999998
0.198348
0.1789252
0.12044849999999999
0.1053591
0.06306540000000001
0.056395299999999995
0.0537553
0.0462106
0.0483537
0.0672668
0.0964197
0.094238
0.166792
0.15501700000000002
0.1699685
0.1582999
0.15279890000000002
0.16313019999999998
0.1375721
0.1358582
0.15667920000000002
0.129694
0.1666276
0.0975626
0.1176009
0.1049438
0.1079866
0.1054002
0.15225370000000002
0.1273733
0.160801
0.16892620000000005
0.16100760000000006
0.1705938
0.1661875
0.15872039999999998
0.1486671
0.17737139999999998
0.1916995
0.1499871
0.13842320000000002
0.1417151
0.1982981
0.20853379999999996
0.2015247
0.198129
0.17667570000000002
0.1153952
0.0295575
0.0596451
0.0277923
0.0646871
0.0622689
0.042572299999999993
0.035812300000000005
0.0375775
0.0356456
0.22875370000000006
0.23930990000000002
0.2408847
0.2511361
0.2355475
0.2462171
0.2216849
0.2473785
0.2337347
0.2384366
0.2360562
0.2083819
0.22358560000000002
0.2391947
0.2401556
0.24646469999999998
0.2310837
0.2342699
0.2390051
0.2414175
0.2511242
0.2364737
0.2443485
0.2304214
0.2460813
0.2449466
0.24772800000000006
0.252168
0.2345927
0.253368
0.224773
0.2406647
0.2394489
0.2431109
0.2372252
0.2254361
0.2325791
0.2216395
0.21121620000000002
0.23480860000000006
0.2320513
0.2254128
0.0278747
0.028502299999999998
0.0325409
0.0267423
0.027995099999999995
0.0291773
0.031228300000000007
0.0446955
0.0291774
0.08754930000000001
0.08631439999999999
0.08945629999999999
0.0892039
0.08587260000000001
0.08857739999999999
0.0861021
0.08810609999999999
0.0898417
0.0908921
0.0915621
0.032196800000000005
0.0413285
0.0357886
0.0362892
0.0278182
0.03670690000000002
0.03526620000000002
0.028166600000000007
0.0389815
0.034737300000000006
0.035191700000000006
0.039383
0.0378081
0.0274476
0.028754599999999998
0.032304900000000004
0.027592400000000003
0.0793632
0.081605
0.07725989999999999
0.07977689999999997
0.0753993
0.07086120000000001
0.07281309999999999
0.0760503
0.0502455
0.0705803
0.06748430000000001
0.0795514
0.0764948
0.06303450000000001
0.07293989999999999
0.07978610000000001
0.07510900000000001
0.10279760000000003
0.09709749999999998
0.025415
0.028767599999999997
0.0305155
0.038167400000000004
0.051742899999999994
0.07573110000000001
0.1153428
0.0635347
0.03843780000000002
0.0295152
0.0470908
0.07573600000000001
0.107084
0.0437529
0.03326960000000001
0.0373242
0.047326099999999996
0.0621216
0.05544270000000001
0.0536419
0.031256099999999995
0.0645264
0.056502600000000014
0.0574717
0.044612599999999995
0.055760500000000005
0.043991100000000005
0.05705840000000001
0.046750900000000005
0.037025800000000005
0.0541067
0.0658942
0.0436448
0.0425873
0.08964720000000001
0.05085340000000002
0.03438560000000001
0.0466225
0.0400103
0.045441700000000015
0.035915699999999995
0.05302950000000002
0.0423144
0.05512059999999999
0.052574
0.07434600000000001
0.077516
0.0884793
0.0801538
0.080723
0.07843259999999999
0.1006921
0.0497504
0.0666366
0.0442923
0.0593774
0.0948539
0.0481341
0.07136479999999999
0.06884430000000001
0.043293000000000005
0.043743300000000006
0.04555529999999999
0.039970700000000005
0.0864463
0.0909165
0.088977
0.0858788
0.08547010000000001
0.0848546
0.09342
0.08848610000000001
0.08754870000000001
0.090635
0.0850059
0.0906659
0.0900787
0.0916936
0.0913225
0.088913
0.09142339999999999
0.09074410000000001
0.09280269999999999
0.08787139999999999
0.08597840000000001
0.0939126
0.0943029
0.0901896
0.08546619999999999
0.1163468
0.0925031
0.1092003
0.1061087
0.16604819999999998
0.2401053
0.1430448
0.1385973
0.2381987
0.2899355
0.13691029999999998
0.10934660000000003
0.1109887
0.1012272
0.0996449
0.1337168
0.17211110000000002
0.11336489999999999
0.104822
0.09981439999999997
0.0969067
0.0982577
0.0841372
0.1147163
0.1065625
0.1005225
0.0927054
0.1028514
0.09757669999999999
0.1900996
0.1384899
0.13499909999999998
0.0643791
0.0784424
0.07367430000000003
0.0568597
0.06720920000000001
0.0305552
0.039352
0.2149091
0.2460229
0.08317200000000001
0.13085819999999998
0.0318593
0.035873300000000004
0.0325345
0.042053700000000006
0.037959
0.039355400000000006
0.0411204
0.0377919
0.0904839
0.0900307
0.128114
0.08772769999999999
0.0681688
0.0872353
0.08636700000000001
0.0700658
0.091512
0.0906648
0.0312038
0.0379852
0.0362502
0.0277475
0.0413407
0.06170740000000001
0.045977300000000006
0.0359512
0.035510999999999994
0.1648481
0.14166410000000002
0.0593967
0.0375026
0.033763100000000004
0.0337435
0.0310124
0.031243599999999996
0.23568920000000002
0.1920214
0.21935349999999998
0.15262060000000002
0.1237723
0.146894
0.15751320000000002
0.15228270000000002
0.16111229999999999
0.08099890000000001
0.15382020000000002
0.15558200000000005
0.13581949999999998
0.1121408
0.17029290000000002
0.0991653
0.1000638
0.0994953
0.11311480000000003
0.12418289999999994
0.1085721
0.1389693
0.1335416
0.1135813
0.0973363
0.0993268
0.09825189999999999
0.1267577
0.14317120000000005
0.1411286
0.13263999999999998
0.1139037
0.1005615
0.1054684
0.0984653
0.1076622
0.1338874
0.1201262
0.1280386
0.134542
0.032904400000000014
0.029520799999999996
0.031038500000000007
0.026594
0.077839
0.076879
0.077737
0.12751099999999999
0.133302
0.13356500000000002
0.13335999999999998
0.131406
0.143441
0.13676300000000002
0.135328
0.1431141
0.13253700000000002
0.1272865
0.1096608
0.092283
0.089668
0.148826
0.073492
0.088726
0.0629275
0.0549106
0.08216
0.15697
0.125672
0.178153
0.16333899999999998
0.11281950000000004
0.032569
0.0446949
0.0317138
0.0245126
0.032582299999999995
0.0932557
0.031214
0.07186999999999999
0.023862900000000003
0.0329121
0.024281
0.089664
0.026672
0.031954
0.025524099999999997
0.0293238
0.031227299999999996
0.026275
0.0270057
0.026229099999999998
0.035469
0.0341782
0.0273545
0.046480699999999986
0.039788300000000006
0.029533
0.0273209
0.032099
0.030900700000000007
0.0596947
0.069677
0.061200999999999985
0.06373279999999999
0.06280100000000001
0.111528
0.270585
0.21836599999999998
0.102958
0.229764
0.055778
0.0346339
0.035337
0.036808
0.037034
0.028696000000000006
0.027667
0.090637
0.08068099999999999
0.077863
0.07915
0.077626
0.07853500000000001
0.078343
0.076321
0.07680000000000001
0.06948270000000001
0.089423
0.08118739999999999
0.083425
0.08181279999999999
0.0776409
0.0765571
0.07500180000000001
0.040007
0.0372227
0.0322631
0.0504734
0.0529544
0.035298
0.09706519999999999
0.0902251
0.04717
0.06773689999999999
0.118518
0.1077018
0.05241560000000002
0.0204597
0.017328599999999996
0.024508000000000002
0.0227259
0.031224
0.03228
0.028644
0.030962
0.028316
0.15293099999999998
0.094875
0.036597000000000005
0.026754000000000003
0.022786
0.028737
0.020336
0.027472000000000003
0.019836000000000003
0.06996360000000001
0.06631799999999999
0.071407
0.07721700000000001
0.06637799999999999
0.07459500000000001
0.0724885
0.07783000000000001
0.12615500000000002
0.107177
0.126803
0.074686
0.07745099999999999
0.154204
0.150542
0.07838300000000001
0.049266500000000005
0.0383894
0.06768099999999999
0.109806
0.0581969
0.024326
0.14307999999999998
0.1311
0.06253
0.037029
0.02682
0.028839999999999998
0.0239
0.0257
0.02487
0.02707
0.02841
0.02185
0.027160000000000004
0.02368
0.027339999999999996
0.04148
0.0451
0.027179000000000002
0.04191
0.02567
0.02426
0.024480000000000002
0.024827000000000002
0.04629
0.06914999999999999
0.11757999999999999
0.12409
0.1251
0.12253
0.06351
0.06592
0.06647
0.06409
0.0647
0.2453
0.05991000000000001
0.06915
0.06598
0.0697
0.06324
0.06414
0.0697
0.06517999999999999
0.06787
0.06763
0.06381
0.06576
0.30136
0.33495
0.33526
0.16129000000000002
0.104247
0.075292
0.07698799999999999
0.06994700000000001
0.074837
0.07061300000000001
0.034727999999999995
0.030462
0.0319925
0.039021
0.035960000000000006
0.032848
0.035746000000000014
0.035988
0.035619
0.033443000000000014
0.038384
0.12524000000000002
0.19929
0.03406
0.02478
0.029789999999999997
0.0274
0.12128
0.12518
0.12403
0.11451
0.11118
0.03253
0.0763
0.12048
0.08154700000000001
0.07077
0.26337
0.15302000000000002
0.16586100000000004
0.18768
0.16748
0.09502000000000002
0.09243
0.067319
0.07947
0.11986
0.05233
0.029660000000000002
0.04666000000000002
0.07697000000000001
0.11071
0.10865
0.20758
0.18704
0.19855
0.1575
0.19366
0.13153
0.17054
0.16681
0.10378
0.08374000000000001
0.15185
0.18239
0.1673
0.16369
0.12311
0.10309000000000001
0.09943
0.09412
0.13575
0.15829000000000001
0.10461
0.17644
0.16498000000000002
0.1131
0.09936
0.1452
0.14428000000000002
0.11633
0.13682
0.17545999999999998
0.14250000000000002
0.11786
0.14379
0.14629
0.10241
0.12506
0.13379000000000002
0.20662000000000005
0.18337
0.07122999999999999
0.06735000000000001
0.03036
0.035460000000000005
0.10188
0.16422
0.14414000000000002
0.13721
0.10183
0.17471
0.13929
0.12237
0.17380999999999994
0.15602999999999995
0.111826
0.11071
0.09037
0.1048
0.30191999999999997
0.10431
0.06505999999999999
0.03638
0.11077999999999999
0.07715
0.041148000000000004
0.04218
0.034492
0.07227
0.06097
0.08246
0.08862
0.08838
0.09265
0.08865
0.14611
0.13959000000000002
0.13219999999999998
0.19262
0.13989000000000001
0.19904
0.19977
0.19598
0.20001
0.18738
0.1928
0.16876
0.19299
0.14826
0.14184439999999998
0.1753772
0.1805882
0.14934679999999995
0.13980739999999994
0.1561067
0.15418510000000002
0.16796760000000002
0.22012
0.15884949999999998
0.1526942
0.1547071
0.15162620000000002
0.1440533
0.15291099999999996
0.15296289999999996
0.1428824
0.14353519999999995
0.1382529
0.17265950000000002
0.1774957
0.170511
0.16027239999999998
0.1907129
0.1970934
0.1973757
0.2084033
0.2541881
0.2279481
0.227971
0.1946716
0.2051269
0.2443786
0.2559081
0.2594328
0.1866948
0.1901033
0.1907043
0.2161685
0.2005152
0.15392189999999994
0.1854933
0.2134424
0.16493570000000002
0.2036433
0.2220209
0.1377215
0.1860776
0.1606281
0.14676660000000002
0.1157652
0.088658
0.09285
0.08276499999999999
0.142913
0.08469220000000001
0.08533199999999999
0.08430139999999997
0.08636200000000001
0.08297
0.08690379999999999
0.0828295
0.0789327
0.0266699
0.028628
0.0286677
0.0307153
0.028843
0.027853500000000003
0.027449200000000003
0.0262896
0.0191891
0.0221695
0.0191749
0.0205605
0.0242738
0.0252881
0.0258057
0.027616200000000004
0.030473400000000005
0.033462900000000004
0.025874900000000003
0.027484900000000003
0.030423000000000002
0.034376899999999995
0.0332931
0.0282055
0.07316
0.1406
0.20867
0.20487
0.20496
0.22305999999999998
0.21977
0.20111
0.19726
0.21039000000000002
0.20069
0.20114
0.20469
0.20117
0.20225
0.19960999999999998
0.20243
0.25601
0.26084
0.2611
0.25537
0.26089
0.25675000000000003
0.26139
0.20139
0.20040999999999998
0.20407
0.19629
0.20144
0.20062
0.20344
0.199
0.19974
0.2008
0.19821
0.20412
0.20123
0.20123
0.20197
0.19485
0.19941
0.19385
0.19501
0.19473
0.19082
0.19655000000000009
0.18902
0.19655999999999998
0.1907
0.19415
0.19772
0.1918
0.19678
0.19199
0.19452
0.2197
0.23804
0.22458000000000003
0.217576
0.23333
0.2377340000000001
0.24728200000000003
0.24649400000000002
0.19997
0.20523000000000002
0.19977
0.20117
0.24513000000000001
0.26425000000000004
0.27771
0.19802
0.20044
0.1989145
0.19904
0.22836
0.20193
0.20618000000000006
0.20334000000000002
0.2728503
0.22538320000000003
0.1973976
0.20748320000000006
0.2006765
0.2613222
0.34124000000000004
0.347711
0.35893
0.2641175
0.21123470000000005
0.2116145
0.2124944
0.2089386
0.2043168
0.21101370000000005
0.2056958
0.2057705
0.2051696
0.2181199
0.20594820000000005
0.207465
0.20646400000000004
0.22926649999999998
0.22109009999999998
0.20422619999999994
0.205135
0.2082359
0.1978588
0.1986593
0.199627
0.1991846
0.1992137
0.3027
0.31681000000000004
0.31532999999999994
0.30475
0.31375
0.25648000000000004
0.25979
0.19946
0.20133
0.21793
0.218299
0.20483
0.25377
0.29331
0.24347000000000005
0.276468
0.21848510000000004
0.1991513
0.2043622
0.2630108
0.257088
0.2299513
0.2002475
0.1993703
0.2006746
0.2068189
0.2520394
0.2010956
0.2631456
0.26047790000000004
0.2662737
0.2528565
0.2398013
0.2033741
0.2001894
0.1901056
0.2051232
0.2087294
0.2644632
0.25920029999999994
0.2606646
0.2613375
0.2297875
0.2024488
0.2107266
0.2696865
0.24447460000000001
0.2305475
0.2270375
0.2433375
0.2348656
0.23169940000000006
0.23418699999999998
0.2388584
0.2356513
0.2293184
0.2263337
0.2273241
0.2609113
0.26665510000000003
0.26421130000000004
0.268486
0.2664703
0.2654951
0.2660546
0.2595556
0.24816700000000005
0.2043605
0.20534320000000006
0.20429990000000006
0.2044951
0.2058655
0.20255120000000001
0.2082136
0.2063979
0.2038475
0.2042784
0.1979994
0.238408
0.2325527
0.19593410000000008
0.2554308
0.2532322
0.25439320000000004
0.25681220000000005
0.24880410000000006
0.2524203
0.2494094
0.219248
0.1938813
0.1992803
0.2041556
0.2049194
0.2634489
0.2583884
0.25542800000000004
0.2557522
0.2396213
0.2487384
0.2438208
0.2582922
0.1987384
0.14709509999999998
0.14257599999999998
0.14948219999999998
0.1456556
0.1434046
0.2652784
0.2182041
0.14747420000000006
0.17981370000000002
0.17615279000000006
0.14138
0.13709000000000002
0.26203000000000004
0.19553
0.1458481
0.14587999999999998
0.18705
0.2128318
0.05752180000000001
0.07729889999999999
0.13597420000000002
0.1131851
0.086938
0.08238999999999999
0.1404556
0.13669889999999998
0.13874425
0.1934642
0.1922637
0.14190982
0.13749009999999998
0.1384588
0.1352011
0.216248422
0.2504799
0.192928
0.1973806
0.20172120000000002
0.19921870000000005
0.1988168
0.195084
0.1797851
0.20246689999999998
0.2084436
0.20091270000000008
0.1656531
0.1356656
0.16763690000000006
0.18618080000000006
0.197585
0.1470418
0.15324599999999994
0.1413132
0.1397612
0.13861600000000002
0.1653508
0.13950020000000002
0.14263320000000002
0.139706
0.1353199
0.1508327
0.13410080000000002
0.14841559999999998
0.14801270000000002
0.1350184
0.1533308
0.12126179999999999
0.14484419999999998
0.14698129999999998
0.14184370000000002
0.16345179999999998
0.1456871
0.1409271
0.14357899999999998
0.1535437
0.15204750000000006
0.1420794
0.14851689999999998
0.1656263
0.14600459999999998
0.15950350000000002
0.14464200000000002
0.14064729999999998
0.126414
0.1455618
0.14706779999999994
0.15197909999999998
0.10349269999999999
0.0959072
0.0957002
0.1039053
0.104494
0.08968939999999999
0.0966257
0.0913996
0.0910369
0.08589300000000001
0.08739019999999999
0.10106339999999998
0.0893406
0.0487847
0.09416050000000001
0.0902303
0.1352399
0.15798269999999998
0.15280990000000005
0.1459299
0.1348095
0.1372523
0.13434839999999998
0.13740420000000006
0.14510230000000002
0.1474818
0.1546489
0.15240079999999998
0.15757220000000002
0.1426565
0.16814500000000002
0.14208520000000002
0.1509887
0.1445632
0.161136
0.160397
0.1517499
0.1538741
0.1430651
0.2018682
0.2056443
0.20362829999999998
0.20843589999999998
0.2051024
0.16390529999999998
0.14880539999999998
0.1498174
0.16110560000000002
0.15168410000000002
0.16824989999999998
0.16742700000000002
0.2241346
0.2297437
0.1997756
0.2089975
0.2063756
0.2234551
0.1784965
0.16391989999999998
0.1738365
0.1677737
0.1688365
0.2186132
0.2218904
0.22010320000000005
0.1997504
0.1711161
0.1655442
0.16809720000000006
0.1679528
0.1645309
0.1702514
0.1644204
0.16795420000000005
0.3156175
0.3181913
0.3253284
0.23155799999999999
0.2012422
0.1679777
0.1718183
0.174331
0.16392579999999998
0.2145911
0.21194780000000002
0.21154139999999996
0.2058936
0.1413029
0.14954499999999998
0.149971
0.269027
0.278055
0.21284990000000004
0.23300500000000002
0.314151
0.35669300000000004
0.14287799999999998
0.15222599999999994
0.113228
0.11450389999999999
0.14535769999999998
0.2355429
0.2121061
0.1603816
0.1906305
0.15371529999999994
0.18792620000000002
0.1668554
0.1597024
0.13774
0.15646
0.20963
0.2124
0.21713
0.23736
0.21158
0.194
0.19802999999999998
0.20515100000000006
0.21594
0.23336
0.2251681
0.2244018
0.2265261
0.23441420000000002
0.296029
0.2960342
0.28058750000000005
0.2069139
0.2273046
0.24296990000000002
0.2418742
0.2405856
0.2092828
0.1951314
0.2038045
0.2041375
0.2085909
0.2279447
0.2501313
0.24365900000000001
0.23389899999999997
0.16237279999999998
0.1640229
0.15642839999999994
0.1618317
0.12493310000000002
0.1072029
0.10343
0.09199
0.102281
0.13844900000000002
0.138575
0.184896
0.17978100000000002
0.19778800000000005
0.19223
0.176763
0.14202299999999998
0.08383800000000001
0.149426
0.117319
0.1438254
0.0947594
0.08193929999999999
0.08886419999999999
0.0911325
0.08971979999999999
0.05736970000000001
0.07755060000000001
0.0627043
0.06582080000000001
0.058711300000000015
0.08923000000000003
0.11389500000000002
0.14930179999999998
0.1538278
0.15124259999999998
0.1510703
0.1466829
0.121407
0.1393906
0.15379179999999998
0.1841809
0.23165
0.1489384
0.006606999999999999
0.005667899999999999
0.003078
0.0956525
0.00294459
0.11216145
0.13480431
0.11806545
0.15403536
0.0274675
0.0107935
0.10747745
0.15358745
0.15560445
0.12054945
0.14161445
0.07266168
0.00906341
0.17510127
0.11255241
0.12733245
0.0994625
0.10448745
0.1771605
0.11825041
0.14229731
0.12270641
0.16203845
0.18892036
0.19445345
0.13037727000000002
0.11885122
0.10833317
0.14745422
0.11475227
0.18970131
0.14197
0.17340041
0.13634054
0.15878
0.19812
0.16770000000000002
0.18577
0.2600274
0.239006
0.157652
0.08133480000000001
0.15954200000000002
0.130877
0.152305
0.14805
0.01175
0.11121219999999997
0.0985343
0.12945140000000002
0.106669
0.123182
0.116838
0.099965
0.158621
0.010422
0.066897
0.121179
0.18834260000000003
0.114126
0.008216999999999999
0.140592
0.09045
0.16622
0.234556
0.1836899
0.2273064
0.1611267
0.1767
0.1928316
0.22208720000000004
0.2744751
0.2654408
0.2530701
0.2418611
0.2440644
0.1810503
0.22015720000000005
0.19316329999999998
0.17452220000000002
0.1161972
0.12449589999999998
0.1371809
0.2381693
0.1681661
0.155586
0.1904774
0.1170029
0.16172789999999998
0.160177
0.0677108
0.0062231000000000005
0.066551
0.22058179999999997
0.1263006
0.15030780000000002
0.10521459999999999
0.00021549999999999998
0.1357355
0.1580579
0.14456739999999998
0.13698410000000005
0.1709479
0.1463289
0.17674019999999996
0.14511500000000002
0.1838777
0.15398489999999998
0.15795420000000002
0.1622709
0.15578799999999998
0.20682670000000009
0.1553592
0.15100380000000002
0.1612988
0.1579729
0.1685479
0.1589919
0.1570291
0.15670019999999998
0.15319979999999994
0.1873039
0.2052307
0.1834511
0.0471469
0.1760568
0.17829279999999995
0.14675779999999994
0.057726
0.144575
0.21211
0.16037
0.150731
0.25338
0.262263
0.23210999999999998
0.213821
0.1017
0.10712
0.22250599999999998
0.210544
0.198739
0.22786
0.165944
0.1057
0.027276
0.16735100000000006
0.153065
0.176648
0.020378999999999998
0.17364000000000002
0.08984
0.28633000000000003
0.34937
0.33925
0.26885000000000003
0.135431
0.191502
0.136945
0.11169000000000001
0.10958799999999998
0.010493
0.109412
0.10537200000000001
0.118758
0.094299
0.095039
0.148295
0.144849
0.157549
0.158369
0.13219200000000006
0.13070279999999998
0.15076099999999998
0.1727428
0.17797000000000002
0.19764
0.16696
0.15745399999999998
0.165845
0.16107
0.145326
0.11483499999999999
0.1514711
0.13629850000000002
0.1210328
0.135894
0.138701
0.13839800000000002
0.119713
0.054365
0.165616
0.16055999999999998
0.199963
0.16472399999999998
0.219577
0.053179
0.1207112
0.1635448
0.00038050000000000003
0.1296
0.105283
0.004768
0.14073000000000002
0.115614
0.011208
0.176722
0.181725
0.18780800000000009
0.056409
0.175983
0.0482
0.190654
0.149862
0.129076
0.14662399999999998
0.031839000000000006
0.16774899999999998
0.096816
0.003368
0.107779
0.14291000000000004
0.135924
0.013424
0.19755500000000004
0.1115
0.3349
0.2817
0.183164
0.019701
0.01938
0.134449
0.112358
0.124877
0.11540299999999999
0.011713
0.142051
0.127503
0.218437
0.17893199999999998
0.228941
0.19863599999999998
0.228584
0.219955
0.211553
0.11427
0.053248000000000004
0.19852
0.156013
0.15781900000000001
0.23681
0.181951
0.038775
0.214687
0.202737
0.066985
0.182201
0.150036
0.046445
0.16616
0.14092000000000002
0.199576
0.1368
0.13594099999999998
0.118029
0.136448
0.173007
0.15638800000000005
0.04841800000000001
0.153648
0.18133
0.15937600000000002
0.034386
0.13236099999999998
0.142259
0.012109
0.142609
0.00985
0.001726
0.102801
0.12878099999999998
0.11057
0.125927
0.119369
0.12041800000000001
0.028708
0.12513
0.16243100000000002
0.17827599999999996
0.17223899999999995
0.12774000000000002
0.14975
0.18378
0.029123000000000007
0.03314
0.132577
0.127588
0.10811199999999999
0.15967900000000002
0.165709
0.16283499999999998
0.1847906
0.12961
0.130326
0.119016
0.135914
0.164457
0.165026
0.14983000000000002
0.163831
0.09564199999999999
0.11951300000000001
0.094412
0.123967
0.13134500000000002
0.115262
0.09574500000000001
0.14525100000000002
0.167768
0.18110199999999999
0.180667
0.171477
0.12512
0.152072
0.007043900000000001
0.0019738
0.11142867
0.00192152
0.11349572
0.03257227
0.13325531000000002
0.13329731
0.10491531
0.11807531000000004
0.05608036
0.18251221999999995
0.11573431
0.156621
0.12720499999999998
0.1038
0.09083474
0.10219079
0.13009527
0.09894341
0.09930145
0.15878445
0.14080913
0.21865713
0.15344412999999998
0.18509417
0.15182204000000002
0.11618204
0.10295226999999996
0.15758416
0.15139722
0.12675616999999995
0.09421399
0.11059448
0.10093813
0.13819713
0.08699236
0.09498213
0.11722627
0.09387461
0.10199647
0.09701927000000002
0.016894410000000002
0.10167044999999998
0.11888241
0.14097441
0.16417436000000002
0.21788731
0.09070845
0.10396545
0.06201254000000001
0.12814759
0.07843330000000001
0.08861854
0.10955230000000002
0.09279964
0.09896745
0.0902125
0.0966255
0.15977641
0.16022145
0.18749245
0.20230145
0.09548941
0.17229040999999998
0.16935941
0.09804531
0.09106327
0.18759036
0.16995149999999998
0.1836565
0.14808053999999998
0.0995465
0.07625045
0.02424941
0.14998341
0.14335150000000002
0.18377436
0.12400245
0.12450545
0.12336845
0.17141953999999998
0.16001745
0.17982741000000002
0.13863350000000002
0.17312045
0.21332245
0.16094859
0.20042068
0.15663168
0.17883954
0.16054268
0.17384864
0.14851564
0.16161659
0.15851964000000002
0.14943664
0.16456153999999998
0.11793764
0.14138768
0.10667773
0.11156459
0.15819554000000002
0.18225154000000005
0.12298264
0.10871668
0.12794664
0.16334268
0.11919864
0.11970864
0.11382964
0.12626254
0.10503459
0.1437765
0.16905741
0.12086849999999999
0.11568749999999994
0.17284149999999998
0.23078936000000005
0.18394327
0.16885227
0.13878913
0.13071822
0.12665213
0.11483941
0.11359736
0.02691836
0.10690931
0.1030335
0.11654459
0.09165259000000002
0.03843168
0.05735254
0.13641654
0.12118459
0.12193236
0.11078531
0.14251341
0.17315531
0.01824627
0.11662827
0.10478441
0.14097822000000002
0.13589217
0.12880930999999998
0.13988522
0.14571317
0.13345017
0.14175822
0.14914013
0.13501513
0.14782817
0.11928627
0.11621231
0.34023436
0.27959722
0.28399913
0.21247913
0.21262931000000004
0.21674531
0.21055927
0.25244813000000005
0.26774217
0.21899317
0.12121717
0.11820836
0.04310936
0.00983836
0.10277345
0.12183545
0.11114445
0.11343541
0.13008545
0.14474541000000002
0.15911136
0.18957822
0.14892622
0.13252322
0.14349621999999998
0.14884827
0.12169436
0.15148431
0.13441922
0.13497045000000002
0.14101335999999998
0.15212622
0.15279022
0.18305604
0.16301416999999996
0.15645327
0.15675822
0.12354622
0.12044045
0.11212445
0.12229244999999996
0.13230136
0.02768545
0.028317360000000007
0.1112995
0.02564645
0.24318136
0.25500931
0.11365745
0.10491836
0.12032436
0.12010536
0.12222736
0.015314170000000004
0.11757317
0.00934317
0.12326217
0.1037355
0.1181925
0.11255445
0.11076431
0.11284731
0.00379317
0.01025441
0.014788599999999999
0.13641974
0.13873674000000005
0.14740768999999998
0.1447656
0.14911642000000006
0.15114351
0.16614836
0.13723079
0.14482464
0.09347373
0.026821300000000003
0.07531283
0.15833064
0.20987274
0.04994565
0.19088583
0.2062527
0.15022806
0.14156401
0.15556401
0.14768406
0.060357739999999986
0.09077796
0.04351969
0.22215537000000005
0.0445596
0.1581096
0.05192869
0.044286740000000005
0.14663669
0.04550356
0.15674055
0.15431151
0.17140149999999998
0.13293388
0.14675191999999998
0.15481478
0.13449811
0.15273392
0.15610891999999998
0.14284292
0.16319569
0.17614732
0.05794628
0.13650587
0.13449616
0.16456064999999998
0.15090155
0.1656675
0.04516255
0.0439296
0.04412655
0.04538032
0.04758674
0.048889060000000005
0.14041606
0.13589306
0.04981106
0.14315201
0.14551392000000002
0.15636679
0.10723296
0.16585774
0.11122965
0.16097251
0.14168201
0.10538487
0.14746679
0.11667346
0.14266013
0.20641346
0.2357406
0.21439441
0.24434051
0.14253037
0.18433708
0.14795326
0.13565441
0.19048495
0.16567579999999998
0.26965
0.23360999999999998
0.108075
0.12163300000000005
0.1374994
0.12106600000000001
0.155031
0.10781099999999999
0.093856
0.1058951
0.138983
0.1274205
0.164089
0.173175
0.184212
0.152501
0.168363
0.19217
0.13925300000000002
0.156565
0.163512
0.13903700000000002
0.16453199999999998
0.16595200000000002
0.168489
0.150946
0.135508
0.13943799999999998
0.13855
0.135769
0.144084
0.138881
0.08899599999999999
0.071738
0.102724
0.099317
0.100663
0.157082
0.13376300000000002
0.161898
0.14553999999999995
0.16291199999999995
0.134719
0.111799
0.08509
0.07843599999999999
0.075173
0.07266800000000001
0.118599
0.09061
0.1121
0.008903999999999999
0.121637
0.08559
0.013786
0.157218
0.08161500000000001
0.08389400000000001
0.008246999999999999
0.08430800000000001
0.07412300000000001
0.07549
0.079321
0.08252000000000001
0.07117000000000001
0.07751
0.07202
0.08966600000000001
0.092334
0.137286
0.109595
0.0973117
0.135672
0.10266600000000001
0.102513
0.118877
0.079524
0.097314
0.078901
0.105914
0.112332
0.174765
0.17571399999999998
0.129908
0.18573
0.179912
0.147596
0.246369
0.188744
0.176672
0.14635800000000002
0.196255
0.14899
0.190015
0.215211
0.18563
0.20649299999999998
0.192868
0.076146
0.193561
0.13646999999999998
0.08380599999999999
0.096225
0.196805
0.184612
0.088431
0.140179
0.011962
0.106641
0.013238
0.08206500000000001
0.013381999999999998
0.091516
0.11399399999999996
0.10624400000000002
0.108784
0.13045299999999999
0.08451499999999999
0.10263900000000001
0.07237099999999999
0.07971
0.12541
0.071491
0.096961
0.07487499999999997
0.308679
0.12523299999999998
0.112017
0.154237
0.138657
0.13731700000000002
0.092419
0.14788500000000002
0.087064
0.13855599999999998
0.21288600000000002
0.16292
0.142201
0.147633
0.095479
0.14156300000000002
0.136032
0.09468300000000003
0.19812000000000002
0.158593
0.107975
0.19626
0.192631
0.136105
0.124214
0.122089
0.27791
0.315907
0.307424
0.31152100000000005
0.293254
0.287302
0.299663
0.19251400000000002
0.165356
0.168046
0.198427
0.218635
0.20479200000000009
0.232873
0.15421500000000002
0.171168
0.165345
0.15826999999999994
0.17421099999999998
0.184388
0.218247
0.174542
0.168713
0.154097
0.15197300000000002
0.165825
0.15772
0.1927
0.17578
0.1027
0.08374
0.07288
0.07680599999999999
0.005638000000000001
0.005272
0.005295
0.098816
0.06934
0.08432500000000001
0.004776
0.10688
0.110424
0.019158
0.022713900000000002
0.22578300000000004
0.2312400000000001
0.22883
0.235463
0.23689200000000002
0.222962
0.231212
0.222314
0.213137
0.234526
0.219188
0.236355
0.21708
0.21521
0.22507199999999997
0.219213
0.23746
0.21138800000000002
0.266848
0.246944
0.24255100000000002
0.25477
0.251817
0.269417
0.25669000000000003
0.254293
0.245652
0.25946600000000003
0.282295
0.242581
0.268056
0.273883
0.248362
0.261226
0.241819
0.253164
0.246074
0.259958
0.257173
0.25619000000000003
0.277294
0.24983899999999998
0.237706
0.245388
0.13250599999999998
0.16273
0.15178799999999998
0.058525000000000015
0.138297
0.13885800000000004
0.061367999999999985
0.135216
0.164614
0.12950499999999998
0.14693599999999998
0.15485
0.141476
0.155728
0.15320299999999998
0.152576
0.15704700000000002
0.145331
0.14727
0.148992
0.11808699999999998
0.07119400000000001
0.06726
0.0802
0.07372999999999999
0.07861
0.07019
0.09607
0.06616
0.03094
0.09949
0.09875
0.08081
0.05835
0.08313
0.07935
0.06311
0.274888
0.222796
0.226717
0.209319
0.21104299999999998
0.211973
0.17617899999999995
0.192002
0.066116
0.06676699999999999
0.09135900000000001
0.07643689999999999
0.08294799999999998
0.07356610000000001
0.1008294
0.0761077
0.07659239999999999
0.086766
0.08470100000000001
0.07733200000000001
0.07025229999999999
0.0723338
0.07071549999999999
0.06244830000000001
0.07390590000000001
0.0737039
0.0687578
0.051523
0.077794
0.077928
0.07220499999999999
0.08771999999999999
0.07497999999999999
0.090126
0.08569
0.091097
0.279947
0.27614700000000003
0.30635999999999997
0.274919
0.286149
0.272864
0.287193
0.286991
0.27105
0.293875
0.267923
0.28483600000000003
0.279265
0.27458899999999997
0.30036799999999997
0.280218
0.293937
0.2775
0.288461
0.27867
0.271299
0.296091
0.280147
0.296536
0.293212
0.28375
0.288252
0.27362800000000004
0.292059
0.27417400000000003
0.293105
0.286596
0.281656
0.303415
0.283657
0.290076
0.286001
0.28008700000000003
0.299428
0.28121399999999996
0.30212700000000003
0.279275
0.306209
0.29641
0.291259
0.30539099999999997
0.290744
0.297547
0.28969100000000003
0.280038
0.091362
0.074394
0.10229099999999999
0.144491
0.08989810000000001
0.08748299999999999
0.16032000000000002
0.202339
0.183381
0.203069
0.192216
0.195334
0.213427
0.180715
0.21188800000000002
0.142811
0.287852
0.29861200000000004
0.26613000000000003
0.194888
0.094951
0.197625
0.182773
0.161639
0.086547
0.005776600000000001
0.1295905
0.06328690000000001
0.0069770000000000006
0.0969898
0.07968119999999998
0.1235663
0.0945754
0.11111410000000001
0.084409
0.0952708
0.1179414
0.0869414
0.1140913
0.087016
0.1185768
0.12900230000000001
0.09903010000000001
0.1223783
0.13473970000000002
0.1581662
0.07015969999999999
0.08589480000000001
0.1052622
0.07368699999999999
0.2983853
0.2593181
0.27065559999999994
0.27957170000000003
0.2444944
0.3204901
0.2741253
0.2700191
0.25279440000000003
0.07364910000000001
0.1070244
0.07524300000000002
0.16337509999999994
0.11670250000000001
0.0939073
0.0912161
0.0901633
0.10799180000000001
0.09732340000000002
0.11427260000000003
0.0941248
0.09724
0.01651
0.08357569999999999
0.1033282
0.031469399999999995
0.11716089999999996
0.0439957
0.1061344
0.05406899999999999
0.128222
0.0430478
0.13446019999999995
0.10852930000000002
0.03812
0.132884
0.1480398
0.0908489
0.136277
0.14869300000000002
0.123992
0.124908
0.114751
0.12240799999999999
0.086216
0.161881
0.16071200000000002
0.083593
0.12676500000000002
0.079595
0.122674
0.114526
0.098729
0.117123
0.107037
0.12019399999999998
0.101129
0.09588
0.12492
0.08501870000000003
0.13784800000000005
0.08329600000000001
0.102698
0.1572039
0.147627
0.16420649999999998
0.15180870000000002
0.191104
0.182221
0.16209400000000002
0.176672
0.075824
0.189362
0.16376400000000002
0.177118
0.158456
0.065386
0.17160999999999998
0.140487
0.040781
0.090703
0.008723999999999999
0.110247
0.093898
0.11699
0.096312
0.11231
0.114043
0.08605299999999999
0.113137
0.101299
0.120824
0.11812899999999996
0.125971
0.148045
0.115563
0.155409
0.10871199999999999
0.120727
0.13059900000000002
0.091761
0.14612599999999998
0.317217
0.16675099999999998
0.15106299999999998
0.117758
0.104874
0.199385
0.15919
0.085668
0.134667
0.155871
0.129841
0.15502
0.13447499999999998
0.155525
0.15656969999999998
0.13778200000000002
0.16015600000000002
0.1204989
0.21898890000000001
0.1155396
0.15398019999999998
0.1530901
0.12149230000000005
0.2076426
0.18365109999999998
0.1891636
0.1850042
0.15951729999999995
0.2090966
0.190913
0.208806
0.201989
0.198051
0.159409
0.13480599999999998
0.21138
0.051216
0.096085
0.147097
0.184502
0.20551399999999997
0.112807
0.230026
0.187692
0.14428800000000006
0.05863300000000001
0.129356
0.152103
0.15025899999999998
0.140688
0.16675700000000002
0.17762889999999998
0.1720256
0.0924778
0.13383499999999998
0.06901299999999999
0.08121300000000001
0.0973855
0.088931
0.105545
0.091884
0.089726
0.118982
0.09766500000000004
0.117599
0.07759100000000001
0.108398
0.069775
0.150152
0.155052
0.298968
0.307106
0.299033
0.1758
0.200323
0.19958
0.084502
0.052201
0.057554
0.04858
0.240726
0.290389
0.08659
0.101029
0.09332100000000004
0.124916
0.098865
0.007831999999999999
0.100539
0.008185999999999999
0.089479
0.10927100000000001
0.08545
0.088674
0.004173
0.105898
0.192402
0.100726
0.187079
0.199859
0.199411
0.20925300000000002
0.21458500000000005
0.189865
0.141646
0.14242800000000005
0.13839400000000002
0.129397
0.14614100000000002
0.132286
0.152843
0.13738499999999998
0.13729
0.139795
0.154171
0.137822
0.2531
0.17283400000000002
0.135857
0.14615799999999998
0.135464
0.13794199999999998
0.128693
0.136141
0.13298800000000002
0.141513
0.143698
0.137753
0.14534
0.004562999999999999
0.04332824
0.004757
0.02456033
0.02066538
0.01661924
0.01358729
0.07290138
0.00471493
0.00495142
0.00579333
0.08327938
0.03375433
0.14568129
0.03713033
3.433e-05
0.02040533
0.008359179999999999
0.00810038
0.04140373000000002
0.045288290000000016
0.03995738
0.03811838
0.03771033
0.06598629
0.06722233
0.04026529
0.04389533
0.04523933
0.04771233
0.04510433
0.04190733
0.03885024
0.03955933
0.09290429
0.09534329
0.09661324
0.09655233
0.09304233
0.09287729
0.07335538
0.09085829
0.06583638
0.17209642
0.15398333
0.17908515000000005
0.155251
0.214382
0.242583
0.15017524
0.158416
0.159089
0.15632620000000005
0.15954633
0.15417183999999998
0.18818618
0.18537803
0.16724952999999998
0.20123698
0.12529934
0.13454059000000002
0.33327141000000005
0.28520945000000003
0.20177575
0.13909769
0.11585099
0.16091969
0.14700592999999998
0.11452447
0.12372891999999998
0.09632902
0.10112737
0.11319537
0.12010702
0.12291418
0.11435270000000004
0.07008099999999999
0.0697561
0.0897088
0.1754896
0.12858809999999998
0.018256799999999997
0.0078515
0.0663866
0.0769434
0.0743382
0.003078
0.003189
0.00317
0.003372
0.002773
0.002892
0.00259
0.002274
0.00238
0.002419
0.002338
0.002293
0.002541
0.00267
0.002438
0.002537
0.002483
0.002605
0.002487
0.002373
0.0022960000000000003
0.0025629999999999997
0.002338
0.002426
0.002861
0.002602
0.00214
0.001621
0.001732
0.001987
0.002029
0.002373
0.002525
0.002956
0.002941
0.002979
0.00256
0.00285
0.00301
0.0041659999999999996
0.004005
0.00415
0.004059
0.004044
0.003773
0.00399
0.004340999999999999
0.0050810000000000004
0.005531
0.006111
0.005569
0.0061259999999999995
0.005722
0.006431999999999999
0.006012
0.006881999999999999
0.0075299999999999985
0.007774
0.007759
0.007828
0.007384999999999998
0.0062640000000000005
0.006866
0.0068590000000000005
0.007484
0.008408
0.008026
0.009262000000000001
0.00882
0.008681999999999999
0.009445
0.00972
0.009734999999999999
0.01018
0.01053
0.009337999999999999
0.01064
0.009537
0.009734999999999999
0.010879999999999999
0.01108
0.010759999999999999
0.01085
0.01007
0.01054
0.01096
0.01064
0.01065
0.01012
0.009903
0.01163
0.0121
0.0126
0.01111
0.0105
0.01251
0.01114
0.01172
0.01154
0.008987
0.010759999999999999
0.01151
0.0118
0.01132
0.01256
0.012240000000000001
0.01176
0.01053
0.010409999999999999
0.009583
0.009048
0.01103
0.0119
0.0127
0.01396
0.01227
0.013340000000000001
0.014480000000000003
0.01344
0.01312
0.01431
0.01379
0.01335
0.01366
0.014159999999999999
0.0137
0.0116
0.01123
0.011729999999999999
0.012240000000000001
0.013569999999999999
0.01137
0.01198
0.010159999999999999
0.009399
0.010409999999999999
0.01089
0.012620000000000001
0.013430000000000001
0.01183
0.01138
0.011890000000000001
0.01311
0.01228
0.01187
0.012629999999999999
0.013000000000000001
0.01257
0.01347
0.0128
0.01324
0.01439
0.013580000000000002
0.01381
0.01547
0.0144
0.013930000000000001
0.01242
0.01379
0.01469
0.015119999999999996
0.01462
0.01535
0.01488
0.01385
0.01314
0.01202
0.01254
0.01381
0.014419999999999999
0.01312
0.01465
0.014219999999999997
0.01321
0.01318
0.01254
0.01314
0.01265
0.011640000000000001
0.012159999999999999
0.01375
0.015009999999999999
0.014819999999999996
0.01436
0.013890000000000001
0.01384
0.01463
0.01602
0.01492
0.01547
0.01624
0.01535
0.01485
0.01556
0.015340000000000001
0.0159
0.014980000000000004
0.01431
0.01459
0.01645
0.01685
0.01804
0.01804
0.01697
0.01678
0.01569
0.015369999999999997
0.01791
0.01846
0.01874
0.016880000000000003
0.01929
0.017759999999999998
0.01694
0.01715
0.01685
0.0181
0.018430000000000002
0.01816
0.01791
0.01672
0.01541
0.0166
0.01575
0.01491
0.01505
0.01492
0.014740000000000001
0.01414
0.01404
0.01395
0.013869999999999999
0.01326
0.01172
0.012629999999999999
0.014190000000000001
0.014719999999999999
0.01494
0.01489
0.01466
0.01494
0.014430000000000004
0.014969999999999999
0.01521
0.014130000000000004
0.0123
0.011090000000000001
0.01027
0.009781
0.009476
0.008971999999999999
0.008347
0.007935
0.007614
0.007271
0.007568000000000002
0.007423000000000002
0.007256
0.007141
0.006943
0.006659999999999999
0.006866
0.006996
0.0062640000000000005
0.006462000000000001
0.006111
0.005409000000000001
0.005676
0.005409000000000001
0.005508
0.006065
0.006622
0.006804999999999999
0.0066760000000000005
0.005790999999999999
0.005836
0.006187
0.005936
0.005974
0.0061259999999999995
0.005843999999999999
0.0060420000000000005
0.005501
0.005219
0.005318
0.005325
0.005501
0.005249
0.005432
0.005577
0.004608
0.004738
0.004524
0.004013
0.004173
0.004189
0.004111999999999999
0.0039829999999999996
0.00399
0.003353
0.003361
0.0038640000000000002
0.003628
0.0031780000000000003
0.003075
0.00317
0.0028
0.00275
0.002525
0.002571
0.002983
0.003098
0.002937
0.003109
0.0033
0.0033950000000000004
0.003208
0.0032920000000000002
0.003414
0.0034289999999999998
0.003399
0.003593
0.0034219999999999997
0.003452
0.004065999999999999
0.004111999999999999
0.00425
0.004944
0.004822
0.005478
0.007591
0.007148999999999998
0.0070799999999999995
0.006874
0.0071719999999999996
0.007804999999999999
0.009170999999999999
0.008698000000000001
0.009964
0.009659000000000001
0.008468999999999999
0.009094
0.009293000000000001
0.009201
0.009048
0.009842
0.009323
0.008514
0.008971999999999999
0.009995
0.01038
0.009734999999999999
0.009796
0.00882
0.00972
0.009811
0.01024
0.01012
0.008713
0.009216
0.01028
0.009766
0.00972
0.01108
0.009674
0.009567
0.01015
0.00975
0.009842
0.01105
0.012190000000000001
0.01114
0.01204
0.01312
0.01404
0.01366
0.01299
0.01349
0.01329
0.01273
0.01291
0.01207
0.0119
0.012759999999999999
0.01228
0.012629999999999999
0.01199
0.01227
0.0125
0.01305
0.01355
0.01212
0.013819999999999999
0.0146
0.01465
0.013640000000000001
0.01324
0.013319999999999999
0.014969999999999999
0.01465
0.01379
0.01381
0.0141
0.01414
0.013340000000000001
0.01411
0.01366
0.013340000000000001
0.013090000000000001
0.013630000000000001
0.01376
0.014419999999999999
0.013340000000000001
0.013030000000000002
0.014469999999999997
0.01408
0.012759999999999999
0.01289
0.014790000000000001
0.01402
0.01535
0.015430000000000001
0.014190000000000001
0.01459
0.01465
0.013930000000000001
0.01459
0.01584
0.01642
0.017519999999999997
0.015619999999999997
0.0136
0.01369
0.01518
0.01239
0.01082
0.01195
0.012440000000000001
0.01312
0.01125
0.01105
0.0121
0.01445
0.0123
0.010759999999999999
0.01077
0.01184
0.01157
0.01227
0.01318
0.01385
0.01266
0.012740000000000001
0.01253
0.01242
0.01291
0.01385
0.01395
0.014190000000000001
0.01544
0.01401
0.01399
0.01593
0.0155
0.01703
0.01779
0.015580000000000004
0.01566
0.015059999999999999
0.016880000000000003
0.01703
0.01457
0.017240000000000002
0.01599
0.01468
0.01341
0.01375
0.015380000000000001
0.015590000000000001
0.01518
0.015780000000000002
0.0159
0.01381
0.01411
0.0126
0.01273
0.012240000000000001
0.01195
0.01057
0.01199
0.01384
0.014430000000000004
0.01378
0.013730000000000001
0.01445
0.01556
0.015080000000000001
0.015719999999999998
0.015590000000000001
0.016819999999999998
0.01405
0.015269999999999999
0.01575
0.013630000000000001
0.01265
0.0119
0.011470000000000001
0.012790000000000001
0.01259
0.01376
0.015519999999999999
0.01349
0.01326
0.01268
0.01205
0.01155
0.01218
0.01257
0.01212
0.01157
0.011170000000000001
0.01059
0.01108
0.01108
0.01065
0.013869999999999999
0.01256
0.01605
0.01225
0.01299
0.013919999999999998
0.0126
0.01288
0.0123
0.01215
0.011470000000000001
0.01199
0.01053
0.008286
0.008133
0.007240000000000002
0.0077129999999999985
0.007445999999999999
0.008072
0.009903
0.009628
0.00853
0.008773999999999999
0.00914
0.008728
0.00853
0.007873999999999999
0.007828
0.006187
0.005539
0.005157
0.00621
0.005745
0.004982
0.004829
0.005241
0.004799
0.005074
0.006111
0.005646
0.00457
0.004883
0.004005
0.003857
0.003296
0.0034100000000000003
0.0033450000000000003
0.003464
0.003475
0.004639
0.003547999999999999
0.0043560000000000005
0.004509
0.004272
0.003418
0.004005
0.003399
0.003525
0.0039369999999999995
0.0034409999999999996
0.002975
0.002869
0.0023989999999999997
0.002132
0.002262
0.002892
0.0023769999999999998
0.001961
0.002426
0.002407
0.002186
0.002209
0.002338
0.0020559999999999997
0.002537
0.002468
0.0029980000000000002
0.0029219999999999997
0.003418
0.00325
0.002811
0.002491
0.0025559999999999997
0.002148
0.002163
0.002365
0.0022010000000000003
0.002468
0.003334
0.003628
0.004036
0.00441
0.0038799999999999998
0.0037119999999999996
0.004065999999999999
0.003998
0.0038380000000000003
0.0033490000000000004
0.003857
0.005196
0.0058590000000000005
0.004494
0.005936
0.006104
0.005981
0.005325
0.005981
0.006226
0.006241
0.005363000000000001
0.005943
0.006325
0.00647
0.007294
0.007652
0.0068590000000000005
0.006874
0.007843000000000001
0.007111
0.007240000000000002
0.006775
0.008057
0.007698
0.008209000000000001
0.007812
0.008728
0.009918000000000001
0.00943
0.009369
0.01042
0.009995
0.010740000000000001
0.01028
0.01093
0.01111
0.009826999999999999
0.008987
0.009567
0.01083
0.01187
0.01143
0.01091
0.01068
0.01068
0.01096
0.01086
0.011000000000000001
0.012830000000000001
0.01349
0.01489
0.0166
0.015719999999999998
0.01517
0.01299
0.01355
0.01366
0.01257
0.013730000000000001
0.014369999999999999
0.01225
0.01208
0.01205
0.01178
0.01291
0.012629999999999999
0.01402
0.015
0.01318
0.01341
0.01323
0.01425
0.013869999999999999
0.01218
0.01202
0.01152
0.01167
0.0123
0.01395
0.01247
0.01178
0.013090000000000001
0.014219999999999997
0.01323
0.012190000000000001
0.0127
0.01254
0.013430000000000001
0.01465
0.015430000000000001
0.01463
0.01329
0.0127
0.012819999999999998
0.013519999999999999
0.01434
0.01505
0.01526
0.01544
0.01617
0.01706
0.01584
0.014480000000000003
0.014219999999999997
0.01408
0.013919999999999998
0.01384
0.014159999999999999
0.0134
0.01341
0.01376
0.01384
0.014819999999999996
0.014419999999999999
0.013630000000000001
0.01436
0.0144
0.01378
0.0139
0.013000000000000001
0.0144
0.01566
0.01648
0.01865
0.01831
0.018430000000000002
0.01895
0.01984
0.01944
0.01956
0.0192
0.01822
0.0177
0.015090000000000001
0.01402
0.01462
0.01566
0.01599
0.01575
0.01439
0.01746
0.01709
0.01611
0.01596
0.0146
0.01492
0.015609999999999999
0.01669
0.01721
0.01456
0.014369999999999999
0.01515
0.01642
0.01715
0.018009999999999998
0.017
0.018430000000000002
0.01761
0.015009999999999999
0.015580000000000004
0.01611
0.01654
0.01685
0.01685
0.01624
0.0162
0.015519999999999999
0.013819999999999999
0.01396
0.013919999999999998
0.01312
0.01289
0.013519999999999999
0.01602
0.015780000000000002
0.01627
0.01384
0.01492
0.015030000000000003
0.01546
0.01468
0.01445
0.0153
0.01524
0.01366
0.013930000000000001
0.01495
0.01541
0.017
0.01593
0.016819999999999998
0.01678
0.01721
0.01575
0.01617
0.015319999999999999
0.01459
0.014209999999999999
0.01321
0.01485
0.01549
0.01526
0.01602
0.01517
0.015430000000000001
0.013819999999999999
0.011290000000000001
0.01135
0.01102
0.01112
0.009354000000000001
0.009766
0.0106
0.010029999999999999
0.009705
0.01042
0.008423
0.007904000000000001
0.008148
0.0072099999999999985
0.007347
0.007217
0.0068590000000000005
0.006104
0.006012
0.0060880000000000005
0.006706
0.006737000000000001
0.007019
0.0064540000000000005
0.0066760000000000005
0.0067209999999999995
0.0063100000000000005
0.006804999999999999
0.0053939999999999995
0.005104
0.00441
0.003815
0.003624
0.003647
0.0035549999999999996
0.0033299999999999996
0.0036659999999999996
0.002991
0.003128
0.002838
0.002769
0.002388
0.002811
0.0027429999999999998
0.0026550000000000002
0.0026780000000000003
0.0028
0.002705
0.002617
0.002499
0.0028420000000000003
0.0030559999999999997
0.0031550000000000003
0.0032920000000000002
0.0032119999999999996
0.003647
0.0037380000000000004
0.00351
0.003788
0.0037990000000000003
0.003784000000000001
0.003452
0.0034560000000000003
0.0036009999999999996
0.00425
0.0041659999999999996
0.004189
0.004234
0.00349
0.003593
0.004326
0.004456
0.004715
0.00473
0.005074
0.005211
0.005135
0.006111
0.005295
0.005699
0.006606999999999999
0.0063100000000000005
0.008072
0.006302
0.005417
0.006638
0.006615
0.006423999999999999
0.007118000000000002
0.007233
0.0070799999999999995
0.008179
0.008316
0.008392
0.00853
0.008713
0.009628
0.009872
0.008514
0.008773999999999999
0.008514
0.007484
0.007918999999999999
0.008438
0.00824
0.00885
0.008133
0.008545
0.008316
0.0076370000000000006
0.008773999999999999
0.007889
0.008591
0.008575
0.008499
0.008987
0.008057
0.009354000000000001
0.009705
0.009094
0.008896
0.009170999999999999
0.01001
0.008957
0.010409999999999999
0.011309999999999999
0.01234
0.012759999999999999
0.01265
0.01245
0.01236
0.01146
0.0134
0.01569
0.01526
0.015719999999999998
0.01439
0.01225
0.01178
0.01381
0.013580000000000002
0.01407
0.015
0.013930000000000001
0.014830000000000001
0.014790000000000001
0.013019999999999999
0.01318
0.01335
0.014480000000000003
0.014719999999999999
0.01642
0.01633
0.01611
0.01654
0.018680000000000002
0.019530000000000002
0.01743
0.014419999999999999
0.01192
0.01183
0.01125
0.010740000000000001
0.01175
0.01093
0.01102
0.01169
0.01247
0.013280000000000002
0.01254
0.01312
0.0134
0.01299
0.01456
0.01199
0.01273
0.013340000000000001
0.013630000000000001
0.012819999999999998
0.01329
0.013090000000000001
0.01517
0.015340000000000001
0.01485
0.015080000000000001
0.013319999999999999
0.01346
0.01366
0.0141
0.01488
0.01355
0.01366
0.01494
0.013319999999999999
0.013309999999999999
0.01315
0.01379
0.013730000000000001
0.014130000000000004
0.01353
0.014719999999999999
0.01526
0.015059999999999999
0.014709999999999999
0.0154
0.014969999999999999
0.01495
0.015269999999999999
0.01485
0.01349
0.014159999999999999
0.01401
0.013319999999999999
0.01436
0.01466
0.01369
0.01431
0.014469999999999997
0.014719999999999999
0.015719999999999998
0.01439
0.012969999999999999
0.01318
0.01395
0.0136
0.01315
0.013280000000000002
0.01404
0.01402
0.014369999999999999
0.0144
0.013869999999999999
0.013380000000000001
0.01376
0.01311
0.013730000000000001
0.01369
0.014509999999999999
0.014240000000000001
0.012159999999999999
0.01105
0.01125
0.01212
0.01315
0.013030000000000002
0.013309999999999999
0.013059999999999999
0.013930000000000001
0.01378
0.014240000000000001
0.01425
0.01431
0.013730000000000001
0.015319999999999999
0.016630000000000002
0.016630000000000002
0.01549
0.01651
0.015090000000000001
0.0162
0.015780000000000002
0.014769999999999997
0.016819999999999998
0.01596
0.01678
0.01694
0.01587
0.0174
0.0152
0.01485
0.012759999999999999
0.012620000000000001
0.01299
0.01329
0.01247
0.011470000000000001
0.01065
0.009537
0.009506
0.01047
0.009857
0.009598
0.01099
0.01039
0.0106
0.009949
0.008194
0.008621
0.008331
0.008468999999999999
0.008163
0.007072
0.006996
0.006012
0.005974
0.005768
0.005768
0.006325
0.006035
0.006302
0.006668
0.007133
0.007347
0.007439
0.0065379999999999995
0.005219
0.005074
0.005432
0.005211
0.005188
0.005661
0.0061189999999999994
0.0056689999999999996
0.006294
0.004501
0.004494
0.003944
0.0034100000000000003
0.003445
0.003914
0.0037159999999999997
0.00399
0.003281
0.0043950000000000005
0.004028
0.003647
0.003315
0.003399
0.0033229999999999996
0.003258
0.002903
0.003628
0.004074
0.003815
0.003006
0.0027010000000000003
0.0026739999999999997
0.002815
0.002708
0.00256
0.0025670000000000003
0.003414
0.0026739999999999997
0.0022660000000000002
0.002445
0.0030440000000000003
0.003017
0.0023769999999999998
0.002575
0.002895
0.002689
0.002541
0.002216
0.0021739999999999997
0.0021780000000000002
0.0024530000000000003
0.002548
0.002327
0.00259
0.002323
0.00296
0.003139
0.002827
0.002224
0.002251
0.002136
0.002518
0.002792
0.0030559999999999997
0.003048
0.003674
0.0036810000000000002
0.003353
0.003628
0.004478
0.0054399999999999995
0.005959000000000001
0.005829
0.005981
0.006751999999999999
0.007225
0.007324
0.0071870000000000015
0.007408
0.00705
0.006775
0.007141
0.006698999999999999
0.007843000000000001
0.007622
0.008057
0.008789
0.0103
0.009018
0.007599
0.008484
0.007843000000000001
0.008223999999999999
0.007858
0.007843000000000001
0.009276999999999999
0.009491
0.009308
0.008667
0.009048
0.01039
0.010440000000000001
0.008911
0.008072
0.009323
0.009537
0.009857
0.009476
0.008926
0.008728
0.009384
0.01007
0.01015
0.0108
0.01093
0.012240000000000001
0.01192
0.0118
0.0128
0.01347
0.00972
0.008896
0.009399
0.009491
0.010409999999999999
0.01035
0.009476
0.009552
0.009445
0.010190000000000001
0.01141
0.01207
0.011090000000000001
0.01086
0.01064
0.011000000000000001
0.011859999999999999
0.009734999999999999
0.009521
0.00914
0.008148
0.008514
0.009064000000000001
0.009521
0.009170999999999999
0.008957
0.008773999999999999
0.008713
0.008423
0.008118
0.007889
0.008773999999999999
0.008728
0.00827
0.008148
0.008926
0.008438
0.008591
0.009109
0.009537
0.009276999999999999
0.009857
0.0108
0.01085
0.011609999999999999
0.011640000000000001
0.01166
0.01202
0.011309999999999999
0.01149
0.0132
0.0152
0.015119999999999996
0.013519999999999999
0.012969999999999999
0.013630000000000001
0.013640000000000001
0.013630000000000001
0.013090000000000001
0.01433
0.013340000000000001
0.01305
0.01257
0.01323
0.01288
0.014719999999999999
0.01642
0.015619999999999997
0.01407
0.01385
0.01353
0.015430000000000001
0.01434
0.01257
0.01378
0.014509999999999999
0.013930000000000001
0.01488
0.014509999999999999
0.015780000000000002
0.01788
0.01596
0.01411
0.015059999999999999
0.014769999999999997
0.013000000000000001
0.01205
0.01125
0.01195
0.01176
0.01187
0.01128
0.01128
0.0112
0.01093
0.0118
0.01122
0.010790000000000001
0.010709999999999999
0.01111
0.01176
0.011609999999999999
0.01277
0.01329
0.01355
0.0136
0.01178
0.01149
0.01144
0.01151
0.01096
0.011000000000000001
0.011059999999999999
0.01146
0.01138
0.0114
0.01234
0.012159999999999999
0.01204
0.01183
0.01149
0.01178
0.01163
0.01196
0.01154
0.0123
0.01239
0.01286
0.01268
0.01239
0.01329
0.01346
0.0146
0.0132
0.01202
0.009918000000000001
0.01091
0.01102
0.011609999999999999
0.01152
0.01195
0.01234
0.0123
0.01248
0.013030000000000002
0.01208
0.01196
0.01212
0.011170000000000001
0.01202
0.011170000000000001
0.0118
0.01242
0.013669999999999998
0.013059999999999999
0.01385
0.01341
0.01273
0.01099
0.01015
0.01048
0.009247
0.009216
0.008652
0.007774
0.007225
0.008392
0.007918999999999999
0.007828
0.006790000000000001
0.006668
0.006226
0.005989
0.005501
0.0054859999999999996
0.005646
0.0065
0.006363000000000001
0.005959000000000001
0.0046689999999999995
0.004547
0.0037310000000000004
0.0039369999999999995
0.004852
0.0035020000000000003
0.003372
0.002941
0.0026780000000000003
0.0027429999999999998
0.002594
0.002663
0.002888
0.00264
0.002838
0.002647
0.002708
0.002644
0.002457
0.002647
0.002445
0.002419
0.002254
0.0025859999999999998
0.0025329999999999997
0.00235
0.002411
0.002254
0.002419
0.002499
0.0024219999999999997
0.002457
0.0026320000000000002
0.002396
0.00243
0.0025329999999999997
0.002338
0.002361
0.0021780000000000002
0.00243
0.00246
0.002964
0.003334
0.0034939999999999997
0.004074
0.0044020000000000005
0.004921
0.004913
0.0050810000000000004
0.005135
0.005508
0.00589
0.005783
0.005058
0.005188
0.005211
0.004959000000000001
0.005753
0.006462000000000001
0.0067209999999999995
0.006934999999999999
0.007384999999999998
0.0073700000000000015
0.006973
0.006989
0.007294
0.007278
0.007065000000000002
0.0067599999999999995
0.007683
0.00798
0.007233
0.007889
0.008652
0.00856
0.00882
0.008499
0.009857
0.009337999999999999
0.009216
0.008957
0.009888
0.009201
0.009337999999999999
0.01004
0.009094
0.01048
0.009888
0.010029999999999999
0.0108
0.01105
0.01064
0.01057
0.009903
0.010759999999999999
0.010740000000000001
0.011179999999999999
0.010790000000000001
0.01009
0.009354000000000001
0.009766
0.009811
0.01036
0.009674
0.009766
0.011000000000000001
0.01163
0.010709999999999999
0.011000000000000001
0.01067
0.012629999999999999
0.01091
0.01064
0.01213
0.01286
0.01215
0.011890000000000001
0.01175
0.01204
0.01225
0.012209999999999999
0.01196
0.01198
0.01163
0.01372
0.01222
0.01251
0.01234
0.009857
0.01018
0.009628
0.0101
0.010790000000000001
0.01222
0.01288
0.01245
0.0134
0.01372
0.012740000000000001
0.013030000000000002
0.01227
0.01384
0.01231
0.011729999999999999
0.011729999999999999
0.0114
0.01225
0.01225
0.01222
0.01137
0.01241
0.01268
0.013000000000000001
0.01208
0.01073
0.01193
0.011470000000000001
0.011340000000000001
0.0121
0.01247
0.01372
0.01401
0.01215
0.01199
0.01004
0.009781
0.009857
0.01024
0.0107
0.01082
0.01102
0.01201
0.012159999999999999
0.0112
0.01341
0.014790000000000001
0.014180000000000003
0.014430000000000004
0.013380000000000001
0.01526
0.01555
0.01556
0.01491
0.01299
0.01445
0.01154
0.01093
0.01183
0.01256
0.01237
0.01492
0.013609999999999999
0.0154
0.01636
0.015719999999999998
0.01566
0.01555
0.015619999999999997
0.015780000000000002
0.015590000000000001
0.01575
0.01566
0.01556
0.014240000000000001
0.013580000000000002
0.013519999999999999
0.01614
0.01541
0.01434
0.013430000000000001
0.014469999999999997
0.01469
0.01292
0.0135
0.01375
0.01385
0.013930000000000001
0.0143
0.01312
0.01378
0.01463
0.014280000000000001
0.014240000000000001
0.0141
0.01514
0.01485
0.01636
0.01694
0.01611
0.016819999999999998
0.01709
0.0174
0.01886
0.01996
0.02051
0.02109
0.01929
0.018340000000000002
0.0177
0.01736
0.015580000000000004
0.01491
0.014769999999999997
0.01642
0.01636
0.01617
0.01485
0.014419999999999999
0.01381
0.01347
0.01349
0.013569999999999999
0.014480000000000003
0.014190000000000001
0.015
0.01454
0.01408
0.014469999999999997
0.012709999999999999
0.01227
0.01248
0.01225
0.0101
0.00914
0.008362
0.00795
0.008347
0.008652
0.008896
0.00972
0.009201
0.009415
0.009659000000000001
0.008896
0.008423
0.008041
0.0075450000000000005
0.007217
0.006881999999999999
0.006958
0.006416
0.005790999999999999
0.005295
0.0054399999999999995
0.004707
0.005028
0.00499
0.005806
0.005432
0.004790999999999999
0.004944
0.004547
0.0038380000000000003
0.004051
0.004272
0.0038450000000000003
0.004448
0.004715
0.00425
0.0033229999999999996
0.003098
0.0032310000000000004
0.003445
0.00322
0.003696
0.0035670000000000007
0.002968
0.0028190000000000003
0.003059
0.003315
0.003143
0.003254
0.003059
0.002815
0.002644
0.003353
0.003368
0.0033909999999999995
0.0032270000000000003
0.004036
0.003151
0.003052
0.0032770000000000004
0.0035060000000000004
0.0039369999999999995
0.004105
0.0039369999999999995
0.004242
0.004303
0.004051
0.004562
0.00415
0.003868
0.0033380000000000003
0.003399
0.004028
0.0038450000000000003
0.0037770000000000004
0.003761
0.004097
0.00473
0.005241
0.00576
0.006294
0.006416
0.005707
0.0064540000000000005
0.006332
0.0077290000000000015
0.006569
0.006981
0.007118000000000002
0.007706
0.008041
0.007804999999999999
0.009018
0.00824
0.009247
0.008163
0.008118
0.009186
0.00975
0.01022
0.01006
0.008392
0.01036
0.009323
0.009094
0.009476
0.009918000000000001
0.01089
0.01083
0.01183
0.01205
0.01125
0.011090000000000001
0.012629999999999999
0.01257
0.01248
0.01241
0.01212
0.01323
0.013580000000000002
0.01239
0.01256
0.01198
0.01253
0.01457
0.01427
0.01414
0.01265
0.0135
0.01459
0.01511
0.01462
0.01566
0.0173
0.01627
0.01587
0.01465
0.0148
0.01529
0.01404
0.0126
0.01346
0.01462
0.01791
0.017580000000000002
0.01898
0.019809999999999998
0.01889
0.01469
0.014469999999999997
0.013919999999999998
0.01344
0.01288
0.013640000000000001
0.013280000000000002
0.016390000000000002
0.01782
0.01703
0.01617
0.01378
0.01266
0.013640000000000001
0.013019999999999999
0.01495
0.01299
0.01234
0.012159999999999999
0.01231
0.01213
0.01379
0.01515
0.015080000000000001
0.0143
0.01335
0.014790000000000001
0.01596
0.016819999999999998
0.016569999999999998
0.015609999999999999
0.014769999999999997
0.015080000000000001
0.01602
0.01584
0.01434
0.016659999999999998
0.015030000000000003
0.01791
0.01782
0.01746
0.0159
0.014240000000000001
0.01518
0.0173
0.01828
0.01813
0.015380000000000001
0.015030000000000003
0.01405
0.01375
0.01381
0.0152
0.01463
0.014790000000000001
0.01529
0.01494
0.01697
0.01669
0.017240000000000002
0.01535
0.013890000000000001
0.01633
0.01703
0.01849
0.01733
0.01804
0.018369999999999997
0.01785
0.018619999999999998
0.0188
0.01892
0.01804
0.01685
0.015090000000000001
0.01596
0.01587
0.015780000000000002
0.01515
0.01556
0.016630000000000002
0.013630000000000001
0.01375
0.013369999999999998
0.014719999999999999
0.015319999999999999
0.01355
0.01285
0.01207
0.013630000000000001
0.0135
0.01431
0.01511
0.01755
0.01593
0.01575
0.015369999999999997
0.01706
0.01736
0.0177
0.01831
0.01831
0.01819
0.01736
0.01672
0.01648
0.01627
0.01865
0.01794
0.01941
0.02225
0.02417
0.02286
0.023469999999999998
0.02203
0.02252
0.022369999999999998
0.02216
0.02136
0.019780000000000002
0.02017
0.02115
0.01889
0.01743
0.016909999999999998
0.01788
0.016880000000000003
0.01566
0.01611
0.015119999999999996
0.01593
0.01608
0.0166
0.01706
0.01524
0.01529
0.016390000000000002
0.01411
0.014280000000000001
0.013980000000000001
0.01242
0.01169
0.01024
0.009552
0.008789
0.008773999999999999
0.008759000000000001
0.008376999999999999
0.009048
0.009293000000000001
0.008971999999999999
0.008667
0.00827
0.008163
0.008041
0.007828
0.008255
0.007179000000000001
0.0065
0.006927
0.006813
0.006149
0.005875
0.0060810000000000005
0.005966
0.006072999999999999
0.00592
0.0054859999999999996
0.005424
0.005539
0.005501
0.005241
0.00515
0.005249
0.005455
0.005684000000000001
0.005379
0.005615
0.005699
0.005638000000000001
0.0050810000000000004
0.004463
0.004448
0.003849
0.003708
0.0038799999999999998
0.0035399999999999997
0.003761
0.0031850000000000003
0.003742
0.0039369999999999995
0.004044
0.003967
0.004005
0.004539
0.004417
0.0045850000000000005
0.004547
0.005058
0.00528
0.00518
0.0043950000000000005
0.003513
0.004111999999999999
0.004288
0.004517
0.005188
0.0054859999999999996
0.0068969999999999995
0.0075
0.006783
0.006714
0.007492
0.008591
0.00856
0.008392
0.009476
0.009445
0.01038
0.01031
0.01105
0.009979
0.009734999999999999
0.008499
0.009476
0.010329999999999999
0.01065
0.01204
0.01152
0.01065
0.01045
0.011090000000000001
0.0121
0.014769999999999997
0.013319999999999999
0.0132
0.013280000000000002
0.0148
0.01518
0.01624
0.01624
0.01636
0.01675
0.01807
0.01736
0.01642
0.015719999999999998
0.01608
0.01685
0.01596
0.015580000000000004
0.01614
0.01715
0.01651
0.0166
0.01672
0.01593
0.01743
0.01938
0.01794
0.01596
0.01828
0.020659999999999998
0.020419999999999997
0.018009999999999998
0.02106
0.02161
0.019809999999999998
0.0184
0.017519999999999997
0.01846
0.018340000000000002
0.018369999999999997
0.0195
0.0184
0.01816
0.02023
0.02014
0.018009999999999998
0.01718
0.01932
0.02072
0.01944
0.0191
0.01831
0.01819
0.01865
0.01797
0.01697
0.016659999999999998
0.01825
0.01938
0.02026
0.01944
0.02045
0.02109
0.02188
0.021240000000000002
0.020659999999999998
0.02054
0.022340000000000002
0.02051
0.019530000000000002
0.020390000000000002
0.020319999999999998
0.02103
0.02161
0.01917
0.01904
0.01871
0.01987
0.01944
0.018619999999999998
0.017519999999999997
0.01907
0.018369999999999997
0.017730000000000003
0.01709
0.0166
0.01636
0.0163
0.017
0.017490000000000002
0.01831
0.01923
0.02118
0.02121
0.02087
0.02005
0.01904
0.0173
0.0162
0.01599
0.01648
0.015369999999999997
0.01569
0.01581
0.0166
0.01761
0.01779
0.01828
0.01703
0.0177
0.01797
0.01788
0.017730000000000003
0.01743
0.01746
0.01797
0.0192
0.01846
0.018430000000000002
0.017669999999999998
0.01855
0.01672
0.016909999999999998
0.01721
0.01669
0.01645
0.01694
0.016880000000000003
0.01721
0.01718
0.016659999999999998
0.01761
0.01694
0.01685
0.01755
0.018009999999999998
0.01733
0.0181
0.017519999999999997
0.01822
0.01917
0.019469999999999998
0.019469999999999998
0.0184
0.01874
0.02017
0.01822
0.01721
0.01733
0.0181
0.01755
0.02106
0.02106
0.020630000000000003
0.0191
0.01852
0.01871
0.0192
0.020419999999999997
0.021480000000000003
0.02097
0.0199
0.01917
0.01889
0.01721
0.01685
0.018430000000000002
0.01901
0.01813
0.01804
0.01755
0.0188
0.017580000000000002
0.01712
0.01804
0.01764
0.017240000000000002
0.016819999999999998
0.01605
0.01408
0.014830000000000001
0.01376
0.01228
0.0118
0.011609999999999999
0.01178
0.01215
0.012190000000000001
0.0119
0.01234
0.0126
0.010209999999999999
0.01091
0.01166
0.01141
0.010740000000000001
0.01036
0.01004
0.008987
0.009125
0.008453
0.009276999999999999
0.009033
0.009079
0.008896
0.008133
0.0076900000000000015
0.0076900000000000015
0.0070799999999999995
0.007056999999999998
0.007286
0.006973
0.00705
0.007225
0.006447
0.005455
0.004745
0.0046159999999999994
0.004814
0.005135
0.005646
0.005051
0.005058
0.004738
0.004593
0.004936
0.004723
0.004707
0.003967
0.003952000000000001
0.0044329999999999994
0.004265
0.0037229999999999997
0.0044859999999999995
0.004181
0.004790999999999999
0.005173
0.005118999999999999
0.005028
0.004898
0.00489
0.004898
0.004929
0.00441
0.004425
0.004807
0.004654
0.0044329999999999994
0.00415
0.004913
0.005035
0.005104
0.00489
0.0051270000000000005
0.005203
0.005379
0.0046159999999999994
0.004883
0.005424
0.005424
0.005226
0.00489
0.005539
0.007278
0.006966
0.006966
0.006737000000000001
0.0070950000000000015
0.0075450000000000005
0.008148
0.007523
0.00856
0.007790000000000002
0.007781999999999998
0.008133
0.008223999999999999
0.008468999999999999
0.010620000000000001
0.01178
0.01154
0.01112
0.01143
0.01126
0.01097
0.01097
0.011609999999999999
0.012629999999999999
0.01176
0.0116
0.01245
0.011059999999999999
0.01114
0.01132
0.01102
0.01065
0.01196
0.013580000000000002
0.01324
0.01439
0.01355
0.01231
0.011309999999999999
0.01321
0.013000000000000001
0.01396
0.014769999999999997
0.01547
0.015030000000000003
0.01651
0.01675
0.01617
0.016630000000000002
0.015269999999999999
0.017
0.018009999999999998
0.0173
0.016659999999999998
0.01736
0.017269999999999997
0.01697
0.017269999999999997
0.0162
0.01913
0.02115
0.02002
0.018009999999999998
0.01819
0.01846
0.0192
0.02026
0.01898
0.0184
0.01779
0.01926
0.0199
0.01926
0.02045
0.021
0.02206
0.02121
0.02048
0.01889
0.018680000000000002
0.0184
0.01654
0.017490000000000002
0.01807
0.01794
0.01755
0.01822
0.01794
0.018009999999999998
0.018430000000000002
0.02008
0.01855
0.01816
0.018430000000000002
0.0181
0.01825
0.02075
0.02087
0.01962
0.01904
0.01828
0.01822
0.018009999999999998
0.0184
0.018619999999999998
0.01895
0.01926
0.01941
0.0206
0.02112
0.01807
0.0144
0.01465
0.01431
0.01553
0.015380000000000001
0.01569
0.015380000000000001
0.014759999999999999
0.01463
0.0155
0.01529
0.01462
0.01379
0.012709999999999999
0.01347
0.014240000000000001
0.014180000000000003
0.01414
0.01518
0.01718
0.015619999999999997
0.015340000000000001
0.01234
0.012709999999999999
0.013059999999999999
0.01227
0.01231
0.0123
0.01178
0.01231
0.012159999999999999
0.01231
0.0121
0.01344
0.01515
0.015719999999999998
0.01761
0.018009999999999998
0.02002
0.01987
0.01892
0.01938
0.01965
0.0184
0.01746
0.01779
0.01926
0.01923
0.01874
0.01871
0.017490000000000002
0.01575
0.01523
0.01736
0.01892
0.01895
0.0191
0.01984
0.01917
0.01944
0.02023
0.01965
0.01962
0.020419999999999997
0.020569999999999998
0.0224
0.02274
0.02332
0.021730000000000003
0.02164
0.021759999999999998
0.021240000000000002
0.02072
0.01859
0.01877
0.01968
0.020630000000000003
0.02048
0.01907
0.01917
0.01886
0.01889
0.01819
0.01788
0.01633
0.01633
0.0177
0.0177
0.01654
0.01743
0.017490000000000002
0.01654
0.01627
0.01587
0.01587
0.01514
0.01584
0.015319999999999999
0.014719999999999999
0.01445
0.014369999999999999
0.013430000000000001
0.01381
0.013369999999999998
0.013000000000000001
0.01295
0.013059999999999999
0.01163
0.01144
0.009766
0.011290000000000001
0.010790000000000001
0.010620000000000001
0.01039
0.009231999999999999
0.008194
0.008484
0.00975
0.009766
0.008942
0.008667
0.007812
0.007423000000000002
0.006737000000000001
0.006058
0.0060420000000000005
0.006706
0.006386
0.006416
0.005928
0.0054859999999999996
0.005203
0.005424
0.004745
0.003906
0.0037119999999999996
0.003872
0.003048
0.0029980000000000002
0.003975
0.004211
0.004219
0.003773
0.003513
0.003914
0.003849
0.00359
0.003128
0.003036
0.002934
0.003563
0.0034409999999999996
0.003296
0.00293
0.002552
0.002445
0.002464
0.002857
0.003387
0.003254
0.003525
0.003117
0.003071
0.00312
0.003357
0.003475
0.0033420000000000004
0.003361
0.003471
0.0031969999999999998
0.0035549999999999996
0.003853
0.003998
0.003689
0.003372
0.003304
0.003246
0.00412
0.004257
0.004631000000000001
0.005196
0.0056689999999999996
0.005928
0.005615
0.006149
0.006561
0.008499
0.008102
0.007278
0.007683
0.008148
0.009048
0.008926
0.009628
0.010159999999999999
0.01077
0.01213
0.01143
0.0108
0.009766
0.01158
0.01125
0.01137
0.0123
0.01172
0.01135
0.011859999999999999
0.01097
0.011729999999999999
0.009995
0.01045
0.009155
0.008223999999999999
0.007873999999999999
0.008347
0.007225
0.0075840000000000005
0.008773999999999999
0.008911
0.01146
0.01054
0.01086
0.01137
0.01286
0.01299
0.01277
0.01265
0.01259
0.014969999999999999
0.014280000000000001
0.014790000000000001
0.01402
0.014209999999999999
0.01547
0.01675
0.01488
0.014469999999999997
0.01414
0.0136
0.01196
0.013340000000000001
0.01341
0.014219999999999997
0.015519999999999999
0.016880000000000003
0.01614
0.015340000000000001
0.01384
0.01511
0.01584
0.01584
0.015719999999999998
0.01602
0.015780000000000002
0.016819999999999998
0.0177
0.01849
0.0177
0.01599
0.01761
0.0184
0.01779
0.01706
0.01636
0.01575
0.01636
0.016659999999999998
0.01494
0.01523
0.01602
0.01611
0.015719999999999998
0.01697
0.01935
0.019809999999999998
0.02075
0.02051
0.02011
0.0209
0.022000000000000002
0.02264
0.02084
0.02267
0.02316
0.02249
0.02164
0.02136
0.0209
0.02188
0.02255
0.022580000000000003
0.021730000000000003
0.02106
0.021419999999999998
0.02365
0.02264
0.02213
0.02139
0.02097
0.02078
0.01907
0.018430000000000002
0.01984
0.01935
0.01932
0.01938
0.01938
0.01901
0.02008
0.01971
0.01883
0.01941
0.019469999999999998
0.01779
0.01804
0.017
0.01828
0.01971
0.01743
0.01675
0.01633
0.01433
0.013669999999999998
0.01517
0.01485
0.014369999999999999
0.013609999999999999
0.0135
0.01299
0.01311
0.01341
0.01375
0.01315
0.015369999999999997
0.018340000000000002
0.0192
0.01852
0.01813
0.01697
0.017730000000000003
0.017759999999999998
0.018340000000000002
0.01883
0.01822
0.02023
0.02097
0.02136
0.0217
0.02029
0.01926
0.01831
0.01831
0.01929
0.01941
0.01932
0.01993
0.021269999999999997
0.01962
0.017730000000000003
0.0177
0.01703
0.01794
0.01816
0.02014
0.019809999999999998
0.021240000000000002
0.020419999999999997
0.02115
0.01962
0.019530000000000002
0.02075
0.01938
0.02029
0.0209
0.01926
0.01807
0.01889
0.0181
0.01855
0.018680000000000002
0.0174
0.017669999999999998
0.018430000000000002
0.017580000000000002
0.0166
0.014130000000000004
0.014180000000000003
0.01385
0.013090000000000001
0.01407
0.012709999999999999
0.01288
0.01285
0.013380000000000001
0.01227
0.0127
0.0117
0.01195
0.012709999999999999
0.01204
0.0106
0.01077
0.01051
0.010709999999999999
0.01093
0.01031
0.00946
0.009308
0.008865000000000001
0.009094
0.008926
0.008926
0.00914
0.009170999999999999
0.009064000000000001
0.008255
0.008118
0.006516
0.005974
0.006447
0.006462000000000001
0.0064010000000000004
0.0065769999999999995
0.00634
0.005898
0.004784
0.004601
0.004303
0.003547999999999999
0.003529
0.003201
0.0034100000000000003
0.003403
0.003304
0.003098
0.0034869999999999996
0.0035399999999999997
0.004082
0.004364
0.004059
0.003841
0.003658
0.0036009999999999996
0.0037189999999999996
0.0037159999999999997
0.003742
0.003952000000000001
0.003998
0.003696
0.003628
0.004065999999999999
0.003952000000000001
0.004135
0.004082
0.003967
0.004158
0.003624
0.003468
0.003662
0.003849
0.0036049999999999997
0.003643
0.003807
0.004005
0.003761
0.004128
0.0045780000000000005
0.005371
0.005531
0.005409000000000001
0.005959000000000001
0.005249
0.005043
0.0054399999999999995
0.005753
0.004875
0.004906000000000001
0.0061189999999999994
0.0065379999999999995
0.007492
0.007347
0.007476999999999998
0.0065769999999999995
0.008041
0.007576
0.006744
0.006790000000000001
0.00692
0.007201999999999998
0.007384999999999998
0.007720999999999999
0.007103
0.006804999999999999
0.007744
0.008148
0.007751000000000002
0.007720999999999999
0.007935
0.008026
0.008301000000000001
0.00943
0.009583
0.009476
0.0101
0.01051
0.01065
0.009506
0.009537
0.009415
0.008606
0.009048
0.009918000000000001
0.009964
0.009445
0.009932999999999999
0.00946
0.01083
0.01213
0.01187
0.01184
0.01114
0.011640000000000001
0.01105
0.01254
0.013030000000000002
0.01344
0.0153
0.01669
0.01764
0.017240000000000002
0.01761
0.01877
0.0184
0.01871
0.01642
0.017269999999999997
0.01733
0.01825
0.0174
0.0154
0.012240000000000001
0.01152
0.01184
0.01396
0.014240000000000001
0.01549
0.01794
0.015780000000000002
0.01743
0.018619999999999998
0.01566
0.015590000000000001
0.016880000000000003
0.01892
0.01816
0.0174
0.01669
0.014130000000000004
0.01733
0.01587
0.018680000000000002
0.01865
0.02008
0.02078
0.01965
0.02081
0.019780000000000002
0.01938
0.02112
0.02069
0.01944
0.01831
0.01599
0.015119999999999996
0.0148
0.014719999999999999
0.0154
0.01599
0.0146
0.01241
0.012190000000000001
0.013319999999999999
0.0134
0.01265
0.012190000000000001
0.0126
0.013280000000000002
0.01207
0.01227
0.01207
0.01215
0.01213
0.01285
0.01199
0.01187
0.01311
0.01347
0.01407
0.01385
0.0137
0.014759999999999999
0.015009999999999999
0.014369999999999999
0.01569
0.014480000000000003
0.014130000000000004
0.014509999999999999
0.015609999999999999
0.01569
0.01556
0.01593
0.01651
0.01678
0.01642
0.01678
0.01645
0.01654
0.017
0.01718
0.016819999999999998
0.01807
0.01892
0.01938
0.01917
0.01819
0.017490000000000002
0.01743
0.01849
0.01788
0.01694
0.01608
0.01675
0.017669999999999998
0.01715
0.016630000000000002
0.017240000000000002
0.01672
0.01764
0.01709
0.01849
0.01642
0.014469999999999997
0.0166
0.01694
0.01718
0.017730000000000003
0.01672
0.0181
0.01913
0.01859
0.01794
0.0146
0.013890000000000001
0.01526
0.01385
0.01427
0.01317
0.01305
0.0123
0.01184
0.01241
0.011859999999999999
0.01205
0.01329
0.01341
0.013930000000000001
0.01546
0.013309999999999999
0.012819999999999998
0.012209999999999999
0.012240000000000001
0.01205
0.01347
0.01596
0.01685
0.01491
0.013309999999999999
0.01457
0.013369999999999998
0.01231
0.01195
0.01176
0.01208
0.01341
0.01288
0.01234
0.01227
0.012329999999999999
0.010440000000000001
0.01025
0.01054
0.01094
0.010879999999999999
0.00914
0.007111
0.006943
0.005898
0.005790999999999999
0.005417
0.00502
0.004929
0.00425
0.004326
0.003952000000000001
0.004219
0.004684000000000001
0.005272
0.00489
0.004738
0.004753
0.0044399999999999995
0.004456
0.003754
0.004143
0.004242
0.004196
0.004065999999999999
0.004111999999999999
0.00415
0.003475
0.0035399999999999997
0.0036200000000000004
0.003418
0.004211
0.003849
0.003307
0.0035060000000000004
0.003929
0.004036
0.003696
0.0035859999999999998
0.003559000000000001
0.0037920000000000002
0.003761
0.003975
0.003887
0.0037119999999999996
0.0034939999999999997
0.0033420000000000004
0.00301
0.003075
0.002968
0.002235
0.002605
0.00259
0.003113
0.003078
0.0030329999999999997
0.00312
0.003361
0.003475
0.0035020000000000003
0.0032920000000000002
0.003483
0.0035670000000000007
0.003674
0.003998
0.004386999999999999
0.004211
0.003841
0.003998
0.004013
0.004105
0.004272
0.004227000000000001
0.004692
0.004852
0.005363000000000001
0.006744
0.007201999999999998
0.006989
0.007278
0.0075450000000000005
0.0067670000000000004
0.006691
0.007445999999999999
0.008102
0.0073170000000000015
0.007828
0.007523
0.005951
0.005852
0.007324
0.007286
0.007294
0.006813
0.007408
0.007965
0.008255
0.009293000000000001
0.009247
0.008759000000000001
0.009048
0.009644
0.01012
0.010209999999999999
0.01039
0.01013
0.010209999999999999
0.01152
0.01047
0.01001
0.01059
0.0107
0.01198
0.01247
0.01288
0.0114
0.011170000000000001
0.01157
0.01089
0.01035
0.009491
0.010329999999999999
0.010159999999999999
0.010709999999999999
0.008789
0.009094
0.008392
0.009796
0.009995
0.01039
0.01132
0.011609999999999999
0.01111
0.01184
0.01208
0.013930000000000001
0.013519999999999999
0.01259
0.01215
0.01192
0.01215
0.0123
0.013090000000000001
0.014790000000000001
0.014180000000000003
0.01349
0.01317
0.015080000000000001
0.0144
0.01459
0.01425
0.014509999999999999
0.014419999999999999
0.014740000000000001
0.015369999999999997
0.01439
0.014209999999999999
0.01375
0.01294
0.01184
0.01212
0.01166
0.012190000000000001
0.012209999999999999
0.01048
0.01053
0.01103
0.01105
0.01085
0.01115
0.01085
0.011470000000000001
0.01152
0.01151
0.01166
0.01115
0.011470000000000001
0.0114
0.01196
0.01126
0.010740000000000001
0.01073
0.010740000000000001
0.01067
0.009766
0.01024
0.01068
0.01042
0.010709999999999999
0.01053
0.01105
0.01196
0.01289
0.01317
0.013280000000000002
0.01407
0.01378
0.01431
0.01431
0.01433
0.01587
0.015580000000000004
0.01431
0.014819999999999996
0.01556
0.015340000000000001
0.015369999999999997
0.01158
0.01152
0.01077
0.01053
0.01103
0.01128
0.01122
0.01163
0.01265
0.01259
0.014480000000000003
0.01489
0.01369
0.01349
0.012629999999999999
0.013019999999999999
0.01227
0.0125
0.012830000000000001
0.013340000000000001
0.01312
0.01241
0.0116
0.01218
0.0121
0.01059
0.009826999999999999
0.009644
0.01053
0.009964
0.01022
0.01097
0.01103
0.01143
0.011890000000000001
0.01254
0.013080000000000001
0.012830000000000001
0.01152
0.01065
0.01111
0.01202
0.01347
0.01445
0.01494
0.01456
0.01459
0.017
0.01669
0.014759999999999999
0.014240000000000001
0.01312
0.01318
0.01305
0.01369
0.0148
0.013869999999999999
0.01239
0.01248
0.01183
0.01183
0.01143
0.01015
0.01114
0.01067
0.01091
0.009781
0.008606
0.009583
0.009033
0.00975
0.00946
0.009705
0.008865000000000001
0.009903
0.01054
0.01024
0.009445
0.009018
0.009064000000000001
0.008408
0.008514
0.008865000000000001
0.00882
0.008606
0.008514
0.008316
0.008728
0.008362
0.008347
0.009659000000000001
0.008011
0.008773999999999999
0.009033
0.008347
0.0077290000000000015
0.008179
0.0073700000000000015
0.006744
0.005843999999999999
0.005753
0.004997
0.004562
0.004158
0.00415
0.0034939999999999997
0.0043490000000000004
0.004005
0.003563
0.0036509999999999997
0.00386
0.003761
0.003559000000000001
0.0036200000000000004
0.003922
0.003754
0.0033759999999999997
0.003124
0.003616
0.003906
0.003475
0.0037119999999999996
0.003696
0.004257
0.004288
0.0044399999999999995
0.004234
0.003975
0.003761
0.003532
0.003796
0.0043950000000000005
0.003975
0.003674
0.004105
0.0039369999999999995
0.004013
0.00349
0.0036009999999999996
0.00399
0.004005
0.0038299999999999996
0.003677
0.003536
0.0035060000000000004
0.003551
0.00399
0.004555
0.004875
0.004753
0.0045780000000000005
0.005065999999999999
0.005447
0.006523
0.006737000000000001
0.0067670000000000004
0.007233
0.006821
0.007645
0.008223999999999999
0.008773999999999999
0.008057
0.008286
0.008834999999999999
0.01001
0.009811
0.009781
0.009048
0.009337999999999999
0.009932999999999999
0.0105
0.01042
0.010029999999999999
0.009003
0.009918000000000001
0.009979
0.0101
0.01157
0.01099
0.01199
0.01213
0.01178
0.01195
0.01187
0.013380000000000001
0.012969999999999999
0.01376
0.01317
0.012830000000000001
0.0127
0.012759999999999999
0.012190000000000001
0.01082
0.011340000000000001
0.01265
0.013430000000000001
0.01462
0.0144
0.015
0.0159
0.01433
0.014219999999999997
0.01427
0.01599
0.016630000000000002
0.01515
0.01431
0.014190000000000001
0.01587
0.0154
0.014969999999999999
0.01404
0.01372
0.013630000000000001
0.0145
0.015590000000000001
0.01678
0.0162
0.01627
0.01581
0.01633
0.017490000000000002
0.01718
0.01715
0.015269999999999999
0.01514
0.015580000000000004
0.01575
0.01569
0.014419999999999999
0.014740000000000001
0.01524
0.01312
0.01286
0.012759999999999999
0.01381
0.01465
0.015090000000000001
0.0162
0.01462
0.0143
0.01445
0.01395
0.013369999999999998
0.013890000000000001
0.01291
0.013019999999999999
0.01465
0.01372
0.013569999999999999
0.014369999999999999
0.01523
0.01469
0.014419999999999999
0.01326
0.013340000000000001
0.013609999999999999
0.01324
0.01407
0.014830000000000001
0.01566
0.01636
0.015
0.01375
0.01329
0.013319999999999999
0.0121
0.01167
0.01141
0.011179999999999999
0.01036
0.01318
0.01376
0.01369
0.01401
0.013630000000000001
0.014159999999999999
0.01495
0.01547
0.01587
0.0162
0.01575
0.01566
0.01518
0.01489
0.01593
0.01654
0.01599
0.01341
0.014969999999999999
0.014819999999999996
0.01672
0.014759999999999999
0.01329
0.01425
0.015380000000000001
0.01685
0.01709
0.0154
0.014419999999999999
0.01544
0.01587
0.015369999999999997
0.01405
0.01401
0.01295
0.01268
0.01317
0.012440000000000001
0.01207
0.01128
0.01114
0.0125
0.013019999999999999
0.014830000000000001
0.013080000000000001
0.014419999999999999
0.013730000000000001
0.0139
0.01396
0.01379
0.01396
0.014190000000000001
0.015430000000000001
0.017490000000000002
0.0173
0.01605
0.01575
0.01587
0.01596
0.01645
0.01703
0.01755
0.018369999999999997
0.01694
0.01611
0.01651
0.01624
0.016880000000000003
0.01788
0.01813
0.01715
0.01694
0.017
0.01642
0.0166
0.0159
0.01764
0.01599
0.01599
0.01521
0.01434
0.01344
0.01353
0.01431
0.01329
0.01318
0.01128
0.01082
0.01082
0.01181
0.013080000000000001
0.0127
0.01144
0.01108
0.01065
0.01112
0.0118
0.01199
0.011059999999999999
0.01108
0.01007
0.009659000000000001
0.009888
0.009186
0.008987
0.008133
0.007843000000000001
0.007156
0.007393
0.007431
0.007271
0.007156
0.006798
0.006439
0.0054020000000000006
0.005737
0.005333
0.004913
0.005035
0.005065999999999999
0.005333
0.00489
0.004883
0.005111999999999999
0.005516
0.006691
0.006058
0.00592
0.005875
0.005997
0.0056689999999999996
0.005455
0.005005
0.004959000000000001
0.0045850000000000005
0.004562
0.005104
0.003674
0.004082
0.004242
0.004448
0.0045780000000000005
0.00486
0.005035
0.005104
0.005219
0.004639
0.0045850000000000005
0.004265
0.0044859999999999995
0.005058
0.005035
0.004288
0.004837
0.004837
0.004463
0.004303
0.004425
0.005005
0.004807
0.005104
0.005371
0.004463
0.0043490000000000004
0.003975
0.00486
0.0043560000000000005
0.004845
0.004753
0.005302
0.005142
0.004898
0.005241
0.005684000000000001
0.006508
0.007065000000000002
0.006912000000000001
0.006751999999999999
0.008072
0.007812
0.006203
0.006462000000000001
0.006195
0.006599
0.0072099999999999985
0.007423000000000002
0.007111
0.00695
0.006287
0.005775
0.006798
0.007011
0.006615
0.0070950000000000015
0.00695
0.007278
0.00798
0.0070950000000000015
0.006804999999999999
0.007858
0.007233
0.007576
0.007614
0.006378
0.006599
0.007034
0.007262999999999999
0.007790000000000002
0.007614
0.008133
0.008011
0.008484
0.008971999999999999
0.01025
0.008804000000000001
0.00946
0.0103
0.009231999999999999
0.007781999999999998
0.008376999999999999
0.009109
0.01057
0.010190000000000001
0.009781
0.008911
0.01056
0.0103
0.01039
0.01068
0.01259
0.009476
0.009323
0.009659000000000001
0.009094
0.009979
0.01009
0.009323
0.01048
0.01045
0.01056
0.009932999999999999
0.009644
0.009125
0.009445
0.009918000000000001
0.01015
0.009842
0.009354000000000001
0.008484
0.008636
0.008926
0.010329999999999999
0.009659000000000001
0.00943
0.009384
0.009003
0.009155
0.008987
0.009781
0.009888
0.01045
0.01006
0.00975
0.009659000000000001
0.009932999999999999
0.009613
0.008987
0.009674
0.009354000000000001
0.009689
0.009337999999999999
0.00943
0.009033
0.008713
0.010190000000000001
0.01089
0.01097
0.011170000000000001
0.01094
0.010620000000000001
0.010190000000000001
0.00853
0.008789
0.008591
0.008926
0.009857
0.01146
0.010209999999999999
0.00972
0.01015
0.01094
0.0107
0.01193
0.01057
0.009079
0.008881
0.009079
0.008896
0.00914
0.008728
0.009964
0.009674
0.009506
