0.14512664
0.20109885
0.16911159
0.39506058
0.34311613
0.27065404000000004
0.23715496000000005
0.0922495
0.17697574
0.1734964
0.13279589
0.14812070000000002
0.11417544000000004
0.10921154
0.12478734
0.1308861
0.10906014
0.11784709
0.06420344
0.14352803
0.05455009
0.09805424
0.09224944
0.12096619
0.14629229
0.11236768
0.15729686
0.13447600999999998
0.22133111
0.18452266
0.16949686000000005
0.16509106
0.18795976
0.21772311
0.17322685999999998
0.10548915
0.11370181
0.12966250999999998
0.15932441000000006
0.17182261999999998
0.21769553
0.13489597000000006
0.14013537
0.16056452
0.14935497
0.10802546
0.16529127
0.16994886
0.14492186
0.17567836
0.12886941
0.16914961
0.15948981
0.11310106
0.20577891
0.15922405
0.13266825
0.15858175000000002
0.14128659999999998
0.14062251
0.11205484999999996
0.14366069999999995
0.13202881
0.13888286000000002
0.09593891
0.11349901
0.0985638
0.1086425
0.062453000000000015
0.14538815
0.11259615
0.20680601
0.20003251
0.08558271
0.09657271
0.14697176
0.07509815
0.12636186
0.09259431
0.11006416
0.13325881
0.07309511
0.07424085999999999
0.09408686
0.05749225999999999
0.13590495000000002
0.10755335000000002
0.05534874
0.10177646
0.18054501
0.18878081
0.18289636
0.15093711
0.21758506
0.20686551
0.19999667
0.20997691
0.17414316
0.1130565
0.13980645
0.135347
0.16978996
0.16444715
0.18728021
0.12792085
0.16341889999999998
0.13181111
0.18543371
0.18436127
0.18735545
0.13991045
0.19538211
0.17510399999999998
0.18235435
0.16824930000000002
0.17213679999999998
0.1925761
0.1904693
0.1709694
0.17767170000000002
0.18022695
0.17906695
0.18964035
0.21984835
0.14809324
0.12193114
0.14332545000000002
0.17017637000000002
0.14144556
0.17213986
0.23775882
0.14547537
0.22704117
0.20636621
0.16150006
0.14205801
0.14497467
0.16089691999999994
0.19015334
0.13819921000000002
0.16280494
0.14356435
0.16198239
0.18632535000000008
0.18886295
0.14189053999999998
0.13585529
0.08352886
0.12861867000000002
0.15830337
0.16664286
0.1589763
0.13716194999999998
0.11778071
0.22127991
0.21020886
0.16796566999999998
0.11074457
0.14323882
0.16365267
0.19581676
0.23669867
0.06285777000000001
0.20634441
0.21394856
0.23468977
0.2156249100000001
0.20468577
0.27191602
0.26601821
0.10638632
0.23373481
0.18772382
0.13919752000000002
0.23723488
0.24079972
0.17682706999999998
0.16020321999999998
0.27697698
0.24869893
0.22757027
0.24428177
0.23230761
0.22158307
0.22981087
0.22074141000000005
0.17396596000000006
0.18613791
0.18041071
0.18998831
0.19029647
0.22482106
0.20990271
0.24348042
0.21591172
0.22232967
0.21886147
0.23094541
0.22922597
0.22374211
0.20493796
0.22642931
0.22532217
0.23979181
0.19906077
0.21797831
0.19690406
0.20440501
0.19427746
0.17965810999999998
0.22007026
0.20476606
0.18614506
0.22328021
0.24403036
0.31072316
0.34176646
0.33769521
0.37657356
0.20935701
0.25245362000000005
0.36015147000000003
0.35121837
0.36688151
0.26098047
0.37971976
0.26568791
0.23369791
0.23192656
0.24742416
0.36924926
0.25634141
0.36685077
0.19657166
0.19259981
0.22455216
0.23483561
0.20658480999999995
0.21930907
0.23686491
0.18017711
0.18274101
0.21766167000000008
0.18534896
0.17699410999999998
0.1920269
0.22337265
0.2110479
0.19777174000000008
0.22344321
0.15151979999999998
0.15352639999999998
0.19689525
0.18707505
0.2000084
0.17220529999999998
0.15589103999999998
0.18013743999999998
0.1813246
0.20499210000000004
0.1762123
0.22612121
0.19457615
0.1816207
0.17239749999999998
0.16741268999999998
0.14134939
0.17064549000000004
0.20182175
0.2043807
0.25460021
0.30370015
0.23114795
0.27180346000000005
0.21275059999999998
0.3430167
0.3816344
0.3901289
0.24583065
0.2594146
0.08988604
0.1803016
0.19672464
0.07378698999999997
0.18658046
0.17051369
0.18354369
0.09188769
0.07723129000000001
0.17459368
0.11146374000000002
0.22521025
0.10131855
0.14847980000000005
0.20054835000000004
0.18823870000000006
0.22598160000000003
0.1029547
0.0980641
0.06278199000000001
0.07362994
0.23089366
0.18775504000000007
0.0917671
0.14487213
0.18893859
0.10176745
0.10878600000000002
0.13838044
0.18420049
0.06044885000000001
0.21979321000000004
0.14726883999999998
0.16210587999999998
0.06942688
0.18465854
0.14446578000000002
0.1925099
0.14801054
0.11699254
0.10987278
0.2010053
0.1400836
0.09835415
0.14087212000000002
0.20789830000000006
0.2338492
0.20999835
0.2392378
0.21818114
0.21981505
0.24638025
0.22719501
0.17084219
0.10318349
0.13825894
0.0912026
0.11962969
0.19717925
0.12131779
0.15379768
0.16551459
0.1989472
0.14992354
0.14079547
0.13244884
0.16961974
0.21642349
0.17878459
0.1757855
0.12563955
0.14584760000000002
0.17352239
0.14059762999999995
0.13468738
0.15022924
0.14589829999999998
0.1828827
0.13881534
0.1830779
0.13516061999999998
0.11949572999999998
0.16839547
0.17020397
0.16604402
0.13489268999999998
0.14148352
0.16697929
0.10710206
0.13194208000000002
0.18960232
0.16714967
0.15813451999999995
0.21703022
0.14878257
0.12433033
0.17487554
0.14051222
0.16359209
0.10893407
0.14685642999999998
0.09408974
0.13917135
0.12600934
0.08963597000000001
0.12671589
0.06270557
0.10511957
0.08445223
0.13229364
0.08370543
0.13884548
0.14898428
0.11203453
0.08249072
0.09538553
0.11174188
0.08150983
0.08127976
0.08786248999999999
0.09825037999999996
0.10925788
0.13996979999999998
0.1729116
0.11179360000000002
0.11333369
0.14455120000000002
0.13804755
0.08307068
0.09836184
0.1087968
0.08786199
0.11189121
0.15957251
0.15610424999999994
0.16336021
0.16236135
0.10996888
0.11833189
0.13171029
0.17590321
0.09965981
0.16186368
0.17333583
0.16417842
0.13255512
0.11007671
0.15853636
0.10209434
0.10843543
0.09832484
0.08824936
0.17741735999999994
0.16324836
0.12530751
0.17301316
0.14289008999999994
0.1273321
0.17175761
0.13537924
0.10529451
0.30801324
0.34143074
0.2333855
0.19021972
0.20784087
0.15115676
0.12523171
0.15126819000000002
0.16338254000000002
0.12488974
0.16701645000000004
0.17909971
0.16744874999999998
0.15674709
0.14490494
0.14379175000000002
0.16145268
0.12960303
0.12538188000000006
0.11055776
0.11725686
0.13470287
0.13335232
0.12688016000000002
0.17503603999999998
0.14742038
0.16426168
0.13943663
0.13799072999999998
0.13417896999999998
0.17841151
0.11762286
0.24590841
0.2553883
0.2379983
0.17750625
0.19789691
0.17641829999999994
0.13627744
0.18418165
0.1816979
0.17046185999999994
0.1344319
0.13627964999999995
0.17543435000000002
0.1964145
0.1818578
0.19524745
0.12841878
0.15224265
0.17770886
0.15958495
0.17333980000000002
0.18225785
0.15901328
0.15015057999999998
0.15819267999999995
0.13387113
0.17953308
0.15315019
0.12949984
0.17653548
0.19841569
0.13944989
0.18515774
0.10685663
0.10292589
0.34804452
0.23639507
0.16444045
0.1109743
0.12697643
0.1910609
0.15024077
0.10088661
0.18585457
0.11432028
0.21775466
0.18500076
0.22484126
0.21863236
0.22552822
0.16825966
0.21563656
0.20778836
0.1870934
0.24286171
0.12401680000000001
0.1211722
0.13978587
0.13358575
0.13767221999999998
0.16787602
0.16236887
0.14318511
0.15224510000000002
0.16980505
0.16157055999999995
0.14918282
0.16228737
0.1349854
0.21181613
0.14220876
0.13423703999999995
0.15862959
0.1227762
0.11417080999999996
0.12358334
0.14538424
0.16310598999999998
0.14829511
0.13696168
0.14582829
0.14823649
0.13326268000000002
0.15703204
0.11944397
0.14429087000000002
0.13578392
0.13353678000000002
0.13791558
0.15581418
0.14681062
0.14590878000000002
0.14497909
0.18194033
0.23333243
0.252399
0.12598656
0.17761200000000002
0.13490866
0.20391484
0.18942807
0.19017211
0.26008127000000003
0.16164678
0.16099077
0.13864116
0.14279349000000002
0.31704377
0.13710762999999998
0.17106224
0.3604751000000001
0.27715233
0.39840284
0.30047514
0.31073939
0.17876201999999994
0.25509907
0.17560148999999994
0.18102664
0.16979202999999998
0.21124129
0.21783789
0.23675328
0.18536894
0.2458293500000001
0.1198455
0.30772365
0.3838531
0.4019913
0.34043435
0.20133370000000006
0.23375359
0.19025887
0.15874332
0.15109123000000002
0.17666211999999998
0.17791406999999998
0.17374132
0.17223457
0.18038632
0.16082482
0.16126796999999998
0.14657446
0.10113962
0.2995896
0.40004506
0.39012065
0.31687139
0.2914049
0.29154011
0.33858505
0.26508362
0.09773002
0.02651979
0.06780343
0.08463932999999997
0.09240069999999999
0.07080439
0.07551087000000001
0.10703309
0.13717259
0.16763939000000005
0.11305589
0.12591138000000002
0.10468267
0.12714308000000002
0.1933692
0.15834215
0.19357741
0.1415019
0.15731699999999998
0.17669311
0.1081955
0.10189472
0.10607387
0.10731377
0.10547878
0.09957992
0.09733482
0.105031
0.16523633999999998
0.10375635
0.1104579
0.10652648
0.09788157
0.10972099
0.16511254
0.10083198
0.10232533
0.09479282
0.09649213
0.08830342
0.09216645999999998
0.10503843
0.11258469
0.11123988999999998
0.08832786000000001
0.09585587
0.09703312
0.06608156
0.0372654
0.034620250000000005
0.03635769
0.05182232
0.04537458
0.13165259
0.15470119
0.13838963
0.16263184
0.14370038000000002
0.14616323
0.18414774
0.13990166999999998
0.15299602
0.15552469
0.12546398
0.13540833
0.14185464
0.14861624
0.14491699
0.14447097
0.13932512
0.15062739
0.14255482
0.15189149
0.12840152
0.12079798
0.13519873
0.14525253
0.14580689
0.20848215
0.17473669
0.24614916
0.23298325
0.26707216
0.23242251
0.25232287000000003
0.24977755
0.29451350000000004
0.2733526
0.25364646
0.22883969
0.29294556000000005
0.25968789
0.3107157700000001
0.25715314
0.31140476
0.25315369
0.28737791
0.22012477
0.27517621000000003
0.21395884
0.27837956
0.2390236
0.32907581
0.2203496
0.27757192
0.2951895
0.24275395
0.25548075
0.27775170000000005
0.33586877000000004
0.31103404999999995
0.36862436
0.34758741
0.37628051
0.3086845500000001
0.25510846000000004
0.2539593
0.2523199
0.26601412
0.2328321
0.2583125
0.24536980000000005
0.26006681000000004
0.27182231999999995
0.2230272
0.26700168
0.21776799
0.26697451
0.26509882
0.23854475
0.26835461999999993
0.28578644000000003
0.29206392
0.26500450000000003
0.30472220000000005
0.2555785
0.30949010000000005
0.27435047
0.23372165
0.27627762
0.2124153
0.2972473
0.15855369
0.17173629
0.15213333
0.15270773
0.16078202999999994
0.16176645
0.08142966
0.10292616
0.12410488
0.13957308000000002
0.12455589
0.07938334999999999
0.13130378
0.19488533
0.19072634
0.11792613
0.12070299
0.2102571
0.16708094
0.12425831
0.1410919
0.15035633
0.12195869
0.09629553
0.12673138
0.13783244
0.08800791
0.14426184000000006
0.09487083
0.09492678
0.14497779
0.14146874
0.12823718
0.09277478
0.15956079000000006
0.17244391999999995
0.16264054
0.18653391
0.18402703
0.12357295
0.14580437
0.11533099
0.14666171
0.31408273000000003
0.27490277
0.29097278
0.28699792
0.23935532
0.20456182
0.18001896
0.20101172
0.17865902
0.16404051
0.18837570000000006
0.17347864000000002
0.18396900000000005
0.14674634000000006
0.20705015000000004
0.25812415
0.24860404000000005
0.14431603
0.20283743
0.24059491
0.20120285
0.08978135999999999
0.22692382000000005
0.14003780999999998
0.11651431
0.14423315999999994
0.20801461
0.21869371
0.18462041
0.12580101000000002
0.17813499000000002
0.17457494
0.13294589999999998
0.12722429999999998
0.10872273
0.08080989999999999
0.08878699999999998
0.14829396
0.11991669
0.11941734
0.13187923
0.29268713
0.12799178
0.18273507000000005
0.12523333
0.07772206000000002
0.12826742000000002
0.07937930000000001
0.12267540000000005
0.12643566
0.15155057
0.12317951000000002
0.11372067000000002
0.13643456
0.17747377
0.18164442000000008
0.13973537
0.18913721000000008
0.14561927
0.14964031
0.11895886
0.11648810999999998
0.11079139
0.28817664
0.22692754
0.09331731
0.11506796
0.12699649999999998
0.1336648
0.12292214999999998
0.09520466
0.13715341
0.17802980999999998
0.14493789999999998
0.14519321
0.16607601
0.13883942
0.14790831
0.15680817
0.23955104
0.26602208
0.20018508
0.11471695999999998
0.18827792
0.20855753
0.21386817
0.25403004
0.18435022
0.21948813
0.20027622
0.20250917
0.19217997
0.18493347
0.20448837
0.20844602
0.23396227
0.0001345
0.1581869
0.037483
0.1876803
0.18453845
0.1851581
0.243698
0.235613
0.24351109999999998
0.013972799999999999
0.007218349999999998
0.00619313
0.007020489999999999
0.06665803
0.01224701
0.010691990000000002
0.01272515
0.007460970000000002
0.02682138
0.005999750000000001
0.00608954
0.00619565
0.00653167
0.00558313
0.005798210000000001
0.006896720000000001
0.00740008
0.008544339999999997
0.008828749999999998
0.00612172
0.00555453
0.006108390000000001
0.00602339
0.006116090000000001
0.06637461000000001
0.06802751
0.06811676
0.1999892
0.1991126
0.2210703
0.2235132
0.18823624
0.0860393
0.06545219999999999
0.07533952
0.08874897000000002
0.08294106999999999
0.11262312
0.1634754
0.12296660000000002
0.07718716
0.07173076
0.07100383
0.11114031
0.12549135
0.10645248
0.11224232
0.08981817000000003
0.06863437
0.07254183
0.11821872
0.08155380000000001
0.06926411
0.07344788000000001
0.08138331
0.08114170000000001
0.08558987
0.18796178
0.319095
0.372394
0.38546199999999997
0.20064000000000004
0.111554
0.1083048
0.11450999999999999
0.08862919999999999
0.10110142
0.10703742999999998
0.1081182
0.11261099999999998
0.0954131
0.1012921
0.1177729
0.1111835
0.1053643
0.0923658
0.1883421
0.1827654
0.1859377
0.1829437
0.1854767
0.14199630000000002
0.1900345
0.18519249999999998
0.190313
0.24802
0.347602
0.323342
0.249648
0.2225215
0.2405335
0.2360612
0.18512
0.20682500000000004
0.222295
0.15296210000000002
0.13916869999999998
0.1623601
0.2082731
0.1788817
0.2151604
0.1679315
0.1802346
0.1587904
0.1508977
0.2160086
0.14734350000000002
0.12882997000000002
0.13120536
0.11041972999999998
0.11818058
0.11229716
0.16642297000000006
0.15551694
0.11342709
0.0815747
0.08378469999999999
0.0728294
0.1049042
0.1120558
0.109417
0.10397
0.1026989
0.1027421
0.10324
0.09674630000000001
0.023375
0.0225809
0.05410179999999999
0.0778586
0.08393729999999999
0.03939
0.1045853
0.0875967
0.0885159
0.0447533
0.0592732
0.0290757
0.0554505
0.026653700000000002
0.0801737
0.0183365
0.016313299999999996
0.07642560000000001
0.1502511
0.13620870000000002
0.1241816
0.11790439999999999
0.11831010000000003
0.132967
0.1333805
0.1234247
0.0637002
0.0542188
0.07118510000000003
0.0527383
0.07150169999999999
0.07022260000000001
0.0672319
0.0620293
0.0724041
0.1564593
0.1571582
0.075728
0.1204466
0.060948400000000014
0.05971720000000001
0.06301699999999999
0.05962959999999999
0.06046960000000001
0.06066290000000001
0.0608721
0.0613384
0.060142
0.0712576
0.1211119
0.1218345
0.12429360000000003
0.12419850000000004
0.1160437
0.12536920000000001
0.1235285
0.1285789
0.07742160000000001
0.0181855
0.031628500000000004
0.0967318
0.1025718
0.0773221
0.0862029
0.1122827
0.1105822
0.15556389999999998
0.0679805
0.08424446999999999
0.27275
0.12628989999999998
0.1418326
0.1245052
0.11748430000000001
0.07680050000000002
0.07216998
0.13434538
0.13260568
0.17396957999999998
0.14922948
0.12979552
0.07277421999999999
0.08146231999999999
0.13700862
0.15014762
0.2008302200000001
0.19479792
0.13469021999999994
0.13753691999999998
0.13725300999999998
0.13337977
0.13885382
0.13799431999999998
0.13664067
0.15150601999999996
0.13943551999999998
0.14555867
0.13748401999999998
0.13202591999999996
0.27395742
0.15080571999999998
0.14596357
0.14347457
0.15295382000000002
0.14783017
0.14592542
0.15314522000000005
0.14984412
0.25440998
0.14420172000000006
0.15794597000000002
0.09063922
0.11062091999999996
0.09590807
0.09817257
0.09083782
0.08382022
0.11242213
0.15244967
0.31947548
0.34509334
0.35274699000000004
0.29727593
0.42605939
0.38878694
0.38606124
0.15660917000000002
0.12861222
0.14713916000000002
0.07724486
0.12937425
0.08494982000000001
0.0207971
0.03041595
0.017588649999999997
0.0177996
0.02164924
0.08335221999999999
0.009774270000000002
0.01911068
0.014341640000000003
0.01141329
0.03222339
0.12087809000000002
0.10005128
0.09993704
0.10343574
0.016520140000000003
0.01351144
0.09798099000000003
0.09685024
0.09485464000000003
0.08027327999999999
0.01125128
0.14566953
0.13927253
0.01812822
0.05782208000000001
0.05939578
0.05755368
0.05603298
0.057288879999999986
0.06835063
0.06064673
0.09687033
0.09922948
0.10459084
0.10328634
0.10225704
0.09384328
0.08615373000000001
0.08543573000000003
0.05886478
0.05928059
0.07625858999999999
0.07148072999999999
0.06530953
0.05316218
0.05007182000000001
0.04812002
0.05428173
0.11429073
0.11525753
0.08601182000000003
0.06137668
0.06256982
0.06560578
0.06813577999999999
0.08417273
0.09221468
0.09069868
0.09423368
0.08826533000000003
0.09220472999999996
0.08555885999999999
0.07214465999999999
0.08625466
0.04617893
0.12896749
0.1351896
0.12264889
0.20703747000000008
0.20004761
0.16847146999999998
0.13500456
0.10067074
0.10812555999999998
0.09674841
0.09652636
0.13688966000000002
0.09592181
0.0906188
0.10119775
0.11784256
0.11595652
0.10742981000000004
0.02576872
0.10991926
0.02641022
0.11680968
0.11724427
0.10962264
0.13477377
0.20900135
0.1429365
0.17480253999999998
0.18743172
0.1816655
0.18383434
0.1804425
0.22078854
0.19969445
0.1876396
0.20694554
0.18871902
0.17381924
0.17342252000000002
0.17530581
0.16627087000000002
0.19064487
0.22992086
0.22772575
0.23702612
0.23682967
0.23619087
0.23566639
0.24066225
0.25429597000000004
0.23064161
0.23908251
0.23923202000000005
0.24026384
0.26412517
0.24865272
0.27212979000000004
0.25805004
0.24340742000000004
0.2406844400000001
0.25453824
0.25168237
0.26372167
0.30659179999999997
0.26696304
0.2650892
0.26126782000000004
0.25351132
0.26069014
0.25944681
0.26173819
0.26162837
0.24534324
0.22151174
0.26543474999999994
0.29403409
0.30215434
0.30842275
0.25728554000000003
0.2894784
0.2786858
0.3002777
0.3153844
0.27947283999999994
0.26412999000000004
0.23946645
0.25255651
0.26965170000000005
0.26573554
0.29918165
0.27250635
0.25166216
0.19133041
0.17245791
0.15670144999999994
0.16102685
0.19210591
0.23426201
0.25575981
0.22913461
0.19975751
0.21313095
0.18221501
0.18570451
0.17145246
0.19238885999999994
0.16608305999999998
0.16234380999999998
0.18326491
0.22496801
0.30338041
0.23601631
0.21048066
0.15845056
0.16451756
0.16284591
0.17552271000000005
0.20950226
0.17960685999999998
0.16771866
0.22210736
0.16936631
0.16203136
0.19593141
0.17102991
0.15133216
0.16131806
0.15995311
0.16932081000000002
0.17208676
0.16446101000000002
0.15130546
0.19771341
0.20306186
0.15382280999999998
0.15777551
0.22968611
0.24920601
0.14022590000000001
0.21958270000000002
0.3659441
0.28624959999999994
0.2676644999999999
0.26005079999999997
0.2145259
0.1969969
0.20862799999999995
0.204182
0.172667
0.15385989999999994
0.1550319
0.21037899999999998
0.2265942
0.1911081
0.20841759999999998
0.2030264
0.274426
0.2281739
0.268732
0.16757999999999998
0.162151
0.15247589999999994
0.14360379999999995
0.1303405
0.205314
0.13696109999999995
0.1236221
0.1274961
0.1258269
0.12897350000000002
0.1242988
0.14050088
0.13718868000000006
0.13063913000000002
0.11293740000000002
0.11383810000000001
0.016260780000000002
0.17411681
0.22030163000000005
0.19155718
0.20093081
0.18008472999999994
0.09774312
0.10970416
0.16742861999999994
0.20860123
0.18843933
0.18452527
0.2123532300000001
0.2004101
0.12936518000000002
0.02948598
0.11202908
0.11414236000000005
0.029122100000000005
0.18165757
0.15755751999999998
0.156277
0.11432641
0.19519190000000008
0.09777846
0.10024289
0.08590214
0.10554245
0.0892767
0.10899235
0.04656417
0.08191531
0.13595921000000002
0.09034654
0.34406823000000003
0.32734368
0.25459299999999996
0.30834063
0.12688792
0.13809296999999998
0.3735631
0.28226238000000003
0.31298123
0.25468777
0.13383725
0.3462101
0.31852307
0.25175807
0.14910001
0.13455971000000005
0.14205451000000002
0.19280225
0.13113752
0.15254652000000002
0.22670093
0.16629183
0.36672808
0.26521086
0.20769928
0.16283229999999999
0.2011694
0.0788024
0.21706779999999998
0.14939170000000002
0.19189900000000004
0.11267410000000005
0.07161567999999999
0.1251221
0.13550199999999998
0.15653179999999994
0.12139460000000002
0.166344
0.08720320000000002
0.14068553
0.13535718
0.06293881
0.17569932
0.2816331
0.31985100000000005
0.2502664
0.27043130000000004
0.20662870000000005
0.29423600000000005
0.3101438
0.369122
0.3343392
0.1296833
0.16039759999999995
0.12464039999999996
0.115425
0.10208189999999999
0.099769
0.08220440000000001
0.2429261
0.3042516
0.3377257
0.2991224
0.33076039999999995
0.32726560000000005
0.3425285
0.1966312
0.1024742
0.2035519
0.1993132
0.15653820000000002
0.1131902
0.10861689999999999
0.14281910000000006
0.13095849999999998
0.1398544
0.2212798
0.1218348
0.0327071
0.032480400000000006
0.027561900000000004
0.0384289
0.0554585
0.1083
0.1148189
0.1504731
0.16285020000000006
0.1817622
0.2346933
0.2451449
0.21753029999999998
0.1921278
0.2024266
0.1081271
0.10977449999999997
0.06694539999999999
0.090432
0.10564389999999999
0.14300510000000002
0.17632860000000006
0.09157269999999997
0.1041538
0.097845
0.10301189999999999
0.1479412
0.0718373
0.10376220000000001
0.0963799
0.09236269999999999
0.10155979999999998
0.11384369999999998
0.12602560000000002
0.2534572
0.2251566
0.1843477
0.1413224
0.1298729
0.1702346
0.1280071
0.039643300000000006
0.10996689999999999
0.0472677
0.09557689999999999
0.11044550000000004
0.08616940000000001
0.11316580000000001
0.0963812
0.12483749999999998
0.0973358
0.13957460000000002
0.1246664
0.13660569999999994
0.12186669999999998
0.11726269999999996
0.1871694
0.2065244
0.0521271
0.1117028
0.1969654
0.20104390000000005
0.18090810000000002
0.152221
0.13747079999999998
0.13303320000000002
0.0119423
0.0097843
0.06569280000000001
0.092049
0.15394960000000002
0.14981670000000002
0.1667105
0.15181319999999998
0.1711057
0.15301479999999998
0.17087300000000002
0.14975870000000002
0.16203499999999998
0.1458021
0.0470765
0.055854199999999986
0.13600528
0.032377100000000006
0.0973475
0.12358850000000005
0.1389289
0.1539584
0.1658374
0.10046
0.143498
0.11761760000000003
0.16715660000000002
0.1632926
0.13575320000000002
0.14574700000000002
0.1597224
0.1890255
0.1779168
0.14120860000000002
0.19017170000000005
0.13659870000000002
0.16295709999999994
0.2043277
0.1910085
0.129348
0.1615377
0.14674539999999994
0.14640609999999998
0.1323146
0.1389589
0.1452509
0.1681268
0.06123210000000001
0.08779129999999999
0.0848171
0.11206989999999999
0.121921
0.1238736
0.0708691
0.08209390000000001
0.11060650000000001
0.1891221
0.17200379999999998
0.1858526
0.1747952
0.1634172
0.15589189999999994
0.1778654
0.17324679999999998
0.172227
0.17373899999999998
0.1811113
0.08190189999999999
0.08230080000000002
0.07298860000000001
0.07990140000000001
0.07373939999999997
0.07087239999999999
0.0689406
0.0789426
0.07379859999999999
0.07355930000000001
0.0756709
0.18401170000000003
0.18890320000000002
0.1870553
0.1788359
0.16802950000000005
0.172284
0.16466219999999998
0.16429570000000002
0.1682614
0.1738949
0.1619974
0.16735509999999998
0.1630546
0.1706499
0.16352750000000002
0.17064920000000006
0.17012739999999998
0.17585789999999998
0.17595039999999998
0.180231
0.1883481
0.17311870000000001
0.1822855
0.17239010000000002
0.1685554
0.1759946
0.071324
0.077806
0.08507210000000001
0.08264339999999999
0.1476087
0.1278651
0.0824691
0.08282419999999999
0.08954880000000001
0.17077407000000006
0.16965247
0.13020181
0.230089
0.09390775
0.06985274
0.17739534
0.09492274
0.07656084
0.10451834
0.17197629
0.14251654
0.3849863100000001
0.14184470000000002
0.08691009999999999
0.17026101
0.12314504
0.2344498
0.23108024
0.09708539
0.06940088000000001
0.1285982
0.13540481999999998
0.19076597
0.20133182
0.31983042
0.39749286
0.3513563100000001
0.27923879999999995
0.0979091
0.10037294
0.10370284
0.1050471
0.11173274999999998
0.1087277
0.08002593999999999
0.07556799
0.07942795
0.14899671
0.13077080000000002
0.17495491000000002
0.14322095
0.1198511
0.12090039
0.1264892
0.12609435000000002
0.1185615
0.18941954
0.18466649
0.11126244
0.10402708
0.17734183
0.16260133000000002
0.16171563
0.19903384
0.17242333
0.16407002000000004
0.16106763
0.15798968000000002
0.19234228
0.16133038
0.16294118
0.14869728
0.16456278000000002
0.17606338000000002
0.14553948
0.15782423
0.17568653
0.14430487999999994
0.15899602999999998
0.15189151999999995
0.15626732
0.17085854
0.16065434
0.15612918000000006
0.17996414000000002
0.15704458
0.14847807999999998
0.14817658
0.14041458
0.14287088
0.19849939
0.14178125
0.14020135
0.16437480999999998
0.16931491
0.16181183999999998
0.16867926
0.18010911
0.15651801
0.15298005
0.14423464
0.16033019
0.14818183999999998
0.14668501
0.15595131
0.14480448
0.14291399000000002
0.14573491
0.14709521
0.17056266
0.1531573
0.18388468
0.16653989000000002
0.14817118
0.17096363
0.15024172000000002
0.14615788
0.14378988
0.14762508
0.14909331999999995
0.16897823
0.14328918000000002
0.14457958
0.14583963
0.08788908
0.08010704
0.17957516
0.2255266300000001
0.22282737
0.11106281
0.08971031
0.10894471
0.09726274
0.08885404000000001
0.1157741
0.0943025
0.09311924
0.08930321
0.13310269
0.13028734
0.11107968999999998
0.10249494
0.09449196999999998
0.12972056999999998
0.10687271
0.10400141
0.15159219999999998
0.12434126
0.08784337
0.11564542
0.11023752
0.11745471
0.10291165
0.11092932
0.10702641
0.10875662
0.08891226
0.0858664
0.10092231
0.12778042
0.10704167000000002
0.09280320999999997
0.03990155
0.052621560000000005
0.16498652
0.09348095
0.08948384999999999
0.11622925
0.11950515
0.10291149
0.08805599
0.03367719
0.05039114
0.01726159
0.08833354999999997
0.058614540000000014
0.10920881
0.10117271
0.06036664000000001
0.059087750000000015
0.0639597
0.08297764
0.06182904
0.0612669
0.06780549999999999
0.05435694
0.048023340000000005
0.05274724
0.05783718
0.06525774
0.08116064
0.057613190000000016
0.06406099
0.09148435000000002
0.09253554
0.0938712
0.10485311
0.13126445
0.11706545
0.15583596
0.08792799000000001
0.10126440000000002
0.08696259
0.08350420000000001
0.08336500999999999
0.08509824000000002
0.09171355000000002
0.08834085
0.09090154999999996
0.08211794
0.07633204
0.08931358999999997
0.08286184
0.10929434
0.13156314
0.08596774
0.1033594
0.08104874000000001
0.09337115
0.09533445
0.08948144
0.0902427
0.07762809000000001
0.08631330000000001
0.07568364
0.07293788999999999
0.07745413999999999
0.08154959
0.08627913999999999
0.09425556000000004
0.09115256
0.08455069999999999
0.09466487
0.14677092
0.08266860999999999
0.0793317
0.03164694
0.09895761
0.048065800000000006
0.0810342
0.08399664999999999
0.09516191000000004
0.12742785
0.13445125000000002
0.08684564
0.0760751
0.03207404
0.11351544
0.06254559000000001
0.16562331000000002
0.28824601
0.41685447
0.25168957000000003
0.15959576
0.17534251
0.22946361
0.23694245000000005
0.21398055
0.22957691
0.19075266
0.21016831
0.21887091000000009
0.0667533
0.1068664
0.14804779999999998
0.10275605000000004
0.09261624
0.0946476
0.14334209
0.10797949
0.12667309
0.05946121
0.08090894999999998
0.10925835
0.11792155999999998
0.14044636
0.16154896000000002
0.0955976
0.09898489
0.15786425
0.21917925
0.1052808
0.16159650000000006
0.0898582
0.16391705
0.15847553999999994
0.17545110000000005
0.08482625
0.07692764999999999
0.099049
0.18048021
0.18295241
0.16472471
0.17089196
0.16317875
0.09499104
0.14981480000000005
0.17057870000000006
0.20494031
0.18806665
0.17798755
0.18807555
0.1616601
0.18608964
0.08210394
0.14333261
0.18220127
0.13473186
0.16042171
0.16513930999999998
0.14604181
0.12473570999999994
0.18382831
0.28149946000000003
0.34412101
0.32896559999999997
0.2545191
0.11132019
0.10398639
0.11189024
0.09724358
0.10748094
0.12845568999999998
0.10745059
0.06850658999999999
0.07260024
0.09982234
0.06574904
0.06289613999999999
0.06428758999999999
0.06603659
0.06725374
0.07389359999999999
0.07740425000000001
0.07389899
0.06871914
0.06591879
0.06551238999999999
0.06319774
0.06876614
0.07163314000000001
0.07105295
0.07455150000000002
0.06991639
0.062269200000000004
0.06436671000000001
0.12863695
0.08735861
0.06819995000000001
0.06290495000000003
0.06148114
0.0564945
0.0515755
0.05814609
0.06436719
0.057468840000000014
0.06266705
0.060958499999999985
0.06053279
0.05275834
0.05049558
0.05289739
0.04957674
0.05705099
0.05984974
0.058892300000000015
0.05737439
0.05772545
0.05450834
0.04558948
0.04243258
0.04582517999999999
0.04785104
0.050078840000000006
0.04636303
0.04413458000000002
0.04546558
0.05902544
0.049203180000000006
0.04298064000000002
0.08897748999999999
0.04367684
0.04536834000000002
0.0443629
0.04612229
0.21194857
0.15706070000000005
0.0515279
0.04278103
0.0436081
0.18056236
0.19247626
0.10695005
0.03488594
0.02673033
0.10354950000000004
0.0361826
0.04098883999999999
0.03806588
0.04021579
0.05096259
0.05206838999999999
0.04170544
0.034034930000000005
0.04302393
0.03264713
0.03185182
0.02580788
0.04901819
0.14648876
0.13691551000000002
0.13123177
0.10304206
0.06196414
0.05467434
0.05559631
0.0589375
0.05201049
0.05552194
0.05204304
0.047045590000000005
0.04692744
0.05135553
0.04632108
0.04387479000000001
0.04071829
0.05221634000000002
0.05232398
0.04466924
0.04729994
0.05441904
0.04452269
0.04695384
0.05518214
0.06976384000000001
0.1063203
0.060549380000000014
0.04956034
0.04281038
0.04180663
0.04650603
0.04932868000000002
0.052324190000000007
0.04459549
0.05112144
0.07474344000000001
0.06764833999999999
0.05237469
0.06481519
0.06102714
0.12246910000000005
0.06581754000000001
0.05993708
0.06149283000000001
0.07026849
0.07311354
0.06612884
0.07139229000000001
0.07977854
0.06328459
0.05605589
0.0630952
0.06831939
0.07424730999999997
0.07925195
0.07782501
0.06164789
0.05819338
0.05361098
0.05609783000000002
0.05375396
0.057126679999999985
0.060712729999999986
0.06400378000000001
0.05707588
0.05355143
0.05682463
0.05926673
0.06122963
0.06531164
0.06233618000000001
0.05696304000000001
0.06502418
0.06066494
0.06452134000000001
0.06382573999999999
0.07088205
0.06009211000000001
0.07516246
0.07750731000000001
0.08039806
0.07589351
0.07837581
0.0691464
0.06637539
0.07882795000000001
0.0755701
0.06791474
0.07022374
0.07700789000000001
0.06699734
0.06637789
0.07416350000000001
0.08639261
0.08383020000000001
0.08361684999999998
0.08434775
0.07956415
0.06614349
0.06783934
0.07111279
0.08512526
0.09072056
0.09079576000000003
0.08720626000000001
0.09101026
0.08963121
0.0744562
0.08206064000000003
0.08009925
0.0726679
0.0267775
0.0664672
0.0341712
0.08266781
0.0772931
0.07475394
0.07322155
0.06185454000000001
0.06282134
0.05922388
0.04788048
0.05435528
0.06072308
0.06808938999999999
0.07797169000000001
0.08163724
0.04481675
0.0861107
0.040897850000000006
0.07729739999999999
0.08218314
0.07794339
0.06254118
0.06377068
0.06390952999999999
0.06335093
0.06402528
0.07396758999999999
0.07448479999999999
0.0783745
0.07663810000000001
0.07759673999999997
0.07339269000000001
0.06240944
0.08138274000000001
0.08144038999999999
0.07839469
0.07173354000000001
0.08968111
0.06853684
0.08376863999999999
0.08465083999999998
0.0803199
0.0751135
0.08367374
0.08161509999999997
0.08260303999999999
0.08311255
0.08398969999999999
0.07004289000000001
0.06669999
0.07284763999999999
0.07789139999999999
0.07859680000000001
0.0803003
0.08334025
0.0789876
0.06969759
0.07492989000000001
0.07558203999999999
0.07473554
0.06755984000000001
0.06861074
0.06738264000000001
0.07433659999999999
0.14335445
0.14699706
0.07370489999999999
0.22951546
0.09065061
0.08522126000000001
0.046008320000000005
0.09305361
0.07937545000000001
0.07751411
0.08422210999999999
0.07785360000000001
0.08052240000000001
0.07987114999999999
0.07753085000000001
0.06968055
0.07025938999999999
0.07421249
0.07742660000000001
0.07706495000000001
0.1318844
0.07149534
0.22222701
0.21960425
0.15565905000000002
0.07746708999999999
0.08031014999999997
0.075875
0.07434099
0.07239415000000002
0.10562824
0.19994569
0.19284299
0.11750574
0.06279768000000001
0.06476853
0.06311479
0.06680184
0.06583984
0.07376814000000001
0.06728394
0.06390964
0.05976954
0.06416384
0.06978364
0.06710189999999999
0.06445369000000001
0.06810311
0.11327326
0.07782424
0.061258290000000014
0.05843474
0.05862748
0.05743604
0.06036224000000001
0.06303694
0.06480404000000001
0.05703004
0.05630229000000001
0.05503198
0.05170023
0.045808730000000006
0.05041508000000002
0.05320223
0.053203780000000006
0.04891194
0.05473989
0.04658767999999999
0.04806908
0.04828423
0.04388688
0.04546684
0.048235240000000006
0.05044614
0.054527080000000006
0.04541428
0.043865030000000006
0.034251229999999994
0.04097073
0.04795688
0.07031914
0.12181955
0.12760848
0.04645028
0.03564938
0.04128613
0.03778493
0.03915799
0.04163963
0.03977920000000002
0.035035939999999995
0.03502973
0.04314923
0.03784153
0.03637078
0.039176390000000005
0.040044240000000016
0.04311368
0.04152188
0.041355180000000005
0.048822340000000006
0.24581357
0.29102887
0.27075003000000003
0.10081107
0.06491756
0.11578755000000004
0.04214539000000001
0.04160829
0.05070029
0.04704619
0.05416614
0.045787690000000006
0.05094599
0.04473275
0.04267528
0.03958888
0.03549374
0.07882924
0.09755858
0.08351754
0.09467794
0.09787344
0.09192638
0.10028814
0.08227904
0.10136744
0.10247244
0.08959759
0.2011168
0.15892369
0.09548595
0.099672
0.09623694
0.10602006
0.10447691
0.08555839999999998
0.08023300000000001
0.10465804
0.08839045
0.18173121
0.12475986
0.10828415
0.09805315
0.10854849999999999
0.10605719999999999
0.11663651
0.10449361
0.11206855
0.1040762
0.10724480000000003
0.09147334
0.09796934000000004
0.08989494
0.09018139
0.11208984
0.11470634
0.11494565
0.12062075
0.12570975
0.12335685
0.12166111
0.13365495
0.12779695
0.13373089999999999
0.1216229
0.10165155
0.12957981000000002
0.13625955
0.13783331
0.12819075
0.10731481
0.12178535
0.058969290000000014
0.05919258
0.05790088
0.05833448
0.06481104
0.06530554000000001
0.06709859
0.06039438
0.06014988
0.058918680000000015
0.06346898000000001
0.07048509
0.06592429
0.06649084000000001
0.024851090000000003
0.02192759
0.06719734
0.06662054
0.06322914
0.07333784
0.07766993999999999
0.06352393999999999
0.06526809
0.06649537999999999
0.07311708000000001
0.06845858
0.06872989000000003
0.07001644000000001
0.06665199
0.07112274
0.06622724
0.06788113999999999
0.07229464000000001
0.07153144
0.07488194
0.07319028000000001
0.07371914
0.06823768000000001
0.06929053
0.07127827999999999
0.07535019
0.07088419
0.07119674000000001
0.06811714000000002
0.07261814000000003
0.07169818000000001
0.0845053
0.07995379
0.08046349
0.07524214
0.08723804
0.07769184000000001
0.07779949
0.07885344
0.07787414000000001
0.10742739999999999
0.1162777
0.10678164
0.11177434
0.11497315
0.11064739999999999
0.1072836
0.10999205
0.11435014999999996
0.10718085
0.10503615
0.13643281
0.10040211
0.07368169999999999
0.0775563
0.08154065000000002
0.08312005000000001
0.07593589999999999
0.07467236000000001
0.06544764
0.08916189000000001
0.06766383999999999
0.08520124000000001
0.13521685
0.13552329999999999
0.14304861000000002
0.14640425
0.17980010000000002
0.2383507
0.2484388
0.18703054
0.17424863999999998
0.17818644
0.17078974
0.12798164
0.17477809
0.17376519
0.16245364
0.18071504
0.18028824
0.17299454
0.19076700000000002
0.19071845
0.19517945
0.1976477
0.19340824
0.1922013
0.19121194
0.18650949
0.18271964
0.18992979
0.22139120000000004
0.22101314
0.21986960000000005
0.2123625
0.2174834
0.21049684
0.16360049999999998
0.27449759999999995
0.24295784999999995
0.16378925000000005
0.16541845
0.08311135
0.14908651
0.07818665
0.1287544
0.12756679
0.13730725
0.11329114
0.1155903
0.11391255
0.07877305000000001
0.14477384999999998
0.13922971
0.14322705
0.14776095
0.13427121
0.13889785000000002
0.12482950000000001
0.23862754000000005
0.23756594
0.23186919
0.17994739
0.23609074
0.22127034
0.23360254
0.24065029
0.23819729
0.23820054
0.18132264
0.18198135
0.12424215
0.16556994
0.22201170000000006
0.21937269
0.2387999
0.22814205
0.22673826
0.23928315
0.2321506100000001
0.231319
0.23724651
0.1825146
0.17496801
0.17798854
0.1800098
0.17043893999999998
0.16714658999999998
0.15914369
0.16231589999999999
0.16130184
0.17096214999999998
0.1804623
0.17990331
0.17026729999999998
0.17295660000000002
0.16963104
0.15146714
0.09765908
0.04840138
0.05135007999999999
0.04630393
0.04726603
0.05629503
0.05540003
0.05612397999999999
0.060598489999999984
0.06150734
0.04391973
0.04075253
0.04382261999999999
0.03815556999999999
0.03637377
0.03873592
0.03822098
0.03885158
0.04784788
0.04401648
0.04192594
0.04829114
0.05639049
0.046936040000000005
0.04745734
0.047600880000000005
0.040593980000000016
0.04117733
0.12195679
0.09100124
0.10004484
0.10973275
0.10730894
0.054720040000000005
0.05071264000000001
0.05553775
0.055779190000000006
0.04658439
0.09967824
0.08666139
0.04608948
0.04847438
0.05173804
0.047565140000000006
0.04424598
0.04431538
0.05756904
0.04695283999999999
0.04451239000000001
0.19820639
0.13193509
0.08377968000000001
0.03979977999999999
0.02972018
0.03627173
0.04057713
0.0461788
0.05008284000000002
0.049955400000000004
0.1078104
0.08926334
0.10937805
0.10710495
0.19907347000000009
0.25736862
0.19260763
0.12481993
0.10275001
0.10989976
0.11191645
0.09891556
0.12331901
0.11601751
0.10726431000000004
0.09968451000000003
0.10792870999999997
0.11804505000000005
0.12600091
0.11564681
0.04893205
0.054113640000000005
0.09950069
0.16297494
0.12265439999999997
0.10370544
0.1133894
0.13911194000000002
0.13872188
0.09444214
0.17644105
0.17776320999999998
0.05097278
0.04677888
0.04599348
0.04128617999999999
0.04457643
0.04820947999999999
0.04916908
0.05258704
0.21957438
0.22269413000000005
0.26404938999999994
0.3448828399999999
0.28641518000000005
0.21990852
0.16270927
0.12442581
0.12470681000000006
0.12392107
0.11030821
0.09486654
0.1046973
0.11740094999999998
0.10927895
0.1159357
0.112876
0.10146924
0.11734059999999999
0.11105766
0.11847795999999998
0.17074131
0.16686444
0.10547765000000002
0.10764660000000001
0.09732784
0.09958904
0.10161409000000003
0.09183268999999998
0.07310264
0.05750098
0.06303383000000001
0.05801168
0.06621428
0.06708298
0.06605484
0.10486649
0.10533589
0.08390210000000001
0.09236739
0.07894004
0.09319459
0.11203216
0.11299041
0.14641486
0.09780754
0.06320964
0.08436784
0.08789734
0.08724144
0.08252688
0.08151708
0.08367538
0.07898068
0.08154574
0.08555479
0.09983074
0.09066719
0.0939184
0.092951
0.06459619
0.06375794
0.13774556
0.14185881
0.13650041
0.12298845
0.12362645
0.05756399
0.12762046
0.13268961
0.12364835999999994
0.12727725999999998
0.13400661
0.12805141
0.12414515
0.12735745
0.13685864999999994
0.16371275999999998
0.14987675
0.14095154999999998
0.14570455999999998
0.09019391
0.12625166
0.12916225
0.14458856
0.14866151
0.12963951
0.14292406
0.13923226
0.14990446
0.15287676
0.15670836
0.16131110999999998
0.16031257000000002
0.15513226
0.15912826
0.15659906
0.12605614999999998
0.27459765
0.2917513
0.2979825
0.31607821
0.29488006
0.29582525
0.28043331
0.28331841
0.29444141
0.09742420000000004
0.08805714
0.07077380000000001
0.0874654
0.0845262
0.08389665
0.07412549
0.12817314
0.13609143999999998
0.11015825
0.1187075
0.1299063
0.32163544
0.47029259
0.45673449
0.46249514
0.06931165
0.04074105000000002
0.0371719
0.0342682
0.09481755
0.14692817
0.03343686
0.13251390999999998
0.15455451
0.15475355999999998
0.07039901
0.16375520999999998
0.05105321
0.11453000000000002
0.13122324000000002
0.10937915
0.11701396
0.047880720000000015
0.13025467
0.09265011
0.16997172
0.17062041
0.09185869
0.09233689
0.0975544
0.13793384
0.10341623999999998
0.15032514000000002
0.09564514000000003
0.15548004
0.12985519999999998
0.15912304
0.06874423999999997
0.08417063999999998
0.15822068999999994
0.14856614
0.12143674
0.09531024
0.16949704
0.09120544000000004
0.1379588
0.15322280000000002
0.1804736
0.09731289000000004
0.14157548999999994
0.06609204
0.10760398999999997
0.11443069
0.1092119
0.13387215999999996
0.12217505
0.13145119999999996
0.13258833999999994
0.10293919
0.1292516
0.15857514
0.13791044
0.09524064
0.15324964000000002
0.16074878999999995
0.11937699
0.13008484
0.18587674
0.16441819
0.14034574
0.22058939
0.14141215
0.16611536
0.11846634
0.09649178
0.07413108
0.31765891
0.37581696
0.38774561
0.35902716
0.37867503
0.36645378
0.37001354
0.36057193
0.35819316999999995
0.33638843
0.32941463
0.35535651999999995
0.36216607
0.39301621
0.38762247
0.38918357
0.35698007
0.36977986
0.35491341
0.34772746
0.13163041
0.07624529000000001
0.087421
0.09987145
0.12222700999999996
0.14477511
0.07933420999999999
0.18829921
0.10097916999999998
0.09225841
0.12036651000000002
0.20729602000000005
0.20367117
0.24163107
0.20613011
0.18507616
0.13716720999999998
0.08764955
0.11852021
0.13963226
0.18089266
0.21266531
0.27111641000000003
0.05543216
0.03967711
0.05290264
0.05050029
0.05162489000000002
0.04236439
0.09331735
0.1275308
0.13416611
0.13994990000000002
0.15938126
0.17001956
0.15936674999999995
0.14613921
0.10173237
0.09079741
0.08258461
0.05353171
0.08114861
0.06924575
0.05809909
0.04192624
0.04875380000000002
0.07274800000000001
0.06450881
0.06210614
0.05230119
0.03636029
0.05454834
0.054826099999999996
0.07351365
0.07108194
0.05209371
0.06378081000000001
0.06213375
0.06657771
0.066607
0.08159056
0.07016761
0.08305965000000001
0.08094365999999999
0.08381140999999999
0.07996479999999999
0.09484070999999998
0.13517541
0.12225564999999995
0.10954769999999997
0.21803365
0.24201151
0.22331051
0.18425274
0.18332400000000004
0.18489675
0.12365250000000001
0.19773326
0.17957321
0.17014233200000006
0.20356346000000008
0.21693312
0.26021427
0.23434726
0.23746331
0.19256746
0.17632513
0.20606899
0.29263904
0.17966313
0.15660104
0.19110304000000009
0.20034894
0.19381604
0.18248504
0.18473904
0.16527199000000006
0.15323204
0.18217399
0.09422536000000002
0.08192431
0.08559536
0.08825631
0.10234336
0.07820945
0.07803254
0.0808675
0.07840154
0.07931258999999999
0.07146054
0.06774258999999999
0.07433759
0.07184741
0.18332827
0.24533322
0.22626522
0.26641199
0.28742822
0.24041517
0.25340722
0.21055508
0.19256831
0.22395936
0.18052245
0.14236741000000006
0.18349901
0.15801936
0.14769641
0.16789445
0.1356525
0.13082658999999994
0.13466154
0.13105250000000002
0.13371445
0.12810145
0.13210658999999994
0.1329205
0.12538245
0.13153945
0.1218545
0.12903549999999994
0.13133949999999994
0.12952049999999998
0.16400854000000006
0.1225765
0.12371153999999998
0.14085059
0.22349259
0.12131054
0.11698859
0.11575350000000001
0.11432654
0.12230645
0.12615649999999998
0.13080345
0.12943145
0.14625336
0.15372922
0.30200804
0.32850394000000005
0.15105213000000006
0.14142508
0.16503427
0.12942541
0.13067345
0.1249405
0.1284735
0.12940049999999995
0.1262025
0.11985950000000001
0.23703445
0.07342454
0.12229949999999999
0.11990159
0.13588850000000002
0.16001345
0.07535836
0.12139441
0.2275275400000001
0.14910659
0.10814754
0.09530254
0.13886353999999998
0.13439659
0.10215641
0.10418645
0.12183836
0.18604027
0.18859627
0.14615541
0.16267531
0.13609744999999998
0.18266836000000009
0.13573844999999998
0.1334555
0.13724450000000002
0.14005545
0.11627764
0.09334117
0.09385545
0.1411175
0.1390495
0.16652136
0.14365340999999998
0.1362065
0.0916295
0.14490545
0.13949764
0.15706817
0.33684941
0.29743154
0.24170754
0.1821745
0.10271345
0.10697731
0.0402925
0.12354545
0.10382841
0.31578241
0.24453541
0.24286441
0.10884645
0.07985279
0.07930454
0.07742464
0.06966459
0.07005959
0.14317154
0.15498159
0.06447164
0.07503858999999999
0.07499559
0.06998164
0.06233964
0.06427668
0.06703468
0.06945364000000001
0.06537868
0.06567068000000001
0.06592964
0.0663845
0.11012659
0.11886759
0.11784354
0.11734359
0.11780059
0.1175825
0.07356854
0.17299154
0.06064859
0.06233554
0.0840485
0.07194550000000001
0.06362168
0.05700473
0.06028964
0.054234590000000006
0.05609364
0.05207102
0.0481162
0.05078919999999999
0.05023824
0.04710229
0.054363199999999993
0.05603234
0.04361593999999999
0.05019934
0.06967538999999999
0.046810300000000006
0.04144939
0.04004715
0.04258429999999999
0.04286010999999999
0.04789983
0.24934697
0.23728606
0.16385515
0.16453120000000002
0.16333559
0.03954268
0.10420364
0.31474427
0.12780550000000002
0.03496768
0.03276392
0.034837820000000005
0.15520654
0.04144178
0.03510988
0.03700448
0.07177768
0.03386873
0.03142187
0.03492482
0.04624654
0.13160759
0.16637058999999998
0.03211182
0.03245673
0.12331668
0.08001268
0.10480954
0.09732264
0.06443568
0.02915173
0.03585741
0.44976441
0.4790894499999999
0.43143227
0.4786723100000001
0.48141927
0.47841836
0.48127327
0.48037931
0.42144031
0.47810527
0.46176345
0.4798223600000001
0.0332905
0.03253073
0.02810492
0.02829387
0.027097870000000003
0.02771287
0.02820792
0.029415870000000007
0.03293387
0.03430987
0.03077282
0.030763780000000008
0.035517820000000005
0.03462682
0.03231282
0.032647819999999994
0.03782387
0.03223592
0.035422819999999994
0.03576587
0.03112987
0.03514968
0.048030640000000006
0.037355780000000005
0.03980073
0.04329736
0.21329891
0.04198288
0.03409402
0.04411511
0.09086164
0.054211020000000006
0.07079483000000003
0.04784865
0.06502983
0.06259383
0.06843086999999999
0.04419907
0.04507179
0.06897197
0.06484192
0.06997583
0.06719197
0.08001578000000001
0.07117583000000001
0.09802959
0.06578877999999999
0.08382264
0.08550764
0.05161988
0.04377402
0.04489611
0.04796307
0.05091311
0.05032207
0.051410199999999996
0.05167907
0.05214706
0.05376707000000002
0.05393411
0.05746401999999999
0.06279365
0.26787119
0.28293519
0.28322013
0.28367414
0.17194622999999998
0.10174883
0.07943179
0.05953392
0.05783702
0.054672870000000005
0.31507668000000005
0.23886909
0.21022618
0.21522613
0.21328909
0.22381109
0.08712968999999998
0.16282604
0.18170259
0.1823685
0.18117155
0.10526255
0.10323314
0.09504583
0.06559364
0.12397805
0.07269959000000001
0.07408063000000001
0.07102014000000001
0.11067779
0.11842854
0.11261769
0.11352898
0.11207224999999996
0.11271962
0.11474824
0.10588134000000002
0.20396886
0.22511661
0.10328474999999998
0.11286825
0.21534419
0.2286032
0.1172987
0.11337729
0.11457544
0.10773989999999999
0.13173950999999998
0.12278376
0.07154028
0.08143442000000001
0.11676245999999996
0.07838764000000001
0.08781055
0.07493451
0.06977993
0.08207479
0.07464583000000001
0.07311783
0.06854292000000001
0.11859283
0.12494887000000005
0.15884946
0.09612345999999998
0.24157223
0.30452586000000004
0.28530567
0.22017585
0.08037736
0.08700822
0.10223678
0.1132861
0.10393603000000004
0.29354086
0.28680631
0.2493769200000001
0.14044197
0.08264300999999999
0.07496726999999999
0.27091697000000003
0.42547306
0.41796941
0.44972071
0.45274722
0.43497157
0.42513531
0.4760831300000001
0.46959187
0.47602712
0.47433427
0.4706634700000001
0.47283122
0.47174413
0.45483792
0.46022113
0.44661533
0.19449248
0.09920824
0.08730402000000001
0.08549226000000001
0.08268751
0.08394145
0.08299351000000002
0.07863690999999999
0.08290341
0.10271165
0.21412261
0.14762321
0.11165721
0.11774635999999998
0.11303131
0.10754877
0.21182717
0.14982347
0.14192940999999998
0.02569841
0.31586023
0.21367537
0.29500294000000005
0.37771148
0.34953007
0.12831362
0.19852762
0.16031127
0.08962181
0.14529404999999998
0.17831526000000006
0.18712496
0.15131541
0.14507441
0.0926367
0.14696664
0.04292114
0.14298319
0.14796624
0.24193379999999998
0.21042929
0.15769194
0.16199064000000002
0.14151979
0.15194618
0.14669877999999995
0.13889851999999994
0.18013391
0.15611113999999998
0.16634853999999996
0.15732349999999998
0.15890854
0.14758654000000002
0.15215864
0.15926058999999998
0.10221164
0.09561459
0.09732564
0.08941159
0.09304564
0.08577059000000001
0.09409154
0.12138845
0.10705254
0.09547094000000003
0.08872298999999999
0.08857034
0.08475979000000003
0.08045773999999999
0.07895239
0.09271859000000003
0.09426449
0.07064739
0.07712434000000001
0.07065758999999999
0.06567424
0.09241064
0.07451664
0.3106985
0.32373945000000004
0.3138225
0.31113254
0.32315645
0.32013245
0.30830531
0.22150154
0.06455268
0.06268873
0.060488779999999985
0.04739978
0.06643973
0.07902768
0.39230445
0.40108541
0.40118275
0.38632925
0.39896101
0.39515025
0.37699875
0.35752940999999994
0.32674965
0.06512264
0.05026558
0.06969494
0.06896213999999999
0.06945559
0.10881374
0.10893954
0.10325694
0.11363104
0.12428693999999996
0.08746778999999999
0.10192574
0.09533059
0.09044359
0.05710564
0.05550378
0.052336820000000006
0.04756173
0.05181268
0.035956639999999984
0.1128595
0.30384059
0.26972073
0.21869178
0.22073078
0.21876978
0.22344873
0.24239268000000005
0.28189164
0.28688468
0.03328178
0.03526682
0.03032192
0.04661073
0.06177868
0.07974604
0.08185578
0.07577978
0.07827772999999999
0.07784073
0.08428959
0.08075868
0.12337378
0.11637173
0.11255178
0.24951545
0.4493923100000001
0.46570527
0.47330922
0.15070322000000005
0.37865799
0.36927522
0.3685332200000001
0.36502617
0.35594922
0.36659917
0.36867917
0.37955917
0.33316617
0.33536417
0.33495827
0.33579130999999995
0.34386231
0.3409463600000001
0.33170935999999995
0.33447735999999995
0.33493641
0.32825441
0.33031245
0.33069245
0.35463541000000004
0.41051341
0.33139041
0.3736974100000001
0.31958431
0.35094017
0.36651017
0.29957708
0.36583813
0.36110717
0.35917813000000004
0.3407892200000001
0.3789069000000001
0.3596818
0.32435385
0.33028428
0.32386099
0.32286304
0.32098399
0.32433890000000004
0.32419807999999994
0.36891099
0.31854413
0.31437017
0.36401917
0.31030022
0.31386317
0.31929022
0.31818117
0.31637631000000005
0.36212992
0.38018597
0.31564911
0.32388846
0.33021036000000004
0.33163326000000004
0.32594865
0.32569447
0.32135696
0.33244811
0.33463497000000003
0.04021585
0.09218873
0.09220754
0.09222044
0.14924954
0.09941021
0.15287464
0.13472004
0.12151828
0.08645693
0.16987896
0.15667548999999995
0.16167144
0.15364260000000002
0.14319043999999995
0.15052654
0.12668084000000002
0.14104859000000006
0.15061054
0.13038223999999998
0.14066509000000002
0.14578333999999998
0.14994654
0.14216948999999998
0.15748354
0.15750068
0.15673734
0.14376464
0.15963648
0.15028368
0.14776754
0.09602688
0.09610188
0.10682738
0.09408413
0.09647503
0.09304403
0.09401832
0.03417627
0.03745818
0.07178618
0.02312022
0.02522902
0.08472958
0.07737634
0.08411503999999999
0.09418915
0.15897215
0.17722585000000002
0.10498004
0.17373575
0.14702094999999998
0.15901728999999998
0.16690439
0.12473044000000005
0.16437960999999998
0.14505210000000002
0.13144871
0.12446730999999996
0.13327021
0.16104741
0.15047934000000002
0.14718184
0.13975344
0.14455064
0.12869309
0.13795684000000005
0.14578299
0.13667474999999998
0.13894365
0.15030775
0.09974944
0.11536386
0.11894764
0.13755794999999998
0.12293884
0.12869229
0.12526775
0.13052555000000002
0.16507141
0.110634
0.10435443999999998
0.09720351
0.08319096000000001
0.10269625
0.1149705
0.1203854
0.1008069
0.11942571
0.06484790999999998
0.06824312
0.04185151
0.09767172
0.08817737
0.10203291
0.14994357
0.13085917
0.13445131
0.09996596
0.27976679
0.30852579
0.40703934
0.28092746
0.13490852
0.14628941999999998
0.11140531
0.16825667
0.17985002000000005
0.14420011000000002
0.060721310000000014
0.10326487
0.09633531
0.10644381
0.08649506000000001
0.09816091
0.09691216
0.09466770999999996
0.07621895000000001
0.08569765
0.11316969999999996
0.08564074
0.11725610000000002
0.08249424000000001
0.07849329000000001
0.09292814
0.07543378999999999
0.07784033999999998
0.09577011
0.09551152
0.09355771
0.10030242
0.14690872
0.07323921
0.10321761999999997
0.09692831
0.09112556000000002
0.10376001
0.10367407
0.11763571
0.13035047
0.10330261000000003
0.12748354999999995
0.12247465
0.10624591
0.10546646
0.09706151
0.09427086
0.09990600999999998
0.13892911000000002
0.13765766000000002
0.13632707
0.10898077
0.16436792
0.16493201000000002
0.16992687
0.16830177000000002
0.15103091000000002
0.09086621
0.10904496
0.11184921999999996
0.17139387
0.14676067
0.12157547
0.12190101
0.11543923
0.08691866000000001
0.0940928
0.06582323999999999
0.08544455
0.10318464999999998
0.07331075000000001
0.08381174
0.09832415
0.08980245
0.07942815
0.06858774999999999
0.08651995
0.07216709
0.08950795000000003
0.08237140000000001
0.09765636
0.08166121
0.21669812
0.19283511
0.15214290999999994
0.07869630000000001
0.12372821000000002
0.12167891
0.10759044999999998
0.11292111
0.09696961
0.10494525
0.09071321
0.10817116999999997
0.13869651
0.14213387
0.14440851000000002
0.13237166
0.09580211
0.09813541
0.45605971
0.46792451
0.47574521
0.46945926
0.47475096
0.4743617
0.4709390000000001
0.47427185
0.47554049
0.47458909
0.4694420999999999
0.48054291
0.47243741
0.47572841
0.47509925
0.474607
0.47598031
0.47223651
0.45203005
0.47954941
0.47370553
0.47838201
0.47885766
0.47951691
0.44906816
0.10500931
0.34599749
0.22844362
0.09800515
0.10506216
0.08387061999999998
0.10659496999999996
0.09836201
0.11274350999999998
0.08092580999999999
0.20619931
0.16265047000000002
0.18687792
0.11820197
0.16558527
0.12219097
0.12380767
0.12758796999999994
0.13972632
0.19631652
0.18387341
0.15290867
0.13532527
0.14809222
0.19770861
0.19033681
0.15664197
0.20954771
0.16647751000000002
0.15940010999999998
0.11063556
0.17038575999999994
0.17440991
0.09350711
0.20726931
0.13965611
0.21435911
0.20010966
0.13340381
0.15501426
0.16103785999999998
0.16863622
0.13847941
0.09140737
0.18582287
0.15637992
0.09894686000000004
0.06426051999999999
0.15897671999999996
0.10294155999999996
0.11217235
0.12076040999999994
0.13581426
0.11137917
0.14099676
0.10168911
0.09586641
0.10374506
0.09373690999999998
0.10074641000000002
0.11470571
0.12287621
0.09205701
0.08794570999999997
0.13317165
0.08399545
0.09035651
0.10218321
0.10455661
0.11382671
0.10018477999999996
0.09202166
0.06185540000000001
0.08129556000000003
0.2254579300000001
0.19467064
0.22890174
0.09367877
0.09384677
0.09320876
0.10790961
0.21558991000000005
0.24043887
0.2191750100000001
0.19096951
0.14505746000000005
0.20426512
0.18949761000000004
0.23124117000000005
0.18350047
0.21113482000000008
0.20671051
0.20992962
0.19638942
0.22074674
0.21771287
0.22960784
0.20503408
0.22370722000000004
0.19384137
0.16915676000000004
0.16071991
0.14435831
0.11394446000000005
0.120915
0.14619066
0.21353211
0.16435297
0.13700851
0.15793747000000002
0.09344904
0.09141311
0.08954391
0.1041779
0.11878186000000004
0.07402901000000002
0.13802610999999998
0.06765311
0.11213706000000002
0.11188367
0.11085307
0.09091127
0.13304231999999994
0.09012661
0.09974846
0.07736646000000001
0.17454566999999996
0.07430746999999999
0.06868135
0.07189030999999999
0.13171282999999998
0.10534681
0.12382841
0.19638697
0.18552893
0.22405703
0.27739297
0.26286608
0.19817387
0.13033523
0.16430271
0.21032081
0.19417225
0.19170746
0.20517166
0.19847676
0.19388721
0.20340301
0.20960931
0.19134016
0.20875536
0.19657205
0.185615
0.23765455
0.27599421
0.23667085
0.24541125
0.24384466000000005
0.27651371
0.25862256
0.22072522
0.24130427
0.25564427
0.18921081
0.27729622
0.15737942
0.28152806
0.28276672
0.13745591
0.19038751
0.17936066
0.10239105
0.15784366000000002
0.16639980999999998
0.09252834999999998
0.11635611
0.17367502
0.13091497
0.18132917
0.10373381000000002
0.11143146999999998
0.13147571000000002
0.08285592
0.05069574999999999
0.0550466
0.07601951
0.08603580999999999
0.10923886
0.0991898
0.12620107
0.17903576999999998
0.12052526
0.16620386999999998
0.16467761
0.14879921000000002
0.05842896
0.09023427
0.11019217000000003
0.09423291
0.08523976000000003
0.09528546
0.11899746999999998
0.23458432
0.05306791
0.0767593
0.09787830999999997
0.1031517
0.09533830999999998
0.05008063999999999
0.06399085
0.06611273999999999
0.18510131
0.07112270999999999
0.16272071000000002
0.12324905
0.14227856
0.18818771
0.14414057000000002
0.14151001
0.11009171
0.16027911
0.22413017
0.16076091
0.18159547
0.14928060999999998
0.14086006
0.07453660000000001
0.10052636
0.11390796
0.28435187
0.31205903
0.37324829
0.31143499
0.08346722999999999
0.08613296
0.07525007
0.08119136999999997
0.18607017
0.21378242
0.05226531
0.09660617
0.02600741
0.09562841999999998
0.07682506
0.07214951
0.08904781
0.10598241
0.08771147
0.10940672
0.07090716999999999
0.14378327
0.11141510999999996
0.12514026
0.07473071
0.10911951
0.08877469999999997
0.10033421
0.09108975
0.13945791000000002
0.12127361
0.06037724000000001
0.08255166
0.04902631
0.08946750999999999
0.11815916
0.09906489999999998
0.14565281000000002
0.13825316
0.15292900999999998
0.19736267
0.14505761
0.17943807
0.15699536999999994
0.2523170200000001
0.21156096
0.24030111
0.23436041
0.22561117
0.14918017
0.18654066
0.2495969200000001
0.23150107
0.18269136
0.21422032
0.22617782
0.2162505700000001
0.23152547
0.20553465
0.21085927000000004
0.18332731
0.20738372
0.17630471
0.24483297
0.21846541
0.16550131
0.15389446
0.16657145999999998
0.17420231
0.22171141
0.1773527
0.15657654
0.14107835
0.14237655
0.1587076
0.1941246100000001
0.18478271
0.17200291
0.14679854999999994
0.19015401
0.16297505
0.13555109999999998
0.17319251000000002
0.16388714999999998
0.25984731
0.12172866
0.22402996000000008
0.18009621
0.16484026000000002
0.21377481000000004
0.25049946
0.16294651000000002
0.17504086
0.21625781
0.17156786000000002
0.21546661
0.23144666000000005
0.18451856
0.14609886
0.12745845
0.13325545
0.19650531
0.15940886
0.18287591000000009
0.18429391
0.16086607
0.20465476
0.20453171
0.27710422
0.23394109
0.23094018
0.24146043
0.20733288
0.17331618
0.23751034
0.21376899
0.22184927
0.21382003
0.20434236
0.1843633600000001
0.22536526
0.24332151
0.21140471000000005
0.25216456
0.15075450999999998
0.19807061
0.17696495
0.21536811
0.27311196000000004
0.23410041
0.25551031
0.19935361
0.23135751
0.16946541
0.19680521
0.18357721
0.24910656
0.23034766
0.16558906
0.20249315
0.193083
0.1843768
0.22784824999999995
0.17733680999999998
0.2335039
0.19942791
0.15751020000000002
0.15263376
0.17997477
0.16521171999999998
0.23125932
0.15038280999999998
0.25430831
0.20033257
0.13588466
0.11448035
0.15497625
0.22588341
0.06353194999999999
0.17455584000000002
0.11891844
0.09011414
0.11218184
0.11363804
0.08292603999999999
0.15325280999999996
0.11528164
0.08648624
0.14852980000000002
0.12319315
0.11881995
0.24327071
0.18918201
0.20352005
0.15728273999999998
0.1822709
0.14940625000000002
0.15504669999999998
0.1605886
0.19402145
0.16143000000000002
0.17996241
0.25772055
0.15416375000000002
0.27285581000000003
0.22677266
0.20575434
0.13577460000000002
0.1883527
0.18656570000000006
0.2303822
0.15653215
0.17755084999999998
0.19069571
0.17104266
0.16956480999999998
0.15157756000000006
0.18494751
0.12066917
0.14790731
0.16633231
0.11838161000000005
0.12225099
0.17042683999999994
0.20853381
0.1467631
0.16385863999999994
0.15507744999999998
0.21555591
0.18964285000000008
0.2315645
0.1632412
0.13501670000000002
0.1855608
0.23226620000000003
0.1358312
0.2845915
0.2167103
0.11968730000000001
0.15804739999999998
0.20297338
0.21577851
0.15366976000000002
0.24193551
0.2615444
0.19129294
0.20637884
0.2074619
0.1968572100000001
0.15136473999999994
0.19980175
0.17350045
0.19416831
0.1732651
0.2272958
0.24910454
0.19033354
0.17796845
0.16753829999999995
0.19689485
0.2149254
0.1998219
0.19793384
0.2005804
0.14626804
0.14415820000000004
0.1067228
0.18857675
0.22585511
0.20019851
0.20620081
0.17157190999999994
0.13964891
0.18190186000000005
0.13661334999999994
0.14100094999999996
0.18052166
0.18239641
0.11987517
0.12290076
0.17223852
0.12278051
0.19654771
0.17613205999999998
0.18143821
0.21561522
0.17036737000000002
0.17958391
0.17496236999999998
0.30119522
0.20118366
0.14612715999999998
0.20511471
0.14057781
0.14629457
0.13613391
0.25088927
0.23623741
0.26935732
0.25539822
0.21704406000000004
0.30449012000000003
0.35523702
0.24833937
0.26959392
0.29017576999999994
0.22058357
0.26949122
0.22833261
0.27604427000000004
0.26576447000000003
0.2289181200000001
0.22930116
0.24417813
0.21002727
0.24130927
0.27795787000000005
0.20697271
0.2267793300000001
0.25667023
0.24500941000000004
0.25465626
0.26889227
0.23959222
0.19422651
0.20599702
0.16136772
0.16403307
0.19021007
0.12889267
0.16378847
0.13412386999999998
0.18650022
0.16886637
0.23451717
0.17215547
0.19376052000000005
0.15333587
0.12630627
0.2117063700000001
0.15949021000000002
0.22810797
0.23107217
0.17323335999999998
0.15968426000000002
0.16663786
0.19798532
0.22633116
0.20111442
0.15521527
0.14058045
0.17549647000000002
0.18448602000000008
0.21831992
0.20559546
0.16278146
0.22934047
0.23632717
0.24036937
0.31488227
0.23208311000000004
0.29962957
0.17117011000000004
0.19151506
0.27150011
0.23364267000000005
0.18675771
0.20690657
0.19924741
0.15558480999999996
0.18708117
0.22957622
0.22206512
0.23818313
0.20132351
0.21376397
0.29588312
0.14871101
0.23261251
0.20204811
0.12377139999999999
0.18050801
0.21320146
0.17220291
0.22166866
0.14261816000000002
0.17772496000000002
0.19220711
0.18843561
0.20896176
0.22637716
0.18721246
0.21283571
0.25583285
0.20014206
0.17193205
0.20735641
0.21297216
0.13339953999999998
0.1419871
0.15405666
0.19743852
0.21700577
0.19508697000000005
0.16656840999999994
0.21471661
0.23890537
0.16052635999999998
0.21755946
0.20838661000000008
0.15543556
0.13425265
0.09318785
0.20361522
0.10816701
0.15997790999999995
0.18493554
0.12899621
0.15210996
0.22811282
0.27054111
0.15193740999999994
0.14947886
0.19686231
0.20391861
0.16757206000000005
0.13808061000000002
0.14910865999999998
0.13053926
0.18719587
0.18887667
0.09880179999999998
0.17055301
0.12972356
0.18418551
0.09170044
0.12859086000000006
0.19383736
0.16990421
0.16631725999999994
0.15785081
0.19936461
0.06925184000000001
0.14555706000000002
0.17244457
0.09693939999999998
0.11754521
0.12234661
0.15366734
0.20955841
0.15377551
0.14111811
0.18414547
0.20505951
0.17185181
0.16761671
0.0893618
0.08473656
0.10400501000000002
0.16525521
0.1464009
0.13843445
0.19351586
0.19662527
0.15256816
0.16205216000000006
0.10324909
0.16254364
0.14284389
0.08483384
0.15485939
0.08250254
0.17641894
0.22761666
0.15807669000000002
0.13680819
0.25018724
0.28455014
0.19790994
0.11569675
0.22891109999999998
0.25538374
0.22591904
0.23749719
0.2748508
0.22207869
0.27406585
0.22433409
0.20886809
0.21167579
0.29414359999999995
0.2316115
0.310555
0.24660969
0.2882937
0.21915424
0.277018
0.27500824
0.24499139
0.26228554
0.23314198
0.28537440000000003
0.24692574
0.298377
0.22427599
0.23458078
0.24463088
0.24680445
0.27433219
0.29875499
0.3409548
0.25830809
0.11707134
0.20510259
0.26452658
0.25553854
0.23245538
0.25666314
0.27009389
0.22932728
0.29410514
0.22897018
0.27141194
0.26157654
0.3198888
0.22849358
0.22696428
0.45662533
0.44483303
0.35010223999999995
0.27887424
0.24447784
0.2618565
0.31976669
0.22827078
0.24113814
0.22178453
0.2300217300000001
0.22649198
0.27729104
0.30497144
0.23664194
0.28537329
0.24199918
0.24317518
0.30140514
0.31132149
0.31086504
0.26342434000000003
0.23424578
0.22132178
0.30063174
0.21931174
0.29135614
0.27100744
0.25281594
0.25710279999999996
0.21408199
0.2392887900000001
0.24775274000000005
0.17850239999999998
0.3339172
0.21983794
0.19558454
0.23285468
0.28721368
0.24189258
0.2670793
0.26205414000000005
0.25283474
0.25454984
0.28541624
0.21796063
0.24078859
0.24051024
0.24365564
0.24135699
0.22867925
0.26637444
0.28374754
0.2759853
0.27356204
0.23339198
0.21333608
0.21788589000000005
0.28715670000000004
0.33415290000000003
0.32735914
0.33934288999999995
0.3170387
0.37074449
0.27667014
0.25114474
0.23537124
0.24361749
0.2812964000000001
0.26956398000000004
0.24312889999999998
0.21301798
0.21702338
0.23284394000000005
0.25732784
0.29346099000000003
0.24065499
0.24383779
0.26266348
0.24168174
0.3172311
0.11068079
0.14669884
0.15428634
0.23432304
0.33170559
0.28009769
0.25247874
0.24632189
0.25325369000000003
0.3154077
0.29357364
0.24632254
0.24591294
0.24539434
0.30555944
0.22812984
0.27509168
0.27088228000000003
0.23542348
0.23051069
0.35477258999999994
0.36502129
0.36711029
0.36535654
0.40641544
0.33716604
0.33045484
0.31250144
0.37892864
0.3722233400000001
0.36957224
0.4206506999999999
0.40876589
0.36598939
0.36366744
0.34236559
0.36142384
0.35807074
0.36083214
0.36950984
0.37652254
0.40062444
0.32834404
0.4021829500000001
0.4122540899999999
0.3751345
0.39194379
0.43302684
0.26561255
0.32868229
0.31555874
0.3211684
0.27314194
0.27988494
0.36055659
0.33556714
0.38523314
0.37103149
0.30996044
0.3397499900000001
0.3740533899999999
0.33131174
0.28291944
0.36154594
0.28709644
0.32928924
0.3344204900000001
0.34769424
0.29066974
0.31711819
0.34128859
0.31771889000000003
0.3578139
0.30599760000000004
0.44024465
0.3423447499999999
0.27491734
0.2362124300000001
0.25438889
0.28719069
0.29672934
0.29185109000000004
0.19679188000000009
0.34853945000000003
0.22261609
0.31608179999999997
0.24511770000000005
0.29860514000000005
0.26633019
0.25793184
0.27093719
0.28298909999999994
0.26015588
0.30531114000000004
0.30354980000000004
0.32456014999999994
0.2522629100000001
0.26232139000000004
0.3333255
0.32494959999999995
0.28687109
0.31542929999999997
0.23278793
0.22686268
0.21724834
0.28601924
0.35390544
0.31285519999999994
0.3234042
0.26222453999999995
0.31967021
0.30225081
0.28880479
0.27729184999999995
0.35425911000000004
0.2780399
0.24431319
0.21421449
0.29417134999999994
0.33120381
0.25683719
0.24691054
0.23704869
0.28103255000000005
0.25965633999999993
0.2837963
0.23398839
0.25733494
0.23805239
0.26583294
0.23519138
0.20815749
0.3059342
0.29888620999999993
0.2774322
0.25530214
0.29754214999999995
0.34159474
0.32279054
0.3154938
0.36007843999999994
0.33993225000000005
0.31734014
0.29988135
0.21741081
0.2762489
0.26709140000000003
0.2897263
0.3849449500000001
0.37802605
0.33151665
0.33992201000000005
0.40406665
0.2887421
0.23332418
0.25035349
0.28541149
0.33349025000000004
0.24489929
0.32262621
0.34028694
0.35050735
0.37413711
0.29417544
0.30473985000000003
0.37137774
0.34330637
0.26743531000000004
0.33211685
0.29352614
0.3096988
0.37068585
0.31812254
0.31801064
0.27332884
0.28280774000000003
0.2519426
0.32642721
0.3400064500000001
0.34737775000000004
0.34964551000000005
0.25793845
0.22025129999999998
0.28515253999999995
0.34208525
0.30996599999999996
0.30956264
0.28602125
0.29738334
0.32141765
0.30792235
0.2949752
0.17557046
0.25256660000000003
0.2656849
0.2732998
0.27563534
0.27583565000000004
0.25104836
0.28810880999999994
0.32883770999999995
0.3298765
0.21141165
0.22595841
0.25236095
0.2368482
0.2613905
0.1961429
0.44957474
0.44044904
0.46275373
0.40499834
0.26767318999999995
0.2312659900000001
0.28398334
0.24116369
0.2415043
0.22064192
0.27870363
0.23849434
0.21954559
0.24011294
0.28040905
0.25117385
0.34209165
0.3347423
0.31468449000000004
0.30850500000000003
0.36013236000000004
0.34165771
0.31434619
0.28277954
0.33882739999999995
0.29674905
0.34243138999999995
0.29654975
0.2249226
0.28231290000000003
0.26590244
0.27633865
0.27635307
0.44955051
0.46968481
0.4652297
0.4696136400000001
0.21975245
0.45507364
0.4273291
0.4682196
0.47344235
0.44195551
0.47838301
0.39361171
0.48045361
0.47931311
0.47940166
0.47942211
0.47887677
0.47917461
0.4782777600000001
0.48122431
0.4800099599999999
0.41411731
0.47822911
0.4784752600000001
0.47849031
0.47936271
0.47985651
0.41196261
0.45931201
0.47146595
0.46829046
0.47176725
0.47771271
0.47053935
0.45997785
0.46917424
0.44584494
0.469874
0.47002325
0.46895184
0.47041075
0.46379295
0.47073521
0.47573565
0.4659322
0.4684126
0.47591571
0.39051682
0.43957997
0.47076056
0.4815467600000001
0.4559021600000001
0.44215041
0.48143641
0.4824415600000001
0.48243491
0.48263211
0.48094031
0.48193676
0.48097166
0.48229051
0.48245135
0.48029901
0.48255370000000003
0.45800561
0.3828351
0.4730647
0.47697159
0.4799643
0.47799229
0.4786835900000001
0.47527014
0.45598904
0.47808079
0.4073458
0.47654378
0.47362464
0.45252649
0.47740969
0.4713941900000001
0.47675084
0.47861855
0.48054254
0.4747997900000001
0.47764735
0.47763154
0.4800920999999999
0.47509714
0.47541579
0.47601034
0.4779918
0.47928945
0.40951407
0.4411380999999999
0.47026945
0.36453616
0.41823671
0.40029857
0.38500209
0.38032465
0.41086559
0.3837183900000001
0.38773587
0.42614849
0.46325602
0.41123524
0.47676271
0.47860035
0.48009725
0.48051595
0.43404906
0.4392592599999999
0.4360540199999999
0.45459646
0.4548217100000001
0.41608876
0.4504920100000001
0.47221906
0.41889627
0.44787457
0.43117567
0.38553412
0.36832763
0.43139177
0.39754647
0.41761712
0.41608402
0.4158153700000001
0.44964072
0.45910017
0.45786582
0.45246821
0.40493727
0.41745136
0.39679827
0.44063547
0.39791892
0.40928227
0.40525499
0.36946677
0.36667097
0.40197187
0.37078292
0.38136357
0.33930762000000003
0.36594417
0.36235727
0.3047032
0.15345762999999998
0.23633999
0.16778596999999998
0.08356741
0.07624852
0.18471194
0.17886639
0.24806399
0.16772589
0.21487903
0.15813573
0.19529046
0.27706454
0.38603738
0.27975689000000004
0.4356724
0.39281715
0.35549441000000004
0.3745869
0.33503194
0.34531394000000004
0.3762858399999999
0.35663198
0.37164505
0.42318490000000003
0.33442955
0.32586795
0.28786365
0.38359255
0.36597585
0.3263025
0.34626581
0.3344684400000001
0.3676682
0.31901649000000004
0.35571649999999994
0.3641417
0.36677654
0.38488014
0.33955333000000004
0.34860968
0.37870328
0.27941544999999995
0.31185429000000003
0.23453744
0.24552191000000004
0.28391204
0.25566828
0.29251534
0.35388514000000004
0.4101438800000001
0.398843
0.37687899
0.34538414
0.37154884
0.35255984
0.3988757900000001
0.3471224399999999
0.39134044
0.3680682999999999
0.42809248
0.45552714
0.44615769
0.38607119
0.3835687999999999
0.40888365
0.34121922000000005
0.3147313600000001
0.34026898
0.32452449
0.3647355800000001
0.33378418000000004
0.28020791
0.3033458
0.32415654
0.33624739
0.32138844
0.29953154000000004
0.3475269000000001
0.30485309
0.28326394
0.4029944100000001
0.3663305
0.34864244
0.37786575
0.34054425
0.3495144
0.28916439000000005
0.30723774000000004
0.37317449999999996
0.26058341
0.38353545
0.34884545
0.3336706
0.37432045
0.31069159
0.31641279
0.28068224
0.42212416
0.38463239
0.42590249
0.31944034000000004
0.33436283999999994
0.27561514
0.31492064
0.3341916
0.32278784
0.30584814
0.41491814
0.4019919000000001
0.3402467
0.3872920699999999
0.3429943100000001
0.4148949100000001
0.35801461
0.38638481
0.39730677
0.38729746
0.43020646
0.36035111
0.3894224200000001
0.40825459999999997
0.31370034
0.3455219
0.31181820000000005
0.42296975
0.3826396
0.3541144
0.31671941000000003
0.40115941
0.40647227
0.35245647
0.39506431
0.37202529999999995
0.41448919
0.4452462
0.43517071
0.42429427
0.3871191300000001
0.25252618
0.27535341
0.3918266600000001
0.39822621
0.42294495
0.3702946
0.39959041
0.40703551
0.2310249600000001
0.32877497
0.27617102000000004
0.25147512
0.30536802
0.36314798
0.35518392
0.29938325000000005
0.23429216000000005
0.1913531
0.35590245
0.36436586
0.34565095
0.37672765
0.30696875
0.29494159000000003
0.31767379
0.29767259
0.30464589
0.31740363999999993
0.32203644
0.35839828999999995
0.36910744
0.34133213999999995
0.286316
0.27262159
0.35627884
0.25895659
0.3705299600000001
0.31759579
0.34426311000000004
0.29599999
0.35776111
0.35111331
0.36146786
0.35699175000000005
0.36340612
0.39380276
0.3856833700000001
0.27208542
0.38969222
0.3919899100000001
0.33580341
0.33602685
0.32142405
0.30015691000000005
0.33466536
0.28941524
0.30976024
0.31111908
0.29768058000000003
0.31874309
0.33176354
0.22891345
0.23119808
0.2918618
0.4236645499999999
0.34468045
0.38866196
0.3764494
0.37434415
0.31048044
0.3035414
0.2791303
0.31843773
0.32375888
0.35423403000000003
0.3430626800000001
0.30126783
0.28991223
0.28668743
0.30379898
0.31223644
0.30854352999999995
0.33945978
0.36107564
0.36044189
0.31059864000000004
0.33854644
0.40732384
0.36834874
0.36731109
0.39362224
0.42648039
0.35178269
0.32757274000000003
0.37060548
0.20581339
0.34865274
0.33931167999999995
0.33454344
0.30129378
0.28897328
0.23500294
0.35830119
0.38437549
0.29511133
0.28775528
0.28923038
0.31236772999999995
0.36619194
0.34407748
0.35563819
0.30088637999999995
0.34986974
0.32047393
0.31769403
0.29962319
0.32509054
0.31991588
0.27629819
0.34908534
0.28860749
0.20563404
0.33450511
0.24729348
0.33803524
0.3092101800000001
0.31776258
0.32296924
0.39204939
0.35293954
0.33917869
0.35720704
0.32884674
0.32317768
0.36124224
0.34219009
0.30513253
0.32874044
0.29676998
0.31823564000000004
0.31613734
0.33145278
0.32612644
0.18881343999999994
0.25806414
0.32572368
0.30170364
0.3728649900000001
0.32995564000000005
0.35812669
0.35352879000000004
0.36647874
0.35764538
0.3447228900000001
0.3767913
0.38759289
0.37013004
0.35573574
0.36328354
0.38811978
0.36452869
0.36660644
0.33303829
0.35194044
0.3300911500000001
0.32092399
0.34109768999999995
0.32795128999999995
0.35079879
0.36273904
0.34031994
0.34927874
0.30012559
0.34034047999999995
0.34428768
0.34135684
0.35948454
0.33379973
0.33703088000000003
0.39564799
0.32852708
0.35059039
0.39230819
0.37599773
0.36096204
0.39404604
0.33963594
0.40402424
0.36799829
0.34570818
0.34046538000000004
0.20583474
0.24155449
0.18912284
0.10597964
0.22507992
0.35476014
0.43780419
0.41355894
0.4238297900000001
0.43657984
0.42498409
0.35001754
0.37740759
0.35909984
0.3651928400000001
0.33685229
0.36324439
0.34161208
0.34541609
0.3765232399999999
0.38714664
0.32676324
0.36285554
0.26788634
0.29893474000000003
0.30917773000000004
0.29500844000000004
0.33414588
0.39045528
0.36458989
0.40150054
0.39845489
0.37751744
0.3576577300000001
0.25479273
0.26326678
0.30463928
0.29078428
0.29296823
0.24384537999999994
0.29069058
0.34157108
0.34492874
0.16052664
0.36705424
0.35469849
0.3267382900000001
0.32552494
0.22943670000000002
0.32321304
0.37600749
0.32969684
0.33420944
0.31218629000000003
0.3523355
0.3639251000000001
0.29330919
0.27282680000000004
0.24298874
0.31572461
0.32519079
0.30433404000000003
0.23877741
0.3023501
0.31549064
0.24574504000000005
0.28835589
0.27030544
0.39311559
0.43047068
0.3902931
0.43853918
0.4170609400000001
0.37636531
0.23937827
0.2210474
0.29854044
0.32027004000000003
0.33247154
0.25065843
0.24926458
0.27132918999999994
0.23111848
0.26023968000000003
0.26288083
0.27690304
0.24413814
0.26323304
0.26652264
0.25236335
0.31274485
0.25453469
0.29945374
0.29205674
0.29020669
0.29704734
0.16885535000000002
0.22246505
0.15738968999999994
0.22301885
0.11239888
0.13242244
0.11090331
0.11715037
0.136579
0.12413279
0.1562341
0.10547218
0.10364131
0.09860151
0.10361396
0.13905471
0.10858595
0.15319984
0.11467486
0.13846868
0.30354813
0.4170471
0.47412972
0.4579610200000001
0.11549061
0.35848141
0.35447962
0.40479606
0.43010351
0.4553795400000001
0.47640899
0.43326973
0.47161983
0.46823629
0.43171728
0.44613718
0.43784674
0.40010594
0.46798583
0.45894899
0.45451429
0.47263993
0.45764859
0.43187399
0.4111427
0.47043674
0.44563425
0.46443724
0.38727185
0.47066424
0.47192714
0.47227599
0.47129499
0.45346385
0.4249925
0.41096985
0.47241688
0.47266233
0.46910533
0.47028927
0.47077563
0.47288185
0.47255337
0.4701559400000001
0.47040339
0.43283164
0.39871939
0.46800929
0.47224754
0.4754821
0.46152004
0.44883904
0.47340364
0.46815554
0.46514418
0.46954324
0.47049129
0.46952479
0.47417172
0.46581379
0.47073269
0.47206488
0.46210019
0.46694049
0.45305115
0.46840289
0.4516957899999999
0.4752854
0.47823509999999997
0.45515594
0.34482783
0.44917674
0.4671335999999999
0.4759165999999999
0.41823451
0.45841565
0.39121836
0.40154251
0.4036086
0.4519736
0.4475436
0.3907814199999999
0.45872959999999996
0.47592874
0.46859974
0.46249478
0.4604136
0.45659479
0.47443479
0.4778896899999999
0.45652656
0.46575351
0.46264251
0.45548855
0.47068241
0.46710833
0.45475046
0.43443546
0.4324755599999999
0.4605816
0.4397236
0.47385869
0.45321274
0.4378866
0.44105564
0.45451465
0.47471959999999996
0.4732526500000001
0.4751756499999999
0.45654541
0.43446432
0.41387759999999996
0.45965546
0.46949551
0.47285386
0.45906941
0.47483465
0.47335976
0.4685242999999999
0.46035876
0.47809725
0.47395736
0.47686074
0.44353291
0.4596642
0.4595713
0.45742970000000005
0.4719072999999999
0.4612842
0.4553734
0.45287858
0.45596022
0.43738402
0.4286221299999999
0.46979507
0.46186792
0.4617973
0.45851507
0.47213962
0.47291526
0.47070635
0.46826241
0.4612467000000001
0.45072705
0.38784916
0.47399685
0.45001355
0.4578645000000001
0.39987822
0.4688076000000001
0.46745259
0.4627137
0.4515491500000001
0.45854806
0.45301415
0.46607616
0.46038370000000006
0.4667074000000001
0.4752887000000001
0.4543517600000001
0.47416635
0.47291446
0.47562944
0.46809297
0.4046353
0.24982737
0.2872936
0.29425315
0.27572745
0.2418905
0.32513499999999995
0.1749312
0.21489988
0.25292976
0.33626155
0.38626895
0.32706919
0.32551677
0.29904223
0.28757043
0.31051444
0.3146000300000001
0.29621049
0.29705058
0.28243593
0.33123224
0.31208284000000003
0.30113905
0.35805915000000005
0.35387535
0.34505069
0.31723978
0.31929283
0.30546135
0.33987698
0.32967394
0.3190820300000001
0.31540468000000005
0.36552229
0.30092829000000004
0.38291763
0.38328733
0.35372309
0.38944904
0.35483583
0.34428778000000004
0.3205853100000001
0.34220391
0.2914982600000001
0.31862472000000003
0.27275472
0.3817532400000001
0.23315337
0.2537207200000001
0.24130371
0.3716697
0.38378287
0.34763702
0.37477415
0.38190231
0.30427892
0.34967359
0.34734902999999995
0.25060648
0.39342935
0.38220611
0.28832457999999994
0.23656473
0.33189164000000004
0.3922115900000001
0.29841951199999994
0.314670622
0.30485217200000003
0.31264822200000003
0.323280862
0.247272902
0.261923952
0.291968962
0.252910212
0.295831312
0.29341222199999994
0.236944022
0.265055212
0.35410026200000005
0.365314216
0.375283086
0.472037126
0.435562176
0.474867216
0.464954262
0.29567926199999994
0.280155262
0.4512491759999999
0.422357262
0.3430523620000001
0.301397402
0.265166312
0.294181232
0.292954822
0.342373662
0.340528912
0.381002312
0.424666362
0.417582312
0.32836336200000005
0.329879362
0.303931362
0.290144362
0.299362112
0.296703162
0.28492426200000004
0.303741362
0.32949861199999997
0.290916112
0.290168362
0.32165826200000003
0.2753054520000001
0.275009112
0.313695312
0.32003926200000005
0.296893362
0.290207262
0.3275423120000001
0.364366222
0.294703312
0.314101662
0.299958262
0.33849322200000004
0.35277122199999994
0.325374222
0.3570092220000001
0.316134222
0.253039086
0.274718172
0.321634312
0.323984172
0.35682817199999994
0.28679031200000005
0.3278042620000001
0.374214986
0.31172298600000004
0.32298908200000004
0.387724086
0.31604108200000003
0.382582086
0.474353036
0.432176036
0.43915803600000003
0.450162086
0.434795036
0.431428036
0.477015036
0.477386176
0.4785930259999999
0.477574176
0.47869341600000004
0.4552272159999999
0.436495176
0.476752176
0.418637176
0.469668176
0.416993086
0.399114176
0.167065036
0.16820608599999998
0.203112036
0.214344132
0.224881086
0.213138222
0.209030086
0.253836086
0.151816132
0.2300379860000001
0.250656986
0.237491896
0.20601089600000003
0.259153756
0.21221884600000002
0.26697898600000003
0.469894986
0.47461694600000004
0.473706946
0.475056036
0.460852086
0.4648329390000001
0.464362989
0.463392039
0.467918586
0.46940123899999997
0.468326439
0.471565626
0.455367099
0.352103799
0.476775899
0.4497220260000001
0.45879473600000004
0.463853726
0.461947286
0.450385126
0.137619822
0.148412516
0.186379322
0.133942962
0.15719486200000002
0.094936712
0.127125022
0.15363096199999998
0.13309711200000002
0.261822176
0.18297071199999998
0.219777816
0.17776226599999995
0.219241366
0.35543482600000004
0.152772262
0.14940922199999998
0.16580122599999994
0.082200122
0.113557812
0.119055722
0.114590762
0.277669486
0.182011012
0.183185062
0.092046592
0.115815562
0.241148076
0.252523086
0.259601886
0.262618236
0.206945186
0.119354042
0.08502026199999999
0.140229086
0.15273794599999999
0.134157432
0.174158972
0.110498086
0.140568476
0.15545822599999998
0.109878462
0.12434572199999999
0.146526922
0.145942512
0.11637681200000002
0.16809872599999998
0.12299371199999999
0.128774712
0.141703216
0.15571401599999998
0.191516066
0.248985812
0.10712688
0.1845822
0.22344501
0.17197071000000005
0.16773781
0.14277099999999998
0.14219144
0.19662626
0.15622433999999996
0.12515594000000002
0.17143604
0.1409895
0.15464184
0.27207941
0.30657765000000003
0.18144747
0.16422861
0.16471884
0.15793859000000002
0.18848744
0.13718139999999998
0.14544569999999998
0.1472318
0.20748596
0.21816936
0.23498127
0.19335636
0.23079936000000004
0.20578836
0.23688536
0.22245731
0.21984831
0.21631045
0.22624036
0.26341336000000004
0.19979441
0.23562041
0.27556927
0.19193336
0.16652645
0.19238845
0.17901744999999994
0.19926941
0.11555054
0.14222031
0.26290431000000003
0.31813927
0.29624117
0.25761217000000003
0.29196213000000004
0.28671313
0.26598817
0.18322231
0.46653222
0.42658231
0.46483422
0.37005427
0.22922404
0.19583127
0.14300227
0.23354922
0.31410517
0.30205117000000004
0.30343013
0.29759922
0.46058204
0.35567799
0.4527689899999999
0.36175194
0.35996594
0.31933690000000003
0.33711698999999995
0.23420917
0.21091099
0.24547508
0.14769231
0.23917022
0.22759927
0.19944927
0.09456717
0.09680617
0.09523322
0.19067627
0.21853899
0.20705694
0.2055769
0.18581404
0.20923694
0.16142121999999998
0.16234913
0.15119617
0.15501326999999998
0.20226494
0.3735139000000001
0.35798794
0.25697194
0.24096213
0.21096208
0.24046199
0.17235022
0.18450799
0.26755490000000004
0.07816536
0.17590687
0.23124431000000004
0.27141002000000003
0.23226351
0.23644801
0.25011737
0.25718117
0.25561361
0.23802486
0.22181891000000006
0.21679081
0.22061756
0.20329825
0.28901401
0.19892621
0.1815934
0.39100894
0.3885018
0.381061
0.23914881
0.19908956000000005
0.24794776
0.2385721100000001
0.22238026
0.2016060600000001
0.21964701
0.22416426
0.26109096
0.2366764100000001
0.23772071
0.24950041
0.24274241
0.23613156
0.25497181
0.19999426
0.19656091
0.22989067
0.21199481000000006
0.22562261
0.26458261
0.26194611
0.20515695
0.20908906
0.27444771
0.27950245
0.22894331
0.25457261
0.24436866
0.23822811
0.22478151
0.18458965
0.14673640000000002
0.14373670000000002
0.21112466
0.25707077
0.30985452
0.32730003
0.14129647
0.34172684
0.26515912
0.26360867
0.24159357
0.26169217
0.22757876
0.24366167
0.22961132
0.23073307
0.22282392
0.23880752
0.34863782
0.22382201
0.09008425
0.1282417
0.19455150000000002
0.20211674
0.2047703
0.21664205
0.2276602000000001
0.1990652
0.13815870000000002
0.14928673999999995
0.14212629999999998
0.15945995000000002
0.1505489
0.15342791
0.14540099999999995
0.14678110000000005
0.1404717
0.15500215
0.13423555
0.19158281
0.13305574
0.15731294
0.1371159
0.18321535000000005
0.1953234
0.1837047
0.19363865
0.19370301
0.2724957
0.24951665
0.26419259
0.20613284
0.1336205
0.14890385
0.14683515000000005
0.14903784000000006
0.19891291
0.19363036000000008
0.20247255
0.19765301
0.199207
0.27408385
0.2700887
0.23860334
0.23804544
0.25169965
0.27054325
0.26754431
0.23125815
0.19899901
0.17459461
0.13935284
0.141904
0.24609766
0.28886666
0.17367275
0.13809104
0.17765965
0.159972
0.20983085
0.18938354
0.19982455
0.18790475
0.20112241
0.24771065
0.27259395
0.26637285
0.2633939
0.25280854
0.26396835
0.28319110000000003
0.26741304
0.27730715
0.28425745
0.26542509999999997
0.2328241
0.18190479999999998
0.15829111
0.20160971
0.22099435
0.20131825
0.22499771
0.23247471
0.1691511
0.14696621
0.17951461
0.14323007
0.18579133
0.19189732
0.21121432
0.20458713
0.18233733
0.17521557
0.18202404
0.20664723
0.18287093
0.33580844
0.28102824
0.35952904
0.32314174
0.12037151
0.18388657
0.17208711000000002
0.17220896000000002
0.19192381
0.21733461
0.19599575
0.20395836
0.19184931
0.20066386
0.25868136
0.21866631
0.23238207
0.21767041
0.19813577
0.28570096999999994
0.25469526
0.25862611
0.22576206
0.28357217
0.25515361000000003
0.30102762
0.25332057
0.27295127
0.25735977
0.31839857
0.18880342
0.20137507
0.17965432
0.20384442
0.3692348700000001
0.21503707
0.20506971
0.17737136999999994
0.19907020000000003
0.15529755
0.1838526000000001
0.24748579999999998
0.1875181
0.24576961
0.25299341
0.22141591
0.22049801
0.22107056000000005
0.20631815
0.22408926
0.2064929
0.21049645
0.20438155
0.22070046
0.19895686
0.29184697000000004
0.26187066
0.29976806
0.24844249
0.24336317
0.14589536999999994
0.18523503
0.28656247
0.29651001
0.27115791
0.24975231
0.28156517
0.25915941
0.23951797
0.28486961
0.25199531
0.29829422
0.29886081
0.30482111999999995
0.26312336000000003
0.25927442
0.23568737
0.23371621
0.22110941
0.26519146
0.24281345
0.28308236
0.2353049
0.26320135
0.23449815
0.24936451
0.24670741
0.24429721
0.16242936
0.19279875
0.2038946
0.20309811
0.25440591
0.26947545
0.2577011
0.29008365
0.26297366
0.26686851
0.27420981
0.26924561
0.24666954
0.25691725
0.26870815
0.32411161
0.23796895
0.2460567
0.27995705000000004
0.29829791
0.24365415
0.26488487
0.16789547000000002
0.25006656
0.12041525
0.18017026000000005
0.21859191000000008
0.27218431000000004
0.17638805
0.2394387
0.22896925
0.19514505
0.1722979
0.21829121000000004
0.24139966
0.12378675
0.16902924
0.12935911
0.28518679
0.24306114
0.29125794000000005
0.30127390000000004
0.29235351
0.39281026
0.29333446
0.20034724
0.19695919
0.23238644
0.23689269
0.271645
0.25560454
0.20866444
0.2194448
0.22988975
0.23596199999999998
0.22401625
0.19980409
0.2111214
0.20835560000000009
0.21655674
0.21191144
0.2208014
0.27845784
0.30795694
0.29489225
0.30126911
0.30346271
0.30986535
0.2557768
0.27714601
0.26738304
0.27928559000000003
0.28201184
0.29570059
0.29436874
0.29821934
0.22509509
0.2405869
0.21990964
0.25967835
0.20571824
0.2259034
0.2166338
0.22785314
0.20879254
0.16081284
0.15440445000000005
0.18242896
0.05618426
0.07117441000000001
0.15873407
0.25107921
0.25312911
0.24680357
0.25375636
0.28386521
0.19471655
0.16649281
0.056293
0.21195619
0.15266754
0.16629965
0.22472879
0.17001098999999995
0.16488578999999998
0.19403659
0.2160514
0.15680179
0.14649419000000002
0.17962984999999998
0.15423289
0.1516269
0.17053825
0.1488411
0.14778804
0.09338591
0.18151224
0.06131689
0.15430764000000002
0.15733634
0.14771060000000005
0.21846654
0.21873439000000008
0.2346745
0.24080079999999998
0.23688165
0.27754541000000005
0.21485534
0.20787034
0.15818034
0.18188945
0.21881345
0.22381030000000002
0.21685154
0.22253
0.21078325
0.2137904
0.22136071
0.24372401
0.22462604
0.20496549
0.24348814
0.21481854
0.18661355
0.15185374
0.16623945
0.17788800000000002
0.2404198
0.16031774
0.16802550000000002
0.17143599999999998
0.08617069999999999
0.05969875
0.06525600000000001
0.14764559
0.16633824000000005
0.16368084
0.18259895
0.20226381
0.24217566
0.07854380999999999
0.19642106
0.054170740000000016
0.18737271
0.18895051
0.23743171
0.04644171
0.16837154999999998
0.17042459999999998
0.2245776
0.2058715
0.21945074
0.21124629
0.21661814
0.21432420000000002
0.23071111
0.2169511
0.29442745
0.10697249999999997
0.12084341
0.13298905
0.13211450000000002
0.20565814
0.17634449000000002
0.06439555
0.10802875
0.07189389
0.16995314
0.1544114
0.16766985
0.19114835
0.2276729
0.16384520000000002
0.21043934000000009
0.2373806
0.18354714
0.17033900000000002
0.19103771
0.1825514
0.21390225
0.2067055
0.13230466000000002
0.10280881
0.20644971
0.11724885
0.18862554
0.18576724
0.20564971
0.2088218
0.21883845
0.09835016
0.12440442
0.09601321
0.08796774999999997
0.21271051
0.1657981
0.16916031
0.18008206
0.17329371
0.18204881
0.27006041000000003
0.158355
0.168476
0.20046285
0.16099817
0.17363516999999998
0.16787144999999998
0.28563741
0.26413245
0.14128464000000002
0.19647754
0.09874354
0.20751254
0.22901649999999998
0.24692754
0.2477355400000001
0.23955359
0.21672045
0.15621844999999998
0.22876041
0.21682554
0.2208005
0.20100654
0.20662654
0.12609854
0.22699450000000002
0.18605954
0.2514545
0.2569445
0.23240950000000005
0.13010254
0.14599949999999998
0.21859759
0.11512359
0.11789650000000006
0.43246004
0.37690622
0.35719927
0.37258427
0.34376227000000004
0.33752527
0.32685427
0.31313227
0.31511431
0.35045327
0.29075545
0.14500154
0.20759659
0.23719459000000004
0.22764254
0.22059924000000009
0.1573207
0.25941545
0.27024014
0.24202644
0.16493700000000006
0.15359354
0.26479509999999995
0.27065349
0.27054284
0.25950664
0.27832704
0.26119763999999995
0.2812808400000001
0.26585239
0.25723524
0.27848914
0.28780009999999995
0.29346631
0.34915791
0.34470466
0.34307771
0.24958139999999998
0.21868264
0.1253569
0.14120149999999998
0.23832825
0.31017546
0.2621509
0.25363774
0.2185258
0.11689069999999999
0.1140903
0.20531789
0.23336754
0.2208905
0.20922354000000004
0.26054154
0.11124759
0.23353954
0.23137654
0.22497845
0.2680875
0.12682404
0.14286504000000005
0.13976460000000002
0.13763940000000002
0.15739550000000002
0.24389854
0.13961845
0.25036845
0.24878841
0.1206945
0.23781015
0.22122331
0.23282445
0.22710345
0.23050941
0.1447325
0.38634459
0.28946159
0.23597354
0.17903745
0.30789641
0.28306445
0.3837885
0.37524145
0.4272064999999999
0.31682745
0.27254141
0.30586545
0.25829345
0.16212649999999998
0.2563835
0.2430165
0.14361353999999998
0.21602159
0.13360454
0.23567354
0.22691854
0.22753554
0.11152449999999997
0.22336654
0.22652959
0.21164254
0.21318259
0.10015964
0.11857954
0.21568854
0.26770341000000003
0.22871041
0.25283541
0.23195245
0.23360345
0.24220145
0.15886459
0.06083059
0.17072054
0.05553259000000002
0.16885350000000002
0.18814854
0.09212554
0.20223054
0.19933354
0.2026345
0.0969915
0.19896454
0.20426854000000005
0.19211359
0.2599565
0.14750454000000002
0.24991649999999999
0.22855754
0.2620535
0.22188999
0.1037815
0.1864675
0.15916954
0.19077154
0.20459445
0.15916559
0.10308854
0.1438375
0.2191885
0.15293854
0.2686785
0.18107645
0.25224754
0.14800850000000002
0.2344315
0.24272924
0.25441650000000005
0.28210349999999995
0.14290441
0.25912145000000003
0.33761841000000004
0.26558341
0.30973641
0.27215136
0.28115941
0.29748841
0.3353663100000001
0.35730836000000005
0.28053836000000004
0.22028945
0.15838945
0.24090354000000005
0.25506254
0.1002915
0.20793845
0.25043236
0.14680036000000002
0.13916045
0.21634945
0.24584236
0.15017036
0.17170436
0.19344131
0.23492431
0.23535882
0.13259131
0.29210121999999994
0.22689931
0.2660212200000001
0.15230841
0.13395841
0.11836741
0.18724441000000008
0.20166656
0.19100821
0.13585071
0.24092056
0.2399784100000001
0.26290827
0.25509731
0.25769127000000003
0.30422017
0.31619413
0.31061913
0.27641522
0.30660617
0.29757617000000003
0.21838417
0.25211804
0.26499322000000003
0.29884217
0.26980831
0.25540727
0.27061631
0.25509422
0.27379426999999995
0.23113517
0.22828636
0.22924256
0.13034041000000002
0.20748036
0.10512341
0.20628945
0.07983899
0.1984515
0.15538354
0.17122364
0.10833359
0.19700241
0.11325654
0.10612064
0.14284959
0.10586968
0.25096259
0.12849644999999998
0.42214636
0.3686382700000001
0.25307931
0.1997485
0.13529354
0.19523054
0.21196959
0.17761754
0.14091253999999998
0.18973359
0.13035354
0.27815417
0.31719254
0.17194949999999998
0.24652141
0.31023136
0.3109464999999999
0.39387741
0.28825131000000004
0.3101565
0.17676959
0.27829859
0.26118059
0.18273254
0.25559431
0.28588141
0.27499941
0.19190441
0.28086031
0.32103230999999993
0.41385427
0.42736717
0.45523813
0.41674327
0.42729531
0.38976827
0.4713380800000001
0.4688380399999999
0.41702613
0.40439104
0.42481517
0.41622808
0.33341431
0.18422941
0.29120450000000003
0.26137541000000003
0.25090645
0.24331341
0.18145841
0.24819227
0.4166882699999999
0.40149022
0.42633741
0.37846731
0.4231944500000001
0.40643136
0.4358425
0.38805745
0.43224154
0.32023427
0.23444541
0.20262241
0.16024549999999999
0.22859941
0.39693922
0.33421217
0.44067717
0.22895722
0.22212431
0.07875049999999999
0.20143154
0.1715155
0.20262445
0.18247941
0.21412045
0.12277831
0.18764136
0.18485836000000005
0.10152649999999999
0.22389841
0.23774445
0.24163031
0.26575631
0.28002636000000003
0.30591127
0.29726831000000004
0.30557131000000004
0.30138922
0.3524412200000001
0.36290822
0.34172031
0.32826022
0.38091527
0.30846921999999993
0.3287511699999999
0.36137113
0.36153122
0.3530351300000001
0.31694236
0.25119931
0.21822531
0.1941035
0.23172227
0.17450754000000002
0.09567359
0.1685875
0.19410768
0.23631354
0.25976059
0.22648259
0.23638454
0.07458559000000001
0.06336259
0.20850854
0.17245824
0.18296654
0.19821254
0.18317259
0.18237754
0.17112164000000002
0.17196768
0.17980464
0.17488668000000002
0.17736964
0.17813059
0.16980264
0.17413464
0.18388554
0.16408654
0.15278854
0.1384965
0.15605259
0.1373932
0.17535359
